ClassName,Changes,TotalCommits,Insertions,Deletions
AbstractDifferenceDerivative,6,1885,35,72
BackwardDifferenceDerivative,6,1885,35,72
CenterDifferenceDerivative,6,1885,35,72
ForwardDifferenceDerivative,6,1885,35,72
DerivativeOperatorFactory,4,1887,30,20
DerivativeOperatorFactoryTest,5,1887,30,20
FunctionOperator,2,1887,13,3
UnivariateRealFunctionProxy,6,1885,35,72
UnivariateRealFunctionUtils,6,1885,35,72
UnivariateRealFunctionUtilsTest,6,1885,35,72
Compilable,6,1887,33,70
DefaultContext,7,1887,36,73
EvaluationContext,6,1887,33,70
EvaluationException,7,1887,35,70
Evaluation,6,1887,33,70
Add,6,1887,34,73
Divide,6,1887,34,73
Equals,6,1887,34,73
Multiply,6,1887,34,73
Power,6,1887,34,73
Sqrt,6,1887,34,73
Subtract,6,1887,34,73
Variable,6,1887,34,73
CholeskySolver,6,1884,34,71
CholeskySolverTest,6,1884,41,78
Decomposer,6,1887,31,21
DecompositionFactory,5,1887,30,20
Decomposition,5,1887,30,20
RealVector,4,1887,29,19
RecursiveLayoutRealMatrix,3,575,47,74
RecursiveLayoutRealMatrixTest,1,575,0,0
BeanListUnivariateImpl,4,1671,8,7
BeanListUnivariateImplTest,4,1671,16,15
BeanTransformer,5,1418,7,6
BeanTransformerTest,5,1418,7,6
AbstractStoreUnivariate,4,2098,231,483
BisectionSolver,26,1915,134,272
BrentSolver,33,1915,281,479
ConvergenceException,7,1915,0,97
CubicSplineFunction,14,1915,30,192
DifferentiableMultivariateRealFunction,2,539,0,51
DifferentiableMultivariateVectorialFunction,3,539,0,74
DifferentiableUnivariateMatrixFunction,2,539,0,35
DifferentiableUnivariateRealFunction,5,1785,11,44
DifferentiableUnivariateVectorialFunction,2,539,0,35
DividedDifferenceInterpolator,9,1323,141,260
LegendreGaussIntegrator,4,609,1,239
RombergIntegrator,7,621,40,151
SimpsonIntegrator,7,621,38,148
TrapezoidIntegrator,7,621,41,182
UnivariateRealIntegratorImpl,6,621,52,311
UnivariateRealIntegrator,5,621,24,180
DividedDifferenceInterpolator,3,621,3,132
LoessInterpolator,3,302,4,388
NevilleInterpolator,3,621,4,61
SplineInterpolator,4,621,9,131
UnivariateRealInterpolator,2,621,0,39
LaguerreSolver,9,1323,429,748
BrentMinimizer,3,618,3,207
UnivariateRealMinimizerImpl,4,618,2,136
UnivariateRealMinimizer,3,618,0,118
MullerSolver,9,1323,372,649
MultivariateMatrixFunction,3,539,1,42
MultivariateRealFunction,3,539,1,42
MultivariateVectorialFunction,3,539,1,42
NevilleInterpolator,6,1323,62,115
NewtonSolver,14,1767,148,240
PolynomialFunction,17,1908,191,384
PolynomialFunctionLagrangeForm,8,1323,321,611
PolynomialFunctionNewtonForm,7,1323,230,444
PolynomialSplineFunction,18,1787,140,318
PolynomialFunction,8,621,205,373
PolynomialFunctionLagrangeForm,5,621,9,315
PolynomialFunctionNewtonForm,4,621,7,227
PolynomialSplineFunction,4,621,10,238
PolynomialsUtils,3,588,46,326
QuinticFunction,4,1915,0,88
RiddersSolver,7,1323,205,363
RombergIntegrator,8,1326,123,231
RootFinding,7,1915,0,128
SecantSolver,25,1915,151,314
SimpsonIntegrator,8,1326,122,229
SinFunction,4,1915,0,93
BisectionSolver,5,621,5,117
BrentSolver,4,621,8,321
LaguerreSolver,8,621,13,384
MullerSolver,6,621,6,355
NewtonSolver,6,621,6,146
RiddersSolver,5,621,5,195
SecantSolver,5,621,7,195
UnivariateRealSolverFactoryImpl,4,621,6,65
UnivariateRealSolverFactory,3,621,1,91
UnivariateRealSolverImpl,9,621,76,479
UnivariateRealSolver,7,621,19,281
UnivariateRealSolverUtils,7,621,31,270
SplineInterpolator,24,1915,154,318
TrapezoidIntegrator,8,1326,154,292
UnivariateFunction,5,1915,0,66
UnivariateMatrixFunction,3,539,1,39
UnivariateRealFunction,19,1915,39,139
UnivariateRealIntegratorImpl,6,1326,265,519
UnivariateRealIntegrator,6,1326,170,324
UnivariateRealInterpolator,14,1915,30,105
UnivariateRealSolverFactoryImpl,18,1915,71,189
UnivariateRealSolverFactory,24,1915,85,212
UnivariateRealSolverImpl,22,1915,201,482
UnivariateRealSolver,20,1915,156,382
UnivariateRealSolverUtil,5,1915,0,110
UnivariateRealSolverUtils,17,1915,210,386
UnivariateVectorialFunction,3,539,1,39
ArgumentOutsideDomainException,8,1236,41,62
BeanListUnivariateImpl,2,2065,0,139
BivariateRegression,2,2070,0,439
BrentSolver,2,2012,0,173
ComplexField,4,463,13,79
ComplexFormat,24,1853,643,758
Complex,33,1915,1065,1320
ComplexMath,10,1915,100,364
ComplexUtils,11,1544,375,650
ContinuedFraction,4,2029,29,229
ContractableDoubleArray,7,2097,294,535
ConvergenceException,25,1915,126,221
ConvergingAlgorithmImpl,4,619,8,131
ConvergingAlgorithm,4,619,17,138
DimensionMismatchException,6,1222,5,69
AbstractContinuousDistribution,37,1915,147,316
AbstractDiscreteDistribution,19,1915,77,237
AbstractDistribution,8,1438,16,81
AbstractIntegerDistribution,9,1438,47,239
BetaDistributionImpl,5,777,20,252
BetaDistribution,3,777,4,62
BinomialDistributionImpl,28,1915,128,321
BinomialDistribution,16,1915,38,132
CauchyDistributionImpl,13,1403,307,501
CauchyDistribution,9,1403,90,149
ChiSquaredDistributionImpl,28,1915,117,299
ChiSquaredDistribution,19,1915,44,126
ContinuousDistribution,20,1915,58,141
DiscreteDistribution,20,1915,90,180
DistributionFactoryImpl,28,1915,140,295
DistributionFactory,34,1915,173,340
Distribution,5,1438,9,63
ExponentialDistributionImpl,28,1915,149,297
ExponentialDistribution,17,1915,45,126
FDistributionImpl,28,1915,105,306
FDistribution,17,1915,36,130
GammaDistributionImpl,31,1915,109,331
GammaDistribution,20,1915,45,139
HasDensity,3,781,2,39
HypergeometricDistributionImpl,25,1915,203,482
HypergeometricDistribution,15,1915,38,145
IntegerDistribution,6,1438,10,93
NormalDistributionImpl,25,1714,184,352
NormalDistribution,15,1714,42,97
PascalDistributionImpl,9,1287,67,258
PascalDistribution,6,1288,18,80
PoissonDistributionImpl,12,1438,52,208
PoissonDistribution,5,1438,9,69
TDistributionImpl,27,1915,99,270
TDistribution,16,1915,36,118
WeibullDistributionImpl,11,1397,206,377
WeibullDistribution,7,1397,73,136
ZipfDistributionImpl,5,699,18,196
ZipfDistribution,3,699,2,68
DoubleArray,5,2094,96,219
DuplicateSampleAbscissaException,6,1237,5,52
EmpiricalDistributionImpl,5,2080,16,295
EmpiricalDistribution,5,2080,8,188
AbstractEstimator,20,548,1,315
EstimatedParameter,9,548,0,126
EstimationException,10,548,0,48
EstimationProblem,8,548,0,67
Estimator,9,548,0,93
GaussNewtonEstimator,24,548,5,233
LevenbergMarquardtEstimator,16,548,1,875
SimpleEstimationProblem,12,548,3,114
WeightedMeasurement,11,548,0,172
ExpandableDoubleArray,12,2101,541,821
FieldElement,3,464,1,62
Field,3,464,1,54
FixedDoubleArray,5,2092,313,512
AbstractFormat,5,519,9,215
BigFractionField,4,463,13,79
BigFractionFormat,3,519,3,290
BigFraction,10,522,188,1320
FractionConversionException,9,1238,60,82
FractionField,4,463,13,79
FractionFormat,15,1405,489,875
Fraction,30,1405,1007,1345
ProperBigFractionFormat,3,519,2,241
ProperFractionFormat,11,1405,269,477
Freq,3,2105,1,180
FunctionEvaluationException,16,1543,151,231
AbstractListChromosome,3,313,1,105
BinaryChromosome,3,313,1,93
BinaryMutation,3,313,1,53
Chromosome,4,894,86,115
ChromosomePair,5,894,72,130
CrossoverPolicy,5,894,35,67
ElitisticListPopulation,3,313,1,109
Fitness,5,894,37,57
FixedGenerationCount,3,313,1,71
GeneticAlgorithm,10,894,327,508
InvalidRepresentationException,3,313,1,64
ListPopulation,3,313,1,151
MutationPolicy,5,894,33,63
OnePointCrossover,3,313,1,118
PermutationChromosome,3,313,1,45
Population,5,894,57,109
RandomKey,4,313,2,292
RandomKeyMutation,5,313,3,59
SelectionPolicy,5,894,33,62
StoppingCondition,4,894,4,36
TournamentSelection,3,313,1,115
CardanEulerSingularityException,8,1220,23,67
NotARotationMatrixException,8,1220,26,70
Rotation,16,1220,316,1333
RotationOrder,7,1220,33,208
Vector3DFormat,8,806,17,354
Vector3D,20,1220,265,622
AbstractFieldMatrix,9,462,86,1174
AbstractRealMatrix,22,696,807,1537
AnyMatrix,2,416,0,48
Array2DRowFieldMatrix,2,315,0,617
Array2DRowRealMatrix,2,315,0,625
ArrayFieldVector,2,315,0,803
ArrayRealVector,2,315,0,1411
BiDiagonalTransformer,6,342,0,379
BigMatrixImpl,39,1649,2167,3222
BigMatrix,17,1649,553,880
BlockFieldMatrix,4,317,6,1627
BlockRealMatrix,4,317,6,1644
CholeskyDecompositionImpl,7,342,11,364
CholeskyDecomposition,4,342,0,71
BiDiagonalTransformer,3,567,1,387
CholeskyDecompositionImpl,6,567,14,379
CholeskyDecomposition,4,567,3,77
DecompositionSolver,3,567,1,90
EigenDecompositionImpl,5,567,12,1852
EigenDecomposition,3,567,1,136
FieldDecompositionSolver,3,462,1,92
FieldLUDecompositionImpl,3,462,0,441
FieldLUDecomposition,3,462,1,98
LUDecompositionImpl,6,567,24,453
LUDecomposition,3,567,1,96
NonSquareMatrixException,3,567,1,43
NotPositiveDefiniteMatrixException,3,567,1,43
NotSymmetricMatrixException,3,567,1,43
QRDecompositionImpl,5,567,8,470
QRDecomposition,3,567,1,81
SingularMatrixException,3,567,1,40
SingularValueDecompositionImpl,5,567,11,461
SingularValueDecomposition,3,567,1,134
DecompositionSolver,11,342,0,84
TriDiagonalTransformer,3,567,1,276
DefaultFieldMatrixChangingVisitor,3,462,0,65
DefaultFieldMatrixPreservingVisitor,3,462,0,64
DefaultRealMatrixChangingVisitor,3,642,0,51
DefaultRealMatrixPreservingVisitor,3,642,0,50
DenseFieldMatrix,6,454,20,1633
DenseRealMatrix,16,683,1016,1844
EigenDecompositionImpl,18,342,11,1836
EigenDecomposition,12,342,0,131
EigenSolver,4,701,15,225
FieldDecompositionSolver,2,342,0,86
FieldLUDecompositionImpl,3,342,9,442
FieldLUDecomposition,2,342,0,94
FieldMatrixChangingVisitor,3,462,1,65
FieldMatrixImpl,6,462,18,673
FieldMatrix,5,462,2,821
FieldMatrixPreservingVisitor,3,462,1,64
FieldVectorImpl,5,462,11,813
FieldVector,5,462,3,367
GershgorinCirclesUnion,3,753,6,95
InvalidMatrixException,14,1858,102,171
LUDecompositionImpl,17,342,5,428
LUDecomposition,12,342,0,92
LUSolver,4,701,22,267
MatrixIndexException,16,1858,99,167
MatrixUtils,23,1457,1008,1090
MatrixVisitorException,2,653,0,40
NonSquareMatrixException,4,342,0,41
NotPositiveDefiniteMatrixException,4,342,0,42
NotSymmetricMatrixException,4,342,0,42
OpenMapRealMatrix,6,410,20,309
OpenMapRealVector,6,410,93,1393
QRDecompositionImpl,28,342,7,457
QRDecomposition,18,342,0,77
QRSolver,4,701,9,178
RankDeficientMatrixException,3,744,1,38
RealMatrixChangingVisitor,5,653,22,63
RealMatrixImpl,75,1915,3220,3995
RealMatrix,48,1915,969,1251
RealMatrixPreservingVisitor,5,653,22,62
RealVectorFormat,7,795,16,350
RealVectorImpl,14,795,240,1535
RealVector,7,795,142,824
SingularMatrixException,5,342,0,38
SingularValueDecompositionImpl,13,342,29,467
SingularValueDecomposition,11,342,15,145
SingularValueSolver,4,701,11,169
SparseFieldMatrix,5,422,14,203
SparseFieldVector,9,422,109,694
SparseRealMatrix,13,409,1,41
SparseRealVector,28,409,1,34
TriDiagonalTransformer,12,342,0,268
ListUnivariateImpl,7,2098,202,322
MathConfigurationException,26,1915,99,194
MathException,39,1915,350,445
MathRuntimeException,12,744,326,522
MathUtils,3,2045,174,435
MaxEvaluationsExceededException,2,370,0,67
MaxIterationsExceededException,9,1239,48,92
MessagesResources_fr,66,1240,908,1038
AbstractIntegrator,14,837,216,320
AbstractStepInterpolator,10,1221,59,490
AdaptiveStepsizeIntegrator,18,1221,275,592
ClassicalRungeKuttaIntegrator,8,1221,28,110
ClassicalRungeKuttaStepInterpolator,9,1221,29,142
ContinuousOutputModel,19,1221,107,483
DerivativeException,9,1221,27,77
DormandPrince54Integrator,9,1221,53,206
DormandPrince54StepInterpolator,10,1221,55,252
DormandPrince853Integrator,9,1221,101,359
DormandPrince853StepInterpolator,10,1221,194,607
DummyStepHandler,8,1221,27,119
DummyStepInterpolator,11,1221,49,172
EmbeddedRungeKuttaIntegrator,7,1070,27,412
EulerIntegrator,8,1221,30,110
EulerStepInterpolator,8,1221,27,124
CombinedEventsManager,5,841,13,255
EventException,3,841,1,51
EventHandler,5,841,6,166
EventState,12,841,57,356
FirstOrderConverter,9,1221,41,149
FirstOrderDifferentialEquations,9,1221,23,89
FirstOrderIntegratorFactoryImpl,2,1203,0,278
FirstOrderIntegratorFactory,3,1203,1,298
FirstOrderIntegrator,17,1221,133,217
FixedStepHandler,5,1221,19,76
GillIntegrator,8,1221,30,112
GillStepInterpolator,9,1221,29,148
GraggBulirschStoerIntegrator,13,1221,94,1114
GraggBulirschStoerStepInterpolator,9,1221,19,421
HighamHall54Integrator,9,1221,42,181
HighamHall54StepInterpolator,10,1221,27,123
IntegratorException,10,1221,36,78
MidpointIntegrator,8,1221,29,104
MidpointStepInterpolator,9,1221,29,132
MultistepIntegrator,16,511,399,724
AdamsBashforthIntegrator,16,325,162,671
AdamsBashforthStepInterpolator,5,811,9,297
AdamsIntegrator,9,271,2,134
AdamsMoultonIntegrator,18,325,189,808
AdamsMoultonStepInterpolator,5,811,9,298
AdamsNordsieckTransformer,4,272,10,325
AdaptiveStepsizeIntegrator,11,837,33,385
ClassicalRungeKuttaIntegrator,5,841,7,92
ClassicalRungeKuttaStepInterpolator,5,841,20,121
DormandPrince54Integrator,6,841,10,172
DormandPrince54StepInterpolator,8,841,39,240
DormandPrince853Integrator,6,841,10,297
DormandPrince853StepInterpolator,9,841,78,522
EmbeddedRungeKuttaIntegrator,14,841,64,455
EulerIntegrator,5,841,6,89
EulerStepInterpolator,5,841,8,95
GillIntegrator,5,841,6,89
GillStepInterpolator,5,841,20,129
GraggBulirschStoerIntegrator,11,841,51,1056
GraggBulirschStoerStepInterpolator,8,841,44,429
HighamHall54Integrator,6,841,10,146
HighamHall54StepInterpolator,5,841,17,106
MidpointIntegrator,5,841,6,85
MidpointStepInterpolator,5,841,12,105
MultistepIntegrator,5,811,4,329
MultistepStepInterpolator,3,811,2,167
RungeKuttaIntegrator,13,841,58,365
RungeKuttaStepInterpolator,8,841,37,216
ThreeEighthesIntegrator,5,841,6,89
ThreeEighthesStepInterpolator,5,841,16,119
NordsieckTransformer,9,298,0,326
ODEIntegrator,6,827,36,145
RungeKuttaFehlbergIntegrator,8,1221,49,450
RungeKuttaIntegrator,18,1221,178,457
RungeKuttaStepInterpolator,6,1221,22,205
AbstractStepInterpolator,10,841,112,555
DummyStepHandler,4,841,3,95
DummyStepInterpolator,5,841,10,140
FixedStepHandler,5,841,17,72
MultistepStepInterpolator,4,511,4,170
NordsieckStepInterpolator,11,361,206,474
StepHandler,3,841,1,85
StepInterpolator,6,841,32,143
StepNormalizer,4,841,14,172
SecondOrderDifferentialEquations,9,1221,26,97
SecondOrderIntegrator,7,1221,23,99
StepHandler,5,1221,20,99
StepInterpolator,6,1221,34,130
StepNormalizer,5,1221,21,179
SwitchException,0,0,0,0
SwitchingFunction,8,1221,33,184
SwitchingFunctionsHandler,13,1221,111,301
SwitchState,10,1221,106,373
ThreeEighthesIntegrator,8,1221,28,108
ThreeEighthesStepInterpolator,9,1221,30,143
ConvergenceChecker,7,1219,48,90
CostException,6,1219,22,79
CostFunction,5,1219,22,57
DifferentiableMultivariateRealOptimizer,4,537,11,114
DifferentiableMultivariateVectorialOptimizer,5,537,17,121
DirectSearchOptimizer,14,554,384,1030
MultiDirectional,10,554,71,200
NelderMead,9,554,64,240
DirectSearchOptimizer,21,1219,116,716
CurveFitter,3,306,3,194
HarmonicCoefficientsGuesser,2,306,0,300
HarmonicFitter,2,306,0,132
HarmonicFunction,2,306,0,79
ParametricRealFunction,2,306,0,50
PolynomialFitter,2,306,0,103
WeightedObservedPoint,2,306,0,75
AbstractEstimator,2,554,0,312
AbstractLeastSquaresOptimizer,10,550,123,442
AbstractScalarDifferentiableOptimizer,4,530,23,210
ConjugateGradientFormula,2,530,0,49
EstimatedParameter,2,554,0,124
EstimationProblem,2,554,0,65
Estimator,2,554,0,93
GaussNewtonEstimator,2,554,0,227
GaussNewtonOptimizer,12,550,23,158
LevenbergMarquardtEstimator,2,554,0,873
LevenbergMarquardtOptimizer,7,549,22,860
NonLinearConjugateGradientOptimizer,8,530,16,318
Preconditioner,3,530,1,55
SimpleEstimationProblem,2,554,0,108
WeightedMeasurement,2,554,0,170
GoalType,2,554,0,35
LeastSquaresConverter,8,554,126,283
AbstractLinearOptimizer,5,526,2,126
LinearConstraint,4,526,63,246
LinearObjectiveFunction,4,526,58,158
LinearOptimizer,5,526,2,93
NoFeasibleSolutionException,2,526,0,40
Relationship,2,526,0,67
SimplexSolver,6,526,8,205
SimplexTableau,10,526,118,591
UnboundedSolutionException,2,526,0,40
MultiDirectional,7,1219,27,150
MultiObjectiveFunction,3,554,3,41
MultiStartDifferentiableMultivariateRealOptimizer,7,537,28,244
MultiStartDifferentiableMultivariateVectorialOptimizer,5,537,29,252
MultiStartMultivariateRealOptimizer,7,537,23,226
MultiStartOptimizer,3,552,18,207
MultiStartScalarDifferentiableOptimizer,3,545,41,231
MultiStartScalarOptimizer,3,545,24,213
MultiStartUnivariateRealOptimizer,7,537,121,357
MultiStartVectorialDifferentiableOptimizer,3,545,27,234
MultivariateRealOptimizer,5,537,17,110
NelderMead,7,1219,30,203
ObjectiveException,2,554,0,57
ObjectiveFunction,3,554,3,40
ObjectiveValueChecker,2,552,0,84
OptimizationException,4,554,10,55
Optimizer,3,554,39,94
PointCostPair,7,1219,40,83
PointValuePair,3,554,1,66
RealConvergenceChecker,4,537,2,59
RealPointValuePair,2,537,0,89
ScalarConvergenceChecker,2,551,0,52
ScalarDifferentiableObjectiveFunction,2,551,0,37
ScalarDifferentiableOptimizer,4,551,28,119
ScalarObjectiveFunction,2,551,0,39
ScalarOptimizer,4,551,17,108
ScalarPointValuePair,3,551,1,88
SimpleRealPointChecker,5,534,7,96
SimpleScalarValueChecker,5,542,10,94
SimpleValueChecker,2,551,0,84
SimpleVectorialPointChecker,4,534,6,98
SimpleVectorialValueChecker,4,551,6,98
AbstractUnivariateRealOptimizer,6,532,44,159
BrentMinimizer,2,554,0,203
BrentOptimizer,4,532,2,196
UnivariateRealOptimizer,3,537,20,116
UnivariateRealMinimizerImpl,2,554,0,112
UnivariateRealMinimizer,2,554,0,90
VectorialConvergenceChecker,5,551,12,64
VectorialDifferentiableObjectiveFunction,2,551,0,38
VectorialDifferentiableOptimizer,5,551,23,119
VectorialObjectiveFunction,2,551,0,40
VectorialPointValuePair,3,551,4,100
AbstractRandomGenerator,10,1384,60,310
BitsStreamGenerator,3,204,1,153
CorrelatedRandomVectorGenerator,15,1214,56,345
RandomDataImpl,6,2090,233,678
RandomData,4,2090,180,394
EmpiricalDistributionImpl,48,1915,606,895
EmpiricalDistribution,28,1915,141,324
GaussianRandomGenerator,6,1227,23,68
JDKRandomGenerator,7,1384,34,61
MersenneTwister,5,203,1,264
NormalizedRandomGenerator,6,1227,24,60
NotPositiveDefiniteMatrixException,5,1227,22,61
RandomAdaptor,10,1376,113,234
RandomDataImpl,32,1915,1708,2300
RandomData,19,1915,136,452
RandomGenerator,9,1384,40,164
RandomVectorGenerator,9,1227,25,59
UncorrelatedRandomVectorGenerator,10,1227,35,121
UniformRandomGenerator,7,1227,30,80
ValueServer,29,1915,232,611
RealMatrixImpl,5,2105,530,907
RealMatrix,5,2105,122,348
RootFinding,4,2067,68,205
SecantSolver,2,2012,0,121
Beta,29,1915,98,341
Erf,7,1714,16,74
Gamma,36,1915,276,488
AbstractDescriptiveStatistics,6,1912,158,278
AbstractStorelessDescriptiveStatistics,3,1912,5,340
AbstractStoreUnivariate,16,1915,0,121
AbstractUnivariate,9,1915,0,335
Applyable,7,1915,0,75
BeanListUnivariateImpl,12,1915,0,131
BivariateRegression,17,1915,385,931
Clusterable,5,425,47,94
Cluster,3,425,3,77
EuclideanIntegerPoint,5,425,8,106
KMeansPlusPlusClusterer,3,425,4,165
Covariance,8,576,91,296
PearsonsCorrelation,5,565,26,296
SpearmansCorrelation,4,382,3,173
AbstractStorelessUnivariateStatistic,13,1475,48,216
AbstractUnivariateStatistic,10,1475,28,128
AggregateSummaryStatistics,12,438,197,442
DescriptiveStatisticsImpl,9,1475,19,164
DescriptiveStatistics,23,1475,615,913
FirstMoment,11,1475,61,180
FourthMoment,10,1475,56,161
GeometricMean,15,1475,114,228
Kurtosis,13,1475,75,252
Mean,12,1475,85,222
SecondMoment,9,1475,53,139
Skewness,12,1475,64,238
StandardDeviation,11,1475,121,303
ThirdMoment,10,1475,56,156
Variance,18,1475,201,448
VectorialCovariance,10,1227,61,166
VectorialMean,7,1227,30,109
MultivariateSummaryStatistics,11,949,167,759
Max,13,1475,64,186
Median,7,1475,19,63
Min,11,1475,58,180
Percentile,12,1475,66,306
StatisticalMultivariateSummary,5,949,75,156
StatisticalMultivariateSummaryValues,3,949,14,229
StatisticalSummary,4,1475,7,69
StatisticalSummaryValues,6,1475,10,169
DescriptiveStatisticsImpl,5,1912,57,215
DescriptiveStatistics,7,1912,40,325
StorelessUnivariateStatistic,7,1475,19,96
Product,10,1475,55,170
SummaryStatisticsImpl,7,1475,15,248
SummaryStatistics,19,1475,873,1066
Sum,10,1475,53,168
SumOfLogs,10,1475,55,180
SumOfSquares,10,1475,54,169
SynchronizedDescriptiveStatistics,9,1088,195,324
SynchronizedMultivariateSummaryStatistics,8,949,105,374
SynchronizedSummaryStatistics,7,1050,216,365
UnivariateStatistic,8,1475,21,69
Frequency,51,1915,812,991
ChiSquareTestImpl,24,1722,327,645
ChiSquareTest,10,1722,165,379
OneWayAnovaImpl,6,990,28,236
OneWayAnova,3,990,3,105
TestFactoryImpl,6,1366,14,65
TestFactory,6,1366,13,76
TestStatisticImpl,6,1761,23,395
TestStatistic,5,1761,6,507
TestUtils,10,1366,159,436
TTestImpl,23,1721,1434,1749
TTest,14,1721,847,1255
UnknownDistributionChiSquareTest,6,1114,11,154
ListUnivariateImpl,12,1915,0,219
BivariateRegression,6,1757,25,544
SimpleRegression,2,1494,0,530
NaNStrategy,3,405,1,50
NaturalRanking,4,405,2,460
RankingAlgorithm,3,405,1,42
TiesStrategy,3,405,1,56
AbstractMultipleLinearRegression,12,870,189,285
GLSMultipleLinearRegression,18,870,87,185
MultipleLinearRegression,7,870,13,84
OLSMultipleLinearRegression,24,870,294,378
SimpleRegression,16,1475,209,739
StatisticalSummary,3,1864,15,115
StatUtils,41,1915,707,1013
StorelessDescriptiveStatisticsImpl,3,1912,2,212
StoreUnivariateImpl,13,1915,0,158
StoreUnivariate,12,1915,0,113
SummaryStatisticsImpl,5,1864,24,293
SummaryStatistics,3,1864,15,185
TestStatisticImpl,16,1915,295,715
TestStatistic,16,1915,153,686
AbstractDescriptiveStatistics,4,1756,4,205
AbstractStorelessUnivariateStatistic,19,1915,155,259
AbstractUnivariateStatistic,20,1915,82,200
BeanListUnivariateImpl,2,1749,0,124
DescriptiveStatisticsImpl,10,1756,49,196
DescriptiveStatistics,11,1756,282,536
UnivariateImpl,26,1915,0,180
Univariate,14,1915,0,212
FirstMoment,21,1915,99,226
FourthMoment,22,1915,78,193
GeometricMean,23,1915,103,223
Kurtosis,29,1915,175,393
Mean,23,1915,102,242
SecondMoment,21,1915,64,169
Skewness,27,1915,143,347
StandardDeviation,25,1915,167,305
ThirdMoment,21,1915,78,194
Variance,29,1915,197,384
Max,23,1915,105,214
Median,17,1915,45,114
Min,24,1915,105,214
Percentile,25,1915,229,403
StatisticalSummary,5,1756,46,108
StatisticalSummaryValues,6,1700,82,196
StorelessUnivariateStatistic,20,1915,77,167
Product,23,1915,88,209
SummaryStatisticsImpl,7,1756,32,258
SummaryStatistics,12,1756,213,345
Sum,26,1915,88,203
SumOfLogs,23,1915,108,233
SumOfSquares,23,1915,87,208
UnivariateStatistic,16,1915,40,124
StoreUnivariateImpl,8,2100,137,416
StoreUnivariate,4,2100,68,186
TestStatisticImpl,5,2096,49,146
TestStatistic,4,2096,22,110
FastCosineTransformer,11,1269,91,351
FastFourierTransformer,19,1269,643,1194
FastHadamardTransformer,7,654,127,298
FastSineTransformer,10,1269,67,318
RealTransformer,4,652,17,86
UnivariateFunction,2,2067,0,66
UnivariateImpl,10,2100,347,563
Univariate,9,2105,262,521
UnivariateRealFunction,2,2012,0,108
UnivariateRealSolverFactory,2,2012,0,133
UnivariateRealSolverImpl,2,2012,0,236
UnivariateRealSolver,2,2012,0,207
BeanTransformer,11,1915,0,125
BigRealField,4,463,13,79
BigReal,5,463,37,250
CompositeFormat,4,807,7,225
ContinuedFraction,24,1915,155,374
ContractableDoubleArray,15,1915,26,355
DefaultTransformer,27,1915,111,192
DoubleArray,16,1915,72,197
ExpandableDoubleArray,16,1915,34,465
FixedDoubleArray,17,1915,31,378
MathUtils,67,1915,2128,2495
NumberTransformer,16,1915,35,108
OpenIntToDoubleHashMap,13,687,176,731
OpenIntToFieldHashMap,6,442,623,1234
ResizableDoubleArray,22,1637,334,1023
TransformerMap,25,1915,323,511
ValueServer,3,2080,137,453
BinaryFunction,2,46,6,0
BivariateRealFunction,1,46,0,0
ComposableFunction,4,46,44,2
DifferentiableMultivariateRealFunction,2,160,1,1
DifferentiableMultivariateVectorialFunction,2,160,1,1
DifferentiableUnivariateMatrixFunction,3,160,3,3
DifferentiableUnivariateRealFunction,3,160,3,3
DifferentiableUnivariateVectorialFunction,3,160,3,3
LegendreGaussIntegrator,2,160,1,1
RombergIntegrator,3,160,24,20
SimpsonIntegrator,3,160,11,15
TrapezoidIntegrator,3,160,15,21
UnivariateRealIntegratorImpl,3,160,14,14
UnivariateRealIntegrator,2,160,8,8
DividedDifferenceInterpolator,3,160,11,21
LoessInterpolator,7,160,138,50
MicrosphereInterpolatingFunction,4,94,11,11
MicrosphereInterpolator,3,94,5,5
MultivariateRealInterpolator,2,94,2,3
NevilleInterpolator,1,160,0,0
SplineInterpolator,2,160,16,16
UnivariateRealInterpolator,4,160,3,3
MultivariateMatrixFunction,2,160,2,2
MultivariateRealFunction,2,160,2,2
MultivariateVectorialFunction,2,160,2,2
PolynomialFunction,3,160,25,21
PolynomialFunctionLagrangeForm,5,160,56,49
PolynomialFunctionNewtonForm,4,160,18,15
PolynomialSplineFunction,2,160,24,24
PolynomialsUtils,2,160,2,2
BisectionSolver,2,160,9,9
BrentSolver,3,160,18,18
LaguerreSolver,4,160,34,19
MullerSolver,3,160,59,52
NewtonSolver,2,160,9,9
RiddersSolver,3,160,36,26
SecantSolver,2,160,15,15
UnivariateRealSolverFactoryImpl,2,160,4,4
UnivariateRealSolverFactory,2,160,5,5
UnivariateRealSolverImpl,4,160,38,38
UnivariateRealSolver,2,160,12,12
UnivariateRealSolverUtils,5,160,53,47
UnivariateMatrixFunction,3,160,3,2
UnivariateRealFunction,3,160,3,2
UnivariateRealFunctions,2,50,0,225
UnivariateVectorialFunction,3,160,3,2
ArgumentOutsideDomainException,2,160,1,1
ComplexField,4,160,9,7
ComplexFormat,3,160,27,28
Complex,7,160,172,184
ComplexUtils,2,160,8,8
ConvergenceException,2,160,2,2
ConvergingAlgorithmImpl,2,160,3,3
ConvergingAlgorithm,3,160,20,20
DimensionMismatchException,3,160,12,12
AbstractContinuousDistribution,2,160,13,13
AbstractDistribution,2,160,4,4
AbstractIntegerDistribution,4,160,41,35
BetaDistributionImpl,1,160,0,0
BetaDistribution,1,160,0,0
BinomialDistributionImpl,4,160,83,82
BinomialDistribution,2,160,4,4
CauchyDistributionImpl,2,160,22,22
CauchyDistribution,2,160,4,4
ChiSquaredDistributionImpl,2,160,19,19
ChiSquaredDistribution,2,160,2,2
ContinuousDistribution,2,160,2,2
DiscreteDistribution,2,160,1,1
Distribution,2,160,4,4
ExponentialDistributionImpl,2,160,18,18
ExponentialDistribution,2,160,2,2
FDistributionImpl,3,160,24,22
FDistribution,2,160,3,3
GammaDistributionImpl,2,160,20,20
GammaDistribution,2,160,3,3
HasDensity,1,160,0,0
HypergeometricDistributionImpl,4,160,145,129
HypergeometricDistribution,3,160,13,11
IntegerDistribution,2,160,10,10
NormalDistributionImpl,2,160,22,22
NormalDistribution,1,160,0,0
PascalDistributionImpl,1,160,0,0
PascalDistribution,2,160,9,9
PoissonDistributionImpl,4,160,109,101
PoissonDistribution,3,160,11,10
SaddlePointExpansion,3,74,39,24
TDistributionImpl,2,160,10,10
TDistribution,2,160,1,1
WeibullDistributionImpl,3,160,23,23
WeibullDistribution,2,160,3,3
ZipfDistributionImpl,2,160,22,22
ZipfDistribution,3,160,15,13
DuplicateSampleAbscissaException,3,160,4,4
AbstractEstimator,5,160,64,62
EstimatedParameter,2,160,85,85
EstimationException,2,160,2,2
EstimationProblem,3,160,20,19
Estimator,3,160,7,10
GaussNewtonEstimator,2,160,4,4
LevenbergMarquardtEstimator,5,160,108,89
SimpleEstimationProblem,3,160,10,10
WeightedMeasurement,3,160,29,29
FieldElement,2,160,1,1
Field,2,160,1,1
AbstractFormat,2,160,9,9
BigFractionField,4,160,9,7
BigFractionFormat,2,160,15,15
BigFraction,4,160,94,90
FractionConversionException,2,160,1,1
FractionField,4,160,9,7
FractionFormat,2,160,20,20
Fraction,3,160,55,45
ProperBigFractionFormat,2,160,17,17
ProperFractionFormat,2,160,16,16
FunctionEvaluationException,3,160,22,18
AbstractListChromosome,3,160,12,12
BinaryChromosome,3,160,8,8
BinaryMutation,2,160,4,4
Chromosome,2,160,13,13
ChromosomePair,2,160,6,6
CrossoverPolicy,2,160,2,2
ElitisticListPopulation,2,160,11,11
Fitness,3,160,5,3
FixedGenerationCount,2,160,9,9
GeneticAlgorithm,7,160,54,37
InvalidRepresentationException,2,160,2,2
ListPopulation,2,160,17,17
MutationPolicy,2,160,1,1
OnePointCrossover,3,160,15,15
PermutationChromosome,3,160,4,4
Population,2,160,2,2
RandomKey,4,160,36,36
RandomKeyMutation,2,160,6,6
SelectionPolicy,2,160,2,2
StoppingCondition,2,160,3,3
TournamentSelection,2,160,11,11
CardanEulerSingularityException,3,160,12,12
NotARotationMatrixException,3,160,13,13
Rotation,1,160,0,0
RotationOrder,2,160,140,140
Vector3DFormat,1,160,0,0
Vector3D,3,160,14,12
AbstractFieldMatrix,5,160,73,74
AbstractRealMatrix,3,160,28,28
AbstractRealVector,8,49,132,56
AnyMatrix,1,160,0,0
Array2DRowFieldMatrix,3,160,49,35
Array2DRowRealMatrix,3,160,51,37
ArrayFieldVector,4,160,19,20
ArrayRealVector,7,160,209,381
BiDiagonalTransformer,2,160,4,4
BigMatrixImpl,4,160,154,153
BigMatrix,3,160,27,27
BlockFieldMatrix,4,160,87,41
BlockRealMatrix,4,160,93,44
CholeskyDecompositionImpl,2,160,1,1
CholeskyDecomposition,3,160,4,4
DecompositionSolver,2,160,1,1
DefaultFieldMatrixChangingVisitor,2,160,1,1
DefaultFieldMatrixPreservingVisitor,2,160,1,1
DefaultRealMatrixChangingVisitor,2,160,1,1
DefaultRealMatrixPreservingVisitor,2,160,1,1
EigenDecompositionImpl,11,160,178,88
EigenDecomposition,3,160,5,5
FieldDecompositionSolver,1,160,0,0
FieldLUDecompositionImpl,3,160,4,4
FieldLUDecomposition,3,160,5,5
FieldMatrixChangingVisitor,2,160,1,1
FieldMatrix,3,160,26,26
FieldMatrixPreservingVisitor,2,160,1,1
FieldVector,3,160,5,9
InvalidMatrixException,1,160,0,0
LUDecompositionImpl,4,160,12,10
LUDecomposition,3,160,5,5
MatrixIndexException,1,160,0,0
MatrixUtils,4,160,49,49
MatrixVisitorException,1,160,0,0
NonSquareMatrixException,1,160,0,0
NotPositiveDefiniteMatrixException,2,160,2,2
NotSymmetricMatrixException,2,160,2,2
OpenMapRealMatrix,3,160,22,22
OpenMapRealVector,13,160,245,654
QRDecompositionImpl,3,160,12,11
QRDecomposition,3,160,4,4
RealMatrixChangingVisitor,2,160,1,1
RealMatrixImpl,2,160,13,13
RealMatrix,4,160,29,29
RealMatrixPreservingVisitor,2,160,1,1
RealVectorFormat,1,160,0,0
RealVector,5,160,84,14
SingularMatrixException,1,160,0,0
SingularValueDecompositionImpl,7,160,148,171
SingularValueDecomposition,5,160,20,12
SparseFieldMatrix,3,160,21,21
SparseFieldVector,3,160,15,14
SparseRealMatrix,2,160,2,2
SparseRealVector,2,160,1,1
TriDiagonalTransformer,2,160,3,3
MathConfigurationException,2,160,1,1
MathException,4,160,54,61
MathRuntimeException,4,160,126,61
MaxEvaluationsExceededException,1,160,0,0
MaxIterationsExceededException,1,160,0,0
MessagesResources_fr,12,160,71,66
AbstractIntegrator,4,160,21,22
ContinuousOutputModel,4,160,23,23
DerivativeException,2,160,1,1
CombinedEventsManager,1,160,0,0
EventException,1,160,0,0
EventHandler,7,160,50,28
EventState,5,160,33,19
FirstOrderConverter,3,160,16,16
FirstOrderDifferentialEquations,3,160,5,6
FirstOrderIntegrator,3,160,7,10
IntegratorException,1,160,0,0
MultistepIntegrator,3,160,9,9
AdamsBashforthIntegrator,3,160,4,4
AdamsIntegrator,1,160,0,0
AdamsMoultonIntegrator,3,160,6,6
AdamsNordsieckTransformer,2,160,4,4
AdaptiveStepsizeIntegrator,4,160,22,23
ClassicalRungeKuttaIntegrator,2,160,4,4
ClassicalRungeKuttaStepInterpolator,1,160,0,0
DormandPrince54Integrator,2,160,14,14
DormandPrince54StepInterpolator,3,160,68,68
DormandPrince853Integrator,2,160,29,29
DormandPrince853StepInterpolator,4,160,245,245
EmbeddedRungeKuttaIntegrator,4,160,29,29
EulerIntegrator,2,160,4,4
EulerStepInterpolator,2,160,8,7
GillIntegrator,2,160,4,4
GillStepInterpolator,5,160,24,23
GraggBulirschStoerIntegrator,7,160,105,108
GraggBulirschStoerStepInterpolator,4,160,67,68
HighamHall54Integrator,2,160,9,9
HighamHall54StepInterpolator,3,160,11,10
MidpointIntegrator,2,160,4,4
MidpointStepInterpolator,4,160,12,11
RungeKuttaIntegrator,4,160,17,17
RungeKuttaStepInterpolator,4,160,13,13
ThreeEighthesIntegrator,2,160,4,4
ThreeEighthesStepInterpolator,4,160,12,11
ODEIntegrator,1,160,0,0
AbstractStepInterpolator,4,160,13,15
DummyStepHandler,3,160,58,44
DummyStepInterpolator,4,160,8,9
FixedStepHandler,2,160,1,2
NordsieckStepInterpolator,4,160,19,18
StepHandler,4,160,11,15
StepInterpolator,4,160,14,19
StepNormalizer,2,160,1,1
SecondOrderDifferentialEquations,3,160,17,18
SecondOrderIntegrator,2,160,4,4
DifferentiableMultivariateRealOptimizer,2,160,1,1
DifferentiableMultivariateVectorialOptimizer,2,160,1,1
DirectSearchOptimizer,4,160,20,16
MultiDirectional,3,160,13,1
NelderMead,2,160,1,1
CurveFitter,1,160,0,0
HarmonicCoefficientsGuesser,1,160,0,0
HarmonicFitter,1,160,0,0
HarmonicFunction,1,160,0,0
ParametricRealFunction,3,160,3,3
PolynomialFitter,2,160,1,1
WeightedObservedPoint,1,160,0,0
AbstractLeastSquaresOptimizer,6,160,48,46
AbstractScalarDifferentiableOptimizer,5,160,28,28
ConjugateGradientFormula,1,160,0,0
GaussNewtonOptimizer,4,160,5,5
LevenbergMarquardtOptimizer,4,160,38,34
NonLinearConjugateGradientOptimizer,4,160,9,9
Preconditioner,2,160,2,2
GoalType,2,160,1,1
LeastSquaresConverter,2,160,1,1
AbstractLinearOptimizer,5,160,16,16
LinearConstraint,2,160,2,2
LinearObjectiveFunction,2,160,2,2
LinearOptimizer,2,160,1,1
NoFeasibleSolutionException,2,160,1,1
Relationship,1,160,0,0
SimplexSolver,6,160,46,56
SimplexTableau,14,160,243,190
UnboundedSolutionException,2,160,1,1
MultiStartDifferentiableMultivariateRealOptimizer,3,160,4,5
MultiStartDifferentiableMultivariateVectorialOptimizer,3,160,4,5
MultiStartMultivariateRealOptimizer,3,160,4,5
MultiStartUnivariateRealOptimizer,2,160,1,1
MultivariateRealOptimizer,2,160,1,1
OptimizationException,2,160,2,2
RealConvergenceChecker,1,160,0,0
RealPointValuePair,3,160,2,3
SimpleRealPointChecker,2,160,1,1
SimpleScalarValueChecker,2,160,1,1
SimpleVectorialPointChecker,2,160,1,1
SimpleVectorialValueChecker,2,160,1,1
AbstractUnivariateRealOptimizer,2,160,4,4
BrentOptimizer,3,160,8,8
UnivariateRealOptimizer,2,160,4,4
VectorialConvergenceChecker,1,160,0,0
VectorialPointValuePair,3,160,2,4
AbstractRandomGenerator,2,160,47,47
BitsStreamGenerator,2,160,1,1
CorrelatedRandomVectorGenerator,3,160,17,17
EmpiricalDistributionImpl,4,160,100,121
EmpiricalDistribution,3,160,14,14
GaussianRandomGenerator,3,160,5,5
JDKRandomGenerator,2,160,1,1
MersenneTwister,4,160,9,5
NormalizedRandomGenerator,3,160,2,2
RandomAdaptor,2,160,28,28
RandomDataImpl,7,160,110,125
RandomData,1,160,0,0
RandomGenerator,2,160,29,29
RandomVectorGenerator,3,160,5,5
UncorrelatedRandomVectorGenerator,3,160,12,12
UniformRandomGenerator,3,160,10,10
UnitSphereRandomVectorGenerator,1,94,0,0
ValueServer,3,160,38,37
Beta,2,160,13,13
Erf,2,160,2,2
Gamma,4,160,40,40
Clusterable,2,160,2,2
Cluster,1,160,0,0
EuclideanIntegerPoint,3,160,16,1
KMeansPlusPlusClusterer,2,160,6,6
Covariance,2,160,42,42
PearsonsCorrelation,2,160,38,38
SpearmansCorrelation,3,160,32,32
AbstractStorelessUnivariateStatistic,3,160,24,24
AbstractUnivariateStatistic,4,160,83,11
AggregateSummaryStatistics,3,160,42,42
DescriptiveStatistics,5,160,130,119
FirstMoment,3,160,15,15
FourthMoment,2,160,15,15
GeometricMean,3,160,34,34
Kurtosis,3,160,27,27
Mean,6,160,98,21
SecondMoment,2,160,12,12
Skewness,3,160,28,27
StandardDeviation,2,160,32,32
ThirdMoment,2,160,15,15
Variance,8,160,297,71
VectorialCovariance,2,160,1,1
VectorialMean,2,160,1,1
MultivariateSummaryStatistics,4,160,103,104
Max,2,160,18,18
Median,2,160,8,8
Min,2,160,18,18
Percentile,2,160,36,36
StatisticalMultivariateSummary,3,160,36,24
StatisticalSummary,3,160,21,19
StatisticalSummaryValues,3,160,23,23
StorelessUnivariateStatistic,2,160,10,10
Product,6,160,88,19
SummaryStatistics,4,160,41,42
Sum,7,160,83,17
SumOfLogs,2,160,17,17
SumOfSquares,2,160,15,15
SynchronizedDescriptiveStatistics,2,160,10,10
SynchronizedMultivariateSummaryStatistics,2,160,3,3
SynchronizedSummaryStatistics,2,160,12,12
UnivariateStatistic,2,160,5,5
WeightedEvaluation,2,32,2,2
Frequency,6,160,89,87
ChiSquareTestImpl,3,160,45,46
ChiSquareTest,2,160,51,51
OneWayAnovaImpl,5,160,14,14
OneWayAnova,3,160,11,10
TestUtils,4,160,40,39
TTestImpl,4,160,155,151
TTest,3,160,128,128
UnknownDistributionChiSquareTest,2,160,6,6
NaNStrategy,2,160,4,4
NaturalRanking,5,160,65,60
RankingAlgorithm,2,160,3,3
TiesStrategy,2,160,6,6
AbstractMultipleLinearRegression,2,160,12,12
GLSMultipleLinearRegression,2,160,7,7
MultipleLinearRegression,2,160,9,9
OLSMultipleLinearRegression,3,160,36,99
SimpleRegression,2,160,84,84
StatUtils,3,160,103,103
FastCosineTransformer,3,160,33,33
FastFourierTransformer,5,160,102,95
FastHadamardTransformer,2,160,12,12
FastSineTransformer,4,160,29,29
RealTransformer,4,160,4,5
BigRealField,4,160,9,7
BigReal,5,160,52,11
CompositeFormat,3,160,11,12
ContinuedFraction,2,160,8,8
DefaultTransformer,4,160,11,10
DoubleArray,2,160,12,12
MathUtils,13,160,309,119
NumberTransformer,2,160,6,6
OpenIntToDoubleHashMap,5,160,36,22
OpenIntToFieldHashMap,6,160,38,24
ResizableDoubleArray,5,160,159,161
TransformerMap,3,160,7,6
Chebyshev,5,1254,23,128
CoefficientsGenerator,3,1242,16,157
Hermite,5,1254,23,127
Laguerre,4,1254,24,129
Legendre,5,1254,24,130
OrthogonalPolynomial,4,1254,10,161
PolynomialFraction,4,1254,75,168
Polynomial,5,1254,321,509
RationalNumber,3,1254,94,257
EstimatedParameter,2,1254,0,123
EstimationException,2,1254,0,59
EstimationProblem,2,1254,0,61
Estimator,2,1254,0,66
GaussNewtonEstimator,2,1254,0,230
LeastSquaresEstimator,2,1254,0,73
LevenbergMarquardtEstimator,3,1254,16,988
WeightedMeasurement,2,1254,0,143
AbstractCurveFitter,4,1254,21,307
F2FP2Iterator,4,1254,7,81
FFPIterator,3,1254,1,101
HarmonicCoefficientsGuesser,4,1254,62,333
HarmonicFitter,5,1254,45,242
PolynomialCoefficient,3,1254,1,45
PolynomialFitter,5,1254,60,203
ExhaustedSampleException,2,1254,1,1
FunctionException,2,1254,1,1
BasicSampledFunctionIterator,2,1254,1,1
ComputableFunction,3,1254,4,2
ComputableFunctionSampler,2,1254,1,1
SampledFunctionIterator,2,1254,1,1
SampledFunction,3,1254,4,2
ScalarValuedPair,2,1254,1,1
BasicSampledFunctionIterator,2,1254,1,1
ComputableFunction,3,1254,4,2
ComputableFunctionSampler,2,1254,1,1
SampledFunctionIterator,2,1254,1,1
SampledFunction,3,1254,4,2
VectorialValuedPair,3,1254,6,47
CardanEulerSingularityException,2,1254,0,44
ImmutableVector3D,3,1254,0,204
NotARotationMatrixException,2,1254,0,44
Rotation,5,1254,165,1306
RotationOrder,3,1254,62,188
Vector3D,5,1254,140,631
DiagonalMatrix,3,1254,2,5
GeneralMatrix,3,1254,2,5
GeneralSquareMatrix,3,1254,2,8
LowerTriangularMatrix,3,1254,2,5
MatrixFactory,2,1254,1,1
Matrix,3,1254,2,2
NonNullRange,3,1254,2,2
SingularMatrixException,2,1254,1,1
SquareMatrix,3,1254,2,5
SymetricalMatrix,3,1254,2,5
UpperTriangularMatrix,3,1254,2,5
MantissaException,2,1254,1,1
MessagesResources_fr,4,1254,3,3
MessagesResources,3,1254,2,2
AbstractStepInterpolator,3,1254,11,444
AdaptiveStepsizeIntegrator,2,1254,0,317
ClassicalRungeKuttaIntegrator,3,1254,1,83
ClassicalRungeKuttaStepInterpolator,2,1254,0,113
ContinuousOutputModel,2,1254,0,375
DerivativeException,2,1254,0,50
DormandPrince54Integrator,3,1254,1,154
DormandPrince54StepInterpolator,3,1254,4,209
DormandPrince853Integrator,3,1254,1,259
DormandPrince853StepInterpolator,2,1254,0,415
DummyStepHandler,2,1254,0,92
DummyStepInterpolator,3,1254,1,135
EulerIntegrator,3,1254,1,81
EulerStepInterpolator,2,1254,0,97
FirstOrderConverter,2,1254,0,108
FirstOrderDifferentialEquations,2,1254,0,66
FirstOrderIntegrator,2,1254,0,84
FixedStepHandler,2,1254,0,57
GillIntegrator,3,1254,1,83
GillStepInterpolator,2,1254,0,119
GraggBulirschStoerIntegrator,5,1254,24,1040
GraggBulirschStoerStepInterpolator,3,1254,16,420
HighamHall54Integrator,3,1254,1,140
HighamHall54StepInterpolator,2,1254,0,96
IntegratorException,2,1254,0,42
MidpointIntegrator,3,1254,1,76
MidpointStepInterpolator,2,1254,0,103
RungeKuttaFehlbergIntegrator,3,1254,5,402
RungeKuttaIntegrator,3,1254,5,280
RungeKuttaStepInterpolator,2,1254,0,185
SecondOrderDifferentialEquations,2,1254,0,71
SecondOrderIntegrator,2,1254,0,76
StepHandler,2,1254,0,79
StepInterpolator,2,1254,0,96
StepNormalizer,3,1254,1,160
SwitchingFunction,4,1254,54,181
SwitchingFunctionsHandler,3,1254,7,192
SwitchState,4,1254,17,301
ThreeEighthesIntegrator,3,1254,1,81
ThreeEighthesStepInterpolator,2,1254,0,113
ConvergenceChecker,2,1254,0,42
CostException,2,1254,0,66
CostFunction,2,1254,0,35
DirectSearchOptimizer,3,1254,11,594
MultiDirectional,3,1254,5,128
NelderMead,3,1254,13,197
NoConvergenceException,2,1254,0,43
PointCostPair,3,1254,8,97
ComputableFunctionIntegrator,2,1254,1,1
EnhancedSimpsonIntegrator,2,1254,1,1
EnhancedSimpsonIntegratorSampler,2,1254,1,1
GaussLegendreIntegrator,3,1254,1,152
RiemannIntegrator,2,1254,1,1
RiemannIntegratorSampler,2,1254,1,1
SampledFunctionIntegrator,2,1254,1,1
TrapezoidIntegrator,2,1254,1,1
TrapezoidIntegratorSampler,2,1254,1,1
ComputableFunctionIntegrator,2,1254,1,1
EnhancedSimpsonIntegrator,3,1254,2,2
EnhancedSimpsonIntegratorSampler,3,1254,11,13
GaussLegendreIntegrator,2,1254,1,1
RiemannIntegrator,3,1254,2,2
RiemannIntegratorSampler,3,1254,4,6
SampledFunctionIntegrator,2,1254,1,1
TrapezoidIntegrator,3,1254,2,2
TrapezoidIntegratorSampler,3,1254,5,7
CorrelatedRandomVectorGenerator,3,1254,5,292
GaussianRandomGenerator,3,1254,5,72
NormalizedRandomGenerator,3,1254,3,41
NotPositiveDefiniteMatrixException,2,1254,0,50
RandomVectorGenerator,2,1254,0,37
ScalarSampleStatistics,2,1254,1,1
UncorrelatedRandomVectorGenerator,3,1254,6,122
UniformRandomGenerator,3,1254,9,83
VectorialSampleStatistics,3,1254,32,60
BrentSolver,2,1254,1,1
ConvergenceChecker,2,1254,1,1
RootsFinder,2,1254,1,1
ArrayMapperEntry,2,1254,1,1
ArrayMapper,3,1254,5,5
ArraySliceMappable,2,1254,1,1
Interval,2,1254,1,1
IntervalsList,2,1254,1,1
MappableArray,3,1254,4,12
MappableScalar,2,1254,1,1
AllTests,2,1254,0,4
ChebyshevTest,4,1254,8,94
HermiteTest,4,1254,4,81
LaguerreTest,3,1254,5,88
LegendreTest,4,1254,5,107
PolynomialDoubleTest,3,1254,10,18
PolynomialFractionTest,3,1254,36,64
PolynomialRationalTest,3,1254,10,15
RationalNumberTest,2,1254,35,63
AllTests,2,1254,0,4
AllTests,3,1254,1,39
EstimatedParameterTest,2,1254,0,74
GaussNewtonEstimatorTest,3,1254,5,267
LevenbergMarquardtEstimatorTest,4,1254,16,2115
MinpackTest,2,1242,0,1494
WeightedMeasurementTest,3,1254,13,130
AbstractCurveFitterTest,3,1254,6,112
AllTests,2,1254,0,35
HarmonicFitterTest,3,1254,17,191
PolynomialFitterTest,3,1254,26,180
AllTests,1,1254,0,0
AllTests,1,1254,0,0
BasicSampledFunctionIteratorTest,2,1254,23,19
ComputableFunctionSamplerTest,2,1254,15,10
ScalarValuedPairTest,1,1254,0,0
AllTests,1,1254,0,0
BasicSampledFunctionIteratorTest,2,1254,30,25
ComputableFunctionSamplerTest,2,1254,63,55
VectorialValuedPairTest,2,1254,11,10
AllTests,3,1254,0,35
ImmutableVector3DTest,3,1254,0,43
RotationTest,3,1254,9,353
Vector3DTest,4,1254,14,137
AllTests,1,1254,0,0
DiagonalMatrixTest,2,1254,1,1
GeneralMatrixTest,2,1254,54,141
GeneralSquareMatrixTest,2,1254,44,80
LowerTriangularMatrixTest,2,1254,26,62
MatrixFactoryTest,1,1254,0,0
NonNullRangeTest,1,1254,0,0
SymetricalMatrixTest,1,1254,0,0
UpperTriangularMatrixTest,2,1254,25,61
AllTests,2,1254,0,53
ClassicalRungeKuttaIntegratorTest,3,1254,43,259
ClassicalRungeKuttaStepInterpolatorTest,2,1254,0,82
ContinuousOutputModelTest,3,1254,2,96
DormandPrince54IntegratorTest,3,1254,91,393
DormandPrince54StepInterpolatorTest,2,1254,0,87
DormandPrince853IntegratorTest,4,1254,116,428
DormandPrince853StepInterpolatorTest,2,1254,0,87
EulerIntegratorTest,3,1254,9,178
EulerStepInterpolatorTest,3,1254,2,172
FirstOrderConverterTest,3,1254,1,111
GillIntegratorTest,4,1254,53,256
GillStepInterpolatorTest,2,1254,0,82
GraggBulirschStoerIntegratorTest,4,1254,98,361
GraggBulirschStoerStepInterpolatorTest,2,1254,0,88
HighamHall54IntegratorTest,3,1254,39,221
HighamHall54StepInterpolatorTest,2,1254,0,87
MidpointIntegratorTest,3,1254,9,175
MidpointStepInterpolatorTest,2,1254,0,82
StepNormalizerTest,3,1254,2,108
StepProblem,2,1242,0,44
TestProblem1,3,1254,1,88
TestProblem2,3,1254,1,90
TestProblem3,3,1254,1,129
TestProblem4,4,1254,5,139
TestProblem5,2,1254,0,36
TestProblemAbstract,3,1254,5,189
TestProblemFactory,2,1254,0,49
TestProblemHandler,2,1254,0,121
ThreeEighthesIntegratorTest,3,1254,49,252
ThreeEighthesStepInterpolatorTest,2,1254,0,82
AllTests,2,1254,0,36
MultiDirectionalTest,3,1254,4,104
NelderMeadTest,3,1254,10,116
AllTests,1,1254,0,0
AllTests,1,1254,0,0
GaussLegendreIntegratorTest,3,1254,4,103
AllTests,1,1254,0,0
GaussLegendreIntegratorTest,2,1254,3,1
AllTests,1,1254,0,0
CorrelatedRandomVectorGeneratorTest,3,1254,4,115
GaussianRandomGeneratorTest,2,1254,0,43
ScalarSampleStatisticsTest,2,1254,1,0
UncorrelatedRandomVectorGeneratorTest,3,1254,4,79
UniformRandomGeneratorTest,2,1254,0,43
VectorialSampleStatisticsTest,3,1254,6,172
AllTests,1,1254,0,0
BrentSolverTest,2,1254,1,1
TestProblem,2,1254,18,3
AllTests,1,1254,0,0
ArrayMapperTest,2,1254,6,3
IntervalsListTest,1,1254,0,0
IntervalTest,1,1254,0,0
MappableArrayTest,2,1254,21,75
MappableScalarTest,2,1254,7,3
TrajectoryDeterminationProblem,2,959,6,6
BinaryFunctionTest,1,46,0,0
ComposableFunctionTest,1,46,0,0
Expm1Function,1,159,0,0
LegendreGaussIntegratorTest,2,159,0,4
RombergIntegratorTest,2,159,2,2
SimpsonIntegratorTest,2,159,2,2
TrapezoidIntegratorTest,2,159,2,2
DividedDifferenceInterpolatorTest,2,159,2,2
LoessInterpolatorTest,5,159,122,139
MicrosphereInterpolatorTest,1,94,0,0
NevilleInterpolatorTest,2,159,2,2
SplineInterpolatorTest,3,159,32,40
MonitoredFunction,2,159,3,3
PolynomialFunctionLagrangeFormTest,2,159,1,1
PolynomialFunctionNewtonFormTest,2,159,1,1
PolynomialFunctionTest,2,159,15,15
PolynomialSplineFunctionTest,2,159,27,27
PolynomialsUtilsTest,1,159,0,0
QuinticFunction,2,159,3,3
SinFunction,2,159,3,3
BisectionSolverTest,2,159,35,35
BrentSolverTest,3,159,16,24
LaguerreSolverTest,2,159,3,3
MullerSolverTest,2,159,2,2
NewtonSolverTest,2,159,5,5
RiddersSolverTest,2,159,2,2
UnivariateRealSolverFactoryImplTest,2,159,3,3
UnivariateRealSolverUtilsTest,2,159,22,22
ArgumentOutsideDomainExceptionTest,2,159,4,4
ComplexFieldTest,1,159,0,0
ComplexFormatAbstractTest,2,159,45,45
ComplexFormatTest,2,159,3,3
ComplexTest,3,159,162,143
ComplexUtilsTest,2,159,18,18
FrenchComplexFormatTest,2,159,2,2
ConvergenceExceptionTest,2,159,5,5
BetaDistributionTest,1,159,0,0
BinomialDistributionTest,3,159,69,66
CauchyDistributionTest,2,159,14,14
ChiSquareDistributionTest,2,159,21,21
ContinuousDistributionAbstractTest,2,159,52,52
ExponentialDistributionTest,2,159,13,13
FDistributionTest,2,159,12,12
GammaDistributionTest,2,159,4,4
HypergeometricDistributionTest,3,159,52,52
IntegerDistributionAbstractTest,2,159,60,60
NormalDistributionTest,2,159,27,27
PascalDistributionTest,2,159,18,18
PoissonDistributionTest,3,159,56,23
TDistributionTest,1,159,0,0
WeibullDistributionTest,2,159,16,16
ZipfDistributionTest,2,159,14,14
DuplicateSampleAbscissaExceptionTest,2,159,4,4
EstimatedParameterTest,2,159,0,4
GaussNewtonEstimatorTest,3,159,1,7
LevenbergMarquardtEstimatorTest,3,159,3,9
MinpackTest,4,159,20,23
WeightedMeasurementTest,2,159,0,4
BigFractionFieldTest,1,159,0,0
BigFractionFormatTest,2,159,33,33
BigFractionTest,1,159,0,0
FractionFieldTest,1,159,0,0
FractionFormatTest,2,159,33,33
FractionTest,2,159,55,55
FunctionEvaluationExceptionTest,2,159,5,5
BinaryChromosomeTest,2,159,7,7
BinaryMutationTest,2,159,3,3
ChromosomeTest,2,159,9,9
DummyBinaryChromosome,3,159,3,3
DummyRandomKey,3,159,4,4
ElitisticListPopulationTest,2,159,8,8
FitnessCachingTest,3,159,11,11
FixedGenerationCountTest,2,159,2,2
GeneticAlgorithmTestBinary,4,159,25,24
GeneticAlgorithmTestPermutations,5,159,23,23
ListPopulationTest,2,159,6,6
OnePointCrossoverTest,2,159,6,6
RandomKeyMutationTest,2,159,1,1
RandomKeyTest,2,159,10,10
TournamentSelectionTest,2,159,6,6
FrenchVector3DFormatTest,2,159,2,2
RotationOrderTest,2,159,0,4
RotationTest,2,159,0,4
Vector3DFormatAbstractTest,2,159,32,32
Vector3DFormatTest,2,159,2,2
Vector3DTest,3,159,5,9
AbstractRealVectorTest,2,49,12,0
Array2DRowRealMatrixTest,3,159,117,125
ArrayFieldVectorTest,4,159,22,30
ArrayRealVectorTest,7,159,170,40
BiDiagonalTransformerTest,4,159,78,39
BigMatrixImplTest,3,159,107,115
BlockFieldMatrixTest,4,159,108,116
BlockRealMatrixTest,5,159,121,129
CholeskyDecompositionImplTest,2,159,2,2
CholeskySolverTest,2,159,0,13
EigenDecompositionImplTest,8,159,172,43
EigenSolverTest,2,159,1,15
FieldLUDecompositionImplTest,3,159,3,16
FieldMatrixImplTest,4,159,121,129
FrenchRealVectorFormatTest,2,159,2,2
InvalidMatrixExceptionTest,2,159,3,3
LUDecompositionImplTest,3,159,3,17
LUSolverTest,3,159,1,16
MatrixIndexExceptionTest,2,159,4,4
MatrixUtilsTest,3,159,46,53
QRDecompositionImplTest,3,159,11,28
QRSolverTest,3,159,9,29
RealMatrixImplTest,3,159,117,125
RealVectorFormatAbstractTest,3,159,38,35
RealVectorFormatTest,2,159,2,2
SingularValueDecompositionImplTest,3,159,1,14
SingularValueSolverTest,3,159,169,109
SparseFieldMatrixTest,3,159,24,32
SparseFieldVectorTest,2,159,9,9
SparseRealMatrixTest,4,159,20,28
SparseRealVectorTest,8,159,144,48
TriDiagonalTransformerTest,3,159,3,14
MathConfigurationExceptionTest,3,159,7,7
MathExceptionTest,3,159,14,14
MaxIterationsExceededExceptionTest,2,159,4,4
ContinuousOutputModelTest,3,159,2,6
EventStateTest,1,56,0,0
FirstOrderConverterTest,3,159,9,13
AdamsBashforthIntegratorTest,1,159,0,0
AdamsMoultonIntegratorTest,1,159,0,0
ClassicalRungeKuttaIntegratorTest,3,159,3,7
ClassicalRungeKuttaStepInterpolatorTest,1,159,0,0
DormandPrince54IntegratorTest,3,159,1,5
DormandPrince54StepInterpolatorTest,1,159,0,0
DormandPrince853IntegratorTest,2,159,0,4
DormandPrince853StepInterpolatorTest,1,159,0,0
EulerIntegratorTest,3,159,2,6
EulerStepInterpolatorTest,2,159,2,2
GillIntegratorTest,3,159,3,7
GillStepInterpolatorTest,1,159,0,0
GraggBulirschStoerIntegratorTest,2,159,0,3
GraggBulirschStoerStepInterpolatorTest,2,159,3,3
HighamHall54IntegratorTest,3,159,1,8
HighamHall54StepInterpolatorTest,1,159,0,0
MidpointIntegratorTest,3,159,3,7
MidpointStepInterpolatorTest,1,159,0,0
StepProblem,1,159,0,0
ThreeEighthesIntegratorTest,3,159,4,8
ThreeEighthesStepInterpolatorTest,1,159,0,0
DummyStepInterpolatorTest,2,159,9,9
NordsieckStepInterpolatorTest,1,159,0,0
StepInterpolatorTestUtils,1,159,0,0
StepNormalizerTest,2,159,0,4
TestProblem1,3,159,3,2
TestProblem2,3,159,3,2
TestProblem3,4,159,5,4
TestProblem4,3,159,5,4
TestProblem5,2,159,1,0
TestProblem6,2,159,1,0
TestProblemAbstract,2,159,2,2
TestProblemFactory,2,159,1,1
TestProblemHandler,1,159,0,0
MultiDirectionalTest,3,159,100,52
NelderMeadTest,2,159,3,3
CurveFitterTest,1,41,0,0
HarmonicFitterTest,2,159,2,2
PolynomialFitterTest,2,159,2,2
GaussNewtonOptimizerTest,3,159,3,9
LevenbergMarquardtOptimizerTest,3,159,4,10
MinpackTest,4,159,19,24
NonLinearConjugateGradientOptimizerTest,3,159,1,7
SimplexSolverTest,11,159,161,56
SimplexTableauTest,5,159,21,16
MultiStartDifferentiableMultivariateRealOptimizerTest,1,159,0,0
MultiStartDifferentiableMultivariateVectorialOptimizerTest,2,159,1,1
MultiStartMultivariateRealOptimizerTest,1,159,0,0
MultiStartUnivariateRealOptimizerTest,1,159,0,0
BrentMinimizerTest,2,159,3,3
AbstractRandomGeneratorTest,3,159,26,34
CorrelatedRandomVectorGeneratorTest,2,159,0,6
EmpiricalDistributionTest,5,159,49,45
GaussianRandomGeneratorTest,2,159,0,4
MersenneTwisterTest,2,159,3,3
RandomAdaptorTest,3,159,15,22
RandomDataTest,10,159,914,766
TestRandomGenerator,2,159,3,3
UncorrelatedRandomVectorGeneratorTest,2,159,0,4
UniformRandomGeneratorTest,3,159,2,7
ValueServerTest,3,159,21,31
RetryTestCase,2,159,6,6
BetaTest,2,159,17,17
ErfTest,2,159,3,3
GammaTest,2,159,12,12
CertifiedDataTest,3,159,23,34
EuclideanIntegerPointTest,2,159,6,6
KMeansPlusPlusClustererTest,2,159,22,0
CovarianceTest,2,159,25,25
PearsonsCorrelationTest,2,159,32,32
SpearmansRankCorrelationTest,2,159,17,17
CertifiedDataAbstractTest,2,159,16,16
LewTest,2,159,2,2
LotteryTest,2,159,2,2
AbstractUnivariateStatisticTest,4,159,29,17
AggregateSummaryStatisticsTest,3,159,55,69
DescriptiveStatisticsTest,3,159,20,28
InteractionTest,2,159,4,4
ListUnivariateImpl,2,159,14,14
ListUnivariateImplTest,3,159,30,38
MixedListUnivariateImplTest,3,159,6,13
FirstMomentTest,2,159,4,4
FourthMomentTest,2,159,4,4
GeometricMeanTest,3,159,11,20
KurtosisTest,3,159,6,15
MeanTest,3,159,16,14
SecondMomentTest,2,159,4,4
SkewnessTest,3,159,7,16
StandardDeviationTest,3,159,12,21
ThirdMomentTest,2,159,4,4
VarianceTest,4,159,39,25
VectorialCovarianceTest,3,159,3,9
VectorialMeanTest,2,159,2,8
MultivariateSummaryStatisticsTest,3,159,18,26
MaxTest,3,159,11,20
MedianTest,3,159,5,14
MinTest,3,159,12,21
PercentileTest,3,159,26,35
StatisticalSummaryValuesTest,3,159,12,20
StorelessUnivariateStatisticAbstractTest,2,159,44,44
ProductTest,3,159,19,17
SummaryStatisticsTest,3,159,33,42
SumLogTest,3,159,12,21
SumSqTest,3,159,8,17
SumTest,3,159,18,16
SynchronizedDescriptiveStatisticsTest,3,159,1,8
SynchronizedMultivariateSummaryStatisticsTest,3,159,1,8
SynchronizedSummaryStatisticsTest,2,159,0,9
UnivariateStatisticAbstractTest,5,159,128,32
FrequencyTest,5,159,35,37
ChiSquareFactoryTest,4,159,3,10
ChiSquareTestTest,3,159,46,54
OneWayAnovaTest,3,159,12,20
TestUtilsTest,3,159,100,107
TTestFactoryTest,4,159,3,10
TTestTest,3,159,58,66
NaturalRankingTest,2,159,1,1
GLSMultipleLinearRegressionTest,2,159,6,6
MultipleLinearRegressionAbstractTest,2,159,5,5
OLSMultipleLinearRegressionTest,2,159,37,37
SimpleRegressionTest,3,159,51,58
StatUtilsTest,3,159,55,63
TestUtils,4,159,45,49
FastCosineTransformerTest,2,159,2,2
FastFourierTransformerTest,2,159,6,6
FastHadamardTransformerTest,2,159,2,2
FastSineTransformerTest,2,159,2,2
BigRealFieldTest,1,159,0,0
BigRealTest,1,159,0,0
ContinuedFractionTest,2,159,4,4
DefaultTransformerTest,2,159,15,15
DoubleArrayAbstractTest,2,159,3,3
MathUtilsTest,5,159,196,31
OpenIntToDoubleHashMapTest,2,159,9,9
OpenIntToFieldTest,2,159,10,10
ResizableDoubleArrayTest,2,159,94,94
TestBean,2,159,9,9
TransformerMapTest,2,159,16,16
BisectionSolverTest,16,1915,276,524
BrentSolverTest,8,1542,157,426
ConvergenceExceptionTest,11,1915,35,140
DividedDifferenceInterpolatorTest,4,1314,144,281
Expm1Function,7,1314,53,92
LegendreGaussIntegratorTest,2,609,0,117
RombergIntegratorTest,3,620,11,124
SimpsonIntegratorTest,3,620,11,123
TrapezoidIntegratorTest,3,620,11,123
DividedDifferenceInterpolatorTest,2,620,0,142
LoessInterpolatorTest,3,302,0,272
NevilleInterpolatorTest,2,620,0,142
SplineInterpolatorTest,3,620,5,219
InterpolatorTest,14,1915,107,466
LaguerreSolverTest,8,1314,228,406
BrentMinimizerTest,2,618,0,80
MonitoredFunction,6,1195,7,56
MullerSolverTest,5,1314,295,509
NevilleInterpolatorTest,4,1314,144,281
NewtonSolverTest,7,1767,154,238
PolynomialFunctionLagrangeFormTest,5,1314,158,307
PolynomialFunctionNewtonFormTest,5,1314,157,305
PolynomialFunctionTest,10,1908,91,286
PolynomialSplineFunctionTest,6,1527,19,169
PolynomialFunctionLagrangeFormTest,2,620,0,149
PolynomialFunctionNewtonFormTest,2,620,0,148
PolynomialFunctionTest,5,620,84,247
PolynomialSplineFunctionTest,2,620,0,148
PolynomialsUtilsTest,4,588,19,244
QuinticFunction,20,1915,46,133
RealSolverTest,12,1915,82,389
RiddersSolverTest,5,1314,173,304
RombergIntegratorTest,4,1326,114,222
SimpsonIntegratorTest,4,1326,113,220
SinFunction,20,1915,44,136
BisectionSolverTest,3,620,0,262
BrentSolverTest,2,620,0,385
LaguerreSolverTest,2,620,0,197
MullerSolverTest,2,620,0,270
NewtonSolverTest,4,620,0,185
RiddersSolverTest,2,620,0,159
UnivariateRealSolverFactoryImplTest,3,620,2,75
UnivariateRealSolverUtilsTest,4,620,8,138
SplineInterpolatorTest,7,1786,25,233
TrapezoidIntegratorTest,4,1326,113,220
UnivariateRealSolverFactoryImplTest,6,1727,16,127
UnivariateRealSolverUtilsTest,12,1915,115,235
ArgumentOutsideDomainExceptionTest,4,1236,2,40
BeanListUnivariateImplTest,2,2065,0,199
Patient,9,1915,17,104
VitalStats,9,1915,17,104
BivariateRegressionTest,2,2070,0,226
AbstractComplexFormatTest,2,1478,0,350
ComplexFieldTest,2,219,0,44
ComplexFormatAbstractTest,8,1477,64,414
ComplexFormatTest,9,1853,300,425
ComplexMathTest,4,1906,17,253
ComplexTest,21,1915,923,1090
ComplexUtilsTest,8,1544,601,799
FrenchComplexFormatTest,5,1478,11,42
ContinuedFractionTest,2,2029,0,83
ContractableDoubleArrayTest,4,2095,6,144
ConvergenceExceptionTest,5,1240,4,78
BetaDistributionTest,2,777,0,289
BinomialDistributionTest,21,1915,172,335
CauchyDistributionTest,7,1403,110,206
ChiSquareDistributionTest,23,1915,163,293
ContinuousDistributionAbstractTest,10,1682,51,351
DiscreteDistributionAbstractTest,3,1707,1,340
DistributionFactoryImplTest,22,1915,103,461
ExponentialDistributionTest,23,1915,220,428
FDistributionTest,23,1915,171,296
GammaDistributionTest,26,1915,203,290
HypergeometricDistributionTest,21,1915,308,472
IntegerDistributionAbstractTest,8,1438,70,403
NormalDistributionTest,19,1714,169,333
PascalDistributionTest,6,1288,16,120
PoissonDistributionTest,10,1438,120,245
TDistributionTest,25,1915,186,363
WeibullDistributionTest,7,1397,127,240
ZipfDistributionTest,3,699,7,78
DoubleArrayAbstractTest,4,2095,124,295
DuplicateSampleAbscissaExceptionTest,3,1237,1,39
EmpiricalDistributionTest,3,2080,4,166
EstimatedParameterTest,5,548,0,77
GaussNewtonEstimatorTest,11,548,23,755
LevenbergMarquardtEstimatorTest,15,548,30,874
MinpackTest,8,548,65,1583
WeightedMeasurementTest,6,548,4,131
ExpandableDoubleArrayTest,6,2101,229,487
FixedDoubleArrayTest,2,2092,0,182
BigFractionFieldTest,2,221,0,44
BigFractionFormatTest,4,519,20,321
BigFractionTest,5,522,26,566
FractionFieldTest,2,220,0,44
FractionFormatTest,12,1405,480,656
FractionTest,19,1405,951,1059
FreqTest,2,2105,0,122
FunctionEvaluationExceptionTest,9,1543,110,162
BinaryChromosomeTest,2,313,0,67
BinaryMutationTest,2,313,0,44
ChromosomeTest,2,313,0,111
DummyBinaryChromosome,2,313,0,44
DummyRandomKey,2,313,0,44
ElitisticListPopulationTest,2,313,0,53
FitnessCachingTest,2,313,0,94
FixedGenerationCountTest,2,313,0,63
GeneticAlgorithmTestBinary,2,313,0,121
GeneticAlgorithmTestPermutations,3,313,0,132
ListPopulationTest,2,313,0,61
OnePointCrossoverTest,2,313,0,59
RandomKeyMutationTest,2,313,0,44
RandomKeyTest,4,313,3,169
TournamentSelectionTest,2,313,0,56
FrenchVector3DFormatTest,3,806,4,36
RotationOrderTest,2,1105,0,66
RotationTest,8,1220,222,572
Vector3DFormatAbstractTest,3,806,2,362
Vector3DFormatTest,3,806,4,35
Vector3DTest,7,1220,162,284
Array2DRowRealMatrixTest,2,315,0,1014
ArrayFieldVectorTest,2,315,0,631
ArrayRealVectorTest,2,315,0,1192
BiDiagonalTransformerTest,5,342,0,164
BigMatrixImplTest,24,1649,1190,1750
BlockFieldMatrixTest,3,315,53,1348
BlockRealMatrixTest,4,315,55,1265
CholeskyDecompositionImplTest,6,342,41,200
CholeskySolverTest,5,342,6,144
BiDiagonalTransformerTest,2,567,0,164
CholeskyDecompositionImplTest,2,567,0,159
CholeskySolverTest,3,567,0,140
EigenDecompositionImplTest,3,567,2,390
EigenSolverTest,4,567,2,181
FieldLUDecompositionImplTest,2,462,0,309
LUDecompositionImplTest,2,567,0,303
LUSolverTest,3,567,4,214
QRDecompositionImplTest,4,567,3,271
QRSolverTest,5,567,6,252
SingularValueDecompositionImplTest,2,567,0,224
SingularValueSolverTest,3,567,4,177
TriDiagonalTransformerTest,2,567,0,186
DenseFieldMatrixTest,9,454,158,1452
DenseRealMatrixTest,17,683,576,1467
EigenDecompositionImplTest,16,342,2,392
EigenSolverTest,7,342,6,185
FieldLUDecompositionImplTest,3,342,23,334
FieldMatrixImplTest,9,462,188,1199
FieldVectorImplTest,5,462,30,655
FrenchRealVectorFormatTest,3,795,4,36
InvalidMatrixExceptionTest,8,1726,11,76
LUDecompositionImplTest,9,342,0,303
LUSolverTest,7,342,7,215
MatrixIndexExceptionTest,9,1726,11,76
MatrixUtilsTest,15,1457,348,455
QRDecompositionImplTest,16,342,11,279
QRSolverTest,9,342,12,256
RealMatrixImplTest,56,1915,1193,1605
RealVectorFormatAbstractTest,4,795,41,425
RealVectorFormatTest,3,795,4,35
RealVectorImplTest,9,795,101,1238
SingularValueDecompositionImplTest,9,342,36,260
SingularValueSolverTest,7,342,7,178
SparseFieldMatrixTest,6,418,10,704
SparseFieldVectorTest,4,420,219,437
SparseRealMatrixTest,15,686,101,773
SparseRealVectorTest,15,593,1305,2497
TriDiagonalTransformerTest,6,342,0,186
ListUnivariateImplTest,4,2098,28,184
MathConfigurationExceptionTest,14,1915,58,161
MathExceptionTest,16,1915,139,242
MathTestSuite,4,2105,5,98
MathUtilsTest,3,2045,69,388
MaxIterationsExceededExceptionTest,6,1239,17,55
ClassicalRungeKuttaIntegratorTest,8,1221,42,224
ClassicalRungeKuttaStepInterpolatorTest,3,1221,16,103
ContinuousOutputModelTest,9,1221,131,233
DormandPrince54IntegratorTest,10,1221,42,365
DormandPrince54StepInterpolatorTest,4,1221,60,152
DormandPrince853IntegratorTest,8,1221,33,368
DormandPrince853StepInterpolatorTest,4,1221,60,152
DummyStepInterpolatorTest,6,1096,115,221
EulerIntegratorTest,6,1221,28,153
EulerStepInterpolatorTest,4,1221,17,193
FirstOrderConverterTest,6,1221,21,137
GillIntegratorTest,6,1221,29,208
GillStepInterpolatorTest,3,1221,16,103
GraggBulirschStoerIntegratorTest,11,1221,81,372
GraggBulirschStoerStepInterpolatorTest,4,1221,60,153
HighamHall54IntegratorTest,12,1221,234,430
HighamHall54StepInterpolatorTest,4,1221,60,152
MidpointIntegratorTest,6,1221,28,151
MidpointStepInterpolatorTest,3,1221,16,103
AbstractStepInterpolatorTest,0,0,0,0
AdamsBashforthIntegratorTest,13,325,112,302
AdamsIntegratorTest,5,360,54,368
AdamsMoultonIntegratorTest,13,325,103,297
ClassicalRungeKuttaIntegratorTest,10,841,70,266
ClassicalRungeKuttaStepInterpolatorTest,7,841,33,120
DormandPrince54IntegratorTest,10,841,44,385
DormandPrince54StepInterpolatorTest,8,841,38,177
DormandPrince853IntegratorTest,11,841,49,393
DormandPrince853StepInterpolatorTest,8,841,38,177
EulerIntegratorTest,9,841,66,195
EulerStepInterpolatorTest,11,841,56,233
GillIntegratorTest,10,841,67,252
GillStepInterpolatorTest,7,841,25,112
GraggBulirschStoerIntegratorTest,10,841,45,384
GraggBulirschStoerStepInterpolatorTest,8,841,39,179
HighamHall54IntegratorTest,11,841,47,429
HighamHall54StepInterpolatorTest,8,841,38,177
MidpointIntegratorTest,9,841,66,194
MidpointStepInterpolatorTest,7,841,33,120
StepInterpolatorAbstractTest,5,831,8,100
StepProblem,3,841,1,65
TestProblem1,4,841,4,93
TestProblem2,5,841,5,96
TestProblem3,4,841,4,134
TestProblem4,6,841,8,149
TestProblem5,2,841,0,39
TestProblem6,2,364,0,96
TestProblemAbstract,5,841,8,188
TestProblemFactory,3,841,2,51
TestProblemHandler,6,841,16,168
ThreeEighthesIntegratorTest,10,841,67,249
ThreeEighthesStepInterpolatorTest,7,841,33,120
NordsieckTransformerTest,4,487,182,450
DummyStepInterpolatorTest,8,841,28,222
NordsieckStepInterpolatorTest,7,361,14,108
StepInterpolatorTestUtils,4,363,1,92
StepNormalizerTest,7,841,11,127
StepNormalizerTest,3,1221,16,131
StepProblem,3,1221,17,64
TestProblem1,7,275,2,94
TestProblem2,7,275,2,96
TestProblem3,8,275,5,138
TestProblem4,7,275,2,148
TestProblem5,7,275,5,44
TestProblem6,3,275,3,99
TestProblemAbstract,6,275,3,187
TestProblemFactory,5,275,0,50
TestProblemHandler,6,275,0,150
ThreeEighthesIntegratorTest,6,1221,28,203
ThreeEighthesStepInterpolatorTest,3,1221,16,103
MultiDirectionalTest,7,554,114,343
NelderMeadTest,12,554,304,591
HarmonicFitterTest,2,306,0,132
PolynomialFitterTest,2,306,0,134
EstimatedParameterTest,2,554,0,75
GaussNewtonEstimatorTest,2,554,0,734
GaussNewtonOptimizerTest,11,550,110,683
LevenbergMarquardtEstimatorTest,2,554,0,846
LevenbergMarquardtOptimizerTest,11,549,138,787
MinpackTest,10,554,426,1940
NonLinearConjugateGradientOptimizerTest,6,530,5,510
WeightedMeasurementTest,2,554,0,124
SimplexSolverTest,8,526,85,398
SimplexTableauTest,4,526,11,109
MultiDirectionalTest,7,1219,70,177
MultiStartDifferentiableMultivariateRealOptimizerTest,4,225,8,160
MultiStartDifferentiableMultivariateVectorialOptimizerTest,2,308,0,192
MultiStartMultivariateRealOptimizerTest,3,308,1,84
MultiStartUnivariateRealOptimizerTest,3,225,50,102
NelderMeadTest,11,1219,155,268
BrentMinimizerTest,6,554,67,147
QuinticFunction,2,2012,0,86
AbstractRandomGeneratorTest,8,1384,123,160
CorrelatedRandomVectorGeneratorTest,9,1214,43,171
RandomDataTest,7,2090,170,650
EmpiricalDistributionTest,29,1915,217,380
GaussianRandomGeneratorTest,2,1227,0,47
MersenneTwisterTest,4,203,21,423
RandomAdaptorTest,8,1376,17,120
RandomDataTest,38,1915,793,1431
TestRandomGenerator,7,1384,12,50
UncorrelatedRandomVectorGeneratorTest,4,1227,3,89
UniformRandomGeneratorTest,3,1227,2,49
ValueServerTest,24,1915,84,325
RealMatrixImplTest,3,2105,232,405
RealSolverTest,2,2012,0,151
RetryTestCase,7,1806,11,65
SinFunction,2,2012,0,91
BetaTest,12,1915,27,183
ErfTest,4,1714,7,84
GammaTest,16,1915,93,223
BeanListUnivariateImpl,4,1912,17,179
BeanListUnivariateImplTest,13,1915,21,169
BivariateRegressionTest,13,1915,353,616
CertifiedDataTest,28,1915,297,520
EuclideanIntegerPointTest,2,212,0,64
KMeansPlusPlusClustererTest,2,425,0,97
CovarianceTest,4,576,19,244
PearsonsCorrelationTest,5,565,17,291
SpearmansRankCorrelationTest,5,382,11,133
CertifiedDataAbstractTest,20,1798,200,332
LewTest,6,1798,11,38
LotteryTest,6,1798,11,38
AbstractUnivariateStatisticTest,4,1475,14,105
AggregateSummaryStatisticsTest,6,438,242,315
DescriptiveStatisticsAbstractTest,4,1073,3,401
DescriptiveStatisticsImplTest,9,1475,46,298
DescriptiveStatisticsTest,23,1062,285,351
InteractionTest,4,1475,7,94
ListUnivariateImpl,12,1475,48,266
ListUnivariateImplTest,11,1475,43,219
MixedListUnivariateImplTest,12,1475,38,245
FirstMomentTest,5,1475,9,60
FourthMomentTest,5,1475,9,60
GeometricMeanTest,5,1475,13,102
KurtosisTest,5,1475,13,89
MeanTest,5,1475,13,79
SecondMomentTest,5,1475,9,60
SkewnessTest,5,1475,13,88
StandardDeviationTest,7,1475,48,119
ThirdMomentTest,5,1475,9,60
VarianceTest,8,1475,48,119
VectorialCovarianceTest,5,1227,11,112
VectorialMeanTest,4,1227,10,103
MultivariateSummaryStatisticsTest,10,949,78,372
MaxTest,6,1475,22,97
MedianTest,5,1475,13,72
MinTest,6,1475,22,97
PercentileTest,8,1475,34,185
StatisticalSummaryValuesTest,7,1475,8,87
DescriptiveStatisticsTest,6,1912,50,395
StorelessUnivariateStatisticAbstractTest,8,1475,64,225
ProductTest,5,1475,17,95
SummaryStatisticsAbstractTest,5,1050,19,246
SummaryStatisticsImplTest,9,1475,37,268
SummaryStatisticsTest,11,1056,256,364
SumLogTest,5,1475,13,102
SumSqTest,5,1475,13,88
SumTest,5,1475,13,85
SynchronizedDescriptiveStatisticsTest,5,1088,41,80
SynchronizedMultivariateSummaryStatisticsTest,2,208,0,40
SynchronizedSummaryStatisticsTest,5,1050,3,42
UnivariateStatisticAbstractTest,5,1475,16,90
FrequencyTest,30,1915,260,425
ChiSquareFactoryTest,6,1366,11,52
ChiSquareTestTest,13,1720,161,291
OneWayAnovaTest,5,990,11,154
TestStatisticTest,4,1759,5,288
TestUtilsTest,9,1366,56,502
TTestFactoryTest,5,1366,9,50
TTestTest,15,1720,189,417
ListUnivariateImpl,4,1912,38,258
ListUnivariateImplTest,13,1915,23,201
MixedListUnivariateImplTest,9,1915,22,267
BivariateRegressionTest,3,1757,80,485
SimpleRegressionTest,2,1494,0,247
NaturalRankingTest,8,405,348,536
AbstractMultipleLinearRegressionTest,6,870,45,110
GLSMultipleLinearRegressionTest,9,870,73,134
MultipleLinearRegressionAbstractTest,2,708,0,67
OLSMultipleLinearRegressionTest,17,870,357,410
SimpleRegressionTest,12,1475,154,401
StatUtilsTest,27,1915,349,551
StoreUnivariateImplTest,13,1915,26,317
TestStatisticTest,14,1915,598,930
AbstractUnivariateStatisticTest,4,1752,9,95
BeanListUnivariateImpl,3,1747,22,146
BeanListUnivariateImplTest,3,1756,26,137
DescriptiveStatisticsImplTest,2,1629,0,252
DescriptiveStatisticsTest,9,1756,149,482
UnivariateImplTest,12,1915,0,247
InteractionTest,11,1915,18,147
ListUnivariateImpl,6,1756,29,231
ListUnivariateImplTest,4,1756,39,179
MixedListUnivariateImplTest,3,1756,1,209
FirstMomentTest,4,1727,4,59
FourthMomentTest,2,1588,0,51
GeometricMeanTest,12,1915,50,151
KurtosisTest,13,1915,37,138
MeanTest,13,1915,27,128
SecondMomentTest,2,1588,0,51
SkewnessTest,13,1915,35,137
StandardDeviationTest,13,1915,31,133
ThirdMomentTest,2,1588,0,51
VarianceTest,13,1915,31,133
MaxTest,14,1915,40,141
MedianTest,11,1915,20,121
MinTest,13,1915,36,137
PercentileTest,15,1915,112,219
StatisticalSummaryValuesTest,2,1584,0,79
StorelessUnivariateStatisticAbstractTest,17,1915,135,226
StoreUnivariateImplTest,3,1756,1,254
ProductTest,14,1915,40,141
SummaryStatisticsImplTest,3,1629,63,232
SumLogTest,13,1915,51,152
SumSqTest,13,1915,37,138
SumTest,13,1915,34,135
UnivariateImplTest,6,1912,53,303
UnivariateStatisticAbstractTest,13,1915,40,169
StoreUnivariateImplTest,3,2100,27,173
TestStatisticTest,4,2096,36,151
TestUtils,29,1915,457,535
FastCosineTransformerTest,4,1269,7,127
FastFourierTransformerTest,6,1269,42,183
FastHadamardTransformerTest,4,654,62,130
FastSineTransformerTest,4,1269,7,126
UnivariateImplTest,5,2100,142,271
UnivariateTest,2,2105,0,115
BeanTransformer,6,1912,40,156
BeanTransformerTest,13,1915,62,198
BigRealFieldTest,2,218,0,44
BigRealTest,2,217,0,128
ContinuedFractionTest,15,1915,46,136
ContractableDoubleArrayTest,10,1915,37,113
DefaultTransformerTest,18,1915,104,229
DoubleArrayAbstractTest,13,1915,122,291
ExpandableDoubleArrayTest,11,1915,39,317
FixedDoubleArrayTest,11,1915,17,192
MathUtilsTest,51,1915,1608,1960
OpenIntToDoubleHashMapTest,4,687,15,316
OpenIntToFieldTest,3,434,16,316
ResizableDoubleArrayTest,7,1637,165,516
TestBean,15,1915,32,141
TransformerMapTest,11,1915,34,175
ValueServerTest,5,2080,89,249
