TestCase,MaxChangeProneness,AvgChangeProneness,MinChangeProneness,SumChangeProneness,MaxLinesRatio,AvgLinesRatio,MinLinesRatio,SumLinesRatio
org.jsoup.integration.ConnectTest.canConnectToLocalServer,0.3235294117647059,0.11958424577205559,0.022872827081427266,0.597921228860278,10.205882352941176,2.6490902022057345,0.22689844464775846,13.245451011028672
org.jsoup.integration.ConnectTest.slowReadOk,0.3235294117647059,0.11958424577205559,0.022872827081427266,0.597921228860278,10.205882352941176,2.6490902022057345,0.22689844464775846,13.245451011028672
org.jsoup.integration.ConnectTest.infiniteReadSupported,0.3235294117647059,0.11958424577205559,0.022872827081427266,0.597921228860278,10.205882352941176,2.6490902022057345,0.22689844464775846,13.245451011028672
org.jsoup.parser.TokeniserTest.handleSuperLargeAttributeName,0.2727272727272727,0.08466618600738218,0.022872827081427266,0.5926633020516753,11.090909090909092,2.0401430823106357,0.17918552036199095,14.28100157617445
org.jsoup.parser.TokeniserTest.handleSuperLargeTagNames,0.2727272727272727,0.11340138689009156,0.04247460757156048,0.5670069344504578,11.090909090909092,2.790506987936911,0.47924187725631767,13.952534939684556
org.jsoup.parser.TokeniserTest.handleLargeCdata,0.2727272727272727,0.09425192174749226,0.022872827081427266,0.5655115304849536,11.090909090909092,2.3041233739230154,0.12454873646209386,13.824740243538091
org.jsoup.parser.TokeniserTest.handleLargeTitle,0.2727272727272727,0.09425192174749226,0.022872827081427266,0.5655115304849536,11.090909090909092,2.3041233739230154,0.12454873646209386,13.824740243538091
org.jsoup.parser.TokeniserTest.handleLargeComment,0.2727272727272727,0.09079223462354523,0.017148014440433214,0.5447534077412713,11.090909090909092,2.290585467785831,0.04332129963898917,13.743512806714987
org.jsoup.parser.TokeniserTest.handleLargeText,0.2727272727272727,0.10552107866016762,0.022872827081427266,0.5276053933008381,11.090909090909092,2.7400383014151997,0.22689844464775846,13.700191507075997
org.jsoup.integration.ConnectTest.fetchURIWithWihtespace,0.3235294117647059,0.1172149642547807,0.022872827081427266,0.4688598570191228,10.205882352941176,2.9900631137679983,0.22689844464775846,11.960252455071993
org.jsoup.integration.ConnectTest.multipleParsesOkAfterBufferUp,0.3235294117647059,0.1172149642547807,0.022872827081427266,0.4688598570191228,10.205882352941176,2.9900631137679983,0.22689844464775846,11.960252455071993
org.jsoup.integration.ConnectTest.bodyAndBytesAvailableBeforeParse,0.3235294117647059,0.1172149642547807,0.022872827081427266,0.4688598570191228,10.205882352941176,2.9900631137679983,0.22689844464775846,11.960252455071993
org.jsoup.integration.ConnectTest.parseParseThrowsValidates,0.3235294117647059,0.1172149642547807,0.022872827081427266,0.4688598570191228,10.205882352941176,2.9900631137679983,0.22689844464775846,11.960252455071993
org.jsoup.integration.ConnectTest.postFiles,0.3235294117647059,0.107715613263015,0.02247191011235955,0.43086245305206,10.205882352941176,2.9103339732982785,0.19101123595505617,11.641335893193114
org.jsoup.nodes.ElementTest.insertChildrenAtPosition,0.12906137184115524,0.06152510854404263,0.022872827081427266,0.4306757598082984,1.2851985559566788,0.6128419155171857,0.12454873646209386,4.2898934086202996
org.jsoup.nodes.ElementTest.testChainedRemoveAttributes,0.12906137184115524,0.07028321971463684,0.022872827081427266,0.42169931828782103,1.2851985559566788,0.7362523863251527,0.22689844464775846,4.417514317950916
org.jsoup.nodes.ElementTest.testChildrenElements,0.12906137184115524,0.07028321971463684,0.022872827081427266,0.42169931828782103,1.2851985559566788,0.7362523863251527,0.22689844464775846,4.417514317950916
org.jsoup.nodes.NodeTest.root,0.12906137184115524,0.059209185077199425,0.02245088868101029,0.414464295540396,1.2851985559566788,0.564021762818255,0.22689844464775846,3.9481523397277853
org.jsoup.integration.ConnectTest.doesGet,0.3235294117647059,0.13613018097990015,0.022872827081427266,0.40839054293970045,10.205882352941176,3.8167748857460193,0.22689844464775846,11.450324657238058
org.jsoup.integration.ConnectTest.sendsRequestBodyJsonWithoutData,0.3235294117647059,0.13613018097990015,0.022872827081427266,0.40839054293970045,10.205882352941176,3.8167748857460193,0.22689844464775846,11.450324657238058
org.jsoup.integration.ConnectTest.sendsRequestBodyJsonWithData,0.3235294117647059,0.13613018097990015,0.022872827081427266,0.40839054293970045,10.205882352941176,3.8167748857460193,0.22689844464775846,11.450324657238058
org.jsoup.integration.ConnectTest.bodyAfterParseThrowsValidationError,0.3235294117647059,0.13613018097990015,0.022872827081427266,0.40839054293970045,10.205882352941176,3.8167748857460193,0.22689844464775846,11.450324657238058
org.jsoup.integration.ConnectTest.totalTimeout,0.3235294117647059,0.13613018097990015,0.022872827081427266,0.40839054293970045,10.205882352941176,3.8167748857460193,0.22689844464775846,11.450324657238058
org.jsoup.integration.ConnectTest.doesPut,0.3235294117647059,0.13613018097990015,0.022872827081427266,0.40839054293970045,10.205882352941176,3.8167748857460193,0.22689844464775846,11.450324657238058
org.jsoup.integration.ConnectTest.sendsRequestBody,0.3235294117647059,0.13613018097990015,0.022872827081427266,0.40839054293970045,10.205882352941176,3.8167748857460193,0.22689844464775846,11.450324657238058
org.jsoup.integration.ConnectTest.sendsRequestBodyWithUrlParams,0.3235294117647059,0.13613018097990015,0.022872827081427266,0.40839054293970045,10.205882352941176,3.8167748857460193,0.22689844464775846,11.450324657238058
org.jsoup.integration.ConnectTest.doesPost,0.3235294117647059,0.13613018097990015,0.022872827081427266,0.40839054293970045,10.205882352941176,3.8167748857460193,0.22689844464775846,11.450324657238058
org.jsoup.integration.ConnectTest.exceptOnUnsupportedProtocol,0.3235294117647059,0.13613018097990015,0.022872827081427266,0.40839054293970045,10.205882352941176,3.8167748857460193,0.22689844464775846,11.450324657238058
org.jsoup.integration.ConnectTest.fetchURl,0.3235294117647059,0.13562385097518517,0.022872827081427266,0.40687155292555555,10.205882352941176,3.647569531807623,0.22689844464775846,10.94270859542287
org.jsoup.nodes.NodeTest.unwrap,0.12906137184115524,0.05040845467667755,0.005,0.4032676374134204,1.2851985559566788,0.4588416922333832,0.002,3.670733537867066
org.jsoup.parser.TokeniserTest.bufferUpInAttributeVal,0.2727272727272727,0.0996360053649207,0.022872827081427266,0.3985440214596828,11.090909090909092,3.1037482377798296,0.22689844464775846,12.414992951119318
org.jsoup.parser.HtmlParserTest.parsesUnterminatedComments,0.12906137184115524,0.05582437079305821,0.017148014440433214,0.3907705955514075,1.2851985559566788,0.5017403417696783,0.04332129963898917,3.512182392387748
org.jsoup.integration.UrlConnectTest.ignoresExceptionIfSoConfigured,0.12906137184115524,0.06416711620203713,0.022872827081427266,0.3850026972122228,1.2851985559566788,0.7156934908591174,0.22689844464775846,4.2941609451547045
org.jsoup.integration.UrlConnectTest.ignores500tExceptionIfSoConfigured,0.12906137184115524,0.06416711620203713,0.022872827081427266,0.3850026972122228,1.2851985559566788,0.7156934908591174,0.22689844464775846,4.2941609451547045
org.jsoup.integration.UrlConnectTest.baseHrefCorrectAfterHttpEquiv,0.12906137184115524,0.06416711620203713,0.022872827081427266,0.3850026972122228,1.2851985559566788,0.7156934908591174,0.22689844464775846,4.2941609451547045
org.jsoup.nodes.ElementTest.testNormalizesNbspInText,0.12906137184115524,0.06276216074953456,0.022872827081427266,0.37657296449720734,1.2851985559566788,0.6476543117162478,0.12454873646209386,3.8859258702974864
org.jsoup.nodes.ElementTest.testManipulateTextNodes,0.12906137184115524,0.06276216074953456,0.022872827081427266,0.37657296449720734,1.2851985559566788,0.6476543117162478,0.12454873646209386,3.8859258702974864
org.jsoup.nodes.ElementTest.testGetTextNodes,0.12906137184115524,0.06276216074953456,0.022872827081427266,0.37657296449720734,1.2851985559566788,0.6476543117162478,0.12454873646209386,3.8859258702974864
org.jsoup.nodes.ElementTest.dataset,0.12906137184115524,0.06261173957023251,0.022872827081427266,0.37567043742139505,1.2851985559566788,0.6938336137619757,0.22689844464775846,4.1630016825718545
org.jsoup.nodes.NodeTest.testRemove,0.12906137184115524,0.05219450003275784,0.005,0.3653615002293049,1.2851985559566788,0.5065978287721389,0.002,3.546184801404972
org.jsoup.nodes.NodeTest.nodeIsNotASiblingOfItself,0.12906137184115524,0.06006025003821749,0.02245088868101029,0.3603615002293049,1.2851985559566788,0.5906974669008287,0.22689844464775846,3.544184801404972
org.jsoup.nodes.NodeTest.testReplace,0.12906137184115524,0.06006025003821749,0.02245088868101029,0.3603615002293049,1.2851985559566788,0.5906974669008287,0.22689844464775846,3.544184801404972
org.jsoup.parser.HtmlParserTest.testTemplateInsideTable,0.12906137184115524,0.05969805900653638,0.02247191011235955,0.3581883540392183,1.2851985559566788,0.5892205987069535,0.19101123595505617,3.535323592241721
org.jsoup.parser.HtmlParserTest.caseInsensitiveParseTree,0.12906137184115524,0.07116366970724082,0.023174971031286212,0.3558183485362041,1.2851985559566788,0.643131082669028,0.20625724217844726,3.21565541334514
org.jsoup.parser.HtmlParserTest.caseSensitiveParseTree,0.12906137184115524,0.07116366970724082,0.023174971031286212,0.3558183485362041,1.2851985559566788,0.643131082669028,0.20625724217844726,3.21565541334514
org.jsoup.parser.HtmlParserTest.associatedFormControlsWithDisjointForms,0.12906137184115524,0.05079410635477786,0.005,0.355558744483445,1.2851985559566788,0.48361048503538623,0.002,3.3852733952477037
org.jsoup.nodes.ElementTest.testGetDataNodes,0.12906137184115524,0.0589250913738874,0.014883720930232559,0.3535505482433244,1.2851985559566788,0.6354233207555112,0.05116279069767442,3.812539924533067
org.jsoup.parser.HtmlParserTest.createsFormElements,0.12906137184115524,0.0584264574139075,0.014842300556586271,0.350558744483445,1.2851985559566788,0.5638788992079506,0.03896103896103896,3.383273395247704
org.jsoup.parser.HtmlParserTest.parsesComments,0.12906137184115524,0.05804933132997451,0.017148014440433214,0.34829598797984707,1.2851985559566788,0.4874874624432027,0.04332129963898917,2.924924774659216
org.jsoup.nodes.ElementTest.testPrependNewHtml,0.12906137184115524,0.057277804552181975,0.005,0.34366682731309184,1.2851985559566788,0.6272295223058987,0.002,3.7633771338353923
org.jsoup.nodes.ElementTest.testAddNewElement,0.12906137184115524,0.057277804552181975,0.005,0.34366682731309184,1.2851985559566788,0.6272295223058987,0.002,3.7633771338353923
org.jsoup.nodes.ElementTest.testAddNewHtml,0.12906137184115524,0.057277804552181975,0.005,0.34366682731309184,1.2851985559566788,0.6272295223058987,0.002,3.7633771338353923
org.jsoup.nodes.ElementTest.after,0.12906137184115524,0.057277804552181975,0.005,0.34366682731309184,1.2851985559566788,0.6272295223058987,0.002,3.7633771338353923
org.jsoup.nodes.ElementTest.before,0.12906137184115524,0.057277804552181975,0.005,0.34366682731309184,1.2851985559566788,0.6272295223058987,0.002,3.7633771338353923
org.jsoup.nodes.ElementTest.testAppendRowToTable,0.12906137184115524,0.057277804552181975,0.005,0.34366682731309184,1.2851985559566788,0.6272295223058987,0.002,3.7633771338353923
org.jsoup.nodes.ElementTest.testPrependRowToTable,0.12906137184115524,0.057277804552181975,0.005,0.34366682731309184,1.2851985559566788,0.6272295223058987,0.002,3.7633771338353923
org.jsoup.nodes.ElementTest.testWrapWithRemainder,0.12906137184115524,0.057277804552181975,0.005,0.34366682731309184,1.2851985559566788,0.6272295223058987,0.002,3.7633771338353923
org.jsoup.nodes.ElementTest.testRemoveBeforeIndex,0.12906137184115524,0.057277804552181975,0.005,0.34366682731309184,1.2851985559566788,0.6272295223058987,0.002,3.7633771338353923
org.jsoup.nodes.ElementTest.testWrap,0.12906137184115524,0.057277804552181975,0.005,0.34366682731309184,1.2851985559566788,0.6272295223058987,0.002,3.7633771338353923
org.jsoup.nodes.ElementTest.testRemoveAfterIndex,0.12906137184115524,0.057277804552181975,0.005,0.34366682731309184,1.2851985559566788,0.6272295223058987,0.002,3.7633771338353923
org.jsoup.nodes.ElementTest.insertChildrenAsCopy,0.12906137184115524,0.057277804552181975,0.005,0.34366682731309184,1.2851985559566788,0.6272295223058987,0.002,3.7633771338353923
org.jsoup.nodes.ElementTest.testClone,0.12906137184115524,0.057277804552181975,0.005,0.34366682731309184,1.2851985559566788,0.6272295223058987,0.002,3.7633771338353923
org.jsoup.integration.UrlConnectTest.handlesUt8fInUrl,0.12906137184115524,0.06850561792813245,0.022872827081427266,0.3425280896406623,1.2851985559566788,0.7413806654852345,0.22689844464775846,3.7069033274261725
org.jsoup.integration.UrlConnectTest.handlesUnescapedRedirects,0.12906137184115524,0.06850561792813245,0.022872827081427266,0.3425280896406623,1.2851985559566788,0.7413806654852345,0.22689844464775846,3.7069033274261725
org.jsoup.parser.HtmlParserTest.handlesBlocksInDefinitions,0.12906137184115524,0.05678607398780979,0.005,0.34071644392685874,1.2851985559566788,0.5577187260477775,0.002,3.346312356286665
org.jsoup.parser.HtmlParserTest.parsesBodyFragment,0.12906137184115524,0.05678607398780979,0.005,0.34071644392685874,1.2851985559566788,0.5577187260477775,0.002,3.346312356286665
org.jsoup.nodes.ElementTest.testClassUpdates,0.12906137184115524,0.06773336546261836,0.022872827081427266,0.33866682731309183,1.2851985559566788,0.7522754267670785,0.22689844464775846,3.7613771338353925
org.jsoup.nodes.ElementTest.moveByAppend,0.12906137184115524,0.06773336546261836,0.022872827081427266,0.33866682731309183,1.2851985559566788,0.7522754267670785,0.22689844464775846,3.7613771338353925
org.jsoup.nodes.ElementTest.testGetChildText,0.12906137184115524,0.06773336546261836,0.022872827081427266,0.33866682731309183,1.2851985559566788,0.7522754267670785,0.22689844464775846,3.7613771338353925
org.jsoup.nodes.ElementTest.testRemovingEmptyClassAttributeWhenLastClassRemoved,0.12906137184115524,0.06773336546261836,0.022872827081427266,0.33866682731309183,1.2851985559566788,0.7522754267670785,0.22689844464775846,3.7613771338353925
org.jsoup.nodes.ElementTest.testCssPath,0.12906137184115524,0.06773336546261836,0.022872827081427266,0.33866682731309183,1.2851985559566788,0.7522754267670785,0.22689844464775846,3.7613771338353925
org.jsoup.nodes.ElementTest.testContainerOutput,0.12906137184115524,0.06773336546261836,0.022872827081427266,0.33866682731309183,1.2851985559566788,0.7522754267670785,0.22689844464775846,3.7613771338353925
org.jsoup.nodes.ElementTest.testBrHasSpace,0.12906137184115524,0.06773336546261836,0.022872827081427266,0.33866682731309183,1.2851985559566788,0.7522754267670785,0.22689844464775846,3.7613771338353925
org.jsoup.nodes.ElementTest.testInnerHtml,0.12906137184115524,0.06773336546261836,0.022872827081427266,0.33866682731309183,1.2851985559566788,0.7522754267670785,0.22689844464775846,3.7613771338353925
org.jsoup.nodes.ElementTest.classNamesAndAttributeNameIsCaseInsensitive,0.12906137184115524,0.06773336546261836,0.022872827081427266,0.33866682731309183,1.2851985559566788,0.7522754267670785,0.22689844464775846,3.7613771338353925
org.jsoup.nodes.ElementTest.testLoopedRemoveAttributes,0.12906137184115524,0.06773336546261836,0.022872827081427266,0.33866682731309183,1.2851985559566788,0.7522754267670785,0.22689844464775846,3.7613771338353925
org.jsoup.nodes.ElementTest.parentlessToString,0.12906137184115524,0.06773336546261836,0.022872827081427266,0.33866682731309183,1.2851985559566788,0.7522754267670785,0.22689844464775846,3.7613771338353925
org.jsoup.nodes.ElementTest.testHashAndEqualsAndValue,0.12906137184115524,0.06773336546261836,0.022872827081427266,0.33866682731309183,1.2851985559566788,0.7522754267670785,0.22689844464775846,3.7613771338353925
org.jsoup.nodes.ElementTest.testTagNameSet,0.12906137184115524,0.06773336546261836,0.022872827081427266,0.33866682731309183,1.2851985559566788,0.7522754267670785,0.22689844464775846,3.7613771338353925
org.jsoup.nodes.ElementTest.testGetElementsWithAttributeDash,0.12906137184115524,0.06773336546261836,0.022872827081427266,0.33866682731309183,1.2851985559566788,0.7522754267670785,0.22689844464775846,3.7613771338353925
org.jsoup.nodes.ElementTest.testGetText,0.12906137184115524,0.06773336546261836,0.022872827081427266,0.33866682731309183,1.2851985559566788,0.7522754267670785,0.22689844464775846,3.7613771338353925
org.jsoup.nodes.ElementTest.testClonesClassnames,0.12906137184115524,0.06773336546261836,0.022872827081427266,0.33866682731309183,1.2851985559566788,0.7522754267670785,0.22689844464775846,3.7613771338353925
org.jsoup.nodes.ElementTest.testEmptyElementFormatHtml,0.12906137184115524,0.06773336546261836,0.022872827081427266,0.33866682731309183,1.2851985559566788,0.7522754267670785,0.22689844464775846,3.7613771338353925
org.jsoup.nodes.ElementTest.testIs,0.12906137184115524,0.06773336546261836,0.022872827081427266,0.33866682731309183,1.2851985559566788,0.7522754267670785,0.22689844464775846,3.7613771338353925
org.jsoup.nodes.ElementTest.testNotPretty,0.12906137184115524,0.06773336546261836,0.022872827081427266,0.33866682731309183,1.2851985559566788,0.7522754267670785,0.22689844464775846,3.7613771338353925
org.jsoup.nodes.ElementTest.testElementSiblingIndex,0.12906137184115524,0.06773336546261836,0.022872827081427266,0.33866682731309183,1.2851985559566788,0.7522754267670785,0.22689844464775846,3.7613771338353925
org.jsoup.nodes.ElementTest.elementIsNotASiblingOfItself,0.12906137184115524,0.06773336546261836,0.022872827081427266,0.33866682731309183,1.2851985559566788,0.7522754267670785,0.22689844464775846,3.7613771338353925
org.jsoup.nodes.ElementTest.getNamespacedElementsByTag,0.12906137184115524,0.06773336546261836,0.022872827081427266,0.33866682731309183,1.2851985559566788,0.7522754267670785,0.22689844464775846,3.7613771338353925
org.jsoup.nodes.ElementTest.testSetText,0.12906137184115524,0.06773336546261836,0.022872827081427266,0.33866682731309183,1.2851985559566788,0.7522754267670785,0.22689844464775846,3.7613771338353925
org.jsoup.nodes.ElementTest.testChildThrowsIndexOutOfBoundsOnMissing,0.12906137184115524,0.06773336546261836,0.022872827081427266,0.33866682731309183,1.2851985559566788,0.7522754267670785,0.22689844464775846,3.7613771338353925
org.jsoup.nodes.ElementTest.testHasText,0.12906137184115524,0.06773336546261836,0.022872827081427266,0.33866682731309183,1.2851985559566788,0.7522754267670785,0.22689844464775846,3.7613771338353925
org.jsoup.nodes.ElementTest.testAppendTo,0.12906137184115524,0.06773336546261836,0.022872827081427266,0.33866682731309183,1.2851985559566788,0.7522754267670785,0.22689844464775846,3.7613771338353925
org.jsoup.nodes.ElementTest.testShadowElementsAreUpdated,0.12906137184115524,0.06773336546261836,0.022872827081427266,0.33866682731309183,1.2851985559566788,0.7522754267670785,0.22689844464775846,3.7613771338353925
org.jsoup.nodes.ElementTest.testElementSiblingIndexSameContent,0.12906137184115524,0.06773336546261836,0.022872827081427266,0.33866682731309183,1.2851985559566788,0.7522754267670785,0.22689844464775846,3.7613771338353925
org.jsoup.nodes.ElementTest.testClassNames,0.12906137184115524,0.06773336546261836,0.022872827081427266,0.33866682731309183,1.2851985559566788,0.7522754267670785,0.22689844464775846,3.7613771338353925
org.jsoup.nodes.ElementTest.testNamespacedElements,0.12906137184115524,0.06773336546261836,0.022872827081427266,0.33866682731309183,1.2851985559566788,0.7522754267670785,0.22689844464775846,3.7613771338353925
org.jsoup.nodes.ElementTest.insertChildrenArgumentValidation,0.12906137184115524,0.06773336546261836,0.022872827081427266,0.33866682731309183,1.2851985559566788,0.7522754267670785,0.22689844464775846,3.7613771338353925
org.jsoup.nodes.ElementTest.testGetParents,0.12906137184115524,0.06773336546261836,0.022872827081427266,0.33866682731309183,1.2851985559566788,0.7522754267670785,0.22689844464775846,3.7613771338353925
org.jsoup.nodes.ElementTest.testRelativeUrls,0.12906137184115524,0.06773336546261836,0.022872827081427266,0.33866682731309183,1.2851985559566788,0.7522754267670785,0.22689844464775846,3.7613771338353925
org.jsoup.parser.HtmlParserTest.createsDocumentStructure,0.12906137184115524,0.06714328878537175,0.022872827081427266,0.33571644392685873,1.2851985559566788,0.668862471257333,0.22689844464775846,3.344312356286665
org.jsoup.parser.HtmlParserTest.handlesUnclosedRawtextAtEof,0.12906137184115524,0.06714328878537175,0.022872827081427266,0.33571644392685873,1.2851985559566788,0.668862471257333,0.22689844464775846,3.344312356286665
org.jsoup.parser.HtmlParserTest.handlesInvalidStartTags,0.12906137184115524,0.06714328878537175,0.022872827081427266,0.33571644392685873,1.2851985559566788,0.668862471257333,0.22689844464775846,3.344312356286665
org.jsoup.parser.HtmlParserTest.handlesUnclosedDefinitionLists,0.12906137184115524,0.06714328878537175,0.022872827081427266,0.33571644392685873,1.2851985559566788,0.668862471257333,0.22689844464775846,3.344312356286665
org.jsoup.parser.HtmlParserTest.handlesMultiClosingBody,0.12906137184115524,0.06714328878537175,0.022872827081427266,0.33571644392685873,1.2851985559566788,0.668862471257333,0.22689844464775846,3.344312356286665
org.jsoup.parser.HtmlParserTest.handlesBaseWithoutHref,0.12906137184115524,0.06714328878537175,0.022872827081427266,0.33571644392685873,1.2851985559566788,0.668862471257333,0.22689844464775846,3.344312356286665
org.jsoup.parser.HtmlParserTest.handlesEscapedScript,0.12906137184115524,0.06714328878537175,0.022872827081427266,0.33571644392685873,1.2851985559566788,0.668862471257333,0.22689844464775846,3.344312356286665
org.jsoup.parser.HtmlParserTest.emptyTdTag,0.12906137184115524,0.06714328878537175,0.022872827081427266,0.33571644392685873,1.2851985559566788,0.668862471257333,0.22689844464775846,3.344312356286665
org.jsoup.parser.HtmlParserTest.parsesUnterminatedTextarea,0.12906137184115524,0.06714328878537175,0.022872827081427266,0.33571644392685873,1.2851985559566788,0.668862471257333,0.22689844464775846,3.344312356286665
org.jsoup.parser.HtmlParserTest.handlesProtocolRelativeUrl,0.12906137184115524,0.06714328878537175,0.022872827081427266,0.33571644392685873,1.2851985559566788,0.668862471257333,0.22689844464775846,3.344312356286665
org.jsoup.parser.HtmlParserTest.handlesUnclosedTitle,0.12906137184115524,0.06714328878537175,0.022872827081427266,0.33571644392685873,1.2851985559566788,0.668862471257333,0.22689844464775846,3.344312356286665
org.jsoup.parser.HtmlParserTest.handlesEscapedData,0.12906137184115524,0.06714328878537175,0.022872827081427266,0.33571644392685873,1.2851985559566788,0.668862471257333,0.22689844464775846,3.344312356286665
org.jsoup.parser.HtmlParserTest.handlesSpanInTbody,0.12906137184115524,0.06714328878537175,0.022872827081427266,0.33571644392685873,1.2851985559566788,0.668862471257333,0.22689844464775846,3.344312356286665
org.jsoup.parser.HtmlParserTest.preservesSpaceInScript,0.12906137184115524,0.06714328878537175,0.022872827081427266,0.33571644392685873,1.2851985559566788,0.668862471257333,0.22689844464775846,3.344312356286665
org.jsoup.parser.HtmlParserTest.handlesSolidusInA,0.12906137184115524,0.06714328878537175,0.022872827081427266,0.33571644392685873,1.2851985559566788,0.668862471257333,0.22689844464775846,3.344312356286665
org.jsoup.parser.HtmlParserTest.parsesUnterminatedOption,0.12906137184115524,0.06714328878537175,0.022872827081427266,0.33571644392685873,1.2851985559566788,0.668862471257333,0.22689844464775846,3.344312356286665
org.jsoup.parser.HtmlParserTest.handlesJavadocFont,0.12906137184115524,0.06714328878537175,0.022872827081427266,0.33571644392685873,1.2851985559566788,0.668862471257333,0.22689844464775846,3.344312356286665
org.jsoup.parser.HtmlParserTest.preservesSpaceInTextArea,0.12906137184115524,0.06714328878537175,0.022872827081427266,0.33571644392685873,1.2851985559566788,0.668862471257333,0.22689844464775846,3.344312356286665
org.jsoup.parser.HtmlParserTest.doesNotCreateImplicitLists,0.12906137184115524,0.06714328878537175,0.022872827081427266,0.33571644392685873,1.2851985559566788,0.668862471257333,0.22689844464775846,3.344312356286665
org.jsoup.parser.HtmlParserTest.handlesCdata,0.12906137184115524,0.06714328878537175,0.022872827081427266,0.33571644392685873,1.2851985559566788,0.668862471257333,0.22689844464775846,3.344312356286665
org.jsoup.parser.HtmlParserTest.handlesBaseTags,0.12906137184115524,0.06714328878537175,0.022872827081427266,0.33571644392685873,1.2851985559566788,0.668862471257333,0.22689844464775846,3.344312356286665
org.jsoup.parser.HtmlParserTest.handlesUnclosedScriptAtEof,0.12906137184115524,0.06714328878537175,0.022872827081427266,0.33571644392685873,1.2851985559566788,0.668862471257333,0.22689844464775846,3.344312356286665
org.jsoup.parser.HtmlParserTest.handlesUnknownTags,0.12906137184115524,0.06714328878537175,0.022872827081427266,0.33571644392685873,1.2851985559566788,0.668862471257333,0.22689844464775846,3.344312356286665
org.jsoup.parser.HtmlParserTest.testReinsertionModeForThCelss,0.12906137184115524,0.06714328878537175,0.022872827081427266,0.33571644392685873,1.2851985559566788,0.668862471257333,0.22689844464775846,3.344312356286665
org.jsoup.nodes.ElementTest.testShallowClone,0.12906137184115524,0.06681967138512937,0.022872827081427266,0.3340983569256468,1.2851985559566788,0.6597336505137908,0.12454873646209386,3.2986682525689544
org.jsoup.nodes.ElementTest.getElementsByTagName,0.12906137184115524,0.06681967138512937,0.022872827081427266,0.3340983569256468,1.2851985559566788,0.6597336505137908,0.12454873646209386,3.2986682525689544
org.jsoup.parser.HtmlParserTest.handlesManyChildren,0.12906137184115524,0.08316084437622948,0.06046931407942238,0.3326433775049179,1.2851985559566788,0.7523495427916731,0.47924187725631767,3.0093981711666924
org.jsoup.nodes.NodeTest.after,0.12906137184115524,0.055238634094277796,0.02245088868101029,0.3314318045656668,1.2851985559566788,0.5486691926020436,0.22689844464775846,3.292015155612262
org.jsoup.nodes.NodeTest.before,0.12906137184115524,0.055238634094277796,0.02245088868101029,0.3314318045656668,1.2851985559566788,0.5486691926020436,0.22689844464775846,3.292015155612262
org.jsoup.nodes.NodeTest.orphanNodeReturnsNullForSiblingElements,0.12906137184115524,0.06622443087590926,0.02245088868101029,0.33112215437954634,1.2851985559566788,0.6422652194492183,0.27876520112254444,3.2113260972460917
org.jsoup.parser.AttributeParseTest.dropsSlashFromAttributeName,0.12906137184115524,0.05453762481297874,0.010073260073260074,0.3272257488778724,1.2851985559566788,0.5257430598928813,0.06593406593406594,3.154458359357288
org.jsoup.integration.ConnectTest.canInterruptBodyStringRead,0.3235294117647059,0.3235294117647059,0.3235294117647059,0.3235294117647059,10.205882352941176,10.205882352941176,10.205882352941176,10.205882352941176
org.jsoup.integration.ConnectTest.canInterruptDocumentRead,0.3235294117647059,0.3235294117647059,0.3235294117647059,0.3235294117647059,10.205882352941176,10.205882352941176,10.205882352941176,10.205882352941176
org.jsoup.nodes.NodeTest.childNodesCopy,0.12906137184115524,0.04574787806267017,0.005,0.3202351464386912,1.2851985559566788,0.43065662196450605,0.002,3.0145963537515423
org.jsoup.parser.HtmlParserTest.handlesMisnestedAInDivs,0.12906137184115524,0.0632833614773169,0.022872827081427266,0.3164168073865845,1.2851985559566788,0.5926623961473161,0.20625724217844726,2.9633119807365804
org.jsoup.parser.HtmlParserTest.testNormalisesIsIndex,0.12906137184115524,0.0632833614773169,0.022872827081427266,0.3164168073865845,1.2851985559566788,0.5926623961473161,0.20625724217844726,2.9633119807365804
org.jsoup.parser.HtmlParserTest.doesNotFindShortestMatchingEntity,0.12906137184115524,0.0632833614773169,0.022872827081427266,0.3164168073865845,1.2851985559566788,0.5926623961473161,0.20625724217844726,2.9633119807365804
org.jsoup.helper.DataUtilTest.firstMetaElementWithCharsetShouldBeUsedForDecoding,0.12906137184115524,0.063223595780063,0.016741071428571428,0.31611797890031496,1.2851985559566788,0.5521349020496807,0.18303571428571427,2.760674510248404
org.jsoup.helper.DataUtilTest.secondMetaElementWithContentTypeContainsCharsetParameter,0.12906137184115524,0.063223595780063,0.016741071428571428,0.31611797890031496,1.2851985559566788,0.5521349020496807,0.18303571428571427,2.760674510248404
org.jsoup.helper.DataUtilTest.discardsSpuriousByteOrderMark,0.12906137184115524,0.063223595780063,0.016741071428571428,0.31611797890031496,1.2851985559566788,0.5521349020496807,0.18303571428571427,2.760674510248404
org.jsoup.helper.DataUtilTest.discardsSpuriousByteOrderMarkWhenNoCharsetSet,0.12906137184115524,0.063223595780063,0.016741071428571428,0.31611797890031496,1.2851985559566788,0.5521349020496807,0.18303571428571427,2.760674510248404
org.jsoup.select.SelectorTest.notClass,0.12906137184115524,0.06147286168377384,0.022872827081427266,0.3073643084188692,1.2851985559566788,0.6642137576348542,0.22689844464775846,3.321068788174271
org.jsoup.select.SelectorTest.testCombinedWithContains,0.12906137184115524,0.06147286168377384,0.022872827081427266,0.3073643084188692,1.2851985559566788,0.6642137576348542,0.22689844464775846,3.321068788174271
org.jsoup.select.SelectorTest.matchesOwn,0.12906137184115524,0.06147286168377384,0.022872827081427266,0.3073643084188692,1.2851985559566788,0.6642137576348542,0.22689844464775846,3.321068788174271
org.jsoup.select.SelectorTest.testPsuedoContainsWithParentheses,0.12906137184115524,0.06147286168377384,0.022872827081427266,0.3073643084188692,1.2851985559566788,0.6642137576348542,0.22689844464775846,3.321068788174271
org.jsoup.select.SelectorTest.containsOwn,0.12906137184115524,0.06147286168377384,0.022872827081427266,0.3073643084188692,1.2851985559566788,0.6642137576348542,0.22689844464775846,3.321068788174271
org.jsoup.select.SelectorTest.testByAttributeRegex,0.12906137184115524,0.06147286168377384,0.022872827081427266,0.3073643084188692,1.2851985559566788,0.6642137576348542,0.22689844464775846,3.321068788174271
org.jsoup.select.SelectorTest.textAsElements,0.12906137184115524,0.06147286168377384,0.022872827081427266,0.3073643084188692,1.2851985559566788,0.6642137576348542,0.22689844464775846,3.321068788174271
org.jsoup.select.SelectorTest.testNamespacedTag,0.12906137184115524,0.06147286168377384,0.022872827081427266,0.3073643084188692,1.2851985559566788,0.6642137576348542,0.22689844464775846,3.321068788174271
org.jsoup.select.SelectorTest.testByClass,0.12906137184115524,0.06147286168377384,0.022872827081427266,0.3073643084188692,1.2851985559566788,0.6642137576348542,0.22689844464775846,3.321068788174271
org.jsoup.select.SelectorTest.testGroupOr,0.12906137184115524,0.06147286168377384,0.022872827081427266,0.3073643084188692,1.2851985559566788,0.6642137576348542,0.22689844464775846,3.321068788174271
org.jsoup.select.SelectorTest.handlesCommasInSelector,0.12906137184115524,0.06147286168377384,0.022872827081427266,0.3073643084188692,1.2851985559566788,0.6642137576348542,0.22689844464775846,3.321068788174271
org.jsoup.select.SelectorTest.testCharactersInIdAndClass,0.12906137184115524,0.06147286168377384,0.022872827081427266,0.3073643084188692,1.2851985559566788,0.6642137576348542,0.22689844464775846,3.321068788174271
org.jsoup.select.SelectorTest.testById,0.12906137184115524,0.06147286168377384,0.022872827081427266,0.3073643084188692,1.2851985559566788,0.6642137576348542,0.22689844464775846,3.321068788174271
org.jsoup.select.SelectorTest.testPseudoLessThan,0.12906137184115524,0.06147286168377384,0.022872827081427266,0.3073643084188692,1.2851985559566788,0.6642137576348542,0.22689844464775846,3.321068788174271
org.jsoup.select.SelectorTest.mixCombinator,0.12906137184115524,0.06147286168377384,0.022872827081427266,0.3073643084188692,1.2851985559566788,0.6642137576348542,0.22689844464775846,3.321068788174271
org.jsoup.select.SelectorTest.testByAttributeStarting,0.12906137184115524,0.06147286168377384,0.022872827081427266,0.3073643084188692,1.2851985559566788,0.6642137576348542,0.22689844464775846,3.321068788174271
org.jsoup.select.SelectorTest.testPseudoCombined,0.12906137184115524,0.06147286168377384,0.022872827081427266,0.3073643084188692,1.2851985559566788,0.6642137576348542,0.22689844464775846,3.321068788174271
org.jsoup.select.SelectorTest.parentChildStar,0.12906137184115524,0.06147286168377384,0.022872827081427266,0.3073643084188692,1.2851985559566788,0.6642137576348542,0.22689844464775846,3.321068788174271
org.jsoup.select.SelectorTest.testByAttributeRegexCharacterClass,0.12906137184115524,0.06147286168377384,0.022872827081427266,0.3073643084188692,1.2851985559566788,0.6642137576348542,0.22689844464775846,3.321068788174271
org.jsoup.select.SelectorTest.generalSiblings,0.12906137184115524,0.06147286168377384,0.022872827081427266,0.3073643084188692,1.2851985559566788,0.6642137576348542,0.22689844464775846,3.321068788174271
org.jsoup.select.SelectorTest.testMatches,0.12906137184115524,0.06147286168377384,0.022872827081427266,0.3073643084188692,1.2851985559566788,0.6642137576348542,0.22689844464775846,3.321068788174271
org.jsoup.select.SelectorTest.parentWithClassChild,0.12906137184115524,0.06147286168377384,0.022872827081427266,0.3073643084188692,1.2851985559566788,0.6642137576348542,0.22689844464775846,3.321068788174271
org.jsoup.select.SelectorTest.adjacentSiblingsWithId,0.12906137184115524,0.06147286168377384,0.022872827081427266,0.3073643084188692,1.2851985559566788,0.6642137576348542,0.22689844464775846,3.321068788174271
org.jsoup.select.SelectorTest.testAllElements,0.12906137184115524,0.06147286168377384,0.022872827081427266,0.3073643084188692,1.2851985559566788,0.6642137576348542,0.22689844464775846,3.321068788174271
org.jsoup.select.SelectorTest.testPseudoEquals,0.12906137184115524,0.06147286168377384,0.022872827081427266,0.3073643084188692,1.2851985559566788,0.6642137576348542,0.22689844464775846,3.321068788174271
org.jsoup.select.SelectorTest.notAll,0.12906137184115524,0.06147286168377384,0.022872827081427266,0.3073643084188692,1.2851985559566788,0.6642137576348542,0.22689844464775846,3.321068788174271
org.jsoup.select.SelectorTest.descendant,0.12906137184115524,0.06147286168377384,0.022872827081427266,0.3073643084188692,1.2851985559566788,0.6642137576348542,0.22689844464775846,3.321068788174271
org.jsoup.select.SelectorTest.notParas,0.12906137184115524,0.06147286168377384,0.022872827081427266,0.3073643084188692,1.2851985559566788,0.6642137576348542,0.22689844464775846,3.321068788174271
org.jsoup.select.SelectorTest.testByAttribute,0.12906137184115524,0.06147286168377384,0.022872827081427266,0.3073643084188692,1.2851985559566788,0.6642137576348542,0.22689844464775846,3.321068788174271
org.jsoup.select.SelectorTest.testNestedHas,0.12906137184115524,0.06147286168377384,0.022872827081427266,0.3073643084188692,1.2851985559566788,0.6642137576348542,0.22689844464775846,3.321068788174271
org.jsoup.select.SelectorTest.testWildcardNamespacedTag,0.12906137184115524,0.06147286168377384,0.022872827081427266,0.3073643084188692,1.2851985559566788,0.6642137576348542,0.22689844464775846,3.321068788174271
org.jsoup.select.SelectorTest.adjacentSiblings,0.12906137184115524,0.06147286168377384,0.022872827081427266,0.3073643084188692,1.2851985559566788,0.6642137576348542,0.22689844464775846,3.321068788174271
org.jsoup.select.SelectorTest.testPseudoGreaterThan,0.12906137184115524,0.06147286168377384,0.022872827081427266,0.3073643084188692,1.2851985559566788,0.6642137576348542,0.22689844464775846,3.321068788174271
org.jsoup.select.SelectorTest.parentChildElement,0.12906137184115524,0.06147286168377384,0.022872827081427266,0.3073643084188692,1.2851985559566788,0.6642137576348542,0.22689844464775846,3.321068788174271
org.jsoup.select.SelectorTest.attributeWithBrackets,0.12906137184115524,0.06147286168377384,0.022872827081427266,0.3073643084188692,1.2851985559566788,0.6642137576348542,0.22689844464775846,3.321068788174271
org.jsoup.select.SelectorTest.splitOnBr,0.12906137184115524,0.06147286168377384,0.022872827081427266,0.3073643084188692,1.2851985559566788,0.6642137576348542,0.22689844464775846,3.321068788174271
org.jsoup.select.SelectorTest.testByClassCaseInsensitive,0.12906137184115524,0.06147286168377384,0.022872827081427266,0.3073643084188692,1.2851985559566788,0.6642137576348542,0.22689844464775846,3.321068788174271
org.jsoup.select.SelectorTest.testSupportsLeadingCombinator,0.12906137184115524,0.06147286168377384,0.022872827081427266,0.3073643084188692,1.2851985559566788,0.6642137576348542,0.22689844464775846,3.321068788174271
org.jsoup.select.SelectorTest.testRelaxedTags,0.12906137184115524,0.06147286168377384,0.022872827081427266,0.3073643084188692,1.2851985559566788,0.6642137576348542,0.22689844464775846,3.321068788174271
org.jsoup.select.SelectorTest.testPseudoContains,0.12906137184115524,0.06147286168377384,0.022872827081427266,0.3073643084188692,1.2851985559566788,0.6642137576348542,0.22689844464775846,3.321068788174271
org.jsoup.select.SelectorTest.and,0.12906137184115524,0.06147286168377384,0.022872827081427266,0.3073643084188692,1.2851985559566788,0.6642137576348542,0.22689844464775846,3.321068788174271
org.jsoup.select.SelectorTest.selectClassWithSpace,0.12906137184115524,0.06147286168377384,0.022872827081427266,0.3073643084188692,1.2851985559566788,0.6642137576348542,0.22689844464775846,3.321068788174271
org.jsoup.select.SelectorTest.testGroupOrAttribute,0.12906137184115524,0.06147286168377384,0.022872827081427266,0.3073643084188692,1.2851985559566788,0.6642137576348542,0.22689844464775846,3.321068788174271
org.jsoup.select.SelectorTest.containsData,0.12906137184115524,0.06147286168377384,0.022872827081427266,0.3073643084188692,1.2851985559566788,0.6642137576348542,0.22689844464775846,3.321068788174271
org.jsoup.select.SelectorTest.selectSupplementaryCharacter,0.12906137184115524,0.06147286168377384,0.022872827081427266,0.3073643084188692,1.2851985559566788,0.6642137576348542,0.22689844464775846,3.321068788174271
org.jsoup.select.SelectorTest.multiChildDescent,0.12906137184115524,0.06147286168377384,0.022872827081427266,0.3073643084188692,1.2851985559566788,0.6642137576348542,0.22689844464775846,3.321068788174271
org.jsoup.select.SelectorTest.testPseudoHas,0.12906137184115524,0.06147286168377384,0.022872827081427266,0.3073643084188692,1.2851985559566788,0.6642137576348542,0.22689844464775846,3.321068788174271
org.jsoup.select.SelectorTest.testByTag,0.12906137184115524,0.06147286168377384,0.022872827081427266,0.3073643084188692,1.2851985559566788,0.6642137576348542,0.22689844464775846,3.321068788174271
org.jsoup.select.SelectorTest.testPseudoBetween,0.12906137184115524,0.06147286168377384,0.022872827081427266,0.3073643084188692,1.2851985559566788,0.6642137576348542,0.22689844464775846,3.321068788174271
org.jsoup.select.SelectorTest.mixCombinatorGroup,0.12906137184115524,0.06147286168377384,0.022872827081427266,0.3073643084188692,1.2851985559566788,0.6642137576348542,0.22689844464775846,3.321068788174271
org.jsoup.select.SelectorTest.deeperDescendant,0.12906137184115524,0.06147286168377384,0.022872827081427266,0.3073643084188692,1.2851985559566788,0.6642137576348542,0.22689844464775846,3.321068788174271
org.jsoup.nodes.TextNodeTest.testTextBean,0.12906137184115524,0.04372860943909846,0.005,0.30610026607368923,1.2851985559566788,0.3997430307141515,0.002,2.7982012149990605
org.jsoup.nodes.TextNodeTest.testSplitAnEmbolden,0.12906137184115524,0.04372860943909846,0.005,0.30610026607368923,1.2851985559566788,0.3997430307141515,0.002,2.7982012149990605
org.jsoup.nodes.ElementTest.testHasClassDomMethods,0.12906137184115524,0.075989121000019,0.03700361010830325,0.303956484000076,1.2851985559566788,0.8107213401711105,0.4016245487364621,3.242885360684442
org.jsoup.nodes.ElementTest.testAddBooleanAttribute,0.12906137184115524,0.075989121000019,0.03700361010830325,0.303956484000076,1.2851985559566788,0.8107213401711105,0.4016245487364621,3.242885360684442
org.jsoup.nodes.ElementTest.whiteSpaceClassElement,0.12906137184115524,0.075989121000019,0.03700361010830325,0.303956484000076,1.2851985559566788,0.8107213401711105,0.4016245487364621,3.242885360684442
org.jsoup.parser.AttributeParseTest.parsesBooleanAttributes,0.12906137184115524,0.05032583179252145,0.010073260073260074,0.3019549907551287,1.2851985559566788,0.5128068384729054,0.06593406593406594,3.0768410308374325
org.jsoup.parser.AttributeParseTest.parsesEmptyString,0.12906137184115524,0.05032583179252145,0.010073260073260074,0.3019549907551287,1.2851985559566788,0.5128068384729054,0.06593406593406594,3.0768410308374325
org.jsoup.parser.AttributeParseTest.handlesNewLinesAndReturns,0.12906137184115524,0.05032583179252145,0.010073260073260074,0.3019549907551287,1.2851985559566788,0.5128068384729054,0.06593406593406594,3.0768410308374325
org.jsoup.parser.AttributeParseTest.canStartWithEq,0.12906137184115524,0.05032583179252145,0.010073260073260074,0.3019549907551287,1.2851985559566788,0.5128068384729054,0.06593406593406594,3.0768410308374325
org.jsoup.parser.AttributeParseTest.parsesRoughAttributeString,0.12906137184115524,0.05032583179252145,0.010073260073260074,0.3019549907551287,1.2851985559566788,0.5128068384729054,0.06593406593406594,3.0768410308374325
org.jsoup.nodes.ElementTest.testPrependText,0.12906137184115524,0.06023844394830626,0.005,0.3011922197415313,1.2851985559566788,0.635223903221372,0.002,3.1761195161068603
org.jsoup.nodes.ElementTest.testSetHtml,0.12906137184115524,0.06023844394830626,0.005,0.3011922197415313,1.2851985559566788,0.635223903221372,0.002,3.1761195161068603
org.jsoup.nodes.ElementTest.testAddNewText,0.12906137184115524,0.06023844394830626,0.005,0.3011922197415313,1.2851985559566788,0.635223903221372,0.002,3.1761195161068603
org.jsoup.nodes.TextNodeTest.testSplitText,0.12906137184115524,0.050183377678948204,0.008316008316008316,0.3011002660736892,1.2851985559566788,0.4660335358331768,0.062370062370062374,2.7962012149990607
org.jsoup.integration.UrlConnectTest.fetchHandlesXml,0.06813627254509018,0.049819342843640035,0.022872827081427266,0.2989160570618402,1.0175438596491229,0.5178673151507098,0.20625724217844726,3.107203890904259
org.jsoup.integration.UrlConnectTest.fetchHandlesXmlAsHtmlWhenParserSet,0.06813627254509018,0.049819342843640035,0.022872827081427266,0.2989160570618402,1.0175438596491229,0.5178673151507098,0.20625724217844726,3.107203890904259
org.jsoup.helper.W3CDomTest.handlesInvalidAttributeNames,0.12906137184115524,0.04972606357385511,0.016908212560386472,0.29835638144313065,1.2851985559566788,0.4912411112291057,0.13768115942028986,2.947446667374634
org.jsoup.parser.HtmlParserTest.handlesKnownEmptyBlocks,0.12906137184115524,0.05964836727105967,0.005,0.29824183635529833,1.2851985559566788,0.5518109477116265,0.002,2.7590547385581328
org.jsoup.parser.HtmlParserTest.handlesUnknownInlineTags,0.12906137184115524,0.05964836727105967,0.005,0.29824183635529833,1.2851985559566788,0.5518109477116265,0.002,2.7590547385581328
org.jsoup.parser.HtmlParserTest.testSpaceAfterTag,0.12906137184115524,0.05964836727105967,0.005,0.29824183635529833,1.2851985559566788,0.5518109477116265,0.002,2.7590547385581328
org.jsoup.parser.HtmlParserTest.noTableDirectInTable,0.12906137184115524,0.05964836727105967,0.005,0.29824183635529833,1.2851985559566788,0.5518109477116265,0.002,2.7590547385581328
org.jsoup.parser.HtmlParserTest.handlesUnexpectedMarkupInTables,0.12906137184115524,0.05964836727105967,0.005,0.29824183635529833,1.2851985559566788,0.5518109477116265,0.002,2.7590547385581328
org.jsoup.parser.HtmlParserTest.discardsNakedTds,0.12906137184115524,0.05964836727105967,0.005,0.29824183635529833,1.2851985559566788,0.5518109477116265,0.002,2.7590547385581328
org.jsoup.parser.HtmlParserTest.handlesWhatWgExpensesTableExample,0.12906137184115524,0.05964836727105967,0.005,0.29824183635529833,1.2851985559566788,0.5518109477116265,0.002,2.7590547385581328
org.jsoup.parser.HtmlParserTest.handlesImplicitCaptionClose,0.12906137184115524,0.05964836727105967,0.005,0.29824183635529833,1.2851985559566788,0.5518109477116265,0.002,2.7590547385581328
org.jsoup.parser.HtmlParserTest.testSpanContents,0.12906137184115524,0.05964836727105967,0.005,0.29824183635529833,1.2851985559566788,0.5518109477116265,0.002,2.7590547385581328
org.jsoup.parser.HtmlParserTest.handlesNestedImplicitTable,0.12906137184115524,0.05964836727105967,0.005,0.29824183635529833,1.2851985559566788,0.5518109477116265,0.002,2.7590547385581328
org.jsoup.parser.HtmlParserTest.testAFlowContents,0.12906137184115524,0.05964836727105967,0.005,0.29824183635529833,1.2851985559566788,0.5518109477116265,0.002,2.7590547385581328
org.jsoup.parser.HtmlParserTest.testHgroup,0.12906137184115524,0.05964836727105967,0.005,0.29824183635529833,1.2851985559566788,0.5518109477116265,0.002,2.7590547385581328
org.jsoup.parser.HtmlParserTest.testFontFlowContents,0.12906137184115524,0.05964836727105967,0.005,0.29824183635529833,1.2851985559566788,0.5518109477116265,0.002,2.7590547385581328
org.jsoup.parser.HtmlParserTest.testRelaxedTags,0.12906137184115524,0.05964836727105967,0.005,0.29824183635529833,1.2851985559566788,0.5518109477116265,0.002,2.7590547385581328
org.jsoup.parser.HtmlParserTest.handlesUnknownNamespaceTags,0.12906137184115524,0.05964836727105967,0.005,0.29824183635529833,1.2851985559566788,0.5518109477116265,0.002,2.7590547385581328
org.jsoup.parser.HtmlParserTest.handlesTbodyTable,0.12906137184115524,0.05964836727105967,0.005,0.29824183635529833,1.2851985559566788,0.5518109477116265,0.002,2.7590547385581328
org.jsoup.parser.HtmlParserTest.ignoresDupeEndTrTag,0.12906137184115524,0.05964836727105967,0.005,0.29824183635529833,1.2851985559566788,0.5518109477116265,0.002,2.7590547385581328
org.jsoup.parser.HtmlParserTest.testHeaderContents,0.12906137184115524,0.05964836727105967,0.005,0.29824183635529833,1.2851985559566788,0.5518109477116265,0.002,2.7590547385581328
org.jsoup.nodes.DocumentTest.testClone,0.12906137184115524,0.0496933500053359,0.005,0.29816010003201543,1.2851985559566788,0.5047748938242692,0.002,3.0286493629456155
org.jsoup.safety.CleanerTest.handlesFramesets,0.12906137184115524,0.049524710178300596,0.019029495718363463,0.2971482610698036,1.2851985559566788,0.4950224169898729,0.1636536631779258,2.9701345019392376
org.jsoup.nodes.ElementTest.testGetSiblingsWithDuplicateContent,0.12906137184115524,0.07404805493538283,0.022872827081427266,0.2961922197415313,1.2851985559566788,0.7935298790267151,0.22689844464775846,3.1741195161068605
org.jsoup.nodes.ElementTest.testPrependElement,0.12906137184115524,0.07404805493538283,0.022872827081427266,0.2961922197415313,1.2851985559566788,0.7935298790267151,0.22689844464775846,3.1741195161068605
org.jsoup.nodes.ElementTest.testNextElementSiblingAfterClone,0.12906137184115524,0.07404805493538283,0.022872827081427266,0.2961922197415313,1.2851985559566788,0.7935298790267151,0.22689844464775846,3.1741195161068605
org.jsoup.nodes.ElementTest.testGetElementById,0.12906137184115524,0.07404805493538283,0.022872827081427266,0.2961922197415313,1.2851985559566788,0.7935298790267151,0.22689844464775846,3.1741195161068605
org.jsoup.nodes.ElementTest.testKeepsPreTextInCode,0.12906137184115524,0.07404805493538283,0.022872827081427266,0.2961922197415313,1.2851985559566788,0.7935298790267151,0.22689844464775846,3.1741195161068605
org.jsoup.nodes.ElementTest.testClassDomMethods,0.12906137184115524,0.07404805493538283,0.022872827081427266,0.2961922197415313,1.2851985559566788,0.7935298790267151,0.22689844464775846,3.1741195161068605
org.jsoup.nodes.ElementTest.testNoIndentOnScriptAndStyle,0.12906137184115524,0.07404805493538283,0.022872827081427266,0.2961922197415313,1.2851985559566788,0.7935298790267151,0.22689844464775846,3.1741195161068605
org.jsoup.nodes.ElementTest.testSetHtmlTitle,0.12906137184115524,0.07404805493538283,0.022872827081427266,0.2961922197415313,1.2851985559566788,0.7935298790267151,0.22689844464775846,3.1741195161068605
org.jsoup.nodes.ElementTest.testThrowsOnPrependNullText,0.12906137184115524,0.07404805493538283,0.022872827081427266,0.2961922197415313,1.2851985559566788,0.7935298790267151,0.22689844464775846,3.1741195161068605
org.jsoup.nodes.ElementTest.testKeepsPreTextAtDepth,0.12906137184115524,0.07404805493538283,0.022872827081427266,0.2961922197415313,1.2851985559566788,0.7935298790267151,0.22689844464775846,3.1741195161068605
org.jsoup.nodes.ElementTest.testGetElementsWithAttributeValue,0.12906137184115524,0.07404805493538283,0.022872827081427266,0.2961922197415313,1.2851985559566788,0.7935298790267151,0.22689844464775846,3.1741195161068605
org.jsoup.nodes.ElementTest.testThrowsOnAddNullText,0.12906137184115524,0.07404805493538283,0.022872827081427266,0.2961922197415313,1.2851985559566788,0.7935298790267151,0.22689844464775846,3.1741195161068605
org.jsoup.nodes.ElementTest.testGetSiblings,0.12906137184115524,0.07404805493538283,0.022872827081427266,0.2961922197415313,1.2851985559566788,0.7935298790267151,0.22689844464775846,3.1741195161068605
org.jsoup.nodes.ElementTest.testGetElementsWithAttribute,0.12906137184115524,0.07404805493538283,0.022872827081427266,0.2961922197415313,1.2851985559566788,0.7935298790267151,0.22689844464775846,3.1741195161068605
org.jsoup.nodes.ElementTest.testGetElementsWithClass,0.12906137184115524,0.07404805493538283,0.022872827081427266,0.2961922197415313,1.2851985559566788,0.7935298790267151,0.22689844464775846,3.1741195161068605
org.jsoup.parser.XmlTreeBuilderTest.testDoesNotForceSelfClosingKnownTags,0.12906137184115524,0.05912719301307743,0.020958083832335328,0.29563596506538714,1.2851985559566788,0.5505527363365428,0.22689844464775846,2.7527636816827137
org.jsoup.integration.UrlConnectTest.postHtmlFile,0.06813627254509018,0.04189364800571619,0.014842300556586271,0.2932555360400133,1.0175438596491229,0.46270495201630296,0.03896103896103896,3.2389346641141206
org.jsoup.parser.HtmlParserTest.handlesUnclosedAnchors,0.12906137184115524,0.07331045908882458,0.022872827081427266,0.2932418363552983,1.2851985559566788,0.6892636846395332,0.22689844464775846,2.757054738558133
org.jsoup.parser.HtmlParserTest.reconstructFormattingElementsInTable,0.12906137184115524,0.07331045908882458,0.022872827081427266,0.2932418363552983,1.2851985559566788,0.6892636846395332,0.22689844464775846,2.757054738558133
org.jsoup.parser.HtmlParserTest.handlesNewlinesAndWhitespaceInTag,0.12906137184115524,0.07331045908882458,0.022872827081427266,0.2932418363552983,1.2851985559566788,0.6892636846395332,0.22689844464775846,2.757054738558133
org.jsoup.parser.HtmlParserTest.parsesRoughAttributes,0.12906137184115524,0.07331045908882458,0.022872827081427266,0.2932418363552983,1.2851985559566788,0.6892636846395332,0.22689844464775846,2.757054738558133
org.jsoup.parser.HtmlParserTest.relaxedBaseEntityMatchAndStrictExtendedMatch,0.12906137184115524,0.07331045908882458,0.022872827081427266,0.2932418363552983,1.2851985559566788,0.6892636846395332,0.22689844464775846,2.757054738558133
org.jsoup.parser.HtmlParserTest.handlesNullInData,0.12906137184115524,0.07331045908882458,0.022872827081427266,0.2932418363552983,1.2851985559566788,0.6892636846395332,0.22689844464775846,2.757054738558133
org.jsoup.parser.HtmlParserTest.handlesUnclosedCdataAtEOF,0.12906137184115524,0.07331045908882458,0.022872827081427266,0.2932418363552983,1.2851985559566788,0.6892636846395332,0.22689844464775846,2.757054738558133
org.jsoup.parser.HtmlParserTest.handlesSolidusAtAttributeEnd,0.12906137184115524,0.07331045908882458,0.022872827081427266,0.2932418363552983,1.2851985559566788,0.6892636846395332,0.22689844464775846,2.757054738558133
org.jsoup.parser.HtmlParserTest.convertsImageToImg,0.12906137184115524,0.07331045908882458,0.022872827081427266,0.2932418363552983,1.2851985559566788,0.6892636846395332,0.22689844464775846,2.757054738558133
org.jsoup.parser.HtmlParserTest.handlesNullInComments,0.12906137184115524,0.07331045908882458,0.022872827081427266,0.2932418363552983,1.2851985559566788,0.6892636846395332,0.22689844464775846,2.757054738558133
org.jsoup.parser.HtmlParserTest.handles0CharacterAsText,0.12906137184115524,0.07331045908882458,0.022872827081427266,0.2932418363552983,1.2851985559566788,0.6892636846395332,0.22689844464775846,2.757054738558133
org.jsoup.parser.HtmlParserTest.parsesSimpleDocument,0.12906137184115524,0.07331045908882458,0.022872827081427266,0.2932418363552983,1.2851985559566788,0.6892636846395332,0.22689844464775846,2.757054738558133
org.jsoup.parser.HtmlParserTest.handlesTagsInTextarea,0.12906137184115524,0.07331045908882458,0.022872827081427266,0.2932418363552983,1.2851985559566788,0.6892636846395332,0.22689844464775846,2.757054738558133
org.jsoup.parser.HtmlParserTest.handlesControlCodeInAttributeName,0.12906137184115524,0.07331045908882458,0.022872827081427266,0.2932418363552983,1.2851985559566788,0.6892636846395332,0.22689844464775846,2.757054738558133
org.jsoup.parser.HtmlParserTest.reconstructFormattingElements,0.12906137184115524,0.07331045908882458,0.022872827081427266,0.2932418363552983,1.2851985559566788,0.6892636846395332,0.22689844464775846,2.757054738558133
org.jsoup.parser.HtmlParserTest.testFragment,0.12906137184115524,0.07331045908882458,0.022872827081427266,0.2932418363552983,1.2851985559566788,0.6892636846395332,0.22689844464775846,2.757054738558133
org.jsoup.parser.HtmlParserTest.handlesDataOnlyTags,0.12906137184115524,0.07331045908882458,0.022872827081427266,0.2932418363552983,1.2851985559566788,0.6892636846395332,0.22689844464775846,2.757054738558133
org.jsoup.parser.HtmlParserTest.noImplicitFormForTextAreas,0.12906137184115524,0.07331045908882458,0.022872827081427266,0.2932418363552983,1.2851985559566788,0.6892636846395332,0.22689844464775846,2.757054738558133
org.jsoup.parser.HtmlParserTest.handlesQuotesInCommentsInScripts,0.12906137184115524,0.07331045908882458,0.022872827081427266,0.2932418363552983,1.2851985559566788,0.6892636846395332,0.22689844464775846,2.757054738558133
org.jsoup.parser.HtmlParserTest.handlesMisnestedTagsBP,0.12906137184115524,0.07331045908882458,0.022872827081427266,0.2932418363552983,1.2851985559566788,0.6892636846395332,0.22689844464775846,2.757054738558133
org.jsoup.parser.HtmlParserTest.parsesQuiteRoughAttributes,0.12906137184115524,0.07331045908882458,0.022872827081427266,0.2932418363552983,1.2851985559566788,0.6892636846395332,0.22689844464775846,2.757054738558133
org.jsoup.parser.HtmlParserTest.handlesMisnestedTagsBI,0.12906137184115524,0.07331045908882458,0.022872827081427266,0.2932418363552983,1.2851985559566788,0.6892636846395332,0.22689844464775846,2.757054738558133
org.jsoup.nodes.DocumentTest.testTitles,0.12906137184115524,0.058632020006403086,0.022872827081427266,0.2931601000320154,1.2851985559566788,0.6053298725891232,0.22689844464775846,3.0266493629456157
org.jsoup.nodes.DocumentTest.setTextPreservesDocumentStructure,0.12906137184115524,0.058632020006403086,0.022872827081427266,0.2931601000320154,1.2851985559566788,0.6053298725891232,0.22689844464775846,3.0266493629456157
org.jsoup.select.ElementsTest.unwrapP,0.12906137184115524,0.04855023512948209,0.005,0.29130141077689253,1.2851985559566788,0.49236099419171137,0.002,2.9541659651502683
org.jsoup.select.ElementsTest.unwrap,0.12906137184115524,0.04855023512948209,0.005,0.29130141077689253,1.2851985559566788,0.49236099419171137,0.002,2.9541659651502683
org.jsoup.select.ElementsTest.after,0.12906137184115524,0.04855023512948209,0.005,0.29130141077689253,1.2851985559566788,0.49236099419171137,0.002,2.9541659651502683
org.jsoup.select.ElementsTest.wrapDiv,0.12906137184115524,0.04855023512948209,0.005,0.29130141077689253,1.2851985559566788,0.49236099419171137,0.002,2.9541659651502683
org.jsoup.select.ElementsTest.setHtml,0.12906137184115524,0.04855023512948209,0.005,0.29130141077689253,1.2851985559566788,0.49236099419171137,0.002,2.9541659651502683
org.jsoup.select.ElementsTest.before,0.12906137184115524,0.04855023512948209,0.005,0.29130141077689253,1.2851985559566788,0.49236099419171137,0.002,2.9541659651502683
org.jsoup.select.CssTest.root,0.12906137184115524,0.05788386941627498,0.0033112582781456954,0.2894193470813749,1.2851985559566788,0.5628994410412396,0.028145695364238412,2.8144972052061976
org.jsoup.select.ElementsTest.unwrapKeepsSpace,0.12906137184115524,0.057260282155378504,0.022872827081427266,0.28630141077689253,1.2851985559566788,0.5904331930300537,0.22689844464775846,2.9521659651502685
org.jsoup.select.ElementsTest.remove,0.12906137184115524,0.057260282155378504,0.022872827081427266,0.28630141077689253,1.2851985559566788,0.5904331930300537,0.22689844464775846,2.9521659651502685
org.jsoup.select.ElementsTest.filter,0.12906137184115524,0.057260282155378504,0.022872827081427266,0.28630141077689253,1.2851985559566788,0.5904331930300537,0.22689844464775846,2.9521659651502685
org.jsoup.select.ElementsTest.classes,0.12906137184115524,0.057260282155378504,0.022872827081427266,0.28630141077689253,1.2851985559566788,0.5904331930300537,0.22689844464775846,2.9521659651502685
org.jsoup.select.ElementsTest.eq,0.12906137184115524,0.057260282155378504,0.022872827081427266,0.28630141077689253,1.2851985559566788,0.5904331930300537,0.22689844464775846,2.9521659651502685
org.jsoup.select.ElementsTest.empty,0.12906137184115524,0.057260282155378504,0.022872827081427266,0.28630141077689253,1.2851985559566788,0.5904331930300537,0.22689844464775846,2.9521659651502685
org.jsoup.select.ElementsTest.tagNameSet,0.12906137184115524,0.057260282155378504,0.022872827081427266,0.28630141077689253,1.2851985559566788,0.5904331930300537,0.22689844464775846,2.9521659651502685
org.jsoup.select.ElementsTest.hasClassCaseInsensitive,0.12906137184115524,0.057260282155378504,0.022872827081427266,0.28630141077689253,1.2851985559566788,0.5904331930300537,0.22689844464775846,2.9521659651502685
org.jsoup.select.ElementsTest.val,0.12906137184115524,0.057260282155378504,0.022872827081427266,0.28630141077689253,1.2851985559566788,0.5904331930300537,0.22689844464775846,2.9521659651502685
org.jsoup.select.ElementsTest.not,0.12906137184115524,0.057260282155378504,0.022872827081427266,0.28630141077689253,1.2851985559566788,0.5904331930300537,0.22689844464775846,2.9521659651502685
org.jsoup.select.ElementsTest.siblings,0.12906137184115524,0.057260282155378504,0.022872827081427266,0.28630141077689253,1.2851985559566788,0.5904331930300537,0.22689844464775846,2.9521659651502685
org.jsoup.select.ElementsTest.attributes,0.12906137184115524,0.057260282155378504,0.022872827081427266,0.28630141077689253,1.2851985559566788,0.5904331930300537,0.22689844464775846,2.9521659651502685
org.jsoup.select.ElementsTest.parents,0.12906137184115524,0.057260282155378504,0.022872827081427266,0.28630141077689253,1.2851985559566788,0.5904331930300537,0.22689844464775846,2.9521659651502685
org.jsoup.select.ElementsTest.wrap,0.12906137184115524,0.057260282155378504,0.022872827081427266,0.28630141077689253,1.2851985559566788,0.5904331930300537,0.22689844464775846,2.9521659651502685
org.jsoup.nodes.NodeTest.unwrapNoChildren,0.12906137184115524,0.04705483487576262,0.005,0.2823290092545757,1.2851985559566788,0.48167460288157476,0.002,2.8900476172894485
org.jsoup.nodes.FormElementTest.controlsAddedAfterParseAreLinkedWithForms,0.12906137184115524,0.04680869109126523,0.011131725417439703,0.2808521465475914,1.2851985559566788,0.4549793513648613,0.03896103896103896,2.729876108189168
org.jsoup.nodes.FormElementTest.formsAddedAfterParseAreFormElements,0.12906137184115524,0.04680869109126523,0.011131725417439703,0.2808521465475914,1.2851985559566788,0.4549793513648613,0.03896103896103896,2.729876108189168
org.jsoup.nodes.EntitiesTest.letterDigitEntities,0.12906137184115524,0.05599272787754091,0.022872827081427266,0.2799636393877045,1.2851985559566788,0.5610811126518529,0.1961231470923603,2.8054055632592645
org.jsoup.nodes.EntitiesTest.escapesGtInXmlAttributesButNotInHtml,0.12906137184115524,0.05599272787754091,0.022872827081427266,0.2799636393877045,1.2851985559566788,0.5610811126518529,0.1961231470923603,2.8054055632592645
org.jsoup.integration.ParseTest.testBaidu,0.12906137184115524,0.05547000613718499,0.02247191011235955,0.27735003068592495,1.2851985559566788,0.560058730424392,0.19101123595505617,2.8002936521219604
org.jsoup.integration.ParseTest.testNytArticle,0.12906137184115524,0.05547000613718499,0.02247191011235955,0.27735003068592495,1.2851985559566788,0.560058730424392,0.19101123595505617,2.8002936521219604
org.jsoup.integration.ParseTest.testYahooJp,0.12906137184115524,0.05547000613718499,0.02247191011235955,0.27735003068592495,1.2851985559566788,0.560058730424392,0.19101123595505617,2.8002936521219604
org.jsoup.integration.ParseTest.testGoogleSearchIpod,0.12906137184115524,0.05547000613718499,0.02247191011235955,0.27735003068592495,1.2851985559566788,0.560058730424392,0.19101123595505617,2.8002936521219604
org.jsoup.integration.ParseTest.testLowercaseUtf8Charset,0.12906137184115524,0.05547000613718499,0.02247191011235955,0.27735003068592495,1.2851985559566788,0.560058730424392,0.19101123595505617,2.8002936521219604
org.jsoup.integration.ParseTest.testYahooArticle,0.12906137184115524,0.05547000613718499,0.02247191011235955,0.27735003068592495,1.2851985559566788,0.560058730424392,0.19101123595505617,2.8002936521219604
org.jsoup.integration.ParseTest.testNewsHomepage,0.12906137184115524,0.05547000613718499,0.02247191011235955,0.27735003068592495,1.2851985559566788,0.560058730424392,0.19101123595505617,2.8002936521219604
org.jsoup.nodes.NodeTest.handlesAbsPrefixOnHasAttr,0.12906137184115524,0.05546580185091514,0.02245088868101029,0.2773290092545757,1.2851985559566788,0.5776095234578897,0.22689844464775846,2.8880476172894487
org.jsoup.nodes.NodeTest.ownerDocument,0.12906137184115524,0.05546580185091514,0.02245088868101029,0.2773290092545757,1.2851985559566788,0.5776095234578897,0.22689844464775846,2.8880476172894487
org.jsoup.nodes.NodeTest.handlesAbsPrefix,0.12906137184115524,0.05546580185091514,0.02245088868101029,0.2773290092545757,1.2851985559566788,0.5776095234578897,0.22689844464775846,2.8880476172894487
org.jsoup.nodes.NodeTest.changingAttributeValueShouldReplaceExistingAttributeCaseInsensitive,0.12906137184115524,0.05546580185091514,0.02245088868101029,0.2773290092545757,1.2851985559566788,0.5776095234578897,0.22689844464775846,2.8880476172894487
org.jsoup.nodes.NodeTest.literalAbsPrefix,0.12906137184115524,0.05546580185091514,0.02245088868101029,0.2773290092545757,1.2851985559566788,0.5776095234578897,0.22689844464775846,2.8880476172894487
org.jsoup.nodes.NodeTest.handlesAbsOnImage,0.12906137184115524,0.05546580185091514,0.02245088868101029,0.2773290092545757,1.2851985559566788,0.5776095234578897,0.22689844464775846,2.8880476172894487
org.jsoup.nodes.NodeTest.absHandlesRelativeQuery,0.12906137184115524,0.05546580185091514,0.02245088868101029,0.2773290092545757,1.2851985559566788,0.5776095234578897,0.22689844464775846,2.8880476172894487
org.jsoup.nodes.NodeTest.handleAbsOnFileUris,0.12906137184115524,0.05546580185091514,0.02245088868101029,0.2773290092545757,1.2851985559566788,0.5776095234578897,0.22689844464775846,2.8880476172894487
org.jsoup.nodes.NodeTest.absHandlesDotFromIndex,0.12906137184115524,0.05546580185091514,0.02245088868101029,0.2773290092545757,1.2851985559566788,0.5776095234578897,0.22689844464775846,2.8880476172894487
org.jsoup.nodes.NodeTest.setBaseUriIsRecursive,0.12906137184115524,0.05546580185091514,0.02245088868101029,0.2773290092545757,1.2851985559566788,0.5776095234578897,0.22689844464775846,2.8880476172894487
org.jsoup.nodes.NodeTest.handlesAbsOnProtocolessAbsoluteUris,0.12906137184115524,0.05546580185091514,0.02245088868101029,0.2773290092545757,1.2851985559566788,0.5776095234578897,0.22689844464775846,2.8880476172894487
org.jsoup.nodes.NodeTest.traverse,0.12906137184115524,0.05546580185091514,0.02245088868101029,0.2773290092545757,1.2851985559566788,0.5776095234578897,0.22689844464775846,2.8880476172894487
org.jsoup.nodes.NodeTest.supportsClone,0.12906137184115524,0.05546580185091514,0.02245088868101029,0.2773290092545757,1.2851985559566788,0.5776095234578897,0.22689844464775846,2.8880476172894487
org.jsoup.nodes.NodeTest.handleAbsOnLocalhostFileUris,0.12906137184115524,0.05546580185091514,0.02245088868101029,0.2773290092545757,1.2851985559566788,0.5776095234578897,0.22689844464775846,2.8880476172894487
org.jsoup.parser.XmlTreeBuilderTest.testSupplyParserToConnection,0.06227436823104693,0.03943392926990852,0.005,0.27603750488935963,1.0175438596491229,0.4391952290148128,0.002,3.0743666031036896
org.jsoup.nodes.ElementTest.appendMustCorrectlyMoveChildrenInsideOneParentElement,0.12906137184115524,0.0911064642200347,0.06046931407942238,0.2733193926601041,1.2851985559566788,0.9824070238197007,0.509927797833935,2.947221071459102
org.jsoup.parser.XmlTreeBuilderTest.handlesXmlDeclarationAsDeclaration,0.08303249097472924,0.04546367587170789,0.020958083832335328,0.27278205523024734,0.6561371841155235,0.3883265920033343,0.20625724217844726,2.329959552020006
org.jsoup.nodes.DocumentTest.testMetaCharsetUpdateEnabledAfterCharsetChange,0.12906137184115524,0.06757181823764705,0.03828197945845005,0.2702872729505882,1.2851985559566788,0.6999377295744643,0.4173669467787115,2.7997509182978573
org.jsoup.nodes.DocumentTest.testMetaCharsetUpdateDisabledNoChanges,0.12906137184115524,0.06757181823764705,0.03828197945845005,0.2702872729505882,1.2851985559566788,0.6999377295744643,0.4173669467787115,2.7997509182978573
org.jsoup.nodes.DocumentTest.testMetaCharsetUpdateIso8859,0.12906137184115524,0.06757181823764705,0.03828197945845005,0.2702872729505882,1.2851985559566788,0.6999377295744643,0.4173669467787115,2.7997509182978573
org.jsoup.nodes.DocumentTest.testMetaCharsetUpdateNoCharset,0.12906137184115524,0.06757181823764705,0.03828197945845005,0.2702872729505882,1.2851985559566788,0.6999377295744643,0.4173669467787115,2.7997509182978573
org.jsoup.nodes.DocumentTest.testMetaCharsetUpdateUtf8,0.12906137184115524,0.06757181823764705,0.03828197945845005,0.2702872729505882,1.2851985559566788,0.6999377295744643,0.4173669467787115,2.7997509182978573
org.jsoup.nodes.ElementTest.testHashcodeIsStableWithContentChanges,0.12906137184115524,0.08898429129725759,0.05410279531109107,0.26695287389177275,1.2851985559566788,0.9470869373159934,0.40396753832281335,2.84126081194798
org.jsoup.parser.AttributeParseTest.strictAttributeUnescapes,0.12906137184115524,0.0529902761293651,0.010073260073260074,0.2649513806468255,1.2851985559566788,0.5350432964201941,0.06593406593406594,2.6752164821009705
org.jsoup.parser.AttributeParseTest.moreAttributeUnescapes,0.12906137184115524,0.0529902761293651,0.010073260073260074,0.2649513806468255,1.2851985559566788,0.5350432964201941,0.06593406593406594,2.6752164821009705
org.jsoup.select.SelectorTest.selectFirst,0.12906137184115524,0.0662224252118272,0.022872827081427266,0.2648897008473088,1.2851985559566788,0.6834527926114348,0.22689844464775846,2.733811170445739
org.jsoup.select.SelectorTest.selectFirstWithOr,0.12906137184115524,0.0662224252118272,0.022872827081427266,0.2648897008473088,1.2851985559566788,0.6834527926114348,0.22689844464775846,2.733811170445739
org.jsoup.select.SelectorTest.selectFirstWithAnd,0.12906137184115524,0.0662224252118272,0.022872827081427266,0.2648897008473088,1.2851985559566788,0.6834527926114348,0.22689844464775846,2.733811170445739
org.jsoup.nodes.TextNodeTest.testWithSupplementaryCharacter,0.12906137184115524,0.05172513170042574,0.008316008316008316,0.2586256585021287,1.2851985559566788,0.44178871945410575,0.062370062370062374,2.2089435972705287
org.jsoup.integration.UrlConnectTest.canSpecifyResponseCharset,0.06813627254509018,0.0511882650742135,0.022872827081427266,0.2559413253710675,1.0175438596491229,0.6017924778396051,0.22689844464775846,3.0089623891980257
org.jsoup.integration.UrlConnectTest.handlesSuperDeepPage,0.06813627254509018,0.0511882650742135,0.022872827081427266,0.2559413253710675,1.0175438596491229,0.6017924778396051,0.22689844464775846,3.0089623891980257
org.jsoup.nodes.DocumentTest.testXhtmlReferences,0.12906137184115524,0.06267137311511373,0.022872827081427266,0.2506854924604549,1.2851985559566788,0.6098479363042709,0.22689844464775846,2.4393917452170837
org.jsoup.nodes.DocumentTest.testOutputEncoding,0.12906137184115524,0.06267137311511373,0.022872827081427266,0.2506854924604549,1.2851985559566788,0.6098479363042709,0.22689844464775846,2.4393917452170837
org.jsoup.parser.HtmlParserTest.handleNullContextInParseFragment,0.08303249097472924,0.062330038397588945,0.023174971031286212,0.24932015359035578,0.7350299401197605,0.5191665609175122,0.20625724217844726,2.076666243670049
org.jsoup.parser.HtmlParserTest.handlesWhitespaceInoDocType,0.08303249097472924,0.06180323887221807,0.022872827081427266,0.2472129554888723,0.7350299401197605,0.5319983416792444,0.22689844464775846,2.1279933667169777
org.jsoup.nodes.NodeTest.handlesBaseUri,0.12906137184115524,0.06065466648538996,0.02245088868101029,0.24261866594155984,1.2851985559566788,0.5923889610346247,0.27876520112254444,2.3695558441384987
org.jsoup.parser.HtmlParserTest.canPreserveTagCase,0.08083832335329341,0.04830706036364033,0.014778325123152709,0.24153530181820165,0.7350299401197605,0.3969288099013374,0.054187192118226604,1.984644049506687
org.jsoup.parser.HtmlParserTest.canPreserveAttributeCase,0.08083832335329341,0.04830706036364033,0.014778325123152709,0.24153530181820165,0.7350299401197605,0.3969288099013374,0.054187192118226604,1.984644049506687
org.jsoup.parser.HtmlParserTest.canPreserveBothCase,0.08083832335329341,0.04830706036364033,0.014778325123152709,0.24153530181820165,0.7350299401197605,0.3969288099013374,0.054187192118226604,1.984644049506687
org.jsoup.integration.UrlConnectTest.fetchToW3c,0.06813627254509018,0.048007353221737166,0.022872827081427266,0.24003676610868582,1.0175438596491229,0.5118771861779567,0.13768115942028986,2.5593859308897837
org.jsoup.parser.XmlTreeBuilderTest.testSimpleXmlParse,0.12906137184115524,0.047888173112259236,0.005,0.23944086556129618,1.2851985559566788,0.4330779653689012,0.002,2.165389826844506
org.jsoup.select.CssTest.onlyChild,0.12906137184115524,0.05882913794257095,0.0033112582781456954,0.2353165517702838,1.2851985559566788,0.6026324167208461,0.028145695364238412,2.4105296668833844
org.jsoup.select.CssTest.onlyOfType,0.12906137184115524,0.05882913794257095,0.0033112582781456954,0.2353165517702838,1.2851985559566788,0.6026324167208461,0.028145695364238412,2.4105296668833844
org.jsoup.select.CssTest.empty,0.12906137184115524,0.05882913794257095,0.0033112582781456954,0.2353165517702838,1.2851985559566788,0.6026324167208461,0.028145695364238412,2.4105296668833844
org.jsoup.helper.W3CDomTest.namespacePreservation,0.08303249097472924,0.03872080051958394,0.016908212560386472,0.23232480311750364,0.6561371841155235,0.32035648562666713,0.13768115942028986,1.9221389137600027
org.jsoup.helper.W3CDomTest.convertsGoogle,0.08303249097472924,0.03872080051958394,0.016908212560386472,0.23232480311750364,0.6561371841155235,0.32035648562666713,0.13768115942028986,1.9221389137600027
org.jsoup.parser.HtmlParserTest.selfClosingOnNonvoidIsError,0.08083832335329341,0.038069451627723,0.006906077348066298,0.22841670976633802,0.7350299401197605,0.3770648418255565,0.062154696132596686,2.262389050953339
org.jsoup.integration.UrlConnectTest.handles200WithNoContent,0.06813627254509018,0.05381794298778291,0.022872827081427266,0.21527177195113165,1.0175438596491229,0.5977547127229691,0.22689844464775846,2.3910188508918764
org.jsoup.nodes.FormElementTest.createsSubmitableConnection,0.06198830409356725,0.03562984646666723,0.011131725417439703,0.21377907880000338,1.0175438596491229,0.410370235313602,0.03896103896103896,2.462221411881612
org.jsoup.nodes.FormElementTest.actionWithNoValue,0.06198830409356725,0.03562984646666723,0.011131725417439703,0.21377907880000338,1.0175438596491229,0.410370235313602,0.03896103896103896,2.462221411881612
org.jsoup.integration.UrlConnectTest.fetchBaidu,0.06813627254509018,0.05336667944987677,0.022872827081427266,0.21346671779950707,1.0175438596491229,0.6054261928673734,0.22689844464775846,2.4217047714694937
org.jsoup.integration.UrlConnectTest.handlesUnicodeInQuery,0.06813627254509018,0.05336667944987677,0.022872827081427266,0.21346671779950707,1.0175438596491229,0.6054261928673734,0.22689844464775846,2.4217047714694937
org.jsoup.integration.UrlConnectTest.maxBodySize,0.06813627254509018,0.05336667944987677,0.022872827081427266,0.21346671779950707,1.0175438596491229,0.6054261928673734,0.22689844464775846,2.4217047714694937
org.jsoup.integration.UrlConnectTest.inWildUtfRedirect2,0.06813627254509018,0.05336667944987677,0.022872827081427266,0.21346671779950707,1.0175438596491229,0.6054261928673734,0.22689844464775846,2.4217047714694937
org.jsoup.integration.UrlConnectTest.fetchViaHttpProxySetByArgument,0.06813627254509018,0.05336667944987677,0.022872827081427266,0.21346671779950707,1.0175438596491229,0.6054261928673734,0.22689844464775846,2.4217047714694937
org.jsoup.integration.UrlConnectTest.inWildUtfRedirect,0.06813627254509018,0.05336667944987677,0.022872827081427266,0.21346671779950707,1.0175438596491229,0.6054261928673734,0.22689844464775846,2.4217047714694937
org.jsoup.integration.UrlConnectTest.fetchViaHttpProxy,0.06813627254509018,0.05336667944987677,0.022872827081427266,0.21346671779950707,1.0175438596491229,0.6054261928673734,0.22689844464775846,2.4217047714694937
org.jsoup.integration.UrlConnectTest.followsRelativeDotRedirect2,0.06813627254509018,0.05336667944987677,0.022872827081427266,0.21346671779950707,1.0175438596491229,0.6054261928673734,0.22689844464775846,2.4217047714694937
org.jsoup.integration.UrlConnectTest.followsTempRedirect,0.06813627254509018,0.05336667944987677,0.022872827081427266,0.21346671779950707,1.0175438596491229,0.6054261928673734,0.22689844464775846,2.4217047714694937
org.jsoup.integration.UrlConnectTest.followsRedirectsWithWithespaces,0.06813627254509018,0.05336667944987677,0.022872827081427266,0.21346671779950707,1.0175438596491229,0.6054261928673734,0.22689844464775846,2.4217047714694937
org.jsoup.integration.UrlConnectTest.proxyGetAndSet,0.06813627254509018,0.05336667944987677,0.022872827081427266,0.21346671779950707,1.0175438596491229,0.6054261928673734,0.22689844464775846,2.4217047714694937
org.jsoup.integration.UrlConnectTest.handlesDodgyCharset,0.06813627254509018,0.05336667944987677,0.022872827081427266,0.21346671779950707,1.0175438596491229,0.6054261928673734,0.22689844464775846,2.4217047714694937
org.jsoup.integration.UrlConnectTest.followsRelativeRedirect,0.06813627254509018,0.05336667944987677,0.022872827081427266,0.21346671779950707,1.0175438596491229,0.6054261928673734,0.22689844464775846,2.4217047714694937
org.jsoup.integration.UrlConnectTest.sendHeadRequest,0.06813627254509018,0.05336667944987677,0.022872827081427266,0.21346671779950707,1.0175438596491229,0.6054261928673734,0.22689844464775846,2.4217047714694937
org.jsoup.integration.UrlConnectTest.followsRedirectToHttps,0.06813627254509018,0.05336667944987677,0.022872827081427266,0.21346671779950707,1.0175438596491229,0.6054261928673734,0.22689844464775846,2.4217047714694937
org.jsoup.integration.UrlConnectTest.handles201Created,0.06813627254509018,0.05336667944987677,0.022872827081427266,0.21346671779950707,1.0175438596491229,0.6054261928673734,0.22689844464775846,2.4217047714694937
org.jsoup.integration.UrlConnectTest.followsNewTempRedirect,0.06813627254509018,0.05336667944987677,0.022872827081427266,0.21346671779950707,1.0175438596491229,0.6054261928673734,0.22689844464775846,2.4217047714694937
org.jsoup.integration.UrlConnectTest.ignoresContentTypeIfSoConfigured,0.06813627254509018,0.05336667944987677,0.022872827081427266,0.21346671779950707,1.0175438596491229,0.6054261928673734,0.22689844464775846,2.4217047714694937
org.jsoup.integration.UrlConnectTest.handlesEscapesInRedirecct,0.06813627254509018,0.05336667944987677,0.022872827081427266,0.21346671779950707,1.0175438596491229,0.6054261928673734,0.22689844464775846,2.4217047714694937
org.jsoup.integration.UrlConnectTest.handles966,0.06813627254509018,0.05336667944987677,0.022872827081427266,0.21346671779950707,1.0175438596491229,0.6054261928673734,0.22689844464775846,2.4217047714694937
org.jsoup.integration.UrlConnectTest.followsRelativeDotRedirect,0.06813627254509018,0.05336667944987677,0.022872827081427266,0.21346671779950707,1.0175438596491229,0.6054261928673734,0.22689844464775846,2.4217047714694937
org.jsoup.nodes.ElementTest.elementByTagName,0.12906137184115524,0.10642503929034083,0.08378870673952642,0.21285007858068167,1.2851985559566788,1.2186466368125835,1.1520947176684881,2.437293273625167
org.jsoup.nodes.ElementTest.testHtmlContainsOuter,0.08378870673952642,0.05240136386798413,0.022872827081427266,0.2096054554719365,1.1520947176684881,0.6190446444696784,0.22689844464775846,2.4761785778787138
org.jsoup.parser.HtmlParserTest.findsCharsetInMalformedMeta,0.08083832335329341,0.05166376802142588,0.022872827081427266,0.20665507208570352,0.7350299401197605,0.5147784500824965,0.22689844464775846,2.059113800329986
org.jsoup.parser.HtmlParserTest.handlesTextArea,0.08083832335329341,0.05166376802142588,0.022872827081427266,0.20665507208570352,0.7350299401197605,0.5147784500824965,0.22689844464775846,2.059113800329986
org.jsoup.parser.HtmlParserTest.handlesInputInTable,0.08083832335329341,0.05166376802142588,0.022872827081427266,0.20665507208570352,0.7350299401197605,0.5147784500824965,0.22689844464775846,2.059113800329986
org.jsoup.parser.HtmlParserTest.testUsingSingleQuotesInQueries,0.08083832335329341,0.05166376802142588,0.022872827081427266,0.20665507208570352,0.7350299401197605,0.5147784500824965,0.22689844464775846,2.059113800329986
org.jsoup.parser.HtmlParserTest.testHandlesDeepSpans,0.08083832335329341,0.05166376802142588,0.022872827081427266,0.20665507208570352,0.7350299401197605,0.5147784500824965,0.22689844464775846,2.059113800329986
org.jsoup.parser.HtmlParserTest.testSupportsPartiallyNonAsciiTags,0.08083832335329341,0.05166376802142588,0.022872827081427266,0.20665507208570352,0.7350299401197605,0.5147784500824965,0.22689844464775846,2.059113800329986
org.jsoup.parser.HtmlParserTest.dropsUnterminatedTag,0.08083832335329341,0.05166376802142588,0.022872827081427266,0.20665507208570352,0.7350299401197605,0.5147784500824965,0.22689844464775846,2.059113800329986
org.jsoup.parser.HtmlParserTest.testSupportsNonAsciiTags,0.08083832335329341,0.05166376802142588,0.022872827081427266,0.20665507208570352,0.7350299401197605,0.5147784500824965,0.22689844464775846,2.059113800329986
org.jsoup.parser.XmlTreeBuilderTest.xmlFragment,0.08303249097472924,0.051042770055556755,0.020958083832335328,0.20417108022222702,0.6561371841155235,0.3778562009554897,0.12454873646209386,1.5114248038219589
org.jsoup.parser.HtmlParserTest.selfClosingVoidIsNotAnError,0.08083832335329341,0.049583915346746374,0.022872827081427266,0.1983356613869855,0.7350299401197605,0.4984942781605738,0.22689844464775846,1.9939771126422952
org.jsoup.helper.HttpConnectionTest.data,0.11228070175438597,0.06406338426711941,0.017921146953405017,0.19219015280135823,1.2385964912280703,0.8388647844222265,0.26045400238948624,2.5165943532666795
org.jsoup.helper.HttpConnectionTest.timeout,0.11228070175438597,0.06406338426711941,0.017921146953405017,0.19219015280135823,1.2385964912280703,0.8388647844222265,0.26045400238948624,2.5165943532666795
org.jsoup.helper.HttpConnectionTest.throwsExceptionOnBodyAsBytesWithoutExecute,0.11228070175438597,0.06406338426711941,0.017921146953405017,0.19219015280135823,1.2385964912280703,0.8388647844222265,0.26045400238948624,2.5165943532666795
org.jsoup.helper.HttpConnectionTest.throwsOnOddData,0.11228070175438597,0.06406338426711941,0.017921146953405017,0.19219015280135823,1.2385964912280703,0.8388647844222265,0.26045400238948624,2.5165943532666795
org.jsoup.helper.HttpConnectionTest.throwsExceptionOnBodyWithoutExecute,0.11228070175438597,0.06406338426711941,0.017921146953405017,0.19219015280135823,1.2385964912280703,0.8388647844222265,0.26045400238948624,2.5165943532666795
org.jsoup.helper.HttpConnectionTest.referrer,0.11228070175438597,0.06406338426711941,0.017921146953405017,0.19219015280135823,1.2385964912280703,0.8388647844222265,0.26045400238948624,2.5165943532666795
org.jsoup.helper.HttpConnectionTest.requestBody,0.11228070175438597,0.06406338426711941,0.017921146953405017,0.19219015280135823,1.2385964912280703,0.8388647844222265,0.26045400238948624,2.5165943532666795
org.jsoup.helper.HttpConnectionTest.headers,0.11228070175438597,0.06406338426711941,0.017921146953405017,0.19219015280135823,1.2385964912280703,0.8388647844222265,0.26045400238948624,2.5165943532666795
org.jsoup.helper.HttpConnectionTest.throwsExceptionOnParseWithoutExecute,0.11228070175438597,0.06406338426711941,0.017921146953405017,0.19219015280135823,1.2385964912280703,0.8388647844222265,0.26045400238948624,2.5165943532666795
org.jsoup.helper.HttpConnectionTest.userAgent,0.11228070175438597,0.06406338426711941,0.017921146953405017,0.19219015280135823,1.2385964912280703,0.8388647844222265,0.26045400238948624,2.5165943532666795
org.jsoup.helper.HttpConnectionTest.method,0.11228070175438597,0.06406338426711941,0.017921146953405017,0.19219015280135823,1.2385964912280703,0.8388647844222265,0.26045400238948624,2.5165943532666795
org.jsoup.helper.HttpConnectionTest.connectWithUrl,0.11228070175438597,0.06406338426711941,0.017921146953405017,0.19219015280135823,1.2385964912280703,0.8388647844222265,0.26045400238948624,2.5165943532666795
org.jsoup.helper.HttpConnectionTest.cookie,0.11228070175438597,0.06406338426711941,0.017921146953405017,0.19219015280135823,1.2385964912280703,0.8388647844222265,0.26045400238948624,2.5165943532666795
org.jsoup.parser.HtmlParserTest.testHtmlLowerCase,0.08083832335329341,0.04683885888635732,0.022872827081427266,0.18735543554542927,0.7350299401197605,0.4195283561949753,0.20625724217844726,1.6781134247799012
org.jsoup.parser.HtmlParserTest.handlesXmlDeclarationAsBogusComment,0.08083832335329341,0.04683885888635732,0.022872827081427266,0.18735543554542927,0.7350299401197605,0.4195283561949753,0.20625724217844726,1.6781134247799012
org.jsoup.parser.HtmlParserTest.handlesInvalidDoctypes,0.08083832335329341,0.04683885888635732,0.022872827081427266,0.18735543554542927,0.7350299401197605,0.4195283561949753,0.20625724217844726,1.6781134247799012
org.jsoup.helper.DataUtilTest.wrongMetaCharsetFallback,0.06227436823104693,0.046764151764789916,0.016741071428571428,0.18705660705915966,0.509927797833935,0.36886898857293127,0.18303571428571427,1.475475954291725
org.jsoup.parser.HtmlParserTest.testInvalidTableContents,0.08083832335329341,0.04666309365662565,0.02247191011235955,0.1866523746265026,0.7350299401197605,0.41571685463912755,0.19101123595505617,1.6628674185565102
org.jsoup.parser.XmlTreeBuilderTest.testParseDeclarationAttributes,0.06227436823104693,0.03642847175839949,0.015567765567765568,0.18214235879199747,0.509927797833935,0.30908079071297256,0.07783882783882784,1.545403953564863
org.jsoup.select.SelectorTest.testByAttributeRegexCombined,0.06046931407942238,0.044575734144428496,0.022872827081427266,0.17830293657771398,0.7117863720073665,0.508967558054398,0.22689844464775846,2.035870232217592
org.jsoup.select.SelectorTest.containsWithQuote,0.06046931407942238,0.044575734144428496,0.022872827081427266,0.17830293657771398,0.7117863720073665,0.508967558054398,0.22689844464775846,2.035870232217592
org.jsoup.select.SelectorTest.testAllWithClass,0.06046931407942238,0.044575734144428496,0.022872827081427266,0.17830293657771398,0.7117863720073665,0.508967558054398,0.22689844464775846,2.035870232217592
org.jsoup.select.SelectorTest.notAdjacent,0.06046931407942238,0.044575734144428496,0.022872827081427266,0.17830293657771398,0.7117863720073665,0.508967558054398,0.22689844464775846,2.035870232217592
org.jsoup.select.SelectorTest.caseInsensitive,0.06046931407942238,0.044575734144428496,0.022872827081427266,0.17830293657771398,0.7117863720073665,0.508967558054398,0.22689844464775846,2.035870232217592
org.jsoup.select.SelectorTest.selectSameElements,0.06046931407942238,0.044575734144428496,0.022872827081427266,0.17830293657771398,0.7117863720073665,0.508967558054398,0.22689844464775846,2.035870232217592
org.jsoup.parser.HtmlParserTest.tracksErrorsWhenRequested,0.08083832335329341,0.04322289900345848,0.006906077348066298,0.17289159601383391,0.7350299401197605,0.37583123953910835,0.062154696132596686,1.5033249581564334
org.jsoup.nodes.ElementTest.testOuterHtml,0.08378870673952642,0.043032711975094014,0.005,0.17213084790037605,1.1520947176684881,0.47273024003754543,0.002,1.8909209601501817
org.jsoup.select.ElementsTest.forms,0.06046931407942238,0.03441646789846471,0.014842300556586271,0.17208233949232357,0.5872576177285319,0.34118568963092566,0.03896103896103896,1.7059284481546284
org.jsoup.parser.XmlTreeBuilderTest.preservesCaseByDefault,0.06227436823104693,0.034314918644846384,0.005,0.1715745932242319,0.509927797833935,0.293913025145207,0.002,1.4695651257260351
org.jsoup.parser.XmlTreeBuilderTest.testSupplyParserToDataStream,0.06227436823104693,0.034314918644846384,0.005,0.1715745932242319,0.509927797833935,0.293913025145207,0.002,1.4695651257260351
org.jsoup.parser.XmlTreeBuilderTest.testDetectCharsetEncodingDeclaration,0.06227436823104693,0.034314918644846384,0.005,0.1715745932242319,0.509927797833935,0.293913025145207,0.002,1.4695651257260351
org.jsoup.parser.XmlTreeBuilderTest.testSupplyParserToJsoupClass,0.06227436823104693,0.034314918644846384,0.005,0.1715745932242319,0.509927797833935,0.293913025145207,0.002,1.4695651257260351
org.jsoup.parser.XmlTreeBuilderTest.canNormalizeCase,0.06227436823104693,0.034314918644846384,0.005,0.1715745932242319,0.509927797833935,0.293913025145207,0.002,1.4695651257260351
org.jsoup.parser.HtmlParserTest.normalisesHeadlessBody,0.08083832335329341,0.042295116128535766,0.005,0.16918046451414306,0.7350299401197605,0.3684640456503635,0.002,1.473856182601454
org.jsoup.parser.HtmlParserTest.handlesFrames,0.08083832335329341,0.042295116128535766,0.005,0.16918046451414306,0.7350299401197605,0.3684640456503635,0.002,1.473856182601454
org.jsoup.parser.HtmlParserTest.handlesKnownEmptyIframe,0.08083832335329341,0.042295116128535766,0.005,0.16918046451414306,0.7350299401197605,0.3684640456503635,0.002,1.473856182601454
org.jsoup.parser.HtmlParserTest.testNoImagesInNoScriptInHead,0.08083832335329341,0.042295116128535766,0.005,0.16918046451414306,0.7350299401197605,0.3684640456503635,0.002,1.473856182601454
org.jsoup.parser.HtmlParserTest.handlesKnownEmptyNoFrames,0.08083832335329341,0.042295116128535766,0.005,0.16918046451414306,0.7350299401197605,0.3684640456503635,0.002,1.473856182601454
org.jsoup.parser.HtmlParserTest.normalisedBodyAfterContent,0.08083832335329341,0.042295116128535766,0.005,0.16918046451414306,0.7350299401197605,0.3684640456503635,0.002,1.473856182601454
org.jsoup.parser.HtmlParserTest.handlesCommentsInTable,0.08083832335329341,0.042295116128535766,0.005,0.16918046451414306,0.7350299401197605,0.3684640456503635,0.002,1.473856182601454
org.jsoup.parser.HtmlParserTest.handlesKnownEmptyStyle,0.08083832335329341,0.042295116128535766,0.005,0.16918046451414306,0.7350299401197605,0.3684640456503635,0.002,1.473856182601454
org.jsoup.parser.HtmlParserTest.normalisesDocument,0.08083832335329341,0.042295116128535766,0.005,0.16918046451414306,0.7350299401197605,0.3684640456503635,0.002,1.473856182601454
org.jsoup.parser.HtmlParserTest.ignoresContentAfterFrameset,0.08083832335329341,0.042295116128535766,0.005,0.16918046451414306,0.7350299401197605,0.3684640456503635,0.002,1.473856182601454
org.jsoup.parser.HtmlParserTest.commentBeforeHtml,0.08083832335329341,0.042295116128535766,0.005,0.16918046451414306,0.7350299401197605,0.3684640456503635,0.002,1.473856182601454
org.jsoup.parser.HtmlParserTest.handlesTextAfterData,0.08083832335329341,0.042295116128535766,0.005,0.16918046451414306,0.7350299401197605,0.3684640456503635,0.002,1.473856182601454
org.jsoup.parser.HtmlParserTest.handlesKnownEmptyTitle,0.08083832335329341,0.042295116128535766,0.005,0.16918046451414306,0.7350299401197605,0.3684640456503635,0.002,1.473856182601454
org.jsoup.parser.HtmlParserTest.normalisesEmptyDocument,0.08083832335329341,0.042295116128535766,0.005,0.16918046451414306,0.7350299401197605,0.3684640456503635,0.002,1.473856182601454
org.jsoup.nodes.ElementTest.testFormatHtml,0.08378870673952642,0.05571028263345868,0.022872827081427266,0.16713084790037605,1.1520947176684881,0.6296403200500605,0.22689844464775846,1.8889209601501817
org.jsoup.nodes.ElementTest.testSetIndent,0.08378870673952642,0.05571028263345868,0.022872827081427266,0.16713084790037605,1.1520947176684881,0.6296403200500605,0.22689844464775846,1.8889209601501817
org.jsoup.nodes.ElementTest.testKeepsPreText,0.08378870673952642,0.05571028263345868,0.022872827081427266,0.16713084790037605,1.1520947176684881,0.6296403200500605,0.22689844464775846,1.8889209601501817
org.jsoup.nodes.ElementTest.testFormatOutline,0.08378870673952642,0.05571028263345868,0.022872827081427266,0.16713084790037605,1.1520947176684881,0.6296403200500605,0.22689844464775846,1.8889209601501817
org.jsoup.nodes.ElementTest.testNormalisesText,0.08378870673952642,0.05571028263345868,0.022872827081427266,0.16713084790037605,1.1520947176684881,0.6296403200500605,0.22689844464775846,1.8889209601501817
org.jsoup.parser.XmlTreeBuilderTest.caseSensitiveDeclaration,0.06227436823104693,0.041643648306057976,0.020958083832335328,0.1665745932242319,0.509927797833935,0.3668912814315088,0.22689844464775846,1.4675651257260351
org.jsoup.parser.XmlTreeBuilderTest.testDoesHandleEOFInTag,0.06227436823104693,0.041643648306057976,0.020958083832335328,0.1665745932242319,0.509927797833935,0.3668912814315088,0.22689844464775846,1.4675651257260351
org.jsoup.parser.XmlTreeBuilderTest.xmlParseDefaultsToHtmlOutputSyntax,0.06227436823104693,0.041643648306057976,0.020958083832335328,0.1665745932242319,0.509927797833935,0.3668912814315088,0.22689844464775846,1.4675651257260351
org.jsoup.parser.HtmlParserTest.noErrorsByDefault,0.08083832335329341,0.055328506221922535,0.022872827081427266,0.1659855186657676,0.7350299401197605,0.4803900873412789,0.22689844464775846,1.4411702620238367
org.jsoup.internal.ConstrainableInputStreamTest.remainingAfterFirstRead,0.06198830409356725,0.041046325176337405,0.022872827081427266,0.16418530070534962,1.0175438596491229,0.5585332564865915,0.0,2.234133025946366
org.jsoup.internal.ConstrainableInputStreamTest.noLimitAfterFirstRead,0.06198830409356725,0.041046325176337405,0.022872827081427266,0.16418530070534962,1.0175438596491229,0.5585332564865915,0.0,2.234133025946366
org.jsoup.parser.HtmlParserTest.handlesUnclosedTitleAtEof,0.08083832335329341,0.054726821504714356,0.022872827081427266,0.16418046451414306,0.7350299401197605,0.490618727533818,0.22689844464775846,1.471856182601454
org.jsoup.parser.HtmlParserTest.handlesUnclosedFormattingElements,0.08083832335329341,0.054726821504714356,0.022872827081427266,0.16418046451414306,0.7350299401197605,0.490618727533818,0.22689844464775846,1.471856182601454
org.jsoup.parser.HtmlParserTest.dropsUnterminatedAttribute,0.08083832335329341,0.054726821504714356,0.022872827081427266,0.16418046451414306,0.7350299401197605,0.490618727533818,0.22689844464775846,1.471856182601454
org.jsoup.parser.HtmlParserTest.createsStructureFromBodySnippet,0.08083832335329341,0.054726821504714356,0.022872827081427266,0.16418046451414306,0.7350299401197605,0.490618727533818,0.22689844464775846,1.471856182601454
org.jsoup.nodes.DocumentTest.parseAndHtmlOnDifferentThreads,0.06046931407942238,0.04102468204771504,0.022872827081427266,0.16409872819086016,0.5872576177285319,0.43536270174723424,0.22689844464775846,1.741450806988937
org.jsoup.select.ElementsTest.outerHtml,0.06046931407942238,0.03244800778714746,0.005,0.1622400389357373,0.5872576177285319,0.33379348183871793,0.002,1.6689674091935895
org.jsoup.select.TraversorTest.filterRemove,0.06046931407942238,0.032259727892583925,0.013259668508287293,0.16129863946291964,0.5872576177285319,0.2886841753569622,0.0,1.4434208767848111
org.jsoup.select.ElementsTest.traverse,0.06046931407942238,0.03931000973393432,0.022872827081427266,0.1572400389357373,0.5872576177285319,0.4167418522983974,0.22689844464775846,1.6669674091935895
org.jsoup.select.ElementsTest.eachText,0.06046931407942238,0.03931000973393432,0.022872827081427266,0.1572400389357373,0.5872576177285319,0.4167418522983974,0.22689844464775846,1.6669674091935895
org.jsoup.select.ElementsTest.html,0.06046931407942238,0.03931000973393432,0.022872827081427266,0.1572400389357373,0.5872576177285319,0.4167418522983974,0.22689844464775846,1.6669674091935895
org.jsoup.select.ElementsTest.eachAttr,0.06046931407942238,0.03931000973393432,0.022872827081427266,0.1572400389357373,0.5872576177285319,0.4167418522983974,0.22689844464775846,1.6669674091935895
org.jsoup.select.ElementsTest.attr,0.06046931407942238,0.03931000973393432,0.022872827081427266,0.1572400389357373,0.5872576177285319,0.4167418522983974,0.22689844464775846,1.6669674091935895
org.jsoup.select.ElementsTest.hasText,0.06046931407942238,0.03931000973393432,0.022872827081427266,0.1572400389357373,0.5872576177285319,0.4167418522983974,0.22689844464775846,1.6669674091935895
org.jsoup.select.ElementsTest.is,0.06046931407942238,0.03931000973393432,0.022872827081427266,0.1572400389357373,0.5872576177285319,0.4167418522983974,0.22689844464775846,1.6669674091935895
org.jsoup.select.ElementsTest.hasAttr,0.06046931407942238,0.03931000973393432,0.022872827081427266,0.1572400389357373,0.5872576177285319,0.4167418522983974,0.22689844464775846,1.6669674091935895
org.jsoup.select.ElementsTest.hasAbsAttr,0.06046931407942238,0.03931000973393432,0.022872827081427266,0.1572400389357373,0.5872576177285319,0.4167418522983974,0.22689844464775846,1.6669674091935895
org.jsoup.select.ElementsTest.classWithHyphen,0.06046931407942238,0.03931000973393432,0.022872827081427266,0.1572400389357373,0.5872576177285319,0.4167418522983974,0.22689844464775846,1.6669674091935895
org.jsoup.select.ElementsTest.text,0.06046931407942238,0.03931000973393432,0.022872827081427266,0.1572400389357373,0.5872576177285319,0.4167418522983974,0.22689844464775846,1.6669674091935895
org.jsoup.select.ElementsTest.absAttr,0.06046931407942238,0.03931000973393432,0.022872827081427266,0.1572400389357373,0.5872576177285319,0.4167418522983974,0.22689844464775846,1.6669674091935895
org.jsoup.integration.UrlConnectTest.throwsExceptionOnError,0.06813627254509018,0.038673079743580495,0.001694915254237288,0.15469231897432198,1.0175438596491229,0.47794424340888964,0.0,1.9117769736355585
org.jsoup.integration.UrlConnectTest.shouldWorkForDuplicateCharsetInTag,0.06813627254509018,0.05099913457336156,0.022872827081427266,0.1529974037200847,1.0175438596491229,0.6372589912118528,0.22689844464775846,1.9117769736355585
org.jsoup.integration.UrlConnectTest.ignores200WithNoContentExceptionIfSoConfigured,0.06813627254509018,0.05099913457336156,0.022872827081427266,0.1529974037200847,1.0175438596491229,0.6372589912118528,0.22689844464775846,1.9117769736355585
org.jsoup.integration.UrlConnectTest.ignores500WithNoContentExceptionIfSoConfigured,0.06813627254509018,0.05099913457336156,0.022872827081427266,0.1529974037200847,1.0175438596491229,0.6372589912118528,0.22689844464775846,1.9117769736355585
org.jsoup.integration.UrlConnectTest.testSNIPass,0.06813627254509018,0.05099913457336156,0.022872827081427266,0.1529974037200847,1.0175438596491229,0.6372589912118528,0.22689844464775846,1.9117769736355585
org.jsoup.integration.UrlConnectTest.shouldWorkForCharsetInExtraAttribute,0.06813627254509018,0.05099913457336156,0.022872827081427266,0.1529974037200847,1.0175438596491229,0.6372589912118528,0.22689844464775846,1.9117769736355585
org.jsoup.integration.UrlConnectTest.combinesSameHeadersWithComma,0.06813627254509018,0.05099913457336156,0.022872827081427266,0.1529974037200847,1.0175438596491229,0.6372589912118528,0.22689844464775846,1.9117769736355585
org.jsoup.integration.UrlConnectTest.shouldEmptyMetaCharsetCorrectly,0.06813627254509018,0.05099913457336156,0.022872827081427266,0.1529974037200847,1.0175438596491229,0.6372589912118528,0.22689844464775846,1.9117769736355585
org.jsoup.integration.UrlConnectTest.gracefullyHandleBrokenLocationRedirect,0.06813627254509018,0.05099913457336156,0.022872827081427266,0.1529974037200847,1.0175438596491229,0.6372589912118528,0.22689844464775846,1.9117769736355585
org.jsoup.integration.UrlConnectTest.testUnsafePass,0.06813627254509018,0.05099913457336156,0.022872827081427266,0.1529974037200847,1.0175438596491229,0.6372589912118528,0.22689844464775846,1.9117769736355585
org.jsoup.integration.UrlConnectTest.doesntRedirectIfSoConfigured,0.06813627254509018,0.05099913457336156,0.022872827081427266,0.1529974037200847,1.0175438596491229,0.6372589912118528,0.22689844464775846,1.9117769736355585
org.jsoup.integration.UrlConnectTest.redirectsResponseCookieToNextResponse,0.06813627254509018,0.05099913457336156,0.022872827081427266,0.1529974037200847,1.0175438596491229,0.6372589912118528,0.22689844464775846,1.9117769736355585
org.jsoup.integration.UrlConnectTest.throwsIfRequestBodyForGet,0.06813627254509018,0.05099913457336156,0.022872827081427266,0.1529974037200847,1.0175438596491229,0.6372589912118528,0.22689844464775846,1.9117769736355585
org.jsoup.integration.UrlConnectTest.testUnsafeFail,0.06813627254509018,0.05099913457336156,0.022872827081427266,0.1529974037200847,1.0175438596491229,0.6372589912118528,0.22689844464775846,1.9117769736355585
org.jsoup.integration.UrlConnectTest.handlesEscapedRedirectUrls,0.06813627254509018,0.05099913457336156,0.022872827081427266,0.1529974037200847,1.0175438596491229,0.6372589912118528,0.22689844464775846,1.9117769736355585
org.jsoup.integration.UrlConnectTest.shouldParseBrokenHtml5MetaCharsetTagCorrectly,0.06813627254509018,0.05099913457336156,0.022872827081427266,0.1529974037200847,1.0175438596491229,0.6372589912118528,0.22689844464775846,1.9117769736355585
org.jsoup.integration.UrlConnectTest.postRedirectsFetchWithGet,0.06813627254509018,0.05099913457336156,0.022872827081427266,0.1529974037200847,1.0175438596491229,0.6372589912118528,0.22689844464775846,1.9117769736355585
org.jsoup.integration.UrlConnectTest.shouldSelectFirstCharsetOnWeirdMultileCharsetsInMetaTags,0.06813627254509018,0.05099913457336156,0.022872827081427266,0.1529974037200847,1.0175438596491229,0.6372589912118528,0.22689844464775846,1.9117769736355585
org.jsoup.integration.UrlConnectTest.invalidProxyFails,0.06813627254509018,0.05099913457336156,0.022872827081427266,0.1529974037200847,1.0175438596491229,0.6372589912118528,0.22689844464775846,1.9117769736355585
org.jsoup.integration.UrlConnectTest.testSNIFail,0.06813627254509018,0.05099913457336156,0.022872827081427266,0.1529974037200847,1.0175438596491229,0.6372589912118528,0.22689844464775846,1.9117769736355585
org.jsoup.integration.UrlConnectTest.maximumRedirects,0.06813627254509018,0.05099913457336156,0.022872827081427266,0.1529974037200847,1.0175438596491229,0.6372589912118528,0.22689844464775846,1.9117769736355585
org.jsoup.nodes.FormElementTest.hasAssociatedControls,0.06046931407942238,0.03035815494128722,0.011131725417439703,0.1517907747064361,0.5872576177285319,0.2889355104464978,0.03896103896103896,1.4446775522324888
org.jsoup.nodes.FormElementTest.usesOnForCheckboxValueIfNoValueSet,0.06046931407942238,0.03035815494128722,0.011131725417439703,0.1517907747064361,0.5872576177285319,0.2889355104464978,0.03896103896103896,1.4446775522324888
org.jsoup.nodes.FormElementTest.createsFormData,0.06046931407942238,0.03035815494128722,0.011131725417439703,0.1517907747064361,0.5872576177285319,0.2889355104464978,0.03896103896103896,1.4446775522324888
org.jsoup.nodes.FormElementTest.adoptedFormsRetainInputs,0.06046931407942238,0.03035815494128722,0.011131725417439703,0.1517907747064361,0.5872576177285319,0.2889355104464978,0.03896103896103896,1.4446775522324888
org.jsoup.nodes.FormElementTest.actionWithNoBaseUri,0.06046931407942238,0.03035815494128722,0.011131725417439703,0.1517907747064361,0.5872576177285319,0.2889355104464978,0.03896103896103896,1.4446775522324888
org.jsoup.parser.HtmlParserTest.tracksLimitedErrorsWhenRequested,0.08083832335329341,0.050006256310802216,0.006906077348066298,0.15001876893240665,0.7350299401197605,0.4254755045028917,0.062154696132596686,1.276426513508675
org.jsoup.helper.W3CDomTest.convertsGoogleLocation,0.06046931407942238,0.02985846242855488,0.016908212560386472,0.1492923121427744,0.509927797833935,0.25320034592889584,0.13768115942028986,1.2660017296444792
org.jsoup.integration.ParseTest.testSmhBizArticle,0.06046931407942238,0.037072164711192415,0.02247191011235955,0.14828865884476966,0.5872576177285319,0.3787737740413204,0.19101123595505617,1.5150950961652816
org.jsoup.integration.ParseTest.testBaiduVariant,0.06046931407942238,0.037072164711192415,0.02247191011235955,0.14828865884476966,0.5872576177285319,0.3787737740413204,0.19101123595505617,1.5150950961652816
org.jsoup.nodes.DocumentTest.testLocation,0.06046931407942238,0.03602400768291481,0.02247191011235955,0.14409603073165925,0.509927797833935,0.3363011063038653,0.19101123595505617,1.3452044252154611
org.jsoup.parser.HtmlParserTest.testSelectWithOption,0.08083832335329341,0.07155634579217017,0.06227436823104693,0.14311269158434034,0.7350299401197605,0.6071359086880391,0.47924187725631767,1.2142718173760783
org.jsoup.parser.TokenisetStateTest.ensureSearchArraysAreSorted,0.14285714285714285,0.14285714285714285,0.14285714285714285,0.14285714285714285,0.0,0.0,0.0,0.0
org.jsoup.nodes.DocumentTest.testMetaCharsetUpdateDisabled,0.06046931407942238,0.04707530036981097,0.03828197945845005,0.1412259011094329,0.5872576177285319,0.5048507874470595,0.4173669467787115,1.5145523623411785
org.jsoup.helper.HttpConnectionTest.encodeUrl,0.11228070175438597,0.06510092435389549,0.017921146953405017,0.13020184870779097,1.2385964912280703,0.7495252468087783,0.26045400238948624,1.4990504936175566
org.jsoup.helper.HttpConnectionTest.throwsOnMalformedUrl,0.11228070175438597,0.06510092435389549,0.017921146953405017,0.13020184870779097,1.2385964912280703,0.7495252468087783,0.26045400238948624,1.4990504936175566
org.jsoup.nodes.DocumentTest.testClonesDeclarations,0.06046931407942238,0.031656030154824925,0.005,0.1266241206192997,0.509927797833935,0.28904829731510123,0.002,1.156193189260405
org.jsoup.nodes.DocumentTest.testNormalisesStructure,0.06046931407942238,0.031656030154824925,0.005,0.1266241206192997,0.509927797833935,0.28904829731510123,0.002,1.156193189260405
org.jsoup.helper.DataUtilTest.supportsBOMinFiles,0.06046931407942238,0.030638780675445156,0.016741071428571428,0.12255512270178062,0.509927797833935,0.277718298180616,0.18303571428571427,1.110873192722464
org.jsoup.nodes.DocumentTest.htmlParseDefaultsToHtmlOutputSyntax,0.06046931407942238,0.04054137353976656,0.022872827081427266,0.1216241206192997,0.509927797833935,0.38473106308680166,0.22689844464775846,1.154193189260405
org.jsoup.nodes.DocumentTest.testHtmlAndXmlSyntax,0.06046931407942238,0.04054137353976656,0.022872827081427266,0.1216241206192997,0.509927797833935,0.38473106308680166,0.22689844464775846,1.154193189260405
org.jsoup.nodes.DocumentTest.testOverflowClone,0.06046931407942238,0.04054137353976656,0.022872827081427266,0.1216241206192997,0.509927797833935,0.38473106308680166,0.22689844464775846,1.154193189260405
org.jsoup.nodes.DocumentTest.testHtmlAppendable,0.06046931407942238,0.04054137353976656,0.022872827081427266,0.1216241206192997,0.509927797833935,0.38473106308680166,0.22689844464775846,1.154193189260405
org.jsoup.nodes.DocumentTest.DocumentsWithSameContentAreEqual,0.06046931407942238,0.04054137353976656,0.022872827081427266,0.1216241206192997,0.509927797833935,0.38473106308680166,0.22689844464775846,1.154193189260405
org.jsoup.nodes.DocumentTest.DocumentsWithSameContentAreVerifialbe,0.06046931407942238,0.04054137353976656,0.022872827081427266,0.1216241206192997,0.509927797833935,0.38473106308680166,0.22689844464775846,1.154193189260405
org.jsoup.nodes.DocumentTest.testShiftJisRoundtrip,0.06046931407942238,0.04054137353976656,0.022872827081427266,0.1216241206192997,0.509927797833935,0.38473106308680166,0.22689844464775846,1.154193189260405
org.jsoup.select.TraversorTest.filterStop,0.06046931407942238,0.02970600797283979,0.013259668508287293,0.11882403189135916,0.509927797833935,0.21404081476406978,0.0,0.8561632590562791
org.jsoup.select.TraversorTest.filterSkipEntirely,0.06046931407942238,0.02970600797283979,0.013259668508287293,0.11882403189135916,0.509927797833935,0.21404081476406978,0.0,0.8561632590562791
org.jsoup.select.TraversorTest.filterVisit,0.06046931407942238,0.02970600797283979,0.013259668508287293,0.11882403189135916,0.509927797833935,0.21404081476406978,0.0,0.8561632590562791
org.jsoup.select.TraversorTest.filterSkipChildren,0.06046931407942238,0.02970600797283979,0.013259668508287293,0.11882403189135916,0.509927797833935,0.21404081476406978,0.0,0.8561632590562791
org.jsoup.helper.StringUtilTest.normaliseWhiteSpaceHandlesHighSurrogates,0.06046931407942238,0.028946775151162587,0.009269988412514484,0.11578710060465035,0.509927797833935,0.2554695965416285,0.07879490150637311,1.021878386166514
org.jsoup.nodes.DocumentTest.testMetaCharsetUpdateXmlUtf8,0.06046931407942238,0.03810635303521267,0.015567765567765568,0.114319059105638,0.509927797833935,0.3350445241504914,0.07783882783882784,1.0051335724514743
org.jsoup.nodes.DocumentTest.testMetaCharsetUpdateXmlIso8859,0.06046931407942238,0.03810635303521267,0.015567765567765568,0.114319059105638,0.509927797833935,0.3350445241504914,0.07783882783882784,1.0051335724514743
org.jsoup.nodes.DocumentTest.testMetaCharsetUpdateXmlNoCharset,0.06046931407942238,0.03810635303521267,0.015567765567765568,0.114319059105638,0.509927797833935,0.3350445241504914,0.07783882783882784,1.0051335724514743
org.jsoup.nodes.DocumentTest.testMetaCharsetUpdateXmlDisabledNoChanges,0.06046931407942238,0.03810635303521267,0.015567765567765568,0.114319059105638,0.509927797833935,0.3350445241504914,0.07783882783882784,1.0051335724514743
org.jsoup.parser.XmlTreeBuilderTest.testCommentAndDocType,0.06046931407942238,0.027594873430035236,0.005,0.11037949372014094,0.509927797833935,0.2200478177219568,0.002,0.8801912708878272
org.jsoup.parser.XmlTreeBuilderTest.testPopToClose,0.06046931407942238,0.027594873430035236,0.005,0.11037949372014094,0.509927797833935,0.2200478177219568,0.002,0.8801912708878272
org.jsoup.safety.CleanerTest.testIsValidDocument,0.03336510962821735,0.02690439378730649,0.019029495718363463,0.10761757514922596,0.5528068506184586,0.2937520370371558,0.1636536631779258,1.1750081481486232
org.jsoup.integration.ParseTest.testBrokenHtml5CharsetWithASingleDoubleQuote,0.06046931407942238,0.03527135042440307,0.02247191011235955,0.1058140512732092,0.509927797833935,0.30927915947891654,0.19101123595505617,0.9278374784367497
org.jsoup.integration.ParseTest.testHtml5Charset,0.06046931407942238,0.03527135042440307,0.02247191011235955,0.1058140512732092,0.509927797833935,0.30927915947891654,0.19101123595505617,0.9278374784367497
org.jsoup.integration.ParseTest.testBinary,0.06046931407942238,0.03527135042440307,0.02247191011235955,0.1058140512732092,0.509927797833935,0.30927915947891654,0.19101123595505617,0.9278374784367497
org.jsoup.nodes.DocumentTest.testMetaCharsetUpdatedDisabledPerDefault,0.06046931407942238,0.049375646768936216,0.03828197945845005,0.09875129353787243,0.509927797833935,0.46364737230632325,0.4173669467787115,0.9272947446126465
org.jsoup.nodes.DocumentTest.testMetaCharsetUpdateCleanup,0.06046931407942238,0.049375646768936216,0.03828197945845005,0.09875129353787243,0.509927797833935,0.46364737230632325,0.4173669467787115,0.9272947446126465
org.jsoup.nodes.DocumentTest.testMetaCharsetUpdateXmlDisabled,0.06046931407942238,0.049375646768936216,0.03828197945845005,0.09875129353787243,0.509927797833935,0.46364737230632325,0.4173669467787115,0.9272947446126465
org.jsoup.safety.CleanerTest.testRemoveProtocols,0.03336510962821735,0.023397019857715626,0.005,0.0935880794308625,0.5528068506184586,0.25333862124267437,0.002,1.0133544849706975
org.jsoup.safety.CleanerTest.basicBehaviourTest,0.03336510962821735,0.023397019857715626,0.005,0.0935880794308625,0.5528068506184586,0.25333862124267437,0.002,1.0133544849706975
org.jsoup.safety.CleanerTest.simpleBehaviourTest,0.03336510962821735,0.023397019857715626,0.005,0.0935880794308625,0.5528068506184586,0.25333862124267437,0.002,1.0133544849706975
org.jsoup.safety.CleanerTest.simpleBehaviourTest2,0.03336510962821735,0.023397019857715626,0.005,0.0935880794308625,0.5528068506184586,0.25333862124267437,0.002,1.0133544849706975
org.jsoup.safety.CleanerTest.basicWithImagesTest,0.03336510962821735,0.023397019857715626,0.005,0.0935880794308625,0.5528068506184586,0.25333862124267437,0.002,1.0133544849706975
org.jsoup.safety.CleanerTest.testRelaxed,0.03336510962821735,0.023397019857715626,0.005,0.0935880794308625,0.5528068506184586,0.25333862124267437,0.002,1.0133544849706975
org.jsoup.safety.CleanerTest.testRemoveTags,0.03336510962821735,0.023397019857715626,0.005,0.0935880794308625,0.5528068506184586,0.25333862124267437,0.002,1.0133544849706975
org.jsoup.safety.CleanerTest.testRemoveAttributes,0.03336510962821735,0.023397019857715626,0.005,0.0935880794308625,0.5528068506184586,0.25333862124267437,0.002,1.0133544849706975
org.jsoup.safety.CleanerTest.whitelistedProtocolShouldBeRetained,0.03336510962821735,0.023397019857715626,0.005,0.0935880794308625,0.5528068506184586,0.25333862124267437,0.002,1.0133544849706975
org.jsoup.safety.CleanerTest.testRemoveEnforcedAttributes,0.03336510962821735,0.023397019857715626,0.005,0.0935880794308625,0.5528068506184586,0.25333862124267437,0.002,1.0133544849706975
org.jsoup.integration.UrlConnectTest.exceptOnUnknownContentType,0.06813627254509018,0.03090133829358491,0.001694915254237288,0.09270401488075473,0.6673346693386774,0.2980777046621453,0.0,0.8942331139864358
org.jsoup.parser.ParserSettingsTest.attributesCaseNormalization,0.03700361010830325,0.02242211265568959,0.009852216748768473,0.08968845062275836,0.4016245487364621,0.21170498032880045,0.054187192118226604,0.8468199213152018
org.jsoup.safety.CleanerTest.testCleanAnchorProtocol,0.03336510962821735,0.0295293598102875,0.022872827081427266,0.0885880794308625,0.5528068506184586,0.3371181616568992,0.22689844464775846,1.0113544849706975
org.jsoup.safety.CleanerTest.handlesControlCharactersAfterTagName,0.03336510962821735,0.0295293598102875,0.022872827081427266,0.0885880794308625,0.5528068506184586,0.3371181616568992,0.22689844464775846,1.0113544849706975
org.jsoup.safety.CleanerTest.addsTagOnAttributesIfNotSet,0.03336510962821735,0.0295293598102875,0.022872827081427266,0.0885880794308625,0.5528068506184586,0.3371181616568992,0.22689844464775846,1.0113544849706975
org.jsoup.safety.CleanerTest.resolvesRelativeLinks,0.03336510962821735,0.0295293598102875,0.022872827081427266,0.0885880794308625,0.5528068506184586,0.3371181616568992,0.22689844464775846,1.0113544849706975
org.jsoup.safety.CleanerTest.testDropsUnknownTags,0.03336510962821735,0.0295293598102875,0.022872827081427266,0.0885880794308625,0.5528068506184586,0.3371181616568992,0.22689844464775846,1.0113544849706975
org.jsoup.safety.CleanerTest.testDropXmlProc,0.03336510962821735,0.0295293598102875,0.022872827081427266,0.0885880794308625,0.5528068506184586,0.3371181616568992,0.22689844464775846,1.0113544849706975
org.jsoup.safety.CleanerTest.dropsUnresolvableRelativeLinks,0.03336510962821735,0.0295293598102875,0.022872827081427266,0.0885880794308625,0.5528068506184586,0.3371181616568992,0.22689844464775846,1.0113544849706975
org.jsoup.safety.CleanerTest.testDropComments,0.03336510962821735,0.0295293598102875,0.022872827081427266,0.0885880794308625,0.5528068506184586,0.3371181616568992,0.22689844464775846,1.0113544849706975
org.jsoup.safety.CleanerTest.supplyOutputSettings,0.03336510962821735,0.0295293598102875,0.022872827081427266,0.0885880794308625,0.5528068506184586,0.3371181616568992,0.22689844464775846,1.0113544849706975
org.jsoup.safety.CleanerTest.handlesCustomProtocols,0.03336510962821735,0.0295293598102875,0.022872827081427266,0.0885880794308625,0.5528068506184586,0.3371181616568992,0.22689844464775846,1.0113544849706975
org.jsoup.safety.CleanerTest.preservesRelativeLinksIfConfigured,0.03336510962821735,0.0295293598102875,0.022872827081427266,0.0885880794308625,0.5528068506184586,0.3371181616568992,0.22689844464775846,1.0113544849706975
org.jsoup.safety.CleanerTest.cleansInternationalText,0.03336510962821735,0.0295293598102875,0.022872827081427266,0.0885880794308625,0.5528068506184586,0.3371181616568992,0.22689844464775846,1.0113544849706975
org.jsoup.safety.CleanerTest.testIsValidBodyHtml,0.03336510962821735,0.0295293598102875,0.022872827081427266,0.0885880794308625,0.5528068506184586,0.3371181616568992,0.22689844464775846,1.0113544849706975
org.jsoup.safety.CleanerTest.testScriptTagInWhiteList,0.03336510962821735,0.0295293598102875,0.022872827081427266,0.0885880794308625,0.5528068506184586,0.3371181616568992,0.22689844464775846,1.0113544849706975
org.jsoup.safety.CleanerTest.testCleanJavascriptHref,0.03336510962821735,0.0295293598102875,0.022872827081427266,0.0885880794308625,0.5528068506184586,0.3371181616568992,0.22689844464775846,1.0113544849706975
org.jsoup.safety.CleanerTest.handlesAllPseudoTag,0.03336510962821735,0.0295293598102875,0.022872827081427266,0.0885880794308625,0.5528068506184586,0.3371181616568992,0.22689844464775846,1.0113544849706975
org.jsoup.safety.CleanerTest.testDropImageScript,0.03336510962821735,0.0295293598102875,0.022872827081427266,0.0885880794308625,0.5528068506184586,0.3371181616568992,0.22689844464775846,1.0113544849706975
org.jsoup.safety.CleanerTest.testDropScript,0.03336510962821735,0.0295293598102875,0.022872827081427266,0.0885880794308625,0.5528068506184586,0.3371181616568992,0.22689844464775846,1.0113544849706975
org.jsoup.safety.CleanerTest.testHandlesEmptyAttributes,0.03336510962821735,0.0295293598102875,0.022872827081427266,0.0885880794308625,0.5528068506184586,0.3371181616568992,0.22689844464775846,1.0113544849706975
org.jsoup.parser.XmlTreeBuilderTest.testCreatesValidProlog,0.06046931407942238,0.040713698955878855,0.020958083832335328,0.08142739791175771,0.509927797833935,0.3807124019109795,0.25149700598802394,0.761424803821959
org.jsoup.nodes.AttributesTest.testIteratorHasNext,0.03700361010830325,0.02482322448557318,0.009411764705882352,0.07446967345671954,0.4016245487364621,0.2520347289151706,0.17529411764705882,0.7561041867455118
org.jsoup.nodes.AttributesTest.testSetKeyConsistency,0.03700361010830325,0.02482322448557318,0.009411764705882352,0.07446967345671954,0.4016245487364621,0.2520347289151706,0.17529411764705882,0.7561041867455118
org.jsoup.nodes.AttributesTest.testIterator,0.03700361010830325,0.02482322448557318,0.009411764705882352,0.07446967345671954,0.4016245487364621,0.2520347289151706,0.17529411764705882,0.7561041867455118
org.jsoup.nodes.AttributesTest.testIteratorRemovable,0.03700361010830325,0.02482322448557318,0.009411764705882352,0.07446967345671954,0.4016245487364621,0.2520347289151706,0.17529411764705882,0.7561041867455118
org.jsoup.nodes.AttributesTest.testIteratorUpdateable,0.03700361010830325,0.02482322448557318,0.009411764705882352,0.07446967345671954,0.4016245487364621,0.2520347289151706,0.17529411764705882,0.7561041867455118
org.jsoup.nodes.EntitiesTest.escapedSupplemtary,0.04789053591790194,0.036488027366020526,0.02508551881413911,0.07297605473204105,5.409350057012543,2.802736602052452,0.1961231470923603,5.605473204104904
org.jsoup.nodes.EntitiesTest.getByName,0.04789053591790194,0.036488027366020526,0.02508551881413911,0.07297605473204105,5.409350057012543,2.802736602052452,0.1961231470923603,5.605473204104904
org.jsoup.nodes.EntitiesTest.unescapeMultiChars,0.04789053591790194,0.036488027366020526,0.02508551881413911,0.07297605473204105,5.409350057012543,2.802736602052452,0.1961231470923603,5.605473204104904
org.jsoup.nodes.EntitiesTest.escapeSupplementaryCharacter,0.04789053591790194,0.036488027366020526,0.02508551881413911,0.07297605473204105,5.409350057012543,2.802736602052452,0.1961231470923603,5.605473204104904
org.jsoup.nodes.EntitiesTest.quoteReplacements,0.04789053591790194,0.036488027366020526,0.02508551881413911,0.07297605473204105,5.409350057012543,2.802736602052452,0.1961231470923603,5.605473204104904
org.jsoup.nodes.EntitiesTest.strictUnescape,0.04789053591790194,0.036488027366020526,0.02508551881413911,0.07297605473204105,5.409350057012543,2.802736602052452,0.1961231470923603,5.605473204104904
org.jsoup.nodes.EntitiesTest.caseSensitive,0.04789053591790194,0.036488027366020526,0.02508551881413911,0.07297605473204105,5.409350057012543,2.802736602052452,0.1961231470923603,5.605473204104904
org.jsoup.nodes.EntitiesTest.unescape,0.04789053591790194,0.036488027366020526,0.02508551881413911,0.07297605473204105,5.409350057012543,2.802736602052452,0.1961231470923603,5.605473204104904
org.jsoup.nodes.EntitiesTest.escape,0.04789053591790194,0.036488027366020526,0.02508551881413911,0.07297605473204105,5.409350057012543,2.802736602052452,0.1961231470923603,5.605473204104904
org.jsoup.nodes.EntitiesTest.notMissingSupplementals,0.04789053591790194,0.036488027366020526,0.02508551881413911,0.07297605473204105,5.409350057012543,2.802736602052452,0.1961231470923603,5.605473204104904
org.jsoup.nodes.EntitiesTest.noSpuriousDecodes,0.04789053591790194,0.036488027366020526,0.02508551881413911,0.07297605473204105,5.409350057012543,2.802736602052452,0.1961231470923603,5.605473204104904
org.jsoup.nodes.EntitiesTest.notMissingMultis,0.04789053591790194,0.036488027366020526,0.02508551881413911,0.07297605473204105,5.409350057012543,2.802736602052452,0.1961231470923603,5.605473204104904
org.jsoup.helper.W3CDomTest.simpleConversion,0.026570048309178744,0.01783777198774812,0.005,0.07135108795099249,0.22689844464775846,0.141765673963872,0.002,0.567062695855488
org.jsoup.safety.CleanerTest.bailsIfRemovingProtocolThatsNotSet,0.03336510962821735,0.032857626174717616,0.03235014272121789,0.06571525234943523,0.5528068506184586,0.3922280201614695,0.23164918970448045,0.784456040322939
org.jsoup.helper.DataUtilTest.shouldNotThrowExceptionOnEmptyCharset,0.04757185332011893,0.03215646237434518,0.016741071428571428,0.06431292474869035,0.30327056491575816,0.2431531396007362,0.18303571428571427,0.4863062792014724
org.jsoup.helper.DataUtilTest.shouldSelectFirstCharsetOnWeirdMultileCharsetsInMetaTags,0.04757185332011893,0.03215646237434518,0.016741071428571428,0.06431292474869035,0.30327056491575816,0.2431531396007362,0.18303571428571427,0.4863062792014724
org.jsoup.helper.DataUtilTest.shouldReturnNullForIllegalCharsetNames,0.04757185332011893,0.03215646237434518,0.016741071428571428,0.06431292474869035,0.30327056491575816,0.2431531396007362,0.18303571428571427,0.4863062792014724
org.jsoup.helper.DataUtilTest.testCharset,0.04757185332011893,0.03215646237434518,0.016741071428571428,0.06431292474869035,0.30327056491575816,0.2431531396007362,0.18303571428571427,0.4863062792014724
org.jsoup.helper.DataUtilTest.testQuotedCharset,0.04757185332011893,0.03215646237434518,0.016741071428571428,0.06431292474869035,0.30327056491575816,0.2431531396007362,0.18303571428571427,0.4863062792014724
org.jsoup.helper.DataUtilTest.generatesMimeBoundaries,0.04757185332011893,0.03215646237434518,0.016741071428571428,0.06431292474869035,0.30327056491575816,0.2431531396007362,0.18303571428571427,0.4863062792014724
org.jsoup.helper.DataUtilTest.shouldCorrectCharsetForDuplicateCharsetString,0.04757185332011893,0.03215646237434518,0.016741071428571428,0.06431292474869035,0.30327056491575816,0.2431531396007362,0.18303571428571427,0.4863062792014724
org.jsoup.select.CssTest.nthOfType_simple,0.06046931407942238,0.03189028617878404,0.0033112582781456954,0.06378057235756808,0.509927797833935,0.2690367465990867,0.028145695364238412,0.5380734931981734
org.jsoup.select.CssTest.firstChild,0.06046931407942238,0.03189028617878404,0.0033112582781456954,0.06378057235756808,0.509927797833935,0.2690367465990867,0.028145695364238412,0.5380734931981734
org.jsoup.select.CssTest.nthLastChild_simple,0.06046931407942238,0.03189028617878404,0.0033112582781456954,0.06378057235756808,0.509927797833935,0.2690367465990867,0.028145695364238412,0.5380734931981734
org.jsoup.select.CssTest.nthChild_advanced,0.06046931407942238,0.03189028617878404,0.0033112582781456954,0.06378057235756808,0.509927797833935,0.2690367465990867,0.028145695364238412,0.5380734931981734
org.jsoup.select.CssTest.nthChild_simple,0.06046931407942238,0.03189028617878404,0.0033112582781456954,0.06378057235756808,0.509927797833935,0.2690367465990867,0.028145695364238412,0.5380734931981734
org.jsoup.select.CssTest.nthLastOfType_simple,0.06046931407942238,0.03189028617878404,0.0033112582781456954,0.06378057235756808,0.509927797833935,0.2690367465990867,0.028145695364238412,0.5380734931981734
org.jsoup.select.CssTest.nthOfType_advanced,0.06046931407942238,0.03189028617878404,0.0033112582781456954,0.06378057235756808,0.509927797833935,0.2690367465990867,0.028145695364238412,0.5380734931981734
org.jsoup.select.CssTest.nthLastOfType_advanced,0.06046931407942238,0.03189028617878404,0.0033112582781456954,0.06378057235756808,0.509927797833935,0.2690367465990867,0.028145695364238412,0.5380734931981734
org.jsoup.select.CssTest.firstOfType,0.06046931407942238,0.03189028617878404,0.0033112582781456954,0.06378057235756808,0.509927797833935,0.2690367465990867,0.028145695364238412,0.5380734931981734
org.jsoup.select.CssTest.lastOfType,0.06046931407942238,0.03189028617878404,0.0033112582781456954,0.06378057235756808,0.509927797833935,0.2690367465990867,0.028145695364238412,0.5380734931981734
org.jsoup.select.CssTest.lastChild,0.06046931407942238,0.03189028617878404,0.0033112582781456954,0.06378057235756808,0.509927797833935,0.2690367465990867,0.028145695364238412,0.5380734931981734
org.jsoup.select.CssTest.nthOfType_unknownTag,0.06046931407942238,0.03189028617878404,0.0033112582781456954,0.06378057235756808,0.509927797833935,0.2690367465990867,0.028145695364238412,0.5380734931981734
org.jsoup.select.CssTest.nthLastChild_advanced,0.06046931407942238,0.03189028617878404,0.0033112582781456954,0.06378057235756808,0.509927797833935,0.2690367465990867,0.028145695364238412,0.5380734931981734
org.jsoup.parser.TagTest.divSemantics,0.05410279531109107,0.029305680793507663,0.004508566275924256,0.058611361587015326,0.40396753832281335,0.22633002705139765,0.04869251577998197,0.4526600541027953
org.jsoup.parser.TagTest.isCaseSensitive,0.05410279531109107,0.029305680793507663,0.004508566275924256,0.058611361587015326,0.40396753832281335,0.22633002705139765,0.04869251577998197,0.4526600541027953
org.jsoup.parser.TagTest.pSemantics,0.05410279531109107,0.029305680793507663,0.004508566275924256,0.058611361587015326,0.40396753832281335,0.22633002705139765,0.04869251577998197,0.4526600541027953
org.jsoup.parser.TagTest.imgSemantics,0.05410279531109107,0.029305680793507663,0.004508566275924256,0.058611361587015326,0.40396753832281335,0.22633002705139765,0.04869251577998197,0.4526600541027953
org.jsoup.parser.TagTest.defaultSemantics,0.05410279531109107,0.029305680793507663,0.004508566275924256,0.058611361587015326,0.40396753832281335,0.22633002705139765,0.04869251577998197,0.4526600541027953
org.jsoup.parser.TagTest.trims,0.05410279531109107,0.029305680793507663,0.004508566275924256,0.058611361587015326,0.40396753832281335,0.22633002705139765,0.04869251577998197,0.4526600541027953
org.jsoup.parser.TagTest.valueOfChecksNotEmpty,0.05410279531109107,0.029305680793507663,0.004508566275924256,0.058611361587015326,0.40396753832281335,0.22633002705139765,0.04869251577998197,0.4526600541027953
org.jsoup.parser.TagTest.canBeInsensitive,0.05410279531109107,0.029305680793507663,0.004508566275924256,0.058611361587015326,0.40396753832281335,0.22633002705139765,0.04869251577998197,0.4526600541027953
org.jsoup.parser.TagTest.valueOfChecksNotNull,0.05410279531109107,0.029305680793507663,0.004508566275924256,0.058611361587015326,0.40396753832281335,0.22633002705139765,0.04869251577998197,0.4526600541027953
org.jsoup.parser.TagTest.equality,0.05410279531109107,0.029305680793507663,0.004508566275924256,0.058611361587015326,0.40396753832281335,0.22633002705139765,0.04869251577998197,0.4526600541027953
org.jsoup.parser.HtmlTreeBuilderTest.ensureSearchArraysAreSorted,0.047619047619047616,0.047619047619047616,0.047619047619047616,0.047619047619047616,0.0,0.0,0.0,0.0
org.jsoup.parser.HtmlTreeBuilderStateTest.ensureArraysAreSorted,0.047619047619047616,0.047619047619047616,0.047619047619047616,0.047619047619047616,0.0,0.0,0.0,0.0
org.jsoup.parser.TokenQueueTest.consumeToIgnoreSecondCallTest,0.04032997250229148,0.023447261962305475,0.006564551422319475,0.04689452392461095,0.34188817598533455,0.19884343153752504,0.05579868708971553,0.3976868630750501
org.jsoup.parser.TokenQueueTest.addFirst,0.04032997250229148,0.023447261962305475,0.006564551422319475,0.04689452392461095,0.34188817598533455,0.19884343153752504,0.05579868708971553,0.3976868630750501
org.jsoup.parser.TokenQueueTest.chompToIgnoreCase,0.04032997250229148,0.023447261962305475,0.006564551422319475,0.04689452392461095,0.34188817598533455,0.19884343153752504,0.05579868708971553,0.3976868630750501
org.jsoup.parser.TokenQueueTest.chompEscapedBalanced,0.04032997250229148,0.023447261962305475,0.006564551422319475,0.04689452392461095,0.34188817598533455,0.19884343153752504,0.05579868708971553,0.3976868630750501
org.jsoup.parser.TokenQueueTest.chompBalanced,0.04032997250229148,0.023447261962305475,0.006564551422319475,0.04689452392461095,0.34188817598533455,0.19884343153752504,0.05579868708971553,0.3976868630750501
org.jsoup.parser.TokenQueueTest.chompBalancedMatchesAsMuchAsPossible,0.04032997250229148,0.023447261962305475,0.006564551422319475,0.04689452392461095,0.34188817598533455,0.19884343153752504,0.05579868708971553,0.3976868630750501
org.jsoup.parser.TokenQueueTest.unescape,0.04032997250229148,0.023447261962305475,0.006564551422319475,0.04689452392461095,0.34188817598533455,0.19884343153752504,0.05579868708971553,0.3976868630750501
org.jsoup.nodes.AttributesTest.testIteratorEmpty,0.03700361010830325,0.0232076874070928,0.009411764705882352,0.0464153748141856,0.4016245487364621,0.2884593331917604,0.17529411764705882,0.5769186663835209
org.jsoup.nodes.AttributesTest.removeCaseSensitive,0.03700361010830325,0.0232076874070928,0.009411764705882352,0.0464153748141856,0.4016245487364621,0.2884593331917604,0.17529411764705882,0.5769186663835209
org.jsoup.nodes.AttributesTest.html,0.03700361010830325,0.0232076874070928,0.009411764705882352,0.0464153748141856,0.4016245487364621,0.2884593331917604,0.17529411764705882,0.5769186663835209
org.jsoup.nodes.TextNodeTest.testBlank,0.03790613718411552,0.02311107275006192,0.008316008316008316,0.04622214550012384,0.12454873646209386,0.09345939941607811,0.062370062370062374,0.18691879883215623
org.jsoup.parser.CharacterReaderTest.nextIndexOfUnmatched,0.03314917127071823,0.021603321267543024,0.010057471264367816,0.04320664253508605,0.5649171270718232,0.4239815520416587,0.28304597701149425,0.8479631040833174
org.jsoup.parser.CharacterReaderTest.consume,0.03314917127071823,0.021603321267543024,0.010057471264367816,0.04320664253508605,0.5649171270718232,0.4239815520416587,0.28304597701149425,0.8479631040833174
org.jsoup.parser.CharacterReaderTest.consumeToString,0.03314917127071823,0.021603321267543024,0.010057471264367816,0.04320664253508605,0.5649171270718232,0.4239815520416587,0.28304597701149425,0.8479631040833174
org.jsoup.parser.CharacterReaderTest.nextIndexOfString,0.03314917127071823,0.021603321267543024,0.010057471264367816,0.04320664253508605,0.5649171270718232,0.4239815520416587,0.28304597701149425,0.8479631040833174
org.jsoup.parser.CharacterReaderTest.consumeLetterSequence,0.03314917127071823,0.021603321267543024,0.010057471264367816,0.04320664253508605,0.5649171270718232,0.4239815520416587,0.28304597701149425,0.8479631040833174
org.jsoup.parser.CharacterReaderTest.nextIndexOfChar,0.03314917127071823,0.021603321267543024,0.010057471264367816,0.04320664253508605,0.5649171270718232,0.4239815520416587,0.28304597701149425,0.8479631040833174
org.jsoup.parser.CharacterReaderTest.consumeToEnd,0.03314917127071823,0.021603321267543024,0.010057471264367816,0.04320664253508605,0.5649171270718232,0.4239815520416587,0.28304597701149425,0.8479631040833174
org.jsoup.parser.CharacterReaderTest.matchesAny,0.03314917127071823,0.021603321267543024,0.010057471264367816,0.04320664253508605,0.5649171270718232,0.4239815520416587,0.28304597701149425,0.8479631040833174
org.jsoup.parser.CharacterReaderTest.empty,0.03314917127071823,0.021603321267543024,0.010057471264367816,0.04320664253508605,0.5649171270718232,0.4239815520416587,0.28304597701149425,0.8479631040833174
org.jsoup.parser.CharacterReaderTest.containsIgnoreCase,0.03314917127071823,0.021603321267543024,0.010057471264367816,0.04320664253508605,0.5649171270718232,0.4239815520416587,0.28304597701149425,0.8479631040833174
org.jsoup.parser.CharacterReaderTest.cachesStrings,0.03314917127071823,0.021603321267543024,0.010057471264367816,0.04320664253508605,0.5649171270718232,0.4239815520416587,0.28304597701149425,0.8479631040833174
org.jsoup.parser.CharacterReaderTest.unconsume,0.03314917127071823,0.021603321267543024,0.010057471264367816,0.04320664253508605,0.5649171270718232,0.4239815520416587,0.28304597701149425,0.8479631040833174
org.jsoup.parser.CharacterReaderTest.mark,0.03314917127071823,0.021603321267543024,0.010057471264367816,0.04320664253508605,0.5649171270718232,0.4239815520416587,0.28304597701149425,0.8479631040833174
org.jsoup.parser.CharacterReaderTest.advance,0.03314917127071823,0.021603321267543024,0.010057471264367816,0.04320664253508605,0.5649171270718232,0.4239815520416587,0.28304597701149425,0.8479631040833174
org.jsoup.parser.CharacterReaderTest.consumeLetterThenDigitSequence,0.03314917127071823,0.021603321267543024,0.010057471264367816,0.04320664253508605,0.5649171270718232,0.4239815520416587,0.28304597701149425,0.8479631040833174
org.jsoup.parser.CharacterReaderTest.consumeToChar,0.03314917127071823,0.021603321267543024,0.010057471264367816,0.04320664253508605,0.5649171270718232,0.4239815520416587,0.28304597701149425,0.8479631040833174
org.jsoup.parser.CharacterReaderTest.matches,0.03314917127071823,0.021603321267543024,0.010057471264367816,0.04320664253508605,0.5649171270718232,0.4239815520416587,0.28304597701149425,0.8479631040833174
org.jsoup.parser.CharacterReaderTest.consumeToAny,0.03314917127071823,0.021603321267543024,0.010057471264367816,0.04320664253508605,0.5649171270718232,0.4239815520416587,0.28304597701149425,0.8479631040833174
org.jsoup.parser.CharacterReaderTest.matchesIgnoreCase,0.03314917127071823,0.021603321267543024,0.010057471264367816,0.04320664253508605,0.5649171270718232,0.4239815520416587,0.28304597701149425,0.8479631040833174
org.jsoup.parser.CharacterReaderTest.rangeEquals,0.03314917127071823,0.021603321267543024,0.010057471264367816,0.04320664253508605,0.5649171270718232,0.4239815520416587,0.28304597701149425,0.8479631040833174
org.jsoup.helper.HttpConnectionTest.inputStream,0.02247191011235955,0.020196528532882285,0.017921146953405017,0.04039305706576457,0.26045400238948624,0.22573261917227122,0.19101123595505617,0.45146523834454244
org.jsoup.helper.StringUtilTest.isBlank,0.023174971031286212,0.01622247972190035,0.009269988412514484,0.0324449594438007,0.20625724217844726,0.14252607184241017,0.07879490150637311,0.28505214368482035
org.jsoup.helper.StringUtilTest.padding,0.023174971031286212,0.01622247972190035,0.009269988412514484,0.0324449594438007,0.20625724217844726,0.14252607184241017,0.07879490150637311,0.28505214368482035
org.jsoup.helper.StringUtilTest.join,0.023174971031286212,0.01622247972190035,0.009269988412514484,0.0324449594438007,0.20625724217844726,0.14252607184241017,0.07879490150637311,0.28505214368482035
org.jsoup.helper.StringUtilTest.resolvesRelativeUrls,0.023174971031286212,0.01622247972190035,0.009269988412514484,0.0324449594438007,0.20625724217844726,0.14252607184241017,0.07879490150637311,0.28505214368482035
org.jsoup.helper.StringUtilTest.isWhitespace,0.023174971031286212,0.01622247972190035,0.009269988412514484,0.0324449594438007,0.20625724217844726,0.14252607184241017,0.07879490150637311,0.28505214368482035
org.jsoup.helper.StringUtilTest.normaliseWhiteSpace,0.023174971031286212,0.01622247972190035,0.009269988412514484,0.0324449594438007,0.20625724217844726,0.14252607184241017,0.07879490150637311,0.28505214368482035
org.jsoup.helper.StringUtilTest.isNumeric,0.023174971031286212,0.01622247972190035,0.009269988412514484,0.0324449594438007,0.20625724217844726,0.14252607184241017,0.07879490150637311,0.28505214368482035
org.jsoup.nodes.AttributeTest.html,0.028054298642533938,0.01521762551174316,0.002380952380952381,0.03043525102348632,0.17918552036199095,0.09614037922861453,0.013095238095238096,0.19228075845722906
org.jsoup.nodes.AttributeTest.testWithSupplementaryCharacterInAttributeKeyAndValue,0.028054298642533938,0.01521762551174316,0.002380952380952381,0.03043525102348632,0.17918552036199095,0.09614037922861453,0.013095238095238096,0.19228075845722906
org.jsoup.select.QueryParserTest.testParsesSingleQuoteInContains,0.02384105960264901,0.014260623405068654,0.0046801872074883,0.028521246810137308,0.2410596026490066,0.1267700509344877,0.0124804992199688,0.2535401018689754
org.jsoup.select.QueryParserTest.testParsesMultiCorrectly,0.02384105960264901,0.014260623405068654,0.0046801872074883,0.028521246810137308,0.2410596026490066,0.1267700509344877,0.0124804992199688,0.2535401018689754
org.jsoup.select.QueryParserTest.exceptionOnUncloseAttribute,0.02384105960264901,0.014260623405068654,0.0046801872074883,0.028521246810137308,0.2410596026490066,0.1267700509344877,0.0124804992199688,0.2535401018689754
org.jsoup.select.QueryParserTest.testOrGetsCorrectPrecedence,0.02384105960264901,0.014260623405068654,0.0046801872074883,0.028521246810137308,0.2410596026490066,0.1267700509344877,0.0124804992199688,0.2535401018689754
org.jsoup.nodes.DocumentTypeTest.constructorValidationOkWithBlankName,0.017955801104972375,0.012575022854644461,0.007194244604316547,0.025150045709288922,0.13535911602209943,0.10293135657220079,0.07050359712230216,0.20586271314440158
org.jsoup.nodes.DocumentTypeTest.constructorValidationOkWithBlankPublicAndSystemIds,0.017955801104972375,0.012575022854644461,0.007194244604316547,0.025150045709288922,0.13535911602209943,0.10293135657220079,0.07050359712230216,0.20586271314440158
org.jsoup.nodes.DocumentTypeTest.outerHtmlGeneration,0.017955801104972375,0.012575022854644461,0.007194244604316547,0.025150045709288922,0.13535911602209943,0.10293135657220079,0.07050359712230216,0.20586271314440158
org.jsoup.nodes.DocumentTypeTest.constructorValidationThrowsExceptionOnNulls,0.017955801104972375,0.012575022854644461,0.007194244604316547,0.025150045709288922,0.13535911602209943,0.10293135657220079,0.07050359712230216,0.20586271314440158
org.jsoup.nodes.EntitiesTest.xhtml,0.02508551881413911,0.02508551881413911,0.02508551881413911,0.02508551881413911,0.1961231470923603,0.1961231470923603,0.1961231470923603,0.1961231470923603
org.jsoup.parser.ParserSettingsTest.attributeCaseNormalization,0.014778325123152709,0.01231527093596059,0.009852216748768473,0.02463054187192118,0.21182266009852216,0.1330049261083744,0.054187192118226604,0.2660098522167488
org.jsoup.parser.ParserSettingsTest.caseSupport,0.014778325123152709,0.01231527093596059,0.009852216748768473,0.02463054187192118,0.21182266009852216,0.1330049261083744,0.054187192118226604,0.2660098522167488
org.jsoup.helper.HttpConnectionTest.caseInsensitiveHeaders,0.017921146953405017,0.017921146953405017,0.017921146953405017,0.017921146953405017,0.26045400238948624,0.26045400238948624,0.26045400238948624,0.26045400238948624
org.jsoup.helper.HttpConnectionTest.multipleHeaders,0.017921146953405017,0.017921146953405017,0.017921146953405017,0.017921146953405017,0.26045400238948624,0.26045400238948624,0.26045400238948624,0.26045400238948624
org.jsoup.helper.HttpConnectionTest.ignoresEmptyCookieNameAndVals,0.017921146953405017,0.017921146953405017,0.017921146953405017,0.017921146953405017,0.26045400238948624,0.26045400238948624,0.26045400238948624,0.26045400238948624
org.jsoup.helper.HttpConnectionTest.ignoresEmptySetCookies,0.017921146953405017,0.017921146953405017,0.017921146953405017,0.017921146953405017,0.26045400238948624,0.26045400238948624,0.26045400238948624,0.26045400238948624
org.jsoup.helper.HttpConnectionTest.sameHeadersCombineWithComma,0.017921146953405017,0.017921146953405017,0.017921146953405017,0.017921146953405017,0.26045400238948624,0.26045400238948624,0.26045400238948624,0.26045400238948624
org.jsoup.helper.StringUtilTest.paddingInACan,0.009269988412514484,0.009269988412514484,0.009269988412514484,0.009269988412514484,0.07879490150637311,0.07879490150637311,0.07879490150637311,0.07879490150637311
org.jsoup.nodes.DocumentTypeTest.testRoundTrip,0.007194244604316547,0.007194244604316547,0.007194244604316547,0.007194244604316547,0.07050359712230216,0.07050359712230216,0.07050359712230216,0.07050359712230216
