TestCase,MaxChangeProneness,AvgChangeProneness,MinChangeProneness,SumChangeProneness
org.apache.commons.math.optimization.fitting.HarmonicFitterTest.testNoError,0.06550218340611354,0.02927236259468215,0.0064516129032258064,0.14636181297341075
org.apache.commons.math.linear.SparseRealVectorTest.testMapFunctions,0.021406727828746176,0.005334108043656382,0.00298804780876494,0.1440209171787223
org.apache.commons.math.linear.ArrayRealVectorTest.testMapFunctions,0.021377672209026127,0.00526651983775054,0.00298804780876494,0.14219603561926458
org.apache.commons.math.analysis.interpolation.SplineInterpolatorTest.testInterpolateSin,0.06550218340611354,0.016860626822909036,0.002328288707799767,0.1348850145832723
org.apache.commons.math.stat.descriptive.SummaryStatisticsTest.testSetterInjection,0.06550218340611354,0.023547137363794435,0.007835051546391752,0.11773568681897217
org.apache.commons.math.util.MathUtilsTest.testNormalizeAngle,0.06550218340611354,0.05720920535273456,0.048916227299355595,0.11441841070546913
org.apache.commons.math.util.MathUtilsTest.testArrayHash,0.06550218340611354,0.05720920535273456,0.048916227299355595,0.11441841070546913
org.apache.commons.math.ode.nonstiff.AdamsMoultonIntegratorTest.testIncreasingTolerance,0.06550218340611354,0.022543016421518455,0.0072436141822340835,0.11271508210759228
org.apache.commons.math.ode.nonstiff.AdamsMoultonIntegratorTest.backward,0.06550218340611354,0.022161773569821925,0.00533739992375143,0.11080886784910962
org.apache.commons.math.ode.nonstiff.GraggBulirschStoerIntegratorTest.testIncreasingTolerance,0.06550218340611354,0.022097767981260834,0.0072436141822340835,0.11048883990630416
org.apache.commons.math.complex.ComplexTest.testSqrtPolar,0.06550218340611354,0.027598128227228392,0.006522485410230003,0.11039251290891357
org.apache.commons.math.ode.nonstiff.AdamsBashforthIntegratorTest.testIncreasingTolerance,0.06550218340611354,0.02207076140380889,0.0072436141822340835,0.11035380701904446
org.apache.commons.math.ode.nonstiff.DormandPrince853IntegratorTest.testIncreasingTolerance,0.06550218340611354,0.02202151941092153,0.0072436141822340835,0.11010759705460764
org.apache.commons.math.analysis.interpolation.MicrosphereInterpolatorTest.testParaboloid2D,0.06550218340611354,0.027345051727655653,0.004101161995898838,0.10938020691062261
org.apache.commons.math.analysis.interpolation.MicrosphereInterpolatorTest.testLinearFunction2D,0.06550218340611354,0.027345051727655653,0.004101161995898838,0.10938020691062261
org.apache.commons.math.ode.nonstiff.GraggBulirschStoerIntegratorTest.testMinStep,0.06550218340611354,0.0217165251295643,0.00533739992375143,0.1085826256478215
org.apache.commons.math.ode.nonstiff.AdamsBashforthIntegratorTest.backward,0.06550218340611354,0.02168951855211236,0.00533739992375143,0.1084475927605618
org.apache.commons.math.stat.correlation.PearsonsCorrelationTest.testStdErrorConsistency,0.06550218340611354,0.02163348265990018,0.00672182006204757,0.1081674132995009
org.apache.commons.math.optimization.fitting.PolynomialFitterTest.testNoError,0.06550218340611354,0.021509383228263266,0.003812428516965307,0.10754691614131633
org.apache.commons.math.optimization.fitting.PolynomialFitterTest.testSmallError,0.06550218340611354,0.021509383228263266,0.003812428516965307,0.10754691614131633
org.apache.commons.math.ode.nonstiff.DormandPrince54IntegratorTest.testIncreasingTolerance,0.06550218340611354,0.021424379623282704,0.0072436141822340835,0.10712189811641352
org.apache.commons.math.ode.nonstiff.DormandPrince54IntegratorTest.testSmallLastStep,0.06550218340611354,0.02141153084820708,0.00533739992375143,0.10705765424103539
org.apache.commons.math.linear.BiDiagonalTransformerTest.testSingularMatrix,0.06550218340611354,0.026670924088839983,0.007231404958677686,0.10668369635535993
org.apache.commons.math.linear.BiDiagonalTransformerTest.testMatricesValues,0.06550218340611354,0.026670924088839983,0.007231404958677686,0.10668369635535993
org.apache.commons.math.stat.descriptive.MultivariateSummaryStatisticsTest.testStats,0.06550218340611354,0.02637414011742473,0.00819672131147541,0.10549656046969892
org.apache.commons.math.complex.ComplexTest.testAcos,0.06550218340611354,0.03462334249956119,0.017965895249695493,0.10387002749868357
org.apache.commons.math.ode.nonstiff.GillIntegratorTest.testDecreasingSteps,0.06550218340611354,0.01701691619483008,0.004574914220358368,0.10210149716898047
org.apache.commons.math.ode.nonstiff.ThreeEighthesIntegratorTest.testDecreasingSteps,0.06550218340611354,0.016953375719547324,0.004574914220358368,0.10172025431728395
org.apache.commons.math.ode.nonstiff.EulerIntegratorTest.testDecreasingSteps,0.06550218340611354,0.016953375719547324,0.004574914220358368,0.10172025431728395
org.apache.commons.math.ode.nonstiff.ClassicalRungeKuttaIntegratorTest.testDecreasingSteps,0.06550218340611354,0.016953375719547324,0.004574914220358368,0.10172025431728395
org.apache.commons.math.ode.nonstiff.MidpointIntegratorTest.testDecreasingSteps,0.06550218340611354,0.016953375719547324,0.004574914220358368,0.10172025431728395
org.apache.commons.math.distribution.ExponentialDistributionTest.testDensity,0.06550218340611354,0.03390402609656564,0.007308160779537149,0.10171207828969693
org.apache.commons.math.ode.nonstiff.AdamsMoultonIntegratorTest.polynomial,0.06550218340611354,0.025139167248253543,0.004616272360069244,0.10055666899301417
org.apache.commons.math.transform.FastFourierTransformerTest.testAdHocData,0.06550218340611354,0.03330996978428488,0.014025777103866566,0.09992990935285465
org.apache.commons.math.stat.StatUtilsTest.testSumLog,0.06550218340611354,0.03330381346992254,0.016443361753958587,0.09991144040976763
org.apache.commons.math.ode.nonstiff.HighamHall54IntegratorTest.testIncreasingTolerance,0.06550218340611354,0.019886559441420953,0.0072436141822340835,0.09943279720710477
org.apache.commons.math.analysis.integration.TrapezoidIntegratorTest.testQuinticFunction,0.06550218340611354,0.024845336930015116,0.008905380333951763,0.09938134772006046
org.apache.commons.math.analysis.integration.TrapezoidIntegratorTest.testSinFunction,0.06550218340611354,0.024845336930015116,0.008905380333951763,0.09938134772006046
org.apache.commons.math.analysis.integration.LegendreGaussIntegratorTest.testSinFunction,0.06550218340611354,0.024657463269658425,0.009760425909494233,0.0986298530786337
org.apache.commons.math.ode.nonstiff.AdamsBashforthIntegratorTest.polynomial,0.06550218340611354,0.02454884847611659,0.004616272360069244,0.09819539390446635
org.apache.commons.math.analysis.interpolation.DividedDifferenceInterpolatorTest.testSinFunction,0.06550218340611354,0.01631987265397899,0.002328288707799767,0.09791923592387394
org.apache.commons.math.optimization.general.GaussNewtonOptimizerTest.testCircleFitting,0.06550218340611354,0.01953501619325141,0.002997002997002997,0.09767508096625706
org.apache.commons.math.ode.ContinuousOutputModelTest.testModelsMerging,0.06550218340611354,0.024286335024231394,0.009149828440716736,0.09714534009692558
org.apache.commons.math.analysis.integration.LegendreGaussIntegratorTest.testExactIntegration,0.06550218340611354,0.024206035833950222,0.007077856420626896,0.09682414333580089
org.apache.commons.math.analysis.interpolation.NevilleInterpolatorTest.testSinFunction,0.06550218340611354,0.01607264066462404,0.002328288707799767,0.09643584398774424
org.apache.commons.math.analysis.integration.SimpsonIntegratorTest.testQuinticFunction,0.06550218340611354,0.0241032219021858,0.008905380333951763,0.0964128876087432
org.apache.commons.math.analysis.integration.SimpsonIntegratorTest.testSinFunction,0.06550218340611354,0.0241032219021858,0.008905380333951763,0.0964128876087432
org.apache.commons.math.analysis.solvers.MullerSolverTest.testSinFunction,0.06550218340611354,0.024058958708886587,0.009760425909494233,0.09623583483554635
org.apache.commons.math.analysis.solvers.MullerSolverTest.testQuinticFunction,0.06550218340611354,0.024058958708886587,0.009760425909494233,0.09623583483554635
org.apache.commons.math.analysis.integration.RombergIntegratorTest.testSinFunction,0.06550218340611354,0.024010457523707136,0.008905380333951763,0.09604183009482854
org.apache.commons.math.analysis.integration.RombergIntegratorTest.testQuinticFunction,0.06550218340611354,0.024010457523707136,0.008905380333951763,0.09604183009482854
org.apache.commons.math.ode.nonstiff.GillIntegratorTest.testBackward,0.06550218340611354,0.019200322308367195,0.00533739992375143,0.09600161154183598
org.apache.commons.math.ode.nonstiff.ThreeEighthesIntegratorTest.testBackward,0.06550218340611354,0.01912407373802789,0.00533739992375143,0.09562036869013946
org.apache.commons.math.ode.nonstiff.EulerIntegratorTest.testBackward,0.06550218340611354,0.01912407373802789,0.00533739992375143,0.09562036869013946
org.apache.commons.math.ode.nonstiff.ClassicalRungeKuttaIntegratorTest.testBackward,0.06550218340611354,0.01912407373802789,0.00533739992375143,0.09562036869013946
org.apache.commons.math.ode.nonstiff.MidpointIntegratorTest.testBackward,0.06550218340611354,0.01912407373802789,0.00533739992375143,0.09562036869013946
org.apache.commons.math.analysis.solvers.RiddersSolverTest.testQuinticFunction,0.06550218340611354,0.023687487683626555,0.008543833580980683,0.09474995073450622
org.apache.commons.math.analysis.solvers.RiddersSolverTest.testSinFunction,0.06550218340611354,0.023687487683626555,0.008543833580980683,0.09474995073450622
org.apache.commons.math.analysis.interpolation.DividedDifferenceInterpolatorTest.testExpm1Function,0.06550218340611354,0.015500688735779646,0.002328288707799767,0.09300413241467788
org.apache.commons.math.analysis.solvers.LaguerreSolverTest.testQuadraticFunction,0.06550218340611354,0.03066563267356426,0.013121757705218187,0.09199689802069279
org.apache.commons.math.analysis.solvers.LaguerreSolverTest.testLinearFunction,0.06550218340611354,0.03066563267356426,0.013121757705218187,0.09199689802069279
org.apache.commons.math.analysis.solvers.LaguerreSolverTest.testQuinticFunction,0.06550218340611354,0.03066563267356426,0.013121757705218187,0.09199689802069279
org.apache.commons.math.optimization.general.LevenbergMarquardtOptimizerTest.testCircleFitting,0.06550218340611354,0.0229889237297329,0.002997002997002997,0.0919556949189316
org.apache.commons.math.analysis.interpolation.NevilleInterpolatorTest.testExpm1Function,0.06550218340611354,0.015253456746424697,0.002328288707799767,0.09152074047854818
org.apache.commons.math.analysis.solvers.MullerSolverTest.testExpm1Function,0.06550218340611354,0.02283018283158757,0.004845322400298174,0.09132073132635028
org.apache.commons.math.analysis.solvers.RiddersSolverTest.testExpm1Function,0.06550218340611354,0.02245871180632754,0.004845322400298174,0.08983484722531015
org.apache.commons.math.transform.FastCosineTransformerTest.testAdHocData,0.06550218340611354,0.02979463732945761,0.009855951478392721,0.08938391198837282
org.apache.commons.math.transform.FastSineTransformerTest.testAdHocData,0.06550218340611354,0.02966827897717052,0.009476876421531463,0.08900483693151157
org.apache.commons.math.linear.SparseRealMatrixTest.testExamples,0.020149683362118594,0.014540534660199214,0.010330578512396695,0.08724320796119528
org.apache.commons.math.analysis.interpolation.LoessInterpolatorTest.testIncreasingRobustnessItersIncreasesSmoothnessWithOutliers,0.06550218340611354,0.029015389681152148,0.00718132854578097,0.08704616904345644
org.apache.commons.math.analysis.interpolation.LoessInterpolatorTest.testOnDistortedSine,0.06550218340611354,0.029015389681152148,0.00718132854578097,0.08704616904345644
org.apache.commons.math.analysis.interpolation.LoessInterpolatorTest.testIncreasingBandwidthIncreasesSmoothness,0.06550218340611354,0.029015389681152148,0.00718132854578097,0.08704616904345644
org.apache.commons.math.linear.SparseRealVectorTest.testPredicates,0.06550218340611354,0.04315019232138167,0.020798201236649803,0.08630038464276334
org.apache.commons.math.analysis.polynomials.PolynomialsUtilsTest.testChebyshevBounds,0.06550218340611354,0.028762911387306453,0.007664793050587634,0.08628873416191936
org.apache.commons.math.analysis.polynomials.PolynomialsUtilsTest.testHighDegreeLegendre,0.06550218340611354,0.028762911387306453,0.007664793050587634,0.08628873416191936
org.apache.commons.math.special.GammaTest.testDigammaSmallArgs,0.06550218340611354,0.028736212982711822,0.006394640682095006,0.08620863894813546
org.apache.commons.math.linear.ArrayRealVectorTest.testPredicates,0.06550218340611354,0.04225227935151282,0.019002375296912115,0.08450455870302565
org.apache.commons.math.linear.BlockRealMatrixTest.testExamples,0.020149683362118594,0.0140667603689846,0.010330578512396695,0.0844005622139076
org.apache.commons.math.linear.Array2DRowRealMatrixTest.testExamples,0.020149683362118594,0.01377207891142202,0.009501187648456057,0.08263247346853211
org.apache.commons.math.ode.nonstiff.EulerStepInterpolatorTest.noReset,0.06550218340611354,0.02743429916972999,0.008032128514056224,0.08230289750918997
org.apache.commons.math.ode.nonstiff.EulerStepInterpolatorTest.interpolationAtBounds,0.06550218340611354,0.02743429916972999,0.008032128514056224,0.08230289750918997
org.apache.commons.math.ode.nonstiff.EulerStepInterpolatorTest.interpolationInside,0.06550218340611354,0.02743429916972999,0.008032128514056224,0.08230289750918997
org.apache.commons.math.fraction.FractionTest.testGoldenRatio,0.06550218340611354,0.04104236783860111,0.01658255227108868,0.08208473567720222
org.apache.commons.math.stat.StatUtilsTest.testGeometricMean,0.06550218340611354,0.040972772580036065,0.016443361753958587,0.08194554516007213
org.apache.commons.math.optimization.general.MinpackTest.testMinpackRosenbrok,0.06550218340611354,0.040793987145416016,0.0160857908847185,0.08158797429083203
org.apache.commons.math.optimization.fitting.HarmonicFitterTest.test1PercentError,0.048916227299355595,0.02021490739182431,0.0064516129032258064,0.08085962956729724
org.apache.commons.math.optimization.fitting.HarmonicFitterTest.testInitialGuess,0.048916227299355595,0.02021490739182431,0.0064516129032258064,0.08085962956729724
org.apache.commons.math.optimization.fitting.HarmonicFitterTest.testUnsorted,0.048916227299355595,0.02021490739182431,0.0064516129032258064,0.08085962956729724
org.apache.commons.math.fraction.BigFractionTest.testGoldenRatio,0.06550218340611354,0.04041899228475957,0.015335801163405606,0.08083798456951914
org.apache.commons.math.stat.regression.OLSMultipleLinearRegressionTest.testHat,0.020149683362118594,0.016055924409208937,0.012285012285012284,0.08027962204604468
org.apache.commons.math.stat.correlation.CovarianceTest.testConsistency,0.020401948842874544,0.013221628181286754,0.0035989717223650387,0.07932976908772052
org.apache.commons.math.linear.Array2DRowRealMatrixTest.testOperate,0.020149683362118594,0.015780830768438912,0.009501187648456057,0.07890415384219455
org.apache.commons.math.linear.BlockRealMatrixTest.testOperate,0.020149683362118594,0.015391625762111727,0.011269276393831554,0.07695812881055863
org.apache.commons.math.linear.BlockRealMatrixTest.testFrobeniusNorm,0.06550218340611354,0.03838572989997255,0.011269276393831554,0.0767714597999451
org.apache.commons.math.ode.sampling.DummyStepInterpolatorTest.testNoReset,0.06550218340611354,0.038279113052656466,0.01105604269919939,0.07655822610531293
org.apache.commons.math.ode.sampling.DummyStepInterpolatorTest.testSerialization,0.06550218340611354,0.038279113052656466,0.01105604269919939,0.07655822610531293
org.apache.commons.math.ode.sampling.DummyStepInterpolatorTest.testFixedState,0.06550218340611354,0.038279113052656466,0.01105604269919939,0.07655822610531293
org.apache.commons.math.linear.Array2DRowRealMatrixTest.testFrobeniusNorm,0.06550218340611354,0.0375016855272848,0.009501187648456057,0.0750033710545696
org.apache.commons.math.stat.regression.OLSMultipleLinearRegressionTest.testPerfectFit,0.020149683362118594,0.014972214350758808,0.009501187648456057,0.07486107175379404
org.apache.commons.math.ode.nonstiff.DormandPrince853IntegratorTest.testMissedEndEvent,0.06550218340611354,0.03732600592341514,0.009149828440716736,0.07465201184683028
org.apache.commons.math.linear.SparseRealVectorTest.testBasicFunctions,0.021406727828746176,0.018659906178131715,0.012285012285012284,0.07463962471252686
org.apache.commons.math.linear.TriDiagonalTransformerTest.testMatricesValues5,0.06550218340611354,0.03662505864520553,0.007747933884297521,0.07325011729041106
org.apache.commons.math.linear.ArrayRealVectorTest.testBasicFunctions,0.021377672209026127,0.01820368578826728,0.012285012285012284,0.07281474315306911
org.apache.commons.math.ode.nonstiff.ClassicalRungeKuttaIntegratorTest.testMissedEndEvent,0.06550218340611354,0.03637289879417381,0.0072436141822340835,0.07274579758834762
org.apache.commons.math.stat.clustering.EuclideanIntegerPointTest.testDistance,0.06550218340611354,0.03609557330840794,0.006688963210702341,0.07219114661681587
org.apache.commons.math.linear.BlockFieldMatrixTest.testExamples,0.01658255227108868,0.010305775968157262,0.006007646095030038,0.07214043177710083
org.apache.commons.math.ode.FirstOrderConverterTest.testBigStep,0.06550218340611354,0.03580103451662901,0.006099885627144491,0.07160206903325803
org.apache.commons.math.ode.FirstOrderConverterTest.testDecreasingSteps,0.06550218340611354,0.03580103451662901,0.006099885627144491,0.07160206903325803
org.apache.commons.math.ode.FirstOrderConverterTest.testSmallStep,0.06550218340611354,0.03580103451662901,0.006099885627144491,0.07160206903325803
org.apache.commons.math.linear.QRSolverTest.testSolve,0.020149683362118594,0.014309007526190576,0.011363636363636364,0.07154503763095288
org.apache.commons.math.util.MathUtilsTest.testPermutedArrayHash,0.048916227299355595,0.03573304860197615,0.022549869904596703,0.0714660972039523
org.apache.commons.math.linear.SingularValueSolverTest.testLeastSquareSolve,0.020149683362118594,0.014205701741066609,0.011363636363636364,0.07102850870533305
org.apache.commons.math.linear.SingularValueSolverTest.testSolve,0.020149683362118594,0.014205701741066609,0.011363636363636364,0.07102850870533305
org.apache.commons.math.distribution.PoissonDistributionTest.testLargeMeanCumulativeProbability,0.06550218340611354,0.03506673117580347,0.004631278945493409,0.07013346235160695
org.apache.commons.math.linear.MatrixUtilsTest.testFractionConverter,0.020149683362118594,0.0140257719573196,0.009501187648456057,0.070128859786598
org.apache.commons.math.special.ErfTest.testErf1960,0.06550218340611354,0.03502160743448719,0.0045410314628608495,0.07004321486897438
org.apache.commons.math.special.ErfTest.testErf3291,0.06550218340611354,0.03502160743448719,0.0045410314628608495,0.07004321486897438
org.apache.commons.math.special.ErfTest.testErf2807,0.06550218340611354,0.03502160743448719,0.0045410314628608495,0.07004321486897438
org.apache.commons.math.special.ErfTest.testErf2576,0.06550218340611354,0.03502160743448719,0.0045410314628608495,0.07004321486897438
org.apache.commons.math.linear.EigenSolverTest.testSolve,0.020149683362118594,0.013999090170818676,0.011363636363636364,0.06999545085409338
org.apache.commons.math.linear.FieldMatrixImplTest.testExamples,0.01658255227108868,0.009968561091335787,0.006007646095030038,0.06977992763935051
org.apache.commons.math.linear.SparseFieldMatrixTest.testExamples,0.01658255227108868,0.009965380483511187,0.006007646095030038,0.06975766338457831
org.apache.commons.math.analysis.interpolation.SplineInterpolatorTest.testInterpolateLinearDegenerateThreeSegment,0.017965895249695493,0.009911833025308393,0.002328288707799767,0.06938283117715875
org.apache.commons.math.analysis.interpolation.SplineInterpolatorTest.testInterpolateLinearDegenerateTwoSegment,0.017965895249695493,0.009911833025308393,0.002328288707799767,0.06938283117715875
org.apache.commons.math.linear.Array2DRowRealMatrixTest.testTranspose,0.020149683362118594,0.01386219622726064,0.009501187648456057,0.0693109811363032
org.apache.commons.math.linear.MatrixUtilsTest.testBigFractionConverter,0.020149683362118594,0.013776421735782984,0.009501187648456057,0.06888210867891492
org.apache.commons.math.linear.EigenSolverTest.testSolveDimensionErrors,0.020149683362118594,0.013747970066757398,0.011029411764705883,0.06873985033378699
org.apache.commons.math.linear.EigenSolverTest.testInvertible,0.020149683362118594,0.013747970066757398,0.011029411764705883,0.06873985033378699
org.apache.commons.math.linear.CholeskySolverTest.testSolve,0.020149683362118594,0.013689172815446776,0.01084710743801653,0.06844586407723388
org.apache.commons.math.linear.LUSolverTest.testSolve,0.020149683362118594,0.013585867030322807,0.010330578512396695,0.06792933515161403
org.apache.commons.math.linear.BlockRealMatrixTest.testTranspose,0.020149683362118594,0.01347299122093346,0.010330578512396695,0.06736495610466729
org.apache.commons.math.analysis.interpolation.SplineInterpolatorTest.testInterpolateLinear,0.017965895249695493,0.011175757078226498,0.006022187004754358,0.06705454246935899
org.apache.commons.math.linear.Array2DRowRealMatrixTest.testPremultiplyVector,0.020149683362118594,0.016654785389295566,0.009501187648456057,0.06661914155718227
org.apache.commons.math.linear.SparseRealMatrixTest.testOperate,0.020149683362118594,0.016387248271290553,0.012285012285012284,0.06554899308516221
org.apache.commons.math.linear.BlockRealMatrixTest.testPremultiplyVector,0.020149683362118594,0.016168279131386586,0.011269276393831554,0.06467311652554635
org.apache.commons.math.linear.BlockRealMatrixTest.testSetColumnVector,0.020149683362118594,0.016168279131386586,0.011269276393831554,0.06467311652554635
org.apache.commons.math.analysis.interpolation.LinearInterpolatorTest.testInterpolateLinearDegenerateTwoSegment,0.017965895249695493,0.00897123335255999,0.002328288707799767,0.06279863346791993
org.apache.commons.math.analysis.interpolation.LinearInterpolatorTest.testInterpolateLinearDegenerateThreeSegment,0.017965895249695493,0.00897123335255999,0.002328288707799767,0.06279863346791993
org.apache.commons.math.linear.Array2DRowRealMatrixTest.testSetColumnVector,0.020149683362118594,0.015429344831028462,0.009501187648456057,0.06171737932411385
org.apache.commons.math.linear.BlockFieldMatrixTest.testOperate,0.017965895249695493,0.012192466584128966,0.0070999453850355,0.06096233292064483
org.apache.commons.math.analysis.interpolation.LinearInterpolatorTest.testInterpolateLinear,0.017965895249695493,0.010078390793353362,0.004149377593360996,0.06047034476012017
org.apache.commons.math.linear.QRSolverTest.testUnderdetermined,0.020149683362118594,0.014980602658711466,0.011363636363636364,0.059922410634845866
org.apache.commons.math.linear.QRSolverTest.testOverdetermined,0.020149683362118594,0.014980602658711466,0.011363636363636364,0.059922410634845866
org.apache.commons.math.linear.QRSolverTest.testSolveDimensionErrors,0.020149683362118594,0.01481500633648515,0.011363636363636364,0.0592600253459406
org.apache.commons.math.linear.QRSolverTest.testSolveRankErrors,0.020149683362118594,0.01481500633648515,0.011363636363636364,0.0592600253459406
org.apache.commons.math.linear.SingularValueSolverTest.testSolveDimensionErrors,0.020149683362118594,0.014685874105080193,0.011363636363636364,0.05874349642032077
org.apache.commons.math.linear.FieldMatrixImplTest.testOperate,0.017965895249695493,0.011720365756578904,0.0070999453850355,0.058601828782894515
org.apache.commons.math.MathExceptionTest.testSerialization,0.017965895249695493,0.01164179636109655,0.005785123966942148,0.05820898180548275
org.apache.commons.math.ode.events.EventStateTest.closeEvents,0.01922508133688258,0.014543876922649147,0.01105604269919939,0.05817550769059659
org.apache.commons.math.stat.descriptive.moment.VarianceTest.testWeightedVariance,0.029069767441860465,0.01933263462028723,0.008526187576126675,0.05799790386086169
org.apache.commons.math.linear.BlockFieldMatrixTest.testGetSetRowVectorLarge,0.01658255227108868,0.011587511968169064,0.0054585152838427945,0.05793755984084532
org.apache.commons.math.linear.BlockFieldMatrixTest.testGetSetColumnVectorLarge,0.01658255227108868,0.011587511968169064,0.0054585152838427945,0.05793755984084532
org.apache.commons.math.linear.BlockFieldMatrixTest.testPlusMinus,0.017965895249695493,0.014345201697517735,0.010376843255051884,0.05738080679007094
org.apache.commons.math.linear.BlockFieldMatrixTest.testScalarAdd,0.017965895249695493,0.014345201697517735,0.010376843255051884,0.05738080679007094
org.apache.commons.math.linear.ArrayFieldVectorTest.testBasicFunctions,0.01658255227108868,0.011443697160857542,0.0070999453850355,0.057218485804287705
org.apache.commons.math.linear.BlockFieldMatrixTest.testGetSetRowLarge,0.01658255227108868,0.011349982276957661,0.0054585152838427945,0.056749911384788305
org.apache.commons.math.linear.BlockFieldMatrixTest.testGetSetColumnLarge,0.01658255227108868,0.011349982276957661,0.0054585152838427945,0.056749911384788305
org.apache.commons.math.linear.CholeskySolverTest.testSolveDimensionErrors,0.020149683362118594,0.0140402129480554,0.01084710743801653,0.0561608517922216
org.apache.commons.math.linear.SparseRealMatrixTest.testTranspose,0.020149683362118594,0.013988955094817719,0.010330578512396695,0.055955820379270875
org.apache.commons.math.optimization.MultiStartMultivariateRealOptimizerTest.testRosenbrock,0.011363636363636364,0.006967338350017668,0.003632401017072285,0.05573870680014134
org.apache.commons.math.linear.LUSolverTest.testSolveDimensionErrors,0.020149683362118594,0.013911080716650441,0.010330578512396695,0.055644322866601766
org.apache.commons.math.linear.LUSolverTest.testSolveSingularityErrors,0.020149683362118594,0.013911080716650441,0.010330578512396695,0.055644322866601766
org.apache.commons.math.linear.FieldMatrixImplTest.testPlusMinus,0.017965895249695493,0.013755075663080155,0.010095011876484561,0.05502030265232062
org.apache.commons.math.linear.FieldMatrixImplTest.testScalarAdd,0.017965895249695493,0.013755075663080155,0.010095011876484561,0.05502030265232062
org.apache.commons.math.linear.SparseFieldVectorTest.testBasicFunctions,0.01658255227108868,0.010945261064290356,0.0070999453850355,0.05472630532145178
org.apache.commons.math.optimization.MultiStartDifferentiableMultivariateRealOptimizerTest.testCircleFitting,0.01685097419694576,0.00773927800419451,0.003632401017072285,0.05417494602936157
org.apache.commons.math.stat.descriptive.AggregateSummaryStatisticsTest.testAggregation,0.028901734104046242,0.018028138193126975,0.009407858328721638,0.05408441457938093
org.apache.commons.math.linear.BlockFieldMatrixTest.testPremultiplyVector,0.017965895249695493,0.013465596883902333,0.010376843255051884,0.05386238753560933
org.apache.commons.math.stat.correlation.PearsonsCorrelationTest.testConsistency,0.020149683362118594,0.013406867765673272,0.00672182006204757,0.05362747106269309
org.apache.commons.math.linear.BlockFieldMatrixTest.testTranspose,0.017965895249695493,0.010671939270809012,0.006007646095030038,0.05335969635404506
org.apache.commons.math.linear.SparseRealMatrixTest.testPremultiplyVector,0.020149683362118594,0.017754660266716644,0.014111922141119221,0.05326398080014993
org.apache.commons.math.linear.SparseRealMatrixTest.testGetRowVector,0.020149683362118594,0.017754660266716644,0.014111922141119221,0.05326398080014993
org.apache.commons.math.linear.BlockFieldMatrixTest.testSetColumnVector,0.013064133016627079,0.010646298426065341,0.0054585152838427945,0.053231492130326706
org.apache.commons.math.linear.FieldMatrixImplTest.testSetColumnVector,0.013653741125068269,0.010529648911414917,0.0054585152838427945,0.052648244557074585
org.apache.commons.math.optimization.general.NonLinearConjugateGradientOptimizerTest.testCircleFitting,0.01922508133688258,0.010528931314504764,0.003996003996003996,0.05264465657252382
org.apache.commons.math.optimization.MultiStartDifferentiableMultivariateVectorialOptimizerTest.testTrivial,0.01771756122980719,0.0074790417768370865,0.003632401017072285,0.052353292437859605
org.apache.commons.math.linear.FieldMatrixImplTest.testPremultiplyVector,0.017965895249695493,0.012875470849464754,0.010095011876484561,0.051501883397859015
org.apache.commons.math.linear.FieldMatrixImplTest.testTranspose,0.017965895249695493,0.010199838443258948,0.006007646095030038,0.05099919221629474
org.apache.commons.math.linear.BlockRealMatrixTest.testSetRowVector,0.020149683362118594,0.01680711168428742,0.011269276393831554,0.05042133505286226
org.apache.commons.math.linear.BlockRealMatrixTest.testGetRowVector,0.020149683362118594,0.01680711168428742,0.011269276393831554,0.05042133505286226
org.apache.commons.math.linear.BlockRealMatrixTest.testGetSetColumnVectorLarge,0.020149683362118594,0.01680711168428742,0.011269276393831554,0.05042133505286226
org.apache.commons.math.linear.BlockRealMatrixTest.testGetSetRowVectorLarge,0.020149683362118594,0.01680711168428742,0.011269276393831554,0.05042133505286226
org.apache.commons.math.complex.ComplexUtilsTest.testPolar2Complex,0.020401948842874544,0.012424092846005536,0.004806041881222108,0.049696371384022144
org.apache.commons.math.stat.correlation.SpearmansRankCorrelationTest.testConsistency,0.020149683362118594,0.012384405789446953,0.005139920045688178,0.04953762315778781
org.apache.commons.math.stat.descriptive.ListUnivariateImplTest.testSerialization,0.017982322462663822,0.016309246304081315,0.012979521199884627,0.048927738912243945
org.apache.commons.math.util.MathUtilsTest.testIndicatorByte,0.048916227299355595,0.048916227299355595,0.048916227299355595,0.048916227299355595
org.apache.commons.math.util.MathUtilsTest.testIndicatorLong,0.048916227299355595,0.048916227299355595,0.048916227299355595,0.048916227299355595
org.apache.commons.math.util.MathUtilsTest.testSignLong,0.048916227299355595,0.048916227299355595,0.048916227299355595,0.048916227299355595
org.apache.commons.math.util.MathUtilsTest.testSignInt,0.048916227299355595,0.048916227299355595,0.048916227299355595,0.048916227299355595
org.apache.commons.math.util.MathUtilsTest.testIndicatorShort,0.048916227299355595,0.048916227299355595,0.048916227299355595,0.048916227299355595
org.apache.commons.math.util.MathUtilsTest.testSignShort,0.048916227299355595,0.048916227299355595,0.048916227299355595,0.048916227299355595
org.apache.commons.math.util.MathUtilsTest.testHash,0.048916227299355595,0.048916227299355595,0.048916227299355595,0.048916227299355595
org.apache.commons.math.util.MathUtilsTest.testSignByte,0.048916227299355595,0.048916227299355595,0.048916227299355595,0.048916227299355595
org.apache.commons.math.util.MathUtilsTest.testIndicatorInt,0.048916227299355595,0.048916227299355595,0.048916227299355595,0.048916227299355595
org.apache.commons.math.linear.Array2DRowRealMatrixTest.testSetRowVector,0.020149683362118594,0.016217748769162255,0.009501187648456057,0.04865324630748677
org.apache.commons.math.linear.Array2DRowRealMatrixTest.testGetRowVector,0.020149683362118594,0.016217748769162255,0.009501187648456057,0.04865324630748677
org.apache.commons.math.optimization.general.NonLinearConjugateGradientOptimizerTest.testIllConditioned,0.01922508133688258,0.012162163144129955,0.005246589716684155,0.04864865257651982
org.apache.commons.math.optimization.general.NonLinearConjugateGradientOptimizerTest.testTwoSets,0.01922508133688258,0.012162163144129955,0.005246589716684155,0.04864865257651982
org.apache.commons.math.ode.nonstiff.GraggBulirschStoerIntegratorTest.testDimensionCheck,0.020205871139916128,0.01588511882068878,0.0072436141822340835,0.04765535646206634
org.apache.commons.math.ode.nonstiff.GraggBulirschStoerIntegratorTest.testEvents,0.020205871139916128,0.011913839115516585,0.008006099885627144,0.04765535646206634
org.apache.commons.math.linear.Array2DRowRealMatrixTest.testPlusMinus,0.020149683362118594,0.015872255420090048,0.009501187648456057,0.047616766260270144
org.apache.commons.math.linear.Array2DRowRealMatrixTest.testMultiply2,0.020149683362118594,0.015872255420090048,0.009501187648456057,0.047616766260270144
org.apache.commons.math.linear.Array2DRowRealMatrixTest.testPremultiply,0.020149683362118594,0.015872255420090048,0.009501187648456057,0.047616766260270144
org.apache.commons.math.linear.Array2DRowRealMatrixTest.testScalarAdd,0.020149683362118594,0.015872255420090048,0.009501187648456057,0.047616766260270144
org.apache.commons.math.linear.Array2DRowRealMatrixTest.testGetVectors,0.020149683362118594,0.015872255420090048,0.009501187648456057,0.047616766260270144
org.apache.commons.math.linear.BiDiagonalTransformerTest.testVOrthogonal,0.020149683362118594,0.011844965014171102,0.006198347107438017,0.04737986005668441
org.apache.commons.math.linear.BiDiagonalTransformerTest.testBBiDiagonal,0.020149683362118594,0.011844965014171102,0.006198347107438017,0.04737986005668441
org.apache.commons.math.linear.BiDiagonalTransformerTest.testUOrthogonal,0.020149683362118594,0.011844965014171102,0.006198347107438017,0.04737986005668441
org.apache.commons.math.ode.nonstiff.AdamsMoultonIntegratorTest.testMinStep,0.02243211334120425,0.011803224675369687,0.0072436141822340835,0.047212898701478746
org.apache.commons.math.optimization.MultiStartDifferentiableMultivariateVectorialOptimizerTest.testNoOptimum,0.01771756122980719,0.007857493184087712,0.003632401017072285,0.04714495910452628
org.apache.commons.math.linear.ArrayFieldVectorTest.testMapFunctions,0.01658255227108868,0.011710410637308955,0.0070999453850355,0.04684164254923582
org.apache.commons.math.stat.regression.OLSMultipleLinearRegressionTest.testSwissFertility,0.017965895249695493,0.015367818887013282,0.01205895489057615,0.04610345666103985
org.apache.commons.math.stat.regression.OLSMultipleLinearRegressionTest.testLongly,0.017965895249695493,0.015367818887013282,0.01205895489057615,0.04610345666103985
org.apache.commons.math.linear.BlockRealMatrixTest.testPlusMinus,0.020149683362118594,0.015223580409544744,0.011269276393831554,0.04567074122863423
org.apache.commons.math.linear.BlockRealMatrixTest.testMultiply2,0.020149683362118594,0.015223580409544744,0.011269276393831554,0.04567074122863423
org.apache.commons.math.linear.BlockRealMatrixTest.testGetVectors,0.020149683362118594,0.015223580409544744,0.011269276393831554,0.04567074122863423
org.apache.commons.math.linear.BlockRealMatrixTest.testGetSetRowLarge,0.020149683362118594,0.015223580409544744,0.011269276393831554,0.04567074122863423
org.apache.commons.math.linear.BlockRealMatrixTest.testGetRow,0.020149683362118594,0.015223580409544744,0.011269276393831554,0.04567074122863423
org.apache.commons.math.linear.BlockRealMatrixTest.testSetRow,0.020149683362118594,0.015223580409544744,0.011269276393831554,0.04567074122863423
org.apache.commons.math.linear.BlockRealMatrixTest.testGetColumn,0.020149683362118594,0.015223580409544744,0.011269276393831554,0.04567074122863423
org.apache.commons.math.linear.BlockRealMatrixTest.testSetColumn,0.020149683362118594,0.015223580409544744,0.011269276393831554,0.04567074122863423
org.apache.commons.math.linear.BlockRealMatrixTest.testGetSetColumnLarge,0.020149683362118594,0.015223580409544744,0.011269276393831554,0.04567074122863423
org.apache.commons.math.linear.BlockRealMatrixTest.testPremultiply,0.020149683362118594,0.015223580409544744,0.011269276393831554,0.04567074122863423
org.apache.commons.math.linear.BlockRealMatrixTest.testScalarAdd,0.020149683362118594,0.015223580409544744,0.011269276393831554,0.04567074122863423
org.apache.commons.math.linear.BlockRealMatrixTest.testGetColumnVector,0.020149683362118594,0.015223580409544744,0.011269276393831554,0.04567074122863423
org.apache.commons.math.util.OpenIntToDoubleHashMapTest.testPutOnExisting,0.028901734104046242,0.014984105920544596,0.0038910505836575876,0.04495231776163379
org.apache.commons.math.util.OpenIntToDoubleHashMapTest.testCopy,0.028901734104046242,0.014984105920544596,0.0038910505836575876,0.04495231776163379
org.apache.commons.math.util.OpenIntToDoubleHashMapTest.testPutAbsentOnExisting,0.028901734104046242,0.014984105920544596,0.0038910505836575876,0.04495231776163379
org.apache.commons.math.linear.BlockFieldMatrixTest.testGetSetColumnMatrixLarge,0.01658255227108868,0.011218356706054559,0.0054585152838427945,0.044873426824218236
org.apache.commons.math.linear.BlockFieldMatrixTest.testSeveralBlocks,0.01658255227108868,0.011218356706054559,0.0054585152838427945,0.044873426824218236
org.apache.commons.math.linear.BlockFieldMatrixTest.testWalk,0.01658255227108868,0.011218356706054559,0.0054585152838427945,0.044873426824218236
org.apache.commons.math.linear.BlockFieldMatrixTest.testGetSetRowMatrixLarge,0.01658255227108868,0.011218356706054559,0.0054585152838427945,0.044873426824218236
org.apache.commons.math.linear.BlockFieldMatrixTest.testGetSetMatrixLarge,0.01658255227108868,0.011218356706054559,0.0054585152838427945,0.044873426824218236
org.apache.commons.math.ode.nonstiff.AdamsBashforthIntegratorTest.testMinStep,0.020070838252656435,0.011212905903232732,0.0072436141822340835,0.04485162361293093
org.apache.commons.math.transform.FastFourierTransformerTest.testSinFunction,0.020401948842874544,0.014729383952078448,0.009760425909494233,0.04418815185623534
org.apache.commons.math.util.ResizableDoubleArrayTest.testWithInitialCapacity,0.022549869904596703,0.014583149399379906,0.007227522405319456,0.043749448198139716
org.apache.commons.math.util.ResizableDoubleArrayTest.testWithInitialCapacityAndExpansionFactor,0.022549869904596703,0.014583149399379906,0.007227522405319456,0.043749448198139716
org.apache.commons.math.linear.SparseFieldMatrixTest.testAdd,0.01658255227108868,0.010793490840006227,0.006141820212171971,0.04317396336002491
org.apache.commons.math.linear.SparseFieldMatrixTest.testPlusMinus,0.01658255227108868,0.010793490840006227,0.006141820212171971,0.04317396336002491
org.apache.commons.math.linear.SingularValueSolverTest.testMath320B,0.020149683362118594,0.01436020769223012,0.009501187648456057,0.04308062307669036
org.apache.commons.math.ode.nonstiff.GraggBulirschStoerIntegratorTest.testBackward,0.020205871139916128,0.010770110560426992,0.00533739992375143,0.04308044224170797
org.apache.commons.math.linear.Array2DRowRealMatrixTest.testGetColumnVector,0.020149683362118594,0.01423833467573391,0.009501187648456057,0.04271500402720173
org.apache.commons.math.linear.Array2DRowRealMatrixTest.testSetColumn,0.020149683362118594,0.01423833467573391,0.009501187648456057,0.04271500402720173
org.apache.commons.math.linear.Array2DRowRealMatrixTest.testGetRow,0.020149683362118594,0.01423833467573391,0.009501187648456057,0.04271500402720173
org.apache.commons.math.linear.Array2DRowRealMatrixTest.testGetColumn,0.020149683362118594,0.01423833467573391,0.009501187648456057,0.04271500402720173
org.apache.commons.math.linear.Array2DRowRealMatrixTest.testSetRow,0.020149683362118594,0.01423833467573391,0.009501187648456057,0.04271500402720173
org.apache.commons.math.linear.SparseRealMatrixTest.testPlusMinus,0.020149683362118594,0.014231102902428343,0.008431703204047217,0.04269330870728503
org.apache.commons.math.linear.SparseRealMatrixTest.testAdd,0.020149683362118594,0.014231102902428343,0.008431703204047217,0.04269330870728503
org.apache.commons.math.linear.SparseRealMatrixTest.testPremultiply,0.020149683362118594,0.014231102902428343,0.008431703204047217,0.04269330870728503
org.apache.commons.math.linear.FieldMatrixImplTest.testWalk,0.01658255227108868,0.01062823067161698,0.0054585152838427945,0.04251292268646792
org.apache.commons.math.linear.ArrayFieldVectorTest.testConstructors,0.01658255227108868,0.010551286489148513,0.0054585152838427945,0.04220514595659405
org.apache.commons.math.genetics.GeneticAlgorithmTestPermutations.test,0.008395934600088379,0.0052031911802490885,0.003535130357931949,0.04162552944199271
org.apache.commons.math.stat.descriptive.SummaryStatisticsTest.testSerialization,0.017965895249695493,0.013858589647566767,0.007835051546391752,0.0415757689427003
org.apache.commons.math.linear.BlockFieldMatrixTest.testSetRowVector,0.013064133016627079,0.010338751892439157,0.0054585152838427945,0.04135500756975663
org.apache.commons.math.stat.correlation.PearsonsCorrelationTest.testCovarianceConsistency,0.017965895249695493,0.010297467490696325,0.00672182006204757,0.0411898699627853
org.apache.commons.math.linear.BiDiagonalTransformerTest.testUpperOrLower,0.020149683362118594,0.013727170983082132,0.007231404958677686,0.04118151294924639
org.apache.commons.math.ode.nonstiff.GraggBulirschStoerStepInterpolatorTest.serialization,0.020205871139916128,0.013724742661075104,0.008006099885627144,0.041174227983225314
org.apache.commons.math.util.OpenIntToDoubleHashMapTest.testPutKeysWithCollision2,0.028901734104046242,0.0205306335889881,0.012159533073929961,0.0410612671779762
org.apache.commons.math.util.OpenIntToDoubleHashMapTest.testPutKeysWithCollisions,0.028901734104046242,0.0205306335889881,0.012159533073929961,0.0410612671779762
org.apache.commons.math.stat.descriptive.moment.SemiVarianceTest.testSample,0.017965895249695493,0.013672395506357527,0.006607929515418502,0.04101718651907258
org.apache.commons.math.linear.BlockFieldMatrixTest.testMultiply2,0.017965895249695493,0.013599418172994085,0.010376843255051884,0.04079825451898225
org.apache.commons.math.linear.BlockFieldMatrixTest.testPremultiply,0.017965895249695493,0.013599418172994085,0.010376843255051884,0.04079825451898225
org.apache.commons.math.linear.BlockFieldMatrixTest.testGetVectors,0.017965895249695493,0.013599418172994085,0.010376843255051884,0.04079825451898225
org.apache.commons.math.linear.SparseFieldMatrixTest.testOperate,0.013064133016627079,0.010153417319606707,0.0070999453850355,0.04061366927842683
org.apache.commons.math.ode.sampling.NordsieckStepInterpolatorTest.serialization,0.020070838252656435,0.013425569797524189,0.0072436141822340835,0.040276709392572566
org.apache.commons.math.linear.BlockFieldMatrixTest.testOperateLarge,0.017965895249695493,0.01340640768843915,0.010376843255051884,0.04021922306531745
org.apache.commons.math.linear.BlockFieldMatrixTest.testOperatePremultiplyLarge,0.017965895249695493,0.01340640768843915,0.010376843255051884,0.04021922306531745
org.apache.commons.math.linear.BiDiagonalTransformerTest.testDimensions,0.020149683362118594,0.01338281836600224,0.006198347107438017,0.04014845509800672
org.apache.commons.math.linear.BiDiagonalTransformerTest.testAEqualUSVt,0.020149683362118594,0.01338281836600224,0.006198347107438017,0.04014845509800672
org.apache.commons.math.analysis.solvers.BrentSolverTest.testSinZero,0.01922508133688258,0.01330967169476486,0.009760425909494233,0.03992901508429458
org.apache.commons.math.analysis.solvers.BrentSolverTest.testQuinticZero,0.01922508133688258,0.01330967169476486,0.009760425909494233,0.03992901508429458
org.apache.commons.math.optimization.linear.SimplexTableauTest.testSerial,0.017965895249695493,0.013200593051569563,0.00474934036939314,0.03960177915470869
org.apache.commons.math.linear.BlockFieldMatrixTest.testTrace,0.01658255227108868,0.013138303846791814,0.010376843255051884,0.03941491154037544
org.apache.commons.math.linear.BlockFieldMatrixTest.testGetEntry,0.01658255227108868,0.013138303846791814,0.010376843255051884,0.03941491154037544
org.apache.commons.math.linear.BlockFieldMatrixTest.testMath209,0.01658255227108868,0.013138303846791814,0.010376843255051884,0.03941491154037544
org.apache.commons.math.stat.descriptive.moment.VarianceTest.testPopulation,0.020401948842874544,0.013093788063337395,0.008526187576126675,0.039281364190012186
org.apache.commons.math.ode.nonstiff.AdamsMoultonIntegratorTest.dimensionCheck,0.02243211334120425,0.013068932938617201,0.0072436141822340835,0.0392067988158516
org.apache.commons.math.linear.QRSolverTest.testRank,0.013946280991735538,0.013036780661274,0.011363636363636364,0.039110341983822
org.apache.commons.math.linear.FieldMatrixImplTest.testSetRowVector,0.013064133016627079,0.00974862585800158,0.0054585152838427945,0.03899450343200632
org.apache.commons.math.stat.FrequencyTest.testSerial,0.021010962241169304,0.0194884287454324,0.017965895249695493,0.0389768574908648
org.apache.commons.math.stat.FrequencyTest.testCounts,0.021010962241169304,0.0194884287454324,0.017965895249695493,0.0389768574908648
org.apache.commons.math.linear.SparseRealVectorTest.testSerial,0.020798201236649803,0.019382048243172648,0.017965895249695493,0.038764096486345295
org.apache.commons.math.linear.MatrixUtilsTest.testcreateFieldMatrix,0.013800424628450107,0.009638558718602717,0.0054585152838427945,0.03855423487441087
org.apache.commons.math.stat.descriptive.SummaryStatisticsTest.testCopy,0.015774822146613052,0.012843567317075496,0.007835051546391752,0.03853070195122649
org.apache.commons.math.stat.descriptive.SummaryStatisticsTest.testSetterIllegalState,0.015774822146613052,0.012843567317075496,0.007835051546391752,0.03853070195122649
org.apache.commons.math.linear.FieldMatrixImplTest.testGetVectors,0.017965895249695493,0.012812583460410644,0.010095011876484561,0.038437750381231935
org.apache.commons.math.linear.FieldMatrixImplTest.testPremultiply,0.017965895249695493,0.012812583460410644,0.010095011876484561,0.038437750381231935
org.apache.commons.math.linear.FieldMatrixImplTest.testMultiply2,0.017965895249695493,0.012812583460410644,0.010095011876484561,0.038437750381231935
org.apache.commons.math.complex.ComplexTest.testAtan,0.020401948842874544,0.019183922046285017,0.017965895249695493,0.03836784409257003
org.apache.commons.math.complex.ComplexTest.testCoshInf,0.020401948842874544,0.019183922046285017,0.017965895249695493,0.03836784409257003
org.apache.commons.math.complex.ComplexTest.testLog,0.020401948842874544,0.019183922046285017,0.017965895249695493,0.03836784409257003
org.apache.commons.math.complex.ComplexTest.testSerial,0.020401948842874544,0.019183922046285017,0.017965895249695493,0.03836784409257003
org.apache.commons.math.complex.ComplexTest.testTanhCritical,0.020401948842874544,0.019183922046285017,0.017965895249695493,0.03836784409257003
org.apache.commons.math.complex.ComplexTest.testPowInf,0.020401948842874544,0.019183922046285017,0.017965895249695493,0.03836784409257003
org.apache.commons.math.complex.ComplexTest.testCosInf,0.020401948842874544,0.019183922046285017,0.017965895249695493,0.03836784409257003
org.apache.commons.math.complex.ComplexTest.testPowZero,0.020401948842874544,0.019183922046285017,0.017965895249695493,0.03836784409257003
org.apache.commons.math.complex.ComplexTest.testCosh,0.020401948842874544,0.019183922046285017,0.017965895249695493,0.03836784409257003
org.apache.commons.math.complex.ComplexTest.testSinhInf,0.020401948842874544,0.019183922046285017,0.017965895249695493,0.03836784409257003
org.apache.commons.math.complex.ComplexTest.testTanCritical,0.020401948842874544,0.019183922046285017,0.017965895249695493,0.03836784409257003
org.apache.commons.math.complex.ComplexTest.testSqrtImaginaryZero,0.020401948842874544,0.019183922046285017,0.017965895249695493,0.03836784409257003
org.apache.commons.math.complex.ComplexTest.testAsin,0.020401948842874544,0.019183922046285017,0.017965895249695493,0.03836784409257003
org.apache.commons.math.complex.ComplexTest.testExpInf,0.020401948842874544,0.019183922046285017,0.017965895249695493,0.03836784409257003
org.apache.commons.math.complex.ComplexTest.testAsinInf,0.020401948842874544,0.019183922046285017,0.017965895249695493,0.03836784409257003
org.apache.commons.math.complex.ComplexTest.testTanh,0.020401948842874544,0.019183922046285017,0.017965895249695493,0.03836784409257003
org.apache.commons.math.complex.ComplexTest.testTan,0.020401948842874544,0.019183922046285017,0.017965895249695493,0.03836784409257003
org.apache.commons.math.complex.ComplexTest.testSinInf,0.020401948842874544,0.019183922046285017,0.017965895249695493,0.03836784409257003
org.apache.commons.math.complex.ComplexTest.testLogInf,0.020401948842874544,0.019183922046285017,0.017965895249695493,0.03836784409257003
org.apache.commons.math.complex.ComplexTest.testSinh,0.020401948842874544,0.019183922046285017,0.017965895249695493,0.03836784409257003
org.apache.commons.math.complex.ComplexTest.testTanInf,0.020401948842874544,0.019183922046285017,0.017965895249695493,0.03836784409257003
org.apache.commons.math.complex.ComplexTest.testPow,0.020401948842874544,0.019183922046285017,0.017965895249695493,0.03836784409257003
org.apache.commons.math.complex.ComplexTest.testExp,0.020401948842874544,0.019183922046285017,0.017965895249695493,0.03836784409257003
org.apache.commons.math.complex.ComplexTest.testTanhInf,0.020401948842874544,0.019183922046285017,0.017965895249695493,0.03836784409257003
org.apache.commons.math.complex.ComplexTest.testSqrtImaginaryNegative,0.020401948842874544,0.019183922046285017,0.017965895249695493,0.03836784409257003
org.apache.commons.math.complex.ComplexTest.testSqrtRealZero,0.020401948842874544,0.019183922046285017,0.017965895249695493,0.03836784409257003
org.apache.commons.math.util.TransformerMapTest.testSerial,0.017965895249695493,0.012789281364190011,0.009135200974421437,0.03836784409257003
org.apache.commons.math.complex.ComplexTest.testSqrt1z,0.020401948842874544,0.019183922046285017,0.017965895249695493,0.03836784409257003
org.apache.commons.math.complex.ComplexTest.testSqrtInf,0.020401948842874544,0.019183922046285017,0.017965895249695493,0.03836784409257003
org.apache.commons.math.complex.ComplexTest.testAcosInf,0.020401948842874544,0.019183922046285017,0.017965895249695493,0.03836784409257003
org.apache.commons.math.complex.ComplexTest.testSin,0.020401948842874544,0.019183922046285017,0.017965895249695493,0.03836784409257003
org.apache.commons.math.complex.ComplexTest.testSqrtRealNegative,0.020401948842874544,0.019183922046285017,0.017965895249695493,0.03836784409257003
org.apache.commons.math.complex.ComplexTest.testAtanInf,0.020401948842874544,0.019183922046285017,0.017965895249695493,0.03836784409257003
org.apache.commons.math.complex.ComplexTest.testCos,0.020401948842874544,0.019183922046285017,0.017965895249695493,0.03836784409257003
org.apache.commons.math.complex.ComplexTest.testLogZero,0.020401948842874544,0.019183922046285017,0.017965895249695493,0.03836784409257003
org.apache.commons.math.complex.ComplexTest.testSqrtRealPositive,0.020401948842874544,0.019183922046285017,0.017965895249695493,0.03836784409257003
org.apache.commons.math.stat.descriptive.MultivariateSummaryStatisticsTest.testSerialization,0.017965895249695493,0.012603529650387425,0.00819672131147541,0.03781058895116227
org.apache.commons.math.stat.descriptive.MultivariateSummaryStatisticsTest.testShuffledStatistics,0.017965895249695493,0.012603529650387425,0.00819672131147541,0.03781058895116227
org.apache.commons.math.ode.nonstiff.GraggBulirschStoerIntegratorTest.testVariableSteps,0.020205871139916128,0.012581014105985514,0.008006099885627144,0.03774304231795654
org.apache.commons.math.ode.nonstiff.GraggBulirschStoerIntegratorTest.testKepler,0.020205871139916128,0.012581014105985514,0.008006099885627144,0.03774304231795654
org.apache.commons.math.ode.nonstiff.AdamsMoultonIntegratorTest.exceedMaxEvaluations,0.02243211334120425,0.012560609136355158,0.0072436141822340835,0.03768182740906548
org.apache.commons.math.linear.SparseFieldVectorTest.testMapFunctions,0.01658255227108868,0.012360944221499796,0.0070999453850355,0.03708283266449939
org.apache.commons.math.linear.FieldMatrixImplTest.testTrace,0.01658255227108868,0.012351469134208376,0.010095011876484561,0.037054407402625125
org.apache.commons.math.linear.FieldMatrixImplTest.testMath209,0.01658255227108868,0.012351469134208376,0.010095011876484561,0.037054407402625125
org.apache.commons.math.linear.FieldMatrixImplTest.testGetEntry,0.01658255227108868,0.012351469134208376,0.010095011876484561,0.037054407402625125
org.apache.commons.math.linear.SparseFieldMatrixTest.testTrace,0.01658255227108868,0.012344047715950978,0.010072747621712367,0.037032143147852935
org.apache.commons.math.linear.SparseFieldMatrixTest.testGetEntry,0.01658255227108868,0.012344047715950978,0.010072747621712367,0.037032143147852935
org.apache.commons.math.linear.SparseFieldMatrixTest.testScalarAdd,0.01658255227108868,0.012344047715950978,0.010072747621712367,0.037032143147852935
org.apache.commons.math.linear.SparseFieldMatrixTest.testMath209,0.01658255227108868,0.012344047715950978,0.010072747621712367,0.037032143147852935
org.apache.commons.math.linear.ArrayRealVectorTest.testSerial,0.019002375296912115,0.018484135273303802,0.017965895249695493,0.036968270546607604
org.apache.commons.math.genetics.GeneticAlgorithmTestBinary.test,0.008395934600088379,0.004608660859202715,0.003535130357931949,0.03686928687362172
org.apache.commons.math.ode.nonstiff.AdamsBashforthIntegratorTest.dimensionCheck,0.020070838252656435,0.012281841242434595,0.0072436141822340835,0.036845523727303785
org.apache.commons.math.linear.ArrayFieldVectorTest.testDataInOut,0.01658255227108868,0.012248876890917087,0.0070999453850355,0.03674663067275126
org.apache.commons.math.ode.nonstiff.DormandPrince54IntegratorTest.testEvents,0.009912314144109797,0.009149828440716736,0.008006099885627144,0.036599313762866945
org.apache.commons.math.ode.nonstiff.DormandPrince853IntegratorTest.testEvents,0.009912314144109797,0.009149828440716736,0.008006099885627144,0.036599313762866945
org.apache.commons.math.ode.nonstiff.HighamHall54IntegratorTest.testEvents,0.009912314144109797,0.009149828440716736,0.008006099885627144,0.036599313762866945
org.apache.commons.math.linear.BlockFieldMatrixTest.testGetRowVector,0.013064133016627079,0.011965497428637945,0.010376843255051884,0.035896492285913836
org.apache.commons.math.ode.sampling.StepNormalizerTest.testBeforeEnd,0.010293556995806329,0.008959207014868471,0.008006099885627144,0.035836828059473885
org.apache.commons.math.ode.sampling.StepNormalizerTest.testBoundaries,0.010293556995806329,0.008959207014868471,0.008006099885627144,0.035836828059473885
org.apache.commons.math.linear.LUSolverTest.testSingular,0.013800424628450107,0.011831546501494388,0.010330578512396695,0.035494639504483165
org.apache.commons.math.linear.LUSolverTest.testThreshold,0.013800424628450107,0.011831546501494388,0.010330578512396695,0.035494639504483165
org.apache.commons.math.linear.SparseFieldVectorTest.testPredicates,0.01658255227108868,0.011813800854435562,0.0054585152838427945,0.03544140256330668
org.apache.commons.math.ode.nonstiff.AdamsBashforthIntegratorTest.exceedMaxEvaluations,0.020070838252656435,0.011773517440172554,0.0072436141822340835,0.03532055232051766
org.apache.commons.math.util.OpenIntToFieldTest.testGetAbsent,0.01658255227108868,0.00882702866346686,0.0033277870216306157,0.03530811465386744
org.apache.commons.math.util.OpenIntToFieldTest.testRemove2,0.01658255227108868,0.00882702866346686,0.0033277870216306157,0.03530811465386744
org.apache.commons.math.util.OpenIntToFieldTest.testRemove,0.01658255227108868,0.00882702866346686,0.0033277870216306157,0.03530811465386744
org.apache.commons.math.util.OpenIntToFieldTest.testRemoveAbsent,0.01658255227108868,0.00882702866346686,0.0033277870216306157,0.03530811465386744
org.apache.commons.math.ode.nonstiff.GraggBulirschStoerStepInterpolatorTest.derivativesConsistency,0.020205871139916128,0.011713459164018657,0.006928406466512702,0.03514037749205597
org.apache.commons.math.ode.sampling.NordsieckStepInterpolatorTest.derivativesConsistency,0.020070838252656435,0.011668448201598762,0.006928406466512702,0.03500534460479628
org.apache.commons.math.linear.EigenSolverTest.testNonInvertible,0.012396694214876033,0.011596580781072759,0.011029411764705883,0.03478974234321828
org.apache.commons.math.linear.BlockFieldMatrixTest.testGetRow,0.012455516014234875,0.011569614609952277,0.010376843255051884,0.03470884382985683
org.apache.commons.math.linear.BlockFieldMatrixTest.testGetColumnVector,0.012455516014234875,0.011569614609952277,0.010376843255051884,0.03470884382985683
org.apache.commons.math.linear.BlockFieldMatrixTest.testSetRow,0.012455516014234875,0.011569614609952277,0.010376843255051884,0.03470884382985683
org.apache.commons.math.linear.BlockFieldMatrixTest.testSetColumn,0.012455516014234875,0.011569614609952277,0.010376843255051884,0.03470884382985683
org.apache.commons.math.linear.BlockFieldMatrixTest.testGetColumn,0.012455516014234875,0.011569614609952277,0.010376843255051884,0.03470884382985683
org.apache.commons.math.ode.nonstiff.HighamHall54IntegratorTest.testKepler,0.009531071292413268,0.008673274876096072,0.008006099885627144,0.03469309950438429
org.apache.commons.math.fraction.FractionTest.testSerial,0.017965895249695493,0.017274223760392088,0.01658255227108868,0.034548447520784176
org.apache.commons.math.MathExceptionTest.testPrintStackTrace,0.017356881851400732,0.011485987529615035,0.006611570247933884,0.034457962588845106
org.apache.commons.math.transform.FastFourierTransformerTest.test2DData,0.020401948842874544,0.017213862973370554,0.014025777103866566,0.03442772594674111
org.apache.commons.math.stat.StatUtilsTest.testMin,0.017965895249695493,0.017204628501827038,0.016443361753958587,0.034409257003654076
org.apache.commons.math.stat.StatUtilsTest.testVariance,0.017965895249695493,0.017204628501827038,0.016443361753958587,0.034409257003654076
org.apache.commons.math.stat.StatUtilsTest.testPercentile,0.017965895249695493,0.017204628501827038,0.016443361753958587,0.034409257003654076
org.apache.commons.math.stat.StatUtilsTest.testMean,0.017965895249695493,0.017204628501827038,0.016443361753958587,0.034409257003654076
org.apache.commons.math.stat.StatUtilsTest.testProduct,0.017965895249695493,0.017204628501827038,0.016443361753958587,0.034409257003654076
org.apache.commons.math.stat.StatUtilsTest.testSumSq,0.017965895249695493,0.017204628501827038,0.016443361753958587,0.034409257003654076
org.apache.commons.math.stat.StatUtilsTest.testMax,0.017965895249695493,0.017204628501827038,0.016443361753958587,0.034409257003654076
org.apache.commons.math.linear.BlockRealMatrixTest.testOperateLarge,0.020149683362118594,0.01720073241740134,0.014251781472684086,0.03440146483480268
org.apache.commons.math.linear.BlockRealMatrixTest.testOperatePremultiplyLarge,0.020149683362118594,0.01720073241740134,0.014251781472684086,0.03440146483480268
org.apache.commons.math.ode.nonstiff.GraggBulirschStoerIntegratorTest.testUnstableDerivative,0.020205871139916128,0.011444294228368705,0.004595940252776714,0.03433288268510611
org.apache.commons.math.linear.SparseRealMatrixTest.testGetColumnVector,0.020149683362118594,0.017130802751618907,0.014111922141119221,0.03426160550323781
org.apache.commons.math.linear.SparseRealMatrixTest.testTrace,0.020149683362118594,0.017130802751618907,0.014111922141119221,0.03426160550323781
org.apache.commons.math.linear.SparseRealMatrixTest.testGetVectors,0.020149683362118594,0.017130802751618907,0.014111922141119221,0.03426160550323781
org.apache.commons.math.linear.SparseRealMatrixTest.testMath209,0.020149683362118594,0.017130802751618907,0.014111922141119221,0.03426160550323781
org.apache.commons.math.linear.SparseRealMatrixTest.testScalarAdd,0.020149683362118594,0.017130802751618907,0.014111922141119221,0.03426160550323781
org.apache.commons.math.linear.SparseRealMatrixTest.testSubMatrix,0.020149683362118594,0.017130802751618907,0.014111922141119221,0.03426160550323781
org.apache.commons.math.linear.SparseRealMatrixTest.testMultiply2,0.020149683362118594,0.017130802751618907,0.014111922141119221,0.03426160550323781
org.apache.commons.math.linear.SparseRealMatrixTest.testGetEntry,0.020149683362118594,0.017130802751618907,0.014111922141119221,0.03426160550323781
org.apache.commons.math.linear.SparseRealMatrixTest.testGetRowMatrix,0.020149683362118594,0.017130802751618907,0.014111922141119221,0.03426160550323781
org.apache.commons.math.linear.SparseRealMatrixTest.testGetColumnMatrix,0.020149683362118594,0.017130802751618907,0.014111922141119221,0.03426160550323781
org.apache.commons.math.linear.FieldMatrixImplTest.testSetRow,0.013653741125068269,0.01137519875220157,0.010095011876484561,0.03412559625660471
org.apache.commons.math.linear.FieldMatrixImplTest.testGetColumn,0.013653741125068269,0.01137519875220157,0.010095011876484561,0.03412559625660471
org.apache.commons.math.linear.FieldMatrixImplTest.testGetColumnVector,0.013653741125068269,0.01137519875220157,0.010095011876484561,0.03412559625660471
org.apache.commons.math.linear.FieldMatrixImplTest.testSetColumn,0.013653741125068269,0.01137519875220157,0.010095011876484561,0.03412559625660471
org.apache.commons.math.linear.FieldMatrixImplTest.testGetRow,0.013653741125068269,0.01137519875220157,0.010095011876484561,0.03412559625660471
org.apache.commons.math.analysis.solvers.BrentSolverTest.testInitialGuess,0.01922508133688258,0.011351903351496379,0.005070202808112325,0.03405571005448914
org.apache.commons.math.ode.nonstiff.HighamHall54IntegratorTest.testEventsErrors,0.009531071292413268,0.008482653450247808,0.0072436141822340835,0.03393061380099123
org.apache.commons.math.ode.nonstiff.DormandPrince54IntegratorTest.testMinStep,0.009531071292413268,0.008482653450247808,0.0072436141822340835,0.03393061380099123
org.apache.commons.math.ode.nonstiff.DormandPrince853IntegratorTest.testMinStep,0.009531071292413268,0.008482653450247808,0.0072436141822340835,0.03393061380099123
org.apache.commons.math.ode.nonstiff.HighamHall54IntegratorTest.testEventsNoConvergence,0.009531071292413268,0.008482653450247808,0.0072436141822340835,0.03393061380099123
org.apache.commons.math.ode.nonstiff.HighamHall54IntegratorTest.testMinStep,0.009531071292413268,0.008482653450247808,0.0072436141822340835,0.03393061380099123
org.apache.commons.math.fraction.FractionFormatTest.testParse,0.01658255227108868,0.0112978547089602,0.008298755186721992,0.033893564126880604
org.apache.commons.math.linear.SparseRealMatrixTest.testMultiply,0.014111922141119221,0.011270967246332664,0.008431703204047217,0.033812901738997994
org.apache.commons.math.stat.inference.TestUtilsTest.testOneSampleT,0.017965895249695493,0.016870358698154272,0.015774822146613052,0.033740717396308545
org.apache.commons.math.stat.inference.TestUtilsTest.testOneSampleTTest,0.017965895249695493,0.016870358698154272,0.015774822146613052,0.033740717396308545
org.apache.commons.math.stat.inference.TestUtilsTest.testTwoSampleTHeterscedastic,0.017965895249695493,0.016870358698154272,0.015774822146613052,0.033740717396308545
org.apache.commons.math.stat.inference.TestUtilsTest.testTwoSampleTHomoscedastic,0.017965895249695493,0.016870358698154272,0.015774822146613052,0.033740717396308545
org.apache.commons.math.stat.descriptive.MultivariateSummaryStatisticsTest.testSetterInjection,0.013702801461632157,0.011182498387699647,0.00819672131147541,0.03354749516309894
org.apache.commons.math.linear.FieldMatrixImplTest.testGetRowVector,0.013064133016627079,0.011178662716054508,0.010095011876484561,0.033535988148163526
org.apache.commons.math.linear.SparseFieldMatrixTest.testPremultiplyVector,0.013064133016627079,0.01117124129779711,0.010072747621712367,0.03351372389339133
org.apache.commons.math.linear.SparseFieldMatrixTest.testGetRowVector,0.013064133016627079,0.01117124129779711,0.010072747621712367,0.03351372389339133
org.apache.commons.math.stat.correlation.PearsonsCorrelationTest.testLongly,0.017965895249695493,0.011159262566858168,0.00672182006204757,0.0334777877005745
org.apache.commons.math.stat.correlation.PearsonsCorrelationTest.testSwissFertility,0.017965895249695493,0.011159262566858168,0.00672182006204757,0.0334777877005745
org.apache.commons.math.fraction.BigFractionTest.testSerial,0.017965895249695493,0.01665084820655055,0.015335801163405606,0.0333016964131011
org.apache.commons.math.linear.MatrixUtilsTest.testCreateRowFieldMatrix,0.013800424628450107,0.011031906530189359,0.009200283085633405,0.033095719590568076
org.apache.commons.math.linear.MatrixUtilsTest.testCreateColumnFieldMatrix,0.013800424628450107,0.011031906530189359,0.009200283085633405,0.033095719590568076
org.apache.commons.math.stat.ranking.NaturalRankingTest.testNaNsFixedTiesRandom,0.017965895249695493,0.008271197971084856,0.003632401017072285,0.03308479188433942
org.apache.commons.math.linear.SparseRealVectorTest.testDataInOut,0.020798201236649803,0.016541606760831044,0.012285012285012284,0.03308321352166209
org.apache.commons.math.linear.SparseRealVectorTest.testConstructors,0.020798201236649803,0.016541606760831044,0.012285012285012284,0.03308321352166209
org.apache.commons.math.linear.SparseFieldMatrixTest.testTranspose,0.010376843255051884,0.008252758177956765,0.006007646095030038,0.03301103271182706
org.apache.commons.math.linear.TriDiagonalTransformerTest.testQTOrthogonal,0.013800424628450107,0.010970664958794665,0.007747933884297521,0.03291199487638399
org.apache.commons.math.linear.TriDiagonalTransformerTest.testQOrthogonal,0.013800424628450107,0.010970664958794665,0.007747933884297521,0.03291199487638399
org.apache.commons.math.linear.TriDiagonalTransformerTest.testTTriDiagonal,0.013800424628450107,0.010970664958794665,0.007747933884297521,0.03291199487638399
org.apache.commons.math.linear.SparseFieldMatrixTest.testSetSubMatrix,0.01658255227108868,0.01093237336832434,0.006141820212171971,0.03279712010497302
org.apache.commons.math.optimization.general.LevenbergMarquardtOptimizerTest.testCircleFittingBadInit,0.01824817518248175,0.00817587787820452,0.002997002997002997,0.03270351151281808
org.apache.commons.math.optimization.linear.SimplexSolverTest.testLargeModel,0.012664907651715039,0.008171805740516685,0.00474934036939314,0.03268722296206674
org.apache.commons.math.ode.nonstiff.GillIntegratorTest.testBigStep,0.009531071292413268,0.008101410598551278,0.0072436141822340835,0.03240564239420511
org.apache.commons.math.ode.nonstiff.GillIntegratorTest.testSmallStep,0.009531071292413268,0.008101410598551278,0.0072436141822340835,0.03240564239420511
org.apache.commons.math.stat.descriptive.DescriptiveStatisticsTest.testCopy,0.017982322462663822,0.016153611703748856,0.014324900944833891,0.03230722340749771
org.apache.commons.math.stat.descriptive.DescriptiveStatisticsTest.testShuffledStatistics,0.017982322462663822,0.016153611703748856,0.014324900944833891,0.03230722340749771
org.apache.commons.math.stat.descriptive.DescriptiveStatisticsTest.testSetterInjection,0.017982322462663822,0.016153611703748856,0.014324900944833891,0.03230722340749771
org.apache.commons.math.stat.descriptive.DescriptiveStatisticsTest.testPercentileSetter,0.017982322462663822,0.016153611703748856,0.014324900944833891,0.03230722340749771
org.apache.commons.math.stat.descriptive.DescriptiveStatisticsTest.testWindowSize,0.017982322462663822,0.016153611703748856,0.014324900944833891,0.03230722340749771
org.apache.commons.math.stat.descriptive.DescriptiveStatisticsTest.testToString,0.017982322462663822,0.016153611703748856,0.014324900944833891,0.03230722340749771
org.apache.commons.math.stat.descriptive.DescriptiveStatisticsTest.testGetValues,0.017982322462663822,0.016153611703748856,0.014324900944833891,0.03230722340749771
org.apache.commons.math.linear.FieldMatrixImplTest.testSetSubMatrix,0.01658255227108868,0.010712026477138677,0.0054585152838427945,0.03213607943141603
org.apache.commons.math.linear.SparseRealMatrixTest.testSerial,0.017965895249695493,0.016038908695407358,0.014111922141119221,0.032077817390814715
org.apache.commons.math.ode.nonstiff.ThreeEighthesIntegratorTest.testBigStep,0.009531071292413268,0.008006099885627145,0.0072436141822340835,0.03202439954250858
org.apache.commons.math.ode.nonstiff.ThreeEighthesIntegratorTest.testSmallStep,0.009531071292413268,0.008006099885627145,0.0072436141822340835,0.03202439954250858
org.apache.commons.math.ode.nonstiff.MidpointIntegratorTest.testSmallStep,0.009531071292413268,0.008006099885627145,0.0072436141822340835,0.03202439954250858
org.apache.commons.math.ode.nonstiff.EulerIntegratorTest.testBigStep,0.009531071292413268,0.008006099885627145,0.0072436141822340835,0.03202439954250858
org.apache.commons.math.ode.nonstiff.MidpointIntegratorTest.testBigStep,0.009531071292413268,0.008006099885627145,0.0072436141822340835,0.03202439954250858
org.apache.commons.math.ode.nonstiff.ClassicalRungeKuttaIntegratorTest.testBigStep,0.009531071292413268,0.008006099885627145,0.0072436141822340835,0.03202439954250858
org.apache.commons.math.ode.nonstiff.EulerIntegratorTest.testSmallStep,0.009531071292413268,0.008006099885627145,0.0072436141822340835,0.03202439954250858
org.apache.commons.math.ode.nonstiff.ClassicalRungeKuttaIntegratorTest.testSmallStep,0.009531071292413268,0.008006099885627145,0.0072436141822340835,0.03202439954250858
org.apache.commons.math.ode.nonstiff.HighamHall54IntegratorTest.testBackward,0.009531071292413268,0.008006099885627144,0.00533739992375143,0.032024399542508575
org.apache.commons.math.ode.nonstiff.DormandPrince853IntegratorTest.testBackward,0.009531071292413268,0.008006099885627144,0.00533739992375143,0.032024399542508575
org.apache.commons.math.ode.nonstiff.DormandPrince54IntegratorTest.testBackward,0.009531071292413268,0.008006099885627144,0.00533739992375143,0.032024399542508575
org.apache.commons.math.util.OpenIntToFieldTest.testGetFromEmpty,0.01658255227108868,0.01066010921074561,0.0054585152838427945,0.03198032763223683
org.apache.commons.math.util.OpenIntToFieldTest.testRemoveFromEmpty,0.01658255227108868,0.01066010921074561,0.0054585152838427945,0.03198032763223683
org.apache.commons.math.linear.SparseFieldMatrixTest.testMultiply,0.010095011876484561,0.007942023748552924,0.0054585152838427945,0.031768094994211696
org.apache.commons.math.stat.inference.TestUtilsTest.testChiSquareLargeTestStatistic,0.017965895249695493,0.015776865450794042,0.013587835651892591,0.031553730901588084
org.apache.commons.math.linear.BlockRealMatrixTest.testSeveralBlocks,0.020149683362118594,0.015709479877975073,0.011269276393831554,0.031418959755950146
org.apache.commons.math.linear.BlockRealMatrixTest.testAdd,0.020149683362118594,0.015709479877975073,0.011269276393831554,0.031418959755950146
org.apache.commons.math.linear.BlockRealMatrixTest.testMath209,0.020149683362118594,0.015709479877975073,0.011269276393831554,0.031418959755950146
org.apache.commons.math.linear.BlockRealMatrixTest.testGetSetColumnMatrixLarge,0.020149683362118594,0.015709479877975073,0.011269276393831554,0.031418959755950146
org.apache.commons.math.linear.BlockRealMatrixTest.testGetColumnMatrix,0.020149683362118594,0.015709479877975073,0.011269276393831554,0.031418959755950146
org.apache.commons.math.linear.BlockRealMatrixTest.testWalk,0.020149683362118594,0.015709479877975073,0.011269276393831554,0.031418959755950146
org.apache.commons.math.linear.BlockRealMatrixTest.testGetSetRowMatrixLarge,0.020149683362118594,0.015709479877975073,0.011269276393831554,0.031418959755950146
org.apache.commons.math.linear.BlockRealMatrixTest.testTrace,0.020149683362118594,0.015709479877975073,0.011269276393831554,0.031418959755950146
org.apache.commons.math.linear.BlockRealMatrixTest.testSetRowMatrix,0.020149683362118594,0.015709479877975073,0.011269276393831554,0.031418959755950146
org.apache.commons.math.linear.BlockRealMatrixTest.testGetRowMatrix,0.020149683362118594,0.015709479877975073,0.011269276393831554,0.031418959755950146
org.apache.commons.math.linear.BlockRealMatrixTest.testGetEntry,0.020149683362118594,0.015709479877975073,0.011269276393831554,0.031418959755950146
org.apache.commons.math.linear.BlockRealMatrixTest.testGetSetMatrixLarge,0.020149683362118594,0.015709479877975073,0.011269276393831554,0.031418959755950146
org.apache.commons.math.linear.BlockRealMatrixTest.testSetColumnMatrix,0.020149683362118594,0.015709479877975073,0.011269276393831554,0.031418959755950146
org.apache.commons.math.linear.ArrayRealVectorTest.testConstructors,0.019002375296912115,0.0156436937909622,0.012285012285012284,0.0312873875819244
org.apache.commons.math.linear.ArrayRealVectorTest.testDataInOut,0.019002375296912115,0.0156436937909622,0.012285012285012284,0.0312873875819244
org.apache.commons.math.stat.descriptive.AggregateSummaryStatisticsTest.testAggregateSpecialValues,0.015774822146613052,0.010423372739149563,0.006087437742114001,0.03127011821744869
org.apache.commons.math.stat.descriptive.AggregateSummaryStatisticsTest.testAggregationConsistency,0.015774822146613052,0.010423372739149563,0.006087437742114001,0.03127011821744869
org.apache.commons.math.stat.descriptive.AggregateSummaryStatisticsTest.testAggregate,0.015774822146613052,0.010423372739149563,0.006087437742114001,0.03127011821744869
org.apache.commons.math.stat.descriptive.AggregateSummaryStatisticsTest.testAggregateDegenerate,0.015774822146613052,0.010423372739149563,0.006087437742114001,0.03127011821744869
org.apache.commons.math.analysis.polynomials.PolynomialFunctionTest.testSerial,0.017965895249695493,0.01554382647745684,0.013121757705218187,0.03108765295491368
org.apache.commons.math.analysis.polynomials.PolynomialSplineFunctionTest.testValues,0.013121757705218187,0.0077714695470815585,0.002328288707799767,0.031085878188326234
org.apache.commons.math.stat.descriptive.moment.StandardDeviationTest.testPopulation,0.012789281364190013,0.010353227771010961,0.007917174177831911,0.031059683313032885
org.apache.commons.math.linear.ArrayFieldVectorTest.testSerial,0.017965895249695493,0.015515014133161285,0.013064133016627079,0.03103002826632257
org.apache.commons.math.stat.descriptive.ListUnivariateImplTest.testStats,0.017982322462663822,0.015480921831274225,0.012979521199884627,0.03096184366254845
org.apache.commons.math.stat.descriptive.MixedListUnivariateImplTest.testStats,0.017982322462663822,0.015480921831274225,0.012979521199884627,0.03096184366254845
org.apache.commons.math.stat.descriptive.MixedListUnivariateImplTest.testN0andN1Conditions,0.017982322462663822,0.015480921831274225,0.012979521199884627,0.03096184366254845
org.apache.commons.math.stat.descriptive.ListUnivariateImplTest.testN0andN1Conditions,0.017982322462663822,0.015480921831274225,0.012979521199884627,0.03096184366254845
org.apache.commons.math.analysis.solvers.MullerSolverTest.testParameters,0.010943507837917775,0.010244550476477604,0.009760425909494233,0.03073365142943281
org.apache.commons.math.optimization.linear.SimplexTableauTest.testTableauWithNoArtificialVars,0.016886543535620052,0.007651715039577836,0.004221635883905013,0.030606860158311343
org.apache.commons.math.ode.ContinuousOutputModelTest.testRandomAccess,0.012962256957682043,0.010166476045240819,0.008006099885627144,0.030499428135722456
org.apache.commons.math.ode.ContinuousOutputModelTest.testBoundaries,0.012962256957682043,0.010166476045240819,0.008006099885627144,0.030499428135722456
org.apache.commons.math.linear.BlockFieldMatrixTest.testMultiply,0.017965895249695493,0.015210705631965183,0.012455516014234875,0.030421411263930366
org.apache.commons.math.linear.BlockFieldMatrixTest.testSerial,0.017965895249695493,0.015210705631965183,0.012455516014234875,0.030421411263930366
org.apache.commons.math.ode.nonstiff.DormandPrince54StepInterpolatorTest.serialization,0.012962256957682043,0.010039395094675307,0.008006099885627144,0.030118185284025923
org.apache.commons.math.ode.nonstiff.HighamHall54StepInterpolatorTest.serialization,0.012962256957682043,0.010039395094675307,0.008006099885627144,0.030118185284025923
org.apache.commons.math.ode.nonstiff.DormandPrince853StepInterpolatorTest.serialization,0.012962256957682043,0.010039395094675307,0.008006099885627144,0.030118185284025923
org.apache.commons.math.stat.descriptive.StatisticalSummaryValuesTest.testSerialization,0.017965895249695493,0.009962698361195699,0.005079580088046055,0.0298880950835871
org.apache.commons.math.util.OpenIntToFieldTest.testConcurrentModification,0.01658255227108868,0.009949866456674884,0.0033277870216306157,0.02984959937002465
org.apache.commons.math.analysis.integration.LegendreGaussIntegratorTest.testQuinticFunction,0.011122345803842264,0.009929384015762753,0.008905380333951763,0.02978815204728826
org.apache.commons.math.linear.Array2DRowRealMatrixTest.testGetRowMatrix,0.020149683362118594,0.014825435505287326,0.009501187648456057,0.02965087101057465
org.apache.commons.math.linear.Array2DRowRealMatrixTest.testMath209,0.020149683362118594,0.014825435505287326,0.009501187648456057,0.02965087101057465
org.apache.commons.math.linear.Array2DRowRealMatrixTest.testGetColumnMatrix,0.020149683362118594,0.014825435505287326,0.009501187648456057,0.02965087101057465
org.apache.commons.math.linear.Array2DRowRealMatrixTest.testTrace,0.020149683362118594,0.014825435505287326,0.009501187648456057,0.02965087101057465
org.apache.commons.math.linear.Array2DRowRealMatrixTest.testAdd,0.020149683362118594,0.014825435505287326,0.009501187648456057,0.02965087101057465
org.apache.commons.math.linear.Array2DRowRealMatrixTest.testGetEntry,0.020149683362118594,0.014825435505287326,0.009501187648456057,0.02965087101057465
org.apache.commons.math.linear.Array2DRowRealMatrixTest.testSetRowMatrix,0.020149683362118594,0.014825435505287326,0.009501187648456057,0.02965087101057465
org.apache.commons.math.linear.Array2DRowRealMatrixTest.testSetColumnMatrix,0.020149683362118594,0.014825435505287326,0.009501187648456057,0.02965087101057465
org.apache.commons.math.linear.Array2DRowRealMatrixTest.testWalk,0.020149683362118594,0.014825435505287326,0.009501187648456057,0.02965087101057465
org.apache.commons.math.optimization.general.NonLinearConjugateGradientOptimizerTest.testNoDependency,0.01685097419694576,0.00980785707987908,0.005246589716684155,0.02942357123963724
org.apache.commons.math.optimization.general.NonLinearConjugateGradientOptimizerTest.testInconsistentEquations,0.01685097419694576,0.00980785707987908,0.005246589716684155,0.02942357123963724
org.apache.commons.math.optimization.general.NonLinearConjugateGradientOptimizerTest.testNonInversible,0.01685097419694576,0.00980785707987908,0.005246589716684155,0.02942357123963724
org.apache.commons.math.optimization.general.NonLinearConjugateGradientOptimizerTest.testMoreEstimatedParametersUnsorted,0.01685097419694576,0.00980785707987908,0.005246589716684155,0.02942357123963724
org.apache.commons.math.optimization.general.NonLinearConjugateGradientOptimizerTest.testRedundantEquations,0.01685097419694576,0.00980785707987908,0.005246589716684155,0.02942357123963724
org.apache.commons.math.optimization.general.NonLinearConjugateGradientOptimizerTest.testOneSet,0.01685097419694576,0.00980785707987908,0.005246589716684155,0.02942357123963724
org.apache.commons.math.optimization.general.NonLinearConjugateGradientOptimizerTest.testColumnsPermutation,0.01685097419694576,0.00980785707987908,0.005246589716684155,0.02942357123963724
org.apache.commons.math.optimization.general.NonLinearConjugateGradientOptimizerTest.testMoreEstimatedParametersSimple,0.01685097419694576,0.00980785707987908,0.005246589716684155,0.02942357123963724
org.apache.commons.math.optimization.general.NonLinearConjugateGradientOptimizerTest.testTrivial,0.01685097419694576,0.00980785707987908,0.005246589716684155,0.02942357123963724
org.apache.commons.math.stat.correlation.SpearmansRankCorrelationTest.testLongly,0.017965895249695493,0.00979597993188974,0.005139920045688178,0.029387939795669223
org.apache.commons.math.stat.correlation.SpearmansRankCorrelationTest.testSwiss,0.017965895249695493,0.00979597993188974,0.005139920045688178,0.029387939795669223
org.apache.commons.math.stat.correlation.CovarianceTest.testLongly,0.017965895249695493,0.009758983078090443,0.0035989717223650387,0.029276949234271328
org.apache.commons.math.stat.correlation.CovarianceTest.testSwissFertility,0.017965895249695493,0.009758983078090443,0.0035989717223650387,0.029276949234271328
org.apache.commons.math.analysis.solvers.RiddersSolverTest.testParameters,0.010943507837917775,0.009749255776130896,0.008543833580980683,0.02924776732839269
org.apache.commons.math.linear.BlockRealMatrixTest.testSerial,0.017965895249695493,0.014617585821763524,0.011269276393831554,0.02923517164352705
org.apache.commons.math.util.DefaultTransformerTest.testSerial,0.017965895249695493,0.014616321559074299,0.011266747868453105,0.029232643118148598
org.apache.commons.math.optimization.general.GaussNewtonOptimizerTest.testRedundantEquations,0.01771756122980719,0.009725298187713508,0.005208333333333333,0.029175894563140525
org.apache.commons.math.optimization.general.GaussNewtonOptimizerTest.testOneSet,0.01771756122980719,0.009725298187713508,0.005208333333333333,0.029175894563140525
org.apache.commons.math.optimization.general.GaussNewtonOptimizerTest.testTwoSets,0.01771756122980719,0.009725298187713508,0.005208333333333333,0.029175894563140525
org.apache.commons.math.optimization.general.GaussNewtonOptimizerTest.testColumnsPermutation,0.01771756122980719,0.009725298187713508,0.005208333333333333,0.029175894563140525
org.apache.commons.math.optimization.general.GaussNewtonOptimizerTest.testTrivial,0.01771756122980719,0.009725298187713508,0.005208333333333333,0.029175894563140525
org.apache.commons.math.optimization.general.GaussNewtonOptimizerTest.testIllConditioned,0.01771756122980719,0.009725298187713508,0.005208333333333333,0.029175894563140525
org.apache.commons.math.optimization.general.GaussNewtonOptimizerTest.testNoDependency,0.01771756122980719,0.009725298187713508,0.005208333333333333,0.029175894563140525
org.apache.commons.math.linear.BlockFieldMatrixTest.testSetSubMatrix,0.01658255227108868,0.014519034142661778,0.012455516014234875,0.029038068285323557
org.apache.commons.math.optimization.fitting.CurveFitterTest.testMath372,0.01824817518248175,0.014497221919599084,0.010746268656716417,0.028994443839198168
org.apache.commons.math.optimization.fitting.CurveFitterTest.testMath303,0.01824817518248175,0.014497221919599084,0.010746268656716417,0.028994443839198168
org.apache.commons.math.optimization.fitting.CurveFitterTest.testMath304,0.01824817518248175,0.014497221919599084,0.010746268656716417,0.028994443839198168
org.apache.commons.math.analysis.solvers.BrentSolverTest.testRootEndpoints,0.01922508133688258,0.014492753623188406,0.009760425909494233,0.028985507246376812
org.apache.commons.math.analysis.solvers.BrentSolverTest.testBadEndpoints,0.01922508133688258,0.014492753623188406,0.009760425909494233,0.028985507246376812
org.apache.commons.math.analysis.polynomials.PolynomialsUtilsTest.testLegendreDifferentials,0.013121757705218187,0.009654110003255322,0.007664793050587634,0.028962330009765967
org.apache.commons.math.analysis.polynomials.PolynomialsUtilsTest.testChebyshevDifferentials,0.013121757705218187,0.009654110003255322,0.007664793050587634,0.028962330009765967
org.apache.commons.math.analysis.polynomials.PolynomialsUtilsTest.testLaguerreDifferentials,0.013121757705218187,0.009654110003255322,0.007664793050587634,0.028962330009765967
org.apache.commons.math.analysis.polynomials.PolynomialsUtilsTest.testHermiteDifferentials,0.013121757705218187,0.009654110003255322,0.007664793050587634,0.028962330009765967
org.apache.commons.math.stat.correlation.PearsonsCorrelationTest.testPValueNearZero,0.020149683362118594,0.014469877875475014,0.008790072388831437,0.02893975575095003
org.apache.commons.math.genetics.FitnessCachingTest.testFitnessCaching,0.008395934600088379,0.004768327585944179,0.0035671819262782403,0.028609965515665074
org.apache.commons.math.ode.nonstiff.GillStepInterpolatorTest.serialization,0.012962256957682043,0.009531071292413268,0.007624857033930614,0.0285932138772398
org.apache.commons.math.linear.MatrixUtilsTest.testcreateFieldIdentityMatrix,0.013800424628450107,0.009486407665975435,0.0054585152838427945,0.028459222997926303
org.apache.commons.math.stat.CertifiedDataTest.testDescriptiveStatistics,0.017982322462663822,0.014167775116837393,0.010353227771010963,0.028335550233674785
org.apache.commons.math.ode.nonstiff.ClassicalRungeKuttaStepInterpolatorTest.serialization,0.012962256957682043,0.009403990341847758,0.0072436141822340835,0.02821197102554327
org.apache.commons.math.ode.nonstiff.ThreeEighthesStepInterpolatorTest.serialization,0.012962256957682043,0.009403990341847758,0.0072436141822340835,0.02821197102554327
org.apache.commons.math.ode.nonstiff.GraggBulirschStoerStepInterpolatorTest.checklone,0.020205871139916128,0.014105985512771636,0.008006099885627144,0.02821197102554327
org.apache.commons.math.stat.regression.OLSMultipleLinearRegressionTest.cannotAddSampleDataWithSizeMismatch,0.0160786065207682,0.014068780705672176,0.01205895489057615,0.028137561411344353
org.apache.commons.math.linear.FieldMatrixImplTest.testMultiply,0.017965895249695493,0.014030453563090028,0.010095011876484561,0.028060907126180056
org.apache.commons.math.linear.FieldMatrixImplTest.testSerial,0.017965895249695493,0.014030453563090028,0.010095011876484561,0.028060907126180056
org.apache.commons.math.linear.Array2DRowRealMatrixTest.testMultiply,0.017965895249695493,0.013733541449075775,0.009501187648456057,0.02746708289815155
org.apache.commons.math.linear.Array2DRowRealMatrixTest.testSerial,0.017965895249695493,0.013733541449075775,0.009501187648456057,0.02746708289815155
org.apache.commons.math.ode.nonstiff.MidpointStepInterpolatorTest.serialization,0.012962256957682043,0.009149828440716738,0.0072436141822340835,0.027449485322150212
org.apache.commons.math.ode.nonstiff.GraggBulirschStoerIntegratorTest.testNullIntervalCheck,0.020205871139916128,0.013724742661075106,0.0072436141822340835,0.027449485322150212
org.apache.commons.math.ode.nonstiff.EulerStepInterpolatorTest.serialization,0.012962256957682043,0.009149828440716738,0.0072436141822340835,0.027449485322150212
org.apache.commons.math.util.ResizableDoubleArrayTest.testAddElementRolling,0.013972055888223553,0.009084528557634032,0.006062355658198615,0.0272535856729021
org.apache.commons.math.linear.SingularValueSolverTest.testConditionNumber,0.013800424628450107,0.013615088347282905,0.013429752066115703,0.02723017669456581
org.apache.commons.math.fraction.FractionTest.testSubtract,0.01658255227108868,0.013518385003604902,0.010454217736121124,0.027036770007209804
org.apache.commons.math.fraction.FractionTest.testMultiply,0.01658255227108868,0.013518385003604902,0.010454217736121124,0.027036770007209804
org.apache.commons.math.fraction.FractionTest.testEpsilonLimitConstructor,0.01658255227108868,0.013518385003604902,0.010454217736121124,0.027036770007209804
org.apache.commons.math.fraction.FractionTest.testConstructorDouble,0.01658255227108868,0.013518385003604902,0.010454217736121124,0.027036770007209804
org.apache.commons.math.fraction.FractionTest.testDivide,0.01658255227108868,0.013518385003604902,0.010454217736121124,0.027036770007209804
org.apache.commons.math.fraction.FractionTest.testAdd,0.01658255227108868,0.013518385003604902,0.010454217736121124,0.027036770007209804
org.apache.commons.math.fraction.FractionTest.testConstructor,0.01658255227108868,0.013518385003604902,0.010454217736121124,0.027036770007209804
org.apache.commons.math.fraction.FractionTest.testDoubleConstructor,0.01658255227108868,0.013518385003604902,0.010454217736121124,0.027036770007209804
org.apache.commons.math.fraction.FractionTest.testAbs,0.01658255227108868,0.013518385003604902,0.010454217736121124,0.027036770007209804
org.apache.commons.math.fraction.FractionTest.testDigitLimitConstructor,0.01658255227108868,0.013518385003604902,0.010454217736121124,0.027036770007209804
org.apache.commons.math.optimization.general.GaussNewtonOptimizerTest.testCircleFittingBadInit,0.01771756122980719,0.008988188075603396,0.002997002997002997,0.02696456422681019
org.apache.commons.math.util.BigRealTest.testSerial,0.017965895249695493,0.013349759851921982,0.008733624454148471,0.026699519703843964
org.apache.commons.math.stat.descriptive.moment.VectorialCovarianceTest.testSimplistic,0.020149683362118594,0.013349109785835877,0.0065485362095531584,0.026698219571671754
org.apache.commons.math.stat.descriptive.moment.VectorialCovarianceTest.testBasicStats,0.020149683362118594,0.013349109785835877,0.0065485362095531584,0.026698219571671754
org.apache.commons.math.ode.nonstiff.DormandPrince54IntegratorTest.testVariableSteps,0.009531071292413268,0.008895666539585715,0.008006099885627144,0.026686999618757146
org.apache.commons.math.ode.nonstiff.DormandPrince853IntegratorTest.testKepler,0.009531071292413268,0.008895666539585715,0.008006099885627144,0.026686999618757146
org.apache.commons.math.ode.nonstiff.DormandPrince853IntegratorTest.testVariableSteps,0.009531071292413268,0.008895666539585715,0.008006099885627144,0.026686999618757146
org.apache.commons.math.ode.nonstiff.HighamHall54IntegratorTest.testSanityChecks,0.009531071292413268,0.008895666539585715,0.008006099885627144,0.026686999618757146
org.apache.commons.math.ode.nonstiff.DormandPrince54IntegratorTest.testKepler,0.009531071292413268,0.008895666539585715,0.008006099885627144,0.026686999618757146
org.apache.commons.math.linear.SparseFieldMatrixTest.testPremultiply,0.010376843255051884,0.008863803696312074,0.006141820212171971,0.026591411088936222
org.apache.commons.math.util.OpenIntToFieldTest.testPutKeysWithCollision2,0.01658255227108868,0.013260906174197017,0.009939260077305357,0.026521812348394035
org.apache.commons.math.util.OpenIntToFieldTest.testPutKeysWithCollisions,0.01658255227108868,0.013260906174197017,0.009939260077305357,0.026521812348394035
org.apache.commons.math.analysis.solvers.LaguerreSolverTest.testParameters,0.01337295690936107,0.013247357307289629,0.013121757705218187,0.026494714614579258
org.apache.commons.math.stat.CertifiedDataTest.testSummaryStatistics,0.015774822146613052,0.013064024958812008,0.010353227771010963,0.026128049917624015
org.apache.commons.math.fraction.FractionFormatTest.testParseProper,0.01658255227108868,0.012797404470079307,0.009012256669069935,0.025594808940158614
org.apache.commons.math.fraction.FractionFormatTest.testFormatImproper,0.01658255227108868,0.012797404470079307,0.009012256669069935,0.025594808940158614
org.apache.commons.math.fraction.FractionFormatTest.testParseNegative,0.01658255227108868,0.012797404470079307,0.009012256669069935,0.025594808940158614
org.apache.commons.math.fraction.FractionFormatTest.testFormatZero,0.01658255227108868,0.012797404470079307,0.009012256669069935,0.025594808940158614
org.apache.commons.math.fraction.FractionFormatTest.testParseInteger,0.01658255227108868,0.012797404470079307,0.009012256669069935,0.025594808940158614
org.apache.commons.math.fraction.FractionFormatTest.testParseProperNegative,0.01658255227108868,0.012797404470079307,0.009012256669069935,0.025594808940158614
org.apache.commons.math.fraction.FractionFormatTest.testFormatNegative,0.01658255227108868,0.012797404470079307,0.009012256669069935,0.025594808940158614
org.apache.commons.math.fraction.FractionFormatTest.testFormat,0.01658255227108868,0.012797404470079307,0.009012256669069935,0.025594808940158614
org.apache.commons.math.fraction.FractionFormatTest.testFormatImproperNegative,0.01658255227108868,0.012797404470079307,0.009012256669069935,0.025594808940158614
org.apache.commons.math.linear.BlockRealMatrixTest.testGetSubMatrix,0.014251781472684086,0.01276052893325782,0.011269276393831554,0.02552105786651564
org.apache.commons.math.linear.BlockRealMatrixTest.testCopyFunctions,0.014251781472684086,0.01276052893325782,0.011269276393831554,0.02552105786651564
org.apache.commons.math.linear.BlockRealMatrixTest.testCopySubMatrix,0.014251781472684086,0.01276052893325782,0.011269276393831554,0.02552105786651564
org.apache.commons.math.linear.BlockRealMatrixTest.testMultiply,0.014251781472684086,0.01276052893325782,0.011269276393831554,0.02552105786651564
org.apache.commons.math.linear.TriDiagonalTransformerTest.testNonSquare,0.013800424628450107,0.012582030496043235,0.011363636363636364,0.02516406099208647
org.apache.commons.math.ode.nonstiff.GillIntegratorTest.testKepler,0.009531071292413268,0.008387342737323675,0.007624857033930614,0.025162028211971027
org.apache.commons.math.linear.MatrixUtilsTest.testCreateRealMatrix,0.013800424628450107,0.012534850511140831,0.011269276393831554,0.025069701022281662
org.apache.commons.math.linear.MatrixUtilsTest.testCreateColumnRealMatrix,0.013800424628450107,0.012534850511140831,0.011269276393831554,0.025069701022281662
org.apache.commons.math.linear.MatrixUtilsTest.testCreateRowRealMatrix,0.013800424628450107,0.012534850511140831,0.011269276393831554,0.025069701022281662
org.apache.commons.math.analysis.integration.TrapezoidIntegratorTest.testParameters,0.015213358070500928,0.01248689198999758,0.009760425909494233,0.02497378397999516
org.apache.commons.math.ode.nonstiff.ClassicalRungeKuttaIntegratorTest.testKepler,0.009531071292413268,0.008260261786758165,0.0072436141822340835,0.024780785360274497
org.apache.commons.math.ode.nonstiff.ThreeEighthesIntegratorTest.testKepler,0.009531071292413268,0.008260261786758165,0.0072436141822340835,0.024780785360274497
org.apache.commons.math.stat.ranking.NaturalRankingTest.testNaNsMinimalTiesAverage,0.017965895249695493,0.012365134772536585,0.006764374295377677,0.02473026954507317
org.apache.commons.math.stat.ranking.NaturalRankingTest.testNaNsMaximalTiesMinimum,0.017965895249695493,0.012365134772536585,0.006764374295377677,0.02473026954507317
org.apache.commons.math.stat.ranking.NaturalRankingTest.testNaNsRemovedTiesSequential,0.017965895249695493,0.012365134772536585,0.006764374295377677,0.02473026954507317
org.apache.commons.math.stat.ranking.NaturalRankingTest.testNaNsAndInfs,0.017965895249695493,0.012365134772536585,0.006764374295377677,0.02473026954507317
org.apache.commons.math.stat.ranking.NaturalRankingTest.testDefault,0.017965895249695493,0.012365134772536585,0.006764374295377677,0.02473026954507317
org.apache.commons.math.stat.ranking.NaturalRankingTest.testNaNsMinimalTiesMaximum,0.017965895249695493,0.012365134772536585,0.006764374295377677,0.02473026954507317
org.apache.commons.math.stat.clustering.EuclideanIntegerPointTest.testSerial,0.017965895249695493,0.012327429230198916,0.006688963210702341,0.024654858460397833
org.apache.commons.math.linear.LUSolverTest.testDeterminant,0.013800424628450107,0.012323766033233319,0.01084710743801653,0.024647532066466638
org.apache.commons.math.stat.descriptive.moment.SemiVarianceTest.testNonMeanCutoffs,0.017965895249695493,0.012286912382556997,0.006607929515418502,0.024573824765113994
org.apache.commons.math.stat.descriptive.moment.SemiVarianceTest.testVarianceDecompNonMeanCutoff,0.017965895249695493,0.012286912382556997,0.006607929515418502,0.024573824765113994
org.apache.commons.math.stat.descriptive.moment.VectorialCovarianceTest.testSerial,0.017965895249695493,0.012257215729624325,0.0065485362095531584,0.02451443145924865
org.apache.commons.math.complex.ComplexUtilsTest.testPolar2ComplexNaN,0.017965895249695493,0.012244190329962748,0.006522485410230003,0.024488380659925497
org.apache.commons.math.complex.ComplexUtilsTest.testPolar2ComplexInf,0.017965895249695493,0.012244190329962748,0.006522485410230003,0.024488380659925497
org.apache.commons.math.stat.descriptive.rank.PercentileTest.test5,0.015225334957369063,0.01218026796589525,0.009135200974421437,0.0243605359317905
org.apache.commons.math.linear.BlockFieldMatrixTest.testGetSubMatrix,0.012455516014234875,0.012166000287402473,0.011876484560570071,0.024332000574804946
org.apache.commons.math.linear.BlockFieldMatrixTest.testCopyFunctions,0.012455516014234875,0.012166000287402473,0.011876484560570071,0.024332000574804946
org.apache.commons.math.linear.BlockFieldMatrixTest.testCopySubMatrix,0.012455516014234875,0.012166000287402473,0.011876484560570071,0.024332000574804946
org.apache.commons.math.fraction.BigFractionTest.testConstructorDouble,0.015335801163405606,0.012162876784769964,0.008989952406134321,0.024325753569539928
org.apache.commons.math.fraction.BigFractionTest.testMultiply,0.015335801163405606,0.012162876784769964,0.008989952406134321,0.024325753569539928
org.apache.commons.math.fraction.BigFractionTest.testDoubleConstructor,0.015335801163405606,0.012162876784769964,0.008989952406134321,0.024325753569539928
org.apache.commons.math.fraction.BigFractionTest.testDigitLimitConstructor,0.015335801163405606,0.012162876784769964,0.008989952406134321,0.024325753569539928
org.apache.commons.math.fraction.BigFractionTest.testConstructor,0.015335801163405606,0.012162876784769964,0.008989952406134321,0.024325753569539928
org.apache.commons.math.fraction.BigFractionTest.testSubtract,0.015335801163405606,0.012162876784769964,0.008989952406134321,0.024325753569539928
org.apache.commons.math.fraction.BigFractionTest.testAbs,0.015335801163405606,0.012162876784769964,0.008989952406134321,0.024325753569539928
org.apache.commons.math.fraction.BigFractionTest.testAdd,0.015335801163405606,0.012162876784769964,0.008989952406134321,0.024325753569539928
org.apache.commons.math.fraction.BigFractionTest.testDivide,0.015335801163405606,0.012162876784769964,0.008989952406134321,0.024325753569539928
org.apache.commons.math.fraction.BigFractionTest.testEpsilonLimitConstructor,0.015335801163405606,0.012162876784769964,0.008989952406134321,0.024325753569539928
org.apache.commons.math.optimization.linear.SimplexSolverTest.testDegeneracy,0.010026385224274407,0.006060987798564179,0.004221635883905013,0.024243951194256715
org.apache.commons.math.optimization.linear.SimplexSolverTest.testMinimization,0.010026385224274407,0.006060987798564179,0.004221635883905013,0.024243951194256715
org.apache.commons.math.optimization.linear.SimplexSolverTest.testMath286,0.010026385224274407,0.006060987798564179,0.004221635883905013,0.024243951194256715
org.apache.commons.math.optimization.linear.SimplexSolverTest.testSolutionWithNegativeDecisionVariable,0.010026385224274407,0.006060987798564179,0.004221635883905013,0.024243951194256715
org.apache.commons.math.optimization.linear.SimplexSolverTest.testRestrictVariablesToNonNegative,0.010026385224274407,0.006060987798564179,0.004221635883905013,0.024243951194256715
org.apache.commons.math.optimization.linear.SimplexSolverTest.testMath293,0.010026385224274407,0.006060987798564179,0.004221635883905013,0.024243951194256715
org.apache.commons.math.optimization.linear.SimplexSolverTest.testSingleVariableAndConstraint,0.010026385224274407,0.006060987798564179,0.004221635883905013,0.024243951194256715
org.apache.commons.math.optimization.linear.SimplexSolverTest.testModelWithNoArtificialVars,0.010026385224274407,0.006060987798564179,0.004221635883905013,0.024243951194256715
org.apache.commons.math.optimization.linear.SimplexSolverTest.testEpsilon,0.010026385224274407,0.006060987798564179,0.004221635883905013,0.024243951194256715
org.apache.commons.math.optimization.linear.SimplexSolverTest.testMath290GEQ,0.010026385224274407,0.006060987798564179,0.004221635883905013,0.024243951194256715
org.apache.commons.math.optimization.linear.SimplexSolverTest.testMath288,0.010026385224274407,0.006060987798564179,0.004221635883905013,0.024243951194256715
org.apache.commons.math.optimization.linear.SimplexSolverTest.testTrivialModel,0.010026385224274407,0.006060987798564179,0.004221635883905013,0.024243951194256715
org.apache.commons.math.optimization.linear.SimplexSolverTest.testSimplexSolver,0.010026385224274407,0.006060987798564179,0.004221635883905013,0.024243951194256715
org.apache.commons.math.optimization.linear.SimplexSolverTest.testMath272,0.010026385224274407,0.006060987798564179,0.004221635883905013,0.024243951194256715
org.apache.commons.math.ode.nonstiff.DormandPrince54StepInterpolatorTest.derivativesConsistency,0.009149828440716736,0.00802811159761886,0.006928406466512702,0.02408433479285658
org.apache.commons.math.ode.nonstiff.DormandPrince853StepInterpolatorTest.derivativesConsistency,0.009149828440716736,0.00802811159761886,0.006928406466512702,0.02408433479285658
org.apache.commons.math.ode.nonstiff.HighamHall54StepInterpolatorTest.derivativesConsistency,0.009149828440716736,0.00802811159761886,0.006928406466512702,0.02408433479285658
org.apache.commons.math.optimization.general.GaussNewtonOptimizerTest.testMoreEstimatedParametersUnsorted,0.01771756122980719,0.011983780614903596,0.00625,0.023967561229807192
org.apache.commons.math.optimization.general.GaussNewtonOptimizerTest.testMoreEstimatedParametersSimple,0.01771756122980719,0.011983780614903596,0.00625,0.023967561229807192
org.apache.commons.math.optimization.general.GaussNewtonOptimizerTest.testInconsistentEquations,0.01771756122980719,0.011983780614903596,0.00625,0.023967561229807192
org.apache.commons.math.optimization.general.GaussNewtonOptimizerTest.testNonInversible,0.01771756122980719,0.011983780614903596,0.00625,0.023967561229807192
org.apache.commons.math.transform.FastFourierTransformerTest.testParameters,0.014025777103866566,0.011893101506680399,0.009760425909494233,0.023786203013360797
org.apache.commons.math.linear.FieldMatrixImplTest.testGetSubMatrix,0.013653741125068269,0.011874376500776416,0.010095011876484561,0.02374875300155283
org.apache.commons.math.linear.FieldMatrixImplTest.testCopySubMatrix,0.013653741125068269,0.011874376500776416,0.010095011876484561,0.02374875300155283
org.apache.commons.math.stat.descriptive.SummaryStatisticsTest.testN0andN1Conditions,0.015774822146613052,0.011804936846502401,0.007835051546391752,0.023609873693004803
org.apache.commons.math.stat.descriptive.SummaryStatisticsTest.testNaNContracts,0.015774822146613052,0.011804936846502401,0.007835051546391752,0.023609873693004803
org.apache.commons.math.stat.descriptive.SummaryStatisticsTest.testStats,0.015774822146613052,0.011804936846502401,0.007835051546391752,0.023609873693004803
org.apache.commons.math.stat.descriptive.SummaryStatisticsTest.testGetSummary,0.015774822146613052,0.011804936846502401,0.007835051546391752,0.023609873693004803
org.apache.commons.math.stat.descriptive.SummaryStatisticsTest.testEqualsAndHashCode,0.015774822146613052,0.011804936846502401,0.007835051546391752,0.023609873693004803
org.apache.commons.math.stat.descriptive.SummaryStatisticsTest.testProductAndGeometricMean,0.015774822146613052,0.011804936846502401,0.007835051546391752,0.023609873693004803
org.apache.commons.math.analysis.polynomials.PolynomialSplineFunctionTest.testConstructor,0.013121757705218187,0.01178901573473837,0.010456273764258554,0.02357803146947674
org.apache.commons.math.optimization.general.LevenbergMarquardtOptimizerTest.testNoDependency,0.01824817518248175,0.011728254257907541,0.005208333333333333,0.023456508515815083
org.apache.commons.math.optimization.general.LevenbergMarquardtOptimizerTest.testQRColumnsPermutation,0.01824817518248175,0.011728254257907541,0.005208333333333333,0.023456508515815083
org.apache.commons.math.optimization.general.LevenbergMarquardtOptimizerTest.testTrivial,0.01824817518248175,0.011728254257907541,0.005208333333333333,0.023456508515815083
org.apache.commons.math.optimization.general.LevenbergMarquardtOptimizerTest.testMoreEstimatedParametersUnsorted,0.01824817518248175,0.011728254257907541,0.005208333333333333,0.023456508515815083
org.apache.commons.math.optimization.general.LevenbergMarquardtOptimizerTest.testIllConditioned,0.01824817518248175,0.011728254257907541,0.005208333333333333,0.023456508515815083
org.apache.commons.math.optimization.general.LevenbergMarquardtOptimizerTest.testInconsistentSizes,0.01824817518248175,0.011728254257907541,0.005208333333333333,0.023456508515815083
org.apache.commons.math.optimization.general.LevenbergMarquardtOptimizerTest.testRedundantEquations,0.01824817518248175,0.011728254257907541,0.005208333333333333,0.023456508515815083
org.apache.commons.math.optimization.general.LevenbergMarquardtOptimizerTest.testTwoSets,0.01824817518248175,0.011728254257907541,0.005208333333333333,0.023456508515815083
org.apache.commons.math.optimization.general.LevenbergMarquardtOptimizerTest.testOneSet,0.01824817518248175,0.011728254257907541,0.005208333333333333,0.023456508515815083
org.apache.commons.math.ode.sampling.DummyStepInterpolatorTest.testImpossibleSerialization,0.012962256957682043,0.011725883723596266,0.01048951048951049,0.02345176744719253
org.apache.commons.math.util.BigRealFieldTest.testSerial,0.017965895249695493,0.011712205266769143,0.0054585152838427945,0.023424410533538286
org.apache.commons.math.fraction.FractionFieldTest.testSerial,0.017965895249695493,0.011712205266769143,0.0054585152838427945,0.023424410533538286
org.apache.commons.math.fraction.BigFractionFieldTest.testSerial,0.017965895249695493,0.011712205266769143,0.0054585152838427945,0.023424410533538286
org.apache.commons.math.complex.ComplexFieldTest.testSerial,0.017965895249695493,0.011712205266769143,0.0054585152838427945,0.023424410533538286
org.apache.commons.math.stat.descriptive.moment.VectorialMeanTest.testSerial,0.017965895249695493,0.01167940371113434,0.00539291217257319,0.02335880742226868
org.apache.commons.math.linear.Array2DRowRealMatrixTest.testSetSubMatrix,0.013800424628450107,0.011650806138453082,0.009501187648456057,0.023301612276906164
org.apache.commons.math.ode.nonstiff.DormandPrince853IntegratorTest.testUnstableDerivative,0.009531071292413268,0.007758946661968906,0.004595940252776714,0.023276839985906718
org.apache.commons.math.stat.descriptive.summary.SumTest.testWeightedSum,0.01492082825822168,0.011571254567600487,0.008221680876979293,0.023142509135200974
org.apache.commons.math.stat.descriptive.moment.SemiVarianceTest.testVarianceDecompMeanCutoff,0.016443361753958587,0.011525645634688544,0.006607929515418502,0.023051291269377088
org.apache.commons.math.linear.MatrixUtilsTest.testCreateIdentityMatrix,0.013800424628450107,0.011500353857041755,0.009200283085633405,0.02300070771408351
org.apache.commons.math.linear.BlockFieldMatrixTest.testGetColumnMatrix,0.012455516014234875,0.01141617963464338,0.010376843255051884,0.02283235926928676
org.apache.commons.math.linear.BlockFieldMatrixTest.testGetRowMatrix,0.012455516014234875,0.01141617963464338,0.010376843255051884,0.02283235926928676
org.apache.commons.math.linear.BlockFieldMatrixTest.testSetRowMatrix,0.012455516014234875,0.01141617963464338,0.010376843255051884,0.02283235926928676
org.apache.commons.math.linear.BlockFieldMatrixTest.testSetColumnMatrix,0.012455516014234875,0.01141617963464338,0.010376843255051884,0.02283235926928676
org.apache.commons.math.linear.BlockFieldMatrixTest.testAdd,0.012455516014234875,0.01141617963464338,0.010376843255051884,0.02283235926928676
org.apache.commons.math.linear.Array2DRowRealMatrixTest.testCopySubMatrix,0.013064133016627079,0.011282660332541567,0.009501187648456057,0.022565320665083134
org.apache.commons.math.linear.Array2DRowRealMatrixTest.testGetSubMatrix,0.013064133016627079,0.011282660332541567,0.009501187648456057,0.022565320665083134
org.apache.commons.math.ode.nonstiff.GillStepInterpolatorTest.testDerivativesConsistency,0.008006099885627144,0.0075197877953568195,0.006928406466512702,0.02255936338607046
org.apache.commons.math.linear.SparseRealMatrixTest.testAddFail,0.014111922141119221,0.011271812672583219,0.008431703204047217,0.022543625345166438
org.apache.commons.math.linear.SparseRealMatrixTest.testSetSubMatrix,0.014111922141119221,0.011271812672583219,0.008431703204047217,0.022543625345166438
org.apache.commons.math.linear.SparseRealMatrixTest.testToString,0.014111922141119221,0.011271812672583219,0.008431703204047217,0.022543625345166438
org.apache.commons.math.linear.SparseRealMatrixTest.testNorm,0.014111922141119221,0.011271812672583219,0.008431703204047217,0.022543625345166438
org.apache.commons.math.linear.SparseRealMatrixTest.testEqualsAndHashCode,0.014111922141119221,0.011271812672583219,0.008431703204047217,0.022543625345166438
org.apache.commons.math.linear.SparseRealMatrixTest.testDimensions,0.014111922141119221,0.011271812672583219,0.008431703204047217,0.022543625345166438
org.apache.commons.math.linear.SparseRealMatrixTest.testCopyFunctions,0.014111922141119221,0.011271812672583219,0.008431703204047217,0.022543625345166438
org.apache.commons.math.analysis.solvers.BisectionSolverTest.testSinZero,0.012484774665042631,0.011122600287268431,0.009760425909494233,0.022245200574536862
org.apache.commons.math.analysis.solvers.BisectionSolverTest.testMath369,0.012484774665042631,0.011122600287268431,0.009760425909494233,0.022245200574536862
org.apache.commons.math.analysis.solvers.BisectionSolverTest.testQuinticZero,0.012484774665042631,0.011122600287268431,0.009760425909494233,0.022245200574536862
org.apache.commons.math.ode.nonstiff.EulerStepInterpolatorTest.derivativesConsistency,0.008006099885627144,0.00739270684479131,0.006928406466512702,0.02217812053437393
org.apache.commons.math.ode.nonstiff.ClassicalRungeKuttaStepInterpolatorTest.derivativesConsistency,0.008006099885627144,0.00739270684479131,0.006928406466512702,0.02217812053437393
org.apache.commons.math.ode.nonstiff.MidpointStepInterpolatorTest.testDerivativesConsistency,0.008006099885627144,0.00739270684479131,0.006928406466512702,0.02217812053437393
org.apache.commons.math.ode.nonstiff.ThreeEighthesStepInterpolatorTest.derivativesConsistency,0.008006099885627144,0.00739270684479131,0.006928406466512702,0.02217812053437393
org.apache.commons.math.ode.ContinuousOutputModelTest.testErrorConditions,0.012962256957682043,0.01105604269919939,0.009149828440716736,0.02211208539839878
org.apache.commons.math.optimization.fitting.PolynomialFitterTest.testRedundantSolvable,0.01824817518248175,0.011030301849723529,0.003812428516965307,0.022060603699447057
org.apache.commons.math.analysis.integration.SimpsonIntegratorTest.testParameters,0.012244897959183673,0.011002661934338954,0.009760425909494233,0.022005323868677908
org.apache.commons.math.stat.descriptive.summary.ProductTest.testWeightedProduct,0.013702801461632157,0.010962241169305725,0.008221680876979293,0.02192448233861145
org.apache.commons.math.ode.nonstiff.GillIntegratorTest.testUnstableDerivative,0.009531071292413268,0.007250622859706866,0.004595940252776714,0.0217518685791206
org.apache.commons.math.fraction.BigFractionFormatTest.testFormatImproperNegative,0.015335801163405606,0.01084586668339772,0.006355932203389831,0.02169173336679544
org.apache.commons.math.fraction.BigFractionFormatTest.testFormat,0.015335801163405606,0.01084586668339772,0.006355932203389831,0.02169173336679544
org.apache.commons.math.fraction.BigFractionFormatTest.testParseBig,0.015335801163405606,0.01084586668339772,0.006355932203389831,0.02169173336679544
org.apache.commons.math.fraction.BigFractionFormatTest.testParseProper,0.015335801163405606,0.01084586668339772,0.006355932203389831,0.02169173336679544
org.apache.commons.math.fraction.BigFractionFormatTest.testParseProperNegative,0.015335801163405606,0.01084586668339772,0.006355932203389831,0.02169173336679544
org.apache.commons.math.fraction.BigFractionFormatTest.testParseNegative,0.015335801163405606,0.01084586668339772,0.006355932203389831,0.02169173336679544
org.apache.commons.math.fraction.BigFractionFormatTest.testParse,0.015335801163405606,0.01084586668339772,0.006355932203389831,0.02169173336679544
org.apache.commons.math.fraction.BigFractionFormatTest.testFormatNegative,0.015335801163405606,0.01084586668339772,0.006355932203389831,0.02169173336679544
org.apache.commons.math.fraction.BigFractionFormatTest.testFormatImproper,0.015335801163405606,0.01084586668339772,0.006355932203389831,0.02169173336679544
org.apache.commons.math.fraction.BigFractionFormatTest.testParseInteger,0.015335801163405606,0.01084586668339772,0.006355932203389831,0.02169173336679544
org.apache.commons.math.fraction.BigFractionFormatTest.testFormatZero,0.015335801163405606,0.01084586668339772,0.006355932203389831,0.02169173336679544
org.apache.commons.math.optimization.linear.SimplexTableauTest.testInitialization,0.016886543535620052,0.010817941952506595,0.00474934036939314,0.02163588390501319
org.apache.commons.math.optimization.linear.SimplexTableauTest.testDropPhase1Objective,0.016886543535620052,0.010817941952506595,0.00474934036939314,0.02163588390501319
org.apache.commons.math.analysis.integration.RombergIntegratorTest.testParameters,0.011873840445269016,0.010817133177381625,0.009760425909494233,0.02163426635476325
org.apache.commons.math.stat.inference.TTestTest.testOneSampleTTest,0.015774822146613052,0.010800032432529827,0.005825242718446602,0.021600064865059655
org.apache.commons.math.stat.inference.TTestTest.testOneSampleT,0.015774822146613052,0.010800032432529827,0.005825242718446602,0.021600064865059655
org.apache.commons.math.stat.inference.TTestTest.testTwoSampleTHeterscedastic,0.015774822146613052,0.010800032432529827,0.005825242718446602,0.021600064865059655
org.apache.commons.math.stat.inference.TTestTest.testTwoSampleTHomoscedastic,0.015774822146613052,0.010800032432529827,0.005825242718446602,0.021600064865059655
org.apache.commons.math.linear.TriDiagonalTransformerTest.testAEqualQTQt,0.013800424628450107,0.010774179256373813,0.007747933884297521,0.021548358512747626
org.apache.commons.math.optimization.fitting.PolynomialFitterTest.testRedundantUnsolvable,0.01771756122980719,0.010764994873386249,0.003812428516965307,0.021529989746772497
org.apache.commons.math.linear.CholeskySolverTest.testDeterminant,0.013800424628450107,0.010742819138694773,0.00768521364893944,0.021485638277389547
org.apache.commons.math.genetics.RandomKeyMutationTest.testMutate,0.0077288941736028535,0.005342759997330787,0.002972651605231867,0.02137103998932315
org.apache.commons.math.util.ResizableDoubleArrayTest.testDiscard,0.013972055888223553,0.010595615007351742,0.007219174126479931,0.021191230014703483
org.apache.commons.math.util.ResizableDoubleArrayTest.testSetElementArbitraryExpansion,0.013972055888223553,0.010595615007351742,0.007219174126479931,0.021191230014703483
org.apache.commons.math.util.ResizableDoubleArrayTest.testSetNumberOfElements,0.013972055888223553,0.010595615007351742,0.007219174126479931,0.021191230014703483
org.apache.commons.math.util.ResizableDoubleArrayTest.testSubstitute,0.013972055888223553,0.010595615007351742,0.007219174126479931,0.021191230014703483
org.apache.commons.math.stat.FrequencyTest.testEmptyTable,0.021010962241169304,0.021010962241169304,0.021010962241169304,0.021010962241169304
org.apache.commons.math.stat.FrequencyTest.testPcts,0.021010962241169304,0.021010962241169304,0.021010962241169304,0.021010962241169304
org.apache.commons.math.stat.FrequencyTest.testAdd,0.021010962241169304,0.021010962241169304,0.021010962241169304,0.021010962241169304
org.apache.commons.math.stat.FrequencyTest.testIntegerValues,0.021010962241169304,0.021010962241169304,0.021010962241169304,0.021010962241169304
org.apache.commons.math.stat.FrequencyTest.testToString,0.021010962241169304,0.021010962241169304,0.021010962241169304,0.021010962241169304
org.apache.commons.math.stat.inference.TestUtilsTest.testOneWayAnovaUtils,0.017965895249695493,0.010466627150070299,0.002967359050445104,0.020933254300140598
org.apache.commons.math.analysis.solvers.NewtonSolverTest.testSinZero,0.011160714285714286,0.01046057009760426,0.009760425909494233,0.02092114019520852
org.apache.commons.math.analysis.solvers.NewtonSolverTest.testQuinticZero,0.011160714285714286,0.01046057009760426,0.009760425909494233,0.02092114019520852
org.apache.commons.math.linear.SparseRealVectorTest.testMisc,0.020798201236649803,0.020798201236649803,0.020798201236649803,0.020798201236649803
org.apache.commons.math.optimization.general.LevenbergMarquardtOptimizerTest.testControlParameters,0.017726798748696558,0.010361900872849777,0.002997002997002997,0.020723801745699554
org.apache.commons.math.stat.descriptive.moment.MeanTest.testWeightedMean,0.013702801461632157,0.010353227771010963,0.007003654080389768,0.020706455542021926
org.apache.commons.math.linear.FieldMatrixImplTest.testGetColumnMatrix,0.010376843255051884,0.010235927565768223,0.010095011876484561,0.020471855131536446
org.apache.commons.math.linear.FieldMatrixImplTest.testSetRowMatrix,0.010376843255051884,0.010235927565768223,0.010095011876484561,0.020471855131536446
org.apache.commons.math.linear.FieldMatrixImplTest.testAdd,0.010376843255051884,0.010235927565768223,0.010095011876484561,0.020471855131536446
org.apache.commons.math.linear.FieldMatrixImplTest.testSetColumnMatrix,0.010376843255051884,0.010235927565768223,0.010095011876484561,0.020471855131536446
org.apache.commons.math.linear.FieldMatrixImplTest.testGetRowMatrix,0.010376843255051884,0.010235927565768223,0.010095011876484561,0.020471855131536446
org.apache.commons.math.linear.SparseFieldMatrixTest.testGetColumnMatrix,0.010376843255051884,0.010224795438382126,0.010072747621712367,0.02044959087676425
org.apache.commons.math.linear.SparseFieldMatrixTest.testMultiply2,0.010376843255051884,0.010224795438382126,0.010072747621712367,0.02044959087676425
org.apache.commons.math.linear.SparseFieldMatrixTest.testGetColumnVector,0.010376843255051884,0.010224795438382126,0.010072747621712367,0.02044959087676425
org.apache.commons.math.linear.SparseFieldMatrixTest.testGetRowMatrix,0.010376843255051884,0.010224795438382126,0.010072747621712367,0.02044959087676425
org.apache.commons.math.linear.SparseFieldMatrixTest.testGetVectors,0.010376843255051884,0.010224795438382126,0.010072747621712367,0.02044959087676425
org.apache.commons.math.linear.SparseFieldMatrixTest.testSubMatrix,0.010376843255051884,0.010224795438382126,0.010072747621712367,0.02044959087676425
org.apache.commons.math.complex.ComplexTest.testNegateNaN,0.020401948842874544,0.020401948842874544,0.020401948842874544,0.020401948842874544
org.apache.commons.math.complex.ComplexTest.testAcosNaN,0.020401948842874544,0.020401948842874544,0.020401948842874544,0.020401948842874544
org.apache.commons.math.complex.ComplexTest.testMultiplyNaNInf,0.020401948842874544,0.020401948842874544,0.020401948842874544,0.020401948842874544
org.apache.commons.math.complex.ComplexTest.testNthRoot_normal_thirdRoot,0.020401948842874544,0.020401948842874544,0.020401948842874544,0.020401948842874544
org.apache.commons.math.util.TransformerMapTest.testPutTransformer,0.011266747868453105,0.010200974421437272,0.009135200974421437,0.020401948842874544
org.apache.commons.math.complex.ComplexTest.testDivideReal,0.020401948842874544,0.020401948842874544,0.020401948842874544,0.020401948842874544
org.apache.commons.math.complex.ComplexTest.testExpNaN,0.020401948842874544,0.020401948842874544,0.020401948842874544,0.020401948842874544
org.apache.commons.math.util.TransformerMapTest.testRemoveTransformer,0.011266747868453105,0.010200974421437272,0.009135200974421437,0.020401948842874544
org.apache.commons.math.complex.ComplexTest.testAbsNaN,0.020401948842874544,0.020401948842874544,0.020401948842874544,0.020401948842874544
org.apache.commons.math.complex.ComplexTest.testGetArgumentInf,0.020401948842874544,0.020401948842874544,0.020401948842874544,0.020401948842874544
org.apache.commons.math.complex.ComplexTest.testNthRoot_cornercase_thirdRoot_imaginaryPartEmpty,0.020401948842874544,0.020401948842874544,0.020401948842874544,0.020401948842874544
org.apache.commons.math.util.TransformerMapTest.testTransformers,0.011266747868453105,0.010200974421437272,0.009135200974421437,0.020401948842874544
org.apache.commons.math.complex.ComplexTest.testConjugateNaN,0.020401948842874544,0.020401948842874544,0.020401948842874544,0.020401948842874544
org.apache.commons.math.complex.ComplexTest.testAsinNaN,0.020401948842874544,0.020401948842874544,0.020401948842874544,0.020401948842874544
org.apache.commons.math.complex.ComplexTest.testSinhNaN,0.020401948842874544,0.020401948842874544,0.020401948842874544,0.020401948842874544
org.apache.commons.math.complex.ComplexTest.testAtanNaN,0.020401948842874544,0.020401948842874544,0.020401948842874544,0.020401948842874544
org.apache.commons.math.complex.ComplexTest.testMultiply,0.020401948842874544,0.020401948842874544,0.020401948842874544,0.020401948842874544
org.apache.commons.math.complex.ComplexTest.testScalarMultiply,0.020401948842874544,0.020401948842874544,0.020401948842874544,0.020401948842874544
org.apache.commons.math.complex.ComplexTest.testConjugateInfiinite,0.020401948842874544,0.020401948842874544,0.020401948842874544,0.020401948842874544
org.apache.commons.math.complex.ComplexTest.testDivideZero,0.020401948842874544,0.020401948842874544,0.020401948842874544,0.020401948842874544
org.apache.commons.math.complex.ComplexTest.testGetArgument,0.020401948842874544,0.020401948842874544,0.020401948842874544,0.020401948842874544
org.apache.commons.math.complex.ComplexTest.testPowNaNExponent,0.020401948842874544,0.020401948842874544,0.020401948842874544,0.020401948842874544
org.apache.commons.math.complex.ComplexTest.testConstructor,0.020401948842874544,0.020401948842874544,0.020401948842874544,0.020401948842874544
org.apache.commons.math.complex.ComplexTest.testSubtract,0.020401948842874544,0.020401948842874544,0.020401948842874544,0.020401948842874544
org.apache.commons.math.util.TransformerMapTest.testClasses,0.011266747868453105,0.010200974421437272,0.009135200974421437,0.020401948842874544
org.apache.commons.math.complex.ComplexTest.testSqrt1zNaN,0.020401948842874544,0.020401948842874544,0.020401948842874544,0.020401948842874544
org.apache.commons.math.complex.ComplexTest.testConstructorNaN,0.020401948842874544,0.020401948842874544,0.020401948842874544,0.020401948842874544
org.apache.commons.math.complex.ComplexTest.testNegate,0.020401948842874544,0.020401948842874544,0.020401948842874544,0.020401948842874544
org.apache.commons.math.complex.ComplexTest.testScalarMultiplyInf,0.020401948842874544,0.020401948842874544,0.020401948842874544,0.020401948842874544
org.apache.commons.math.complex.ComplexTest.testEqualsRealDifference,0.020401948842874544,0.020401948842874544,0.020401948842874544,0.020401948842874544
org.apache.commons.math.complex.ComplexTest.testDivideNaN,0.020401948842874544,0.020401948842874544,0.020401948842874544,0.020401948842874544
org.apache.commons.math.complex.ComplexTest.testNthRoot_normal_fourthRoot,0.020401948842874544,0.020401948842874544,0.020401948842874544,0.020401948842874544
org.apache.commons.math.complex.ComplexTest.testEqualsNull,0.020401948842874544,0.020401948842874544,0.020401948842874544,0.020401948842874544
org.apache.commons.math.util.TransformerMapTest.testClear,0.011266747868453105,0.010200974421437272,0.009135200974421437,0.020401948842874544
org.apache.commons.math.complex.ComplexTest.testConjugate,0.020401948842874544,0.020401948842874544,0.020401948842874544,0.020401948842874544
org.apache.commons.math.complex.ComplexTest.testNthRoot_cornercase_thirdRoot_realPartZero,0.020401948842874544,0.020401948842874544,0.020401948842874544,0.020401948842874544
org.apache.commons.math.complex.ComplexTest.testEqualsNaN,0.020401948842874544,0.020401948842874544,0.020401948842874544,0.020401948842874544
org.apache.commons.math.complex.ComplexTest.testAbs,0.020401948842874544,0.020401948842874544,0.020401948842874544,0.020401948842874544
org.apache.commons.math.complex.ComplexTest.testScalarMultiplyNaN,0.020401948842874544,0.020401948842874544,0.020401948842874544,0.020401948842874544
org.apache.commons.math.complex.ComplexTest.testAdd,0.020401948842874544,0.020401948842874544,0.020401948842874544,0.020401948842874544
org.apache.commons.math.complex.ComplexTest.testEqualsTrue,0.020401948842874544,0.020401948842874544,0.020401948842874544,0.020401948842874544
org.apache.commons.math.complex.ComplexTest.testAddNaN,0.020401948842874544,0.020401948842874544,0.020401948842874544,0.020401948842874544
org.apache.commons.math.complex.ComplexTest.testHashCode,0.020401948842874544,0.020401948842874544,0.020401948842874544,0.020401948842874544
org.apache.commons.math.complex.ComplexTest.testGetArgumentNaN,0.020401948842874544,0.020401948842874544,0.020401948842874544,0.020401948842874544
org.apache.commons.math.complex.ComplexTest.testpowNull,0.020401948842874544,0.020401948842874544,0.020401948842874544,0.020401948842874544
org.apache.commons.math.complex.ComplexTest.testEqualsClass,0.020401948842874544,0.020401948842874544,0.020401948842874544,0.020401948842874544
org.apache.commons.math.complex.ComplexTest.testDivide,0.020401948842874544,0.020401948842874544,0.020401948842874544,0.020401948842874544
org.apache.commons.math.complex.ComplexTest.testLogNaN,0.020401948842874544,0.020401948842874544,0.020401948842874544,0.020401948842874544
org.apache.commons.math.complex.ComplexTest.testAbsInfinite,0.020401948842874544,0.020401948842874544,0.020401948842874544,0.020401948842874544
org.apache.commons.math.complex.ComplexTest.testNthRoot_cornercase_NAN_Inf,0.020401948842874544,0.020401948842874544,0.020401948842874544,0.020401948842874544
org.apache.commons.math.complex.ComplexTest.testCosNaN,0.020401948842874544,0.020401948842874544,0.020401948842874544,0.020401948842874544
org.apache.commons.math.complex.ComplexTest.testEqualsImaginaryDifference,0.020401948842874544,0.020401948842874544,0.020401948842874544,0.020401948842874544
org.apache.commons.math.complex.ComplexTest.testEqualsSame,0.020401948842874544,0.020401948842874544,0.020401948842874544,0.020401948842874544
org.apache.commons.math.complex.ComplexTest.testMath221,0.020401948842874544,0.020401948842874544,0.020401948842874544,0.020401948842874544
org.apache.commons.math.complex.ComplexTest.testSqrtNaN,0.020401948842874544,0.020401948842874544,0.020401948842874544,0.020401948842874544
org.apache.commons.math.complex.ComplexTest.testPowNaNBase,0.020401948842874544,0.020401948842874544,0.020401948842874544,0.020401948842874544
org.apache.commons.math.complex.ComplexTest.testDivideNaNInf,0.020401948842874544,0.020401948842874544,0.020401948842874544,0.020401948842874544
org.apache.commons.math.complex.ComplexTest.testTanNaN,0.020401948842874544,0.020401948842874544,0.020401948842874544,0.020401948842874544
org.apache.commons.math.complex.ComplexTest.testTanhNaN,0.020401948842874544,0.020401948842874544,0.020401948842874544,0.020401948842874544
org.apache.commons.math.complex.ComplexTest.testMultiplyNaN,0.020401948842874544,0.020401948842874544,0.020401948842874544,0.020401948842874544
org.apache.commons.math.complex.ComplexTest.testSinNaN,0.020401948842874544,0.020401948842874544,0.020401948842874544,0.020401948842874544
org.apache.commons.math.util.TransformerMapTest.testContainsClass,0.011266747868453105,0.010200974421437272,0.009135200974421437,0.020401948842874544
org.apache.commons.math.complex.ComplexTest.testDivideImaginary,0.020401948842874544,0.020401948842874544,0.020401948842874544,0.020401948842874544
org.apache.commons.math.util.TransformerMapTest.testContainsTransformer,0.011266747868453105,0.010200974421437272,0.009135200974421437,0.020401948842874544
org.apache.commons.math.complex.ComplexTest.testCoshNaN,0.020401948842874544,0.020401948842874544,0.020401948842874544,0.020401948842874544
org.apache.commons.math.complex.ComplexTest.testSubtractNaN,0.020401948842874544,0.020401948842874544,0.020401948842874544,0.020401948842874544
org.apache.commons.math.analysis.polynomials.PolynomialFunctionTest.testSubtraction,0.013121757705218187,0.01007018614586512,0.007018614586512054,0.02014037229173024
org.apache.commons.math.analysis.polynomials.PolynomialFunctionTest.testMultiplication,0.013121757705218187,0.01007018614586512,0.007018614586512054,0.02014037229173024
org.apache.commons.math.analysis.polynomials.PolynomialFunctionTest.testAddition,0.013121757705218187,0.01007018614586512,0.007018614586512054,0.02014037229173024
org.apache.commons.math.analysis.polynomials.PolynomialFunctionTest.testString,0.013121757705218187,0.01007018614586512,0.007018614586512054,0.02014037229173024
org.apache.commons.math.stat.correlation.PearsonsCorrelationTest.testInsufficientData,0.011269276393831554,0.010029674391331496,0.008790072388831437,0.02005934878266299
org.apache.commons.math.util.ResizableDoubleArrayTest.testAdd1000,0.013972055888223553,0.010017205773211083,0.006062355658198615,0.020034411546422166
org.apache.commons.math.stat.descriptive.MultivariateSummaryStatisticsTest.testEqualsAndHashCode,0.011647972389991372,0.009922346850733392,0.00819672131147541,0.019844693701466784
org.apache.commons.math.stat.descriptive.MultivariateSummaryStatisticsTest.testDimension,0.011647972389991372,0.009922346850733392,0.00819672131147541,0.019844693701466784
org.apache.commons.math.stat.descriptive.MultivariateSummaryStatisticsTest.testN0andN1Conditions,0.011647972389991372,0.009922346850733392,0.00819672131147541,0.019844693701466784
org.apache.commons.math.stat.descriptive.MultivariateSummaryStatisticsTest.testNaNContracts,0.011647972389991372,0.009922346850733392,0.00819672131147541,0.019844693701466784
org.apache.commons.math.stat.descriptive.MultivariateSummaryStatisticsTest.testSetterIllegalState,0.011647972389991372,0.009922346850733392,0.00819672131147541,0.019844693701466784
org.apache.commons.math.stat.descriptive.MultivariateSummaryStatisticsTest.testToString,0.011647972389991372,0.009922346850733392,0.00819672131147541,0.019844693701466784
org.apache.commons.math.analysis.interpolation.BicubicSplineInterpolatingFunctionTest.testParaboloid,0.013975155279503106,0.009814432763426464,0.005653710247349823,0.019628865526852928
org.apache.commons.math.analysis.interpolation.BicubicSplineInterpolatingFunctionTest.testMatchingPartialDerivatives,0.013975155279503106,0.009814432763426464,0.005653710247349823,0.019628865526852928
org.apache.commons.math.analysis.interpolation.BicubicSplineInterpolatingFunctionTest.testPlane,0.013975155279503106,0.009814432763426464,0.005653710247349823,0.019628865526852928
org.apache.commons.math.transform.FastCosineTransformerTest.testParameters,0.009855951478392721,0.009808188693943478,0.009760425909494233,0.019616377387886956
org.apache.commons.math.transform.FastCosineTransformerTest.testSinFunction,0.009855951478392721,0.009808188693943478,0.009760425909494233,0.019616377387886956
org.apache.commons.math.stat.clustering.KMeansPlusPlusClustererTest.testPerformClusterAnalysisDegenerate,0.010033444816053512,0.00650315867707172,0.002787068004459309,0.01950947603121516
org.apache.commons.math.stat.clustering.KMeansPlusPlusClustererTest.dimension2,0.010033444816053512,0.00650315867707172,0.002787068004459309,0.01950947603121516
org.apache.commons.math.distribution.ExponentialDistributionTest.testCumulativeProbability2,0.010962241169305725,0.0097442143727162,0.008526187576126675,0.0194884287454324
org.apache.commons.math.analysis.interpolation.SplineInterpolatorTest.testIllegalArguments,0.012180267965895249,0.0097442143727162,0.007308160779537149,0.0194884287454324
org.apache.commons.math.transform.FastSineTransformerTest.testParameters,0.009760425909494233,0.009618651165512849,0.009476876421531463,0.019237302331025698
org.apache.commons.math.transform.FastSineTransformerTest.testSinFunction,0.009760425909494233,0.009618651165512849,0.009476876421531463,0.019237302331025698
org.apache.commons.math.distribution.GammaDistributionTest.testParameterAccessors,0.010962241169305725,0.009591961023142508,0.008221680876979293,0.019183922046285017
org.apache.commons.math.linear.ArrayRealVectorTest.testMinMax,0.019002375296912115,0.019002375296912115,0.019002375296912115,0.019002375296912115
org.apache.commons.math.linear.ArrayRealVectorTest.testMisc,0.019002375296912115,0.019002375296912115,0.019002375296912115,0.019002375296912115
org.apache.commons.math.optimization.linear.SimplexSolverTest.testUnboundedSolution,0.010026385224274407,0.0063324538258575196,0.004221635883905013,0.01899736147757256
org.apache.commons.math.optimization.linear.SimplexSolverTest.testMath290LEQ,0.010026385224274407,0.0063324538258575196,0.004221635883905013,0.01899736147757256
org.apache.commons.math.optimization.linear.SimplexSolverTest.testInfeasibleSolution,0.010026385224274407,0.0063324538258575196,0.004221635883905013,0.01899736147757256
org.apache.commons.math.distribution.TDistributionTest.testDfAccessors,0.011875761266747869,0.009439707673568819,0.007003654080389768,0.018879415347137638
org.apache.commons.math.distribution.TDistributionTest.testSmallDf,0.011875761266747869,0.009439707673568819,0.007003654080389768,0.018879415347137638
org.apache.commons.math.distribution.ExponentialDistributionTest.testMeanAccessors,0.010962241169305725,0.009135200974421437,0.007308160779537149,0.018270401948842874
org.apache.commons.math.optimization.general.LevenbergMarquardtOptimizerTest.testMath199,0.01824817518248175,0.01824817518248175,0.01824817518248175,0.01824817518248175
org.apache.commons.math.optimization.general.LevenbergMarquardtOptimizerTest.testMoreEstimatedParametersSimple,0.01824817518248175,0.01824817518248175,0.01824817518248175,0.01824817518248175
org.apache.commons.math.optimization.general.LevenbergMarquardtOptimizerTest.testInconsistentEquations,0.01824817518248175,0.01824817518248175,0.01824817518248175,0.01824817518248175
org.apache.commons.math.distribution.NormalDistributionTest.testQuantiles,0.011352578657152125,0.009082062925721699,0.006811547194291274,0.018164125851443398
org.apache.commons.math.distribution.NormalDistributionTest.testGetMean,0.011352578657152125,0.009082062925721699,0.006811547194291274,0.018164125851443398
org.apache.commons.math.distribution.NormalDistributionTest.testGetStandardDeviation,0.011352578657152125,0.009082062925721699,0.006811547194291274,0.018164125851443398
org.apache.commons.math.stat.descriptive.ListUnivariateImplTest.testSkewAndKurtosis,0.017982322462663822,0.017982322462663822,0.017982322462663822,0.017982322462663822
org.apache.commons.math.stat.descriptive.DescriptiveStatisticsTest.test20090720,0.017982322462663822,0.017982322462663822,0.017982322462663822,0.017982322462663822
org.apache.commons.math.stat.inference.TestUtilsTest.testPaired,0.017965895249695493,0.017965895249695493,0.017965895249695493,0.017965895249695493
org.apache.commons.math.stat.inference.TestUtilsTest.testChiSquare,0.017965895249695493,0.017965895249695493,0.017965895249695493,0.017965895249695493
org.apache.commons.math.stat.inference.TestUtilsTest.testChiSquareIndependence,0.017965895249695493,0.017965895249695493,0.017965895249695493,0.017965895249695493
org.apache.commons.math.stat.inference.TestUtilsTest.testChiSquareZeroCount,0.017965895249695493,0.017965895249695493,0.017965895249695493,0.017965895249695493
org.apache.commons.math.stat.inference.TestUtilsTest.testSmallSamples,0.017965895249695493,0.017965895249695493,0.017965895249695493,0.017965895249695493
org.apache.commons.math.util.ResizableDoubleArrayTest.testEqualsAndHashCode,0.013972055888223553,0.008982035928143712,0.003992015968063872,0.017964071856287425
org.apache.commons.math.stat.regression.GLSMultipleLinearRegressionTest.notEnoughData,0.010719071013845467,0.008932559178204555,0.007146047342563644,0.01786511835640911
org.apache.commons.math.stat.regression.GLSMultipleLinearRegressionTest.cannotAddXSampleData,0.010719071013845467,0.008932559178204555,0.007146047342563644,0.01786511835640911
org.apache.commons.math.stat.regression.GLSMultipleLinearRegressionTest.cannotAddCovarianceDataThatIsNotSquare,0.010719071013845467,0.008932559178204555,0.007146047342563644,0.01786511835640911
org.apache.commons.math.stat.regression.GLSMultipleLinearRegressionTest.cannotAddNullYSampleData,0.010719071013845467,0.008932559178204555,0.007146047342563644,0.01786511835640911
org.apache.commons.math.stat.regression.GLSMultipleLinearRegressionTest.cannotAddNullCovarianceData,0.010719071013845467,0.008932559178204555,0.007146047342563644,0.01786511835640911
org.apache.commons.math.stat.regression.GLSMultipleLinearRegressionTest.cannotAddCovarianceDataWithSampleSizeMismatch,0.010719071013845467,0.008932559178204555,0.007146047342563644,0.01786511835640911
org.apache.commons.math.stat.regression.GLSMultipleLinearRegressionTest.cannotAddSampleDataWithSizeMismatch,0.010719071013845467,0.008932559178204555,0.007146047342563644,0.01786511835640911
org.apache.commons.math.analysis.interpolation.SmoothingPolynomialBicubicSplineInterpolatorTest.testPlane,0.008821170809943865,0.00586015703980183,0.003105590062111801,0.01758047111940549
org.apache.commons.math.analysis.interpolation.SmoothingPolynomialBicubicSplineInterpolatorTest.testParaboloid,0.008821170809943865,0.00586015703980183,0.003105590062111801,0.01758047111940549
org.apache.commons.math.stat.correlation.SpearmansRankCorrelationTest.testInsufficientData,0.011269276393831554,0.008775700447058552,0.006282124500285551,0.017551400894117105
org.apache.commons.math.MathExceptionTest.testConstructorCause,0.017356881851400732,0.017356881851400732,0.017356881851400732,0.017356881851400732
org.apache.commons.math.MathExceptionTest.testConstructor,0.017356881851400732,0.017356881851400732,0.017356881851400732,0.017356881851400732
org.apache.commons.math.distribution.FDistributionTest.testDfAccessors,0.010353227771010963,0.008678440925700366,0.007003654080389768,0.017356881851400732
org.apache.commons.math.stat.correlation.CovarianceTest.testInsufficientData,0.009501187648456057,0.008606634955333427,0.007712082262210797,0.017213269910666854
org.apache.commons.math.stat.inference.ChiSquareTestTest.testChiSquareLargeTestStatistic,0.013587835651892591,0.008606241627798893,0.003624647603705195,0.017212483255597787
org.apache.commons.math.ode.nonstiff.GillIntegratorTest.testStepSize,0.009531071292413268,0.008577964163171942,0.007624857033930614,0.017155928326343883
org.apache.commons.math.ode.nonstiff.DormandPrince853StepInterpolatorTest.checklone,0.009149828440716736,0.00857796416317194,0.008006099885627144,0.01715592832634388
org.apache.commons.math.ode.nonstiff.DormandPrince54StepInterpolatorTest.checkClone,0.009149828440716736,0.00857796416317194,0.008006099885627144,0.01715592832634388
org.apache.commons.math.ode.nonstiff.HighamHall54StepInterpolatorTest.checkClone,0.009149828440716736,0.00857796416317194,0.008006099885627144,0.01715592832634388
org.apache.commons.math.analysis.interpolation.DividedDifferenceInterpolatorTest.testParameters,0.007429420505200594,0.005688623330845837,0.002328288707799767,0.01706586999253751
org.apache.commons.math.analysis.interpolation.BicubicSplineInterpolatorTest.testParaboloid,0.00801924619085806,0.0055928488334398944,0.003105590062111801,0.016778546500319683
org.apache.commons.math.analysis.interpolation.BicubicSplineInterpolatorTest.testPlane,0.00801924619085806,0.0055928488334398944,0.003105590062111801,0.016778546500319683
org.apache.commons.math.ode.nonstiff.EulerIntegratorTest.testStepSize,0.009531071292413268,0.008387342737323675,0.0072436141822340835,0.01677468547464735
org.apache.commons.math.ode.nonstiff.ThreeEighthesIntegratorTest.testStepSize,0.009531071292413268,0.008387342737323675,0.0072436141822340835,0.01677468547464735
org.apache.commons.math.ode.nonstiff.MidpointIntegratorTest.testStepSize,0.009531071292413268,0.008387342737323675,0.0072436141822340835,0.01677468547464735
org.apache.commons.math.ode.nonstiff.ClassicalRungeKuttaIntegratorTest.testStepSize,0.009531071292413268,0.008387342737323675,0.0072436141822340835,0.01677468547464735
org.apache.commons.math.genetics.OnePointCrossoverTest.testCrossover,0.00535077288941736,0.004153699355238041,0.002972651605231867,0.016614797420952163
org.apache.commons.math.fraction.FractionTest.testEqualsAndHashCode,0.01658255227108868,0.01658255227108868,0.01658255227108868,0.01658255227108868
org.apache.commons.math.fraction.FractionTest.testReciprocal,0.01658255227108868,0.01658255227108868,0.01658255227108868,0.01658255227108868
org.apache.commons.math.fraction.FractionTest.testGetReducedFraction,0.01658255227108868,0.01658255227108868,0.01658255227108868,0.01658255227108868
org.apache.commons.math.fraction.FractionTest.testIntValue,0.01658255227108868,0.01658255227108868,0.01658255227108868,0.01658255227108868
org.apache.commons.math.fraction.FractionTest.testLongValue,0.01658255227108868,0.01658255227108868,0.01658255227108868,0.01658255227108868
org.apache.commons.math.fraction.FractionTest.testCompareTo,0.01658255227108868,0.01658255227108868,0.01658255227108868,0.01658255227108868
org.apache.commons.math.fraction.FractionTest.testDoubleValue,0.01658255227108868,0.01658255227108868,0.01658255227108868,0.01658255227108868
org.apache.commons.math.fraction.FractionTest.testNegate,0.01658255227108868,0.01658255227108868,0.01658255227108868,0.01658255227108868
org.apache.commons.math.fraction.FractionTest.testToString,0.01658255227108868,0.01658255227108868,0.01658255227108868,0.01658255227108868
org.apache.commons.math.fraction.FractionTest.testFloatValue,0.01658255227108868,0.01658255227108868,0.01658255227108868,0.01658255227108868
org.apache.commons.math.stat.StatUtilsTest.testDifferenceStats,0.016443361753958587,0.016443361753958587,0.016443361753958587,0.016443361753958587
org.apache.commons.math.stat.StatUtilsTest.testStats,0.016443361753958587,0.016443361753958587,0.016443361753958587,0.016443361753958587
org.apache.commons.math.stat.StatUtilsTest.testArrayIndexConditions,0.016443361753958587,0.016443361753958587,0.016443361753958587,0.016443361753958587
org.apache.commons.math.stat.StatUtilsTest.testN0andN1Conditions,0.016443361753958587,0.016443361753958587,0.016443361753958587,0.016443361753958587
org.apache.commons.math.ode.nonstiff.DormandPrince853IntegratorTest.testNullIntervalCheck,0.009149828440716736,0.00819672131147541,0.0072436141822340835,0.01639344262295082
org.apache.commons.math.ode.nonstiff.DormandPrince54IntegratorTest.testDimensionCheck,0.009149828440716736,0.00819672131147541,0.0072436141822340835,0.01639344262295082
org.apache.commons.math.ode.nonstiff.DormandPrince853IntegratorTest.testDimensionCheck,0.009149828440716736,0.00819672131147541,0.0072436141822340835,0.01639344262295082
org.apache.commons.math.analysis.solvers.UnivariateRealSolverUtilsTest.testBracketEndpointRoot,0.014007308160779537,0.008167798434289652,0.002328288707799767,0.016335596868579303
org.apache.commons.math.analysis.solvers.UnivariateRealSolverUtilsTest.testBracketSin,0.014007308160779537,0.008167798434289652,0.002328288707799767,0.016335596868579303
org.apache.commons.math.linear.SparseFieldMatrixTest.testDimensions,0.010072747621712367,0.00810728391694217,0.006141820212171971,0.01621456783388434
org.apache.commons.math.linear.SparseFieldMatrixTest.testAddFail,0.010072747621712367,0.00810728391694217,0.006141820212171971,0.01621456783388434
org.apache.commons.math.linear.SparseFieldMatrixTest.testEqualsAndHashCode,0.010072747621712367,0.00810728391694217,0.006141820212171971,0.01621456783388434
org.apache.commons.math.linear.SparseFieldMatrixTest.testCopyFunctions,0.010072747621712367,0.00810728391694217,0.006141820212171971,0.01621456783388434
org.apache.commons.math.distribution.HypergeometricDistributionTest.testDegenerateFullSample,0.009439707673568819,0.008069427527405602,0.006699147381242387,0.016138855054811205
org.apache.commons.math.distribution.HypergeometricDistributionTest.testDegenerateNoFailures,0.009439707673568819,0.008069427527405602,0.006699147381242387,0.016138855054811205
org.apache.commons.math.distribution.HypergeometricDistributionTest.testDegenerateNoSuccesses,0.009439707673568819,0.008069427527405602,0.006699147381242387,0.016138855054811205
org.apache.commons.math.optimization.general.MinpackTest.testMinpackFreudensteinRoth,0.0160857908847185,0.0160857908847185,0.0160857908847185,0.0160857908847185
org.apache.commons.math.optimization.general.MinpackTest.testMinpackPowellSingular,0.0160857908847185,0.0160857908847185,0.0160857908847185,0.0160857908847185
org.apache.commons.math.optimization.general.MinpackTest.testMinpackLinearFullRank,0.0160857908847185,0.0160857908847185,0.0160857908847185,0.0160857908847185
org.apache.commons.math.optimization.general.MinpackTest.testMinpackOsborne2,0.0160857908847185,0.0160857908847185,0.0160857908847185,0.0160857908847185
org.apache.commons.math.optimization.general.MinpackTest.testMinpackBard,0.0160857908847185,0.0160857908847185,0.0160857908847185,0.0160857908847185
org.apache.commons.math.optimization.general.MinpackTest.testMinpackBox3Dimensional,0.0160857908847185,0.0160857908847185,0.0160857908847185,0.0160857908847185
org.apache.commons.math.optimization.general.MinpackTest.testMinpackWatson,0.0160857908847185,0.0160857908847185,0.0160857908847185,0.0160857908847185
org.apache.commons.math.optimization.general.MinpackTest.testMinpackLinearRank1,0.0160857908847185,0.0160857908847185,0.0160857908847185,0.0160857908847185
org.apache.commons.math.optimization.general.MinpackTest.testMinpackJennrichSampson,0.0160857908847185,0.0160857908847185,0.0160857908847185,0.0160857908847185
org.apache.commons.math.optimization.general.MinpackTest.testMinpackBrownAlmostLinear,0.0160857908847185,0.0160857908847185,0.0160857908847185,0.0160857908847185
org.apache.commons.math.optimization.general.MinpackTest.testMinpackHelicalValley,0.0160857908847185,0.0160857908847185,0.0160857908847185,0.0160857908847185
org.apache.commons.math.optimization.general.MinpackTest.testMinpackOsborne1,0.0160857908847185,0.0160857908847185,0.0160857908847185,0.0160857908847185
org.apache.commons.math.optimization.general.MinpackTest.testMinpackMeyer,0.0160857908847185,0.0160857908847185,0.0160857908847185,0.0160857908847185
org.apache.commons.math.optimization.general.MinpackTest.testMinpackBrownDennis,0.0160857908847185,0.0160857908847185,0.0160857908847185,0.0160857908847185
org.apache.commons.math.optimization.general.MinpackTest.testMinpackChebyquad,0.0160857908847185,0.0160857908847185,0.0160857908847185,0.0160857908847185
org.apache.commons.math.optimization.general.MinpackTest.testMinpackKowalikOsborne,0.0160857908847185,0.0160857908847185,0.0160857908847185,0.0160857908847185
org.apache.commons.math.optimization.general.MinpackTest.testMinpackLinearRank1ZeroColsAndRows,0.0160857908847185,0.0160857908847185,0.0160857908847185,0.0160857908847185
org.apache.commons.math.util.OpenIntToDoubleHashMapTest.testRemove,0.012159533073929961,0.008025291828793774,0.0038910505836575876,0.016050583657587547
org.apache.commons.math.util.OpenIntToDoubleHashMapTest.testRemove2,0.012159533073929961,0.008025291828793774,0.0038910505836575876,0.016050583657587547
org.apache.commons.math.util.OpenIntToDoubleHashMapTest.testConcurrentModification,0.012159533073929961,0.008025291828793774,0.0038910505836575876,0.016050583657587547
org.apache.commons.math.util.OpenIntToDoubleHashMapTest.testPutAndGet,0.012159533073929961,0.008025291828793774,0.0038910505836575876,0.016050583657587547
org.apache.commons.math.util.OpenIntToDoubleHashMapTest.testGetAbsent,0.012159533073929961,0.008025291828793774,0.0038910505836575876,0.016050583657587547
org.apache.commons.math.util.OpenIntToDoubleHashMapTest.testContainsKey,0.012159533073929961,0.008025291828793774,0.0038910505836575876,0.016050583657587547
org.apache.commons.math.util.OpenIntToDoubleHashMapTest.testRemoveAbsent,0.012159533073929961,0.008025291828793774,0.0038910505836575876,0.016050583657587547
org.apache.commons.math.util.OpenIntToDoubleHashMapTest.testPutAndGetWith0ExpectedSize,0.012159533073929961,0.008025291828793774,0.0038910505836575876,0.016050583657587547
org.apache.commons.math.util.OpenIntToDoubleHashMapTest.testIterator,0.012159533073929961,0.008025291828793774,0.0038910505836575876,0.016050583657587547
org.apache.commons.math.util.OpenIntToDoubleHashMapTest.testPutAndGetWithExpectedSize,0.012159533073929961,0.008025291828793774,0.0038910505836575876,0.016050583657587547
org.apache.commons.math.genetics.TournamentSelectionTest.testSelect,0.0047562425683709865,0.0039970538828898745,0.003535130357931949,0.015988215531559498
org.apache.commons.math.analysis.polynomials.PolynomialsUtilsTest.testFirstChebyshevPolynomials,0.008175779253960144,0.00792028615227389,0.007664793050587634,0.01584057230454778
org.apache.commons.math.analysis.polynomials.PolynomialsUtilsTest.testFirstHermitePolynomials,0.008175779253960144,0.00792028615227389,0.007664793050587634,0.01584057230454778
org.apache.commons.math.analysis.polynomials.PolynomialsUtilsTest.testFirstLaguerrePolynomials,0.008175779253960144,0.00792028615227389,0.007664793050587634,0.01584057230454778
org.apache.commons.math.analysis.polynomials.PolynomialsUtilsTest.testFirstLegendrePolynomials,0.008175779253960144,0.00792028615227389,0.007664793050587634,0.01584057230454778
org.apache.commons.math.stat.descriptive.moment.KurtosisTest.testNaN,0.015834348355663823,0.015834348355663823,0.015834348355663823,0.015834348355663823
org.apache.commons.math.distribution.BinomialDistributionTest.testDegenerate1,0.009135200974421437,0.007917174177831911,0.006699147381242387,0.015834348355663823
org.apache.commons.math.distribution.BinomialDistributionTest.testDegenerate0,0.009135200974421437,0.007917174177831911,0.006699147381242387,0.015834348355663823
org.apache.commons.math.linear.FieldMatrixImplTest.testToString,0.010095011876484561,0.007776763580163678,0.0054585152838427945,0.015553527160327357
org.apache.commons.math.analysis.polynomials.PolynomialFunctionTest.testConstants,0.013121757705218187,0.007725023206508978,0.002328288707799767,0.015450046413017955
org.apache.commons.math.analysis.polynomials.PolynomialFunctionTest.testfirstDerivativeComparison,0.013121757705218187,0.007725023206508978,0.002328288707799767,0.015450046413017955
org.apache.commons.math.analysis.polynomials.PolynomialFunctionTest.testLinear,0.013121757705218187,0.007725023206508978,0.002328288707799767,0.015450046413017955
org.apache.commons.math.analysis.polynomials.PolynomialFunctionTest.testMath341,0.013121757705218187,0.007725023206508978,0.002328288707799767,0.015450046413017955
org.apache.commons.math.fraction.BigFractionTest.testReciprocal,0.015335801163405606,0.015335801163405606,0.015335801163405606,0.015335801163405606
org.apache.commons.math.fraction.BigFractionTest.testLongValue,0.015335801163405606,0.015335801163405606,0.015335801163405606,0.015335801163405606
org.apache.commons.math.fraction.BigFractionTest.testNegate,0.015335801163405606,0.015335801163405606,0.015335801163405606,0.015335801163405606
org.apache.commons.math.fraction.BigFractionTest.testPow,0.015335801163405606,0.015335801163405606,0.015335801163405606,0.015335801163405606
org.apache.commons.math.fraction.BigFractionTest.testBigDecimalValue,0.015335801163405606,0.015335801163405606,0.015335801163405606,0.015335801163405606
org.apache.commons.math.fraction.BigFractionTest.testMath340,0.015335801163405606,0.015335801163405606,0.015335801163405606,0.015335801163405606
org.apache.commons.math.fraction.BigFractionTest.testCompareTo,0.015335801163405606,0.015335801163405606,0.015335801163405606,0.015335801163405606
org.apache.commons.math.fraction.BigFractionTest.testFloatValue,0.015335801163405606,0.015335801163405606,0.015335801163405606,0.015335801163405606
org.apache.commons.math.fraction.BigFractionTest.testEqualsAndHashCode,0.015335801163405606,0.015335801163405606,0.015335801163405606,0.015335801163405606
org.apache.commons.math.fraction.BigFractionTest.testDoubleValue,0.015335801163405606,0.015335801163405606,0.015335801163405606,0.015335801163405606
org.apache.commons.math.fraction.BigFractionTest.testIntValue,0.015335801163405606,0.015335801163405606,0.015335801163405606,0.015335801163405606
org.apache.commons.math.fraction.BigFractionTest.testGetReducedFraction,0.015335801163405606,0.015335801163405606,0.015335801163405606,0.015335801163405606
org.apache.commons.math.analysis.interpolation.TricubicSplineInterpolatorTest.testWave,0.006430868167202572,0.005091103965702036,0.0040192926045016075,0.01527331189710611
org.apache.commons.math.analysis.interpolation.TricubicSplineInterpolatorTest.testPlane,0.006430868167202572,0.005091103965702036,0.0040192926045016075,0.01527331189710611
org.apache.commons.math.stat.descriptive.rank.PercentileTest.testSetQuantile,0.015225334957369063,0.015225334957369063,0.015225334957369063,0.015225334957369063
org.apache.commons.math.stat.descriptive.rank.PercentileTest.testHighPercentile,0.015225334957369063,0.015225334957369063,0.015225334957369063,0.015225334957369063
org.apache.commons.math.stat.descriptive.rank.PercentileTest.testPercentile,0.015225334957369063,0.015225334957369063,0.015225334957369063,0.015225334957369063
org.apache.commons.math.stat.descriptive.rank.PercentileTest.testSingleton,0.015225334957369063,0.015225334957369063,0.015225334957369063,0.015225334957369063
org.apache.commons.math.stat.descriptive.rank.PercentileTest.testNullEmpty,0.015225334957369063,0.015225334957369063,0.015225334957369063,0.015225334957369063
org.apache.commons.math.stat.descriptive.rank.PercentileTest.testNISTExample,0.015225334957369063,0.015225334957369063,0.015225334957369063,0.015225334957369063
org.apache.commons.math.stat.descriptive.rank.PercentileTest.testSpecialValues,0.015225334957369063,0.015225334957369063,0.015225334957369063,0.015225334957369063
org.apache.commons.math.stat.descriptive.moment.VectorialCovarianceTest.testMismatch,0.008490930142802007,0.007519733176177583,0.0065485362095531584,0.015039466352355165
org.apache.commons.math.stat.descriptive.summary.SumTest.testSpecialValues,0.01492082825822168,0.01492082825822168,0.01492082825822168,0.01492082825822168
org.apache.commons.math.stat.descriptive.moment.GeometricMeanTest.testSpecialValues,0.01492082825822168,0.01492082825822168,0.01492082825822168,0.01492082825822168
org.apache.commons.math.ode.nonstiff.GillIntegratorTest.testDimensionCheck,0.007624857033930614,0.007434235608082349,0.0072436141822340835,0.014868471216164698
org.apache.commons.math.analysis.interpolation.NevilleInterpolatorTest.testParameters,0.007308160779537149,0.004945681280325778,0.002328288707799767,0.014837043840977334
org.apache.commons.math.analysis.interpolation.LinearInterpolatorTest.testIllegalArguments,0.007468879668049793,0.007388520223793471,0.007308160779537149,0.014777040447586941
org.apache.commons.math.ode.nonstiff.ThreeEighthesIntegratorTest.testDimensionCheck,0.0072436141822340835,0.0072436141822340835,0.0072436141822340835,0.014487228364468167
org.apache.commons.math.ode.nonstiff.ClassicalRungeKuttaIntegratorTest.testSanityChecks,0.0072436141822340835,0.0072436141822340835,0.0072436141822340835,0.014487228364468167
org.apache.commons.math.ode.nonstiff.MidpointIntegratorTest.testDimensionCheck,0.0072436141822340835,0.0072436141822340835,0.0072436141822340835,0.014487228364468167
org.apache.commons.math.ode.nonstiff.EulerIntegratorTest.testDimensionCheck,0.0072436141822340835,0.0072436141822340835,0.0072436141822340835,0.014487228364468167
org.apache.commons.math.analysis.interpolation.LoessInterpolatorTest.testNonStrictlyIncreasing2,0.01436265709156194,0.01436265709156194,0.01436265709156194,0.01436265709156194
org.apache.commons.math.analysis.interpolation.LoessInterpolatorTest.testOnOnePoint,0.01436265709156194,0.01436265709156194,0.01436265709156194,0.01436265709156194
org.apache.commons.math.analysis.interpolation.LoessInterpolatorTest.testNotAllFiniteReal6,0.01436265709156194,0.01436265709156194,0.01436265709156194,0.01436265709156194
org.apache.commons.math.analysis.interpolation.LoessInterpolatorTest.testMath296withoutWeights,0.01436265709156194,0.01436265709156194,0.01436265709156194,0.01436265709156194
org.apache.commons.math.analysis.interpolation.LoessInterpolatorTest.testNotAllFiniteReal1,0.01436265709156194,0.01436265709156194,0.01436265709156194,0.01436265709156194
org.apache.commons.math.analysis.interpolation.LoessInterpolatorTest.testNonStrictlyIncreasing1,0.01436265709156194,0.01436265709156194,0.01436265709156194,0.01436265709156194
org.apache.commons.math.analysis.interpolation.LoessInterpolatorTest.testCompletelyIncorrectBandwidth1,0.01436265709156194,0.01436265709156194,0.01436265709156194,0.01436265709156194
org.apache.commons.math.analysis.interpolation.LoessInterpolatorTest.testEmptyData,0.01436265709156194,0.01436265709156194,0.01436265709156194,0.01436265709156194
org.apache.commons.math.analysis.interpolation.LoessInterpolatorTest.testOnStraightLine,0.01436265709156194,0.01436265709156194,0.01436265709156194,0.01436265709156194
org.apache.commons.math.analysis.interpolation.LoessInterpolatorTest.testNotAllFiniteReal3,0.01436265709156194,0.01436265709156194,0.01436265709156194,0.01436265709156194
org.apache.commons.math.analysis.interpolation.LoessInterpolatorTest.testInsufficientBandwidth,0.01436265709156194,0.01436265709156194,0.01436265709156194,0.01436265709156194
org.apache.commons.math.analysis.interpolation.LoessInterpolatorTest.testNotAllFiniteReal5,0.01436265709156194,0.01436265709156194,0.01436265709156194,0.01436265709156194
org.apache.commons.math.analysis.interpolation.LoessInterpolatorTest.testCompletelyIncorrectBandwidth2,0.01436265709156194,0.01436265709156194,0.01436265709156194,0.01436265709156194
org.apache.commons.math.analysis.interpolation.LoessInterpolatorTest.testOnTwoPoints,0.01436265709156194,0.01436265709156194,0.01436265709156194,0.01436265709156194
org.apache.commons.math.analysis.interpolation.LoessInterpolatorTest.testNotAllFiniteReal4,0.01436265709156194,0.01436265709156194,0.01436265709156194,0.01436265709156194
org.apache.commons.math.analysis.interpolation.LoessInterpolatorTest.testNotAllFiniteReal2,0.01436265709156194,0.01436265709156194,0.01436265709156194,0.01436265709156194
org.apache.commons.math.analysis.interpolation.LoessInterpolatorTest.testUnequalSizeArguments,0.01436265709156194,0.01436265709156194,0.01436265709156194,0.01436265709156194
org.apache.commons.math.stat.descriptive.DescriptiveStatisticsTest.testRemoval,0.014324900944833891,0.014324900944833891,0.014324900944833891,0.014324900944833891
org.apache.commons.math.special.GammaTest.testDigammaLargeArgs,0.014311814859926919,0.014311814859926919,0.014311814859926919,0.014311814859926919
org.apache.commons.math.special.GammaTest.testTrigamma,0.014311814859926919,0.014311814859926919,0.014311814859926919,0.014311814859926919
org.apache.commons.math.analysis.solvers.UnivariateRealSolverUtilsTest.testSolveNull,0.014007308160779537,0.014007308160779537,0.014007308160779537,0.014007308160779537
org.apache.commons.math.stat.descriptive.moment.SkewnessTest.testNaN,0.014007308160779537,0.014007308160779537,0.014007308160779537,0.014007308160779537
org.apache.commons.math.analysis.solvers.UnivariateRealSolverUtilsTest.testSolveSin,0.014007308160779537,0.014007308160779537,0.014007308160779537,0.014007308160779537
org.apache.commons.math.analysis.solvers.UnivariateRealSolverUtilsTest.testSolveAccuracySin,0.014007308160779537,0.014007308160779537,0.014007308160779537,0.014007308160779537
org.apache.commons.math.analysis.solvers.UnivariateRealSolverUtilsTest.testSolveNoRoot,0.014007308160779537,0.014007308160779537,0.014007308160779537,0.014007308160779537
org.apache.commons.math.analysis.solvers.UnivariateRealSolverUtilsTest.testSolveAccuracyNull,0.014007308160779537,0.014007308160779537,0.014007308160779537,0.014007308160779537
org.apache.commons.math.analysis.interpolation.BicubicSplineInterpolatingFunctionTest.testPreconditions,0.013975155279503106,0.013975155279503106,0.013975155279503106,0.013975155279503106
org.apache.commons.math.util.ResizableDoubleArrayTest.testMutators,0.013972055888223553,0.013972055888223553,0.013972055888223553,0.013972055888223553
org.apache.commons.math.util.ResizableDoubleArrayTest.testConstructors,0.013972055888223553,0.013972055888223553,0.013972055888223553,0.013972055888223553
org.apache.commons.math.stat.descriptive.moment.VectorialMeanTest.testMismatch,0.008490930142802007,0.006941921157687598,0.00539291217257319,0.013883842315375197
org.apache.commons.math.stat.descriptive.moment.MeanTest.testSmallSamples,0.013702801461632157,0.013702801461632157,0.013702801461632157,0.013702801461632157
org.apache.commons.math.stat.descriptive.summary.ProductTest.testSpecialValues,0.013702801461632157,0.013702801461632157,0.013702801461632157,0.013702801461632157
org.apache.commons.math.distribution.PoissonDistributionTest.testCumulativeProbabilitySpecial,0.008906305664410403,0.006768792304951907,0.004631278945493409,0.013537584609903813
org.apache.commons.math.linear.SparseFieldVectorTest.testMisc,0.01340033500837521,0.01340033500837521,0.01340033500837521,0.01340033500837521
org.apache.commons.math.util.OpenIntToFieldTest.testPutAndGet,0.009939260077305357,0.006633523549467986,0.0033277870216306157,0.013267047098935973
org.apache.commons.math.util.OpenIntToFieldTest.testPutAndGetWith0ExpectedSize,0.009939260077305357,0.006633523549467986,0.0033277870216306157,0.013267047098935973
org.apache.commons.math.util.OpenIntToFieldTest.testIterator,0.009939260077305357,0.006633523549467986,0.0033277870216306157,0.013267047098935973
org.apache.commons.math.util.OpenIntToFieldTest.testPutAbsentOnExisting,0.009939260077305357,0.006633523549467986,0.0033277870216306157,0.013267047098935973
org.apache.commons.math.util.OpenIntToFieldTest.testCopy,0.009939260077305357,0.006633523549467986,0.0033277870216306157,0.013267047098935973
org.apache.commons.math.util.OpenIntToFieldTest.testPutAndGetWithExpectedSize,0.009939260077305357,0.006633523549467986,0.0033277870216306157,0.013267047098935973
org.apache.commons.math.util.OpenIntToFieldTest.testContainsKey,0.009939260077305357,0.006633523549467986,0.0033277870216306157,0.013267047098935973
org.apache.commons.math.util.OpenIntToFieldTest.testPutOnExisting,0.009939260077305357,0.006633523549467986,0.0033277870216306157,0.013267047098935973
org.apache.commons.math.analysis.polynomials.PolynomialFunctionTest.testQuadratic,0.013121757705218187,0.013121757705218187,0.013121757705218187,0.013121757705218187
org.apache.commons.math.analysis.polynomials.PolynomialFunctionTest.testQuintic,0.013121757705218187,0.013121757705218187,0.013121757705218187,0.013121757705218187
org.apache.commons.math.stat.descriptive.rank.MaxTest.testSpecialValues,0.013093788063337393,0.013093788063337393,0.013093788063337393,0.013093788063337393
org.apache.commons.math.stat.descriptive.rank.MaxTest.testNaNs,0.013093788063337393,0.013093788063337393,0.013093788063337393,0.013093788063337393
org.apache.commons.math.linear.ArrayFieldVectorTest.testMisc,0.013064133016627079,0.013064133016627079,0.013064133016627079,0.013064133016627079
org.apache.commons.math.distribution.CauchyDistributionTest.testMedian,0.007575757575757576,0.006493506493506494,0.005411255411255411,0.012987012987012988
org.apache.commons.math.distribution.CauchyDistributionTest.testScale,0.007575757575757576,0.006493506493506494,0.005411255411255411,0.012987012987012988
org.apache.commons.math.stat.descriptive.MixedListUnivariateImplTest.testProductAndGeometricMean,0.012979521199884627,0.012979521199884627,0.012979521199884627,0.012979521199884627
org.apache.commons.math.stat.descriptive.MixedListUnivariateImplTest.testSkewAndKurtosis,0.012979521199884627,0.012979521199884627,0.012979521199884627,0.012979521199884627
org.apache.commons.math.stat.descriptive.ListUnivariateImplTest.testProductAndGeometricMean,0.012979521199884627,0.012979521199884627,0.012979521199884627,0.012979521199884627
org.apache.commons.math.ode.FirstOrderConverterTest.testDoubleDimension,0.006481128478841022,0.006481128478841022,0.006481128478841022,0.012962256957682043
org.apache.commons.math.stat.descriptive.rank.MinTest.testNaNs,0.012789281364190013,0.012789281364190013,0.012789281364190013,0.012789281364190013
org.apache.commons.math.stat.descriptive.rank.MinTest.testSpecialValues,0.012789281364190013,0.012789281364190013,0.012789281364190013,0.012789281364190013
org.apache.commons.math.stat.descriptive.moment.StandardDeviationTest.testNaN,0.012789281364190013,0.012789281364190013,0.012789281364190013,0.012789281364190013
org.apache.commons.math.stat.descriptive.moment.VarianceTest.testNaN,0.012789281364190013,0.012789281364190013,0.012789281364190013,0.012789281364190013
org.apache.commons.math.stat.descriptive.summary.SumLogTest.testSpecialValues,0.012484774665042631,0.012484774665042631,0.012484774665042631,0.012484774665042631
org.apache.commons.math.linear.BlockFieldMatrixTest.testDimensions,0.012455516014234875,0.012455516014234875,0.012455516014234875,0.012455516014234875
org.apache.commons.math.linear.BlockFieldMatrixTest.testAddFail,0.012455516014234875,0.012455516014234875,0.012455516014234875,0.012455516014234875
org.apache.commons.math.linear.BlockFieldMatrixTest.testEqualsAndHashCode,0.012455516014234875,0.012455516014234875,0.012455516014234875,0.012455516014234875
org.apache.commons.math.linear.BlockFieldMatrixTest.testToString,0.012455516014234875,0.012455516014234875,0.012455516014234875,0.012455516014234875
org.apache.commons.math.util.OpenIntToDoubleHashMapTest.testRemoveFromEmpty,0.012159533073929961,0.012159533073929961,0.012159533073929961,0.012159533073929961
org.apache.commons.math.util.OpenIntToDoubleHashMapTest.testGetFromEmpty,0.012159533073929961,0.012159533073929961,0.012159533073929961,0.012159533073929961
org.apache.commons.math.analysis.interpolation.SmoothingPolynomialBicubicSplineInterpolatorTest.testPreconditions,0.008821170809943865,0.005963380436027833,0.003105590062111801,0.011926760872055665
org.apache.commons.math.genetics.BinaryMutationTest.testMutate,0.00535077288941736,0.00396353547364249,0.002972651605231867,0.011890606420927468
org.apache.commons.math.distribution.TDistributionTest.testInverseCumulativeProbabilityExtremes,0.011875761266747869,0.011875761266747869,0.011875761266747869,0.011875761266747869
org.apache.commons.math.stat.descriptive.summary.SumSqTest.testSpecialValues,0.011875761266747869,0.011875761266747869,0.011875761266747869,0.011875761266747869
org.apache.commons.math.stat.regression.SimpleRegressionTest.testCorr,0.011526370939573873,0.011526370939573873,0.011526370939573873,0.011526370939573873
org.apache.commons.math.stat.regression.SimpleRegressionTest.testRemoveMultiplePastEmpty,0.011526370939573873,0.011526370939573873,0.011526370939573873,0.011526370939573873
org.apache.commons.math.stat.regression.SimpleRegressionTest.testRemoveObsFromSingle,0.011526370939573873,0.011526370939573873,0.011526370939573873,0.011526370939573873
org.apache.commons.math.stat.regression.SimpleRegressionTest.testPerfectNegative,0.011526370939573873,0.011526370939573873,0.011526370939573873,0.011526370939573873
org.apache.commons.math.stat.regression.SimpleRegressionTest.testRandom,0.011526370939573873,0.011526370939573873,0.011526370939573873,0.011526370939573873
org.apache.commons.math.stat.regression.SimpleRegressionTest.testPerfect,0.011526370939573873,0.011526370939573873,0.011526370939573873,0.011526370939573873
org.apache.commons.math.stat.regression.SimpleRegressionTest.testSSENonNegative,0.011526370939573873,0.011526370939573873,0.011526370939573873,0.011526370939573873
org.apache.commons.math.stat.regression.SimpleRegressionTest.testRemoveSingle,0.011526370939573873,0.011526370939573873,0.011526370939573873,0.011526370939573873
org.apache.commons.math.stat.regression.SimpleRegressionTest.testNorris,0.011526370939573873,0.011526370939573873,0.011526370939573873,0.011526370939573873
org.apache.commons.math.stat.regression.SimpleRegressionTest.testRemoveMultiple,0.011526370939573873,0.011526370939573873,0.011526370939573873,0.011526370939573873
org.apache.commons.math.stat.regression.SimpleRegressionTest.testRemoveXY,0.011526370939573873,0.011526370939573873,0.011526370939573873,0.011526370939573873
org.apache.commons.math.stat.regression.SimpleRegressionTest.testInference,0.011526370939573873,0.011526370939573873,0.011526370939573873,0.011526370939573873
org.apache.commons.math.stat.regression.SimpleRegressionTest.testRemoveObsFromEmpty,0.011526370939573873,0.011526370939573873,0.011526370939573873,0.011526370939573873
org.apache.commons.math.stat.regression.SimpleRegressionTest.testClear,0.011526370939573873,0.011526370939573873,0.011526370939573873,0.011526370939573873
org.apache.commons.math.stat.regression.SimpleRegressionTest.testNaNs,0.011526370939573873,0.011526370939573873,0.011526370939573873,0.011526370939573873
org.apache.commons.math.stat.regression.SimpleRegressionTest.testRemoveMultipleToEmpty,0.011526370939573873,0.011526370939573873,0.011526370939573873,0.011526370939573873
org.apache.commons.math.analysis.polynomials.PolynomialFunctionLagrangeFormTest.testQuinticFunction,0.011515601783060922,0.011515601783060922,0.011515601783060922,0.011515601783060922
org.apache.commons.math.analysis.polynomials.PolynomialFunctionLagrangeFormTest.testQuadraticFunction,0.011515601783060922,0.011515601783060922,0.011515601783060922,0.011515601783060922
org.apache.commons.math.analysis.polynomials.PolynomialFunctionLagrangeFormTest.testLinearFunction,0.011515601783060922,0.011515601783060922,0.011515601783060922,0.011515601783060922
org.apache.commons.math.analysis.polynomials.PolynomialFunctionLagrangeFormTest.testParameters,0.011515601783060922,0.011515601783060922,0.011515601783060922,0.011515601783060922
org.apache.commons.math.distribution.NormalDistributionTest.testDensity,0.011352578657152125,0.011352578657152125,0.011352578657152125,0.011352578657152125
org.apache.commons.math.distribution.NormalDistributionTest.testInverseCumulativeProbabilityExtremes,0.011352578657152125,0.011352578657152125,0.011352578657152125,0.011352578657152125
org.apache.commons.math.linear.BlockRealMatrixTest.testSetSubMatrix,0.011269276393831554,0.011269276393831554,0.011269276393831554,0.011269276393831554
org.apache.commons.math.linear.BlockRealMatrixTest.testDimensions,0.011269276393831554,0.011269276393831554,0.011269276393831554,0.011269276393831554
org.apache.commons.math.linear.BlockRealMatrixTest.testEqualsAndHashCode,0.011269276393831554,0.011269276393831554,0.011269276393831554,0.011269276393831554
org.apache.commons.math.linear.BlockRealMatrixTest.testNorm,0.011269276393831554,0.011269276393831554,0.011269276393831554,0.011269276393831554
org.apache.commons.math.linear.BlockRealMatrixTest.testToString,0.011269276393831554,0.011269276393831554,0.011269276393831554,0.011269276393831554
org.apache.commons.math.linear.BlockRealMatrixTest.testAddFail,0.011269276393831554,0.011269276393831554,0.011269276393831554,0.011269276393831554
org.apache.commons.math.util.DefaultTransformerTest.testTransformNull,0.011266747868453105,0.011266747868453105,0.011266747868453105,0.011266747868453105
org.apache.commons.math.util.DefaultTransformerTest.testTransformString,0.011266747868453105,0.011266747868453105,0.011266747868453105,0.011266747868453105
org.apache.commons.math.util.DefaultTransformerTest.testTransformInteger,0.011266747868453105,0.011266747868453105,0.011266747868453105,0.011266747868453105
org.apache.commons.math.util.DefaultTransformerTest.testTransformBigDecimal,0.011266747868453105,0.011266747868453105,0.011266747868453105,0.011266747868453105
org.apache.commons.math.util.DefaultTransformerTest.testTransformObject,0.011266747868453105,0.011266747868453105,0.011266747868453105,0.011266747868453105
org.apache.commons.math.util.DefaultTransformerTest.testTransformDouble,0.011266747868453105,0.011266747868453105,0.011266747868453105,0.011266747868453105
org.apache.commons.math.analysis.interpolation.TricubicSplineInterpolatingFunctionTest.testWave,0.006430868167202572,0.005627009646302251,0.00482315112540193,0.011254019292604502
org.apache.commons.math.analysis.interpolation.TricubicSplineInterpolatingFunctionTest.testPlane,0.006430868167202572,0.005627009646302251,0.00482315112540193,0.011254019292604502
org.apache.commons.math.util.ContinuedFractionTest.testGoldenRatio,0.011183048852266038,0.011183048852266038,0.011183048852266038,0.011183048852266038
org.apache.commons.math.analysis.interpolation.BicubicSplineInterpolatorTest.testPreconditions,0.00801924619085806,0.00556241812648493,0.003105590062111801,0.01112483625296986
org.apache.commons.math.distribution.GammaDistributionTest.testProbabilities,0.010962241169305725,0.010962241169305725,0.010962241169305725,0.010962241169305725
org.apache.commons.math.distribution.ExponentialDistributionTest.testCumulativeProbabilityExtremes,0.010962241169305725,0.010962241169305725,0.010962241169305725,0.010962241169305725
org.apache.commons.math.distribution.GammaDistributionTest.testDensity,0.010962241169305725,0.010962241169305725,0.010962241169305725,0.010962241169305725
org.apache.commons.math.distribution.GammaDistributionTest.testInverseCumulativeProbabilityExtremes,0.010962241169305725,0.010962241169305725,0.010962241169305725,0.010962241169305725
org.apache.commons.math.distribution.ExponentialDistributionTest.testInverseCumulativeProbabilityExtremes,0.010962241169305725,0.010962241169305725,0.010962241169305725,0.010962241169305725
org.apache.commons.math.distribution.GammaDistributionTest.testValues,0.010962241169305725,0.010962241169305725,0.010962241169305725,0.010962241169305725
org.apache.commons.math.genetics.RandomKeyTest.testInducedPermutation,0.0077288941736028535,0.00535077288941736,0.002972651605231867,0.01070154577883472
org.apache.commons.math.genetics.RandomKeyTest.testComparatorPermutation,0.0077288941736028535,0.00535077288941736,0.002972651605231867,0.01070154577883472
org.apache.commons.math.genetics.RandomKeyTest.testIdentityPermutation,0.0077288941736028535,0.00535077288941736,0.002972651605231867,0.01070154577883472
org.apache.commons.math.genetics.RandomKeyTest.testRandomPermutation,0.0077288941736028535,0.00535077288941736,0.002972651605231867,0.01070154577883472
org.apache.commons.math.distribution.PascalDistributionTest.testDegenerate0,0.005645464809936018,0.005269100489273617,0.004892736168611215,0.010538200978547234
org.apache.commons.math.distribution.PascalDistributionTest.testDegenerate1,0.005645464809936018,0.005269100489273617,0.004892736168611215,0.010538200978547234
org.apache.commons.math.fraction.FractionTest.testIntegerOverflow,0.010454217736121124,0.010454217736121124,0.010454217736121124,0.010454217736121124
org.apache.commons.math.analysis.interpolation.TricubicSplineInterpolatorTest.testPreconditions,0.006430868167202572,0.00522508038585209,0.0040192926045016075,0.01045016077170418
org.apache.commons.math.transform.FastHadamardTransformerTest.testNoIntInverse,0.010380622837370242,0.010380622837370242,0.010380622837370242,0.010380622837370242
org.apache.commons.math.transform.FastHadamardTransformerTest.test3Points,0.010380622837370242,0.010380622837370242,0.010380622837370242,0.010380622837370242
org.apache.commons.math.distribution.FDistributionTest.testCumulativeProbabilityExtremes,0.010353227771010963,0.010353227771010963,0.010353227771010963,0.010353227771010963
org.apache.commons.math.distribution.FDistributionTest.testInverseCumulativeProbabilityExtremes,0.010353227771010963,0.010353227771010963,0.010353227771010963,0.010353227771010963
org.apache.commons.math.linear.FieldMatrixImplTest.testAddFail,0.010095011876484561,0.010095011876484561,0.010095011876484561,0.010095011876484561
org.apache.commons.math.linear.FieldMatrixImplTest.testCopyFunctions,0.010095011876484561,0.010095011876484561,0.010095011876484561,0.010095011876484561
org.apache.commons.math.linear.FieldMatrixImplTest.testDimensions,0.010095011876484561,0.010095011876484561,0.010095011876484561,0.010095011876484561
org.apache.commons.math.linear.FieldMatrixImplTest.testEqualsAndHashCode,0.010095011876484561,0.010095011876484561,0.010095011876484561,0.010095011876484561
org.apache.commons.math.util.MultidimensionalCounterTest.testIteratorPreconditions,0.01,0.01,0.01,0.01
org.apache.commons.math.util.MultidimensionalCounterTest.testMulti2UniConversion,0.01,0.01,0.01,0.01
org.apache.commons.math.util.MultidimensionalCounterTest.testPreconditions,0.01,0.01,0.01,0.01
org.apache.commons.math.util.MultidimensionalCounterTest.testIterationConsistency,0.01,0.01,0.01,0.01
org.apache.commons.math.util.MultidimensionalCounterTest.testAccessors,0.01,0.01,0.01,0.01
org.apache.commons.math.linear.Array2DRowRealMatrixTest.testEqualsAndHashCode,0.009501187648456057,0.009501187648456057,0.009501187648456057,0.009501187648456057
org.apache.commons.math.linear.Array2DRowRealMatrixTest.testToString,0.009501187648456057,0.009501187648456057,0.009501187648456057,0.009501187648456057
org.apache.commons.math.linear.Array2DRowRealMatrixTest.testDimensions,0.009501187648456057,0.009501187648456057,0.009501187648456057,0.009501187648456057
org.apache.commons.math.linear.Array2DRowRealMatrixTest.testNorm,0.009501187648456057,0.009501187648456057,0.009501187648456057,0.009501187648456057
org.apache.commons.math.linear.Array2DRowRealMatrixTest.testAddFail,0.009501187648456057,0.009501187648456057,0.009501187648456057,0.009501187648456057
org.apache.commons.math.linear.Array2DRowRealMatrixTest.testCopyFunctions,0.009501187648456057,0.009501187648456057,0.009501187648456057,0.009501187648456057
org.apache.commons.math.distribution.HypergeometricDistributionTest.testMoreLargeValues,0.009439707673568819,0.009439707673568819,0.009439707673568819,0.009439707673568819
org.apache.commons.math.distribution.HypergeometricDistributionTest.testLargeValues,0.009439707673568819,0.009439707673568819,0.009439707673568819,0.009439707673568819
org.apache.commons.math.ode.nonstiff.HighamHall54IntegratorTest.testWrongDerivative,0.009149828440716736,0.009149828440716736,0.009149828440716736,0.009149828440716736
org.apache.commons.math.fraction.FractionFormatTest.testNumeratorFormat,0.009012256669069935,0.009012256669069935,0.009012256669069935,0.009012256669069935
org.apache.commons.math.fraction.FractionFormatTest.testDoubleFormat,0.009012256669069935,0.009012256669069935,0.009012256669069935,0.009012256669069935
org.apache.commons.math.fraction.FractionFormatTest.testParseProperInvalidMinus,0.009012256669069935,0.009012256669069935,0.009012256669069935,0.009012256669069935
org.apache.commons.math.fraction.FractionFormatTest.testParseInvalidDenominator,0.009012256669069935,0.009012256669069935,0.009012256669069935,0.009012256669069935
org.apache.commons.math.fraction.FractionFormatTest.testLongFormat,0.009012256669069935,0.009012256669069935,0.009012256669069935,0.009012256669069935
org.apache.commons.math.fraction.FractionFormatTest.testParseInvalid,0.009012256669069935,0.009012256669069935,0.009012256669069935,0.009012256669069935
org.apache.commons.math.fraction.FractionFormatTest.testDenominatorFormat,0.009012256669069935,0.009012256669069935,0.009012256669069935,0.009012256669069935
org.apache.commons.math.analysis.polynomials.PolynomialFunctionNewtonFormTest.testParameters,0.008915304606240713,0.008915304606240713,0.008915304606240713,0.008915304606240713
org.apache.commons.math.analysis.polynomials.PolynomialFunctionNewtonFormTest.testQuinticFunction,0.008915304606240713,0.008915304606240713,0.008915304606240713,0.008915304606240713
org.apache.commons.math.analysis.polynomials.PolynomialFunctionNewtonFormTest.testLinearFunction,0.008915304606240713,0.008915304606240713,0.008915304606240713,0.008915304606240713
org.apache.commons.math.analysis.polynomials.PolynomialFunctionNewtonFormTest.testQuadraticFunction,0.008915304606240713,0.008915304606240713,0.008915304606240713,0.008915304606240713
org.apache.commons.math.stat.correlation.PearsonsCorrelationTest.testConstant,0.008790072388831437,0.008790072388831437,0.008790072388831437,0.008790072388831437
org.apache.commons.math.util.BigRealTest.testDivide,0.008733624454148471,0.008733624454148471,0.008733624454148471,0.008733624454148471
org.apache.commons.math.util.BigRealTest.testEqualsAndHashCode,0.008733624454148471,0.008733624454148471,0.008733624454148471,0.008733624454148471
org.apache.commons.math.util.BigRealTest.testAdd,0.008733624454148471,0.008733624454148471,0.008733624454148471,0.008733624454148471
org.apache.commons.math.util.BigRealTest.testCompareTo,0.008733624454148471,0.008733624454148471,0.008733624454148471,0.008733624454148471
org.apache.commons.math.util.BigRealTest.testDoubleValue,0.008733624454148471,0.008733624454148471,0.008733624454148471,0.008733624454148471
org.apache.commons.math.util.BigRealTest.testConstructor,0.008733624454148471,0.008733624454148471,0.008733624454148471,0.008733624454148471
org.apache.commons.math.util.BigRealTest.testMultiply,0.008733624454148471,0.008733624454148471,0.008733624454148471,0.008733624454148471
org.apache.commons.math.util.BigRealTest.testBigDecimalValue,0.008733624454148471,0.008733624454148471,0.008733624454148471,0.008733624454148471
org.apache.commons.math.util.BigRealTest.testSubtract,0.008733624454148471,0.008733624454148471,0.008733624454148471,0.008733624454148471
org.apache.commons.math.exception.DimensionMismatchExceptionTest.testAccessors,0.008490930142802007,0.008490930142802007,0.008490930142802007,0.008490930142802007
org.apache.commons.math.exception.NumberIsTooSmallExceptionTest.testAccessors,0.008347245409015025,0.008347245409015025,0.008347245409015025,0.008347245409015025
org.apache.commons.math.exception.NumberIsTooLargeExceptionTest.testAccessors,0.008347245409015025,0.008347245409015025,0.008347245409015025,0.008347245409015025
org.apache.commons.math.genetics.BinaryChromosomeTest.testRandomConstructor,0.00535077288941736,0.004161712247324614,0.002972651605231867,0.008323424494649227
org.apache.commons.math.genetics.ElitisticListPopulationTest.testNextGeneration,0.0047562425683709865,0.004145686463151468,0.003535130357931949,0.008291372926302935
org.apache.commons.math.linear.TriDiagonalTransformerTest.testMatricesValues3,0.007747933884297521,0.007747933884297521,0.007747933884297521,0.007747933884297521
org.apache.commons.math.linear.TriDiagonalTransformerTest.testNoAccessBelowDiagonal,0.007747933884297521,0.007747933884297521,0.007747933884297521,0.007747933884297521
org.apache.commons.math.stat.correlation.CovarianceTest.testConstant,0.007712082262210797,0.007712082262210797,0.007712082262210797,0.007712082262210797
org.apache.commons.math.distribution.CauchyDistributionTest.testInverseCumulativeProbabilityExtremes,0.007575757575757576,0.007575757575757576,0.007575757575757576,0.007575757575757576
org.apache.commons.math.exception.OutOfRangeExceptionTest.testAccessors,0.007481296758104738,0.007481296758104738,0.007481296758104738,0.007481296758104738
org.apache.commons.math.distribution.FDistributionTest.testLargeDegreesOfFreedom,0.007003654080389768,0.007003654080389768,0.007003654080389768,0.007003654080389768
org.apache.commons.math.distribution.FDistributionTest.testSmallDegreesOfFreedom,0.007003654080389768,0.007003654080389768,0.007003654080389768,0.007003654080389768
org.apache.commons.math.distribution.WeibullDistributionTest.testInverseCumulativeProbabilityExtremes,0.006869125090383225,0.006869125090383225,0.006869125090383225,0.006869125090383225
org.apache.commons.math.fraction.FractionFormatTest.testWholeFormat,0.00684931506849315,0.00684931506849315,0.00684931506849315,0.00684931506849315
org.apache.commons.math.stat.descriptive.StatisticalSummaryValuesTest.testEqualsAndHashCode,0.006842619745845552,0.006842619745845552,0.006842619745845552,0.006842619745845552
org.apache.commons.math.distribution.NormalDistributionTest.testMath280,0.006811547194291274,0.006811547194291274,0.006811547194291274,0.006811547194291274
org.apache.commons.math.distribution.NormalDistributionTest.testExtremeValues,0.006811547194291274,0.006811547194291274,0.006811547194291274,0.006811547194291274
org.apache.commons.math.stat.clustering.EuclideanIntegerPointTest.testArrayIsReference,0.006688963210702341,0.006688963210702341,0.006688963210702341,0.006688963210702341
org.apache.commons.math.stat.clustering.EuclideanIntegerPointTest.testCentroid,0.006688963210702341,0.006688963210702341,0.006688963210702341,0.006688963210702341
org.apache.commons.math.exception.NotPositiveExceptionTest.testAccessors,0.0066555740432612314,0.0066555740432612314,0.0066555740432612314,0.0066555740432612314
org.apache.commons.math.stat.descriptive.moment.SemiVarianceTest.testSingleUp,0.006607929515418502,0.006607929515418502,0.006607929515418502,0.006607929515418502
org.apache.commons.math.stat.descriptive.moment.SemiVarianceTest.testInsufficientData,0.006607929515418502,0.006607929515418502,0.006607929515418502,0.006607929515418502
org.apache.commons.math.stat.descriptive.moment.SemiVarianceTest.testNoVariance,0.006607929515418502,0.006607929515418502,0.006607929515418502,0.006607929515418502
org.apache.commons.math.stat.descriptive.moment.SemiVarianceTest.testPopulation,0.006607929515418502,0.006607929515418502,0.006607929515418502,0.006607929515418502
org.apache.commons.math.stat.descriptive.moment.SemiVarianceTest.testSingleDown,0.006607929515418502,0.006607929515418502,0.006607929515418502,0.006607929515418502
org.apache.commons.math.complex.ComplexUtilsTest.testPolar2ComplexIllegalModulus,0.006522485410230003,0.006522485410230003,0.006522485410230003,0.006522485410230003
org.apache.commons.math.genetics.BinaryChromosomeTest.testIsSame,0.003535130357931949,0.003253890981581908,0.002972651605231867,0.006507781963163816
org.apache.commons.math.analysis.interpolation.TricubicSplineInterpolatingFunctionTest.testPreconditions,0.006430868167202572,0.006430868167202572,0.006430868167202572,0.006430868167202572
org.apache.commons.math.special.GammaTest.testRegularizedGammaPositiveNegative,0.006394640682095006,0.006394640682095006,0.006394640682095006,0.006394640682095006
org.apache.commons.math.special.GammaTest.testRegularizedGammaNegativePositive,0.006394640682095006,0.006394640682095006,0.006394640682095006,0.006394640682095006
org.apache.commons.math.special.GammaTest.testRegularizedGammaPositiveZero,0.006394640682095006,0.006394640682095006,0.006394640682095006,0.006394640682095006
org.apache.commons.math.special.GammaTest.testRegularizedGammaNanPositive,0.006394640682095006,0.006394640682095006,0.006394640682095006,0.006394640682095006
org.apache.commons.math.special.GammaTest.testLogGammaZero,0.006394640682095006,0.006394640682095006,0.006394640682095006,0.006394640682095006
org.apache.commons.math.special.GammaTest.testLogGammaPositive,0.006394640682095006,0.006394640682095006,0.006394640682095006,0.006394640682095006
org.apache.commons.math.special.GammaTest.testRegularizedGammaZeroPositive,0.006394640682095006,0.006394640682095006,0.006394640682095006,0.006394640682095006
org.apache.commons.math.special.GammaTest.testLogGammaNegative,0.006394640682095006,0.006394640682095006,0.006394640682095006,0.006394640682095006
org.apache.commons.math.special.GammaTest.testRegularizedGammaPositiveNan,0.006394640682095006,0.006394640682095006,0.006394640682095006,0.006394640682095006
org.apache.commons.math.special.GammaTest.testLogGammaNan,0.006394640682095006,0.006394640682095006,0.006394640682095006,0.006394640682095006
org.apache.commons.math.special.GammaTest.testRegularizedGammaPositivePositive,0.006394640682095006,0.006394640682095006,0.006394640682095006,0.006394640682095006
org.apache.commons.math.fraction.BigFractionFormatTest.testNumeratorFormat,0.006355932203389831,0.006355932203389831,0.006355932203389831,0.006355932203389831
org.apache.commons.math.fraction.BigFractionFormatTest.testDoubleFormat,0.006355932203389831,0.006355932203389831,0.006355932203389831,0.006355932203389831
org.apache.commons.math.fraction.BigFractionFormatTest.testParseInvalidDenominator,0.006355932203389831,0.006355932203389831,0.006355932203389831,0.006355932203389831
org.apache.commons.math.fraction.BigFractionFormatTest.testParseProperInvalidMinus,0.006355932203389831,0.006355932203389831,0.006355932203389831,0.006355932203389831
org.apache.commons.math.fraction.BigFractionFormatTest.testDenominatorFormat,0.006355932203389831,0.006355932203389831,0.006355932203389831,0.006355932203389831
org.apache.commons.math.fraction.BigFractionFormatTest.testParseInvalid,0.006355932203389831,0.006355932203389831,0.006355932203389831,0.006355932203389831
org.apache.commons.math.fraction.BigFractionFormatTest.testLongFormat,0.006355932203389831,0.006355932203389831,0.006355932203389831,0.006355932203389831
org.apache.commons.math.stat.correlation.SpearmansRankCorrelationTest.testConstant,0.006282124500285551,0.006282124500285551,0.006282124500285551,0.006282124500285551
org.apache.commons.math.genetics.ListPopulationTest.testGetFittestChromosome,0.005945303210463734,0.005945303210463734,0.005945303210463734,0.005945303210463734
org.apache.commons.math.stat.inference.TTestTest.testSmallSamples,0.005825242718446602,0.005825242718446602,0.005825242718446602,0.005825242718446602
org.apache.commons.math.stat.inference.TTestTest.testPaired,0.005825242718446602,0.005825242718446602,0.005825242718446602,0.005825242718446602
org.apache.commons.math.exception.NotStrictlyPositiveExceptionTest.testAccessors,0.005823627287853577,0.005823627287853577,0.005823627287853577,0.005823627287853577
org.apache.commons.math.analysis.interpolation.BicubicSplineInterpolatingFunctionTest.testSplinePartialDerivatives,0.005653710247349823,0.005653710247349823,0.005653710247349823,0.005653710247349823
org.apache.commons.math.complex.ComplexFieldTest.testOne,0.0054585152838427945,0.0054585152838427945,0.0054585152838427945,0.0054585152838427945
org.apache.commons.math.fraction.FractionFieldTest.testZero,0.0054585152838427945,0.0054585152838427945,0.0054585152838427945,0.0054585152838427945
org.apache.commons.math.fraction.BigFractionFieldTest.testOne,0.0054585152838427945,0.0054585152838427945,0.0054585152838427945,0.0054585152838427945
org.apache.commons.math.complex.ComplexFieldTest.testZero,0.0054585152838427945,0.0054585152838427945,0.0054585152838427945,0.0054585152838427945
org.apache.commons.math.fraction.FractionFieldTest.testOne,0.0054585152838427945,0.0054585152838427945,0.0054585152838427945,0.0054585152838427945
org.apache.commons.math.fraction.BigFractionFieldTest.testZero,0.0054585152838427945,0.0054585152838427945,0.0054585152838427945,0.0054585152838427945
org.apache.commons.math.util.BigRealFieldTest.testOne,0.0054585152838427945,0.0054585152838427945,0.0054585152838427945,0.0054585152838427945
org.apache.commons.math.util.BigRealFieldTest.testZero,0.0054585152838427945,0.0054585152838427945,0.0054585152838427945,0.0054585152838427945
org.apache.commons.math.stat.descriptive.moment.VectorialMeanTest.testBasicStats,0.00539291217257319,0.00539291217257319,0.00539291217257319,0.00539291217257319
org.apache.commons.math.stat.descriptive.moment.VectorialMeanTest.testSimplistic,0.00539291217257319,0.00539291217257319,0.00539291217257319,0.00539291217257319
org.apache.commons.math.fraction.BigFractionFormatTest.testWholeFormat,0.005296610169491525,0.005296610169491525,0.005296610169491525,0.005296610169491525
org.apache.commons.math.special.BetaTest.testRegularizedBetaNegativePositivePositive,0.0051766138855054815,0.0051766138855054815,0.0051766138855054815,0.0051766138855054815
org.apache.commons.math.special.BetaTest.testLogBetaPositivePositive,0.0051766138855054815,0.0051766138855054815,0.0051766138855054815,0.0051766138855054815
org.apache.commons.math.special.BetaTest.testRegularizedBetaPositivePositiveNan,0.0051766138855054815,0.0051766138855054815,0.0051766138855054815,0.0051766138855054815
org.apache.commons.math.special.BetaTest.testRegularizedBetaPositiveZeroPositive,0.0051766138855054815,0.0051766138855054815,0.0051766138855054815,0.0051766138855054815
org.apache.commons.math.special.BetaTest.testRegularizedBetaPositiveNanPositive,0.0051766138855054815,0.0051766138855054815,0.0051766138855054815,0.0051766138855054815
org.apache.commons.math.special.BetaTest.testRegularizedBetaNanPositivePositive,0.0051766138855054815,0.0051766138855054815,0.0051766138855054815,0.0051766138855054815
org.apache.commons.math.special.BetaTest.testLogBetaNegativePositive,0.0051766138855054815,0.0051766138855054815,0.0051766138855054815,0.0051766138855054815
org.apache.commons.math.special.BetaTest.testLogBetaPositiveNegative,0.0051766138855054815,0.0051766138855054815,0.0051766138855054815,0.0051766138855054815
org.apache.commons.math.special.BetaTest.testLogBetaNanPositive,0.0051766138855054815,0.0051766138855054815,0.0051766138855054815,0.0051766138855054815
org.apache.commons.math.special.BetaTest.testRegularizedBetaPositivePositivePositive,0.0051766138855054815,0.0051766138855054815,0.0051766138855054815,0.0051766138855054815
org.apache.commons.math.special.BetaTest.testRegularizedBetaZeroPositivePositive,0.0051766138855054815,0.0051766138855054815,0.0051766138855054815,0.0051766138855054815
org.apache.commons.math.special.BetaTest.testLogBetaPositiveZero,0.0051766138855054815,0.0051766138855054815,0.0051766138855054815,0.0051766138855054815
org.apache.commons.math.special.BetaTest.testRegularizedBetaPositiveNegativePositive,0.0051766138855054815,0.0051766138855054815,0.0051766138855054815,0.0051766138855054815
org.apache.commons.math.special.BetaTest.testLogBetaPositiveNan,0.0051766138855054815,0.0051766138855054815,0.0051766138855054815,0.0051766138855054815
org.apache.commons.math.special.BetaTest.testRegularizedBetaPositivePositiveNegative,0.0051766138855054815,0.0051766138855054815,0.0051766138855054815,0.0051766138855054815
org.apache.commons.math.special.BetaTest.testRegularizedBetaPositivePositiveZero,0.0051766138855054815,0.0051766138855054815,0.0051766138855054815,0.0051766138855054815
org.apache.commons.math.special.BetaTest.testLogBetaZeroPositive,0.0051766138855054815,0.0051766138855054815,0.0051766138855054815,0.0051766138855054815
org.apache.commons.math.transform.FastHadamardTransformerTest.test8Points,0.004943153732081068,0.004943153732081068,0.004943153732081068,0.004943153732081068
org.apache.commons.math.transform.FastHadamardTransformerTest.test4Points,0.004943153732081068,0.004943153732081068,0.004943153732081068,0.004943153732081068
org.apache.commons.math.distribution.WeibullDistributionTest.testAlpha,0.004699927693420101,0.004699927693420101,0.004699927693420101,0.004699927693420101
org.apache.commons.math.distribution.WeibullDistributionTest.testBeta,0.004699927693420101,0.004699927693420101,0.004699927693420101,0.004699927693420101
org.apache.commons.math.distribution.BetaDistributionTest.testCumulative,0.004659832246039142,0.004659832246039142,0.004659832246039142,0.004659832246039142
org.apache.commons.math.distribution.BetaDistributionTest.testDensity,0.004659832246039142,0.004659832246039142,0.004659832246039142,0.004659832246039142
org.apache.commons.math.distribution.PoissonDistributionTest.testMean,0.004631278945493409,0.004631278945493409,0.004631278945493409,0.004631278945493409
org.apache.commons.math.distribution.PoissonDistributionTest.testLargeMeanInverseCumulativeProbability,0.004631278945493409,0.004631278945493409,0.004631278945493409,0.004631278945493409
org.apache.commons.math.distribution.PoissonDistributionTest.testDegenerateInverseCumulativeProbability,0.004631278945493409,0.004631278945493409,0.004631278945493409,0.004631278945493409
org.apache.commons.math.distribution.PoissonDistributionTest.testNormalApproximateProbability,0.004631278945493409,0.004631278945493409,0.004631278945493409,0.004631278945493409
org.apache.commons.math.special.ErfTest.testErf0,0.0045410314628608495,0.0045410314628608495,0.0045410314628608495,0.0045410314628608495
org.apache.commons.math.special.ErfTest.testLargeValues,0.0045410314628608495,0.0045410314628608495,0.0045410314628608495,0.0045410314628608495
org.apache.commons.math.genetics.FixedGenerationCountTest.testIsSatisfied,0.004161712247324614,0.004161712247324614,0.004161712247324614,0.004161712247324614
org.apache.commons.math.stat.inference.ChiSquareTestTest.testChiSquare,0.003624647603705195,0.003624647603705195,0.003624647603705195,0.003624647603705195
org.apache.commons.math.stat.inference.ChiSquareTestTest.testChiSquareDataSetsComparisonEqualCounts,0.003624647603705195,0.003624647603705195,0.003624647603705195,0.003624647603705195
org.apache.commons.math.stat.inference.ChiSquareTestTest.testChiSquareDataSetsComparisonUnEqualCounts,0.003624647603705195,0.003624647603705195,0.003624647603705195,0.003624647603705195
org.apache.commons.math.stat.inference.ChiSquareTestTest.testChiSquareZeroCount,0.003624647603705195,0.003624647603705195,0.003624647603705195,0.003624647603705195
org.apache.commons.math.stat.inference.ChiSquareTestTest.testChiSquareDataSetsComparisonBadCounts,0.003624647603705195,0.003624647603705195,0.003624647603705195,0.003624647603705195
org.apache.commons.math.stat.inference.ChiSquareTestTest.testChiSquareIndependence,0.003624647603705195,0.003624647603705195,0.003624647603705195,0.003624647603705195
org.apache.commons.math.genetics.ChromosomeTest.testFindSameChromosome,0.003535130357931949,0.003535130357931949,0.003535130357931949,0.003535130357931949
org.apache.commons.math.genetics.ChromosomeTest.testCompareTo,0.003535130357931949,0.003535130357931949,0.003535130357931949,0.003535130357931949
org.apache.commons.math.genetics.RandomKeyTest.testIsSame,0.002972651605231867,0.002972651605231867,0.002972651605231867,0.002972651605231867
org.apache.commons.math.genetics.RandomKeyTest.testEqualRepr,0.002972651605231867,0.002972651605231867,0.002972651605231867,0.002972651605231867
org.apache.commons.math.genetics.BinaryChromosomeTest.testInvalidConstructor,0.002972651605231867,0.002972651605231867,0.002972651605231867,0.002972651605231867
org.apache.commons.math.genetics.RandomKeyTest.testConstructor1,0.002972651605231867,0.002972651605231867,0.002972651605231867,0.002972651605231867
org.apache.commons.math.genetics.RandomKeyTest.testConstructor2,0.002972651605231867,0.002972651605231867,0.002972651605231867,0.002972651605231867
org.apache.commons.math.genetics.RandomKeyTest.testDecode,0.002972651605231867,0.002972651605231867,0.002972651605231867,0.002972651605231867
org.apache.commons.math.stat.inference.OneWayAnovaTest.testAnovaFValue,0.002967359050445104,0.002967359050445104,0.002967359050445104,0.002967359050445104
org.apache.commons.math.stat.inference.OneWayAnovaTest.testAnovaPValue,0.002967359050445104,0.002967359050445104,0.002967359050445104,0.002967359050445104
org.apache.commons.math.stat.inference.OneWayAnovaTest.testAnovaTest,0.002967359050445104,0.002967359050445104,0.002967359050445104,0.002967359050445104
