TestCase,Max,Avg,Min,Sum,HarmonicMean,GeometricMean,StandardDeviation,MaxLinesRatio,AvgLinesRatio,MinLinesRatio,SumLinesRatio,HarmonicMeanLinesRatio,GeometricMeanLinesRatio,StandardDeviationLinesRatio,used_classes,changeProneness,linesRatio
org.joda.time.TestBaseSingleFieldPeriod.testFactory_between_RPartial,0.06765899864682003,0.03021928067675814,0.012718600953895072,0.27197352609082326,0.023409251359453504,0.026307633076698866,0.017119966152726075,9.71853856562923,3.862918204538688,1.1764705882352942,34.76626384084819,2.6031432521977615,3.1283911088011016,2.675411125869649,"[""YearMonthDay"", ""TestBaseSingleFieldPeriod$Single"", ""TestBaseSingleFieldPeriod"", ""DateTimeFieldType"", ""LocalTime"", ""LocalDate"", ""DurationFieldType"", ""Partial"", ""BaseSingleFieldPeriod"", ""PeriodType""]","[0.06765899864682003, 0.05013550135501355, 0.03763440860215054, 0.024134312696747113, 0.022364217252396165, 0.020766773162939296, 0.019867549668874173, 0.016693163751987282, 0.012718600953895072]","[9.71853856562923, 7.333333333333333, 3.3669354838709675, 3.396642182581322, 2.231629392971246, 1.706070287539936, 3.7277409860191315, 2.1089030206677264, 1.1764705882352942]"
org.joda.time.TestChronology.testToString,0.037317784256559766,0.018290661896383942,0.008191925102399064,0.2560692665493752,0.015816003475906327,0.017029689237092832,0.007058231915044626,3.358600583090379,1.3704579898512088,0.5307197191339965,19.186411857916923,0.985901561488757,1.1487654841066008,0.8605183366903046,"[""LimitChronology"", ""StrictChronology"", ""GJChronology"", ""TestChronology"", ""EthiopicChronology"", ""BuddhistChronology"", ""DateTimeZone"", ""IslamicChronology"", ""GregorianChronology"", ""LenientChronology"", ""JulianChronology"", ""ISOChronology"", ""ZonedChronology"", ""CopticChronology""]","[0.037317784256559766, 0.02507288629737609, 0.022058823529411766, 0.021957340025094103, 0.021574344023323616, 0.018658892128279883, 0.01749271137026239, 0.01574344023323615, 0.01574344023323615, 0.015494636471990465, 0.014043300175541252, 0.013942680092951201, 0.008777062609713282, 0.008191925102399064]","[3.358600583090379, 2.896209912536443, 2.1041666666666665, 0.8456712672521958, 1.9457725947521867, 0.8128279883381925, 1.114868804664723, 0.7008746355685131, 0.632069970845481, 0.9833134684147795, 1.451726155646577, 1.2765298218435321, 0.5330602691632533, 0.5307197191339965]"
org.joda.time.TestLocalDate_Basics.testCompareTo,0.06765899864682003,0.03492887328966586,0.01574344023323615,0.244502113027661,0.02746371488476433,0.030985208786620203,0.016887060617990016,9.71853856562923,4.252987223576006,0.632069970845481,29.77091056503204,2.222946774578164,3.2611263287627397,2.7738054224091093,"[""YearMonthDay"", ""TimeOfDay"", ""DateTimeFieldType"", ""TestLocalDate_Basics"", ""GregorianChronology"", ""LocalDate"", ""Partial""]","[0.06765899864682003, 0.044386422976501305, 0.03825136612021858, 0.03763440860215054, 0.024134312696747113, 0.016693163751987282, 0.01574344023323615]","[9.71853856562923, 4.117493472584856, 6.430327868852459, 3.3669354838709675, 3.396642182581322, 2.1089030206677264, 0.632069970845481]"
org.joda.time.TestLocalDate_Basics.testToLocalDateTime_LocalTime,0.06765899864682003,0.05355815123957934,0.03825136612021858,0.21423260495831736,0.05124601508396107,0.052418606797532505,0.01079664211300304,11.043301759133964,8.631375381737246,6.430327868852459,34.525501526948986,8.24189195326308,8.43448579803457,1.8390782984822276,"[""LocalDateTime"", ""TestLocalDate_Basics"", ""LocalTime"", ""LocalDate""]","[0.06765899864682003, 0.058186738836265225, 0.05013550135501355, 0.03825136612021858]","[9.71853856562923, 11.043301759133964, 7.333333333333333, 6.430327868852459]"
org.joda.time.TestLocalDateTime_Basics.testCompareTo,0.058186738836265225,0.03490064019831544,0.016693163751987282,0.20940384118989264,0.02957465270727799,0.032181944980164884,0.013722165592501648,11.043301759133964,4.977413598766283,2.1089030206677264,29.8644815925977,3.820428365694376,4.3082930548170735,2.9321281710920117,"[""YearMonthDay"", ""LocalDateTime"", ""TimeOfDay"", ""DateTimeFieldType"", ""TestLocalDateTime_Basics"", ""Partial""]","[0.058186738836265225, 0.044386422976501305, 0.03763440860215054, 0.028368794326241134, 0.024134312696747113, 0.016693163751987282]","[11.043301759133964, 4.117493472584856, 3.3669354838709675, 5.831205673758865, 3.396642182581322, 2.1089030206677264]"
org.joda.time.TestLocalDate_Basics.testToInterval_Zone_noMidnight,0.06765899864682003,0.04135163270797303,0.022713687985654513,0.20675816353986515,0.03669831217771061,0.03894054158777182,0.014598771352824485,9.71853856562923,5.360863226757518,1.5499103407053199,26.80431613378759,3.635420954843527,4.511771712214138,2.786200312360227,"[""Interval"", ""TestLocalDate_Basics"", ""DateTimeZone"", ""LocalDate"", ""DateTime""]","[0.06765899864682003, 0.04081632653061224, 0.03825136612021858, 0.037317784256559766, 0.022713687985654513]","[9.71853856562923, 5.746938775510204, 6.430327868852459, 3.358600583090379, 1.5499103407053199]"
org.joda.time.TestLocalDate_Basics.testToInterval_nullZone,0.06765899864682003,0.040073642866970356,0.022713687985654513,0.20036821433485177,0.03526528153361374,0.0375049612937358,0.015164682384704734,9.71853856562923,5.664842668313228,1.5499103407053199,28.32421334156614,3.898347864926872,4.861526615230323,2.629683027212732,"[""Interval"", ""TestLocalDate_Basics"", ""LocalDate"", ""DateTime"", ""Period""]","[0.06765899864682003, 0.04081632653061224, 0.03825136612021858, 0.030927835051546393, 0.022713687985654513]","[9.71853856562923, 5.746938775510204, 6.430327868852459, 4.878497790868925, 1.5499103407053199]"
org.joda.time.TestLocalDate_Basics.testToInterval,0.06765899864682003,0.040073642866970356,0.022713687985654513,0.20036821433485177,0.03526528153361374,0.0375049612937358,0.015164682384704734,9.71853856562923,5.664842668313228,1.5499103407053199,28.32421334156614,3.898347864926872,4.861526615230323,2.629683027212732,"[""Interval"", ""TestLocalDate_Basics"", ""LocalDate"", ""DateTime"", ""Period""]","[0.06765899864682003, 0.04081632653061224, 0.03825136612021858, 0.030927835051546393, 0.022713687985654513]","[9.71853856562923, 5.746938775510204, 6.430327868852459, 4.878497790868925, 1.5499103407053199]"
org.joda.time.TestLocalDate_Basics.testToInterval_Zone,0.06765899864682003,0.040073642866970356,0.022713687985654513,0.20036821433485177,0.03526528153361374,0.0375049612937358,0.015164682384704734,9.71853856562923,5.664842668313228,1.5499103407053199,28.32421334156614,3.898347864926872,4.861526615230323,2.629683027212732,"[""Interval"", ""TestLocalDate_Basics"", ""LocalDate"", ""DateTime"", ""Period""]","[0.06765899864682003, 0.04081632653061224, 0.03825136612021858, 0.030927835051546393, 0.022713687985654513]","[9.71853856562923, 5.746938775510204, 6.430327868852459, 4.878497790868925, 1.5499103407053199]"
org.joda.time.TestLocalDate_Basics.testToDateTime_LocalTime_nullZone,0.06765899864682003,0.049215548163166103,0.03825136612021858,0.19686219265266441,0.04685552397682189,0.04797201364368916,0.011530041104890282,9.71853856562923,7.307284635831307,5.746938775510204,29.229138543325227,7.032614468180787,7.163792847601987,1.5015455723669089,"[""DateTime"", ""TestLocalDate_Basics"", ""LocalTime"", ""LocalDate""]","[0.06765899864682003, 0.05013550135501355, 0.04081632653061224, 0.03825136612021858]","[9.71853856562923, 7.333333333333333, 5.746938775510204, 6.430327868852459]"
org.joda.time.TestLocalDate_Basics.testToDateTime_LocalTime,0.06765899864682003,0.049215548163166103,0.03825136612021858,0.19686219265266441,0.04685552397682189,0.04797201364368916,0.011530041104890282,9.71853856562923,7.307284635831307,5.746938775510204,29.229138543325227,7.032614468180787,7.163792847601987,1.5015455723669089,"[""DateTime"", ""TestLocalDate_Basics"", ""LocalTime"", ""LocalDate""]","[0.06765899864682003, 0.05013550135501355, 0.04081632653061224, 0.03825136612021858]","[9.71853856562923, 7.333333333333333, 5.746938775510204, 6.430327868852459]"
org.joda.time.TestLocalDate_Basics.testToDateTime_LocalTime_Zone,0.06765899864682003,0.049215548163166103,0.03825136612021858,0.19686219265266441,0.04685552397682189,0.04797201364368916,0.011530041104890282,9.71853856562923,7.307284635831307,5.746938775510204,29.229138543325227,7.032614468180787,7.163792847601987,1.5015455723669089,"[""DateTime"", ""TestLocalDate_Basics"", ""LocalTime"", ""LocalDate""]","[0.06765899864682003, 0.05013550135501355, 0.04081632653061224, 0.03825136612021858]","[9.71853856562923, 7.333333333333333, 5.746938775510204, 6.430327868852459]"
org.joda.time.chrono.TestGJChronology.testSubtractDays,0.04081632653061224,0.03261265771293393,0.0239067055393586,0.1956759462776036,0.031263901668486214,0.031944890772141986,0.006456737611503154,5.746938775510204,3.7820134175100986,2.4448979591836735,22.69208050506059,3.4721624984930863,3.6185488095631912,1.1537838735508852,"[""YearMonthDay"", ""GJChronology"", ""DateTimeZone"", ""TestGJChronology"", ""DateTime"", ""Period""]","[0.04081632653061224, 0.03763440860215054, 0.037317784256559766, 0.030927835051546393, 0.02507288629737609, 0.0239067055393586]","[5.746938775510204, 3.3669354838709675, 3.358600583090379, 4.878497790868925, 2.896209912536443, 2.4448979591836735]"
org.joda.time.tz.TestCompiler.testCompile,0.04081632653061224,0.018931923171272902,0.006006006006006006,0.18931923171272902,0.013158147552050237,0.01574467394811512,0.011537664872849684,5.746938775510204,1.9918288011098597,0.015015015015015015,19.918288011098596,0.1246510687030574,0.9057599885087524,1.7431539402646357,"[""DateTimeZoneBuilder"", ""FileOutputStream"", ""InputStream"", ""DateTimeFormatter"", ""TestCompiler"", ""File"", ""Random"", ""Provider"", ""StringBuilder"", ""String"", ""ZoneInfoCompiler"", ""System"", ""DateTimeZone"", ""ZoneInfoProvider"", ""DateTime"", ""TestBuilder"", ""ByteArrayInputStream""]","[0.04081632653061224, 0.037317784256559766, 0.026822157434402333, 0.018075801749271137, 0.0163265306122449, 0.013888888888888888, 0.011661807580174927, 0.011406844106463879, 0.006997084548104956, 0.006006006006006006]","[5.746938775510204, 3.358600583090379, 2.464723032069971, 3.7236151603498544, 1.7224489795918367, 1.3518518518518519, 0.6763848396501457, 0.7385931558935361, 0.12011661807580175, 0.015015015015015015]"
org.joda.time.TestLocalDate_Basics.testToDateTimeAtStartOfDay_avoidDST,0.06765899864682003,0.04601111888855266,0.037317784256559766,0.18404447555421063,0.0433746651291897,0.0445585008079774,0.012563880727307084,9.71853856562923,6.313601448270568,3.358600583090379,25.25440579308227,5.47826685628055,5.893282396553016,2.272683354998236,"[""DateTime"", ""TestLocalDate_Basics"", ""DateTimeZone"", ""LocalDate""]","[0.06765899864682003, 0.04081632653061224, 0.03825136612021858, 0.037317784256559766]","[9.71853856562923, 5.746938775510204, 6.430327868852459, 3.358600583090379]"
org.joda.time.format.TestDateTimeFormatterBuilder.test_localPrintParseZoneTokyo,0.058186738836265225,0.03624376176142215,0.01282798833819242,0.18121880880711072,0.027713674302115156,0.032231000468016864,0.015358601979370412,11.043301759133964,5.6383979611562385,1.2180758017492712,28.19198980578119,3.0848931645790847,4.300384028818586,3.5542910777901016,"[""LocalDateTime"", ""TestDateTimeFormatterBuilder"", ""DateTimeFormatter"", ""DateTimeFormatterBuilder"", ""DateTime""]","[0.058186738836265225, 0.04256559766763848, 0.04081632653061224, 0.026822157434402333, 0.01282798833819242]","[11.043301759133964, 7.718950437317784, 5.746938775510204, 2.464723032069971, 1.2180758017492712]"
org.joda.time.format.TestDateTimeFormatterBuilder.test_localPrintParseOffset,0.058186738836265225,0.03624376176142215,0.01282798833819242,0.18121880880711072,0.027713674302115156,0.032231000468016864,0.015358601979370412,11.043301759133964,5.6383979611562385,1.2180758017492712,28.19198980578119,3.0848931645790847,4.300384028818586,3.5542910777901016,"[""LocalDateTime"", ""TestDateTimeFormatterBuilder"", ""DateTimeFormatter"", ""DateTimeFormatterBuilder"", ""DateTime""]","[0.058186738836265225, 0.04256559766763848, 0.04081632653061224, 0.026822157434402333, 0.01282798833819242]","[11.043301759133964, 7.718950437317784, 5.746938775510204, 2.464723032069971, 1.2180758017492712]"
org.joda.time.format.TestDateTimeFormatterBuilder.test_localPrintParseOffsetAndZone,0.058186738836265225,0.03624376176142215,0.01282798833819242,0.18121880880711072,0.027713674302115156,0.032231000468016864,0.015358601979370412,11.043301759133964,5.6383979611562385,1.2180758017492712,28.19198980578119,3.0848931645790847,4.300384028818586,3.5542910777901016,"[""LocalDateTime"", ""TestDateTimeFormatterBuilder"", ""DateTimeFormatter"", ""DateTimeFormatterBuilder"", ""DateTime""]","[0.058186738836265225, 0.04256559766763848, 0.04081632653061224, 0.026822157434402333, 0.01282798833819242]","[11.043301759133964, 7.718950437317784, 5.746938775510204, 2.464723032069971, 1.2180758017492712]"
org.joda.time.convert.TestReadableInstantConverter.testGetChronology_Object_Zone,0.04081632653061224,0.022623576033563676,0.007513661202185792,0.1809886082685094,0.0157323653672657,0.019017108015603378,0.012365360901208652,5.746938775510204,2.143703061311384,0.17076502732240437,17.14962449049107,0.5933265271678224,1.1888300924063127,1.920093031465174,"[""BaseChronology"", ""ReadableInstantConverter"", ""DateTimeZone"", ""MutableDateTime"", ""Instant"", ""DateTime"", ""TestReadableInstantConverter"", ""TestReadableInstantConverter$1"", ""MockBadChronology""]","[0.04081632653061224, 0.037317784256559766, 0.03498542274052478, 0.018658892128279883, 0.017815646785437646, 0.015688949522510234, 0.008191925102399064, 0.007513661202185792]","[5.746938775510204, 3.358600583090379, 4.066472303206997, 0.963265306122449, 2.021688613477924, 0.5375170532060027, 0.28437682855471036, 0.17076502732240437]"
org.joda.time.TestInterval_Basics.testEqualsHashCode,0.04081632653061224,0.025597144740264706,0.01574344023323615,0.17918001318185295,0.02357383276777832,0.024549586035833182,0.0075623167089481965,5.746938775510204,2.8179564314522914,0.7008746355685131,19.72569502016604,1.754604813846817,2.2408326658395863,1.8064641089723619,"[""TestInterval_Basics$MockInterval"", ""GJChronology"", ""Interval"", ""AbstractInterval"", ""MutableInterval"", ""TestInterval_Basics"", ""ISOChronology"", ""DateTime""]","[0.04081632653061224, 0.028210838901262063, 0.028093245666467422, 0.02507288629737609, 0.022713687985654513, 0.01852958756724447, 0.01574344023323615]","[5.746938775510204, 5.182628062360802, 2.3735803945008964, 2.896209912536443, 1.5499103407053199, 1.2755528989838614, 0.7008746355685131]"
org.joda.time.TestDateTimeUtils.testIsContiguous_RP_GJChronology,0.044386422976501305,0.029273109155896704,0.016693163751987282,0.17563865493538022,0.026516557239535218,0.027868731430441454,0.009134990824115714,4.117493472584856,2.7370437432733716,1.4899806076276665,16.42226245964023,2.405328354884739,2.568889722890547,0.9415242768646725,"[""YearMonthDay"", ""TimeOfDay"", ""DateTimeFieldType"", ""TestDateTimeUtils"", ""Partial"", ""DateTimeUtils""]","[0.044386422976501305, 0.03763440860215054, 0.027149321266968326, 0.02564102564102564, 0.024134312696747113, 0.016693163751987282]","[4.117493472584856, 3.3669354838709675, 1.4899806076276665, 1.9423076923076923, 3.396642182581322, 2.1089030206677264]"
org.joda.time.TestDateTimeUtils.testIsContiguous_RP,0.044386422976501305,0.029273109155896704,0.016693163751987282,0.17563865493538022,0.026516557239535218,0.027868731430441454,0.009134990824115714,4.117493472584856,2.7370437432733716,1.4899806076276665,16.42226245964023,2.405328354884739,2.568889722890547,0.9415242768646725,"[""YearMonthDay"", ""TimeOfDay"", ""DateTimeFieldType"", ""TestDateTimeUtils"", ""Partial"", ""DateTimeUtils""]","[0.044386422976501305, 0.03763440860215054, 0.027149321266968326, 0.02564102564102564, 0.024134312696747113, 0.016693163751987282]","[4.117493472584856, 3.3669354838709675, 1.4899806076276665, 1.9423076923076923, 3.396642182581322, 2.1089030206677264]"
org.joda.time.TestLocalTime_Basics.testCompareTo,0.05013550135501355,0.029258227125435975,0.01574344023323615,0.17554936275261585,0.024171880476444408,0.02648564608801472,0.013257476161113356,7.333333333333333,3.7011080836253085,0.632069970845481,22.20664850175185,2.0363446728911807,2.928958445554047,2.091822091982959,"[""TimeOfDay"", ""DateTimeFieldType"", ""LocalTime"", ""GregorianChronology"", ""TestLocalTime_Basics"", ""Partial""]","[0.05013550135501355, 0.044386422976501305, 0.024456521739130436, 0.024134312696747113, 0.016693163751987282, 0.01574344023323615]","[7.333333333333333, 4.117493472584856, 4.618206521739131, 3.396642182581322, 2.1089030206677264, 0.632069970845481]"
org.joda.time.TestLocalDate_Basics.testEqualsHashCode,0.06765899864682003,0.0348562017500082,0.011494252873563218,0.174281008750041,0.024217298993273254,0.029285836605035975,0.019415733602070603,9.71853856562923,4.419074650855238,0.30493576741041245,22.09537325427619,1.1697479219186433,2.7091797053878155,3.309417225063868,"[""YearMonthDay"", ""Object"", ""TestLocalDate_Basics$MockInstant"", ""MockPartial"", ""TestLocalDate_Basics"", ""LocalDate"", ""Chronology""]","[0.06765899864682003, 0.03825136612021858, 0.03763440860215054, 0.01924198250728863, 0.011494252873563218]","[9.71853856562923, 6.430327868852459, 3.3669354838709675, 2.2746355685131197, 0.30493576741041245]"
org.joda.time.format.TestDateTimeFormatter.testParseLocalDate_year_month_week_2013,0.06765899864682003,0.034786515699500545,0.02507288629737609,0.1739325784975027,0.030199007819151854,0.03201022103194767,0.01646267963256109,9.71853856562923,4.304538987873526,2.464723032069971,21.52269493936763,3.375802238240371,3.7202762406758665,2.7290181465982193,"[""TestDateTimeFormatter"", ""GJChronology"", ""DateTimeFormatter"", ""DateTimeFormat"", ""LocalDate""]","[0.06765899864682003, 0.027988338192419825, 0.026822157434402333, 0.02639019792648445, 0.02507288629737609]","[9.71853856562923, 2.8956268221574346, 2.464723032069971, 3.5475966069745524, 2.896209912536443]"
org.joda.time.format.TestDateTimeFormatter.testParseLocalDate_weekyear_month_week_2011,0.06765899864682003,0.034786515699500545,0.02507288629737609,0.1739325784975027,0.030199007819151854,0.03201022103194767,0.01646267963256109,9.71853856562923,4.304538987873526,2.464723032069971,21.52269493936763,3.375802238240371,3.7202762406758665,2.7290181465982193,"[""TestDateTimeFormatter"", ""GJChronology"", ""DateTimeFormatter"", ""DateTimeFormat"", ""LocalDate""]","[0.06765899864682003, 0.027988338192419825, 0.026822157434402333, 0.02639019792648445, 0.02507288629737609]","[9.71853856562923, 2.8956268221574346, 2.464723032069971, 3.5475966069745524, 2.896209912536443]"
org.joda.time.format.TestDateTimeFormatter.testParseLocalDate_monthDay_withDefaultYear_feb29,0.06765899864682003,0.034786515699500545,0.02507288629737609,0.1739325784975027,0.030199007819151854,0.03201022103194767,0.01646267963256109,9.71853856562923,4.304538987873526,2.464723032069971,21.52269493936763,3.375802238240371,3.7202762406758665,2.7290181465982193,"[""TestDateTimeFormatter"", ""GJChronology"", ""DateTimeFormatter"", ""DateTimeFormat"", ""LocalDate""]","[0.06765899864682003, 0.027988338192419825, 0.026822157434402333, 0.02639019792648445, 0.02507288629737609]","[9.71853856562923, 2.8956268221574346, 2.464723032069971, 3.5475966069745524, 2.896209912536443]"
org.joda.time.format.TestDateTimeFormatter.testParseLocalDate_weekyear_month_week_2012,0.06765899864682003,0.034786515699500545,0.02507288629737609,0.1739325784975027,0.030199007819151854,0.03201022103194767,0.01646267963256109,9.71853856562923,4.304538987873526,2.464723032069971,21.52269493936763,3.375802238240371,3.7202762406758665,2.7290181465982193,"[""TestDateTimeFormatter"", ""GJChronology"", ""DateTimeFormatter"", ""DateTimeFormat"", ""LocalDate""]","[0.06765899864682003, 0.027988338192419825, 0.026822157434402333, 0.02639019792648445, 0.02507288629737609]","[9.71853856562923, 2.8956268221574346, 2.464723032069971, 3.5475966069745524, 2.896209912536443]"
org.joda.time.format.TestDateTimeFormatter.testParseLocalDate_year_month_week_2012,0.06765899864682003,0.034786515699500545,0.02507288629737609,0.1739325784975027,0.030199007819151854,0.03201022103194767,0.01646267963256109,9.71853856562923,4.304538987873526,2.464723032069971,21.52269493936763,3.375802238240371,3.7202762406758665,2.7290181465982193,"[""TestDateTimeFormatter"", ""GJChronology"", ""DateTimeFormatter"", ""DateTimeFormat"", ""LocalDate""]","[0.06765899864682003, 0.027988338192419825, 0.026822157434402333, 0.02639019792648445, 0.02507288629737609]","[9.71853856562923, 2.8956268221574346, 2.464723032069971, 3.5475966069745524, 2.896209912536443]"
org.joda.time.format.TestDateTimeFormatter.testParseLocalDate_year_month_week_2016,0.06765899864682003,0.034786515699500545,0.02507288629737609,0.1739325784975027,0.030199007819151854,0.03201022103194767,0.01646267963256109,9.71853856562923,4.304538987873526,2.464723032069971,21.52269493936763,3.375802238240371,3.7202762406758665,2.7290181465982193,"[""TestDateTimeFormatter"", ""GJChronology"", ""DateTimeFormatter"", ""DateTimeFormat"", ""LocalDate""]","[0.06765899864682003, 0.027988338192419825, 0.026822157434402333, 0.02639019792648445, 0.02507288629737609]","[9.71853856562923, 2.8956268221574346, 2.464723032069971, 3.5475966069745524, 2.896209912536443]"
org.joda.time.format.TestDateTimeFormatter.testParseLocalDate_year_month_week_2015,0.06765899864682003,0.034786515699500545,0.02507288629737609,0.1739325784975027,0.030199007819151854,0.03201022103194767,0.01646267963256109,9.71853856562923,4.304538987873526,2.464723032069971,21.52269493936763,3.375802238240371,3.7202762406758665,2.7290181465982193,"[""TestDateTimeFormatter"", ""GJChronology"", ""DateTimeFormatter"", ""DateTimeFormat"", ""LocalDate""]","[0.06765899864682003, 0.027988338192419825, 0.026822157434402333, 0.02639019792648445, 0.02507288629737609]","[9.71853856562923, 2.8956268221574346, 2.464723032069971, 3.5475966069745524, 2.896209912536443]"
org.joda.time.format.TestDateTimeFormatter.testParseLocalDate_weekyear_month_week_2010,0.06765899864682003,0.034786515699500545,0.02507288629737609,0.1739325784975027,0.030199007819151854,0.03201022103194767,0.01646267963256109,9.71853856562923,4.304538987873526,2.464723032069971,21.52269493936763,3.375802238240371,3.7202762406758665,2.7290181465982193,"[""TestDateTimeFormatter"", ""GJChronology"", ""DateTimeFormatter"", ""DateTimeFormat"", ""LocalDate""]","[0.06765899864682003, 0.027988338192419825, 0.026822157434402333, 0.02639019792648445, 0.02507288629737609]","[9.71853856562923, 2.8956268221574346, 2.464723032069971, 3.5475966069745524, 2.896209912536443]"
org.joda.time.format.TestDateTimeFormatter.testParseLocalDate_yearOfCentury,0.06765899864682003,0.034786515699500545,0.02507288629737609,0.1739325784975027,0.030199007819151854,0.03201022103194767,0.01646267963256109,9.71853856562923,4.304538987873526,2.464723032069971,21.52269493936763,3.375802238240371,3.7202762406758665,2.7290181465982193,"[""TestDateTimeFormatter"", ""GJChronology"", ""DateTimeFormatter"", ""DateTimeFormat"", ""LocalDate""]","[0.06765899864682003, 0.027988338192419825, 0.026822157434402333, 0.02639019792648445, 0.02507288629737609]","[9.71853856562923, 2.8956268221574346, 2.464723032069971, 3.5475966069745524, 2.896209912536443]"
org.joda.time.format.TestDateTimeFormatter.testParseLocalDate_year_month_week_2011,0.06765899864682003,0.034786515699500545,0.02507288629737609,0.1739325784975027,0.030199007819151854,0.03201022103194767,0.01646267963256109,9.71853856562923,4.304538987873526,2.464723032069971,21.52269493936763,3.375802238240371,3.7202762406758665,2.7290181465982193,"[""TestDateTimeFormatter"", ""GJChronology"", ""DateTimeFormatter"", ""DateTimeFormat"", ""LocalDate""]","[0.06765899864682003, 0.027988338192419825, 0.026822157434402333, 0.02639019792648445, 0.02507288629737609]","[9.71853856562923, 2.8956268221574346, 2.464723032069971, 3.5475966069745524, 2.896209912536443]"
org.joda.time.format.TestDateTimeFormatter.testParseLocalDate_year_month_week_2010,0.06765899864682003,0.034786515699500545,0.02507288629737609,0.1739325784975027,0.030199007819151854,0.03201022103194767,0.01646267963256109,9.71853856562923,4.304538987873526,2.464723032069971,21.52269493936763,3.375802238240371,3.7202762406758665,2.7290181465982193,"[""TestDateTimeFormatter"", ""GJChronology"", ""DateTimeFormatter"", ""DateTimeFormat"", ""LocalDate""]","[0.06765899864682003, 0.027988338192419825, 0.026822157434402333, 0.02639019792648445, 0.02507288629737609]","[9.71853856562923, 2.8956268221574346, 2.464723032069971, 3.5475966069745524, 2.896209912536443]"
org.joda.time.format.TestDateTimeFormatter.testParseLocalDate_year_month_week_2014,0.06765899864682003,0.034786515699500545,0.02507288629737609,0.1739325784975027,0.030199007819151854,0.03201022103194767,0.01646267963256109,9.71853856562923,4.304538987873526,2.464723032069971,21.52269493936763,3.375802238240371,3.7202762406758665,2.7290181465982193,"[""TestDateTimeFormatter"", ""GJChronology"", ""DateTimeFormatter"", ""DateTimeFormat"", ""LocalDate""]","[0.06765899864682003, 0.027988338192419825, 0.026822157434402333, 0.02639019792648445, 0.02507288629737609]","[9.71853856562923, 2.8956268221574346, 2.464723032069971, 3.5475966069745524, 2.896209912536443]"
org.joda.time.format.TestDateTimeFormatter.testParseLocalDate_monthDay_feb29,0.06765899864682003,0.034786515699500545,0.02507288629737609,0.1739325784975027,0.030199007819151854,0.03201022103194767,0.01646267963256109,9.71853856562923,4.304538987873526,2.464723032069971,21.52269493936763,3.375802238240371,3.7202762406758665,2.7290181465982193,"[""TestDateTimeFormatter"", ""GJChronology"", ""DateTimeFormatter"", ""DateTimeFormat"", ""LocalDate""]","[0.06765899864682003, 0.027988338192419825, 0.026822157434402333, 0.02639019792648445, 0.02507288629737609]","[9.71853856562923, 2.8956268221574346, 2.464723032069971, 3.5475966069745524, 2.896209912536443]"
org.joda.time.format.TestDateTimeFormatter.testParseLocalDate_yearOfEra,0.06765899864682003,0.034786515699500545,0.02507288629737609,0.1739325784975027,0.030199007819151854,0.03201022103194767,0.01646267963256109,9.71853856562923,4.304538987873526,2.464723032069971,21.52269493936763,3.375802238240371,3.7202762406758665,2.7290181465982193,"[""TestDateTimeFormatter"", ""GJChronology"", ""DateTimeFormatter"", ""DateTimeFormat"", ""LocalDate""]","[0.06765899864682003, 0.027988338192419825, 0.026822157434402333, 0.02639019792648445, 0.02507288629737609]","[9.71853856562923, 2.8956268221574346, 2.464723032069971, 3.5475966069745524, 2.896209912536443]"
org.joda.time.TestLocalDate_Basics.testToDateTimeAtCurrentTime_nullZone,0.06765899864682003,0.0434690031411548,0.027149321266968326,0.1738760125646192,0.03911743613147184,0.041152038398140356,0.014880762147157636,9.71853856562923,5.846446454404889,1.4899806076276665,23.385785817619556,3.6246180572739686,4.809642721464776,2.929279402696099,"[""TestLocalDate_Basics"", ""LocalDate"", ""DateTime$Property"", ""DateTime"", ""DateTimeUtils""]","[0.06765899864682003, 0.04081632653061224, 0.03825136612021858, 0.027149321266968326]","[9.71853856562923, 5.746938775510204, 6.430327868852459, 1.4899806076276665]"
org.joda.time.TestLocalDate_Basics.testToDateTimeAtCurrentTime,0.06765899864682003,0.0434690031411548,0.027149321266968326,0.1738760125646192,0.03911743613147184,0.041152038398140356,0.014880762147157636,9.71853856562923,5.846446454404889,1.4899806076276665,23.385785817619556,3.6246180572739686,4.809642721464776,2.929279402696099,"[""TestLocalDate_Basics"", ""LocalDate"", ""DateTime$Property"", ""DateTime"", ""DateTimeUtils""]","[0.06765899864682003, 0.04081632653061224, 0.03825136612021858, 0.027149321266968326]","[9.71853856562923, 5.746938775510204, 6.430327868852459, 1.4899806076276665]"
org.joda.time.TestLocalDate_Basics.testToDateTime_nullLocalTime,0.06765899864682003,0.0434690031411548,0.027149321266968326,0.1738760125646192,0.03911743613147184,0.041152038398140356,0.014880762147157636,9.71853856562923,5.846446454404889,1.4899806076276665,23.385785817619556,3.6246180572739686,4.809642721464776,2.929279402696099,"[""LocalDate"", ""DateTime"", ""TestLocalDate_Basics"", ""DateTimeUtils""]","[0.06765899864682003, 0.04081632653061224, 0.03825136612021858, 0.027149321266968326]","[9.71853856562923, 5.746938775510204, 6.430327868852459, 1.4899806076276665]"
org.joda.time.TestLocalDate_Basics.testToDateTimeAtCurrentTime_Zone,0.06765899864682003,0.0434690031411548,0.027149321266968326,0.1738760125646192,0.03911743613147184,0.041152038398140356,0.014880762147157636,9.71853856562923,5.846446454404889,1.4899806076276665,23.385785817619556,3.6246180572739686,4.809642721464776,2.929279402696099,"[""TestLocalDate_Basics"", ""LocalDate"", ""DateTime$Property"", ""DateTime"", ""DateTimeUtils""]","[0.06765899864682003, 0.04081632653061224, 0.03825136612021858, 0.027149321266968326]","[9.71853856562923, 5.746938775510204, 6.430327868852459, 1.4899806076276665]"
org.joda.time.TestLocalDate_Basics.testToDateTime_nullRI,0.06765899864682003,0.0434690031411548,0.027149321266968326,0.1738760125646192,0.03911743613147184,0.041152038398140356,0.014880762147157636,9.71853856562923,5.846446454404889,1.4899806076276665,23.385785817619556,3.6246180572739686,4.809642721464776,2.929279402696099,"[""TestLocalDate_Basics"", ""LocalDate"", ""DateTime$Property"", ""DateTime"", ""DateTimeUtils""]","[0.06765899864682003, 0.04081632653061224, 0.03825136612021858, 0.027149321266968326]","[9.71853856562923, 5.746938775510204, 6.430327868852459, 1.4899806076276665]"
org.joda.time.TestLocalDate_Basics.testToDateTime_nullLocalTime_Zone,0.06765899864682003,0.0434690031411548,0.027149321266968326,0.1738760125646192,0.03911743613147184,0.041152038398140356,0.014880762147157636,9.71853856562923,5.846446454404889,1.4899806076276665,23.385785817619556,3.6246180572739686,4.809642721464776,2.929279402696099,"[""LocalDate"", ""DateTime"", ""TestLocalDate_Basics"", ""DateTimeUtils""]","[0.06765899864682003, 0.04081632653061224, 0.03825136612021858, 0.027149321266968326]","[9.71853856562923, 5.746938775510204, 6.430327868852459, 1.4899806076276665]"
org.joda.time.TestDateTimeZoneCutover.test_DateTime_JustAfterLastEverOverlap,0.06765899864682003,0.04338590203242773,0.018075801749271137,0.17354360812971092,0.03451769867162534,0.039135542358525933,0.017673387671639642,9.947368421052632,7.2841152306354795,3.7236151603498544,29.136460922541918,6.1920738430656135,6.744156372885238,2.6485565283246593,"[""DateTime"", ""TestDateTimeZoneCutover"", ""DateTimeZoneBuilder"", ""LocalDate""]","[0.06765899864682003, 0.046992481203007516, 0.04081632653061224, 0.018075801749271137]","[9.71853856562923, 9.947368421052632, 5.746938775510204, 3.7236151603498544]"
org.joda.time.TestDateTimeUtils.testGetInstantChronology_RI,0.04081632653061224,0.02436780049539439,0.01574344023323615,0.17057460346776074,0.022257835504578636,0.023239406593360972,0.00787987663017705,5.746938775510204,1.9716263585496994,0.7008746355685131,13.801384509847896,1.32967420326501,1.5657750676188185,1.5976754556317272,"[""BuddhistChronology"", ""AbstractInstant"", ""Instant"", ""TestDateTimeUtils$6"", ""ISOChronology"", ""TestDateTimeUtils"", ""DateTime"", ""DateTimeUtils""]","[0.04081632653061224, 0.027149321266968326, 0.02564102564102564, 0.02507288629737609, 0.018658892128279883, 0.01749271137026239, 0.01574344023323615]","[5.746938775510204, 1.4899806076276665, 1.9423076923076923, 1.8431486880466472, 0.963265306122449, 1.114868804664723, 0.7008746355685131]"
org.joda.time.convert.TestReadablePartialConverter.testGetPartialValues,0.044386422976501305,0.021155797622059574,0.006024096385542169,0.1692463809764766,0.014153353553416365,0.017405400444760043,0.01274545703744029,4.117493472584856,1.5685258535197286,0.06927710843373494,12.548206828157829,0.35513185850158724,0.8684939743658124,1.412005722401565,"[""YearMonthDay"", ""TimeOfDay"", ""TestReadablePartialConverter$MockTOD"", ""ReadablePartialConverter"", ""Arrays"", ""BasePartial"", ""TestReadablePartialConverter"", ""ISOChronology"", ""Chronology""]","[0.044386422976501305, 0.03763440860215054, 0.023993808049535603, 0.01924198250728863, 0.01574344023323615, 0.013991769547325103, 0.00823045267489712, 0.006024096385542169]","[4.117493472584856, 3.3669354838709675, 1.1029411764705883, 2.2746355685131197, 0.7008746355685131, 0.5925925925925926, 0.3234567901234568, 0.06927710843373494]"
org.joda.time.TestMutableDateTime_Basics.testEqualsHashCode,0.04081632653061224,0.02417592899652581,0.01574344023323615,0.16923150297568065,0.021301457746613094,0.02260119755502904,0.009284781042446611,5.746938775510204,2.498120824890737,0.632069970845481,17.48684577423516,1.4373920914025797,1.9180530231200381,1.7064275571888605,"[""TestMutableDateTime_Basics$MockEqualsChronology"", ""BaseChronology"", ""AbstractInstant"", ""MutableDateTime"", ""GregorianChronology"", ""TestMutableDateTime_Basics"", ""ISOChronology"", ""TestMutableDateTime_Basics$MockInstant"", ""DateTime""]","[0.04081632653061224, 0.03498542274052478, 0.02507288629737609, 0.019054340155257588, 0.017815646785437646, 0.01574344023323615, 0.01574344023323615]","[5.746938775510204, 4.066472303206997, 1.8431486880466472, 2.475652787579393, 2.021688613477924, 0.7008746355685131, 0.632069970845481]"
org.joda.time.TestInterval_Constructors.testConstructor_RI_RP3,0.04081632653061224,0.024127270799939062,0.00994733762434172,0.16889089559957343,0.020504151170133034,0.022388519146192724,0.008886950963254486,5.746938775510204,2.8802270711219298,0.689877121123464,20.16158949785351,1.6310481426807775,2.209812866177409,1.8385137472795445,"[""TestInterval_Constructors"", ""Interval"", ""DurationField"", ""DateTime"", ""PeriodType"", ""CopticChronology"", ""Period""]","[0.04081632653061224, 0.030927835051546393, 0.022713687985654513, 0.02266081871345029, 0.021957340025094103, 0.019867549668874173, 0.00994733762434172]","[5.746938775510204, 4.878497790868925, 1.5499103407053199, 2.722953216374269, 0.8456712672521958, 3.7277409860191315, 0.689877121123464]"
org.joda.time.TestInterval_Constructors.testConstructor_RP_RI3,0.04081632653061224,0.024127270799939062,0.00994733762434172,0.16889089559957343,0.020504151170133034,0.022388519146192724,0.008886950963254486,5.746938775510204,2.8802270711219298,0.689877121123464,20.16158949785351,1.6310481426807775,2.209812866177409,1.8385137472795445,"[""TestInterval_Constructors"", ""Interval"", ""DurationField"", ""DateTime"", ""PeriodType"", ""CopticChronology"", ""Period""]","[0.04081632653061224, 0.030927835051546393, 0.022713687985654513, 0.02266081871345029, 0.021957340025094103, 0.019867549668874173, 0.00994733762434172]","[5.746938775510204, 4.878497790868925, 1.5499103407053199, 2.722953216374269, 0.8456712672521958, 3.7277409860191315, 0.689877121123464]"
org.joda.time.TestLocalDate_Constructors.testParse_formatter,0.06765899864682003,0.03296471575291628,0.01574344023323615,0.1648235787645814,0.026470538856164894,0.02921395009479233,0.017906061414695276,9.71853856562923,3.8595940676676626,0.7008746355685131,19.297970338338313,1.9493223343446249,2.796499130634695,3.075587165862345,"[""DateTimeFormatter"", ""DateTimeFormat"", ""LocalDate"", ""ISOChronology"", ""TestLocalDate_Constructors""]","[0.06765899864682003, 0.027988338192419825, 0.026822157434402333, 0.02661064425770308, 0.01574344023323615]","[9.71853856562923, 2.8956268221574346, 2.464723032069971, 3.518207282913165, 0.7008746355685131]"
org.joda.time.format.TestDateTimeFormatter.testParseLocalDateTime_monthDay_feb29,0.058186738836265225,0.03289206373738958,0.02507288629737609,0.1644603186869479,0.02976644060985803,0.03105906397071825,0.01268167709702897,11.043301759133964,4.5694916265744725,2.464723032069971,22.84745813287236,3.4041720757867124,3.8165836374320454,3.255341241035282,"[""TestDateTimeFormatter"", ""LocalDateTime"", ""GJChronology"", ""DateTimeFormatter"", ""DateTimeFormat""]","[0.058186738836265225, 0.027988338192419825, 0.026822157434402333, 0.02639019792648445, 0.02507288629737609]","[11.043301759133964, 2.8956268221574346, 2.464723032069971, 3.5475966069745524, 2.896209912536443]"
org.joda.time.format.TestDateTimeFormatter.testParseLocalDateTime_monthDay_withDefaultYear_feb29,0.058186738836265225,0.03289206373738958,0.02507288629737609,0.1644603186869479,0.02976644060985803,0.03105906397071825,0.01268167709702897,11.043301759133964,4.5694916265744725,2.464723032069971,22.84745813287236,3.4041720757867124,3.8165836374320454,3.255341241035282,"[""TestDateTimeFormatter"", ""LocalDateTime"", ""GJChronology"", ""DateTimeFormatter"", ""DateTimeFormat""]","[0.058186738836265225, 0.027988338192419825, 0.026822157434402333, 0.02639019792648445, 0.02507288629737609]","[11.043301759133964, 2.8956268221574346, 2.464723032069971, 3.5475966069745524, 2.896209912536443]"
org.joda.time.field.TestBaseDateTimeField.test_add_RP_int_intarray_int,0.044386422976501305,0.018096663725433688,0.006024096385542169,0.1628699735289032,0.013624277896858118,0.015636866924130098,0.010586216851814465,4.117493472584856,1.596223573270767,0.06927710843373494,14.366012159436904,0.4159489774064077,1.0226638996628128,1.1881904085795865,"[""TestBaseDateTimeField$MockStandardBaseDateTimeField"", ""BaseDateTimeField"", ""TimeOfDay"", ""Arrays"", ""TestBaseDateTimeField"", ""DateTimeFieldType"", ""TestBaseDateTimeField$MockPartial"", ""BaseDurationField"", ""BasePartial"", ""DurationFieldType"", ""ISOChronology"", ""TestBaseDateTimeField$MockBaseDateTimeField"", ""TestBaseDateTimeField$MockCountingDurationField""]","[0.044386422976501305, 0.023993808049535603, 0.02040816326530612, 0.016693163751987282, 0.01574344023323615, 0.013300083125519535, 0.012718600953895072, 0.009602194787379973, 0.006024096385542169]","[4.117493472584856, 1.1029411764705883, 2.4285714285714284, 2.1089030206677264, 0.7008746355685131, 2.2527015793848713, 1.1764705882352942, 0.40877914951989025, 0.06927710843373494]"
org.joda.time.TestYearMonthDay_Basics.testCompareTo,0.044386422976501305,0.02705065523613262,0.01574344023323615,0.16230393141679572,0.023425483718664066,0.025119635628468764,0.010546135698778254,4.117493472584856,2.819672931543075,0.632069970845481,16.91803758925845,1.8785441392630589,2.4319479188008657,1.142687606699767,"[""YearMonthDay"", ""TimeOfDay"", ""DateTimeFieldType"", ""GregorianChronology"", ""TestYearMonthDay_Basics"", ""Partial""]","[0.044386422976501305, 0.03763440860215054, 0.024134312696747113, 0.023712183156173343, 0.016693163751987282, 0.01574344023323615]","[4.117493472584856, 3.3669354838709675, 3.396642182581322, 3.295993458708095, 2.1089030206677264, 0.632069970845481]"
org.joda.time.TestLocalDate_Constructors.testConstructor_nullDateTimeZone,0.06765899864682003,0.040558822675525914,0.02661064425770308,0.16223529070210366,0.03518268764871629,0.03758317462429034,0.016649716627558694,9.71853856562923,5.118416307920066,1.4899806076276665,20.473665231680265,3.2459966701647436,4.136517757541275,3.0529649454672247,"[""DateTimeUtils"", ""LocalDate"", ""TestLocalDate_Constructors"", ""DateTime""]","[0.06765899864682003, 0.04081632653061224, 0.027149321266968326, 0.02661064425770308]","[9.71853856562923, 5.746938775510204, 1.4899806076276665, 3.518207282913165]"
org.joda.time.TestLocalDate_Constructors.testConstructor_DateTimeZone,0.06765899864682003,0.040558822675525914,0.02661064425770308,0.16223529070210366,0.03518268764871629,0.03758317462429034,0.016649716627558694,9.71853856562923,5.118416307920066,1.4899806076276665,20.473665231680265,3.2459966701647436,4.136517757541275,3.0529649454672247,"[""DateTimeUtils"", ""LocalDate"", ""TestLocalDate_Constructors"", ""DateTime""]","[0.06765899864682003, 0.04081632653061224, 0.027149321266968326, 0.02661064425770308]","[9.71853856562923, 5.746938775510204, 1.4899806076276665, 3.518207282913165]"
org.joda.time.TestInterval_Constructors.testConstructor_RI_RP2,0.04081632653061224,0.023066905466731596,0.00994733762434172,0.16146833826712118,0.01930340296901033,0.021158812570831523,0.009428775227762927,5.746938775510204,2.464616740896163,0.689877121123464,17.252317186273142,1.3192881839388233,1.7731553124447224,1.9279310990295364,"[""TestInterval_Constructors"", ""Interval"", ""DurationField"", ""Instant"", ""ISOChronology"", ""DateTime"", ""Period""]","[0.04081632653061224, 0.030927835051546393, 0.022713687985654513, 0.02266081871345029, 0.018658892128279883, 0.01574344023323615, 0.00994733762434172]","[5.746938775510204, 4.878497790868925, 1.5499103407053199, 2.722953216374269, 0.963265306122449, 0.7008746355685131, 0.689877121123464]"
org.joda.time.TestInterval_Constructors.testConstructor_RP_RI2,0.04081632653061224,0.023066905466731596,0.00994733762434172,0.16146833826712118,0.01930340296901033,0.021158812570831523,0.009428775227762927,5.746938775510204,2.464616740896163,0.689877121123464,17.252317186273142,1.3192881839388233,1.7731553124447224,1.9279310990295364,"[""TestInterval_Constructors"", ""Interval"", ""DurationField"", ""Instant"", ""ISOChronology"", ""DateTime"", ""Period""]","[0.04081632653061224, 0.030927835051546393, 0.022713687985654513, 0.02266081871345029, 0.018658892128279883, 0.01574344023323615, 0.00994733762434172]","[5.746938775510204, 4.878497790868925, 1.5499103407053199, 2.722953216374269, 0.963265306122449, 0.7008746355685131, 0.689877121123464]"
org.joda.time.format.TestTextFields.testMonthNames_monthEnd,0.04081632653061224,0.022939701050488225,0.014222222222222223,0.16057790735341756,0.020182739751945022,0.021433990880636633,0.0088912143005355,5.746938775510204,2.367513906242769,0.6728888888888889,16.572597343699382,1.4498717404396588,1.8699291948948389,1.5888044555430982,"[""TestTextFields"", ""DateTimeField"", ""DateTimeFormatter"", ""DateTimeFormat"", ""ISOChronology"", ""DateTime"", ""Chronology""]","[0.04081632653061224, 0.027988338192419825, 0.026822157434402333, 0.01924198250728863, 0.01574344023323615, 0.01574344023323615, 0.014222222222222223]","[5.746938775510204, 2.8956268221574346, 2.464723032069971, 2.2746355685131197, 0.7008746355685131, 1.8169096209912536, 0.6728888888888889]"
org.joda.time.format.TestDateTimeFormatter.testParseDateTime_zone3,0.04256559766763848,0.03210019701969922,0.0239067055393586,0.16050098509849609,0.030303418771532,0.03116518775821458,0.00791316142284214,7.718950437317784,4.904737980287039,2.464723032069971,24.523689901435194,4.203940877498886,4.553233802146315,1.8135274025506163,"[""TestDateTimeFormatter"", ""DateTimeFormatter"", ""ISODateTimeFormat"", ""DateTimeFormatterBuilder"", ""DateTime""]","[0.04256559766763848, 0.04081632653061224, 0.026822157434402333, 0.02639019792648445, 0.0239067055393586]","[7.718950437317784, 5.746938775510204, 2.464723032069971, 3.5475966069745524, 5.0454810495626825]"
org.joda.time.format.TestDateTimeFormatterBuilder.test_parseWrongOffsetAndZone,0.04256559766763848,0.03206997084548105,0.01282798833819242,0.16034985422740525,0.02631202549202744,0.029491180208575777,0.01106336207639083,7.718950437317784,4.101457725947522,1.2180758017492712,20.50728862973761,2.735241580846607,3.389371116591464,2.3383109252157377,"[""TestDateTimeFormatterBuilder"", ""DateTimeFormatter"", ""DateTimeZone"", ""DateTimeFormatterBuilder"", ""DateTime""]","[0.04256559766763848, 0.04081632653061224, 0.037317784256559766, 0.026822157434402333, 0.01282798833819242]","[7.718950437317784, 5.746938775510204, 3.358600583090379, 2.464723032069971, 1.2180758017492712]"
org.joda.time.format.TestDateTimeFormatterBuilder.test_parseWrongOffset,0.04256559766763848,0.03206997084548105,0.01282798833819242,0.16034985422740525,0.02631202549202744,0.029491180208575777,0.01106336207639083,7.718950437317784,4.101457725947522,1.2180758017492712,20.50728862973761,2.735241580846607,3.389371116591464,2.3383109252157377,"[""TestDateTimeFormatterBuilder"", ""DateTimeFormatter"", ""DateTimeZone"", ""DateTimeFormatterBuilder"", ""DateTime""]","[0.04256559766763848, 0.04081632653061224, 0.037317784256559766, 0.026822157434402333, 0.01282798833819242]","[7.718950437317784, 5.746938775510204, 3.358600583090379, 2.464723032069971, 1.2180758017492712]"
org.joda.time.format.TestDateTimeFormatterBuilder.test_printParseZoneDawsonCreek,0.04256559766763848,0.03206997084548105,0.01282798833819242,0.16034985422740525,0.02631202549202744,0.029491180208575777,0.01106336207639083,7.718950437317784,4.101457725947522,1.2180758017492712,20.50728862973761,2.735241580846607,3.389371116591464,2.3383109252157377,"[""TestDateTimeFormatterBuilder"", ""DateTimeFormatter"", ""DateTimeZone"", ""DateTimeFormatterBuilder"", ""DateTime""]","[0.04256559766763848, 0.04081632653061224, 0.037317784256559766, 0.026822157434402333, 0.01282798833819242]","[7.718950437317784, 5.746938775510204, 3.358600583090379, 2.464723032069971, 1.2180758017492712]"
org.joda.time.format.TestDateTimeFormatterBuilder.test_printParseZoneBahiaBanderas,0.04256559766763848,0.03206997084548105,0.01282798833819242,0.16034985422740525,0.02631202549202744,0.029491180208575777,0.01106336207639083,7.718950437317784,4.101457725947522,1.2180758017492712,20.50728862973761,2.735241580846607,3.389371116591464,2.3383109252157377,"[""TestDateTimeFormatterBuilder"", ""DateTimeFormatter"", ""DateTimeZone"", ""DateTimeFormatterBuilder"", ""DateTime""]","[0.04256559766763848, 0.04081632653061224, 0.037317784256559766, 0.026822157434402333, 0.01282798833819242]","[7.718950437317784, 5.746938775510204, 3.358600583090379, 2.464723032069971, 1.2180758017492712]"
org.joda.time.format.TestDateTimeFormatterBuilder.test_printParseOffsetAndZone,0.04256559766763848,0.03206997084548105,0.01282798833819242,0.16034985422740525,0.02631202549202744,0.029491180208575777,0.01106336207639083,7.718950437317784,4.101457725947522,1.2180758017492712,20.50728862973761,2.735241580846607,3.389371116591464,2.3383109252157377,"[""TestDateTimeFormatterBuilder"", ""DateTimeFormatter"", ""DateTimeZone"", ""DateTimeFormatterBuilder"", ""DateTime""]","[0.04256559766763848, 0.04081632653061224, 0.037317784256559766, 0.026822157434402333, 0.01282798833819242]","[7.718950437317784, 5.746938775510204, 3.358600583090379, 2.464723032069971, 1.2180758017492712]"
org.joda.time.format.TestDateTimeFormatterBuilder.test_printParseOffset,0.04256559766763848,0.03206997084548105,0.01282798833819242,0.16034985422740525,0.02631202549202744,0.029491180208575777,0.01106336207639083,7.718950437317784,4.101457725947522,1.2180758017492712,20.50728862973761,2.735241580846607,3.389371116591464,2.3383109252157377,"[""TestDateTimeFormatterBuilder"", ""DateTimeFormatter"", ""DateTimeZone"", ""DateTimeFormatterBuilder"", ""DateTime""]","[0.04256559766763848, 0.04081632653061224, 0.037317784256559766, 0.026822157434402333, 0.01282798833819242]","[7.718950437317784, 5.746938775510204, 3.358600583090379, 2.464723032069971, 1.2180758017492712]"
org.joda.time.TestMonthDay_Basics.testCompareTo,0.05013550135501355,0.026694256255639908,0.01574344023323615,0.16016553753383944,0.022496082879100304,0.02433238695809352,0.0122447309416379,7.333333333333333,3.983627686248459,0.632069970845481,23.901766117490755,2.0833826652860488,3.096510739461049,2.260103254991721,"[""TestMonthDay_Basics"", ""DateTimeFieldType"", ""LocalTime"", ""GregorianChronology"", ""Partial"", ""MonthDay""]","[0.05013550135501355, 0.03459119496855346, 0.024134312696747113, 0.018867924528301886, 0.016693163751987282, 0.01574344023323615]","[7.333333333333333, 6.022012578616352, 3.396642182581322, 4.408805031446541, 2.1089030206677264, 0.632069970845481]"
org.joda.time.TestDateTimeZoneCutover.testBug2182444_usCentral,0.046992481203007516,0.03202240294614086,0.01574344023323615,0.1601120147307043,0.026586539729516197,0.029324155875715095,0.0123111426914884,9.947368421052632,4.391922663802363,0.632069970845481,21.959613319011815,1.927516124065603,3.0774855561447394,3.236856427580262,"[""DateTimeZone"", ""GregorianChronology"", ""DateTime"", ""Chronology"", ""TestDateTimeZoneCutover""]","[0.046992481203007516, 0.04081632653061224, 0.037317784256559766, 0.01924198250728863, 0.01574344023323615]","[9.947368421052632, 5.746938775510204, 3.358600583090379, 2.2746355685131197, 0.632069970845481]"
org.joda.time.TestDateTimeZoneCutover.testBug2182444_ausNSW,0.046992481203007516,0.03202240294614086,0.01574344023323615,0.1601120147307043,0.026586539729516197,0.029324155875715095,0.0123111426914884,9.947368421052632,4.391922663802363,0.632069970845481,21.959613319011815,1.927516124065603,3.0774855561447394,3.236856427580262,"[""DateTimeZone"", ""GregorianChronology"", ""DateTime"", ""Chronology"", ""TestDateTimeZoneCutover""]","[0.046992481203007516, 0.04081632653061224, 0.037317784256559766, 0.01924198250728863, 0.01574344023323615]","[9.947368421052632, 5.746938775510204, 3.358600583090379, 2.2746355685131197, 0.632069970845481]"
org.joda.time.TestPeriod_Constructors.testConstructor_RP_RP_PeriodType6,0.044386422976501305,0.031996429750269686,0.019867549668874173,0.15998214875134845,0.0296598048008062,0.030836901781761645,0.008448479963700656,5.272393538913363,4.272612254451449,3.3669354838709675,21.363061272257244,4.157037995078791,4.214261444758764,0.7082170357199996,"[""YearMonthDay"", ""TimeOfDay"", ""TestPeriod_Constructors"", ""PeriodType"", ""Period""]","[0.044386422976501305, 0.03763440860215054, 0.030927835051546393, 0.027165932452276064, 0.019867549668874173]","[4.117493472584856, 3.3669354838709675, 4.878497790868925, 5.272393538913363, 3.7277409860191315]"
org.joda.time.format.TestDateTimeFormat.testFormat_year_twoDigit,0.04256559766763848,0.0319533527696793,0.021574344023323616,0.1597667638483965,0.029876381559869568,0.030893009237207617,0.008257679751417132,7.718950437317784,4.49725947521866,2.464723032069971,22.486297376093297,3.7654851795335023,4.1001402099768995,1.9666381644614868,"[""TestDateTimeFormat"", ""DateTimeFormatter"", ""DateTimeFormat"", ""DateTimeFormatterBuilder"", ""DateTime"", ""Integer""]","[0.04256559766763848, 0.04081632653061224, 0.027988338192419825, 0.026822157434402333, 0.021574344023323616]","[7.718950437317784, 5.746938775510204, 2.8956268221574346, 2.464723032069971, 3.660058309037901]"
org.joda.time.format.TestDateTimeFormat.testFormat_weekyearOfEra_twoDigit,0.04256559766763848,0.0319533527696793,0.021574344023323616,0.1597667638483965,0.029876381559869568,0.030893009237207617,0.008257679751417132,7.718950437317784,4.49725947521866,2.464723032069971,22.486297376093297,3.7654851795335023,4.1001402099768995,1.9666381644614868,"[""TestDateTimeFormat"", ""DateTimeFormatter"", ""DateTimeFormat"", ""DateTimeFormatterBuilder"", ""DateTime"", ""Integer""]","[0.04256559766763848, 0.04081632653061224, 0.027988338192419825, 0.026822157434402333, 0.021574344023323616]","[7.718950437317784, 5.746938775510204, 2.8956268221574346, 2.464723032069971, 3.660058309037901]"
org.joda.time.TestLocalDateTime_Basics.testEqualsHashCode,0.058186738836265225,0.026353207498682103,0.011494252873563218,0.15811924499209262,0.020495633050486326,0.022975316773363036,0.01520435409370174,11.043301759133964,4.159937328677568,0.30493576741041245,24.95962397206541,1.2632530117644298,2.61525465297157,3.497108442239149,"[""LocalDateTime"", ""Object"", ""TestLocalDateTime_Basics$MockInstant"", ""DateTimeFieldType"", ""MockPartial"", ""TestLocalDateTime_Basics"", ""Partial"", ""Chronology""]","[0.058186738836265225, 0.028368794326241134, 0.024134312696747113, 0.01924198250728863, 0.016693163751987282, 0.011494252873563218]","[11.043301759133964, 5.831205673758865, 3.396642182581322, 2.2746355685131197, 2.1089030206677264, 0.30493576741041245]"
org.joda.time.TestPeriod_Constructors.testFactoryFieldDifference1,0.03763440860215054,0.026070533703930258,0.016693163751987282,0.15642320222358155,0.024253355346059186,0.025150474797294268,0.0069363475908259436,5.272393538913363,3.7918521671535728,2.1089030206677264,22.751113002921436,3.4712140935664584,3.636471127945669,1.0445074323872687,"[""YearMonthDay"", ""DateTimeFieldType"", ""TestPeriod_Constructors"", ""Partial"", ""PeriodType"", ""Period""]","[0.03763440860215054, 0.030927835051546393, 0.027165932452276064, 0.024134312696747113, 0.019867549668874173, 0.016693163751987282]","[3.3669354838709675, 4.878497790868925, 5.272393538913363, 3.396642182581322, 3.7277409860191315, 2.1089030206677264]"
org.joda.time.TestLocalDate_Basics.testToDateTime_wrongChronoLocalTime_Zone,0.06765899864682003,0.052015288707350726,0.03825136612021858,0.15604586612205218,0.049286331384292566,0.05062588475392182,0.012078973827065827,9.71853856562923,7.827399922605007,6.430327868852459,23.482199767815022,7.599307152698735,7.709836506665813,1.3871214180393394,"[""TestLocalDate_Basics"", ""LocalTime"", ""LocalDate""]","[0.06765899864682003, 0.05013550135501355, 0.03825136612021858]","[9.71853856562923, 7.333333333333333, 6.430327868852459]"
org.joda.time.TestLocalDate_Basics.testToLocalDateTime_wrongChronologyLocalTime,0.06765899864682003,0.052015288707350726,0.03825136612021858,0.15604586612205218,0.049286331384292566,0.05062588475392182,0.012078973827065827,9.71853856562923,7.827399922605007,6.430327868852459,23.482199767815022,7.599307152698735,7.709836506665813,1.3871214180393394,"[""TestLocalDate_Basics"", ""LocalTime"", ""LocalDate""]","[0.06765899864682003, 0.05013550135501355, 0.03825136612021858]","[9.71853856562923, 7.333333333333333, 6.430327868852459]"
org.joda.time.TestYearMonthDay_Basics.testToInterval_nullZone,0.04081632653061224,0.031160888265227404,0.022713687985654513,0.15580444132613702,0.029480525171695842,0.03031136859139459,0.007239152820800051,5.746938775510204,3.767655169932703,1.5499103407053199,18.838275849663514,3.0776994641203306,3.4407259184052386,1.4458885215668507,"[""YearMonthDay"", ""Interval"", ""TestYearMonthDay_Basics"", ""DateTime"", ""Period""]","[0.04081632653061224, 0.03763440860215054, 0.030927835051546393, 0.023712183156173343, 0.022713687985654513]","[5.746938775510204, 3.3669354838709675, 4.878497790868925, 3.295993458708095, 1.5499103407053199]"
org.joda.time.TestYearMonthDay_Basics.testToInterval,0.04081632653061224,0.031160888265227404,0.022713687985654513,0.15580444132613702,0.029480525171695842,0.03031136859139459,0.007239152820800051,5.746938775510204,3.767655169932703,1.5499103407053199,18.838275849663514,3.0776994641203306,3.4407259184052386,1.4458885215668507,"[""YearMonthDay"", ""Interval"", ""TestYearMonthDay_Basics"", ""DateTime"", ""Period""]","[0.04081632653061224, 0.03763440860215054, 0.030927835051546393, 0.023712183156173343, 0.022713687985654513]","[5.746938775510204, 3.3669354838709675, 4.878497790868925, 3.295993458708095, 1.5499103407053199]"
org.joda.time.TestYearMonthDay_Basics.testToInterval_Zone,0.04081632653061224,0.031160888265227404,0.022713687985654513,0.15580444132613702,0.029480525171695842,0.03031136859139459,0.007239152820800051,5.746938775510204,3.767655169932703,1.5499103407053199,18.838275849663514,3.0776994641203306,3.4407259184052386,1.4458885215668507,"[""YearMonthDay"", ""Interval"", ""TestYearMonthDay_Basics"", ""DateTime"", ""Period""]","[0.04081632653061224, 0.03763440860215054, 0.030927835051546393, 0.023712183156173343, 0.022713687985654513]","[5.746938775510204, 3.3669354838709675, 4.878497790868925, 3.295993458708095, 1.5499103407053199]"
org.joda.time.TestLocalDateTime_Constructors.testParse_formatter,0.058186738836265225,0.031153540344670112,0.01574344023323615,0.15576770172335055,0.026216946013701604,0.028434038730236436,0.01424129559324609,11.043301759133964,4.334134268278154,0.7008746355685131,21.67067134139077,2.01011659633961,3.02245567731521,3.5729913250434278,"[""TestLocalDateTime_Constructors"", ""LocalDateTime"", ""DateTimeFormatter"", ""DateTimeFormat"", ""ISOChronology""]","[0.058186738836265225, 0.027988338192419825, 0.02702702702702703, 0.026822157434402333, 0.01574344023323615]","[11.043301759133964, 2.8956268221574346, 4.566145092460882, 2.464723032069971, 0.7008746355685131]"
org.joda.time.convert.TestCalendarConverter.testGetChronology_Object_nullChronology,0.02507288629737609,0.011974636326875628,0.00243605359317905,0.15567027224938315,0.008148533001986554,0.010118202836859214,0.006295469296082636,2.896209912536443,0.6166548553690896,0.04506699147381242,8.016513119798164,0.1968472078767547,0.34628696782522733,0.7309353116499306,"[""TestCalendarConverter"", ""GJChronology"", ""MockUnknownTimeZone"", ""Calendar"", ""BuddhistChronology"", ""GregorianChronology"", ""MockUnknownCalendar"", ""Class"", ""JulianChronology"", ""ISOChronology"", ""CalendarConverter"", ""GregorianCalendar"", ""TimeZone"", ""Date""]","[0.02507288629737609, 0.018658892128279883, 0.01749271137026239, 0.01574344023323615, 0.01574344023323615, 0.015006821282401092, 0.011117612638970159, 0.009549795361527967, 0.006830601092896175, 0.006006006006006006, 0.006006006006006006, 0.006006006006006006, 0.00243605359317905]","[2.896209912536443, 0.8128279883381925, 1.114868804664723, 0.7008746355685131, 0.632069970845481, 0.6664392905866303, 0.34932709186658867, 0.2305593451568895, 0.18989071038251365, 0.1111111111111111, 0.15615615615615616, 0.1111111111111111, 0.04506699147381242]"
org.joda.time.format.TestDateTimeFormatter.testParseMutableDateTime_zone3,0.04256559766763848,0.03093401626168173,0.0239067055393586,0.15467008130840865,0.029571587280500407,0.030219020950793853,0.00690860831900374,7.718950437317784,4.568644685826397,2.464723032069971,22.843223429131985,3.9642647864279583,4.2488969775439385,1.7817408258216916,"[""TestDateTimeFormatter"", ""DateTimeFormatter"", ""ISODateTimeFormat"", ""MutableDateTime"", ""DateTimeFormatterBuilder""]","[0.04256559766763848, 0.03498542274052478, 0.026822157434402333, 0.02639019792648445, 0.0239067055393586]","[7.718950437317784, 4.066472303206997, 2.464723032069971, 3.5475966069745524, 5.0454810495626825]"
org.joda.time.format.TestDateTimeFormatter.testParseInto_zone3,0.04256559766763848,0.03093401626168173,0.0239067055393586,0.15467008130840865,0.029571587280500407,0.030219020950793853,0.00690860831900374,7.718950437317784,4.568644685826397,2.464723032069971,22.843223429131985,3.9642647864279583,4.2488969775439385,1.7817408258216916,"[""TestDateTimeFormatter"", ""DateTimeFormatter"", ""ISODateTimeFormat"", ""MutableDateTime"", ""DateTimeFormatterBuilder""]","[0.04256559766763848, 0.03498542274052478, 0.026822157434402333, 0.02639019792648445, 0.0239067055393586]","[7.718950437317784, 4.066472303206997, 2.464723032069971, 3.5475966069745524, 5.0454810495626825]"
org.joda.time.TestLocalDateTime_Basics.testToLocalDate,0.06765899864682003,0.051404843936442124,0.028368794326241134,0.15421453180932637,0.04463219953707068,0.04815745053987962,0.016741676792014073,11.043301759133964,8.864348666174019,5.831205673758865,26.593045998522058,8.2205321288768,8.553675173806706,2.211894616091837,"[""LocalDateTime"", ""LocalDate"", ""TestLocalDateTime_Basics""]","[0.06765899864682003, 0.058186738836265225, 0.028368794326241134]","[9.71853856562923, 11.043301759133964, 5.831205673758865]"
org.joda.time.TestLocalDateTime_Constructors.testConstructor_DateTimeZone,0.058186738836265225,0.03829485341521821,0.02702702702702703,0.15317941366087284,0.03462622466782982,0.03633321228853693,0.012779199218435077,11.043301759133964,5.711591558683179,1.4899806076276665,22.846366234732717,3.464069930392105,4.5584422620560465,3.4482760082533033,"[""TestLocalDateTime_Constructors"", ""DateTimeUtils"", ""LocalDateTime"", ""DateTime""]","[0.058186738836265225, 0.04081632653061224, 0.027149321266968326, 0.02702702702702703]","[11.043301759133964, 5.746938775510204, 1.4899806076276665, 4.566145092460882]"
org.joda.time.TestLocalDateTime_Constructors.testConstructor_ObjectLocalDate,0.06765899864682003,0.05095758817003743,0.02702702702702703,0.15287276451011228,0.04349966616535269,0.04738591666791666,0.01735770230462896,11.043301759133964,8.442661805741357,4.566145092460882,25.327985417224074,7.273575894825964,7.884059074509936,2.793956066341937,"[""TestLocalDateTime_Constructors"", ""LocalDateTime"", ""LocalDate""]","[0.06765899864682003, 0.058186738836265225, 0.02702702702702703]","[9.71853856562923, 11.043301759133964, 4.566145092460882]"
org.joda.time.TestLocalDate_Constructors.testConstructor_ObjectLocalDateTime,0.06765899864682003,0.05081879391359611,0.02661064425770308,0.15245638174078832,0.043137540642744075,0.04714131114622484,0.017549108406625644,11.043301759133964,8.093349202558786,3.518207282913165,24.28004760767636,6.280296853897455,7.227816337449847,3.2800093565303725,"[""LocalDateTime"", ""TestLocalDate_Constructors"", ""LocalDate""]","[0.06765899864682003, 0.058186738836265225, 0.02661064425770308]","[9.71853856562923, 11.043301759133964, 3.518207282913165]"
org.joda.time.TestMutableInterval_Constructors.testConstructor_RI_RP3,0.04081632653061224,0.02174650275697228,0.00994733762434172,0.15222551929880596,0.01812615258430477,0.019800090062226546,0.009752262446630145,5.746938775510204,2.7599686100953207,0.689877121123464,19.319780270667245,1.4760869651574682,2.042452049028957,1.9006267317745078,"[""TestMutableInterval_Constructors"", ""DurationField"", ""MutableInterval"", ""ISOChronology"", ""DateTime"", ""PeriodType"", ""Period""]","[0.04081632653061224, 0.030927835051546393, 0.019867549668874173, 0.01852958756724447, 0.01639344262295082, 0.01574344023323615, 0.00994733762434172]","[5.746938775510204, 4.878497790868925, 3.7277409860191315, 1.2755528989838614, 2.3002980625931446, 0.7008746355685131, 0.689877121123464]"
org.joda.time.TestMutableInterval_Constructors.testConstructor_RP_RI3,0.04081632653061224,0.02174650275697228,0.00994733762434172,0.15222551929880596,0.01812615258430477,0.019800090062226546,0.009752262446630145,5.746938775510204,2.7599686100953207,0.689877121123464,19.319780270667245,1.4760869651574682,2.042452049028957,1.9006267317745078,"[""TestMutableInterval_Constructors"", ""DurationField"", ""MutableInterval"", ""ISOChronology"", ""DateTime"", ""PeriodType"", ""Period""]","[0.04081632653061224, 0.030927835051546393, 0.019867549668874173, 0.01852958756724447, 0.01639344262295082, 0.01574344023323615, 0.00994733762434172]","[5.746938775510204, 4.878497790868925, 3.7277409860191315, 1.2755528989838614, 2.3002980625931446, 0.7008746355685131, 0.689877121123464]"
org.joda.time.TestDays.testFactory_daysBetween_RPartial_LocalDate,0.06765899864682003,0.03790482146080494,0.020766773162939296,0.15161928584321976,0.031096878309115786,0.03409622769237089,0.018244955377252996,9.71853856562923,4.578477138573133,2.4345047923322682,18.31390855429253,3.4229516768535935,3.8624730907256457,2.986188690977211,"[""Days"", ""YearMonthDay"", ""TestDays"", ""LocalDate""]","[0.06765899864682003, 0.03763440860215054, 0.025559105431309903, 0.020766773162939296]","[9.71853856562923, 3.3669354838709675, 2.7939297124600637, 2.4345047923322682]"
org.joda.time.TestMonths.testFactory_monthsBetween_RPartial_LocalDate,0.06765899864682003,0.03790482146080494,0.020766773162939296,0.15161928584321976,0.031096878309115786,0.03409622769237089,0.018244955377252996,9.71853856562923,4.350841355825528,1.987220447284345,17.403365423302112,3.0026005102545508,3.5086551925485243,3.1403835937566784,"[""YearMonthDay"", ""Months"", ""TestMonths"", ""LocalDate""]","[0.06765899864682003, 0.03763440860215054, 0.025559105431309903, 0.020766773162939296]","[9.71853856562923, 3.3669354838709675, 2.330670926517572, 1.987220447284345]"
org.joda.time.TestMutableInterval_Constructors.testConstructor_RI_RP2,0.04081632653061224,0.021573837394030237,0.00994733762434172,0.15101686175821166,0.017974400345635865,0.01962334778383291,0.00979460887565844,5.746938775510204,2.3650435129672225,0.689877121123464,16.555304590770557,1.2699231380670324,1.6834288031205729,1.9451945322939985,"[""TestMutableInterval_Constructors"", ""DurationField"", ""Instant"", ""MutableInterval"", ""ISOChronology"", ""DateTime"", ""Period""]","[0.04081632653061224, 0.030927835051546393, 0.018658892128279883, 0.01852958756724447, 0.01639344262295082, 0.01574344023323615, 0.00994733762434172]","[5.746938775510204, 4.878497790868925, 0.963265306122449, 1.2755528989838614, 2.3002980625931446, 0.7008746355685131, 0.689877121123464]"
org.joda.time.TestMutableInterval_Constructors.testConstructor_RP_RI2,0.04081632653061224,0.021573837394030237,0.00994733762434172,0.15101686175821166,0.017974400345635865,0.01962334778383291,0.00979460887565844,5.746938775510204,2.3650435129672225,0.689877121123464,16.555304590770557,1.2699231380670324,1.6834288031205729,1.9451945322939985,"[""TestMutableInterval_Constructors"", ""DurationField"", ""Instant"", ""MutableInterval"", ""ISOChronology"", ""DateTime"", ""Period""]","[0.04081632653061224, 0.030927835051546393, 0.018658892128279883, 0.01852958756724447, 0.01639344262295082, 0.01574344023323615, 0.00994733762434172]","[5.746938775510204, 4.878497790868925, 0.963265306122449, 1.2755528989838614, 2.3002980625931446, 0.7008746355685131, 0.689877121123464]"
org.joda.time.TestLocalTime_Constructors.testParse_formatter,0.05013550135501355,0.03011614831257959,0.01574344023323615,0.15058074156289794,0.026325379493344975,0.02816126359985376,0.011160445693547275,7.333333333333333,3.626737651582372,0.7008746355685131,18.13368825791186,1.9800137682270138,2.8056289173004365,2.254850090867751,"[""DateTimeFormatter"", ""DateTimeFormat"", ""LocalTime"", ""TestLocalTime_Constructors"", ""ISOChronology""]","[0.05013550135501355, 0.029891304347826088, 0.027988338192419825, 0.026822157434402333, 0.01574344023323615]","[7.333333333333333, 4.739130434782608, 2.8956268221574346, 2.464723032069971, 0.7008746355685131]"
org.joda.time.chrono.TestGJChronology.testYearEndAddDays,0.04081632653061224,0.02501604425795571,0.00994733762434172,0.15009626554773425,0.01923454033754461,0.022099454098656036,0.011462976151179093,5.746938775510204,2.7202216400766743,0.689877121123464,16.321329840460045,1.7022053872468623,2.192901674751848,1.6427363650674798,"[""YearMonthDay"", ""GJChronology"", ""DurationField"", ""DurationFieldType"", ""TestGJChronology"", ""DateTime""]","[0.04081632653061224, 0.03763440860215054, 0.02507288629737609, 0.0239067055393586, 0.012718600953895072, 0.00994733762434172]","[5.746938775510204, 3.3669354838709675, 2.896209912536443, 2.4448979591836735, 1.1764705882352942, 0.689877121123464]"
org.joda.time.chrono.TestGJChronology.testCutoverAddWeeks,0.04081632653061224,0.02501604425795571,0.00994733762434172,0.15009626554773425,0.01923454033754461,0.022099454098656036,0.011462976151179093,5.746938775510204,2.7202216400766743,0.689877121123464,16.321329840460045,1.7022053872468623,2.192901674751848,1.6427363650674798,"[""YearMonthDay"", ""GJChronology"", ""DurationField"", ""DurationFieldType"", ""TestGJChronology"", ""DateTime""]","[0.04081632653061224, 0.03763440860215054, 0.02507288629737609, 0.0239067055393586, 0.012718600953895072, 0.00994733762434172]","[5.746938775510204, 3.3669354838709675, 2.896209912536443, 2.4448979591836735, 1.1764705882352942, 0.689877121123464]"
org.joda.time.chrono.TestGJChronology.testCutoverAddMonths,0.04081632653061224,0.02501604425795571,0.00994733762434172,0.15009626554773425,0.01923454033754461,0.022099454098656036,0.011462976151179093,5.746938775510204,2.7202216400766743,0.689877121123464,16.321329840460045,1.7022053872468623,2.192901674751848,1.6427363650674798,"[""YearMonthDay"", ""GJChronology"", ""DurationField"", ""DurationFieldType"", ""TestGJChronology"", ""DateTime""]","[0.04081632653061224, 0.03763440860215054, 0.02507288629737609, 0.0239067055393586, 0.012718600953895072, 0.00994733762434172]","[5.746938775510204, 3.3669354838709675, 2.896209912536443, 2.4448979591836735, 1.1764705882352942, 0.689877121123464]"
org.joda.time.chrono.TestGJChronology.testCutoverAddDays,0.04081632653061224,0.02501604425795571,0.00994733762434172,0.15009626554773425,0.01923454033754461,0.022099454098656036,0.011462976151179093,5.746938775510204,2.7202216400766743,0.689877121123464,16.321329840460045,1.7022053872468623,2.192901674751848,1.6427363650674798,"[""YearMonthDay"", ""GJChronology"", ""DurationField"", ""DurationFieldType"", ""TestGJChronology"", ""DateTime""]","[0.04081632653061224, 0.03763440860215054, 0.02507288629737609, 0.0239067055393586, 0.012718600953895072, 0.00994733762434172]","[5.746938775510204, 3.3669354838709675, 2.896209912536443, 2.4448979591836735, 1.1764705882352942, 0.689877121123464]"
org.joda.time.chrono.TestGJChronology.testCutoverAddWeekyears,0.04081632653061224,0.02501604425795571,0.00994733762434172,0.15009626554773425,0.01923454033754461,0.022099454098656036,0.011462976151179093,5.746938775510204,2.7202216400766743,0.689877121123464,16.321329840460045,1.7022053872468623,2.192901674751848,1.6427363650674798,"[""YearMonthDay"", ""GJChronology"", ""DurationField"", ""DurationFieldType"", ""TestGJChronology"", ""DateTime""]","[0.04081632653061224, 0.03763440860215054, 0.02507288629737609, 0.0239067055393586, 0.012718600953895072, 0.00994733762434172]","[5.746938775510204, 3.3669354838709675, 2.896209912536443, 2.4448979591836735, 1.1764705882352942, 0.689877121123464]"
org.joda.time.chrono.TestGJChronology.testCutoverAddYears,0.04081632653061224,0.02501604425795571,0.00994733762434172,0.15009626554773425,0.01923454033754461,0.022099454098656036,0.011462976151179093,5.746938775510204,2.7202216400766743,0.689877121123464,16.321329840460045,1.7022053872468623,2.192901674751848,1.6427363650674798,"[""YearMonthDay"", ""GJChronology"", ""DurationField"", ""DurationFieldType"", ""TestGJChronology"", ""DateTime""]","[0.04081632653061224, 0.03763440860215054, 0.02507288629737609, 0.0239067055393586, 0.012718600953895072, 0.00994733762434172]","[5.746938775510204, 3.3669354838709675, 2.896209912536443, 2.4448979591836735, 1.1764705882352942, 0.689877121123464]"
org.joda.time.TestWeeks.testFactory_weeksBetween_RPartial,0.06765899864682003,0.037505460438440726,0.020766773162939296,0.1500218417537629,0.030478835909427616,0.03355051196385012,0.018526134511743658,9.71853856562923,4.5445314516721735,2.36741214057508,18.178125806688694,3.363479958951487,3.811786611226139,3.008602381277859,"[""TestWeeks"", ""YearMonthDay"", ""Weeks"", ""LocalDate""]","[0.06765899864682003, 0.03763440860215054, 0.023961661341853034, 0.020766773162939296]","[9.71853856562923, 3.3669354838709675, 2.7252396166134187, 2.36741214057508]"
org.joda.time.TestYears.testFactory_yearsBetween_RPartial,0.06765899864682003,0.037505460438440726,0.020766773162939296,0.1500218417537629,0.030478835909427616,0.03355051196385012,0.018526134511743658,9.71853856562923,4.268173624196136,1.817891373801917,17.072694496784543,2.834945219125883,3.370406476564959,3.198739585174031,"[""YearMonthDay"", ""Years"", ""TestYears"", ""LocalDate""]","[0.06765899864682003, 0.03763440860215054, 0.023961661341853034, 0.020766773162939296]","[9.71853856562923, 3.3669354838709675, 2.169329073482428, 1.817891373801917]"
org.joda.time.TestLocalTime_Basics.testEqualsHashCode,0.05013550135501355,0.029942936290299427,0.011494252873563218,0.14971468145149713,0.02248869389771308,0.026067786336382612,0.014841287463367683,7.333333333333333,3.729720932716171,0.30493576741041245,18.648604663580855,1.1588092086849455,2.4952012419017966,2.35678693835806,"[""Object"", ""TimeOfDay"", ""MockPartial"", ""LocalTime"", ""TestLocalTime_Basics"", ""TestLocalTime_Basics$MockInstant"", ""Chronology""]","[0.05013550135501355, 0.044386422976501305, 0.024456521739130436, 0.01924198250728863, 0.011494252873563218]","[7.333333333333333, 4.117493472584856, 4.618206521739131, 2.2746355685131197, 0.30493576741041245]"
org.joda.time.TestYearMonth_Basics.testCompareTo,0.05013550135501355,0.024895514117275128,0.013333333333333334,0.14937308470365077,0.020415460190416703,0.022341883909327925,0.012530320926540727,7.333333333333333,3.718046973460199,0.632069970845481,22.308281840761193,2.026725192790498,2.9199802331352482,2.1594912321166895,"[""DateTimeFieldType"", ""YearMonth"", ""TestYearMonth_Basics"", ""LocalTime"", ""GregorianChronology"", ""Partial""]","[0.05013550135501355, 0.029333333333333333, 0.024134312696747113, 0.016693163751987282, 0.01574344023323615, 0.013333333333333334]","[7.333333333333333, 5.344, 3.396642182581322, 2.1089030206677264, 0.632069970845481, 3.493333333333333]"
org.joda.time.TestMutableInterval_Basics.testEqualsHashCode,0.04081632653061224,0.024853311302509267,0.01574344023323615,0.1491198678150556,0.022607870842226332,0.02365021965464191,0.00820826856104404,5.746938775510204,2.470419297087443,0.7008746355685131,14.822515782524658,1.6225026254595842,2.003171157249341,1.6276879013177423,"[""TestMutableInterval_Basics$MockInterval"", ""TestMutableInterval_Basics"", ""GJChronology"", ""AbstractInterval"", ""MutableInterval"", ""ISOChronology"", ""DateTime""]","[0.04081632653061224, 0.028093245666467422, 0.02507288629737609, 0.020864381520119227, 0.01852958756724447, 0.01574344023323615]","[5.746938775510204, 2.3735803945008964, 2.896209912536443, 1.8293591654247392, 1.2755528989838614, 0.7008746355685131]"
org.joda.time.convert.TestCalendarConverter.testGetChronology_Object_Zone,0.02507288629737609,0.012403305929707247,0.00243605359317905,0.14883967115648697,0.008281692423807165,0.010454993155775558,0.006367639198346497,2.896209912536443,0.6522185341179709,0.04506699147381242,7.826622409415651,0.19744999336906188,0.36406633064390664,0.7498976957569049,"[""TestCalendarConverter"", ""GJChronology"", ""Calendar"", ""BuddhistChronology"", ""GregorianChronology"", ""MockUnknownCalendar"", ""Class"", ""JulianChronology"", ""ISOChronology"", ""CalendarConverter"", ""GregorianCalendar"", ""TimeZone"", ""Date""]","[0.02507288629737609, 0.018658892128279883, 0.01749271137026239, 0.01574344023323615, 0.01574344023323615, 0.015006821282401092, 0.011117612638970159, 0.009549795361527967, 0.006006006006006006, 0.006006006006006006, 0.006006006006006006, 0.00243605359317905]","[2.896209912536443, 0.8128279883381925, 1.114868804664723, 0.7008746355685131, 0.632069970845481, 0.6664392905866303, 0.34932709186658867, 0.2305593451568895, 0.1111111111111111, 0.15615615615615616, 0.1111111111111111, 0.04506699147381242]"
org.joda.time.TestDateTimeUtils.testGetIntervalChronology_RI_RI,0.04081632653061224,0.024800027511199807,0.01574344023323615,0.14880016506719884,0.022508887437698615,0.02357820813692731,0.008228485155595518,5.746938775510204,1.9734402971551657,0.7008746355685131,11.840641782930994,1.2329811012607832,1.491077269653728,1.7369717245926135,"[""BuddhistChronology"", ""ISOChronology"", ""TestDateTimeUtils"", ""DateTime"", ""CopticChronology"", ""DateTimeUtils""]","[0.04081632653061224, 0.027149321266968326, 0.02564102564102564, 0.021957340025094103, 0.01749271137026239, 0.01574344023323615]","[5.746938775510204, 1.4899806076276665, 1.9423076923076923, 0.8456712672521958, 1.114868804664723, 0.7008746355685131]"
org.joda.time.format.TestDateTimeFormat.testFormatParse_textYear_France,0.04256559766763848,0.02969431788159279,0.016693163751987282,0.14847158940796396,0.026105315690637773,0.02785944897669738,0.010320680302331532,7.718950437317784,4.339914714920718,2.1089030206677264,21.699573574603587,3.4324582931373806,3.848234350179181,2.114405868335562,"[""TestDateTimeFormat"", ""DateTimeFieldType"", ""DateTimeFormatter"", ""DateTimeFormatterBuilder"", ""DateTime""]","[0.04256559766763848, 0.04081632653061224, 0.026822157434402333, 0.021574344023323616, 0.016693163751987282]","[7.718950437317784, 5.746938775510204, 2.464723032069971, 3.660058309037901, 2.1089030206677264]"
org.joda.time.format.TestDateTimeFormat.testFormatParse_textYear_UK,0.04256559766763848,0.02969431788159279,0.016693163751987282,0.14847158940796396,0.026105315690637773,0.02785944897669738,0.010320680302331532,7.718950437317784,4.339914714920718,2.1089030206677264,21.699573574603587,3.4324582931373806,3.848234350179181,2.114405868335562,"[""TestDateTimeFormat"", ""DateTimeFieldType"", ""DateTimeFormatter"", ""DateTimeFormatterBuilder"", ""DateTime""]","[0.04256559766763848, 0.04081632653061224, 0.026822157434402333, 0.021574344023323616, 0.016693163751987282]","[7.718950437317784, 5.746938775510204, 2.464723032069971, 3.660058309037901, 2.1089030206677264]"
org.joda.time.field.TestPreciseDurationDateTimeField.test_add_RP_int_intarray_int,0.044386422976501305,0.01648664872949325,0.006024096385542169,0.14837983856543926,0.012513219759190104,0.014150973582308315,0.010631718668340775,4.117493472584856,1.5362917743648221,0.06927710843373494,13.826625969283398,0.39711838823227974,0.9419042654821218,1.2322494740656222,"[""TestPreciseDurationDateTimeField"", ""BaseDateTimeField"", ""TimeOfDay"", ""TestPreciseDurationDateTimeField$MockStandardBaseDateTimeField"", ""Arrays"", ""DateTimeFieldType"", ""BaseDurationField"", ""TestPreciseDurationDateTimeField$MockPreciseDurationDateTimeField"", ""PreciseDurationDateTimeField"", ""DurationFieldType"", ""TestPreciseDurationDateTimeField$MockCountingDurationField"", ""ISOChronology""]","[0.044386422976501305, 0.02040816326530612, 0.016693163751987282, 0.01574344023323615, 0.012718600953895072, 0.011686143572621035, 0.011117612638970159, 0.009602194787379973, 0.006024096385542169]","[4.117493472584856, 2.4285714285714284, 2.1089030206677264, 0.7008746355685131, 1.1764705882352942, 2.3013355592654423, 0.5149210064365126, 0.40877914951989025, 0.06927710843373494]"
org.joda.time.TestBaseSingleFieldPeriod.testEqualsHashCode,0.030927835051546393,0.021168360345075667,0.012718600953895072,0.14817852241552967,0.019973321871231648,0.020583224858252504,0.0049317018109915475,4.878497790868925,2.6554030266013733,1.1764705882352942,18.587821186209613,2.201758084010214,2.417422652891557,1.1624123491490135,"[""TestBaseSingleFieldPeriod$Single"", ""TestBaseSingleFieldPeriod"", ""Hours"", ""DurationFieldType"", ""Days"", ""BaseSingleFieldPeriod"", ""PeriodType"", ""Period""]","[0.030927835051546393, 0.022364217252396165, 0.020766773162939296, 0.020766773162939296, 0.020766773162939296, 0.019867549668874173, 0.012718600953895072]","[4.878497790868925, 2.231629392971246, 2.4345047923322682, 1.706070287539936, 2.4329073482428116, 3.7277409860191315, 1.1764705882352942]"
org.joda.time.TestLocalTime_Constructors.testConstructor_DateTimeZone,0.05013550135501355,0.03699811337510506,0.027149321266968326,0.14799245350042023,0.03486330216289528,0.03589804356420194,0.009147064490521571,7.333333333333333,4.827345787813453,1.4899806076276665,19.30938315125381,3.354218466537206,4.15340535613898,2.137253677956167,"[""DateTimeUtils"", ""TestLocalTime_Constructors"", ""LocalTime"", ""DateTime""]","[0.05013550135501355, 0.04081632653061224, 0.029891304347826088, 0.027149321266968326]","[7.333333333333333, 5.746938775510204, 4.739130434782608, 1.4899806076276665]"
org.joda.time.TestLocalTime_Constructors.testConstructor_nullDateTimeZone,0.05013550135501355,0.03699811337510506,0.027149321266968326,0.14799245350042023,0.03486330216289528,0.03589804356420194,0.009147064490521571,7.333333333333333,4.827345787813453,1.4899806076276665,19.30938315125381,3.354218466537206,4.15340535613898,2.137253677956167,"[""DateTimeUtils"", ""TestLocalTime_Constructors"", ""LocalTime"", ""DateTime""]","[0.05013550135501355, 0.04081632653061224, 0.029891304347826088, 0.027149321266968326]","[7.333333333333333, 5.746938775510204, 4.739130434782608, 1.4899806076276665]"
org.joda.time.TestLocalTime_Constructors.testConstructor_ObjectLocalDate,0.06765899864682003,0.049228601449886555,0.029891304347826088,0.14768580434965967,0.04400085623287804,0.046630699636155265,0.01543192651062518,9.71853856562923,7.263667444581724,4.739130434782608,21.791002333745173,6.6626847518056085,6.964132361618992,2.0334316373111774,"[""TestLocalTime_Constructors"", ""LocalTime"", ""LocalDate""]","[0.06765899864682003, 0.05013550135501355, 0.029891304347826088]","[9.71853856562923, 7.333333333333333, 4.739130434782608]"
org.joda.time.TestDuration_Basics.testToPeriodFrom_PeriodType,0.04081632653061224,0.029537127257393526,0.019867549668874173,0.14768563628696763,0.02789249497286428,0.028710390028350338,0.0069813959555152655,5.746938775510204,3.939459291544838,1.6079578700994734,19.69729645772419,3.2534988639321627,3.62721862555698,1.390742901350718,"[""Duration"", ""DateTime"", ""PeriodType"", ""TestDuration_Basics"", ""Period""]","[0.04081632653061224, 0.030927835051546393, 0.030913012221423435, 0.02516091281451141, 0.019867549668874173]","[5.746938775510204, 4.878497790868925, 3.7361610352264556, 1.6079578700994734, 3.7277409860191315]"
org.joda.time.TestDuration_Basics.testToPeriodTo_PeriodType,0.04081632653061224,0.029537127257393526,0.019867549668874173,0.14768563628696763,0.02789249497286428,0.028710390028350338,0.0069813959555152655,5.746938775510204,3.939459291544838,1.6079578700994734,19.69729645772419,3.2534988639321627,3.62721862555698,1.390742901350718,"[""Duration"", ""DateTime"", ""PeriodType"", ""TestDuration_Basics"", ""Period""]","[0.04081632653061224, 0.030927835051546393, 0.030913012221423435, 0.02516091281451141, 0.019867549668874173]","[5.746938775510204, 4.878497790868925, 3.7361610352264556, 1.6079578700994734, 3.7277409860191315]"
org.joda.time.TestLocalDate_Basics.testToDateTime_RI,0.06765899864682003,0.048908897099216954,0.03825136612021858,0.14672669129765087,0.04585553323434362,0.04727180048042737,0.013299611185063323,9.71853856562923,7.298601736663964,5.746938775510204,21.89580520999189,6.9377816578702936,7.1081549005831,1.7337485122053957,"[""DateTime$Property"", ""DateTime"", ""TestLocalDate_Basics"", ""LocalDate""]","[0.06765899864682003, 0.04081632653061224, 0.03825136612021858]","[9.71853856562923, 5.746938775510204, 6.430327868852459]"
org.joda.time.TestLocalDate_Basics.testToDateTimeAtStartOfDay_Zone_avoidDST,0.06765899864682003,0.048908897099216954,0.03825136612021858,0.14672669129765087,0.04585553323434362,0.04727180048042737,0.013299611185063323,9.71853856562923,7.298601736663964,5.746938775510204,21.89580520999189,6.9377816578702936,7.1081549005831,1.7337485122053957,"[""DateTime"", ""TestLocalDate_Basics"", ""LocalDate""]","[0.06765899864682003, 0.04081632653061224, 0.03825136612021858]","[9.71853856562923, 5.746938775510204, 6.430327868852459]"
org.joda.time.TestLocalDate_Basics.testToDateTimeAtStartOfDay_nullZone,0.06765899864682003,0.048908897099216954,0.03825136612021858,0.14672669129765087,0.04585553323434362,0.04727180048042737,0.013299611185063323,9.71853856562923,7.298601736663964,5.746938775510204,21.89580520999189,6.9377816578702936,7.1081549005831,1.7337485122053957,"[""DateTime"", ""TestLocalDate_Basics"", ""LocalDate""]","[0.06765899864682003, 0.04081632653061224, 0.03825136612021858]","[9.71853856562923, 5.746938775510204, 6.430327868852459]"
org.joda.time.TestLocalDate_Basics.testToDateTimeAtMidnight_Zone,0.06765899864682003,0.048908897099216954,0.03825136612021858,0.14672669129765087,0.04585553323434362,0.04727180048042737,0.013299611185063323,9.71853856562923,7.298601736663964,5.746938775510204,21.89580520999189,6.9377816578702936,7.1081549005831,1.7337485122053957,"[""DateTime"", ""TestLocalDate_Basics"", ""LocalDate""]","[0.06765899864682003, 0.04081632653061224, 0.03825136612021858]","[9.71853856562923, 5.746938775510204, 6.430327868852459]"
org.joda.time.TestLocalDate_Basics.testToDateTimeAtStartOfDay,0.06765899864682003,0.048908897099216954,0.03825136612021858,0.14672669129765087,0.04585553323434362,0.04727180048042737,0.013299611185063323,9.71853856562923,7.298601736663964,5.746938775510204,21.89580520999189,6.9377816578702936,7.1081549005831,1.7337485122053957,"[""DateTime"", ""TestLocalDate_Basics"", ""LocalDate""]","[0.06765899864682003, 0.04081632653061224, 0.03825136612021858]","[9.71853856562923, 5.746938775510204, 6.430327868852459]"
org.joda.time.TestLocalDate_Basics.testToDateTimeAtStartOfDay_Zone,0.06765899864682003,0.048908897099216954,0.03825136612021858,0.14672669129765087,0.04585553323434362,0.04727180048042737,0.013299611185063323,9.71853856562923,7.298601736663964,5.746938775510204,21.89580520999189,6.9377816578702936,7.1081549005831,1.7337485122053957,"[""DateTime"", ""TestLocalDate_Basics"", ""LocalDate""]","[0.06765899864682003, 0.04081632653061224, 0.03825136612021858]","[9.71853856562923, 5.746938775510204, 6.430327868852459]"
org.joda.time.TestLocalDate_Basics.testToDateTimeAtMidnight_nullZone,0.06765899864682003,0.048908897099216954,0.03825136612021858,0.14672669129765087,0.04585553323434362,0.04727180048042737,0.013299611185063323,9.71853856562923,7.298601736663964,5.746938775510204,21.89580520999189,6.9377816578702936,7.1081549005831,1.7337485122053957,"[""DateTime"", ""TestLocalDate_Basics"", ""LocalDate""]","[0.06765899864682003, 0.04081632653061224, 0.03825136612021858]","[9.71853856562923, 5.746938775510204, 6.430327868852459]"
org.joda.time.TestLocalDate_Basics.testToDateTimeAtMidnight,0.06765899864682003,0.048908897099216954,0.03825136612021858,0.14672669129765087,0.04585553323434362,0.04727180048042737,0.013299611185063323,9.71853856562923,7.298601736663964,5.746938775510204,21.89580520999189,6.9377816578702936,7.1081549005831,1.7337485122053957,"[""DateTime"", ""TestLocalDate_Basics"", ""LocalDate""]","[0.06765899864682003, 0.04081632653061224, 0.03825136612021858]","[9.71853856562923, 5.746938775510204, 6.430327868852459]"
org.joda.time.field.TestPreciseDateTimeField.test_add_RP_int_intarray_int,0.044386422976501305,0.016291602893721845,0.006024096385542169,0.1466244260434966,0.012226525269412739,0.013883331572776183,0.010743937878184411,4.117493472584856,1.5266122041733394,0.06927710843373494,13.739509837560055,0.3893930090585567,0.9207233940645368,1.2422374280454949,"[""BaseDateTimeField"", ""TestPreciseDateTimeField"", ""PreciseDateTimeField"", ""TestPreciseDateTimeField$MockPreciseDateTimeField"", ""TimeOfDay"", ""Arrays"", ""TestPreciseDateTimeField$MockStandardDateTimeField"", ""DateTimeFieldType"", ""BaseDurationField"", ""DurationFieldType"", ""TestPreciseDateTimeField$MockCountingDurationField"", ""ISOChronology""]","[0.044386422976501305, 0.02040816326530612, 0.016693163751987282, 0.01574344023323615, 0.012718600953895072, 0.011686143572621035, 0.009602194787379973, 0.009362200117027502, 0.006024096385542169]","[4.117493472584856, 2.4285714285714284, 2.1089030206677264, 0.7008746355685131, 1.1764705882352942, 2.3113522537562603, 0.40877914951989025, 0.41778818022235226, 0.06927710843373494]"
org.joda.time.TestYearMonthDay_Basics.testToDateTime_TOD_nullZone,0.044386422976501305,0.036637335316359355,0.023712183156173343,0.14654934126543742,0.03455029428070487,0.03565826226951733,0.00783527345780871,5.746938775510204,4.13184029766853,3.295993458708095,16.52736119067412,3.9320675103314695,4.0255261890219955,0.9864669579979997,"[""YearMonthDay"", ""TestYearMonthDay_Basics"", ""TimeOfDay"", ""DateTime""]","[0.044386422976501305, 0.04081632653061224, 0.03763440860215054, 0.023712183156173343]","[4.117493472584856, 5.746938775510204, 3.3669354838709675, 3.295993458708095]"
org.joda.time.TestYearMonthDay_Basics.testToDateTime_TOD_Zone,0.044386422976501305,0.036637335316359355,0.023712183156173343,0.14654934126543742,0.03455029428070487,0.03565826226951733,0.00783527345780871,5.746938775510204,4.13184029766853,3.295993458708095,16.52736119067412,3.9320675103314695,4.0255261890219955,0.9864669579979997,"[""YearMonthDay"", ""TestYearMonthDay_Basics"", ""TimeOfDay"", ""DateTime""]","[0.044386422976501305, 0.04081632653061224, 0.03763440860215054, 0.023712183156173343]","[4.117493472584856, 5.746938775510204, 3.3669354838709675, 3.295993458708095]"
org.joda.time.TestYearMonthDay_Basics.testToDateTime_TOD,0.044386422976501305,0.036637335316359355,0.023712183156173343,0.14654934126543742,0.03455029428070487,0.03565826226951733,0.00783527345780871,5.746938775510204,4.13184029766853,3.295993458708095,16.52736119067412,3.9320675103314695,4.0255261890219955,0.9864669579979997,"[""YearMonthDay"", ""TestYearMonthDay_Basics"", ""TimeOfDay"", ""DateTime""]","[0.044386422976501305, 0.04081632653061224, 0.03763440860215054, 0.023712183156173343]","[4.117493472584856, 5.746938775510204, 3.3669354838709675, 3.295993458708095]"
org.joda.time.TestPeriod_Constructors.testConstructor_RP_RP2Local,0.06765899864682003,0.03640507895487916,0.019867549668874173,0.14562031581951665,0.029793498843824356,0.03259950476795639,0.018477414590987295,9.71853856562923,5.899292720357662,3.7277409860191315,23.59717088143065,5.223272572967021,5.5250365545840445,2.276911319820024,"[""TestPeriod_Constructors"", ""PeriodType"", ""Period"", ""LocalDate""]","[0.06765899864682003, 0.030927835051546393, 0.027165932452276064, 0.019867549668874173]","[9.71853856562923, 4.878497790868925, 5.272393538913363, 3.7277409860191315]"
org.joda.time.TestPeriod_Constructors.testConstructor_trickyDifferences_LD_LD_toFeb_endOfMonth3,0.06765899864682003,0.03640507895487916,0.019867549668874173,0.14562031581951665,0.029793498843824356,0.03259950476795639,0.018477414590987295,9.71853856562923,5.899292720357662,3.7277409860191315,23.59717088143065,5.223272572967021,5.5250365545840445,2.276911319820024,"[""TestPeriod_Constructors"", ""PeriodType"", ""Period"", ""LocalDate""]","[0.06765899864682003, 0.030927835051546393, 0.027165932452276064, 0.019867549668874173]","[9.71853856562923, 4.878497790868925, 5.272393538913363, 3.7277409860191315]"
org.joda.time.TestPeriod_Constructors.testConstructor_trickyDifferences_LD_LD_toMar_endOfMonth1,0.06765899864682003,0.03640507895487916,0.019867549668874173,0.14562031581951665,0.029793498843824356,0.03259950476795639,0.018477414590987295,9.71853856562923,5.899292720357662,3.7277409860191315,23.59717088143065,5.223272572967021,5.5250365545840445,2.276911319820024,"[""TestPeriod_Constructors"", ""PeriodType"", ""Period"", ""LocalDate""]","[0.06765899864682003, 0.030927835051546393, 0.027165932452276064, 0.019867549668874173]","[9.71853856562923, 4.878497790868925, 5.272393538913363, 3.7277409860191315]"
org.joda.time.TestPeriod_Constructors.testConstructor_trickyDifferences_LD_LD_toFeb_endOfMonth2,0.06765899864682003,0.03640507895487916,0.019867549668874173,0.14562031581951665,0.029793498843824356,0.03259950476795639,0.018477414590987295,9.71853856562923,5.899292720357662,3.7277409860191315,23.59717088143065,5.223272572967021,5.5250365545840445,2.276911319820024,"[""TestPeriod_Constructors"", ""PeriodType"", ""Period"", ""LocalDate""]","[0.06765899864682003, 0.030927835051546393, 0.027165932452276064, 0.019867549668874173]","[9.71853856562923, 4.878497790868925, 5.272393538913363, 3.7277409860191315]"
org.joda.time.TestPeriod_Constructors.testConstructor_trickyDifferences_LD_LD_toFeb_standardYear,0.06765899864682003,0.03640507895487916,0.019867549668874173,0.14562031581951665,0.029793498843824356,0.03259950476795639,0.018477414590987295,9.71853856562923,5.899292720357662,3.7277409860191315,23.59717088143065,5.223272572967021,5.5250365545840445,2.276911319820024,"[""TestPeriod_Constructors"", ""PeriodType"", ""Period"", ""LocalDate""]","[0.06765899864682003, 0.030927835051546393, 0.027165932452276064, 0.019867549668874173]","[9.71853856562923, 4.878497790868925, 5.272393538913363, 3.7277409860191315]"
org.joda.time.TestPeriod_Constructors.testConstructor_trickyDifferences_LD_LD_toFeb_endOfMonth1,0.06765899864682003,0.03640507895487916,0.019867549668874173,0.14562031581951665,0.029793498843824356,0.03259950476795639,0.018477414590987295,9.71853856562923,5.899292720357662,3.7277409860191315,23.59717088143065,5.223272572967021,5.5250365545840445,2.276911319820024,"[""TestPeriod_Constructors"", ""PeriodType"", ""Period"", ""LocalDate""]","[0.06765899864682003, 0.030927835051546393, 0.027165932452276064, 0.019867549668874173]","[9.71853856562923, 4.878497790868925, 5.272393538913363, 3.7277409860191315]"
org.joda.time.TestPeriod_Constructors.testConstructor_trickyDifferences_LD_LD_toFeb_exactMonths,0.06765899864682003,0.03640507895487916,0.019867549668874173,0.14562031581951665,0.029793498843824356,0.03259950476795639,0.018477414590987295,9.71853856562923,5.899292720357662,3.7277409860191315,23.59717088143065,5.223272572967021,5.5250365545840445,2.276911319820024,"[""TestPeriod_Constructors"", ""PeriodType"", ""Period"", ""LocalDate""]","[0.06765899864682003, 0.030927835051546393, 0.027165932452276064, 0.019867549668874173]","[9.71853856562923, 4.878497790868925, 5.272393538913363, 3.7277409860191315]"
org.joda.time.TestPeriod_Constructors.testConstructor_trickyDifferences_LD_LD_toFeb_leapYear,0.06765899864682003,0.03640507895487916,0.019867549668874173,0.14562031581951665,0.029793498843824356,0.03259950476795639,0.018477414590987295,9.71853856562923,5.899292720357662,3.7277409860191315,23.59717088143065,5.223272572967021,5.5250365545840445,2.276911319820024,"[""TestPeriod_Constructors"", ""PeriodType"", ""Period"", ""LocalDate""]","[0.06765899864682003, 0.030927835051546393, 0.027165932452276064, 0.019867549668874173]","[9.71853856562923, 4.878497790868925, 5.272393538913363, 3.7277409860191315]"
org.joda.time.TestPeriod_Constructors.testConstructor_trickyDifferences_LD_LD_toMar_endOfMonth2,0.06765899864682003,0.03640507895487916,0.019867549668874173,0.14562031581951665,0.029793498843824356,0.03259950476795639,0.018477414590987295,9.71853856562923,5.899292720357662,3.7277409860191315,23.59717088143065,5.223272572967021,5.5250365545840445,2.276911319820024,"[""TestPeriod_Constructors"", ""PeriodType"", ""Period"", ""LocalDate""]","[0.06765899864682003, 0.030927835051546393, 0.027165932452276064, 0.019867549668874173]","[9.71853856562923, 4.878497790868925, 5.272393538913363, 3.7277409860191315]"
org.joda.time.TestPeriod_Constructors.testConstructor_RP_RP_PeriodType2Local,0.06765899864682003,0.03640507895487916,0.019867549668874173,0.14562031581951665,0.029793498843824356,0.03259950476795639,0.018477414590987295,9.71853856562923,5.899292720357662,3.7277409860191315,23.59717088143065,5.223272572967021,5.5250365545840445,2.276911319820024,"[""TestPeriod_Constructors"", ""PeriodType"", ""Period"", ""LocalDate""]","[0.06765899864682003, 0.030927835051546393, 0.027165932452276064, 0.019867549668874173]","[9.71853856562923, 4.878497790868925, 5.272393538913363, 3.7277409860191315]"
org.joda.time.TestLocalDate_Constructors.testConstructor_ObjectLocalTime,0.06765899864682003,0.04813504808651222,0.02661064425770308,0.14440514425953666,0.04149096779600529,0.044858227153189316,0.016817514867407873,9.71853856562923,6.8566930606252425,3.518207282913165,20.570079181875727,5.730709005393551,6.305815658151932,2.5536139705695913,"[""TestLocalDate_Constructors"", ""LocalTime"", ""LocalDate""]","[0.06765899864682003, 0.05013550135501355, 0.02661064425770308]","[9.71853856562923, 7.333333333333333, 3.518207282913165]"
org.joda.time.TestDateTimeZoneCutover.testWithMinuteOfHourInDstChange_mockZone,0.046992481203007516,0.035972079517244696,0.01876172607879925,0.14388831806897878,0.031777083757441545,0.03404181703281928,0.010522869964554708,9.947368421052632,4.872044956170339,0.4352720450281426,19.488179824681357,1.3938779891124955,3.02354180072998,3.4820904354911755,"[""DateTime"", ""DateTimeZone"", ""TestDateTimeZoneCutover"", ""MockZone""]","[0.046992481203007516, 0.04081632653061224, 0.037317784256559766, 0.01876172607879925]","[9.947368421052632, 5.746938775510204, 3.358600583090379, 0.4352720450281426]"
org.joda.time.TestInstant_Constructors.testParse_formatter,0.04081632653061224,0.023828655635083924,0.012942779291553134,0.14297193381050355,0.02055588584734616,0.022099695806616863,0.009358102024736904,5.746938775510204,2.224052809134553,0.5728882833787466,13.34431685480732,1.1683279261566097,1.5851386223440673,1.8053467123406801,"[""DateTimeFormatter"", ""DateTimeFormat"", ""Instant"", ""ISOChronology"", ""DateTime"", ""TestInstant_Constructors""]","[0.04081632653061224, 0.027988338192419825, 0.026822157434402333, 0.018658892128279883, 0.01574344023323615, 0.012942779291553134]","[5.746938775510204, 2.8956268221574346, 2.464723032069971, 0.963265306122449, 0.7008746355685131, 0.5728882833787466]"
org.joda.time.TestInterval_Constructors.testConstructor_RI_RP4,0.04081632653061224,0.02380157435647355,0.00994733762434172,0.1428094461388413,0.019415175333729183,0.021606886856367153,0.009997029593938011,5.746938775510204,2.7148419800251156,0.689877121123464,16.289051880150694,1.4058910794625699,1.9629696611674508,1.974364712414127,"[""TestInterval_Constructors"", ""Interval"", ""DurationField"", ""ISOChronology"", ""DateTime"", ""Period""]","[0.04081632653061224, 0.030927835051546393, 0.022713687985654513, 0.02266081871345029, 0.01574344023323615, 0.00994733762434172]","[5.746938775510204, 4.878497790868925, 1.5499103407053199, 2.722953216374269, 0.7008746355685131, 0.689877121123464]"
org.joda.time.TestInterval_Constructors.testConstructor_RP_RI1,0.04081632653061224,0.02380157435647355,0.00994733762434172,0.1428094461388413,0.019415175333729183,0.021606886856367153,0.009997029593938011,5.746938775510204,2.7148419800251156,0.689877121123464,16.289051880150694,1.4058910794625699,1.9629696611674508,1.974364712414127,"[""TestInterval_Constructors"", ""Interval"", ""DurationField"", ""ISOChronology"", ""DateTime"", ""Period""]","[0.04081632653061224, 0.030927835051546393, 0.022713687985654513, 0.02266081871345029, 0.01574344023323615, 0.00994733762434172]","[5.746938775510204, 4.878497790868925, 1.5499103407053199, 2.722953216374269, 0.7008746355685131, 0.689877121123464]"
org.joda.time.TestInterval_Constructors.testConstructor_RI_RP1,0.04081632653061224,0.02380157435647355,0.00994733762434172,0.1428094461388413,0.019415175333729183,0.021606886856367153,0.009997029593938011,5.746938775510204,2.7148419800251156,0.689877121123464,16.289051880150694,1.4058910794625699,1.9629696611674508,1.974364712414127,"[""TestInterval_Constructors"", ""Interval"", ""DurationField"", ""ISOChronology"", ""DateTime"", ""Period""]","[0.04081632653061224, 0.030927835051546393, 0.022713687985654513, 0.02266081871345029, 0.01574344023323615, 0.00994733762434172]","[5.746938775510204, 4.878497790868925, 1.5499103407053199, 2.722953216374269, 0.7008746355685131, 0.689877121123464]"
org.joda.time.TestInterval_Constructors.testConstructor_RP_RI4,0.04081632653061224,0.02380157435647355,0.00994733762434172,0.1428094461388413,0.019415175333729183,0.021606886856367153,0.009997029593938011,5.746938775510204,2.7148419800251156,0.689877121123464,16.289051880150694,1.4058910794625699,1.9629696611674508,1.974364712414127,"[""TestInterval_Constructors"", ""Interval"", ""DurationField"", ""ISOChronology"", ""DateTime"", ""Period""]","[0.04081632653061224, 0.030927835051546393, 0.022713687985654513, 0.02266081871345029, 0.01574344023323615, 0.00994733762434172]","[5.746938775510204, 4.878497790868925, 1.5499103407053199, 2.722953216374269, 0.7008746355685131, 0.689877121123464]"
org.joda.time.TestLocalTime_Basics.testToDateTimeTodayDefaultZone,0.05013550135501355,0.03563941772293114,0.024456521739130436,0.14255767089172455,0.03274175310948331,0.03414155019461722,0.01041724202809256,7.333333333333333,4.797114809552584,1.4899806076276665,19.188459238210335,3.3387497102278467,4.126653370913723,2.1391420459886463,"[""LocalTime"", ""TestLocalTime_Basics"", ""DateTime$Property"", ""DateTime"", ""DateTimeUtils""]","[0.05013550135501355, 0.04081632653061224, 0.027149321266968326, 0.024456521739130436]","[7.333333333333333, 5.746938775510204, 1.4899806076276665, 4.618206521739131]"
org.joda.time.TestLocalTime_Basics.testToDateTimeToday_Zone,0.05013550135501355,0.03563941772293114,0.024456521739130436,0.14255767089172455,0.03274175310948331,0.03414155019461722,0.01041724202809256,7.333333333333333,4.797114809552584,1.4899806076276665,19.188459238210335,3.3387497102278467,4.126653370913723,2.1391420459886463,"[""LocalTime"", ""TestLocalTime_Basics"", ""DateTime$Property"", ""DateTime"", ""DateTimeUtils""]","[0.05013550135501355, 0.04081632653061224, 0.027149321266968326, 0.024456521739130436]","[7.333333333333333, 5.746938775510204, 1.4899806076276665, 4.618206521739131]"
org.joda.time.TestLocalTime_Basics.testToDateTimeToday_nullZone,0.05013550135501355,0.03563941772293114,0.024456521739130436,0.14255767089172455,0.03274175310948331,0.03414155019461722,0.01041724202809256,7.333333333333333,4.797114809552584,1.4899806076276665,19.188459238210335,3.3387497102278467,4.126653370913723,2.1391420459886463,"[""LocalTime"", ""TestLocalTime_Basics"", ""DateTime$Property"", ""DateTime"", ""DateTimeUtils""]","[0.05013550135501355, 0.04081632653061224, 0.027149321266968326, 0.024456521739130436]","[7.333333333333333, 5.746938775510204, 1.4899806076276665, 4.618206521739131]"
org.joda.time.TestLocalTime_Basics.testToDateTime_nullRI,0.05013550135501355,0.03563941772293114,0.024456521739130436,0.14255767089172455,0.03274175310948331,0.03414155019461722,0.01041724202809256,7.333333333333333,4.797114809552584,1.4899806076276665,19.188459238210335,3.3387497102278467,4.126653370913723,2.1391420459886463,"[""TestLocalTime_Basics"", ""DateTime"", ""LocalTime"", ""DateTimeUtils""]","[0.05013550135501355, 0.04081632653061224, 0.027149321266968326, 0.024456521739130436]","[7.333333333333333, 5.746938775510204, 1.4899806076276665, 4.618206521739131]"
org.joda.time.chrono.TestGregorianChronology.testMaximumValue,0.03763440860215054,0.02375825766118572,0.01574344023323615,0.1425495459671143,0.021175819010746846,0.022362700733954487,0.008545249282241834,3.8485477178423237,2.218032428662614,0.632069970845481,13.308194571975683,1.5546569115138453,1.8952332097374425,1.1089508090910385,"[""YearMonthDay"", ""DateTimeField"", ""DateMidnight"", ""TestGregorianChronology"", ""GregorianChronology"", ""Chronology""]","[0.03763440860215054, 0.03319502074688797, 0.02099125364431487, 0.01924198250728863, 0.01574344023323615, 0.01574344023323615]","[3.3669354838709675, 3.8485477178423237, 1.3690962099125363, 2.2746355685131197, 0.632069970845481, 1.8169096209912536]"
org.joda.time.TestInterval_Basics.testToPeriod,0.04081632653061224,0.028507247627589875,0.019867549668874173,0.14253623813794938,0.026789490999671005,0.02761889379435224,0.007289310518744396,5.746938775510204,4.217143191092877,1.5499103407053199,21.085715955464384,3.366104138729013,3.8441914281946583,1.4875127609477847,"[""Interval"", ""TestInterval_Basics"", ""DateTime"", ""PeriodType"", ""Period""]","[0.04081632653061224, 0.030927835051546393, 0.028210838901262063, 0.022713687985654513, 0.019867549668874173]","[5.746938775510204, 4.878497790868925, 5.182628062360802, 1.5499103407053199, 3.7277409860191315]"
org.joda.time.TestInterval_Basics.testToPeriod_PeriodType2,0.04081632653061224,0.028507247627589875,0.019867549668874173,0.14253623813794938,0.026789490999671005,0.02761889379435224,0.007289310518744396,5.746938775510204,4.217143191092877,1.5499103407053199,21.085715955464384,3.366104138729013,3.8441914281946583,1.4875127609477847,"[""Interval"", ""TestInterval_Basics"", ""DateTime"", ""PeriodType"", ""Period""]","[0.04081632653061224, 0.030927835051546393, 0.028210838901262063, 0.022713687985654513, 0.019867549668874173]","[5.746938775510204, 4.878497790868925, 5.182628062360802, 1.5499103407053199, 3.7277409860191315]"
org.joda.time.TestInterval_Basics.testToPeriod_PeriodType1,0.04081632653061224,0.028507247627589875,0.019867549668874173,0.14253623813794938,0.026789490999671005,0.02761889379435224,0.007289310518744396,5.746938775510204,4.217143191092877,1.5499103407053199,21.085715955464384,3.366104138729013,3.8441914281946583,1.4875127609477847,"[""Interval"", ""TestInterval_Basics"", ""DateTime"", ""PeriodType"", ""Period""]","[0.04081632653061224, 0.030927835051546393, 0.028210838901262063, 0.022713687985654513, 0.019867549668874173]","[5.746938775510204, 4.878497790868925, 5.182628062360802, 1.5499103407053199, 3.7277409860191315]"
org.joda.time.format.TestDateTimeFormat.testFormat_yearOfEraParse,0.04081632653061224,0.02845481049562682,0.021574344023323616,0.1422740524781341,0.027211351182959545,0.027790050332863133,0.006549327618471822,5.746938775510204,3.5327113702623905,2.464723032069971,17.663556851311952,3.239227967932545,3.3701797511654417,1.1722312197345977,"[""GJChronology"", ""TestDateTimeFormat"", ""DateTimeFormatter"", ""DateTimeFormat"", ""DateTime""]","[0.04081632653061224, 0.027988338192419825, 0.026822157434402333, 0.02507288629737609, 0.021574344023323616]","[5.746938775510204, 2.8956268221574346, 2.464723032069971, 2.896209912536443, 3.660058309037901]"
org.joda.time.TestPeriod_Constructors.testConstructor_RD_RI_PeriodType1,0.04081632653061224,0.028298266337792678,0.019867549668874173,0.14149133168896338,0.02659520807061791,0.027411197144070774,0.007309762534616919,5.746938775510204,4.2350962864033885,1.5499103407053199,21.175481432016944,3.373565157377057,3.85741674447312,1.4995500499606127,"[""Interval"", ""TestPeriod_Constructors"", ""DateTime"", ""PeriodType"", ""Period""]","[0.04081632653061224, 0.030927835051546393, 0.027165932452276064, 0.022713687985654513, 0.019867549668874173]","[5.746938775510204, 4.878497790868925, 5.272393538913363, 1.5499103407053199, 3.7277409860191315]"
org.joda.time.TestPeriod_Constructors.testConstructor_RI_RD_PeriodType1,0.04081632653061224,0.028298266337792678,0.019867549668874173,0.14149133168896338,0.02659520807061791,0.027411197144070774,0.007309762534616919,5.746938775510204,4.2350962864033885,1.5499103407053199,21.175481432016944,3.373565157377057,3.85741674447312,1.4995500499606127,"[""Interval"", ""TestPeriod_Constructors"", ""DateTime"", ""PeriodType"", ""Period""]","[0.04081632653061224, 0.030927835051546393, 0.027165932452276064, 0.022713687985654513, 0.019867549668874173]","[5.746938775510204, 4.878497790868925, 5.272393538913363, 1.5499103407053199, 3.7277409860191315]"
org.joda.time.TestPeriod_Constructors.testConstructor_RI_RD1,0.04081632653061224,0.028298266337792678,0.019867549668874173,0.14149133168896338,0.02659520807061791,0.027411197144070774,0.007309762534616919,5.746938775510204,4.2350962864033885,1.5499103407053199,21.175481432016944,3.373565157377057,3.85741674447312,1.4995500499606127,"[""Interval"", ""TestPeriod_Constructors"", ""DateTime"", ""PeriodType"", ""Period""]","[0.04081632653061224, 0.030927835051546393, 0.027165932452276064, 0.022713687985654513, 0.019867549668874173]","[5.746938775510204, 4.878497790868925, 5.272393538913363, 1.5499103407053199, 3.7277409860191315]"
org.joda.time.TestPeriod_Constructors.testConstructor_RD_RI1,0.04081632653061224,0.028298266337792678,0.019867549668874173,0.14149133168896338,0.02659520807061791,0.027411197144070774,0.007309762534616919,5.746938775510204,4.2350962864033885,1.5499103407053199,21.175481432016944,3.373565157377057,3.85741674447312,1.4995500499606127,"[""Interval"", ""TestPeriod_Constructors"", ""DateTime"", ""PeriodType"", ""Period""]","[0.04081632653061224, 0.030927835051546393, 0.027165932452276064, 0.022713687985654513, 0.019867549668874173]","[5.746938775510204, 4.878497790868925, 5.272393538913363, 1.5499103407053199, 3.7277409860191315]"
org.joda.time.TestLocalDate_Basics.testEqualsHashCodeAPI,0.06765899864682003,0.035223946876890844,0.01574344023323615,0.14089578750756337,0.025573637036776894,0.02975640718074123,0.020591935161596436,9.71853856562923,5.060102905996516,1.8169096209912536,20.240411623986063,3.2040366559378466,4.008850010013123,3.2347979154756064,"[""Object"", ""DateTimeField"", ""TestLocalDate_Basics"", ""LocalDate"", ""Chronology""]","[0.06765899864682003, 0.03825136612021858, 0.01924198250728863, 0.01574344023323615]","[9.71853856562923, 6.430327868852459, 2.2746355685131197, 1.8169096209912536]"
org.joda.time.TestPeriod_Constructors.testConstructor_long_long_Chronology1,0.04081632653061224,0.02814699674568059,0.019867549668874173,0.14073498372840296,0.02638239326675146,0.027226161570456688,0.007430592981005755,5.746938775510204,4.094248471712764,0.8456712672521958,20.47124235856382,2.4759761552430404,3.4172406289492363,1.7562482526478078,"[""TestPeriod_Constructors"", ""DateTime"", ""PeriodType"", ""CopticChronology"", ""Period""]","[0.04081632653061224, 0.030927835051546393, 0.027165932452276064, 0.021957340025094103, 0.019867549668874173]","[5.746938775510204, 4.878497790868925, 5.272393538913363, 0.8456712672521958, 3.7277409860191315]"
org.joda.time.TestPeriod_Constructors.testConstructor_long_long_PeriodType_Chronology1,0.04081632653061224,0.02814699674568059,0.019867549668874173,0.14073498372840296,0.02638239326675146,0.027226161570456688,0.007430592981005755,5.746938775510204,4.094248471712764,0.8456712672521958,20.47124235856382,2.4759761552430404,3.4172406289492363,1.7562482526478078,"[""TestPeriod_Constructors"", ""DateTime"", ""PeriodType"", ""CopticChronology"", ""Period""]","[0.04081632653061224, 0.030927835051546393, 0.027165932452276064, 0.021957340025094103, 0.019867549668874173]","[5.746938775510204, 4.878497790868925, 5.272393538913363, 0.8456712672521958, 3.7277409860191315]"
org.joda.time.format.TestDateTimeFormatterBuilder.test_localParseWrongOffsetAndZone,0.058186738836265225,0.03510062056912462,0.01282798833819242,0.14040248227649849,0.025654781974111387,0.030383216912548094,0.016980119537955668,11.043301759133964,5.611262757567747,1.2180758017492712,22.44505103027099,2.7647298073329587,3.999676881095014,3.9733549722751875,"[""DateTimeFormatterBuilder"", ""DateTimeFormatter"", ""LocalDateTime"", ""TestDateTimeFormatterBuilder""]","[0.058186738836265225, 0.04256559766763848, 0.026822157434402333, 0.01282798833819242]","[11.043301759133964, 7.718950437317784, 2.464723032069971, 1.2180758017492712]"
org.joda.time.TestPeriod_Constructors.testFactoryFieldDifference3,0.044386422976501305,0.03502864977061857,0.027165932452276064,0.14011459908247428,0.03382807328007335,0.03441932467858506,0.006576414362119487,5.272393538913363,4.408830071559528,3.3669354838709675,17.635320286238112,4.280269939705242,4.345506575858267,0.7308814839743707,"[""YearMonthDay"", ""TimeOfDay"", ""Period"", ""TestPeriod_Constructors""]","[0.044386422976501305, 0.03763440860215054, 0.030927835051546393, 0.027165932452276064]","[4.117493472584856, 3.3669354838709675, 4.878497790868925, 5.272393538913363]"
org.joda.time.TestPeriod_Constructors.testConstructor_RP_RP6,0.044386422976501305,0.03502864977061857,0.027165932452276064,0.14011459908247428,0.03382807328007335,0.03441932467858506,0.006576414362119487,5.272393538913363,4.408830071559528,3.3669354838709675,17.635320286238112,4.280269939705242,4.345506575858267,0.7308814839743707,"[""YearMonthDay"", ""TimeOfDay"", ""Period"", ""TestPeriod_Constructors""]","[0.044386422976501305, 0.03763440860215054, 0.030927835051546393, 0.027165932452276064]","[4.117493472584856, 3.3669354838709675, 4.878497790868925, 5.272393538913363]"
org.joda.time.format.TestDateTimeFormatterBuilder.test_appendFixedSignedDecimal,0.04256559766763848,0.027945046744566555,0.01282798833819242,0.13972523372283277,0.022407952604905933,0.025108265582491303,0.01213112986302686,7.718950437317784,3.8515182134629917,1.2180758017492712,19.25759106731496,2.494475712473944,3.088152752463804,2.467572841245022,"[""TestDateTimeFormatterBuilder"", ""DateTimeFieldType"", ""DateTimeFormatter"", ""DateTimeFormatterBuilder"", ""DateTime""]","[0.04256559766763848, 0.04081632653061224, 0.026822157434402333, 0.016693163751987282, 0.01282798833819242]","[7.718950437317784, 5.746938775510204, 2.464723032069971, 2.1089030206677264, 1.2180758017492712]"
org.joda.time.format.TestDateTimeFormatterBuilder.test_appendFixedDecimal,0.04256559766763848,0.027945046744566555,0.01282798833819242,0.13972523372283277,0.022407952604905933,0.025108265582491303,0.01213112986302686,7.718950437317784,3.8515182134629917,1.2180758017492712,19.25759106731496,2.494475712473944,3.088152752463804,2.467572841245022,"[""TestDateTimeFormatterBuilder"", ""DateTimeFieldType"", ""DateTimeFormatter"", ""DateTimeFormatterBuilder"", ""DateTime""]","[0.04256559766763848, 0.04081632653061224, 0.026822157434402333, 0.016693163751987282, 0.01282798833819242]","[7.718950437317784, 5.746938775510204, 2.464723032069971, 2.1089030206677264, 1.2180758017492712]"
org.joda.time.convert.TestReadableIntervalConverter.testSetIntoInterval_Object2,0.02507288629737609,0.01995682099299358,0.013157894736842105,0.13969774695095505,0.019192530039234088,0.019591627375560902,0.0036406031199279557,2.896209912536443,1.255064640858818,0.35825358851674644,8.785452486011726,0.876365281137806,1.053554447869707,0.7589861641617945,"[""ReadableIntervalConverter"", ""GJChronology"", ""Interval"", ""BuddhistChronology"", ""TestReadableIntervalConverter"", ""MutableInterval"", ""CopticChronology""]","[0.02507288629737609, 0.022713687985654513, 0.021957340025094103, 0.020773638968481375, 0.01852958756724447, 0.01749271137026239, 0.013157894736842105]","[2.896209912536443, 1.5499103407053199, 0.8456712672521958, 0.7449856733524355, 1.2755528989838614, 1.114868804664723, 0.35825358851674644]"
org.joda.time.convert.TestConverterManager.testGetPartialConverter,0.044386422976501305,0.019954675489550044,0.00243605359317905,0.1396827284268503,0.008201537944256126,0.013372238884818711,0.015521818611978546,5.746938775510204,2.204726574031878,0.04506699147381242,15.433086018223147,0.1945438285725784,0.7846716212424794,2.129314832100428,"[""TestConverterManager"", ""TimeOfDay"", ""GregorianCalendar"", ""PartialConverter"", ""DateTime"", ""ConverterManager"", ""Long"", ""Date""]","[0.044386422976501305, 0.04081632653061224, 0.021443888491779844, 0.016383850204798128, 0.008210180623973728, 0.006006006006006006, 0.00243605359317905]","[4.117493472584856, 5.746938775510204, 3.695496783416726, 1.4230544177881803, 0.2939244663382594, 0.1111111111111111, 0.04506699147381242]"
org.joda.time.TestPartial_Basics.testCompareTo,0.044386422976501305,0.027927479024155107,0.016693163751987282,0.13963739512077553,0.02380919673356437,0.025739919411336878,0.011223039188061584,4.117493472584856,3.3929581058129576,2.1089030206677264,16.96479052906479,3.205036337246536,3.3056604233194555,0.7089426983223495,"[""YearMonthDay"", ""TimeOfDay"", ""DateTimeFieldType"", ""TestPartial_Basics"", ""Partial""]","[0.044386422976501305, 0.03763440860215054, 0.024134312696747113, 0.016789087093389297, 0.016693163751987282]","[4.117493472584856, 3.3669354838709675, 3.396642182581322, 3.974816369359916, 2.1089030206677264]"
org.joda.time.TestSeconds.testFactory_secondsBetween_RPartial,0.05013550135501355,0.034812589709076795,0.020766773162939296,0.13925035883630718,0.030220031171067165,0.032439217055633435,0.012663703186864416,7.333333333333333,4.083952707869324,2.3386581469648564,16.335810831477296,3.334588871093491,3.661877132013963,1.9981209174163994,"[""Seconds"", ""TimeOfDay"", ""LocalTime"", ""TestSeconds""]","[0.05013550135501355, 0.044386422976501305, 0.023961661341853034, 0.020766773162939296]","[7.333333333333333, 4.117493472584856, 2.5463258785942493, 2.3386581469648564]"
org.joda.time.TestHours.testFactory_hoursBetween_RPartial,0.05013550135501355,0.034812589709076795,0.020766773162939296,0.13925035883630718,0.030220031171067165,0.032439217055633435,0.012663703186864416,7.333333333333333,4.1474511104252345,2.4329073482428116,16.589804441700938,3.448869752937502,3.754911859464338,1.9473046748857108,"[""Hours"", ""TestHours"", ""LocalTime"", ""TimeOfDay""]","[0.05013550135501355, 0.044386422976501305, 0.023961661341853034, 0.020766773162939296]","[7.333333333333333, 4.117493472584856, 2.7060702875399363, 2.4329073482428116]"
org.joda.time.TestMinutes.testFactory_minutesBetween_RPartial,0.05013550135501355,0.034812589709076795,0.020766773162939296,0.13925035883630718,0.030220031171067165,0.032439217055633435,0.012663703186864416,7.333333333333333,4.096732260584979,2.3386581469648564,16.386929042339915,3.3562134335899354,3.680118678397434,1.9883854720039418,"[""TestMinutes"", ""Minutes"", ""LocalTime"", ""TimeOfDay""]","[0.05013550135501355, 0.044386422976501305, 0.023961661341853034, 0.020766773162939296]","[7.333333333333333, 4.117493472584856, 2.597444089456869, 2.3386581469648564]"
org.joda.time.TestLocalDate_Basics.testToDateMidnight,0.06765899864682003,0.04636846183797552,0.03319502074688797,0.13910538551392657,0.04222505956749475,0.04412470554116475,0.015195544858941878,9.71853856562923,6.665804717441337,3.8485477178423237,19.997414152324012,5.788740273459101,6.218853390675758,2.402191381210293,"[""DateMidnight"", ""TestLocalDate_Basics"", ""LocalDate""]","[0.06765899864682003, 0.03825136612021858, 0.03319502074688797]","[9.71853856562923, 6.430327868852459, 3.8485477178423237]"
org.joda.time.TestLocalDate_Basics.testToDateMidnight_Zone,0.06765899864682003,0.04636846183797552,0.03319502074688797,0.13910538551392657,0.04222505956749475,0.04412470554116475,0.015195544858941878,9.71853856562923,6.665804717441337,3.8485477178423237,19.997414152324012,5.788740273459101,6.218853390675758,2.402191381210293,"[""DateMidnight"", ""TestLocalDate_Basics"", ""LocalDate""]","[0.06765899864682003, 0.03825136612021858, 0.03319502074688797]","[9.71853856562923, 6.430327868852459, 3.8485477178423237]"
org.joda.time.TestLocalDate_Basics.testToDateMidnight_nullZone,0.06765899864682003,0.04636846183797552,0.03319502074688797,0.13910538551392657,0.04222505956749475,0.04412470554116475,0.015195544858941878,9.71853856562923,6.665804717441337,3.8485477178423237,19.997414152324012,5.788740273459101,6.218853390675758,2.402191381210293,"[""DateMidnight"", ""TestLocalDate_Basics"", ""LocalDate""]","[0.06765899864682003, 0.03825136612021858, 0.03319502074688797]","[9.71853856562923, 6.430327868852459, 3.8485477178423237]"
org.joda.time.format.TestTextFields.testHalfdayNames,0.03498542274052478,0.023167260555015657,0.014222222222222223,0.13900356333009395,0.020877130059347597,0.021992730056372565,0.00738020601479621,4.066472303206997,2.1792035417341538,0.6728888888888889,13.075221250404923,1.3794575282375081,1.7736612444560251,1.1986182693725382,"[""TestTextFields"", ""DateTimeFormatter"", ""DateTimeFormat"", ""MutableDateTime"", ""ISOChronology"", ""Chronology""]","[0.03498542274052478, 0.027988338192419825, 0.026822157434402333, 0.01924198250728863, 0.01574344023323615, 0.014222222222222223]","[4.066472303206997, 2.8956268221574346, 2.464723032069971, 2.2746355685131197, 0.7008746355685131, 0.6728888888888889]"
org.joda.time.TestDateTimeZoneCutover.testPeriod,0.046992481203007516,0.03465104811351008,0.019867549668874173,0.13860419245404032,0.031141329734779677,0.03294875659036803,0.010280269578545317,9.947368421052632,6.075136493362723,3.7277409860191315,24.30054597345089,5.349203379392134,5.6783107214507424,2.3475574378504365,"[""Period"", ""PeriodType"", ""TestDateTimeZoneCutover"", ""DateTime""]","[0.046992481203007516, 0.04081632653061224, 0.030927835051546393, 0.019867549668874173]","[9.947368421052632, 5.746938775510204, 4.878497790868925, 3.7277409860191315]"
org.joda.time.TestDateTime_Basics.testToLocalDate,0.06765899864682003,0.04614935907367634,0.02997275204359673,0.138448077221029,0.04129749211593332,0.04358081698840885,0.01584075382967985,9.71853856562923,6.6338148811972495,4.435967302452316,19.90144464359175,5.972148450212462,6.280708292224207,2.2459299050748958,"[""LocalDate"", ""TestDateTime_Basics"", ""DateTime""]","[0.06765899864682003, 0.04081632653061224, 0.02997275204359673]","[9.71853856562923, 5.746938775510204, 4.435967302452316]"
org.joda.time.TestLocalTime_Constructors.testConstructor_ObjectLocalDateTime,0.058186738836265225,0.04607118151303496,0.029891304347826088,0.13821354453910487,0.04250102198998653,0.04434432841306416,0.011903694806118349,11.043301759133964,7.7052551757499685,4.739130434782608,23.115765527249906,6.850481229511209,7.267187114597083,2.5870689224607606,"[""TestLocalTime_Constructors"", ""LocalDateTime"", ""LocalTime""]","[0.058186738836265225, 0.05013550135501355, 0.029891304347826088]","[11.043301759133964, 7.333333333333333, 4.739130434782608]"
org.joda.time.convert.TestReadableInstantConverter.testGetChronology_Object_nullChronology,0.04081632653061224,0.022930583088602473,0.008191925102399064,0.13758349853161483,0.017418702739886795,0.020097379109522095,0.011304434169502954,5.746938775510204,2.3122009725189137,0.28437682855471036,13.873205835113483,0.8247929995291127,1.409071717316887,1.9982285505307842,"[""ReadableInstantConverter"", ""MutableDateTime"", ""Instant"", ""TestReadableInstantConverter$2"", ""DateTime"", ""TestReadableInstantConverter"", ""Chronology""]","[0.04081632653061224, 0.03498542274052478, 0.01924198250728863, 0.018658892128279883, 0.015688949522510234, 0.008191925102399064]","[5.746938775510204, 4.066472303206997, 2.2746355685131197, 0.963265306122449, 0.5375170532060027, 0.28437682855471036]"
org.joda.time.TestInterval_Constructors.testConstructor_RD_RI1,0.04081632653061224,0.022840420650301053,0.00994733762434172,0.13704252390180632,0.018960493211115426,0.020876371173779034,0.00953209416550617,5.746938775510204,2.1697519932302076,0.689877121123464,13.018511959381245,1.2807700616827573,1.6314671974430752,1.7392404236974621,"[""TestInterval_Constructors"", ""Interval"", ""Duration"", ""DurationField"", ""ISOChronology"", ""DateTime""]","[0.04081632653061224, 0.02516091281451141, 0.022713687985654513, 0.02266081871345029, 0.01574344023323615, 0.00994733762434172]","[5.746938775510204, 1.6079578700994734, 1.5499103407053199, 2.722953216374269, 0.7008746355685131, 0.689877121123464]"
org.joda.time.TestInterval_Constructors.testConstructor_RI_RD1,0.04081632653061224,0.022840420650301053,0.00994733762434172,0.13704252390180632,0.018960493211115426,0.020876371173779034,0.00953209416550617,5.746938775510204,2.1697519932302076,0.689877121123464,13.018511959381245,1.2807700616827573,1.6314671974430752,1.7392404236974621,"[""TestInterval_Constructors"", ""Interval"", ""Duration"", ""DurationField"", ""ISOChronology"", ""DateTime""]","[0.04081632653061224, 0.02516091281451141, 0.022713687985654513, 0.02266081871345029, 0.01574344023323615, 0.00994733762434172]","[5.746938775510204, 1.6079578700994734, 1.5499103407053199, 2.722953216374269, 0.7008746355685131, 0.689877121123464]"
org.joda.time.tz.TestBuilder.testForwardTransitions,0.04081632653061224,0.02738419177194687,0.013888888888888888,0.13692095885973435,0.02315864841434411,0.025246530813961672,0.010470756526073993,5.746938775510204,3.329145880574452,1.3518518518518519,16.64572940287226,2.651456382732778,2.991240887641266,1.4600763412936517,"[""DateTimeZoneBuilder"", ""DateTime"", ""TestBuilder"", ""DateTimeFormatter"", ""DateTimeZone""]","[0.04081632653061224, 0.037317784256559766, 0.026822157434402333, 0.018075801749271137, 0.013888888888888888]","[5.746938775510204, 3.358600583090379, 2.464723032069971, 3.7236151603498544, 1.3518518518518519]"
org.joda.time.tz.TestBuilder.testFixed,0.04081632653061224,0.02738419177194687,0.013888888888888888,0.13692095885973435,0.02315864841434411,0.025246530813961672,0.010470756526073993,5.746938775510204,3.329145880574452,1.3518518518518519,16.64572940287226,2.651456382732778,2.991240887641266,1.4600763412936517,"[""DateTimeZoneBuilder"", ""ByteArrayOutputStream"", ""DateTimeFormatter"", ""DateTimeZone"", ""DateTime"", ""TestBuilder"", ""ByteArrayInputStream""]","[0.04081632653061224, 0.037317784256559766, 0.026822157434402333, 0.018075801749271137, 0.013888888888888888]","[5.746938775510204, 3.358600583090379, 2.464723032069971, 3.7236151603498544, 1.3518518518518519]"
org.joda.time.tz.TestBuilder.testReverseTransitions,0.04081632653061224,0.02738419177194687,0.013888888888888888,0.13692095885973435,0.02315864841434411,0.025246530813961672,0.010470756526073993,5.746938775510204,3.329145880574452,1.3518518518518519,16.64572940287226,2.651456382732778,2.991240887641266,1.4600763412936517,"[""DateTimeZoneBuilder"", ""DateTime"", ""TestBuilder"", ""DateTimeFormatter"", ""DateTimeZone""]","[0.04081632653061224, 0.037317784256559766, 0.026822157434402333, 0.018075801749271137, 0.013888888888888888]","[5.746938775510204, 3.358600583090379, 2.464723032069971, 3.7236151603498544, 1.3518518518518519]"
org.joda.time.tz.TestBuilder.testSerialization,0.04081632653061224,0.02738419177194687,0.013888888888888888,0.13692095885973435,0.02315864841434411,0.025246530813961672,0.010470756526073993,5.746938775510204,3.329145880574452,1.3518518518518519,16.64572940287226,2.651456382732778,2.991240887641266,1.4600763412936517,"[""ByteArrayOutputStream"", ""DateTimeZoneBuilder"", ""DateTimeFormatter"", ""DateTimeZone"", ""DateTime"", ""TestBuilder"", ""ByteArrayInputStream""]","[0.04081632653061224, 0.037317784256559766, 0.026822157434402333, 0.018075801749271137, 0.013888888888888888]","[5.746938775510204, 3.358600583090379, 2.464723032069971, 3.7236151603498544, 1.3518518518518519]"
org.joda.time.TestLocalDate_Basics.testPlus_RP,0.06765899864682003,0.045612733272861666,0.030927835051546393,0.136838199818585,0.04095217046503465,0.04309636878367862,0.0158731826158188,9.71853856562923,7.009121408450206,4.878497790868925,21.027364225350617,6.474023788643626,6.7303874192116435,2.017878448015084,"[""TestLocalDate_Basics"", ""Period"", ""LocalDate""]","[0.06765899864682003, 0.03825136612021858, 0.030927835051546393]","[9.71853856562923, 6.430327868852459, 4.878497790868925]"
org.joda.time.TestLocalDate_Basics.testMinus_RP,0.06765899864682003,0.045612733272861666,0.030927835051546393,0.136838199818585,0.04095217046503465,0.04309636878367862,0.0158731826158188,9.71853856562923,7.009121408450206,4.878497790868925,21.027364225350617,6.474023788643626,6.7303874192116435,2.017878448015084,"[""TestLocalDate_Basics"", ""Period"", ""LocalDate""]","[0.06765899864682003, 0.03825136612021858, 0.030927835051546393]","[9.71853856562923, 6.430327868852459, 4.878497790868925]"
org.joda.time.TestLocalDateTime_Basics.testToLocalTime,0.058186738836265225,0.04556367817250664,0.028368794326241134,0.1366910345175199,0.041446772852494033,0.043578280104610456,0.012595068588136646,11.043301759133964,8.06928025540872,5.831205673758865,24.207840766226163,7.529980880549074,7.787288091915189,2.1905402385225714,"[""LocalDateTime"", ""LocalTime"", ""TestLocalDateTime_Basics""]","[0.058186738836265225, 0.05013550135501355, 0.028368794326241134]","[11.043301759133964, 7.333333333333333, 5.831205673758865]"
org.joda.time.TestPeriod_Constructors.testFactoryFieldDifference4,0.03763440860215054,0.02731113051094148,0.016693163751987282,0.1365556525547074,0.025373611557565772,0.026364926463783727,0.0069642672877704564,5.272393538913363,3.804674403380461,2.1089030206677264,19.023372016902304,3.4240879311132457,3.618487084403663,1.1437694143154664,"[""YearMonthDay"", ""DateTimeFieldType"", ""TestPeriod_Constructors"", ""Partial"", ""Period""]","[0.03763440860215054, 0.030927835051546393, 0.027165932452276064, 0.024134312696747113, 0.016693163751987282]","[3.3669354838709675, 4.878497790868925, 5.272393538913363, 3.396642182581322, 2.1089030206677264]"
org.joda.time.TestLocalDateTime_Constructors.testConstructor_ObjectLocalTime,0.058186738836265225,0.04511642240610194,0.02702702702702703,0.1353492672183058,0.04046835786474937,0.04288010944138663,0.013206697167983887,11.043301759133964,7.6475933949760595,4.566145092460882,22.94278018492818,6.727673509313951,7.177667856139064,2.65360875801422,"[""TestLocalDateTime_Constructors"", ""LocalDateTime"", ""LocalTime""]","[0.058186738836265225, 0.05013550135501355, 0.02702702702702703]","[11.043301759133964, 7.333333333333333, 4.566145092460882]"
org.joda.time.TestLocalDate_Constructors.testConstructor_long4_DateTimeZone,0.06765899864682003,0.04502865647837845,0.02661064425770308,0.13508596943513534,0.0390325408129725,0.04188626379960667,0.01702056877634176,9.71853856562923,6.3278948746842,3.518207282913165,18.9836846240526,5.346283411621009,5.813704925378538,2.5643920001607214,"[""LocalDate"", ""TestLocalDate_Constructors"", ""DateTime""]","[0.06765899864682003, 0.04081632653061224, 0.02661064425770308]","[9.71853856562923, 5.746938775510204, 3.518207282913165]"
org.joda.time.TestLocalDate_Constructors.testConstructor_long3_DateTimeZone,0.06765899864682003,0.04502865647837845,0.02661064425770308,0.13508596943513534,0.0390325408129725,0.04188626379960667,0.01702056877634176,9.71853856562923,6.3278948746842,3.518207282913165,18.9836846240526,5.346283411621009,5.813704925378538,2.5643920001607214,"[""LocalDate"", ""TestLocalDate_Constructors"", ""DateTime""]","[0.06765899864682003, 0.04081632653061224, 0.02661064425770308]","[9.71853856562923, 5.746938775510204, 3.518207282913165]"
org.joda.time.TestTimeOfDay_Constructors.testConstructor_nullDateTimeZone,0.044386422976501305,0.03360723273849185,0.022076860179885527,0.1344289309539674,0.03096957020443964,0.0322808592862652,0.009257646669174136,5.746938775510204,3.5612115540778606,1.4899806076276665,14.244846216311442,2.789418873724017,3.177263741903385,1.5673858872148956,"[""DateTimeUtils"", ""TestTimeOfDay_Constructors"", ""TimeOfDay"", ""DateTime""]","[0.044386422976501305, 0.04081632653061224, 0.027149321266968326, 0.022076860179885527]","[4.117493472584856, 5.746938775510204, 1.4899806076276665, 2.8904333605887165]"
org.joda.time.TestTimeOfDay_Constructors.testConstructor_DateTimeZone,0.044386422976501305,0.03360723273849185,0.022076860179885527,0.1344289309539674,0.03096957020443964,0.0322808592862652,0.009257646669174136,5.746938775510204,3.5612115540778606,1.4899806076276665,14.244846216311442,2.789418873724017,3.177263741903385,1.5673858872148956,"[""DateTimeUtils"", ""TestTimeOfDay_Constructors"", ""TimeOfDay"", ""DateTime""]","[0.044386422976501305, 0.04081632653061224, 0.027149321266968326, 0.022076860179885527]","[4.117493472584856, 5.746938775510204, 1.4899806076276665, 2.8904333605887165]"
org.joda.time.TestLocalDate_Basics.testToString_DTFormatter,0.06765899864682003,0.044632900986486146,0.027988338192419825,0.13389870295945844,0.03913790988030323,0.0416853267194227,0.01681236282539567,9.71853856562923,6.348164418879708,2.8956268221574346,19.044493256639125,4.9688818493307245,5.656210410814432,2.786047892527442,"[""DateTimeFormat"", ""TestLocalDate_Basics"", ""LocalDate""]","[0.06765899864682003, 0.03825136612021858, 0.027988338192419825]","[9.71853856562923, 6.430327868852459, 2.8956268221574346]"
org.joda.time.TestInstant_Basics.testIsBefore_RI,0.04081632653061224,0.02229102618081098,0.01574344023323615,0.13374615708486587,0.019902078692732448,0.020920004749226208,0.00885846795847644,5.746938775510204,1.974010507278038,0.632069970845481,11.844063043668228,1.1375767352512656,1.4381963370318362,1.7652035595830688,"[""AbstractInstant"", ""GregorianChronology"", ""Instant"", ""TestInstant_Basics$MockInstant"", ""ISOChronology"", ""DateTime"", ""TestInstant_Basics""]","[0.04081632653061224, 0.02507288629737609, 0.018658892128279883, 0.017711171662125342, 0.01574344023323615, 0.01574344023323615]","[5.746938775510204, 1.8431486880466472, 0.963265306122449, 1.957765667574932, 0.7008746355685131, 0.632069970845481]"
org.joda.time.TestInstant_Basics.testIsAfter_RI,0.04081632653061224,0.02229102618081098,0.01574344023323615,0.13374615708486587,0.019902078692732448,0.020920004749226208,0.00885846795847644,5.746938775510204,1.974010507278038,0.632069970845481,11.844063043668228,1.1375767352512656,1.4381963370318362,1.7652035595830688,"[""AbstractInstant"", ""GregorianChronology"", ""Instant"", ""TestInstant_Basics$MockInstant"", ""ISOChronology"", ""DateTime"", ""TestInstant_Basics""]","[0.04081632653061224, 0.02507288629737609, 0.018658892128279883, 0.017711171662125342, 0.01574344023323615, 0.01574344023323615]","[5.746938775510204, 1.8431486880466472, 0.963265306122449, 1.957765667574932, 0.7008746355685131, 0.632069970845481]"
org.joda.time.TestInstant_Basics.testCompareTo,0.04081632653061224,0.02229102618081098,0.01574344023323615,0.13374615708486587,0.019902078692732448,0.020920004749226208,0.00885846795847644,5.746938775510204,1.974010507278038,0.632069970845481,11.844063043668228,1.1375767352512656,1.4381963370318362,1.7652035595830688,"[""AbstractInstant"", ""GregorianChronology"", ""Instant"", ""TestInstant_Basics$MockInstant"", ""ISOChronology"", ""DateTime"", ""TestInstant_Basics""]","[0.04081632653061224, 0.02507288629737609, 0.018658892128279883, 0.017711171662125342, 0.01574344023323615, 0.01574344023323615]","[5.746938775510204, 1.8431486880466472, 0.963265306122449, 1.957765667574932, 0.7008746355685131, 0.632069970845481]"
org.joda.time.TestInstant_Basics.testIsEqual_RI,0.04081632653061224,0.02229102618081098,0.01574344023323615,0.13374615708486587,0.019902078692732448,0.020920004749226208,0.00885846795847644,5.746938775510204,1.974010507278038,0.632069970845481,11.844063043668228,1.1375767352512656,1.4381963370318362,1.7652035595830688,"[""AbstractInstant"", ""GregorianChronology"", ""Instant"", ""TestInstant_Basics$MockInstant"", ""ISOChronology"", ""DateTime"", ""TestInstant_Basics""]","[0.04081632653061224, 0.02507288629737609, 0.018658892128279883, 0.017711171662125342, 0.01574344023323615, 0.01574344023323615]","[5.746938775510204, 1.8431486880466472, 0.963265306122449, 1.957765667574932, 0.7008746355685131, 0.632069970845481]"
org.joda.time.chrono.TestISOChronology.testAddMonths,0.04081632653061224,0.022248164619327774,0.00994733762434172,0.13348898771596665,0.016954865350576737,0.019249581024617275,0.012230589642678985,5.746938775510204,2.238736559271866,0.689877121123464,13.432419355631195,1.2583019519551213,1.6374640945020225,1.8124698467563465,"[""TestISOChronology"", ""YearMonthDay"", ""DurationField"", ""DurationFieldType"", ""ISOChronology"", ""DateTime""]","[0.04081632653061224, 0.03763440860215054, 0.016628873771730914, 0.01574344023323615, 0.012718600953895072, 0.00994733762434172]","[5.746938775510204, 3.3669354838709675, 1.7513227513227514, 0.7008746355685131, 1.1764705882352942, 0.689877121123464]"
org.joda.time.chrono.TestISOChronology.testCutoverAddYears,0.04081632653061224,0.022248164619327774,0.00994733762434172,0.13348898771596665,0.016954865350576737,0.019249581024617275,0.012230589642678985,5.746938775510204,2.238736559271866,0.689877121123464,13.432419355631195,1.2583019519551213,1.6374640945020225,1.8124698467563465,"[""TestISOChronology"", ""YearMonthDay"", ""DurationField"", ""DurationFieldType"", ""ISOChronology"", ""DateTime""]","[0.04081632653061224, 0.03763440860215054, 0.016628873771730914, 0.01574344023323615, 0.012718600953895072, 0.00994733762434172]","[5.746938775510204, 3.3669354838709675, 1.7513227513227514, 0.7008746355685131, 1.1764705882352942, 0.689877121123464]"
org.joda.time.TestMonthDay_Constructors.testParse_formatter,0.03459119496855346,0.026689403524212917,0.01574344023323615,0.1334470176210646,0.02490378198162521,0.025862486855272933,0.006108312001863663,6.022012578616352,2.9537543319214477,0.7008746355685131,14.76877165960724,1.8407494493988623,2.4076019883488224,1.7207061250307532,"[""TestMonthDay_Constructors"", ""DateTimeFormatter"", ""DateTimeFormat"", ""ISOChronology"", ""MonthDay""]","[0.03459119496855346, 0.02830188679245283, 0.027988338192419825, 0.026822157434402333, 0.01574344023323615]","[6.022012578616352, 2.6855345911949686, 2.8956268221574346, 2.464723032069971, 0.7008746355685131]"
org.joda.time.TestTimeOfDay_Basics.testToDateTimeToday_Zone,0.044386422976501305,0.033198401994419896,0.02044153720359771,0.13279360797767958,0.030124396035393207,0.03166570400208518,0.00977923264721164,5.746938775510204,3.718815805917599,1.4899806076276665,14.875263223670396,2.9153587128694083,3.3379084316476684,1.5230826731874343,"[""TimeOfDay"", ""TestTimeOfDay_Basics"", ""DateTime$Property"", ""DateTime"", ""DateTimeUtils""]","[0.044386422976501305, 0.04081632653061224, 0.027149321266968326, 0.02044153720359771]","[4.117493472584856, 5.746938775510204, 1.4899806076276665, 3.5208503679476695]"
org.joda.time.TestTimeOfDay_Basics.testToDateTime_nullRI,0.044386422976501305,0.033198401994419896,0.02044153720359771,0.13279360797767958,0.030124396035393207,0.03166570400208518,0.00977923264721164,5.746938775510204,3.718815805917599,1.4899806076276665,14.875263223670396,2.9153587128694083,3.3379084316476684,1.5230826731874343,"[""TimeOfDay"", ""DateTime"", ""TestTimeOfDay_Basics"", ""DateTimeUtils""]","[0.044386422976501305, 0.04081632653061224, 0.027149321266968326, 0.02044153720359771]","[4.117493472584856, 5.746938775510204, 1.4899806076276665, 3.5208503679476695]"
org.joda.time.TestTimeOfDay_Basics.testToDateTimeToday,0.044386422976501305,0.033198401994419896,0.02044153720359771,0.13279360797767958,0.030124396035393207,0.03166570400208518,0.00977923264721164,5.746938775510204,3.718815805917599,1.4899806076276665,14.875263223670396,2.9153587128694083,3.3379084316476684,1.5230826731874343,"[""TimeOfDay"", ""TestTimeOfDay_Basics"", ""DateTime$Property"", ""DateTime"", ""DateTimeUtils""]","[0.044386422976501305, 0.04081632653061224, 0.027149321266968326, 0.02044153720359771]","[4.117493472584856, 5.746938775510204, 1.4899806076276665, 3.5208503679476695]"
org.joda.time.TestTimeOfDay_Basics.testToDateTimeToday_nullZone,0.044386422976501305,0.033198401994419896,0.02044153720359771,0.13279360797767958,0.030124396035393207,0.03166570400208518,0.00977923264721164,5.746938775510204,3.718815805917599,1.4899806076276665,14.875263223670396,2.9153587128694083,3.3379084316476684,1.5230826731874343,"[""TimeOfDay"", ""TestTimeOfDay_Basics"", ""DateTime$Property"", ""DateTime"", ""DateTimeUtils""]","[0.044386422976501305, 0.04081632653061224, 0.027149321266968326, 0.02044153720359771]","[4.117493472584856, 5.746938775510204, 1.4899806076276665, 3.5208503679476695]"
org.joda.time.field.TestPreciseDurationDateTimeField.test_addWrapField_RP_int_intarray_int,0.044386422976501305,0.01657954979152539,0.006024096385542169,0.13263639833220311,0.012200314006773363,0.013963592145100455,0.01127319593580936,4.117493472584856,1.6407189167143605,0.06927710843373494,13.125751333714884,0.3767102973199163,0.9773555110524613,1.2688965125624945,"[""TestPreciseDurationDateTimeField"", ""BaseDateTimeField"", ""TimeOfDay"", ""Arrays"", ""DateTimeFieldType"", ""BaseDurationField"", ""TestPreciseDurationDateTimeField$MockPreciseDurationDateTimeField"", ""PreciseDurationDateTimeField"", ""DurationFieldType"", ""TestPreciseDurationDateTimeField$MockCountingDurationField""]","[0.044386422976501305, 0.02040816326530612, 0.016693163751987282, 0.012718600953895072, 0.011686143572621035, 0.011117612638970159, 0.009602194787379973, 0.006024096385542169]","[4.117493472584856, 2.4285714285714284, 2.1089030206677264, 1.1764705882352942, 2.3013355592654423, 0.5149210064365126, 0.40877914951989025, 0.06927710843373494]"
org.joda.time.field.TestPreciseDurationDateTimeField.test_set_RP_int_intarray_int,0.044386422976501305,0.01657954979152539,0.006024096385542169,0.13263639833220311,0.012200314006773363,0.013963592145100455,0.01127319593580936,4.117493472584856,1.6407189167143605,0.06927710843373494,13.125751333714884,0.3767102973199163,0.9773555110524613,1.2688965125624945,"[""TestPreciseDurationDateTimeField"", ""BaseDateTimeField"", ""TimeOfDay"", ""Arrays"", ""DateTimeFieldType"", ""BaseDurationField"", ""TestPreciseDurationDateTimeField$MockPreciseDurationDateTimeField"", ""PreciseDurationDateTimeField"", ""DurationFieldType"", ""TestPreciseDurationDateTimeField$MockCountingDurationField""]","[0.044386422976501305, 0.02040816326530612, 0.016693163751987282, 0.012718600953895072, 0.011686143572621035, 0.011117612638970159, 0.009602194787379973, 0.006024096385542169]","[4.117493472584856, 2.4285714285714284, 2.1089030206677264, 1.1764705882352942, 2.3013355592654423, 0.5149210064365126, 0.40877914951989025, 0.06927710843373494]"
org.joda.time.field.TestPreciseDurationDateTimeField.test_set_RP_int_intarray_String_Locale,0.044386422976501305,0.01657954979152539,0.006024096385542169,0.13263639833220311,0.012200314006773363,0.013963592145100455,0.01127319593580936,4.117493472584856,1.6407189167143605,0.06927710843373494,13.125751333714884,0.3767102973199163,0.9773555110524613,1.2688965125624945,"[""TestPreciseDurationDateTimeField"", ""BaseDateTimeField"", ""TimeOfDay"", ""Arrays"", ""DateTimeFieldType"", ""BaseDurationField"", ""TestPreciseDurationDateTimeField$MockPreciseDurationDateTimeField"", ""PreciseDurationDateTimeField"", ""DurationFieldType"", ""TestPreciseDurationDateTimeField$MockCountingDurationField""]","[0.044386422976501305, 0.02040816326530612, 0.016693163751987282, 0.012718600953895072, 0.011686143572621035, 0.011117612638970159, 0.009602194787379973, 0.006024096385542169]","[4.117493472584856, 2.4285714285714284, 2.1089030206677264, 1.1764705882352942, 2.3013355592654423, 0.5149210064365126, 0.40877914951989025, 0.06927710843373494]"
org.joda.time.TestMutableInterval_Constructors.testConstructor_RI_RP1,0.04081632653061224,0.022059661604988633,0.00994733762434172,0.1323579696299318,0.017865171254974187,0.01978886908490575,0.010501011731446398,5.746938775510204,2.5986732141080187,0.689877121123464,15.592039284648111,1.3410790986386476,1.8475784701120712,2.0080667823618112,"[""TestMutableInterval_Constructors"", ""DurationField"", ""MutableInterval"", ""ISOChronology"", ""DateTime"", ""Period""]","[0.04081632653061224, 0.030927835051546393, 0.01852958756724447, 0.01639344262295082, 0.01574344023323615, 0.00994733762434172]","[5.746938775510204, 4.878497790868925, 1.2755528989838614, 2.3002980625931446, 0.7008746355685131, 0.689877121123464]"
org.joda.time.TestMutableInterval_Constructors.testConstructor_RP_RI4,0.04081632653061224,0.022059661604988633,0.00994733762434172,0.1323579696299318,0.017865171254974187,0.01978886908490575,0.010501011731446398,5.746938775510204,2.5986732141080187,0.689877121123464,15.592039284648111,1.3410790986386476,1.8475784701120712,2.0080667823618112,"[""TestMutableInterval_Constructors"", ""DurationField"", ""MutableInterval"", ""ISOChronology"", ""DateTime"", ""Period""]","[0.04081632653061224, 0.030927835051546393, 0.01852958756724447, 0.01639344262295082, 0.01574344023323615, 0.00994733762434172]","[5.746938775510204, 4.878497790868925, 1.2755528989838614, 2.3002980625931446, 0.7008746355685131, 0.689877121123464]"
org.joda.time.TestMutableInterval_Constructors.testConstructor_RP_RI1,0.04081632653061224,0.022059661604988633,0.00994733762434172,0.1323579696299318,0.017865171254974187,0.01978886908490575,0.010501011731446398,5.746938775510204,2.5986732141080187,0.689877121123464,15.592039284648111,1.3410790986386476,1.8475784701120712,2.0080667823618112,"[""TestMutableInterval_Constructors"", ""DurationField"", ""MutableInterval"", ""ISOChronology"", ""DateTime"", ""Period""]","[0.04081632653061224, 0.030927835051546393, 0.01852958756724447, 0.01639344262295082, 0.01574344023323615, 0.00994733762434172]","[5.746938775510204, 4.878497790868925, 1.2755528989838614, 2.3002980625931446, 0.7008746355685131, 0.689877121123464]"
org.joda.time.TestMutableInterval_Constructors.testConstructor_RI_RP4,0.04081632653061224,0.022059661604988633,0.00994733762434172,0.1323579696299318,0.017865171254974187,0.01978886908490575,0.010501011731446398,5.746938775510204,2.5986732141080187,0.689877121123464,15.592039284648111,1.3410790986386476,1.8475784701120712,2.0080667823618112,"[""TestMutableInterval_Constructors"", ""DurationField"", ""MutableInterval"", ""ISOChronology"", ""DateTime"", ""Period""]","[0.04081632653061224, 0.030927835051546393, 0.01852958756724447, 0.01639344262295082, 0.01574344023323615, 0.00994733762434172]","[5.746938775510204, 4.878497790868925, 1.2755528989838614, 2.3002980625931446, 0.7008746355685131, 0.689877121123464]"
org.joda.time.TestDateTimeZoneCutover.test_LocalDate_toDateMidnight_Gaza,0.06765899864682003,0.04406511316631678,0.017543859649122806,0.13219533949895035,0.032237266279819474,0.038208474238193166,0.020563866398877216,9.947368421052632,6.605009931233135,0.14912280701754385,19.815029793699406,0.4341969096178808,2.4337973387474805,4.565957343656988,"[""IllegalInstantException"", ""String"", ""TestDateTimeZoneCutover"", ""LocalDate""]","[0.06765899864682003, 0.046992481203007516, 0.017543859649122806]","[9.71853856562923, 9.947368421052632, 0.14912280701754385]"
org.joda.time.TestDateTimeZoneCutover.test_LocalDate_toDateMidnight_Turk,0.06765899864682003,0.04406511316631678,0.017543859649122806,0.13219533949895035,0.032237266279819474,0.038208474238193166,0.020563866398877216,9.947368421052632,6.605009931233135,0.14912280701754385,19.815029793699406,0.4341969096178808,2.4337973387474805,4.565957343656988,"[""IllegalInstantException"", ""String"", ""TestDateTimeZoneCutover"", ""LocalDate""]","[0.06765899864682003, 0.046992481203007516, 0.017543859649122806]","[9.71853856562923, 9.947368421052632, 0.14912280701754385]"
org.joda.time.TestLocalDate_Constructors.testConstructor_ObjectYearMonthDay,0.06765899864682003,0.04396801716889121,0.02661064425770308,0.13190405150667364,0.03800818080844067,0.04076824506732532,0.017346042730666308,9.71853856562923,5.534560444137788,3.3669354838709675,16.603681332413363,4.385081574616305,4.864658895767179,2.9591637873038454,"[""YearMonthDay"", ""TestLocalDate_Constructors"", ""LocalDate""]","[0.06765899864682003, 0.03763440860215054, 0.02661064425770308]","[9.71853856562923, 3.3669354838709675, 3.518207282913165]"
org.joda.time.format.TestDateTimeFormat.testFormatParse_textHalfdayAM_France,0.04256559766763848,0.03294460641399417,0.021574344023323616,0.13177842565597667,0.030388876408190657,0.031665109165163914,0.008962347608711018,7.718950437317784,4.8976676384839655,2.464723032069971,19.590670553935862,4.071239505472159,4.472627581373028,2.008220257179993,"[""DateTimeFormatterBuilder"", ""TestDateTimeFormat"", ""DateTime"", ""DateTimeFormatter""]","[0.04256559766763848, 0.04081632653061224, 0.026822157434402333, 0.021574344023323616]","[7.718950437317784, 5.746938775510204, 2.464723032069971, 3.660058309037901]"
org.joda.time.format.TestDateTimeFormat.testFormatParse_textEraBC_France,0.04256559766763848,0.03294460641399417,0.021574344023323616,0.13177842565597667,0.030388876408190657,0.031665109165163914,0.008962347608711018,7.718950437317784,4.8976676384839655,2.464723032069971,19.590670553935862,4.071239505472159,4.472627581373028,2.008220257179993,"[""DateTimeFormatterBuilder"", ""TestDateTimeFormat"", ""DateTime"", ""DateTimeFormatter""]","[0.04256559766763848, 0.04081632653061224, 0.026822157434402333, 0.021574344023323616]","[7.718950437317784, 5.746938775510204, 2.464723032069971, 3.660058309037901]"
org.joda.time.format.TestDateTimeFormat.testFormatParse_textAdjoiningMonthDOW_UK,0.04256559766763848,0.03294460641399417,0.021574344023323616,0.13177842565597667,0.030388876408190657,0.031665109165163914,0.008962347608711018,7.718950437317784,4.8976676384839655,2.464723032069971,19.590670553935862,4.071239505472159,4.472627581373028,2.008220257179993,"[""DateTimeFormatterBuilder"", ""DateTimeFormatter"", ""DateTime"", ""TestDateTimeFormat""]","[0.04256559766763848, 0.04081632653061224, 0.026822157434402333, 0.021574344023323616]","[7.718950437317784, 5.746938775510204, 2.464723032069971, 3.660058309037901]"
org.joda.time.format.TestDateTimeFormat.testFormatParse_textAdjoiningHelloWorld_UK,0.04256559766763848,0.03294460641399417,0.021574344023323616,0.13177842565597667,0.030388876408190657,0.031665109165163914,0.008962347608711018,7.718950437317784,4.8976676384839655,2.464723032069971,19.590670553935862,4.071239505472159,4.472627581373028,2.008220257179993,"[""DateTimeFormatterBuilder"", ""DateTimeFormatter"", ""DateTime"", ""TestDateTimeFormat""]","[0.04256559766763848, 0.04081632653061224, 0.026822157434402333, 0.021574344023323616]","[7.718950437317784, 5.746938775510204, 2.464723032069971, 3.660058309037901]"
org.joda.time.format.TestDateTimeFormat.testFormatParse_textEraAD_France,0.04256559766763848,0.03294460641399417,0.021574344023323616,0.13177842565597667,0.030388876408190657,0.031665109165163914,0.008962347608711018,7.718950437317784,4.8976676384839655,2.464723032069971,19.590670553935862,4.071239505472159,4.472627581373028,2.008220257179993,"[""DateTimeFormatterBuilder"", ""TestDateTimeFormat"", ""DateTime"", ""DateTimeFormatter""]","[0.04256559766763848, 0.04081632653061224, 0.026822157434402333, 0.021574344023323616]","[7.718950437317784, 5.746938775510204, 2.464723032069971, 3.660058309037901]"
org.joda.time.format.TestDateTimeFormat.testFormatParse_textHalfdayAM_UK,0.04256559766763848,0.03294460641399417,0.021574344023323616,0.13177842565597667,0.030388876408190657,0.031665109165163914,0.008962347608711018,7.718950437317784,4.8976676384839655,2.464723032069971,19.590670553935862,4.071239505472159,4.472627581373028,2.008220257179993,"[""DateTimeFormatterBuilder"", ""TestDateTimeFormat"", ""DateTime"", ""DateTimeFormatter""]","[0.04256559766763848, 0.04081632653061224, 0.026822157434402333, 0.021574344023323616]","[7.718950437317784, 5.746938775510204, 2.464723032069971, 3.660058309037901]"
org.joda.time.format.TestDateTimeFormat.testFormatParse_textEraAD_UK,0.04256559766763848,0.03294460641399417,0.021574344023323616,0.13177842565597667,0.030388876408190657,0.031665109165163914,0.008962347608711018,7.718950437317784,4.8976676384839655,2.464723032069971,19.590670553935862,4.071239505472159,4.472627581373028,2.008220257179993,"[""DateTimeFormatterBuilder"", ""TestDateTimeFormat"", ""DateTime"", ""DateTimeFormatter""]","[0.04256559766763848, 0.04081632653061224, 0.026822157434402333, 0.021574344023323616]","[7.718950437317784, 5.746938775510204, 2.464723032069971, 3.660058309037901]"
org.joda.time.format.TestDateTimeFormatter.testParseDateTime_offsetParsed,0.04081632653061224,0.032836616537014696,0.02639019792648445,0.13134646614805878,0.03162746868983426,0.03222341243651095,0.006353870216486183,5.746938775510204,3.7794647494112765,2.464723032069971,15.117858997645106,3.450194837829549,3.6043281270037753,1.2073099548853983,"[""TestDateTimeFormatter"", ""DateTimeFormatter"", ""DateTimeZone"", ""DateTime""]","[0.04081632653061224, 0.037317784256559766, 0.026822157434402333, 0.02639019792648445]","[5.746938775510204, 3.358600583090379, 2.464723032069971, 3.5475966069745524]"
org.joda.time.TestMutableInterval_Basics.testToPeriod_PeriodType2,0.04081632653061224,0.0262011360676793,0.01852958756724447,0.1310056803383965,0.02391623806024982,0.024964323536339504,0.008525179150240217,5.746938775510204,3.491617923361372,1.2755528989838614,17.45808961680686,2.527985987037617,3.002155431273815,1.7169572146305985,"[""TestMutableInterval_Basics"", ""MutableInterval"", ""DateTime"", ""PeriodType"", ""Period""]","[0.04081632653061224, 0.030927835051546393, 0.020864381520119227, 0.019867549668874173, 0.01852958756724447]","[5.746938775510204, 4.878497790868925, 1.8293591654247392, 3.7277409860191315, 1.2755528989838614]"
org.joda.time.TestMutableInterval_Basics.testToPeriod,0.04081632653061224,0.0262011360676793,0.01852958756724447,0.1310056803383965,0.02391623806024982,0.024964323536339504,0.008525179150240217,5.746938775510204,3.491617923361372,1.2755528989838614,17.45808961680686,2.527985987037617,3.002155431273815,1.7169572146305985,"[""TestMutableInterval_Basics"", ""MutableInterval"", ""DateTime"", ""PeriodType"", ""Period""]","[0.04081632653061224, 0.030927835051546393, 0.020864381520119227, 0.019867549668874173, 0.01852958756724447]","[5.746938775510204, 4.878497790868925, 1.8293591654247392, 3.7277409860191315, 1.2755528989838614]"
org.joda.time.TestMutableInterval_Basics.testToPeriod_PeriodType1,0.04081632653061224,0.0262011360676793,0.01852958756724447,0.1310056803383965,0.02391623806024982,0.024964323536339504,0.008525179150240217,5.746938775510204,3.491617923361372,1.2755528989838614,17.45808961680686,2.527985987037617,3.002155431273815,1.7169572146305985,"[""TestMutableInterval_Basics"", ""MutableInterval"", ""DateTime"", ""PeriodType"", ""Period""]","[0.04081632653061224, 0.030927835051546393, 0.020864381520119227, 0.019867549668874173, 0.01852958756724447]","[5.746938775510204, 4.878497790868925, 1.8293591654247392, 3.7277409860191315, 1.2755528989838614]"
org.joda.time.field.TestPreciseDateTimeField.test_set_RP_int_intarray_int,0.044386422976501305,0.01636012322628256,0.006024096385542169,0.13088098581026048,0.011894390432012401,0.013666835055607833,0.011393812836263522,4.117493472584856,1.6298294002489429,0.06927710843373494,13.038635201991543,0.36889977528438594,0.9526651587954987,1.2806888576076298,"[""TestPreciseDateTimeField"", ""TestPreciseDateTimeField$MockPreciseDateTimeField"", ""BaseDateTimeField"", ""PreciseDateTimeField"", ""TimeOfDay"", ""Arrays"", ""DateTimeFieldType"", ""BaseDurationField"", ""DurationFieldType"", ""TestPreciseDateTimeField$MockCountingDurationField""]","[0.044386422976501305, 0.02040816326530612, 0.016693163751987282, 0.012718600953895072, 0.011686143572621035, 0.009602194787379973, 0.009362200117027502, 0.006024096385542169]","[4.117493472584856, 2.4285714285714284, 2.1089030206677264, 1.1764705882352942, 2.3113522537562603, 0.40877914951989025, 0.41778818022235226, 0.06927710843373494]"
org.joda.time.field.TestPreciseDateTimeField.test_addWrapField_RP_int_intarray_int,0.044386422976501305,0.01636012322628256,0.006024096385542169,0.13088098581026048,0.011894390432012401,0.013666835055607833,0.011393812836263522,4.117493472584856,1.6298294002489429,0.06927710843373494,13.038635201991543,0.36889977528438594,0.9526651587954987,1.2806888576076298,"[""TestPreciseDateTimeField"", ""TestPreciseDateTimeField$MockPreciseDateTimeField"", ""BaseDateTimeField"", ""PreciseDateTimeField"", ""TimeOfDay"", ""Arrays"", ""DateTimeFieldType"", ""BaseDurationField"", ""DurationFieldType"", ""TestPreciseDateTimeField$MockCountingDurationField""]","[0.044386422976501305, 0.02040816326530612, 0.016693163751987282, 0.012718600953895072, 0.011686143572621035, 0.009602194787379973, 0.009362200117027502, 0.006024096385542169]","[4.117493472584856, 2.4285714285714284, 2.1089030206677264, 1.1764705882352942, 2.3113522537562603, 0.40877914951989025, 0.41778818022235226, 0.06927710843373494]"
org.joda.time.field.TestPreciseDateTimeField.test_set_RP_int_intarray_String_Locale,0.044386422976501305,0.01636012322628256,0.006024096385542169,0.13088098581026048,0.011894390432012401,0.013666835055607833,0.011393812836263522,4.117493472584856,1.6298294002489429,0.06927710843373494,13.038635201991543,0.36889977528438594,0.9526651587954987,1.2806888576076298,"[""TestPreciseDateTimeField"", ""TestPreciseDateTimeField$MockPreciseDateTimeField"", ""BaseDateTimeField"", ""PreciseDateTimeField"", ""TimeOfDay"", ""Arrays"", ""DateTimeFieldType"", ""BaseDurationField"", ""DurationFieldType"", ""TestPreciseDateTimeField$MockCountingDurationField""]","[0.044386422976501305, 0.02040816326530612, 0.016693163751987282, 0.012718600953895072, 0.011686143572621035, 0.009602194787379973, 0.009362200117027502, 0.006024096385542169]","[4.117493472584856, 2.4285714285714284, 2.1089030206677264, 1.1764705882352942, 2.3113522537562603, 0.40877914951989025, 0.41778818022235226, 0.06927710843373494]"
org.joda.time.TestMonthDay_Constructors.testConstructor_nullDateTimeZone,0.04081632653061224,0.03271468238964671,0.027149321266968326,0.13085872955858685,0.03185328185328185,0.03227330644391846,0.005468179465189261,6.022012578616352,3.986116638237298,1.4899806076276665,15.944466552949192,2.8910546446561667,3.4304208149214124,1.947278589696314,"[""TestMonthDay_Constructors"", ""DateTimeUtils"", ""MonthDay"", ""DateTime""]","[0.04081632653061224, 0.03459119496855346, 0.02830188679245283, 0.027149321266968326]","[5.746938775510204, 6.022012578616352, 2.6855345911949686, 1.4899806076276665]"
org.joda.time.TestMonthDay_Constructors.testConstructor_DateTimeZone,0.04081632653061224,0.03271468238964671,0.027149321266968326,0.13085872955858685,0.03185328185328185,0.03227330644391846,0.005468179465189261,6.022012578616352,3.986116638237298,1.4899806076276665,15.944466552949192,2.8910546446561667,3.4304208149214124,1.947278589696314,"[""TestMonthDay_Constructors"", ""DateTimeUtils"", ""MonthDay"", ""DateTime""]","[0.04081632653061224, 0.03459119496855346, 0.02830188679245283, 0.027149321266968326]","[5.746938775510204, 6.022012578616352, 2.6855345911949686, 1.4899806076276665]"
org.joda.time.TestLocalDate_Properties.testPropertyCompareToDay,0.06765899864682003,0.043180913635923114,0.021067415730337078,0.12954274090776935,0.03458346142022748,0.038748680277141574,0.019094281060042177,9.71853856562923,6.291395068769323,3.408707865168539,18.87418520630797,5.260683464262779,5.752753586419015,2.6045876652004063,"[""DateTime"", ""TestLocalDate_Properties"", ""LocalDate$Property"", ""LocalDate""]","[0.06765899864682003, 0.04081632653061224, 0.021067415730337078]","[9.71853856562923, 5.746938775510204, 3.408707865168539]"
org.joda.time.TestLocalDate_Properties.testPropertyCompareToYear,0.06765899864682003,0.043180913635923114,0.021067415730337078,0.12954274090776935,0.03458346142022748,0.038748680277141574,0.019094281060042177,9.71853856562923,6.291395068769323,3.408707865168539,18.87418520630797,5.260683464262779,5.752753586419015,2.6045876652004063,"[""DateTime"", ""TestLocalDate_Properties"", ""LocalDate$Property"", ""LocalDate""]","[0.06765899864682003, 0.04081632653061224, 0.021067415730337078]","[9.71853856562923, 5.746938775510204, 3.408707865168539]"
org.joda.time.TestLocalDate_Properties.testPropertyCompareToMonth,0.06765899864682003,0.043180913635923114,0.021067415730337078,0.12954274090776935,0.03458346142022748,0.038748680277141574,0.019094281060042177,9.71853856562923,6.291395068769323,3.408707865168539,18.87418520630797,5.260683464262779,5.752753586419015,2.6045876652004063,"[""DateTime"", ""TestLocalDate_Properties"", ""LocalDate$Property"", ""LocalDate""]","[0.06765899864682003, 0.04081632653061224, 0.021067415730337078]","[9.71853856562923, 5.746938775510204, 3.408707865168539]"
org.joda.time.TestChronology.testEqualsHashCode_Zoned,0.04081632653061224,0.02587891502733659,0.013942680092951201,0.12939457513668295,0.021469458439492464,0.02353025607330691,0.011114898802065067,5.746938775510204,2.605743282152963,0.7008746355685131,13.028716410764815,1.5645310149232992,2.0196293064340507,1.8035962705161657,"[""Object"", ""TestChronology"", ""DateTime"", ""DateTimeZone"", ""ISOChronology"", ""ZonedChronology""]","[0.04081632653061224, 0.037317784256559766, 0.021574344023323616, 0.01574344023323615, 0.013942680092951201]","[5.746938775510204, 3.358600583090379, 1.9457725947521867, 0.7008746355685131, 1.2765298218435321]"
org.joda.time.TestYearMonthDay_Basics.testToDateTimeAtCurrentTime_nullZone,0.04081632653061224,0.032328059888976114,0.023712183156173343,0.12931223955590446,0.030750975169471197,0.03153460404324804,0.0070933185610694205,5.746938775510204,3.4749620814292332,1.4899806076276665,13.899848325716933,2.7670937121908725,3.1221918128101485,1.512095323010528,"[""YearMonthDay"", ""TestYearMonthDay_Basics"", ""DateTime$Property"", ""DateTime"", ""DateTimeUtils""]","[0.04081632653061224, 0.03763440860215054, 0.027149321266968326, 0.023712183156173343]","[5.746938775510204, 3.3669354838709675, 1.4899806076276665, 3.295993458708095]"
org.joda.time.TestYearMonthDay_Basics.testToDateTimeAtCurrentTime,0.04081632653061224,0.032328059888976114,0.023712183156173343,0.12931223955590446,0.030750975169471197,0.03153460404324804,0.0070933185610694205,5.746938775510204,3.4749620814292332,1.4899806076276665,13.899848325716933,2.7670937121908725,3.1221918128101485,1.512095323010528,"[""YearMonthDay"", ""TestYearMonthDay_Basics"", ""DateTime$Property"", ""DateTime"", ""DateTimeUtils""]","[0.04081632653061224, 0.03763440860215054, 0.027149321266968326, 0.023712183156173343]","[5.746938775510204, 3.3669354838709675, 1.4899806076276665, 3.295993458708095]"
org.joda.time.TestYearMonthDay_Basics.testToDateTime_nullRI,0.04081632653061224,0.032328059888976114,0.023712183156173343,0.12931223955590446,0.030750975169471197,0.03153460404324804,0.0070933185610694205,5.746938775510204,3.4749620814292332,1.4899806076276665,13.899848325716933,2.7670937121908725,3.1221918128101485,1.512095323010528,"[""YearMonthDay"", ""TestYearMonthDay_Basics"", ""DateTime$Property"", ""DateTime"", ""DateTimeUtils""]","[0.04081632653061224, 0.03763440860215054, 0.027149321266968326, 0.023712183156173343]","[5.746938775510204, 3.3669354838709675, 1.4899806076276665, 3.295993458708095]"
org.joda.time.TestYearMonthDay_Basics.testToDateTime_nullTOD_Zone,0.04081632653061224,0.032328059888976114,0.023712183156173343,0.12931223955590446,0.030750975169471197,0.03153460404324804,0.0070933185610694205,5.746938775510204,3.4749620814292332,1.4899806076276665,13.899848325716933,2.7670937121908725,3.1221918128101485,1.512095323010528,"[""YearMonthDay"", ""TestYearMonthDay_Basics"", ""DateTime"", ""DateTimeUtils""]","[0.04081632653061224, 0.03763440860215054, 0.027149321266968326, 0.023712183156173343]","[5.746938775510204, 3.3669354838709675, 1.4899806076276665, 3.295993458708095]"
org.joda.time.TestYearMonthDay_Basics.testToDateTimeAtCurrentTime_Zone,0.04081632653061224,0.032328059888976114,0.023712183156173343,0.12931223955590446,0.030750975169471197,0.03153460404324804,0.0070933185610694205,5.746938775510204,3.4749620814292332,1.4899806076276665,13.899848325716933,2.7670937121908725,3.1221918128101485,1.512095323010528,"[""YearMonthDay"", ""TestYearMonthDay_Basics"", ""DateTime$Property"", ""DateTime"", ""DateTimeUtils""]","[0.04081632653061224, 0.03763440860215054, 0.027149321266968326, 0.023712183156173343]","[5.746938775510204, 3.3669354838709675, 1.4899806076276665, 3.295993458708095]"
org.joda.time.TestYearMonthDay_Basics.testToDateTime_nullTOD,0.04081632653061224,0.032328059888976114,0.023712183156173343,0.12931223955590446,0.030750975169471197,0.03153460404324804,0.0070933185610694205,5.746938775510204,3.4749620814292332,1.4899806076276665,13.899848325716933,2.7670937121908725,3.1221918128101485,1.512095323010528,"[""YearMonthDay"", ""TestYearMonthDay_Basics"", ""DateTime"", ""DateTimeUtils""]","[0.04081632653061224, 0.03763440860215054, 0.027149321266968326, 0.023712183156173343]","[5.746938775510204, 3.3669354838709675, 1.4899806076276665, 3.295993458708095]"
org.joda.time.TestInterval_Basics.testToString_reparse,0.04081632653061224,0.03226465941852215,0.022713687985654513,0.1290586376740886,0.03058792456152487,0.03143137321420311,0.007181914736377906,5.746938775510204,3.9595194404166763,1.5499103407053199,15.838077761666705,3.0536690392633634,3.5286849640013744,1.6475877872697984,"[""Interval"", ""DateTimeZone"", ""TestInterval_Basics"", ""DateTime""]","[0.04081632653061224, 0.037317784256559766, 0.028210838901262063, 0.022713687985654513]","[5.746938775510204, 3.358600583090379, 5.182628062360802, 1.5499103407053199]"
org.joda.time.TestYearMonthDay_Basics.testToLocalDate,0.06765899864682003,0.04300186346838131,0.023712183156173343,0.12900559040514392,0.03591788781587394,0.03923082135930657,0.018338262853898387,9.71853856562923,5.460489169402764,3.295993458708095,16.381467508208292,4.265600288629061,4.760004530290439,3.011034892774905,"[""YearMonthDay"", ""TestYearMonthDay_Basics"", ""LocalDate""]","[0.06765899864682003, 0.03763440860215054, 0.023712183156173343]","[9.71853856562923, 3.3669354838709675, 3.295993458708095]"
org.joda.time.TestDateTime_Basics.testToLocalDateTime,0.058186738836265225,0.04299193913682473,0.02997275204359673,0.1289758174104742,0.03997352000788766,0.04144398596038285,0.011620591790537208,11.043301759133964,7.075402612365495,4.435967302452316,21.226207837096485,6.1225953520725085,6.554022813142495,2.856318058852148,"[""LocalDateTime"", ""TestDateTime_Basics"", ""DateTime""]","[0.058186738836265225, 0.04081632653061224, 0.02997275204359673]","[11.043301759133964, 5.746938775510204, 4.435967302452316]"
org.joda.time.TestDuration_Basics.testToPeriodFrom,0.04081632653061224,0.031954521654523366,0.02516091281451141,0.12781808661809346,0.031025463728467068,0.0314784100695127,0.005630797767921738,5.746938775510204,3.9923888679262647,1.6079578700994734,15.969555471705059,3.153211211052939,3.602514470059796,1.5503869103524384,"[""TestDuration_Basics"", ""Duration"", ""Period"", ""DateTime""]","[0.04081632653061224, 0.030927835051546393, 0.030913012221423435, 0.02516091281451141]","[5.746938775510204, 4.878497790868925, 3.7361610352264556, 1.6079578700994734]"
org.joda.time.TestDuration_Basics.testToPeriodTo,0.04081632653061224,0.031954521654523366,0.02516091281451141,0.12781808661809346,0.031025463728467068,0.0314784100695127,0.005630797767921738,5.746938775510204,3.9923888679262647,1.6079578700994734,15.969555471705059,3.153211211052939,3.602514470059796,1.5503869103524384,"[""TestDuration_Basics"", ""Duration"", ""Period"", ""DateTime""]","[0.04081632653061224, 0.030927835051546393, 0.030913012221423435, 0.02516091281451141]","[5.746938775510204, 4.878497790868925, 3.7361610352264556, 1.6079578700994734]"
org.joda.time.TestLocalDateTime_Basics.testToDateTime_nullRI,0.058186738836265225,0.042457286564372865,0.028368794326241134,0.1273718596931186,0.03899342552709136,0.04069111626193833,0.01222830094698411,11.043301759133964,7.540482069467679,5.746938775510204,22.621446208403036,6.879953929321988,7.179562104195299,2.477106451927393,"[""LocalDateTime"", ""DateTime"", ""TestLocalDateTime_Basics""]","[0.058186738836265225, 0.04081632653061224, 0.028368794326241134]","[11.043301759133964, 5.746938775510204, 5.831205673758865]"
org.joda.time.TestLocalDateTime_Basics.testToDateTime_RI,0.058186738836265225,0.042457286564372865,0.028368794326241134,0.1273718596931186,0.03899342552709136,0.04069111626193833,0.01222830094698411,11.043301759133964,7.540482069467679,5.746938775510204,22.621446208403036,6.879953929321988,7.179562104195299,2.477106451927393,"[""LocalDateTime"", ""DateTime"", ""TestLocalDateTime_Basics""]","[0.058186738836265225, 0.04081632653061224, 0.028368794326241134]","[11.043301759133964, 5.746938775510204, 5.831205673758865]"
org.joda.time.TestLocalDateTime_Basics.testToDateTime_Zone,0.058186738836265225,0.042457286564372865,0.028368794326241134,0.1273718596931186,0.03899342552709136,0.04069111626193833,0.01222830094698411,11.043301759133964,7.540482069467679,5.746938775510204,22.621446208403036,6.879953929321988,7.179562104195299,2.477106451927393,"[""LocalDateTime"", ""DateTime"", ""TestLocalDateTime_Basics""]","[0.058186738836265225, 0.04081632653061224, 0.028368794326241134]","[11.043301759133964, 5.746938775510204, 5.831205673758865]"
org.joda.time.TestLocalDateTime_Basics.testToDateTime,0.058186738836265225,0.042457286564372865,0.028368794326241134,0.1273718596931186,0.03899342552709136,0.04069111626193833,0.01222830094698411,11.043301759133964,7.540482069467679,5.746938775510204,22.621446208403036,6.879953929321988,7.179562104195299,2.477106451927393,"[""LocalDateTime"", ""DateTime"", ""TestLocalDateTime_Basics""]","[0.058186738836265225, 0.04081632653061224, 0.028368794326241134]","[11.043301759133964, 5.746938775510204, 5.831205673758865]"
org.joda.time.TestLocalDateTime_Basics.testToDateTime_nullZone,0.058186738836265225,0.042457286564372865,0.028368794326241134,0.1273718596931186,0.03899342552709136,0.04069111626193833,0.01222830094698411,11.043301759133964,7.540482069467679,5.746938775510204,22.621446208403036,6.879953929321988,7.179562104195299,2.477106451927393,"[""LocalDateTime"", ""DateTime"", ""TestLocalDateTime_Basics""]","[0.058186738836265225, 0.04081632653061224, 0.028368794326241134]","[11.043301759133964, 5.746938775510204, 5.831205673758865]"
org.joda.time.TestDateTimeUtils.testGetIntervalChronology_RInterval,0.027149321266968326,0.021211629010731915,0.01574344023323615,0.1272697740643915,0.020372644443678183,0.020787428002838386,0.004243754395773532,1.9423076923076923,1.3455824966429626,0.7008746355685131,8.073494979857776,1.2148383410692694,1.2834963377682134,0.3856731819822644,"[""TestDateTimeUtils$7"", ""Interval"", ""BuddhistChronology"", ""MutableInterval"", ""TestDateTimeUtils"", ""ISOChronology"", ""DateTimeUtils""]","[0.027149321266968326, 0.02564102564102564, 0.022713687985654513, 0.01852958756724447, 0.01749271137026239, 0.01574344023323615]","[1.4899806076276665, 1.9423076923076923, 1.5499103407053199, 1.2755528989838614, 1.114868804664723, 0.7008746355685131]"
org.joda.time.TestInterval_Constructors.testConstructor_Object4,0.04081632653061224,0.02541903725549292,0.01574344023323615,0.1270951862774646,0.023156933565771493,0.024212779112262526,0.008314890344235737,5.746938775510204,2.4657269676515563,0.7008746355685131,12.32863483825778,1.5455242788892827,1.93793705545476,1.7619141831558325,"[""TestInterval_Constructors"", ""Object"", ""Interval"", ""Duration"", ""ISOChronology"", ""TestInterval_Constructors$MockInterval"", ""DateTime""]","[0.04081632653061224, 0.02516091281451141, 0.022713687985654513, 0.02266081871345029, 0.01574344023323615]","[5.746938775510204, 1.6079578700994734, 1.5499103407053199, 2.722953216374269, 0.7008746355685131]"
org.joda.time.TestInterval_Constructors.testConstructor_RI_RI_chronoEnd,0.04081632653061224,0.025401431952065855,0.01574344023323615,0.12700715976032928,0.023141978293568944,0.024195813467351238,0.008315511405903463,5.746938775510204,2.72337737613895,0.7008746355685131,13.61688688069475,1.6900341254711564,2.179971124065458,1.7111012255375935,"[""TestInterval_Constructors"", ""GJChronology"", ""Interval"", ""ISOChronology"", ""DateTime""]","[0.04081632653061224, 0.02507288629737609, 0.022713687985654513, 0.02266081871345029, 0.01574344023323615]","[5.746938775510204, 2.896209912536443, 1.5499103407053199, 2.722953216374269, 0.7008746355685131]"
org.joda.time.chrono.TestGJDate.test_cutoverPreZero,0.06765899864682003,0.031664285839812616,0.01574344023323615,0.12665714335925046,0.023097056677013922,0.026397737861550877,0.02106131618016955,9.71853856562923,3.3289057784335467,0.0,13.315623113734187,1.600031014930937,2.702031745287572,3.839588056385285,"[""TestGJDate"", ""LocalDate"", ""GJChronology"", ""ISOChronology""]","[0.06765899864682003, 0.02507288629737609, 0.01818181818181818, 0.01574344023323615]","[9.71853856562923, 2.896209912536443, 0.0, 0.7008746355685131]"
org.joda.time.field.TestPreciseDurationDateTimeField.test_getMinimumValue_RP_intarray,0.044386422976501305,0.018087471706665848,0.009602194787379973,0.12661230194666093,0.014293858056594796,0.01574544891265405,0.011271615277426369,4.117493472584856,1.8652106036115932,0.40877914951989025,13.056474225281152,1.0291551498877993,1.426466377518236,1.1987244350041453,"[""TestPreciseDurationDateTimeField"", ""BaseDateTimeField"", ""TimeOfDay"", ""DateTimeFieldType"", ""BaseDurationField"", ""TestPreciseDurationDateTimeField$MockPreciseDurationDateTimeField"", ""PreciseDurationDateTimeField"", ""DurationFieldType"", ""TestPreciseDurationDateTimeField$MockCountingDurationField""]","[0.044386422976501305, 0.02040816326530612, 0.016693163751987282, 0.012718600953895072, 0.011686143572621035, 0.011117612638970159, 0.009602194787379973]","[4.117493472584856, 2.4285714285714284, 2.1089030206677264, 1.1764705882352942, 2.3013355592654423, 0.5149210064365126, 0.40877914951989025]"
org.joda.time.field.TestPreciseDurationDateTimeField.test_getMaximumValue_RP_intarray,0.044386422976501305,0.018087471706665848,0.009602194787379973,0.12661230194666093,0.014293858056594796,0.01574544891265405,0.011271615277426369,4.117493472584856,1.8652106036115932,0.40877914951989025,13.056474225281152,1.0291551498877993,1.426466377518236,1.1987244350041453,"[""TestPreciseDurationDateTimeField"", ""BaseDateTimeField"", ""TimeOfDay"", ""DateTimeFieldType"", ""BaseDurationField"", ""TestPreciseDurationDateTimeField$MockPreciseDurationDateTimeField"", ""PreciseDurationDateTimeField"", ""DurationFieldType"", ""TestPreciseDurationDateTimeField$MockCountingDurationField""]","[0.044386422976501305, 0.02040816326530612, 0.016693163751987282, 0.012718600953895072, 0.011686143572621035, 0.011117612638970159, 0.009602194787379973]","[4.117493472584856, 2.4285714285714284, 2.1089030206677264, 1.1764705882352942, 2.3013355592654423, 0.5149210064365126, 0.40877914951989025]"
org.joda.time.field.TestPreciseDurationDateTimeField.test_getMaximumValue_RP,0.044386422976501305,0.018087471706665848,0.009602194787379973,0.12661230194666093,0.014293858056594796,0.01574544891265405,0.011271615277426369,4.117493472584856,1.8652106036115932,0.40877914951989025,13.056474225281152,1.0291551498877993,1.426466377518236,1.1987244350041453,"[""TestPreciseDurationDateTimeField"", ""BaseDateTimeField"", ""TimeOfDay"", ""DateTimeFieldType"", ""BaseDurationField"", ""TestPreciseDurationDateTimeField$MockPreciseDurationDateTimeField"", ""PreciseDurationDateTimeField"", ""DurationFieldType"", ""TestPreciseDurationDateTimeField$MockCountingDurationField""]","[0.044386422976501305, 0.02040816326530612, 0.016693163751987282, 0.012718600953895072, 0.011686143572621035, 0.011117612638970159, 0.009602194787379973]","[4.117493472584856, 2.4285714285714284, 2.1089030206677264, 1.1764705882352942, 2.3013355592654423, 0.5149210064365126, 0.40877914951989025]"
org.joda.time.field.TestPreciseDurationDateTimeField.test_getAsShortText_RP_int_Locale,0.044386422976501305,0.018087471706665848,0.009602194787379973,0.12661230194666093,0.014293858056594796,0.01574544891265405,0.011271615277426369,4.117493472584856,1.8652106036115932,0.40877914951989025,13.056474225281152,1.0291551498877993,1.426466377518236,1.1987244350041453,"[""TestPreciseDurationDateTimeField"", ""BaseDateTimeField"", ""TimeOfDay"", ""DateTimeFieldType"", ""BaseDurationField"", ""TestPreciseDurationDateTimeField$MockPreciseDurationDateTimeField"", ""PreciseDurationDateTimeField"", ""DurationFieldType"", ""TestPreciseDurationDateTimeField$MockCountingDurationField""]","[0.044386422976501305, 0.02040816326530612, 0.016693163751987282, 0.012718600953895072, 0.011686143572621035, 0.011117612638970159, 0.009602194787379973]","[4.117493472584856, 2.4285714285714284, 2.1089030206677264, 1.1764705882352942, 2.3013355592654423, 0.5149210064365126, 0.40877914951989025]"
org.joda.time.field.TestPreciseDurationDateTimeField.test_getAsText_RP_int_Locale,0.044386422976501305,0.018087471706665848,0.009602194787379973,0.12661230194666093,0.014293858056594796,0.01574544891265405,0.011271615277426369,4.117493472584856,1.8652106036115932,0.40877914951989025,13.056474225281152,1.0291551498877993,1.426466377518236,1.1987244350041453,"[""TestPreciseDurationDateTimeField"", ""BaseDateTimeField"", ""TimeOfDay"", ""DateTimeFieldType"", ""BaseDurationField"", ""TestPreciseDurationDateTimeField$MockPreciseDurationDateTimeField"", ""PreciseDurationDateTimeField"", ""DurationFieldType"", ""TestPreciseDurationDateTimeField$MockCountingDurationField""]","[0.044386422976501305, 0.02040816326530612, 0.016693163751987282, 0.012718600953895072, 0.011686143572621035, 0.011117612638970159, 0.009602194787379973]","[4.117493472584856, 2.4285714285714284, 2.1089030206677264, 1.1764705882352942, 2.3013355592654423, 0.5149210064365126, 0.40877914951989025]"
org.joda.time.field.TestPreciseDurationDateTimeField.test_getAsText_RP_Locale,0.044386422976501305,0.018087471706665848,0.009602194787379973,0.12661230194666093,0.014293858056594796,0.01574544891265405,0.011271615277426369,4.117493472584856,1.8652106036115932,0.40877914951989025,13.056474225281152,1.0291551498877993,1.426466377518236,1.1987244350041453,"[""TestPreciseDurationDateTimeField"", ""BaseDateTimeField"", ""TimeOfDay"", ""DateTimeFieldType"", ""BaseDurationField"", ""TestPreciseDurationDateTimeField$MockPreciseDurationDateTimeField"", ""PreciseDurationDateTimeField"", ""DurationFieldType"", ""TestPreciseDurationDateTimeField$MockCountingDurationField""]","[0.044386422976501305, 0.02040816326530612, 0.016693163751987282, 0.012718600953895072, 0.011686143572621035, 0.011117612638970159, 0.009602194787379973]","[4.117493472584856, 2.4285714285714284, 2.1089030206677264, 1.1764705882352942, 2.3013355592654423, 0.5149210064365126, 0.40877914951989025]"
org.joda.time.field.TestPreciseDurationDateTimeField.test_getAsShortText_RP_Locale,0.044386422976501305,0.018087471706665848,0.009602194787379973,0.12661230194666093,0.014293858056594796,0.01574544891265405,0.011271615277426369,4.117493472584856,1.8652106036115932,0.40877914951989025,13.056474225281152,1.0291551498877993,1.426466377518236,1.1987244350041453,"[""TestPreciseDurationDateTimeField"", ""BaseDateTimeField"", ""TimeOfDay"", ""DateTimeFieldType"", ""BaseDurationField"", ""TestPreciseDurationDateTimeField$MockPreciseDurationDateTimeField"", ""PreciseDurationDateTimeField"", ""DurationFieldType"", ""TestPreciseDurationDateTimeField$MockCountingDurationField""]","[0.044386422976501305, 0.02040816326530612, 0.016693163751987282, 0.012718600953895072, 0.011686143572621035, 0.011117612638970159, 0.009602194787379973]","[4.117493472584856, 2.4285714285714284, 2.1089030206677264, 1.1764705882352942, 2.3013355592654423, 0.5149210064365126, 0.40877914951989025]"
org.joda.time.field.TestPreciseDurationDateTimeField.test_getMinimumValue_RP,0.044386422976501305,0.018087471706665848,0.009602194787379973,0.12661230194666093,0.014293858056594796,0.01574544891265405,0.011271615277426369,4.117493472584856,1.8652106036115932,0.40877914951989025,13.056474225281152,1.0291551498877993,1.426466377518236,1.1987244350041453,"[""TestPreciseDurationDateTimeField"", ""BaseDateTimeField"", ""TimeOfDay"", ""DateTimeFieldType"", ""BaseDurationField"", ""TestPreciseDurationDateTimeField$MockPreciseDurationDateTimeField"", ""PreciseDurationDateTimeField"", ""DurationFieldType"", ""TestPreciseDurationDateTimeField$MockCountingDurationField""]","[0.044386422976501305, 0.02040816326530612, 0.016693163751987282, 0.012718600953895072, 0.011686143572621035, 0.011117612638970159, 0.009602194787379973]","[4.117493472584856, 2.4285714285714284, 2.1089030206677264, 1.1764705882352942, 2.3013355592654423, 0.5149210064365126, 0.40877914951989025]"
org.joda.time.TestMutableInterval_Constructors.testConstructor_RD_RI1,0.04081632653061224,0.021098507898816135,0.00994733762434172,0.1265910473928968,0.01747946884999322,0.019119819475709166,0.009891560749858511,5.746938775510204,2.05358322731311,0.689877121123464,12.32149936387866,1.2267593655095408,1.5355630442587742,1.7414156810086052,"[""TestMutableInterval_Constructors"", ""Duration"", ""DurationField"", ""MutableInterval"", ""ISOChronology"", ""DateTime""]","[0.04081632653061224, 0.02516091281451141, 0.01852958756724447, 0.01639344262295082, 0.01574344023323615, 0.00994733762434172]","[5.746938775510204, 1.6079578700994734, 1.2755528989838614, 2.3002980625931446, 0.7008746355685131, 0.689877121123464]"
org.joda.time.TestMutableInterval_Constructors.testConstructor_RI_RD1,0.04081632653061224,0.021098507898816135,0.00994733762434172,0.1265910473928968,0.01747946884999322,0.019119819475709166,0.009891560749858511,5.746938775510204,2.05358322731311,0.689877121123464,12.32149936387866,1.2267593655095408,1.5355630442587742,1.7414156810086052,"[""TestMutableInterval_Constructors"", ""Duration"", ""DurationField"", ""MutableInterval"", ""ISOChronology"", ""DateTime""]","[0.04081632653061224, 0.02516091281451141, 0.01852958756724447, 0.01639344262295082, 0.01574344023323615, 0.00994733762434172]","[5.746938775510204, 1.6079578700994734, 1.2755528989838614, 2.3002980625931446, 0.7008746355685131, 0.689877121123464]"
org.joda.time.TestDateTime_Basics.testProperty,0.04081632653061224,0.021088671851538527,0.00994733762434172,0.12653203110923117,0.01676171844606236,0.018668534491169415,0.010830131527134858,5.746938775510204,2.603500096045759,0.7466354593329433,15.621000576274552,1.5897611480593568,2.0123205005868234,1.8439961333381742,"[""UnsupportedDateTimeField"", ""UnsupportedDurationField"", ""DateTimeFieldType"", ""DurationFieldType"", ""TestDateTime_Basics$1"", ""TestDateTime_Basics"", ""DateTime""]","[0.04081632653061224, 0.02997275204359673, 0.016693163751987282, 0.016383850204798128, 0.012718600953895072, 0.00994733762434172]","[5.746938775510204, 4.435967302452316, 2.1089030206677264, 1.406085430076068, 1.1764705882352942, 0.7466354593329433]"
org.joda.time.TestDateMidnight_Basics.testToLocalDate,0.06765899864682003,0.04215318524196265,0.02560553633217993,0.12645955572588793,0.03573170319509027,0.038599125234850144,0.01829954382860997,9.71853856562923,5.719593928400553,3.5916955017301038,17.158781785201658,4.679059833788695,5.121522868843968,2.829624465536659,"[""TestDateMidnight_Basics"", ""DateMidnight"", ""LocalDate""]","[0.06765899864682003, 0.03319502074688797, 0.02560553633217993]","[9.71853856562923, 3.8485477178423237, 3.5916955017301038]"
org.joda.time.chrono.TestLenientChronology.testNearDstTransition,0.04081632653061224,0.02528412199476286,0.008777062609713282,0.1264206099738143,0.018462062220897323,0.021869100755172736,0.01226271363673778,5.746938775510204,2.3666151451710404,0.5330602691632533,11.833075725855203,1.125107308591267,1.6086044413190423,1.9651661901033781,"[""TestLenientChronology"", ""DateTimeZone"", ""LenientChronology"", ""ISOChronology"", ""DateTime""]","[0.04081632653061224, 0.037317784256559766, 0.02376599634369287, 0.01574344023323615, 0.008777062609713282]","[5.746938775510204, 3.358600583090379, 1.493601462522852, 0.7008746355685131, 0.5330602691632533]"
org.joda.time.chrono.TestLenientChronology.test_lenientChrononolgy_Chicago,0.04081632653061224,0.02528412199476286,0.008777062609713282,0.1264206099738143,0.018462062220897323,0.021869100755172736,0.01226271363673778,5.746938775510204,2.3666151451710404,0.5330602691632533,11.833075725855203,1.125107308591267,1.6086044413190423,1.9651661901033781,"[""TestLenientChronology"", ""DateTimeZone"", ""LenientChronology"", ""ISOChronology"", ""DateTime""]","[0.04081632653061224, 0.037317784256559766, 0.02376599634369287, 0.01574344023323615, 0.008777062609713282]","[5.746938775510204, 3.358600583090379, 1.493601462522852, 0.7008746355685131, 0.5330602691632533]"
org.joda.time.chrono.TestLenientChronology.test_strictChrononolgy_Chicago,0.04081632653061224,0.025167094493300013,0.008191925102399064,0.12583547246650006,0.017923476030941247,0.021569410746096276,0.012421452705448406,5.746938775510204,2.3661470351651888,0.5307197191339965,11.830735175825945,1.1230166336184333,1.607189348350373,1.9656031242345975,"[""StrictChronology"", ""TestLenientChronology"", ""DateTimeZone"", ""ISOChronology"", ""DateTime""]","[0.04081632653061224, 0.037317784256559766, 0.02376599634369287, 0.01574344023323615, 0.008191925102399064]","[5.746938775510204, 3.358600583090379, 1.493601462522852, 0.7008746355685131, 0.5307197191339965]"
org.joda.time.TestDateTime_Constructors.testParse_formatter,0.04081632653061224,0.025135087900477433,0.01430517711171662,0.12567543950238716,0.021651108719682705,0.02332273743006708,0.00961642864491923,5.746938775510204,2.798826113551687,0.7008746355685131,13.994130567758436,1.7797830183129566,2.289002452063466,1.6485969695566107,"[""DateTimeFormatter"", ""DateTimeFormat"", ""ISOChronology"", ""DateTime"", ""TestDateTime_Constructors""]","[0.04081632653061224, 0.027988338192419825, 0.026822157434402333, 0.01574344023323615, 0.01430517711171662]","[5.746938775510204, 2.8956268221574346, 2.464723032069971, 0.7008746355685131, 2.1859673024523163]"
org.joda.time.TestPartial_Basics.testToDateTime_nullRI,0.04081632653061224,0.025116442267940853,0.016693163751987282,0.12558221133970426,0.022498668071862984,0.023711482755988344,0.008853022156766947,5.746938775510204,3.3434561911493668,1.4899806076276665,16.717280955746833,2.680493895091901,3.0019823379505204,1.4924922932529925,"[""Partial"", ""DateTime"", ""DateTimeFieldType"", ""TestPartial_Basics"", ""DateTimeUtils""]","[0.04081632653061224, 0.027149321266968326, 0.024134312696747113, 0.016789087093389297, 0.016693163751987282]","[5.746938775510204, 1.4899806076276665, 3.396642182581322, 3.974816369359916, 2.1089030206677264]"
org.joda.time.format.TestDateTimeFormatter.testParseMutableDateTime_offsetParsed,0.037317784256559766,0.031378890589492836,0.02639019792648445,0.12551556235797134,0.030638270035931482,0.031005221093979664,0.004845833356549975,4.066472303206997,3.359348131335475,2.464723032069971,13.4373925253419,3.248697913146943,3.3057471562002894,0.5778876859065294,"[""TestDateTimeFormatter"", ""DateTimeFormatter"", ""DateTimeZone"", ""MutableDateTime""]","[0.037317784256559766, 0.03498542274052478, 0.026822157434402333, 0.02639019792648445]","[3.358600583090379, 4.066472303206997, 2.464723032069971, 3.5475966069745524]"
org.joda.time.format.TestDateTimeFormatter.testParseInto_offsetParsed,0.037317784256559766,0.031378890589492836,0.02639019792648445,0.12551556235797134,0.030638270035931482,0.031005221093979664,0.004845833356549975,4.066472303206997,3.359348131335475,2.464723032069971,13.4373925253419,3.248697913146943,3.3057471562002894,0.5778876859065294,"[""TestDateTimeFormatter"", ""DateTimeFormatter"", ""DateTimeZone"", ""MutableDateTime""]","[0.037317784256559766, 0.03498542274052478, 0.026822157434402333, 0.02639019792648445]","[3.358600583090379, 4.066472303206997, 2.464723032069971, 3.5475966069745524]"
org.joda.time.TestLocalDate_Basics.testGetFields,0.06765899864682003,0.041717449091442406,0.01924198250728863,0.12515234727432722,0.032295376401912934,0.03679093094785924,0.019917532667417533,9.71853856562923,6.141167334331603,2.2746355685131197,18.42350200299481,4.29774761840411,5.218935968830505,3.045831393742584,"[""Chronology"", ""TestLocalDate_Basics"", ""LocalDate""]","[0.06765899864682003, 0.03825136612021858, 0.01924198250728863]","[9.71853856562923, 6.430327868852459, 2.2746355685131197]"
org.joda.time.TestLocalDate_Basics.testGetField_int,0.06765899864682003,0.041717449091442406,0.01924198250728863,0.12515234727432722,0.032295376401912934,0.03679093094785924,0.019917532667417533,9.71853856562923,6.141167334331603,2.2746355685131197,18.42350200299481,4.29774761840411,5.218935968830505,3.045831393742584,"[""Chronology"", ""TestLocalDate_Basics"", ""LocalDate""]","[0.06765899864682003, 0.03825136612021858, 0.01924198250728863]","[9.71853856562923, 6.430327868852459, 2.2746355685131197]"
org.joda.time.convert.TestStringConverter.testSetIntoInterval_Object_Chronology8,0.04081632653061224,0.02502646737840385,0.01749271137026239,0.12513233689201925,0.022887024757750653,0.02384799978336949,0.008365199583477508,5.746938775510204,2.2289122284015823,0.8513750731421884,11.14456114200791,1.431280298127161,1.718773591672189,1.8127022821189356,"[""BuddhistChronology"", ""MutableInterval"", ""DateTime"", ""StringConverter"", ""TestStringConverter""]","[0.04081632653061224, 0.024303073624017155, 0.02399063779988297, 0.01852958756724447, 0.01749271137026239]","[5.746938775510204, 2.1558255897069336, 0.8513750731421884, 1.2755528989838614, 1.114868804664723]"
org.joda.time.convert.TestStringConverter.testSetIntoInterval_Object_Chronology7,0.04081632653061224,0.02502646737840385,0.01749271137026239,0.12513233689201925,0.022887024757750653,0.02384799978336949,0.008365199583477508,5.746938775510204,2.2289122284015823,0.8513750731421884,11.14456114200791,1.431280298127161,1.718773591672189,1.8127022821189356,"[""BuddhistChronology"", ""MutableInterval"", ""DateTime"", ""StringConverter"", ""TestStringConverter""]","[0.04081632653061224, 0.024303073624017155, 0.02399063779988297, 0.01852958756724447, 0.01749271137026239]","[5.746938775510204, 2.1558255897069336, 0.8513750731421884, 1.2755528989838614, 1.114868804664723]"
org.joda.time.TestDateTimeZoneCutover.testDateTimeCreation_losAngeles,0.046992481203007516,0.04170886399672651,0.037317784256559766,0.12512659199017953,0.04133548048190281,0.04152019462004492,0.003999783960642093,9.947368421052632,6.350969259884405,3.358600583090379,19.052907779653214,5.24220894346313,5.769006711912537,2.723552217868109,"[""DateTimeZone"", ""TestDateTimeZoneCutover"", ""DateTime""]","[0.046992481203007516, 0.04081632653061224, 0.037317784256559766]","[9.947368421052632, 5.746938775510204, 3.358600583090379]"
org.joda.time.TestDateTimeZoneCutover.test_getOffsetFromLocal_Moscow_Autumn_overlap_mins,0.046992481203007516,0.04170886399672651,0.037317784256559766,0.12512659199017953,0.04133548048190281,0.04152019462004492,0.003999783960642093,9.947368421052632,6.350969259884405,3.358600583090379,19.052907779653214,5.24220894346313,5.769006711912537,2.723552217868109,"[""StringBuilder"", ""DateTime"", ""DateTimeZone"", ""TestDateTimeZoneCutover""]","[0.046992481203007516, 0.04081632653061224, 0.037317784256559766]","[9.947368421052632, 5.746938775510204, 3.358600583090379]"
org.joda.time.TestDateTimeZoneCutover.testDateTimeCreation_newYork,0.046992481203007516,0.04170886399672651,0.037317784256559766,0.12512659199017953,0.04133548048190281,0.04152019462004492,0.003999783960642093,9.947368421052632,6.350969259884405,3.358600583090379,19.052907779653214,5.24220894346313,5.769006711912537,2.723552217868109,"[""DateTimeZone"", ""TestDateTimeZoneCutover"", ""DateTime""]","[0.046992481203007516, 0.04081632653061224, 0.037317784256559766]","[9.947368421052632, 5.746938775510204, 3.358600583090379]"
org.joda.time.TestDateTimeZoneCutover.test_getOffsetFromLocal_Moscow_Autumn,0.046992481203007516,0.04170886399672651,0.037317784256559766,0.12512659199017953,0.04133548048190281,0.04152019462004492,0.003999783960642093,9.947368421052632,6.350969259884405,3.358600583090379,19.052907779653214,5.24220894346313,5.769006711912537,2.723552217868109,"[""DateTimeZone"", ""TestDateTimeZoneCutover"", ""DateTime""]","[0.046992481203007516, 0.04081632653061224, 0.037317784256559766]","[9.947368421052632, 5.746938775510204, 3.358600583090379]"
org.joda.time.TestDateTimeZoneCutover.testBug3192457_adjustOffset,0.046992481203007516,0.04170886399672651,0.037317784256559766,0.12512659199017953,0.04133548048190281,0.04152019462004492,0.003999783960642093,9.947368421052632,6.350969259884405,3.358600583090379,19.052907779653214,5.24220894346313,5.769006711912537,2.723552217868109,"[""DateTimeZone"", ""TestDateTimeZoneCutover"", ""DateTime""]","[0.046992481203007516, 0.04081632653061224, 0.037317784256559766]","[9.947368421052632, 5.746938775510204, 3.358600583090379]"
org.joda.time.TestDateTimeZoneCutover.testForum4013394_retainOffsetWhenRetainFields_sameOffsetsDifferentZones,0.046992481203007516,0.04170886399672651,0.037317784256559766,0.12512659199017953,0.04133548048190281,0.04152019462004492,0.003999783960642093,9.947368421052632,6.350969259884405,3.358600583090379,19.052907779653214,5.24220894346313,5.769006711912537,2.723552217868109,"[""DateTimeZone"", ""TestDateTimeZoneCutover"", ""DateTime""]","[0.046992481203007516, 0.04081632653061224, 0.037317784256559766]","[9.947368421052632, 5.746938775510204, 3.358600583090379]"
org.joda.time.TestDateTimeZoneCutover.testDateTimeCreation_london,0.046992481203007516,0.04170886399672651,0.037317784256559766,0.12512659199017953,0.04133548048190281,0.04152019462004492,0.003999783960642093,9.947368421052632,6.350969259884405,3.358600583090379,19.052907779653214,5.24220894346313,5.769006711912537,2.723552217868109,"[""DateTimeZone"", ""TestDateTimeZoneCutover"", ""DateTime""]","[0.046992481203007516, 0.04081632653061224, 0.037317784256559766]","[9.947368421052632, 5.746938775510204, 3.358600583090379]"
org.joda.time.TestDateTimeZoneCutover.test_getOffsetFromLocal_NewYork_Spring,0.046992481203007516,0.04170886399672651,0.037317784256559766,0.12512659199017953,0.04133548048190281,0.04152019462004492,0.003999783960642093,9.947368421052632,6.350969259884405,3.358600583090379,19.052907779653214,5.24220894346313,5.769006711912537,2.723552217868109,"[""DateTimeZone"", ""TestDateTimeZoneCutover"", ""DateTime""]","[0.046992481203007516, 0.04081632653061224, 0.037317784256559766]","[9.947368421052632, 5.746938775510204, 3.358600583090379]"
org.joda.time.TestDateTimeZoneCutover.testBug3476684_adjustOffset_springGap,0.046992481203007516,0.04170886399672651,0.037317784256559766,0.12512659199017953,0.04133548048190281,0.04152019462004492,0.003999783960642093,9.947368421052632,6.350969259884405,3.358600583090379,19.052907779653214,5.24220894346313,5.769006711912537,2.723552217868109,"[""DateTimeZone"", ""TestDateTimeZoneCutover"", ""DateTime""]","[0.046992481203007516, 0.04081632653061224, 0.037317784256559766]","[9.947368421052632, 5.746938775510204, 3.358600583090379]"
org.joda.time.TestDateTimeZoneCutover.testBug3476684_adjustOffset,0.046992481203007516,0.04170886399672651,0.037317784256559766,0.12512659199017953,0.04133548048190281,0.04152019462004492,0.003999783960642093,9.947368421052632,6.350969259884405,3.358600583090379,19.052907779653214,5.24220894346313,5.769006711912537,2.723552217868109,"[""DateTimeZone"", ""TestDateTimeZoneCutover"", ""DateTime""]","[0.046992481203007516, 0.04081632653061224, 0.037317784256559766]","[9.947368421052632, 5.746938775510204, 3.358600583090379]"
org.joda.time.TestDateTimeZoneCutover.test_getOffsetFromLocal_Moscow_Spring,0.046992481203007516,0.04170886399672651,0.037317784256559766,0.12512659199017953,0.04133548048190281,0.04152019462004492,0.003999783960642093,9.947368421052632,6.350969259884405,3.358600583090379,19.052907779653214,5.24220894346313,5.769006711912537,2.723552217868109,"[""DateTimeZone"", ""TestDateTimeZoneCutover"", ""DateTime""]","[0.046992481203007516, 0.04081632653061224, 0.037317784256559766]","[9.947368421052632, 5.746938775510204, 3.358600583090379]"
org.joda.time.TestDateTimeZoneCutover.testDateTimeCreation_paris,0.046992481203007516,0.04170886399672651,0.037317784256559766,0.12512659199017953,0.04133548048190281,0.04152019462004492,0.003999783960642093,9.947368421052632,6.350969259884405,3.358600583090379,19.052907779653214,5.24220894346313,5.769006711912537,2.723552217868109,"[""DateTimeZone"", ""TestDateTimeZoneCutover"", ""DateTime""]","[0.046992481203007516, 0.04081632653061224, 0.037317784256559766]","[9.947368421052632, 5.746938775510204, 3.358600583090379]"
org.joda.time.TestDateTimeZoneCutover.testDateTimeCreation_athens,0.046992481203007516,0.04170886399672651,0.037317784256559766,0.12512659199017953,0.04133548048190281,0.04152019462004492,0.003999783960642093,9.947368421052632,6.350969259884405,3.358600583090379,19.052907779653214,5.24220894346313,5.769006711912537,2.723552217868109,"[""DateTimeZone"", ""TestDateTimeZoneCutover"", ""DateTime""]","[0.046992481203007516, 0.04081632653061224, 0.037317784256559766]","[9.947368421052632, 5.746938775510204, 3.358600583090379]"
org.joda.time.TestDateTimeZoneCutover.test_getOffsetFromLocal_Gaza,0.046992481203007516,0.04170886399672651,0.037317784256559766,0.12512659199017953,0.04133548048190281,0.04152019462004492,0.003999783960642093,9.947368421052632,6.350969259884405,3.358600583090379,19.052907779653214,5.24220894346313,5.769006711912537,2.723552217868109,"[""DateTimeZone"", ""TestDateTimeZoneCutover"", ""DateTime""]","[0.046992481203007516, 0.04081632653061224, 0.037317784256559766]","[9.947368421052632, 5.746938775510204, 3.358600583090379]"
org.joda.time.TestDateTimeZoneCutover.test_getOffsetFromLocal_NewYork_Autumn,0.046992481203007516,0.04170886399672651,0.037317784256559766,0.12512659199017953,0.04133548048190281,0.04152019462004492,0.003999783960642093,9.947368421052632,6.350969259884405,3.358600583090379,19.052907779653214,5.24220894346313,5.769006711912537,2.723552217868109,"[""DateTimeZone"", ""TestDateTimeZoneCutover"", ""DateTime""]","[0.046992481203007516, 0.04081632653061224, 0.037317784256559766]","[9.947368421052632, 5.746938775510204, 3.358600583090379]"
org.joda.time.TestDateTimeZoneCutover.test_getOffsetFromLocal_Guatemata_Autumn,0.046992481203007516,0.04170886399672651,0.037317784256559766,0.12512659199017953,0.04133548048190281,0.04152019462004492,0.003999783960642093,9.947368421052632,6.350969259884405,3.358600583090379,19.052907779653214,5.24220894346313,5.769006711912537,2.723552217868109,"[""DateTimeZone"", ""TestDateTimeZoneCutover"", ""DateTime""]","[0.046992481203007516, 0.04081632653061224, 0.037317784256559766]","[9.947368421052632, 5.746938775510204, 3.358600583090379]"
org.joda.time.TestDateTimeZoneCutover.test_getOffsetFromLocal_Turk,0.046992481203007516,0.04170886399672651,0.037317784256559766,0.12512659199017953,0.04133548048190281,0.04152019462004492,0.003999783960642093,9.947368421052632,6.350969259884405,3.358600583090379,19.052907779653214,5.24220894346313,5.769006711912537,2.723552217868109,"[""DateTimeZone"", ""TestDateTimeZoneCutover"", ""DateTime""]","[0.046992481203007516, 0.04081632653061224, 0.037317784256559766]","[9.947368421052632, 5.746938775510204, 3.358600583090379]"
org.joda.time.field.TestPreciseDateTimeField.test_getAsShortText_RP_int_Locale,0.044386422976501305,0.01783669848924547,0.009362200117027502,0.12485688942471829,0.013817990550932935,0.015363603896620023,0.011442130141215359,4.117493472584856,1.8527654419368298,0.40877914951989025,12.969358093557808,0.9653408977291394,1.3853572652510824,1.2152650971071965,"[""TestPreciseDateTimeField"", ""TestPreciseDateTimeField$MockPreciseDateTimeField"", ""BaseDateTimeField"", ""PreciseDateTimeField"", ""TimeOfDay"", ""DateTimeFieldType"", ""BaseDurationField"", ""DurationFieldType"", ""TestPreciseDateTimeField$MockCountingDurationField""]","[0.044386422976501305, 0.02040816326530612, 0.016693163751987282, 0.012718600953895072, 0.011686143572621035, 0.009602194787379973, 0.009362200117027502]","[4.117493472584856, 2.4285714285714284, 2.1089030206677264, 1.1764705882352942, 2.3113522537562603, 0.40877914951989025, 0.41778818022235226]"
org.joda.time.field.TestPreciseDateTimeField.test_getAsText_RP_Locale,0.044386422976501305,0.01783669848924547,0.009362200117027502,0.12485688942471829,0.013817990550932935,0.015363603896620023,0.011442130141215359,4.117493472584856,1.8527654419368298,0.40877914951989025,12.969358093557808,0.9653408977291394,1.3853572652510824,1.2152650971071965,"[""TestPreciseDateTimeField"", ""TestPreciseDateTimeField$MockPreciseDateTimeField"", ""BaseDateTimeField"", ""PreciseDateTimeField"", ""TimeOfDay"", ""DateTimeFieldType"", ""BaseDurationField"", ""DurationFieldType"", ""TestPreciseDateTimeField$MockCountingDurationField""]","[0.044386422976501305, 0.02040816326530612, 0.016693163751987282, 0.012718600953895072, 0.011686143572621035, 0.009602194787379973, 0.009362200117027502]","[4.117493472584856, 2.4285714285714284, 2.1089030206677264, 1.1764705882352942, 2.3113522537562603, 0.40877914951989025, 0.41778818022235226]"
org.joda.time.field.TestPreciseDateTimeField.test_getMaximumValue_RP,0.044386422976501305,0.01783669848924547,0.009362200117027502,0.12485688942471829,0.013817990550932935,0.015363603896620023,0.011442130141215359,4.117493472584856,1.8527654419368298,0.40877914951989025,12.969358093557808,0.9653408977291394,1.3853572652510824,1.2152650971071965,"[""TestPreciseDateTimeField"", ""TestPreciseDateTimeField$MockPreciseDateTimeField"", ""BaseDateTimeField"", ""PreciseDateTimeField"", ""TimeOfDay"", ""DateTimeFieldType"", ""BaseDurationField"", ""DurationFieldType"", ""TestPreciseDateTimeField$MockCountingDurationField""]","[0.044386422976501305, 0.02040816326530612, 0.016693163751987282, 0.012718600953895072, 0.011686143572621035, 0.009602194787379973, 0.009362200117027502]","[4.117493472584856, 2.4285714285714284, 2.1089030206677264, 1.1764705882352942, 2.3113522537562603, 0.40877914951989025, 0.41778818022235226]"
org.joda.time.field.TestPreciseDateTimeField.test_getMinimumValue_RP,0.044386422976501305,0.01783669848924547,0.009362200117027502,0.12485688942471829,0.013817990550932935,0.015363603896620023,0.011442130141215359,4.117493472584856,1.8527654419368298,0.40877914951989025,12.969358093557808,0.9653408977291394,1.3853572652510824,1.2152650971071965,"[""TestPreciseDateTimeField"", ""TestPreciseDateTimeField$MockPreciseDateTimeField"", ""BaseDateTimeField"", ""PreciseDateTimeField"", ""TimeOfDay"", ""DateTimeFieldType"", ""BaseDurationField"", ""DurationFieldType"", ""TestPreciseDateTimeField$MockCountingDurationField""]","[0.044386422976501305, 0.02040816326530612, 0.016693163751987282, 0.012718600953895072, 0.011686143572621035, 0.009602194787379973, 0.009362200117027502]","[4.117493472584856, 2.4285714285714284, 2.1089030206677264, 1.1764705882352942, 2.3113522537562603, 0.40877914951989025, 0.41778818022235226]"
org.joda.time.field.TestPreciseDateTimeField.test_getMaximumValue_RP_intarray,0.044386422976501305,0.01783669848924547,0.009362200117027502,0.12485688942471829,0.013817990550932935,0.015363603896620023,0.011442130141215359,4.117493472584856,1.8527654419368298,0.40877914951989025,12.969358093557808,0.9653408977291394,1.3853572652510824,1.2152650971071965,"[""TestPreciseDateTimeField"", ""TestPreciseDateTimeField$MockPreciseDateTimeField"", ""BaseDateTimeField"", ""PreciseDateTimeField"", ""TimeOfDay"", ""DateTimeFieldType"", ""BaseDurationField"", ""DurationFieldType"", ""TestPreciseDateTimeField$MockCountingDurationField""]","[0.044386422976501305, 0.02040816326530612, 0.016693163751987282, 0.012718600953895072, 0.011686143572621035, 0.009602194787379973, 0.009362200117027502]","[4.117493472584856, 2.4285714285714284, 2.1089030206677264, 1.1764705882352942, 2.3113522537562603, 0.40877914951989025, 0.41778818022235226]"
org.joda.time.field.TestPreciseDateTimeField.test_getAsText_RP_int_Locale,0.044386422976501305,0.01783669848924547,0.009362200117027502,0.12485688942471829,0.013817990550932935,0.015363603896620023,0.011442130141215359,4.117493472584856,1.8527654419368298,0.40877914951989025,12.969358093557808,0.9653408977291394,1.3853572652510824,1.2152650971071965,"[""TestPreciseDateTimeField"", ""TestPreciseDateTimeField$MockPreciseDateTimeField"", ""BaseDateTimeField"", ""PreciseDateTimeField"", ""TimeOfDay"", ""DateTimeFieldType"", ""BaseDurationField"", ""DurationFieldType"", ""TestPreciseDateTimeField$MockCountingDurationField""]","[0.044386422976501305, 0.02040816326530612, 0.016693163751987282, 0.012718600953895072, 0.011686143572621035, 0.009602194787379973, 0.009362200117027502]","[4.117493472584856, 2.4285714285714284, 2.1089030206677264, 1.1764705882352942, 2.3113522537562603, 0.40877914951989025, 0.41778818022235226]"
org.joda.time.field.TestPreciseDateTimeField.test_getAsShortText_RP_Locale,0.044386422976501305,0.01783669848924547,0.009362200117027502,0.12485688942471829,0.013817990550932935,0.015363603896620023,0.011442130141215359,4.117493472584856,1.8527654419368298,0.40877914951989025,12.969358093557808,0.9653408977291394,1.3853572652510824,1.2152650971071965,"[""TestPreciseDateTimeField"", ""TestPreciseDateTimeField$MockPreciseDateTimeField"", ""BaseDateTimeField"", ""PreciseDateTimeField"", ""TimeOfDay"", ""DateTimeFieldType"", ""BaseDurationField"", ""DurationFieldType"", ""TestPreciseDateTimeField$MockCountingDurationField""]","[0.044386422976501305, 0.02040816326530612, 0.016693163751987282, 0.012718600953895072, 0.011686143572621035, 0.009602194787379973, 0.009362200117027502]","[4.117493472584856, 2.4285714285714284, 2.1089030206677264, 1.1764705882352942, 2.3113522537562603, 0.40877914951989025, 0.41778818022235226]"
org.joda.time.field.TestPreciseDateTimeField.test_getMinimumValue_RP_intarray,0.044386422976501305,0.01783669848924547,0.009362200117027502,0.12485688942471829,0.013817990550932935,0.015363603896620023,0.011442130141215359,4.117493472584856,1.8527654419368298,0.40877914951989025,12.969358093557808,0.9653408977291394,1.3853572652510824,1.2152650971071965,"[""TestPreciseDateTimeField"", ""TestPreciseDateTimeField$MockPreciseDateTimeField"", ""BaseDateTimeField"", ""PreciseDateTimeField"", ""TimeOfDay"", ""DateTimeFieldType"", ""BaseDurationField"", ""DurationFieldType"", ""TestPreciseDateTimeField$MockCountingDurationField""]","[0.044386422976501305, 0.02040816326530612, 0.016693163751987282, 0.012718600953895072, 0.011686143572621035, 0.009602194787379973, 0.009362200117027502]","[4.117493472584856, 2.4285714285714284, 2.1089030206677264, 1.1764705882352942, 2.3113522537562603, 0.40877914951989025, 0.41778818022235226]"
org.joda.time.TestDateMidnight_Basics.testIsBefore,0.04081632653061224,0.03117244247676406,0.02507288629737609,0.12468976990705624,0.02994846431178591,0.030539453916060184,0.006428264775796092,5.746938775510204,3.7575826707823197,1.8431486880466472,15.030330683129279,3.1877238934817123,3.4785506559093733,1.383689667005761,"[""TestDateMidnight_Basics"", ""DateTime"", ""DateMidnight"", ""AbstractInstant"", ""TestDateMidnight_Basics$MockInstant""]","[0.04081632653061224, 0.03319502074688797, 0.02560553633217993, 0.02507288629737609]","[5.746938775510204, 3.8485477178423237, 3.5916955017301038, 1.8431486880466472]"
org.joda.time.TestDateMidnight_Basics.testIsAfter,0.04081632653061224,0.03117244247676406,0.02507288629737609,0.12468976990705624,0.02994846431178591,0.030539453916060184,0.006428264775796092,5.746938775510204,3.7575826707823197,1.8431486880466472,15.030330683129279,3.1877238934817123,3.4785506559093733,1.383689667005761,"[""TestDateMidnight_Basics"", ""DateTime"", ""DateMidnight"", ""AbstractInstant"", ""TestDateMidnight_Basics$MockInstant""]","[0.04081632653061224, 0.03319502074688797, 0.02560553633217993, 0.02507288629737609]","[5.746938775510204, 3.8485477178423237, 3.5916955017301038, 1.8431486880466472]"
org.joda.time.TestDateMidnight_Basics.testIsEqual,0.04081632653061224,0.03117244247676406,0.02507288629737609,0.12468976990705624,0.02994846431178591,0.030539453916060184,0.006428264775796092,5.746938775510204,3.7575826707823197,1.8431486880466472,15.030330683129279,3.1877238934817123,3.4785506559093733,1.383689667005761,"[""TestDateMidnight_Basics"", ""DateTime"", ""DateMidnight"", ""AbstractInstant"", ""TestDateMidnight_Basics$MockInstant""]","[0.04081632653061224, 0.03319502074688797, 0.02560553633217993, 0.02507288629737609]","[5.746938775510204, 3.8485477178423237, 3.5916955017301038, 1.8431486880466472]"
org.joda.time.TestLocalTime_Constructors.testConstructor_ObjectTimeOfDay,0.05013550135501355,0.041471076226446975,0.029891304347826088,0.12441322867934093,0.0395101254570684,0.04051788729303101,0.008517875835412006,7.333333333333333,5.396652413566933,4.117493472584856,16.1899572407008,5.082686737676825,5.230513601702022,1.3927569462360223,"[""TestLocalTime_Constructors"", ""LocalTime"", ""TimeOfDay""]","[0.05013550135501355, 0.044386422976501305, 0.029891304347826088]","[7.333333333333333, 4.117493472584856, 4.739130434782608]"
org.joda.time.TestDuration_Basics.testToPeriod_fixedZone,0.037317784256559766,0.031079886086010252,0.02516091281451141,0.12431954434404101,0.030482407356982186,0.03078103878526275,0.004301063373708482,4.878497790868925,3.3953043198213084,1.6079578700994734,13.581217279285234,2.8729740833131587,3.14982322600524,1.1738825184636585,"[""TestDuration_Basics"", ""DateTimeZone"", ""Duration"", ""Period""]","[0.037317784256559766, 0.030927835051546393, 0.030913012221423435, 0.02516091281451141]","[3.358600583090379, 4.878497790868925, 3.7361610352264556, 1.6079578700994734]"
org.joda.time.TestDuration_Basics.testToPeriod,0.037317784256559766,0.031079886086010252,0.02516091281451141,0.12431954434404101,0.030482407356982186,0.03078103878526275,0.004301063373708482,4.878497790868925,3.3953043198213084,1.6079578700994734,13.581217279285234,2.8729740833131587,3.14982322600524,1.1738825184636585,"[""TestDuration_Basics"", ""DateTimeZone"", ""Duration"", ""Period""]","[0.037317784256559766, 0.030927835051546393, 0.030913012221423435, 0.02516091281451141]","[3.358600583090379, 4.878497790868925, 3.7361610352264556, 1.6079578700994734]"
org.joda.time.TestLocalDate_Basics.testSerialization,0.06765899864682003,0.02478929463291856,0.006006006006006006,0.1239464731645928,0.009260582199573486,0.01412560931830747,0.024806432309043714,9.71853856562923,3.2754605404149166,0.06927710843373494,16.377302702074584,0.12529428825976527,0.48677322408011164,4.05397102385634,"[""ByteArrayOutputStream"", ""Arrays"", ""TestLocalDate_Basics"", ""ObjectInputStream"", ""LocalDate"", ""ObjectOutputStream"", ""ByteArrayInputStream""]","[0.06765899864682003, 0.03825136612021858, 0.006024096385542169, 0.006006006006006006, 0.006006006006006006]","[9.71853856562923, 6.430327868852459, 0.06927710843373494, 0.08408408408408409, 0.07507507507507508]"
org.joda.time.format.TestDateTimeFormatter.testPrint_writerMethods,0.04081632653061224,0.024788278687372725,0.006006006006006006,0.12394139343686363,0.016233516715591416,0.02106566400597194,0.011109924067822822,5.746938775510204,3.3639508958264854,0.015015015015015015,16.819754479132428,0.07389911499936638,1.3065121564639344,2.0279981718240907,"[""TestDateTimeFormatter"", ""DateTimeFormatter"", ""ISODateTimeFormat"", ""CharArrayWriter"", ""DateTime""]","[0.04081632653061224, 0.026822157434402333, 0.02639019792648445, 0.0239067055393586, 0.006006006006006006]","[5.746938775510204, 2.464723032069971, 3.5475966069745524, 5.0454810495626825, 0.015015015015015015]"
org.joda.time.TestDateTimeZone.testIsLocalDateTimeGap_NewYork,0.058186738836265225,0.04131241846968415,0.028432732316227463,0.12393725540905245,0.03790096701793123,0.03952326561549808,0.012471114702145656,11.043301759133964,5.984175491790917,3.358600583090379,17.95252647537275,4.4780376285044206,5.08769029385396,3.5782013361123703,"[""LocalDateTime"", ""DateTimeZone"", ""TestDateTimeZone""]","[0.058186738836265225, 0.037317784256559766, 0.028432732316227463]","[11.043301759133964, 3.358600583090379, 3.550624133148405]"
org.joda.time.TestDateTimeZone.testIsLocalDateTimeGap_Berlin,0.058186738836265225,0.04131241846968415,0.028432732316227463,0.12393725540905245,0.03790096701793123,0.03952326561549808,0.012471114702145656,11.043301759133964,5.984175491790917,3.358600583090379,17.95252647537275,4.4780376285044206,5.08769029385396,3.5782013361123703,"[""LocalDateTime"", ""DateTimeZone"", ""TestDateTimeZone""]","[0.058186738836265225, 0.037317784256559766, 0.028432732316227463]","[11.043301759133964, 3.358600583090379, 3.550624133148405]"
org.joda.time.TestMutablePeriod_Updates.testAdd_RInterval4,0.04081632653061224,0.02476798188648547,0.019823788546255508,0.12383990943242736,0.022956409671226623,0.02373242730952903,0.00809254598160956,5.746938775510204,3.9504708871270062,1.5499103407053199,19.75235443563503,3.1423395301901578,3.564368765060183,1.6008921161653464,"[""TestMutablePeriod_Updates"", ""Interval"", ""MutablePeriod"", ""DateTime"", ""PeriodType""]","[0.04081632653061224, 0.022713687985654513, 0.020618556701030927, 0.019867549668874173, 0.019823788546255508]","[5.746938775510204, 1.5499103407053199, 3.0537555228276876, 3.7277409860191315, 5.674008810572687]"
org.joda.time.convert.TestStringConverter.testSetIntoInterval_Object_Chronology6,0.04081632653061224,0.0246766131509986,0.01574344023323615,0.123383065754993,0.02224038558861411,0.023350729933471155,0.008702734556937925,5.746938775510204,2.14611339458234,0.7008746355685131,10.7305669729117,1.2427924288125678,1.5663975249411697,1.8702393279324754,"[""MutableInterval"", ""ISOChronology"", ""DateTime"", ""StringConverter"", ""TestStringConverter""]","[0.04081632653061224, 0.024303073624017155, 0.02399063779988297, 0.01852958756724447, 0.01574344023323615]","[5.746938775510204, 2.1558255897069336, 0.8513750731421884, 1.2755528989838614, 0.7008746355685131]"
org.joda.time.convert.TestStringConverter.testSetIntoInterval_Object_Chronology5,0.04081632653061224,0.0246766131509986,0.01574344023323615,0.123383065754993,0.02224038558861411,0.023350729933471155,0.008702734556937925,5.746938775510204,2.14611339458234,0.7008746355685131,10.7305669729117,1.2427924288125678,1.5663975249411697,1.8702393279324754,"[""MutableInterval"", ""ISOChronology"", ""DateTime"", ""StringConverter"", ""TestStringConverter""]","[0.04081632653061224, 0.024303073624017155, 0.02399063779988297, 0.01852958756724447, 0.01574344023323615]","[5.746938775510204, 2.1558255897069336, 0.8513750731421884, 1.2755528989838614, 0.7008746355685131]"
org.joda.time.convert.TestStringConverter.testSetIntoInterval_Object_Chronology1,0.04081632653061224,0.0246766131509986,0.01574344023323615,0.123383065754993,0.02224038558861411,0.023350729933471155,0.008702734556937925,5.746938775510204,2.14611339458234,0.7008746355685131,10.7305669729117,1.2427924288125678,1.5663975249411697,1.8702393279324754,"[""MutableInterval"", ""ISOChronology"", ""DateTime"", ""StringConverter"", ""TestStringConverter""]","[0.04081632653061224, 0.024303073624017155, 0.02399063779988297, 0.01852958756724447, 0.01574344023323615]","[5.746938775510204, 2.1558255897069336, 0.8513750731421884, 1.2755528989838614, 0.7008746355685131]"
org.joda.time.convert.TestStringConverter.testSetIntoInterval_Object_Chronology2,0.04081632653061224,0.0246766131509986,0.01574344023323615,0.123383065754993,0.02224038558861411,0.023350729933471155,0.008702734556937925,5.746938775510204,2.14611339458234,0.7008746355685131,10.7305669729117,1.2427924288125678,1.5663975249411697,1.8702393279324754,"[""MutableInterval"", ""ISOChronology"", ""DateTime"", ""StringConverter"", ""TestStringConverter""]","[0.04081632653061224, 0.024303073624017155, 0.02399063779988297, 0.01852958756724447, 0.01574344023323615]","[5.746938775510204, 2.1558255897069336, 0.8513750731421884, 1.2755528989838614, 0.7008746355685131]"
org.joda.time.convert.TestStringConverter.testSetIntoInterval_Object_Chronology4,0.04081632653061224,0.0246766131509986,0.01574344023323615,0.123383065754993,0.02224038558861411,0.023350729933471155,0.008702734556937925,5.746938775510204,2.14611339458234,0.7008746355685131,10.7305669729117,1.2427924288125678,1.5663975249411697,1.8702393279324754,"[""MutableInterval"", ""ISOChronology"", ""DateTime"", ""StringConverter"", ""TestStringConverter""]","[0.04081632653061224, 0.024303073624017155, 0.02399063779988297, 0.01852958756724447, 0.01574344023323615]","[5.746938775510204, 2.1558255897069336, 0.8513750731421884, 1.2755528989838614, 0.7008746355685131]"
org.joda.time.convert.TestStringConverter.testSetIntoInterval_Object_Chronology3,0.04081632653061224,0.0246766131509986,0.01574344023323615,0.123383065754993,0.02224038558861411,0.023350729933471155,0.008702734556937925,5.746938775510204,2.14611339458234,0.7008746355685131,10.7305669729117,1.2427924288125678,1.5663975249411697,1.8702393279324754,"[""MutableInterval"", ""ISOChronology"", ""DateTime"", ""StringConverter"", ""TestStringConverter""]","[0.04081632653061224, 0.024303073624017155, 0.02399063779988297, 0.01852958756724447, 0.01574344023323615]","[5.746938775510204, 2.1558255897069336, 0.8513750731421884, 1.2755528989838614, 0.7008746355685131]"
org.joda.time.TestPartial_Match.testIsMatch_Partial,0.06765899864682003,0.03084106617027543,0.01487778958554729,0.12336426468110172,0.021818122683800747,0.02523535344393218,0.021537931865432288,9.71853856562923,4.022545915652088,0.8660998937300743,16.090183662608354,1.9742499249228118,2.7865628241151756,3.408125158004653,"[""Partial"", ""DateTimeFieldType"", ""TestPartial_Match"", ""LocalDate""]","[0.06765899864682003, 0.024134312696747113, 0.016693163751987282, 0.01487778958554729]","[9.71853856562923, 3.396642182581322, 2.1089030206677264, 0.8660998937300743]"
org.joda.time.convert.TestConverterManager.testGetPeriodConverter,0.030927835051546393,0.020542927962270276,0.0066273932253313695,0.12325756777362167,0.016014444102849593,0.018581080701004882,0.007589862132157343,4.878497790868925,2.2192412323894417,0.16053019145802652,13.31544739433665,0.6916619610501765,1.4741886699206852,1.5782295820067933,"[""TestConverterManager"", ""Interval"", ""Duration"", ""PeriodConverter"", ""ConverterManager"", ""Period""]","[0.030927835051546393, 0.02516091281451141, 0.022713687985654513, 0.021443888491779844, 0.016383850204798128, 0.0066273932253313695]","[4.878497790868925, 1.6079578700994734, 1.5499103407053199, 3.695496783416726, 1.4230544177881803, 0.16053019145802652]"
org.joda.time.TestLocalTime_Basics.testIsSupported_DateTimeFieldType,0.05013550135501355,0.024649154061462997,0.012718600953895072,0.12324577030731498,0.019893823187468636,0.021875277587689642,0.013300108187923296,7.333333333333333,3.5023098064977205,1.1764705882352942,17.511549032488603,2.3621575388209055,2.8593337935752636,2.2262192756721095,"[""DateTimeFieldType"", ""TestLocalTime_Basics$2"", ""LocalTime"", ""DurationFieldType"", ""TestLocalTime_Basics"", ""TestLocalTime_Basics$1"", ""Chronology""]","[0.05013550135501355, 0.024456521739130436, 0.01924198250728863, 0.016693163751987282, 0.012718600953895072]","[7.333333333333333, 4.618206521739131, 2.2746355685131197, 2.1089030206677264, 1.1764705882352942]"
org.joda.time.field.TestBaseDateTimeField.test_set_RP_int_intarray_int,0.044386422976501305,0.017590389320875924,0.006024096385542169,0.12313272524613146,0.012603766566794385,0.014694814909120469,0.011750402526298376,4.117493472584856,1.794599478199686,0.06927710843373494,12.562196347397801,0.3626226430228638,1.067790944938687,1.2753554004686956,"[""BaseDateTimeField"", ""TimeOfDay"", ""Arrays"", ""TestBaseDateTimeField"", ""DateTimeFieldType"", ""BaseDurationField"", ""DurationFieldType"", ""TestBaseDateTimeField$MockBaseDateTimeField"", ""TestBaseDateTimeField$MockCountingDurationField""]","[0.044386422976501305, 0.02040816326530612, 0.016693163751987282, 0.013300083125519535, 0.012718600953895072, 0.009602194787379973, 0.006024096385542169]","[4.117493472584856, 2.4285714285714284, 2.1089030206677264, 2.2527015793848713, 1.1764705882352942, 0.40877914951989025, 0.06927710843373494]"
org.joda.time.field.TestBaseDateTimeField.test_addWrapField_RP_int_intarray_int,0.044386422976501305,0.017590389320875924,0.006024096385542169,0.12313272524613146,0.012603766566794385,0.014694814909120469,0.011750402526298376,4.117493472584856,1.794599478199686,0.06927710843373494,12.562196347397801,0.3626226430228638,1.067790944938687,1.2753554004686956,"[""BaseDateTimeField"", ""TimeOfDay"", ""Arrays"", ""TestBaseDateTimeField"", ""DateTimeFieldType"", ""BaseDurationField"", ""DurationFieldType"", ""TestBaseDateTimeField$MockBaseDateTimeField"", ""TestBaseDateTimeField$MockCountingDurationField""]","[0.044386422976501305, 0.02040816326530612, 0.016693163751987282, 0.013300083125519535, 0.012718600953895072, 0.009602194787379973, 0.006024096385542169]","[4.117493472584856, 2.4285714285714284, 2.1089030206677264, 2.2527015793848713, 1.1764705882352942, 0.40877914951989025, 0.06927710843373494]"
org.joda.time.field.TestBaseDateTimeField.test_set_RP_int_intarray_String_Locale,0.044386422976501305,0.017590389320875924,0.006024096385542169,0.12313272524613146,0.012603766566794385,0.014694814909120469,0.011750402526298376,4.117493472584856,1.794599478199686,0.06927710843373494,12.562196347397801,0.3626226430228638,1.067790944938687,1.2753554004686956,"[""BaseDateTimeField"", ""TimeOfDay"", ""Arrays"", ""TestBaseDateTimeField"", ""DateTimeFieldType"", ""BaseDurationField"", ""DurationFieldType"", ""TestBaseDateTimeField$MockBaseDateTimeField"", ""TestBaseDateTimeField$MockCountingDurationField""]","[0.044386422976501305, 0.02040816326530612, 0.016693163751987282, 0.013300083125519535, 0.012718600953895072, 0.009602194787379973, 0.006024096385542169]","[4.117493472584856, 2.4285714285714284, 2.1089030206677264, 2.2527015793848713, 1.1764705882352942, 0.40877914951989025, 0.06927710843373494]"
org.joda.time.TestMutablePeriod_Constructors.testConstructor_RI_RD_PeriodType1,0.04081632653061224,0.02462113900836506,0.01908957415565345,0.1231056950418253,0.022753722429151788,0.023553967750943112,0.00818703798378938,5.746938775510204,3.5535545875675347,1.5499103407053199,17.767772937837673,2.9656453318918534,3.2703664573439584,1.3508609008981443,"[""Interval"", ""TestMutablePeriod_Constructors"", ""MutablePeriod"", ""DateTime"", ""PeriodType""]","[0.04081632653061224, 0.022713687985654513, 0.020618556701030927, 0.019867549668874173, 0.01908957415565345]","[5.746938775510204, 1.5499103407053199, 3.0537555228276876, 3.7277409860191315, 3.6894273127753303]"
org.joda.time.TestMutablePeriod_Constructors.testConstructor_RI_RD1,0.04081632653061224,0.02462113900836506,0.01908957415565345,0.1231056950418253,0.022753722429151788,0.023553967750943112,0.00818703798378938,5.746938775510204,3.5535545875675347,1.5499103407053199,17.767772937837673,2.9656453318918534,3.2703664573439584,1.3508609008981443,"[""Interval"", ""TestMutablePeriod_Constructors"", ""MutablePeriod"", ""DateTime"", ""PeriodType""]","[0.04081632653061224, 0.022713687985654513, 0.020618556701030927, 0.019867549668874173, 0.01908957415565345]","[5.746938775510204, 1.5499103407053199, 3.0537555228276876, 3.7277409860191315, 3.6894273127753303]"
org.joda.time.format.TestDateTimeFormatterBuilder.test_printParseZoneTokyo,0.04256559766763848,0.030758017492711367,0.01282798833819242,0.12303206997084547,0.02450525350694041,0.0278058534042636,0.012016295916064797,7.718950437317784,4.2871720116618075,1.2180758017492712,17.14868804664723,2.6139536017617004,3.3971076980394295,2.5811186526654026,"[""DateTimeFormatterBuilder"", ""DateTimeFormatter"", ""TestDateTimeFormatterBuilder"", ""DateTime""]","[0.04256559766763848, 0.04081632653061224, 0.026822157434402333, 0.01282798833819242]","[7.718950437317784, 5.746938775510204, 2.464723032069971, 1.2180758017492712]"
org.joda.time.format.TestDateTimeFormatterBuilder.test_appendTimeZoneId,0.04256559766763848,0.030758017492711367,0.01282798833819242,0.12303206997084547,0.02450525350694041,0.0278058534042636,0.012016295916064797,7.718950437317784,4.2871720116618075,1.2180758017492712,17.14868804664723,2.6139536017617004,3.3971076980394295,2.5811186526654026,"[""DateTimeFormatterBuilder"", ""DateTimeFormatter"", ""TestDateTimeFormatterBuilder"", ""DateTime""]","[0.04256559766763848, 0.04081632653061224, 0.026822157434402333, 0.01282798833819242]","[7.718950437317784, 5.746938775510204, 2.464723032069971, 1.2180758017492712]"
org.joda.time.format.TestDateTimeFormatterBuilder.test_printParseZoneParis,0.04256559766763848,0.030758017492711367,0.01282798833819242,0.12303206997084547,0.02450525350694041,0.0278058534042636,0.012016295916064797,7.718950437317784,4.2871720116618075,1.2180758017492712,17.14868804664723,2.6139536017617004,3.3971076980394295,2.5811186526654026,"[""DateTimeFormatterBuilder"", ""DateTimeFormatter"", ""TestDateTimeFormatterBuilder"", ""DateTime""]","[0.04256559766763848, 0.04081632653061224, 0.026822157434402333, 0.01282798833819242]","[7.718950437317784, 5.746938775510204, 2.464723032069971, 1.2180758017492712]"
org.joda.time.format.TestISODateTimeFormatParsing.test_tTime,0.04081632653061224,0.03074189316982398,0.02092675635276532,0.12296757267929592,0.028386539420747998,0.02954560272073706,0.008482235138906814,5.811659192825112,4.990669900247094,3.358600583090379,19.962679600988377,4.750515989880265,4.877523964022913,0.9890172582307607,"[""TestISODateTimeFormatParsing"", ""DateTimeZone"", ""ISODateTimeFormat"", ""DateTime""]","[0.04081632653061224, 0.037317784256559766, 0.0239067055393586, 0.02092675635276532]","[5.746938775510204, 3.358600583090379, 5.0454810495626825, 5.811659192825112]"
org.joda.time.format.TestISODateTimeFormatParsing.test_basicDateTimeNoMillis,0.04081632653061224,0.03074189316982398,0.02092675635276532,0.12296757267929592,0.028386539420747998,0.02954560272073706,0.008482235138906814,5.811659192825112,4.990669900247094,3.358600583090379,19.962679600988377,4.750515989880265,4.877523964022913,0.9890172582307607,"[""TestISODateTimeFormatParsing"", ""DateTimeZone"", ""ISODateTimeFormat"", ""DateTime""]","[0.04081632653061224, 0.037317784256559766, 0.0239067055393586, 0.02092675635276532]","[5.746938775510204, 3.358600583090379, 5.0454810495626825, 5.811659192825112]"
org.joda.time.format.TestISODateTimeFormatParsing.test_tTimeNoMillis,0.04081632653061224,0.03074189316982398,0.02092675635276532,0.12296757267929592,0.028386539420747998,0.02954560272073706,0.008482235138906814,5.811659192825112,4.990669900247094,3.358600583090379,19.962679600988377,4.750515989880265,4.877523964022913,0.9890172582307607,"[""TestISODateTimeFormatParsing"", ""DateTimeZone"", ""ISODateTimeFormat"", ""DateTime""]","[0.04081632653061224, 0.037317784256559766, 0.0239067055393586, 0.02092675635276532]","[5.746938775510204, 3.358600583090379, 5.0454810495626825, 5.811659192825112]"
org.joda.time.format.TestISODateTimeFormatParsing.test_dateTime,0.04081632653061224,0.03074189316982398,0.02092675635276532,0.12296757267929592,0.028386539420747998,0.02954560272073706,0.008482235138906814,5.811659192825112,4.990669900247094,3.358600583090379,19.962679600988377,4.750515989880265,4.877523964022913,0.9890172582307607,"[""TestISODateTimeFormatParsing"", ""DateTimeZone"", ""ISODateTimeFormat"", ""DateTime""]","[0.04081632653061224, 0.037317784256559766, 0.0239067055393586, 0.02092675635276532]","[5.746938775510204, 3.358600583090379, 5.0454810495626825, 5.811659192825112]"
org.joda.time.format.TestISODateTimeFormatParsing.test_basicWeekDateTimeNoMillis,0.04081632653061224,0.03074189316982398,0.02092675635276532,0.12296757267929592,0.028386539420747998,0.02954560272073706,0.008482235138906814,5.811659192825112,4.990669900247094,3.358600583090379,19.962679600988377,4.750515989880265,4.877523964022913,0.9890172582307607,"[""TestISODateTimeFormatParsing"", ""DateTimeZone"", ""ISODateTimeFormat"", ""DateTime""]","[0.04081632653061224, 0.037317784256559766, 0.0239067055393586, 0.02092675635276532]","[5.746938775510204, 3.358600583090379, 5.0454810495626825, 5.811659192825112]"
org.joda.time.format.TestISODateTimeFormatParsing.test_weekDateTime,0.04081632653061224,0.03074189316982398,0.02092675635276532,0.12296757267929592,0.028386539420747998,0.02954560272073706,0.008482235138906814,5.811659192825112,4.990669900247094,3.358600583090379,19.962679600988377,4.750515989880265,4.877523964022913,0.9890172582307607,"[""TestISODateTimeFormatParsing"", ""DateTimeZone"", ""ISODateTimeFormat"", ""DateTime""]","[0.04081632653061224, 0.037317784256559766, 0.0239067055393586, 0.02092675635276532]","[5.746938775510204, 3.358600583090379, 5.0454810495626825, 5.811659192825112]"
org.joda.time.format.TestISODateTimeFormatParsing.test_basicOrdinalDateTime,0.04081632653061224,0.03074189316982398,0.02092675635276532,0.12296757267929592,0.028386539420747998,0.02954560272073706,0.008482235138906814,5.811659192825112,4.990669900247094,3.358600583090379,19.962679600988377,4.750515989880265,4.877523964022913,0.9890172582307607,"[""TestISODateTimeFormatParsing"", ""DateTimeZone"", ""ISODateTimeFormat"", ""DateTime""]","[0.04081632653061224, 0.037317784256559766, 0.0239067055393586, 0.02092675635276532]","[5.746938775510204, 3.358600583090379, 5.0454810495626825, 5.811659192825112]"
org.joda.time.format.TestISODateTimeFormatParsing.test_ordinalDateTime,0.04081632653061224,0.03074189316982398,0.02092675635276532,0.12296757267929592,0.028386539420747998,0.02954560272073706,0.008482235138906814,5.811659192825112,4.990669900247094,3.358600583090379,19.962679600988377,4.750515989880265,4.877523964022913,0.9890172582307607,"[""TestISODateTimeFormatParsing"", ""DateTimeZone"", ""ISODateTimeFormat"", ""DateTime""]","[0.04081632653061224, 0.037317784256559766, 0.0239067055393586, 0.02092675635276532]","[5.746938775510204, 3.358600583090379, 5.0454810495626825, 5.811659192825112]"
org.joda.time.format.TestISODateTimeFormatParsing.test_basicTimeNoMillis,0.04081632653061224,0.03074189316982398,0.02092675635276532,0.12296757267929592,0.028386539420747998,0.02954560272073706,0.008482235138906814,5.811659192825112,4.990669900247094,3.358600583090379,19.962679600988377,4.750515989880265,4.877523964022913,0.9890172582307607,"[""TestISODateTimeFormatParsing"", ""DateTimeZone"", ""ISODateTimeFormat"", ""DateTime""]","[0.04081632653061224, 0.037317784256559766, 0.0239067055393586, 0.02092675635276532]","[5.746938775510204, 3.358600583090379, 5.0454810495626825, 5.811659192825112]"
org.joda.time.format.TestISODateTimeFormatParsing.test_basicDateTime,0.04081632653061224,0.03074189316982398,0.02092675635276532,0.12296757267929592,0.028386539420747998,0.02954560272073706,0.008482235138906814,5.811659192825112,4.990669900247094,3.358600583090379,19.962679600988377,4.750515989880265,4.877523964022913,0.9890172582307607,"[""TestISODateTimeFormatParsing"", ""DateTimeZone"", ""ISODateTimeFormat"", ""DateTime""]","[0.04081632653061224, 0.037317784256559766, 0.0239067055393586, 0.02092675635276532]","[5.746938775510204, 3.358600583090379, 5.0454810495626825, 5.811659192825112]"
org.joda.time.format.TestISODateTimeFormatParsing.test_weekDateTimeNoMillis,0.04081632653061224,0.03074189316982398,0.02092675635276532,0.12296757267929592,0.028386539420747998,0.02954560272073706,0.008482235138906814,5.811659192825112,4.990669900247094,3.358600583090379,19.962679600988377,4.750515989880265,4.877523964022913,0.9890172582307607,"[""TestISODateTimeFormatParsing"", ""DateTimeZone"", ""ISODateTimeFormat"", ""DateTime""]","[0.04081632653061224, 0.037317784256559766, 0.0239067055393586, 0.02092675635276532]","[5.746938775510204, 3.358600583090379, 5.0454810495626825, 5.811659192825112]"
org.joda.time.format.TestISODateTimeFormatParsing.test_hourMinuteSecond,0.04081632653061224,0.03074189316982398,0.02092675635276532,0.12296757267929592,0.028386539420747998,0.02954560272073706,0.008482235138906814,5.811659192825112,4.990669900247094,3.358600583090379,19.962679600988377,4.750515989880265,4.877523964022913,0.9890172582307607,"[""TestISODateTimeFormatParsing"", ""DateTimeZone"", ""ISODateTimeFormat"", ""DateTime""]","[0.04081632653061224, 0.037317784256559766, 0.0239067055393586, 0.02092675635276532]","[5.746938775510204, 3.358600583090379, 5.0454810495626825, 5.811659192825112]"
org.joda.time.format.TestISODateTimeFormatParsing.test_hourMinute,0.04081632653061224,0.03074189316982398,0.02092675635276532,0.12296757267929592,0.028386539420747998,0.02954560272073706,0.008482235138906814,5.811659192825112,4.990669900247094,3.358600583090379,19.962679600988377,4.750515989880265,4.877523964022913,0.9890172582307607,"[""TestISODateTimeFormatParsing"", ""DateTimeZone"", ""ISODateTimeFormat"", ""DateTime""]","[0.04081632653061224, 0.037317784256559766, 0.0239067055393586, 0.02092675635276532]","[5.746938775510204, 3.358600583090379, 5.0454810495626825, 5.811659192825112]"
org.joda.time.format.TestISODateTimeFormatParsing.test_dateTimeNoMillis,0.04081632653061224,0.03074189316982398,0.02092675635276532,0.12296757267929592,0.028386539420747998,0.02954560272073706,0.008482235138906814,5.811659192825112,4.990669900247094,3.358600583090379,19.962679600988377,4.750515989880265,4.877523964022913,0.9890172582307607,"[""TestISODateTimeFormatParsing"", ""DateTimeZone"", ""ISODateTimeFormat"", ""DateTime""]","[0.04081632653061224, 0.037317784256559766, 0.0239067055393586, 0.02092675635276532]","[5.746938775510204, 3.358600583090379, 5.0454810495626825, 5.811659192825112]"
org.joda.time.format.TestISODateTimeFormatParsing.test_basicTTime,0.04081632653061224,0.03074189316982398,0.02092675635276532,0.12296757267929592,0.028386539420747998,0.02954560272073706,0.008482235138906814,5.811659192825112,4.990669900247094,3.358600583090379,19.962679600988377,4.750515989880265,4.877523964022913,0.9890172582307607,"[""TestISODateTimeFormatParsing"", ""DateTimeZone"", ""ISODateTimeFormat"", ""DateTime""]","[0.04081632653061224, 0.037317784256559766, 0.0239067055393586, 0.02092675635276532]","[5.746938775510204, 3.358600583090379, 5.0454810495626825, 5.811659192825112]"
org.joda.time.format.TestISODateTimeFormatParsing.test_timeParser,0.04081632653061224,0.03074189316982398,0.02092675635276532,0.12296757267929592,0.028386539420747998,0.02954560272073706,0.008482235138906814,5.811659192825112,4.990669900247094,3.358600583090379,19.962679600988377,4.750515989880265,4.877523964022913,0.9890172582307607,"[""TestISODateTimeFormatParsing"", ""DateTimeZone"", ""ISODateTimeFormat"", ""DateTime""]","[0.04081632653061224, 0.037317784256559766, 0.0239067055393586, 0.02092675635276532]","[5.746938775510204, 3.358600583090379, 5.0454810495626825, 5.811659192825112]"
org.joda.time.format.TestISODateTimeFormatParsing.test_hourMinuteSecondFraction,0.04081632653061224,0.03074189316982398,0.02092675635276532,0.12296757267929592,0.028386539420747998,0.02954560272073706,0.008482235138906814,5.811659192825112,4.990669900247094,3.358600583090379,19.962679600988377,4.750515989880265,4.877523964022913,0.9890172582307607,"[""TestISODateTimeFormatParsing"", ""DateTimeZone"", ""ISODateTimeFormat"", ""DateTime""]","[0.04081632653061224, 0.037317784256559766, 0.0239067055393586, 0.02092675635276532]","[5.746938775510204, 3.358600583090379, 5.0454810495626825, 5.811659192825112]"
org.joda.time.format.TestISODateTimeFormatParsing.test_hourMinuteSecondMillis,0.04081632653061224,0.03074189316982398,0.02092675635276532,0.12296757267929592,0.028386539420747998,0.02954560272073706,0.008482235138906814,5.811659192825112,4.990669900247094,3.358600583090379,19.962679600988377,4.750515989880265,4.877523964022913,0.9890172582307607,"[""TestISODateTimeFormatParsing"", ""DateTimeZone"", ""ISODateTimeFormat"", ""DateTime""]","[0.04081632653061224, 0.037317784256559766, 0.0239067055393586, 0.02092675635276532]","[5.746938775510204, 3.358600583090379, 5.0454810495626825, 5.811659192825112]"
org.joda.time.format.TestISODateTimeFormatParsing.test_time,0.04081632653061224,0.03074189316982398,0.02092675635276532,0.12296757267929592,0.028386539420747998,0.02954560272073706,0.008482235138906814,5.811659192825112,4.990669900247094,3.358600583090379,19.962679600988377,4.750515989880265,4.877523964022913,0.9890172582307607,"[""TestISODateTimeFormatParsing"", ""DateTimeZone"", ""ISODateTimeFormat"", ""DateTime""]","[0.04081632653061224, 0.037317784256559766, 0.0239067055393586, 0.02092675635276532]","[5.746938775510204, 3.358600583090379, 5.0454810495626825, 5.811659192825112]"
org.joda.time.format.TestISODateTimeFormatParsing.test_basicWeekDateTime,0.04081632653061224,0.03074189316982398,0.02092675635276532,0.12296757267929592,0.028386539420747998,0.02954560272073706,0.008482235138906814,5.811659192825112,4.990669900247094,3.358600583090379,19.962679600988377,4.750515989880265,4.877523964022913,0.9890172582307607,"[""TestISODateTimeFormatParsing"", ""DateTimeZone"", ""ISODateTimeFormat"", ""DateTime""]","[0.04081632653061224, 0.037317784256559766, 0.0239067055393586, 0.02092675635276532]","[5.746938775510204, 3.358600583090379, 5.0454810495626825, 5.811659192825112]"
org.joda.time.format.TestISODateTimeFormatParsing.test_ordinalDateTimeNoMillis,0.04081632653061224,0.03074189316982398,0.02092675635276532,0.12296757267929592,0.028386539420747998,0.02954560272073706,0.008482235138906814,5.811659192825112,4.990669900247094,3.358600583090379,19.962679600988377,4.750515989880265,4.877523964022913,0.9890172582307607,"[""TestISODateTimeFormatParsing"", ""DateTimeZone"", ""ISODateTimeFormat"", ""DateTime""]","[0.04081632653061224, 0.037317784256559766, 0.0239067055393586, 0.02092675635276532]","[5.746938775510204, 3.358600583090379, 5.0454810495626825, 5.811659192825112]"
org.joda.time.format.TestISODateTimeFormatParsing.test_timeNoMillis,0.04081632653061224,0.03074189316982398,0.02092675635276532,0.12296757267929592,0.028386539420747998,0.02954560272073706,0.008482235138906814,5.811659192825112,4.990669900247094,3.358600583090379,19.962679600988377,4.750515989880265,4.877523964022913,0.9890172582307607,"[""TestISODateTimeFormatParsing"", ""DateTimeZone"", ""ISODateTimeFormat"", ""DateTime""]","[0.04081632653061224, 0.037317784256559766, 0.0239067055393586, 0.02092675635276532]","[5.746938775510204, 3.358600583090379, 5.0454810495626825, 5.811659192825112]"
org.joda.time.format.TestISODateTimeFormatParsing.test_basicOrdinalDateTimeNoMillis,0.04081632653061224,0.03074189316982398,0.02092675635276532,0.12296757267929592,0.028386539420747998,0.02954560272073706,0.008482235138906814,5.811659192825112,4.990669900247094,3.358600583090379,19.962679600988377,4.750515989880265,4.877523964022913,0.9890172582307607,"[""TestISODateTimeFormatParsing"", ""DateTimeZone"", ""ISODateTimeFormat"", ""DateTime""]","[0.04081632653061224, 0.037317784256559766, 0.0239067055393586, 0.02092675635276532]","[5.746938775510204, 3.358600583090379, 5.0454810495626825, 5.811659192825112]"
org.joda.time.format.TestISODateTimeFormatParsing.test_basicTime,0.04081632653061224,0.03074189316982398,0.02092675635276532,0.12296757267929592,0.028386539420747998,0.02954560272073706,0.008482235138906814,5.811659192825112,4.990669900247094,3.358600583090379,19.962679600988377,4.750515989880265,4.877523964022913,0.9890172582307607,"[""TestISODateTimeFormatParsing"", ""DateTimeZone"", ""ISODateTimeFormat"", ""DateTime""]","[0.04081632653061224, 0.037317784256559766, 0.0239067055393586, 0.02092675635276532]","[5.746938775510204, 3.358600583090379, 5.0454810495626825, 5.811659192825112]"
org.joda.time.format.TestISODateTimeFormatParsing.test_basicTTimeNoMillis,0.04081632653061224,0.03074189316982398,0.02092675635276532,0.12296757267929592,0.028386539420747998,0.02954560272073706,0.008482235138906814,5.811659192825112,4.990669900247094,3.358600583090379,19.962679600988377,4.750515989880265,4.877523964022913,0.9890172582307607,"[""TestISODateTimeFormatParsing"", ""DateTimeZone"", ""ISODateTimeFormat"", ""DateTime""]","[0.04081632653061224, 0.037317784256559766, 0.0239067055393586, 0.02092675635276532]","[5.746938775510204, 3.358600583090379, 5.0454810495626825, 5.811659192825112]"
org.joda.time.TestInterval_Basics.testWithPeriodAfterStart1,0.04081632653061224,0.030667172117268802,0.022713687985654513,0.12266868846907521,0.02934551772958363,0.029989675956460564,0.006564388074510319,5.746938775510204,4.339493742361313,1.5499103407053199,17.35797496944525,3.286398834766095,3.8738680626023876,1.640432711359925,"[""Interval"", ""TestInterval_Basics"", ""Period"", ""DateTime""]","[0.04081632653061224, 0.030927835051546393, 0.028210838901262063, 0.022713687985654513]","[5.746938775510204, 4.878497790868925, 5.182628062360802, 1.5499103407053199]"
org.joda.time.TestInterval_Basics.testWithPeriodBeforeEnd1,0.04081632653061224,0.030667172117268802,0.022713687985654513,0.12266868846907521,0.02934551772958363,0.029989675956460564,0.006564388074510319,5.746938775510204,4.339493742361313,1.5499103407053199,17.35797496944525,3.286398834766095,3.8738680626023876,1.640432711359925,"[""Interval"", ""TestInterval_Basics"", ""Period"", ""DateTime""]","[0.04081632653061224, 0.030927835051546393, 0.028210838901262063, 0.022713687985654513]","[5.746938775510204, 4.878497790868925, 5.182628062360802, 1.5499103407053199]"
org.joda.time.TestDuration_Basics.testToPeriod_PeriodType_Chronology,0.030927835051546393,0.024522549997918315,0.01574344023323615,0.12261274998959157,0.02290654681340536,0.02372969942558627,0.00601689267741456,4.878497790868925,2.9302464635565,0.7008746355685131,14.651232317782501,1.7923780551703203,2.3813020587367633,1.5362112430506134,"[""Duration"", ""ISOChronology"", ""PeriodType"", ""TestDuration_Basics"", ""Period""]","[0.030927835051546393, 0.030913012221423435, 0.02516091281451141, 0.019867549668874173, 0.01574344023323615]","[4.878497790868925, 3.7361610352264556, 1.6079578700994734, 3.7277409860191315, 0.7008746355685131]"
org.joda.time.TestLocalDate_Basics.testGet_DateTimeFieldType,0.06765899864682003,0.040867842839675296,0.016693163751987282,0.1226035285190259,0.029753752278759604,0.03508895140152321,0.020888809515295217,9.71853856562923,6.085923151716472,2.1089030206677264,18.257769455149415,4.095063524026873,5.088973970399711,3.1161513911313237,"[""DateTimeFieldType"", ""TestLocalDate_Basics"", ""LocalDate""]","[0.06765899864682003, 0.03825136612021858, 0.016693163751987282]","[9.71853856562923, 6.430327868852459, 2.1089030206677264]"
org.joda.time.TestLocalDate_Basics.testWithField_DateTimeFieldType_int_1,0.06765899864682003,0.040867842839675296,0.016693163751987282,0.1226035285190259,0.029753752278759604,0.03508895140152321,0.020888809515295217,9.71853856562923,6.085923151716472,2.1089030206677264,18.257769455149415,4.095063524026873,5.088973970399711,3.1161513911313237,"[""DateTimeFieldType"", ""TestLocalDate_Basics"", ""LocalDate""]","[0.06765899864682003, 0.03825136612021858, 0.016693163751987282]","[9.71853856562923, 6.430327868852459, 2.1089030206677264]"
org.joda.time.TestLocalDate_Basics.testIsSupported_DateTimeFieldType,0.06765899864682003,0.040867842839675296,0.016693163751987282,0.1226035285190259,0.029753752278759604,0.03508895140152321,0.020888809515295217,9.71853856562923,6.085923151716472,2.1089030206677264,18.257769455149415,4.095063524026873,5.088973970399711,3.1161513911313237,"[""DateTimeFieldType"", ""TestLocalDate_Basics"", ""LocalDate""]","[0.06765899864682003, 0.03825136612021858, 0.016693163751987282]","[9.71853856562923, 6.430327868852459, 2.1089030206677264]"
org.joda.time.TestLocalDate_Basics.testGetFieldType_int,0.06765899864682003,0.040867842839675296,0.016693163751987282,0.1226035285190259,0.029753752278759604,0.03508895140152321,0.020888809515295217,9.71853856562923,6.085923151716472,2.1089030206677264,18.257769455149415,4.095063524026873,5.088973970399711,3.1161513911313237,"[""DateTimeFieldType"", ""TestLocalDate_Basics"", ""LocalDate""]","[0.06765899864682003, 0.03825136612021858, 0.016693163751987282]","[9.71853856562923, 6.430327868852459, 2.1089030206677264]"
org.joda.time.TestLocalDate_Basics.testProperty,0.06765899864682003,0.040867842839675296,0.016693163751987282,0.1226035285190259,0.029753752278759604,0.03508895140152321,0.020888809515295217,9.71853856562923,6.085923151716472,2.1089030206677264,18.257769455149415,4.095063524026873,5.088973970399711,3.1161513911313237,"[""DateTimeFieldType"", ""TestLocalDate_Basics"", ""LocalDate""]","[0.06765899864682003, 0.03825136612021858, 0.016693163751987282]","[9.71853856562923, 6.430327868852459, 2.1089030206677264]"
org.joda.time.TestLocalDate_Basics.testWithField_DateTimeFieldType_int_4,0.06765899864682003,0.040867842839675296,0.016693163751987282,0.1226035285190259,0.029753752278759604,0.03508895140152321,0.020888809515295217,9.71853856562923,6.085923151716472,2.1089030206677264,18.257769455149415,4.095063524026873,5.088973970399711,3.1161513911313237,"[""DateTimeFieldType"", ""TestLocalDate_Basics"", ""LocalDate""]","[0.06765899864682003, 0.03825136612021858, 0.016693163751987282]","[9.71853856562923, 6.430327868852459, 2.1089030206677264]"
org.joda.time.TestLocalDate_Basics.testGetFieldTypes,0.06765899864682003,0.040867842839675296,0.016693163751987282,0.1226035285190259,0.029753752278759604,0.03508895140152321,0.020888809515295217,9.71853856562923,6.085923151716472,2.1089030206677264,18.257769455149415,4.095063524026873,5.088973970399711,3.1161513911313237,"[""DateTimeFieldType"", ""TestLocalDate_Basics"", ""LocalDate""]","[0.06765899864682003, 0.03825136612021858, 0.016693163751987282]","[9.71853856562923, 6.430327868852459, 2.1089030206677264]"
org.joda.time.TestLocalDate_Basics.testWithField_DateTimeFieldType_int_3,0.06765899864682003,0.040867842839675296,0.016693163751987282,0.1226035285190259,0.029753752278759604,0.03508895140152321,0.020888809515295217,9.71853856562923,6.085923151716472,2.1089030206677264,18.257769455149415,4.095063524026873,5.088973970399711,3.1161513911313237,"[""DateTimeFieldType"", ""TestLocalDate_Basics"", ""LocalDate""]","[0.06765899864682003, 0.03825136612021858, 0.016693163751987282]","[9.71853856562923, 6.430327868852459, 2.1089030206677264]"
org.joda.time.TestMutablePeriod_Constructors.testConstructor_long_long_Chronology1,0.04081632653061224,0.024469869416252978,0.01908957415565345,0.1223493470812649,0.02259776638048348,0.02339496988190527,0.008227770024882775,5.746938775510204,3.41270677287691,0.8456712672521958,17.06353386438455,2.248941993205256,2.897179607466816,1.5711764472406706,"[""TestMutablePeriod_Constructors"", ""MutablePeriod"", ""DateTime"", ""PeriodType"", ""CopticChronology""]","[0.04081632653061224, 0.021957340025094103, 0.020618556701030927, 0.019867549668874173, 0.01908957415565345]","[5.746938775510204, 0.8456712672521958, 3.0537555228276876, 3.7277409860191315, 3.6894273127753303]"
org.joda.time.TestMutablePeriod_Constructors.testConstructor_long_long_PeriodType_Chronology1,0.04081632653061224,0.024469869416252978,0.01908957415565345,0.1223493470812649,0.02259776638048348,0.02339496988190527,0.008227770024882775,5.746938775510204,3.41270677287691,0.8456712672521958,17.06353386438455,2.248941993205256,2.897179607466816,1.5711764472406706,"[""TestMutablePeriod_Constructors"", ""MutablePeriod"", ""DateTime"", ""PeriodType"", ""CopticChronology""]","[0.04081632653061224, 0.021957340025094103, 0.020618556701030927, 0.019867549668874173, 0.01908957415565345]","[5.746938775510204, 0.8456712672521958, 3.0537555228276876, 3.7277409860191315, 3.6894273127753303]"
org.joda.time.TestIllegalFieldValueException.testZoneTransition,0.04081632653061224,0.024458842496845084,0.013224821973550356,0.12229421248422542,0.019452883206323254,0.021679564520416025,0.012031709367119808,5.746938775510204,2.7602842032188706,1.1627670396744658,13.801421016094352,1.9935494594801284,2.321366719015025,1.675681149031367,"[""IllegalFieldValueException"", ""DateTimeFieldType"", ""DateTimeZone"", ""TestIllegalFieldValueException"", ""DateTime$Property"", ""Integer"", ""DateTime""]","[0.04081632653061224, 0.037317784256559766, 0.016693163751987282, 0.014242115971515769, 0.013224821973550356]","[5.746938775510204, 3.358600583090379, 2.1089030206677264, 1.1627670396744658, 1.4242115971515767]"
org.joda.time.TestLocalDate_Basics.testIsAfter_LocalDate,0.06765899864682003,0.04055126833342492,0.01574344023323615,0.12165380500027476,0.028724248230191155,0.034410479043484245,0.021256739542888408,9.71853856562923,5.59364546844239,0.632069970845481,16.78093640532717,1.629980765735785,3.405647902464139,3.756417261200252,"[""GregorianChronology"", ""TestLocalDate_Basics"", ""LocalDate""]","[0.06765899864682003, 0.03825136612021858, 0.01574344023323615]","[9.71853856562923, 6.430327868852459, 0.632069970845481]"
org.joda.time.TestLocalDate_Basics.testIsBefore_LocalDate,0.06765899864682003,0.04055126833342492,0.01574344023323615,0.12165380500027476,0.028724248230191155,0.034410479043484245,0.021256739542888408,9.71853856562923,5.59364546844239,0.632069970845481,16.78093640532717,1.629980765735785,3.405647902464139,3.756417261200252,"[""GregorianChronology"", ""TestLocalDate_Basics"", ""LocalDate""]","[0.06765899864682003, 0.03825136612021858, 0.01574344023323615]","[9.71853856562923, 6.430327868852459, 0.632069970845481]"
org.joda.time.TestLocalDate_Basics.testIsEqual_LocalDate,0.06765899864682003,0.04055126833342492,0.01574344023323615,0.12165380500027476,0.028724248230191155,0.034410479043484245,0.021256739542888408,9.71853856562923,5.59364546844239,0.632069970845481,16.78093640532717,1.629980765735785,3.405647902464139,3.756417261200252,"[""GregorianChronology"", ""TestLocalDate_Basics"", ""LocalDate""]","[0.06765899864682003, 0.03825136612021858, 0.01574344023323615]","[9.71853856562923, 6.430327868852459, 0.632069970845481]"
org.joda.time.TestMonthDay_Basics.testToDateTime_nullRI,0.04081632653061224,0.030356191823608977,0.018867924528301886,0.12142476729443591,0.02792468796276708,0.02916222436583923,0.008209963062368417,6.022012578616352,4.4169342483001905,1.4899806076276665,17.667736993200762,3.2309352279424335,3.883022746371683,1.7966852943450091,"[""TestMonthDay_Basics"", ""DateTime$Property"", ""MonthDay"", ""DateTime"", ""DateTimeUtils""]","[0.04081632653061224, 0.03459119496855346, 0.027149321266968326, 0.018867924528301886]","[5.746938775510204, 6.022012578616352, 1.4899806076276665, 4.408805031446541]"
org.joda.time.TestTimeOfDay_Basics.testCompareTo,0.044386422976501305,0.024279775372413916,0.01574344023323615,0.12139887686206957,0.021158873642494722,0.022490928533451377,0.010482902298438885,4.117493472584856,2.7551918029254114,0.632069970845481,13.775959014627057,1.7375709160005308,2.309034440241793,1.2473085400842991,"[""TimeOfDay"", ""DateTimeFieldType"", ""TestTimeOfDay_Basics"", ""GregorianChronology"", ""Partial""]","[0.044386422976501305, 0.024134312696747113, 0.02044153720359771, 0.016693163751987282, 0.01574344023323615]","[4.117493472584856, 3.396642182581322, 3.5208503679476695, 2.1089030206677264, 0.632069970845481]"
org.joda.time.TestLocalDateTime_Basics.testSerialization,0.058186738836265225,0.02021413421867464,0.006006006006006006,0.12128480531204784,0.009814492861260696,0.0134754878754178,0.018823360505243098,11.043301759133964,3.2019744535255747,0.06927710843373494,19.21184672115345,0.1485741940972894,0.62462429495345,4.060102802787442,"[""LocalDateTime"", ""ByteArrayOutputStream"", ""Arrays"", ""DateTimeFieldType"", ""ObjectInputStream"", ""TestLocalDateTime_Basics"", ""ObjectOutputStream"", ""ByteArrayInputStream""]","[0.058186738836265225, 0.028368794326241134, 0.016693163751987282, 0.006024096385542169, 0.006006006006006006, 0.006006006006006006]","[11.043301759133964, 5.831205673758865, 2.1089030206677264, 0.06927710843373494, 0.08408408408408409, 0.07507507507507508]"
org.joda.time.TestYearMonth_Constructors.testParse_formatter,0.029333333333333333,0.024244120505344992,0.01574344023323615,0.12122060252672497,0.022988907078297444,0.023648201615290205,0.005045785860571504,5.344,2.73651156462585,0.7008746355685131,13.682557823129251,1.783104601490001,2.2745150876468445,1.5001896524941813,"[""YearMonth"", ""DateTimeFormatter"", ""DateTimeFormat"", ""ISOChronology"", ""TestYearMonth_Constructors""]","[0.029333333333333333, 0.027988338192419825, 0.026822157434402333, 0.021333333333333333, 0.01574344023323615]","[5.344, 2.8956268221574346, 2.464723032069971, 2.2773333333333334, 0.7008746355685131]"
org.joda.time.TestYearMonthDay_Constructors.testConstructor_DateTimeZone,0.04081632653061224,0.030283906168616342,0.01553556827473426,0.12113562467446537,0.02626857810622644,0.028371107087276463,0.009903293111951901,5.746938775510204,3.0974068892787834,1.4899806076276665,12.389627557115134,2.3499787801651992,2.6786720091093468,1.687962410929332,"[""DateTimeUtils"", ""TestYearMonthDay_Constructors"", ""YearMonthDay"", ""DateTime""]","[0.04081632653061224, 0.03763440860215054, 0.027149321266968326, 0.01553556827473426]","[5.746938775510204, 3.3669354838709675, 1.4899806076276665, 1.785772690106296]"
org.joda.time.TestYearMonthDay_Constructors.testConstructor_nullDateTimeZone,0.04081632653061224,0.030283906168616342,0.01553556827473426,0.12113562467446537,0.02626857810622644,0.028371107087276463,0.009903293111951901,5.746938775510204,3.0974068892787834,1.4899806076276665,12.389627557115134,2.3499787801651992,2.6786720091093468,1.687962410929332,"[""DateTimeUtils"", ""TestYearMonthDay_Constructors"", ""YearMonthDay"", ""DateTime""]","[0.04081632653061224, 0.03763440860215054, 0.027149321266968326, 0.01553556827473426]","[5.746938775510204, 3.3669354838709675, 1.4899806076276665, 1.785772690106296]"
org.joda.time.TestMonthDay_Basics.testToLocalDate,0.06765899864682003,0.04037270604789179,0.018867924528301886,0.12111811814367537,0.031027285206566505,0.0353458492212324,0.02033407044314323,9.71853856562923,6.716452058564041,4.408805031446541,20.149356175692123,6.051163791525371,6.366310818852355,2.2226114062049565,"[""MonthDay"", ""TestMonthDay_Basics"", ""LocalDate""]","[0.06765899864682003, 0.03459119496855346, 0.018867924528301886]","[9.71853856562923, 6.022012578616352, 4.408805031446541]"
org.joda.time.TestDateTime_Basics.testToLocalTime,0.05013550135501355,0.04030819330974084,0.02997275204359673,0.12092457992922252,0.03855566256690402,0.03943682708734592,0.008239246101287616,7.333333333333333,5.838746470431951,4.435967302452316,17.516239411295853,5.599111525095832,5.717973140084054,1.1846248263651344,"[""LocalTime"", ""TestDateTime_Basics"", ""DateTime""]","[0.05013550135501355, 0.04081632653061224, 0.02997275204359673]","[7.333333333333333, 5.746938775510204, 4.435967302452316]"
org.joda.time.format.TestDateTimeFormatter.testParseLocalDate_simple,0.06765899864682003,0.04029045133590227,0.02639019792648445,0.12087135400770681,0.03334983563295295,0.03631510522531301,0.019353288845164927,9.71853856562923,5.243619401557917,2.464723032069971,15.730858204673753,3.7950558161219927,4.396439544708527,3.194978345105141,"[""TestDateTimeFormatter"", ""DateTimeFormatter"", ""LocalDate""]","[0.06765899864682003, 0.026822157434402333, 0.02639019792648445]","[9.71853856562923, 2.464723032069971, 3.5475966069745524]"
org.joda.time.TestLocalTime_Constructors.testConstructor_long_DateTimeZone_2,0.05013550135501355,0.040281044077817296,0.029891304347826088,0.12084313223345189,0.038510668496002265,0.03940107291807358,0.008273321525427665,7.333333333333333,5.939800847875382,4.739130434782608,17.819402543626147,5.753977279828036,5.84537286910186,1.0678230202706778,"[""TestLocalTime_Constructors"", ""LocalTime"", ""DateTime""]","[0.05013550135501355, 0.04081632653061224, 0.029891304347826088]","[7.333333333333333, 5.746938775510204, 4.739130434782608]"
org.joda.time.chrono.TestGJChronology.testMaximumValue,0.03763440860215054,0.0299522552964433,0.0239067055393586,0.1198090211857732,0.02889976754286626,0.029416806646770235,0.0056984190981672995,3.8485477178423237,3.139147768358352,2.4448979591836735,12.556591073433408,3.0507845920477537,3.094964065872513,0.5234828390207128,"[""YearMonthDay"", ""GJChronology"", ""DateMidnight"", ""TestGJChronology"", ""YearMonthDay$Property"", ""DateMidnight$Property""]","[0.03763440860215054, 0.03319502074688797, 0.02507288629737609, 0.0239067055393586]","[3.3669354838709675, 3.8485477178423237, 2.896209912536443, 2.4448979591836735]"
org.joda.time.TestDuration_Basics.testToIntervalTo,0.04081632653061224,0.0299009848880504,0.022713687985654513,0.1196039395522016,0.028445589540936234,0.02914052168641397,0.006969476352690934,5.746938775510204,3.1602420053853635,1.5499103407053199,12.640968021541454,2.340871161696896,2.7046486127876355,1.7338855942967266,"[""TestDuration_Basics"", ""Interval"", ""Duration"", ""DateTime""]","[0.04081632653061224, 0.030913012221423435, 0.02516091281451141, 0.022713687985654513]","[5.746938775510204, 3.7361610352264556, 1.6079578700994734, 1.5499103407053199]"
org.joda.time.TestDuration_Basics.testToIntervalFrom,0.04081632653061224,0.0299009848880504,0.022713687985654513,0.1196039395522016,0.028445589540936234,0.02914052168641397,0.006969476352690934,5.746938775510204,3.1602420053853635,1.5499103407053199,12.640968021541454,2.340871161696896,2.7046486127876355,1.7338855942967266,"[""TestDuration_Basics"", ""Interval"", ""Duration"", ""DateTime""]","[0.04081632653061224, 0.030913012221423435, 0.02516091281451141, 0.022713687985654513]","[5.746938775510204, 3.7361610352264556, 1.6079578700994734, 1.5499103407053199]"
org.joda.time.TestLocalTime_Constructors.testConstructor_Object2,0.05013550135501355,0.019924626267567802,0.00243605359317905,0.11954775760540681,0.007170307364294067,0.012202781092403121,0.01698942014410619,7.333333333333333,2.546834656565577,0.04506699147381242,15.281007939393463,0.15671652962453925,0.6546375033749668,2.7612113212523295,"[""GJChronology"", ""Calendar"", ""LocalTime"", ""TestLocalTime_Constructors"", ""GregorianCalendar"", ""Date""]","[0.05013550135501355, 0.029891304347826088, 0.02507288629737609, 0.006006006006006006, 0.006006006006006006, 0.00243605359317905]","[7.333333333333333, 4.739130434782608, 2.896209912536443, 0.15615615615615616, 0.1111111111111111, 0.04506699147381242]"
org.joda.time.TestSerialization.testSerializedLocalDateBuddhist,0.06765899864682003,0.02388168272735579,0.006006006006006006,0.11940841363677895,0.011113550853588061,0.015686141269991263,0.02279926192021414,9.71853856562923,2.662618462614586,0.07507507507507508,13.31309231307293,0.18766192912649693,0.6920287532839746,3.6233350722364897,"[""StringBuilder"", ""ByteArrayOutputStream"", ""BuddhistChronology"", ""ObjectInputStream"", ""TestSerialization"", ""LocalDate"", ""FileInputStream"", ""ObjectOutputStream"", ""ByteArrayInputStream""]","[0.06765899864682003, 0.022244691607684528, 0.01749271137026239, 0.006006006006006006, 0.006006006006006006]","[9.71853856562923, 2.320525783619818, 1.114868804664723, 0.08408408408408409, 0.07507507507507508]"
org.joda.time.convert.TestReadableIntervalConverter.testSetIntoPeriod_Object2,0.022713687985654513,0.019848111347662865,0.013157894736842105,0.11908866808597719,0.019197515853725915,0.01955066300541,0.003132356372056022,3.7277409860191315,1.7133862297789193,0.35825358851674644,10.280317378673516,0.9150467027374226,1.2589865850325694,1.2522015719881852,"[""ReadableIntervalConverter"", ""Interval"", ""MutablePeriod"", ""TestReadableIntervalConverter"", ""PeriodType"", ""CopticChronology""]","[0.022713687985654513, 0.021957340025094103, 0.020773638968481375, 0.020618556701030927, 0.019867549668874173, 0.013157894736842105]","[1.5499103407053199, 0.8456712672521958, 0.7449856733524355, 3.0537555228276876, 3.7277409860191315, 0.35825358851674644]"
org.joda.time.TestPeriod_Constructors.testConstructor_RP_RP_PeriodType7,0.030927835051546393,0.023757758724286204,0.016693163751987282,0.11878879362143102,0.022643181920120537,0.023202693686759826,0.005063786413554867,5.272393538913363,3.8768355038100935,2.1089030206677264,19.384177519050468,3.492849763089382,3.6929141670686434,1.125105295747487,"[""DateTimeFieldType"", ""TestPeriod_Constructors"", ""Partial"", ""PeriodType"", ""Period""]","[0.030927835051546393, 0.027165932452276064, 0.024134312696747113, 0.019867549668874173, 0.016693163751987282]","[4.878497790868925, 5.272393538913363, 3.396642182581322, 3.7277409860191315, 2.1089030206677264]"
org.joda.time.TestPeriod_Constructors.testConstructor_RP_RP_PeriodType8,0.030927835051546393,0.023757758724286204,0.016693163751987282,0.11878879362143102,0.022643181920120537,0.023202693686759826,0.005063786413554867,5.272393538913363,3.8768355038100935,2.1089030206677264,19.384177519050468,3.492849763089382,3.6929141670686434,1.125105295747487,"[""DateTimeFieldType"", ""TestPeriod_Constructors"", ""Partial"", ""PeriodType"", ""Period""]","[0.030927835051546393, 0.027165932452276064, 0.024134312696747113, 0.019867549668874173, 0.016693163751987282]","[4.878497790868925, 5.272393538913363, 3.396642182581322, 3.7277409860191315, 2.1089030206677264]"
org.joda.time.TestPeriod_Constructors.testConstructor_RI_RD_PeriodType2,0.04081632653061224,0.029694410925827218,0.019867549668874173,0.11877764370330887,0.027782123079811035,0.02873016300274443,0.007552793313544384,5.746938775510204,4.906392772827906,3.7277409860191315,19.625571091311624,4.779469468033587,4.845003083055515,0.7467382921690737,"[""TestPeriod_Constructors"", ""PeriodType"", ""Period"", ""DateTime""]","[0.04081632653061224, 0.030927835051546393, 0.027165932452276064, 0.019867549668874173]","[5.746938775510204, 4.878497790868925, 5.272393538913363, 3.7277409860191315]"
org.joda.time.TestPeriod_Constructors.testConstructor_RI_RI4,0.04081632653061224,0.029694410925827218,0.019867549668874173,0.11877764370330887,0.027782123079811035,0.02873016300274443,0.007552793313544384,5.746938775510204,4.906392772827906,3.7277409860191315,19.625571091311624,4.779469468033587,4.845003083055515,0.7467382921690737,"[""TestPeriod_Constructors"", ""PeriodType"", ""Period"", ""DateTime""]","[0.04081632653061224, 0.030927835051546393, 0.027165932452276064, 0.019867549668874173]","[5.746938775510204, 4.878497790868925, 5.272393538913363, 3.7277409860191315]"
org.joda.time.TestPeriod_Constructors.testConstructor_RI_RI_PeriodType1,0.04081632653061224,0.029694410925827218,0.019867549668874173,0.11877764370330887,0.027782123079811035,0.02873016300274443,0.007552793313544384,5.746938775510204,4.906392772827906,3.7277409860191315,19.625571091311624,4.779469468033587,4.845003083055515,0.7467382921690737,"[""TestPeriod_Constructors"", ""PeriodType"", ""Period"", ""DateTime""]","[0.04081632653061224, 0.030927835051546393, 0.027165932452276064, 0.019867549668874173]","[5.746938775510204, 4.878497790868925, 5.272393538913363, 3.7277409860191315]"
org.joda.time.TestPeriod_Constructors.testToPeriod_PeriodType3,0.04081632653061224,0.029694410925827218,0.019867549668874173,0.11877764370330887,0.027782123079811035,0.02873016300274443,0.007552793313544384,5.746938775510204,4.906392772827906,3.7277409860191315,19.625571091311624,4.779469468033587,4.845003083055515,0.7467382921690737,"[""TestPeriod_Constructors"", ""PeriodType"", ""Period"", ""DateTime""]","[0.04081632653061224, 0.030927835051546393, 0.027165932452276064, 0.019867549668874173]","[5.746938775510204, 4.878497790868925, 5.272393538913363, 3.7277409860191315]"
org.joda.time.TestPeriod_Constructors.testConstructor_trickyDifferences_RI_RI_toFeb_exactMonths,0.04081632653061224,0.029694410925827218,0.019867549668874173,0.11877764370330887,0.027782123079811035,0.02873016300274443,0.007552793313544384,5.746938775510204,4.906392772827906,3.7277409860191315,19.625571091311624,4.779469468033587,4.845003083055515,0.7467382921690737,"[""TestPeriod_Constructors"", ""PeriodType"", ""Period"", ""DateTime""]","[0.04081632653061224, 0.030927835051546393, 0.027165932452276064, 0.019867549668874173]","[5.746938775510204, 4.878497790868925, 5.272393538913363, 3.7277409860191315]"
org.joda.time.TestPeriod_Constructors.testConstructor_trickyDifferences_RI_RI_toMar_endOfMonth2,0.04081632653061224,0.029694410925827218,0.019867549668874173,0.11877764370330887,0.027782123079811035,0.02873016300274443,0.007552793313544384,5.746938775510204,4.906392772827906,3.7277409860191315,19.625571091311624,4.779469468033587,4.845003083055515,0.7467382921690737,"[""TestPeriod_Constructors"", ""PeriodType"", ""Period"", ""DateTime""]","[0.04081632653061224, 0.030927835051546393, 0.027165932452276064, 0.019867549668874173]","[5.746938775510204, 4.878497790868925, 5.272393538913363, 3.7277409860191315]"
org.joda.time.TestPeriod_Constructors.testConstructor_trickyDifferences_RI_RI_toFeb_endOfMonth2,0.04081632653061224,0.029694410925827218,0.019867549668874173,0.11877764370330887,0.027782123079811035,0.02873016300274443,0.007552793313544384,5.746938775510204,4.906392772827906,3.7277409860191315,19.625571091311624,4.779469468033587,4.845003083055515,0.7467382921690737,"[""TestPeriod_Constructors"", ""PeriodType"", ""Period"", ""DateTime""]","[0.04081632653061224, 0.030927835051546393, 0.027165932452276064, 0.019867549668874173]","[5.746938775510204, 4.878497790868925, 5.272393538913363, 3.7277409860191315]"
org.joda.time.TestPeriod_Constructors.testConstructor_RI_RI_PeriodType4,0.04081632653061224,0.029694410925827218,0.019867549668874173,0.11877764370330887,0.027782123079811035,0.02873016300274443,0.007552793313544384,5.746938775510204,4.906392772827906,3.7277409860191315,19.625571091311624,4.779469468033587,4.845003083055515,0.7467382921690737,"[""TestPeriod_Constructors"", ""PeriodType"", ""Period"", ""DateTime""]","[0.04081632653061224, 0.030927835051546393, 0.027165932452276064, 0.019867549668874173]","[5.746938775510204, 4.878497790868925, 5.272393538913363, 3.7277409860191315]"
org.joda.time.TestPeriod_Constructors.testConstructor_long_long2,0.04081632653061224,0.029694410925827218,0.019867549668874173,0.11877764370330887,0.027782123079811035,0.02873016300274443,0.007552793313544384,5.746938775510204,4.906392772827906,3.7277409860191315,19.625571091311624,4.779469468033587,4.845003083055515,0.7467382921690737,"[""TestPeriod_Constructors"", ""PeriodType"", ""Period"", ""DateTime""]","[0.04081632653061224, 0.030927835051546393, 0.027165932452276064, 0.019867549668874173]","[5.746938775510204, 4.878497790868925, 5.272393538913363, 3.7277409860191315]"
org.joda.time.TestPeriod_Constructors.testConstructor_RI_RD2,0.04081632653061224,0.029694410925827218,0.019867549668874173,0.11877764370330887,0.027782123079811035,0.02873016300274443,0.007552793313544384,5.746938775510204,4.906392772827906,3.7277409860191315,19.625571091311624,4.779469468033587,4.845003083055515,0.7467382921690737,"[""TestPeriod_Constructors"", ""PeriodType"", ""Period"", ""DateTime""]","[0.04081632653061224, 0.030927835051546393, 0.027165932452276064, 0.019867549668874173]","[5.746938775510204, 4.878497790868925, 5.272393538913363, 3.7277409860191315]"
org.joda.time.TestPeriod_Constructors.testConstructor_trickyDifferences_RI_RI_toFeb_endOfMonth1,0.04081632653061224,0.029694410925827218,0.019867549668874173,0.11877764370330887,0.027782123079811035,0.02873016300274443,0.007552793313544384,5.746938775510204,4.906392772827906,3.7277409860191315,19.625571091311624,4.779469468033587,4.845003083055515,0.7467382921690737,"[""TestPeriod_Constructors"", ""PeriodType"", ""Period"", ""DateTime""]","[0.04081632653061224, 0.030927835051546393, 0.027165932452276064, 0.019867549668874173]","[5.746938775510204, 4.878497790868925, 5.272393538913363, 3.7277409860191315]"
org.joda.time.TestPeriod_Constructors.testConstructor_long_long_PeriodType_Chronology2,0.04081632653061224,0.029694410925827218,0.019867549668874173,0.11877764370330887,0.027782123079811035,0.02873016300274443,0.007552793313544384,5.746938775510204,4.906392772827906,3.7277409860191315,19.625571091311624,4.779469468033587,4.845003083055515,0.7467382921690737,"[""TestPeriod_Constructors"", ""PeriodType"", ""Period"", ""DateTime""]","[0.04081632653061224, 0.030927835051546393, 0.027165932452276064, 0.019867549668874173]","[5.746938775510204, 4.878497790868925, 5.272393538913363, 3.7277409860191315]"
org.joda.time.TestPeriod_Constructors.testConstructor_long_long_PeriodType2,0.04081632653061224,0.029694410925827218,0.019867549668874173,0.11877764370330887,0.027782123079811035,0.02873016300274443,0.007552793313544384,5.746938775510204,4.906392772827906,3.7277409860191315,19.625571091311624,4.779469468033587,4.845003083055515,0.7467382921690737,"[""TestPeriod_Constructors"", ""PeriodType"", ""Period"", ""DateTime""]","[0.04081632653061224, 0.030927835051546393, 0.027165932452276064, 0.019867549668874173]","[5.746938775510204, 4.878497790868925, 5.272393538913363, 3.7277409860191315]"
org.joda.time.TestPeriod_Constructors.testConstructor_trickyDifferences_RI_RI_toFeb_endOfMonth3,0.04081632653061224,0.029694410925827218,0.019867549668874173,0.11877764370330887,0.027782123079811035,0.02873016300274443,0.007552793313544384,5.746938775510204,4.906392772827906,3.7277409860191315,19.625571091311624,4.779469468033587,4.845003083055515,0.7467382921690737,"[""TestPeriod_Constructors"", ""PeriodType"", ""Period"", ""DateTime""]","[0.04081632653061224, 0.030927835051546393, 0.027165932452276064, 0.019867549668874173]","[5.746938775510204, 4.878497790868925, 5.272393538913363, 3.7277409860191315]"
org.joda.time.TestPeriod_Constructors.testConstructor_RI_RI3,0.04081632653061224,0.029694410925827218,0.019867549668874173,0.11877764370330887,0.027782123079811035,0.02873016300274443,0.007552793313544384,5.746938775510204,4.906392772827906,3.7277409860191315,19.625571091311624,4.779469468033587,4.845003083055515,0.7467382921690737,"[""TestPeriod_Constructors"", ""PeriodType"", ""Period"", ""DateTime""]","[0.04081632653061224, 0.030927835051546393, 0.027165932452276064, 0.019867549668874173]","[5.746938775510204, 4.878497790868925, 5.272393538913363, 3.7277409860191315]"
org.joda.time.TestPeriod_Constructors.testConstructor_long_long_PeriodType3,0.04081632653061224,0.029694410925827218,0.019867549668874173,0.11877764370330887,0.027782123079811035,0.02873016300274443,0.007552793313544384,5.746938775510204,4.906392772827906,3.7277409860191315,19.625571091311624,4.779469468033587,4.845003083055515,0.7467382921690737,"[""TestPeriod_Constructors"", ""PeriodType"", ""Period"", ""DateTime""]","[0.04081632653061224, 0.030927835051546393, 0.027165932452276064, 0.019867549668874173]","[5.746938775510204, 4.878497790868925, 5.272393538913363, 3.7277409860191315]"
org.joda.time.TestPeriod_Constructors.testConstructor_trickyDifferences_RI_RI_toFeb_standardYear,0.04081632653061224,0.029694410925827218,0.019867549668874173,0.11877764370330887,0.027782123079811035,0.02873016300274443,0.007552793313544384,5.746938775510204,4.906392772827906,3.7277409860191315,19.625571091311624,4.779469468033587,4.845003083055515,0.7467382921690737,"[""TestPeriod_Constructors"", ""PeriodType"", ""Period"", ""DateTime""]","[0.04081632653061224, 0.030927835051546393, 0.027165932452276064, 0.019867549668874173]","[5.746938775510204, 4.878497790868925, 5.272393538913363, 3.7277409860191315]"
org.joda.time.TestPeriod_Constructors.testConstructor_long_long1,0.04081632653061224,0.029694410925827218,0.019867549668874173,0.11877764370330887,0.027782123079811035,0.02873016300274443,0.007552793313544384,5.746938775510204,4.906392772827906,3.7277409860191315,19.625571091311624,4.779469468033587,4.845003083055515,0.7467382921690737,"[""TestPeriod_Constructors"", ""PeriodType"", ""Period"", ""DateTime""]","[0.04081632653061224, 0.030927835051546393, 0.027165932452276064, 0.019867549668874173]","[5.746938775510204, 4.878497790868925, 5.272393538913363, 3.7277409860191315]"
org.joda.time.TestPeriod_Constructors.testConstructor_RI_RI2,0.04081632653061224,0.029694410925827218,0.019867549668874173,0.11877764370330887,0.027782123079811035,0.02873016300274443,0.007552793313544384,5.746938775510204,4.906392772827906,3.7277409860191315,19.625571091311624,4.779469468033587,4.845003083055515,0.7467382921690737,"[""TestPeriod_Constructors"", ""PeriodType"", ""Period"", ""DateTime""]","[0.04081632653061224, 0.030927835051546393, 0.027165932452276064, 0.019867549668874173]","[5.746938775510204, 4.878497790868925, 5.272393538913363, 3.7277409860191315]"
org.joda.time.TestPeriod_Constructors.testConstructor_RI_RI_PeriodType3,0.04081632653061224,0.029694410925827218,0.019867549668874173,0.11877764370330887,0.027782123079811035,0.02873016300274443,0.007552793313544384,5.746938775510204,4.906392772827906,3.7277409860191315,19.625571091311624,4.779469468033587,4.845003083055515,0.7467382921690737,"[""TestPeriod_Constructors"", ""PeriodType"", ""Period"", ""DateTime""]","[0.04081632653061224, 0.030927835051546393, 0.027165932452276064, 0.019867549668874173]","[5.746938775510204, 4.878497790868925, 5.272393538913363, 3.7277409860191315]"
org.joda.time.TestPeriod_Constructors.testConstructor_RD_RI_PeriodType2,0.04081632653061224,0.029694410925827218,0.019867549668874173,0.11877764370330887,0.027782123079811035,0.02873016300274443,0.007552793313544384,5.746938775510204,4.906392772827906,3.7277409860191315,19.625571091311624,4.779469468033587,4.845003083055515,0.7467382921690737,"[""TestPeriod_Constructors"", ""PeriodType"", ""Period"", ""DateTime""]","[0.04081632653061224, 0.030927835051546393, 0.027165932452276064, 0.019867549668874173]","[5.746938775510204, 4.878497790868925, 5.272393538913363, 3.7277409860191315]"
org.joda.time.TestPeriod_Constructors.testConstructor_trickyDifferences_RI_RI_toMar_endOfMonth1,0.04081632653061224,0.029694410925827218,0.019867549668874173,0.11877764370330887,0.027782123079811035,0.02873016300274443,0.007552793313544384,5.746938775510204,4.906392772827906,3.7277409860191315,19.625571091311624,4.779469468033587,4.845003083055515,0.7467382921690737,"[""TestPeriod_Constructors"", ""PeriodType"", ""Period"", ""DateTime""]","[0.04081632653061224, 0.030927835051546393, 0.027165932452276064, 0.019867549668874173]","[5.746938775510204, 4.878497790868925, 5.272393538913363, 3.7277409860191315]"
org.joda.time.TestPeriod_Constructors.testConstructor_trickyDifferences_RI_RI_toFeb_leapYear,0.04081632653061224,0.029694410925827218,0.019867549668874173,0.11877764370330887,0.027782123079811035,0.02873016300274443,0.007552793313544384,5.746938775510204,4.906392772827906,3.7277409860191315,19.625571091311624,4.779469468033587,4.845003083055515,0.7467382921690737,"[""TestPeriod_Constructors"", ""PeriodType"", ""Period"", ""DateTime""]","[0.04081632653061224, 0.030927835051546393, 0.027165932452276064, 0.019867549668874173]","[5.746938775510204, 4.878497790868925, 5.272393538913363, 3.7277409860191315]"
org.joda.time.TestPeriod_Constructors.testConstructor_long_long_PeriodType1,0.04081632653061224,0.029694410925827218,0.019867549668874173,0.11877764370330887,0.027782123079811035,0.02873016300274443,0.007552793313544384,5.746938775510204,4.906392772827906,3.7277409860191315,19.625571091311624,4.779469468033587,4.845003083055515,0.7467382921690737,"[""TestPeriod_Constructors"", ""PeriodType"", ""Period"", ""DateTime""]","[0.04081632653061224, 0.030927835051546393, 0.027165932452276064, 0.019867549668874173]","[5.746938775510204, 4.878497790868925, 5.272393538913363, 3.7277409860191315]"
org.joda.time.TestPeriod_Constructors.testConstructor_RD_RI2,0.04081632653061224,0.029694410925827218,0.019867549668874173,0.11877764370330887,0.027782123079811035,0.02873016300274443,0.007552793313544384,5.746938775510204,4.906392772827906,3.7277409860191315,19.625571091311624,4.779469468033587,4.845003083055515,0.7467382921690737,"[""TestPeriod_Constructors"", ""PeriodType"", ""Period"", ""DateTime""]","[0.04081632653061224, 0.030927835051546393, 0.027165932452276064, 0.019867549668874173]","[5.746938775510204, 4.878497790868925, 5.272393538913363, 3.7277409860191315]"
org.joda.time.TestPeriod_Constructors.testConstructor_RI_RI1,0.04081632653061224,0.029694410925827218,0.019867549668874173,0.11877764370330887,0.027782123079811035,0.02873016300274443,0.007552793313544384,5.746938775510204,4.906392772827906,3.7277409860191315,19.625571091311624,4.779469468033587,4.845003083055515,0.7467382921690737,"[""TestPeriod_Constructors"", ""PeriodType"", ""Period"", ""DateTime""]","[0.04081632653061224, 0.030927835051546393, 0.027165932452276064, 0.019867549668874173]","[5.746938775510204, 4.878497790868925, 5.272393538913363, 3.7277409860191315]"
org.joda.time.TestPeriod_Constructors.testConstructor_long_long_Chronology2,0.04081632653061224,0.029694410925827218,0.019867549668874173,0.11877764370330887,0.027782123079811035,0.02873016300274443,0.007552793313544384,5.746938775510204,4.906392772827906,3.7277409860191315,19.625571091311624,4.779469468033587,4.845003083055515,0.7467382921690737,"[""TestPeriod_Constructors"", ""PeriodType"", ""Period"", ""DateTime""]","[0.04081632653061224, 0.030927835051546393, 0.027165932452276064, 0.019867549668874173]","[5.746938775510204, 4.878497790868925, 5.272393538913363, 3.7277409860191315]"
org.joda.time.TestPeriod_Constructors.testConstructor_RI_RI_PeriodType2,0.04081632653061224,0.029694410925827218,0.019867549668874173,0.11877764370330887,0.027782123079811035,0.02873016300274443,0.007552793313544384,5.746938775510204,4.906392772827906,3.7277409860191315,19.625571091311624,4.779469468033587,4.845003083055515,0.7467382921690737,"[""TestPeriod_Constructors"", ""PeriodType"", ""Period"", ""DateTime""]","[0.04081632653061224, 0.030927835051546393, 0.027165932452276064, 0.019867549668874173]","[5.746938775510204, 4.878497790868925, 5.272393538913363, 3.7277409860191315]"
org.joda.time.TestYearMonth_Constructors.testConstructor_nullDateTimeZone,0.04081632653061224,0.029658078616061807,0.021333333333333333,0.11863231446424723,0.028109777198072776,0.02885713806138901,0.007074729738303861,5.746938775510204,3.7145631791178007,1.4899806076276665,14.858252716471203,2.718515692782059,3.195049270287553,1.8574183807807927,"[""DateTimeUtils"", ""YearMonth"", ""TestYearMonth_Constructors"", ""DateTime""]","[0.04081632653061224, 0.029333333333333333, 0.027149321266968326, 0.021333333333333333]","[5.746938775510204, 5.344, 1.4899806076276665, 2.2773333333333334]"
org.joda.time.TestYearMonth_Constructors.testConstructor_DateTimeZone,0.04081632653061224,0.029658078616061807,0.021333333333333333,0.11863231446424723,0.028109777198072776,0.02885713806138901,0.007074729738303861,5.746938775510204,3.7145631791178007,1.4899806076276665,14.858252716471203,2.718515692782059,3.195049270287553,1.8574183807807927,"[""DateTimeUtils"", ""YearMonth"", ""TestYearMonth_Constructors"", ""DateTime""]","[0.04081632653061224, 0.029333333333333333, 0.027149321266968326, 0.021333333333333333]","[5.746938775510204, 5.344, 1.4899806076276665, 2.2773333333333334]"
org.joda.time.TestLocalDate_Basics.testWithFieldAdded_DurationFieldType_int_5,0.06765899864682003,0.03954298857364456,0.012718600953895072,0.11862896572093368,0.025094552689598308,0.0320482229036875,0.022447910683563017,9.71853856562923,5.775112340905661,1.1764705882352942,17.325337022716983,2.7065816612808726,4.189270317743282,3.5179266501403617,"[""TestLocalDate_Basics"", ""DurationFieldType"", ""LocalDate""]","[0.06765899864682003, 0.03825136612021858, 0.012718600953895072]","[9.71853856562923, 6.430327868852459, 1.1764705882352942]"
org.joda.time.TestLocalDate_Basics.testIsSupported_DurationFieldType,0.06765899864682003,0.03954298857364456,0.012718600953895072,0.11862896572093368,0.025094552689598308,0.0320482229036875,0.022447910683563017,9.71853856562923,5.775112340905661,1.1764705882352942,17.325337022716983,2.7065816612808726,4.189270317743282,3.5179266501403617,"[""TestLocalDate_Basics"", ""DurationFieldType"", ""LocalDate""]","[0.06765899864682003, 0.03825136612021858, 0.012718600953895072]","[9.71853856562923, 6.430327868852459, 1.1764705882352942]"
org.joda.time.TestLocalDate_Basics.testWithFieldAdded_DurationFieldType_int_1,0.06765899864682003,0.03954298857364456,0.012718600953895072,0.11862896572093368,0.025094552689598308,0.0320482229036875,0.022447910683563017,9.71853856562923,5.775112340905661,1.1764705882352942,17.325337022716983,2.7065816612808726,4.189270317743282,3.5179266501403617,"[""TestLocalDate_Basics"", ""DurationFieldType"", ""LocalDate""]","[0.06765899864682003, 0.03825136612021858, 0.012718600953895072]","[9.71853856562923, 6.430327868852459, 1.1764705882352942]"
org.joda.time.TestLocalDate_Basics.testWithFieldAdded_DurationFieldType_int_4,0.06765899864682003,0.03954298857364456,0.012718600953895072,0.11862896572093368,0.025094552689598308,0.0320482229036875,0.022447910683563017,9.71853856562923,5.775112340905661,1.1764705882352942,17.325337022716983,2.7065816612808726,4.189270317743282,3.5179266501403617,"[""TestLocalDate_Basics"", ""DurationFieldType"", ""LocalDate""]","[0.06765899864682003, 0.03825136612021858, 0.012718600953895072]","[9.71853856562923, 6.430327868852459, 1.1764705882352942]"
org.joda.time.TestMutableDateTime_Constructors.testParse_formatter,0.03498542274052478,0.023648450407484294,0.012702893436838392,0.11824225203742147,0.02050559838332674,0.022083710649511763,0.008242916804278555,4.066472303206997,2.3538385823126506,0.7008746355685131,11.769192911563254,1.6485459096415018,2.01707360937527,1.1383027466256221,"[""DateTimeFormatter"", ""DateTimeFormat"", ""TestMutableDateTime_Constructors"", ""MutableDateTime"", ""ISOChronology""]","[0.03498542274052478, 0.027988338192419825, 0.026822157434402333, 0.01574344023323615, 0.012702893436838392]","[4.066472303206997, 2.8956268221574346, 2.464723032069971, 0.7008746355685131, 1.6414961185603387]"
org.joda.time.TestInstant_Basics.testEqualsHashCode,0.04081632653061224,0.02360054337032594,0.01574344023323615,0.1180027168516297,0.021012153067437353,0.022143904846232805,0.009158489715439628,5.746938775510204,2.242398614564549,0.7008746355685131,11.211993072822747,1.3541819037091878,1.6952305974052728,1.8184991810063231,"[""AbstractInstant"", ""Instant"", ""TestInstant_Basics$MockInstant"", ""ISOChronology"", ""DateTime"", ""TestInstant_Basics""]","[0.04081632653061224, 0.02507288629737609, 0.018658892128279883, 0.017711171662125342, 0.01574344023323615]","[5.746938775510204, 1.8431486880466472, 0.963265306122449, 1.957765667574932, 0.7008746355685131]"
org.joda.time.format.TestDateTimeFormatter.testPrint_appendableMethods,0.04081632653061224,0.029483846857714404,0.0239067055393586,0.11793538743085762,0.028267605494325786,0.02882853019275742,0.0066367321611887015,5.746938775510204,4.201184866029353,2.464723032069971,16.80473946411741,3.774265280708988,3.99034435847347,1.27912748654856,"[""TestDateTimeFormatter"", ""StringBuilder"", ""DateTimeFormatter"", ""ISODateTimeFormat"", ""DateTime""]","[0.04081632653061224, 0.026822157434402333, 0.02639019792648445, 0.0239067055393586]","[5.746938775510204, 2.464723032069971, 3.5475966069745524, 5.0454810495626825]"
org.joda.time.format.TestDateTimeFormatter.testPrint_bufferMethods,0.04081632653061224,0.029483846857714404,0.0239067055393586,0.11793538743085762,0.028267605494325786,0.02882853019275742,0.0066367321611887015,5.746938775510204,4.201184866029353,2.464723032069971,16.80473946411741,3.774265280708988,3.99034435847347,1.27912748654856,"[""TestDateTimeFormatter"", ""DateTimeFormatter"", ""ISODateTimeFormat"", ""DateTime"", ""StringBuffer""]","[0.04081632653061224, 0.026822157434402333, 0.02639019792648445, 0.0239067055393586]","[5.746938775510204, 2.464723032069971, 3.5475966069745524, 5.0454810495626825]"
org.joda.time.chrono.TestLenientChronology.test_isoChrononolgy_Chicago,0.04081632653061224,0.029410886841025254,0.01574344023323615,0.11764354736410101,0.025495193689530984,0.02747586398159939,0.010139859056666319,5.746938775510204,2.825003864172987,0.7008746355685131,11.300015456691948,1.5575959658583978,2.1201544547603284,1.9433853464677444,"[""TestLenientChronology"", ""DateTime"", ""DateTimeZone"", ""ISOChronology""]","[0.04081632653061224, 0.037317784256559766, 0.02376599634369287, 0.01574344023323615]","[5.746938775510204, 3.358600583090379, 1.493601462522852, 0.7008746355685131]"
org.joda.time.TestLocalDateTime_Properties.testPropertyCompareToHour,0.058186738836265225,0.0391650805845969,0.01849217638691323,0.1174952417537907,0.03132734931769145,0.035281630989483045,0.01624724657476974,11.043301759133964,7.820549594999929,5.746938775510204,23.461648784999788,7.238479169857313,7.509038698909435,2.309871509565441,"[""LocalDateTime$Property"", ""LocalDateTime"", ""TestLocalDateTime_Properties"", ""DateTime""]","[0.058186738836265225, 0.04081632653061224, 0.01849217638691323]","[11.043301759133964, 5.746938775510204, 6.6714082503556185]"
org.joda.time.TestLocalDateTime_Properties.testPropertyCompareToMilli,0.058186738836265225,0.0391650805845969,0.01849217638691323,0.1174952417537907,0.03132734931769145,0.035281630989483045,0.01624724657476974,11.043301759133964,7.820549594999929,5.746938775510204,23.461648784999788,7.238479169857313,7.509038698909435,2.309871509565441,"[""LocalDateTime$Property"", ""LocalDateTime"", ""TestLocalDateTime_Properties"", ""DateTime""]","[0.058186738836265225, 0.04081632653061224, 0.01849217638691323]","[11.043301759133964, 5.746938775510204, 6.6714082503556185]"
org.joda.time.TestLocalDateTime_Properties.testPropertyCompareToSecond,0.058186738836265225,0.0391650805845969,0.01849217638691323,0.1174952417537907,0.03132734931769145,0.035281630989483045,0.01624724657476974,11.043301759133964,7.820549594999929,5.746938775510204,23.461648784999788,7.238479169857313,7.509038698909435,2.309871509565441,"[""LocalDateTime$Property"", ""LocalDateTime"", ""TestLocalDateTime_Properties"", ""DateTime""]","[0.058186738836265225, 0.04081632653061224, 0.01849217638691323]","[11.043301759133964, 5.746938775510204, 6.6714082503556185]"
org.joda.time.TestLocalDateTime_Properties.testPropertyCompareToDay,0.058186738836265225,0.0391650805845969,0.01849217638691323,0.1174952417537907,0.03132734931769145,0.035281630989483045,0.01624724657476974,11.043301759133964,7.820549594999929,5.746938775510204,23.461648784999788,7.238479169857313,7.509038698909435,2.309871509565441,"[""LocalDateTime$Property"", ""LocalDateTime"", ""TestLocalDateTime_Properties"", ""DateTime""]","[0.058186738836265225, 0.04081632653061224, 0.01849217638691323]","[11.043301759133964, 5.746938775510204, 6.6714082503556185]"
org.joda.time.TestLocalDateTime_Properties.testPropertyCompareToMonth,0.058186738836265225,0.0391650805845969,0.01849217638691323,0.1174952417537907,0.03132734931769145,0.035281630989483045,0.01624724657476974,11.043301759133964,7.820549594999929,5.746938775510204,23.461648784999788,7.238479169857313,7.509038698909435,2.309871509565441,"[""LocalDateTime$Property"", ""LocalDateTime"", ""TestLocalDateTime_Properties"", ""DateTime""]","[0.058186738836265225, 0.04081632653061224, 0.01849217638691323]","[11.043301759133964, 5.746938775510204, 6.6714082503556185]"
org.joda.time.TestLocalDateTime_Properties.testPropertyCompareToYear,0.058186738836265225,0.0391650805845969,0.01849217638691323,0.1174952417537907,0.03132734931769145,0.035281630989483045,0.01624724657476974,11.043301759133964,7.820549594999929,5.746938775510204,23.461648784999788,7.238479169857313,7.509038698909435,2.309871509565441,"[""LocalDateTime$Property"", ""LocalDateTime"", ""TestLocalDateTime_Properties"", ""DateTime""]","[0.058186738836265225, 0.04081632653061224, 0.01849217638691323]","[11.043301759133964, 5.746938775510204, 6.6714082503556185]"
org.joda.time.TestLocalDateTime_Properties.testPropertyCompareToMinute,0.058186738836265225,0.0391650805845969,0.01849217638691323,0.1174952417537907,0.03132734931769145,0.035281630989483045,0.01624724657476974,11.043301759133964,7.820549594999929,5.746938775510204,23.461648784999788,7.238479169857313,7.509038698909435,2.309871509565441,"[""LocalDateTime$Property"", ""LocalDateTime"", ""TestLocalDateTime_Properties"", ""DateTime""]","[0.058186738836265225, 0.04081632653061224, 0.01849217638691323]","[11.043301759133964, 5.746938775510204, 6.6714082503556185]"
org.joda.time.TestLocalDateTime_Basics.testPlus_RP,0.058186738836265225,0.039161122738017584,0.028368794326241134,0.11748336821405275,0.035390137399693655,0.03709694436898213,0.013493645993500485,11.043301759133964,7.251001741253918,4.878497790868925,21.753005223761754,6.423640617098561,6.797999640885825,2.7096208402332977,"[""LocalDateTime"", ""Period"", ""TestLocalDateTime_Basics""]","[0.058186738836265225, 0.030927835051546393, 0.028368794326241134]","[11.043301759133964, 4.878497790868925, 5.831205673758865]"
org.joda.time.TestLocalDateTime_Basics.testMinus_RP,0.058186738836265225,0.039161122738017584,0.028368794326241134,0.11748336821405275,0.035390137399693655,0.03709694436898213,0.013493645993500485,11.043301759133964,7.251001741253918,4.878497790868925,21.753005223761754,6.423640617098561,6.797999640885825,2.7096208402332977,"[""LocalDateTime"", ""Period"", ""TestLocalDateTime_Basics""]","[0.058186738836265225, 0.030927835051546393, 0.028368794326241134]","[11.043301759133964, 4.878497790868925, 5.831205673758865]"
org.joda.time.TestMutableDateTime_Sets.testSetTime_Object3,0.04081632653061224,0.023494375725330717,0.007623007623007623,0.11747187862665358,0.01655605664832558,0.019934318598104524,0.012401549554253722,5.746938775510204,2.780811288010191,0.16493416493416493,13.904056440050956,0.6664192780991856,1.715024288744253,1.9307343322939259,"[""BaseChronology"", ""MockNullZoneChronology"", ""DateTime"", ""TestMutableDateTime_Sets"", ""MutableDateTime""]","[0.04081632653061224, 0.03498542274052478, 0.017815646785437646, 0.016231474947071278, 0.007623007623007623]","[5.746938775510204, 4.066472303206997, 2.021688613477924, 1.9040225829216655, 0.16493416493416493]"
org.joda.time.TestLocalTime_Constructors.testConstructor_ObjectString1NewYork,0.05013550135501355,0.0391148633197998,0.029891304347826088,0.11734458995939939,0.03740771218120222,0.03824153879364174,0.00836177804003057,7.333333333333333,5.143688117068773,3.358600583090379,15.43106435120632,4.650327417191788,4.8871178925039125,1.6477004779765132,"[""TestLocalTime_Constructors"", ""DateTimeZone"", ""LocalTime""]","[0.05013550135501355, 0.037317784256559766, 0.029891304347826088]","[7.333333333333333, 3.358600583090379, 4.739130434782608]"
org.joda.time.TestLocalTime_Constructors.testConstructor_ObjectString1Tokyo,0.05013550135501355,0.0391148633197998,0.029891304347826088,0.11734458995939939,0.03740771218120222,0.03824153879364174,0.00836177804003057,7.333333333333333,5.143688117068773,3.358600583090379,15.43106435120632,4.650327417191788,4.8871178925039125,1.6477004779765132,"[""TestLocalTime_Constructors"", ""DateTimeZone"", ""LocalTime""]","[0.05013550135501355, 0.037317784256559766, 0.029891304347826088]","[7.333333333333333, 3.358600583090379, 4.739130434782608]"
org.joda.time.format.TestDateTimeFormat.testFormatParse_textMonthJanShort_UK,0.04081632653061224,0.029300291545189504,0.021574344023323616,0.11720116618075802,0.02780420592387911,0.02851416011149159,0.007074102366501998,5.746938775510204,3.691836734693877,2.464723032069971,14.767346938775509,3.338065480090166,3.5003286464799093,1.261369546415051,"[""TestDateTimeFormat"", ""DateTime"", ""DateTimeFormatter"", ""DateTimeFormat""]","[0.04081632653061224, 0.027988338192419825, 0.026822157434402333, 0.021574344023323616]","[5.746938775510204, 2.8956268221574346, 2.464723032069971, 3.660058309037901]"
org.joda.time.format.TestDateTimeFormat.testFormat_centuryOfEra,0.04081632653061224,0.029300291545189504,0.021574344023323616,0.11720116618075802,0.02780420592387911,0.02851416011149159,0.007074102366501998,5.746938775510204,3.691836734693877,2.464723032069971,14.767346938775509,3.338065480090166,3.5003286464799093,1.261369546415051,"[""TestDateTimeFormat"", ""DateTimeFormatter"", ""DateTimeFormat"", ""DateTime""]","[0.04081632653061224, 0.027988338192419825, 0.026822157434402333, 0.021574344023323616]","[5.746938775510204, 2.8956268221574346, 2.464723032069971, 3.660058309037901]"
org.joda.time.format.TestDateTimeFormat.testParse_textMonthJanLong_UK,0.04081632653061224,0.029300291545189504,0.021574344023323616,0.11720116618075802,0.02780420592387911,0.02851416011149159,0.007074102366501998,5.746938775510204,3.691836734693877,2.464723032069971,14.767346938775509,3.338065480090166,3.5003286464799093,1.261369546415051,"[""DateTime"", ""TestDateTimeFormat"", ""DateTimeFormatter"", ""DateTimeFormat""]","[0.04081632653061224, 0.027988338192419825, 0.026822157434402333, 0.021574344023323616]","[5.746938775510204, 2.8956268221574346, 2.464723032069971, 3.660058309037901]"
org.joda.time.format.TestDateTimeFormat.testFormatParse_textMonthJanLong_France,0.04081632653061224,0.029300291545189504,0.021574344023323616,0.11720116618075802,0.02780420592387911,0.02851416011149159,0.007074102366501998,5.746938775510204,3.691836734693877,2.464723032069971,14.767346938775509,3.338065480090166,3.5003286464799093,1.261369546415051,"[""DateTime"", ""TestDateTimeFormat"", ""DateTimeFormatter"", ""DateTimeFormat""]","[0.04081632653061224, 0.027988338192419825, 0.026822157434402333, 0.021574344023323616]","[5.746938775510204, 2.8956268221574346, 2.464723032069971, 3.660058309037901]"
org.joda.time.format.TestDateTimeFormat.testFormat_weekOfWeekyear,0.04081632653061224,0.029300291545189504,0.021574344023323616,0.11720116618075802,0.02780420592387911,0.02851416011149159,0.007074102366501998,5.746938775510204,3.691836734693877,2.464723032069971,14.767346938775509,3.338065480090166,3.5003286464799093,1.261369546415051,"[""TestDateTimeFormat"", ""DateTimeFormatter"", ""DateTimeFormat"", ""DateTime""]","[0.04081632653061224, 0.027988338192419825, 0.026822157434402333, 0.021574344023323616]","[5.746938775510204, 2.8956268221574346, 2.464723032069971, 3.660058309037901]"
org.joda.time.format.TestDateTimeFormat.testFormat_monthOfYear,0.04081632653061224,0.029300291545189504,0.021574344023323616,0.11720116618075802,0.02780420592387911,0.02851416011149159,0.007074102366501998,5.746938775510204,3.691836734693877,2.464723032069971,14.767346938775509,3.338065480090166,3.5003286464799093,1.261369546415051,"[""TestDateTimeFormat"", ""DateTimeFormatter"", ""DateTimeFormat"", ""DateTime""]","[0.04081632653061224, 0.027988338192419825, 0.026822157434402333, 0.021574344023323616]","[5.746938775510204, 2.8956268221574346, 2.464723032069971, 3.660058309037901]"
org.joda.time.format.TestDateTimeFormat.testFormatParse_zoneId_noColon_parseZ,0.04081632653061224,0.029300291545189504,0.021574344023323616,0.11720116618075802,0.02780420592387911,0.02851416011149159,0.007074102366501998,5.746938775510204,3.691836734693877,2.464723032069971,14.767346938775509,3.338065480090166,3.5003286464799093,1.261369546415051,"[""DateTime"", ""DateTimeFormatter"", ""DateTimeFormat"", ""TestDateTimeFormat""]","[0.04081632653061224, 0.027988338192419825, 0.026822157434402333, 0.021574344023323616]","[5.746938775510204, 2.8956268221574346, 2.464723032069971, 3.660058309037901]"
org.joda.time.format.TestDateTimeFormat.testFormat_dayOfWeekShortText,0.04081632653061224,0.029300291545189504,0.021574344023323616,0.11720116618075802,0.02780420592387911,0.02851416011149159,0.007074102366501998,5.746938775510204,3.691836734693877,2.464723032069971,14.767346938775509,3.338065480090166,3.5003286464799093,1.261369546415051,"[""TestDateTimeFormat"", ""DateTimeFormatter"", ""DateTimeFormat"", ""DateTime""]","[0.04081632653061224, 0.027988338192419825, 0.026822157434402333, 0.021574344023323616]","[5.746938775510204, 2.8956268221574346, 2.464723032069971, 3.660058309037901]"
org.joda.time.format.TestDateTimeFormat.testFormatParse_textMonthJanShort_France,0.04081632653061224,0.029300291545189504,0.021574344023323616,0.11720116618075802,0.02780420592387911,0.02851416011149159,0.007074102366501998,5.746938775510204,3.691836734693877,2.464723032069971,14.767346938775509,3.338065480090166,3.5003286464799093,1.261369546415051,"[""TestDateTimeFormat"", ""DateTime"", ""DateTimeFormatter"", ""DateTimeFormat""]","[0.04081632653061224, 0.027988338192419825, 0.026822157434402333, 0.021574344023323616]","[5.746938775510204, 2.8956268221574346, 2.464723032069971, 3.660058309037901]"
org.joda.time.format.TestDateTimeFormat.testFormat_zoneAmountColon,0.04081632653061224,0.029300291545189504,0.021574344023323616,0.11720116618075802,0.02780420592387911,0.02851416011149159,0.007074102366501998,5.746938775510204,3.691836734693877,2.464723032069971,14.767346938775509,3.338065480090166,3.5003286464799093,1.261369546415051,"[""TestDateTimeFormat"", ""DateTimeFormatter"", ""DateTimeFormat"", ""DateTime""]","[0.04081632653061224, 0.027988338192419825, 0.026822157434402333, 0.021574344023323616]","[5.746938775510204, 2.8956268221574346, 2.464723032069971, 3.660058309037901]"
org.joda.time.format.TestDateTimeFormat.testFormatParse_textMonthJanLongUpperCase_UK,0.04081632653061224,0.029300291545189504,0.021574344023323616,0.11720116618075802,0.02780420592387911,0.02851416011149159,0.007074102366501998,5.746938775510204,3.691836734693877,2.464723032069971,14.767346938775509,3.338065480090166,3.5003286464799093,1.261369546415051,"[""DateTime"", ""TestDateTimeFormat"", ""DateTimeFormatter"", ""DateTimeFormat""]","[0.04081632653061224, 0.027988338192419825, 0.026822157434402333, 0.021574344023323616]","[5.746938775510204, 2.8956268221574346, 2.464723032069971, 3.660058309037901]"
org.joda.time.format.TestDateTimeFormat.testFormat_dayOfYearText,0.04081632653061224,0.029300291545189504,0.021574344023323616,0.11720116618075802,0.02780420592387911,0.02851416011149159,0.007074102366501998,5.746938775510204,3.691836734693877,2.464723032069971,14.767346938775509,3.338065480090166,3.5003286464799093,1.261369546415051,"[""TestDateTimeFormat"", ""DateTimeFormatter"", ""DateTimeFormat"", ""DateTime""]","[0.04081632653061224, 0.027988338192419825, 0.026822157434402333, 0.021574344023323616]","[5.746938775510204, 2.8956268221574346, 2.464723032069971, 3.660058309037901]"
org.joda.time.format.TestDateTimeFormat.testFormat_dayOfWeekText,0.04081632653061224,0.029300291545189504,0.021574344023323616,0.11720116618075802,0.02780420592387911,0.02851416011149159,0.007074102366501998,5.746938775510204,3.691836734693877,2.464723032069971,14.767346938775509,3.338065480090166,3.5003286464799093,1.261369546415051,"[""TestDateTimeFormat"", ""DateTimeFormatter"", ""DateTimeFormat"", ""DateTime""]","[0.04081632653061224, 0.027988338192419825, 0.026822157434402333, 0.021574344023323616]","[5.746938775510204, 2.8956268221574346, 2.464723032069971, 3.660058309037901]"
org.joda.time.format.TestDateTimeFormat.testFormat_zoneAmountID,0.04081632653061224,0.029300291545189504,0.021574344023323616,0.11720116618075802,0.02780420592387911,0.02851416011149159,0.007074102366501998,5.746938775510204,3.691836734693877,2.464723032069971,14.767346938775509,3.338065480090166,3.5003286464799093,1.261369546415051,"[""TestDateTimeFormat"", ""DateTimeFormatter"", ""DateTimeFormat"", ""DateTime""]","[0.04081632653061224, 0.027988338192419825, 0.026822157434402333, 0.021574344023323616]","[5.746938775510204, 2.8956268221574346, 2.464723032069971, 3.660058309037901]"
org.joda.time.format.TestDateTimeFormat.testFormat_year_long,0.04081632653061224,0.029300291545189504,0.021574344023323616,0.11720116618075802,0.02780420592387911,0.02851416011149159,0.007074102366501998,5.746938775510204,3.691836734693877,2.464723032069971,14.767346938775509,3.338065480090166,3.5003286464799093,1.261369546415051,"[""TestDateTimeFormat"", ""DateTimeFormatter"", ""DateTimeFormat"", ""DateTime""]","[0.04081632653061224, 0.027988338192419825, 0.026822157434402333, 0.021574344023323616]","[5.746938775510204, 2.8956268221574346, 2.464723032069971, 3.660058309037901]"
org.joda.time.format.TestDateTimeFormat.testFormat_monthOfYearText,0.04081632653061224,0.029300291545189504,0.021574344023323616,0.11720116618075802,0.02780420592387911,0.02851416011149159,0.007074102366501998,5.746938775510204,3.691836734693877,2.464723032069971,14.767346938775509,3.338065480090166,3.5003286464799093,1.261369546415051,"[""TestDateTimeFormat"", ""DateTimeFormatter"", ""DateTimeFormat"", ""DateTime""]","[0.04081632653061224, 0.027988338192419825, 0.026822157434402333, 0.021574344023323616]","[5.746938775510204, 2.8956268221574346, 2.464723032069971, 3.660058309037901]"
org.joda.time.format.TestDateTimeFormat.testFormat_shortBasicParse,0.04081632653061224,0.029300291545189504,0.021574344023323616,0.11720116618075802,0.02780420592387911,0.02851416011149159,0.007074102366501998,5.746938775510204,3.691836734693877,2.464723032069971,14.767346938775509,3.338065480090166,3.5003286464799093,1.261369546415051,"[""TestDateTimeFormat"", ""DateTimeFormatter"", ""DateTimeFormat"", ""DateTime""]","[0.04081632653061224, 0.027988338192419825, 0.026822157434402333, 0.021574344023323616]","[5.746938775510204, 2.8956268221574346, 2.464723032069971, 3.660058309037901]"
org.joda.time.format.TestDateTimeFormat.testFormat_era,0.04081632653061224,0.029300291545189504,0.021574344023323616,0.11720116618075802,0.02780420592387911,0.02851416011149159,0.007074102366501998,5.746938775510204,3.691836734693877,2.464723032069971,14.767346938775509,3.338065480090166,3.5003286464799093,1.261369546415051,"[""TestDateTimeFormat"", ""DateTimeFormatter"", ""DateTimeFormat"", ""DateTime""]","[0.04081632653061224, 0.027988338192419825, 0.026822157434402333, 0.021574344023323616]","[5.746938775510204, 2.8956268221574346, 2.464723032069971, 3.660058309037901]"
org.joda.time.format.TestDateTimeFormat.testFormatParse_textMonthJanShortUpperCase_UK,0.04081632653061224,0.029300291545189504,0.021574344023323616,0.11720116618075802,0.02780420592387911,0.02851416011149159,0.007074102366501998,5.746938775510204,3.691836734693877,2.464723032069971,14.767346938775509,3.338065480090166,3.5003286464799093,1.261369546415051,"[""DateTime"", ""TestDateTimeFormat"", ""DateTimeFormatter"", ""DateTimeFormat""]","[0.04081632653061224, 0.027988338192419825, 0.026822157434402333, 0.021574344023323616]","[5.746938775510204, 2.8956268221574346, 2.464723032069971, 3.660058309037901]"
org.joda.time.format.TestDateTimeFormat.testFormat_clockhourOfDay,0.04081632653061224,0.029300291545189504,0.021574344023323616,0.11720116618075802,0.02780420592387911,0.02851416011149159,0.007074102366501998,5.746938775510204,3.691836734693877,2.464723032069971,14.767346938775509,3.338065480090166,3.5003286464799093,1.261369546415051,"[""TestDateTimeFormat"", ""DateTimeFormatter"", ""DateTimeFormat"", ""DateTime""]","[0.04081632653061224, 0.027988338192419825, 0.026822157434402333, 0.021574344023323616]","[5.746938775510204, 2.8956268221574346, 2.464723032069971, 3.660058309037901]"
org.joda.time.format.TestDateTimeFormat.testFormat_zoneAmount,0.04081632653061224,0.029300291545189504,0.021574344023323616,0.11720116618075802,0.02780420592387911,0.02851416011149159,0.007074102366501998,5.746938775510204,3.691836734693877,2.464723032069971,14.767346938775509,3.338065480090166,3.5003286464799093,1.261369546415051,"[""TestDateTimeFormat"", ""DateTimeFormatter"", ""DateTimeFormat"", ""DateTime""]","[0.04081632653061224, 0.027988338192419825, 0.026822157434402333, 0.021574344023323616]","[5.746938775510204, 2.8956268221574346, 2.464723032069971, 3.660058309037901]"
org.joda.time.format.TestDateTimeFormat.testFormat_other,0.04081632653061224,0.029300291545189504,0.021574344023323616,0.11720116618075802,0.02780420592387911,0.02851416011149159,0.007074102366501998,5.746938775510204,3.691836734693877,2.464723032069971,14.767346938775509,3.338065480090166,3.5003286464799093,1.261369546415051,"[""TestDateTimeFormat"", ""DateTimeFormatter"", ""DateTimeFormat"", ""DateTime""]","[0.04081632653061224, 0.027988338192419825, 0.026822157434402333, 0.021574344023323616]","[5.746938775510204, 2.8956268221574346, 2.464723032069971, 3.660058309037901]"
org.joda.time.format.TestDateTimeFormat.testFormat_yearOfEra,0.04081632653061224,0.029300291545189504,0.021574344023323616,0.11720116618075802,0.02780420592387911,0.02851416011149159,0.007074102366501998,5.746938775510204,3.691836734693877,2.464723032069971,14.767346938775509,3.338065480090166,3.5003286464799093,1.261369546415051,"[""TestDateTimeFormat"", ""DateTimeFormatter"", ""DateTimeFormat"", ""DateTime""]","[0.04081632653061224, 0.027988338192419825, 0.026822157434402333, 0.021574344023323616]","[5.746938775510204, 2.8956268221574346, 2.464723032069971, 3.660058309037901]"
org.joda.time.format.TestDateTimeFormat.testFormatParse_textMonthJanLongLowerCase_UK,0.04081632653061224,0.029300291545189504,0.021574344023323616,0.11720116618075802,0.02780420592387911,0.02851416011149159,0.007074102366501998,5.746938775510204,3.691836734693877,2.464723032069971,14.767346938775509,3.338065480090166,3.5003286464799093,1.261369546415051,"[""DateTime"", ""TestDateTimeFormat"", ""DateTimeFormatter"", ""DateTimeFormat""]","[0.04081632653061224, 0.027988338192419825, 0.026822157434402333, 0.021574344023323616]","[5.746938775510204, 2.8956268221574346, 2.464723032069971, 3.660058309037901]"
org.joda.time.format.TestDateTimeFormat.testFormat_halfdayOfDay,0.04081632653061224,0.029300291545189504,0.021574344023323616,0.11720116618075802,0.02780420592387911,0.02851416011149159,0.007074102366501998,5.746938775510204,3.691836734693877,2.464723032069971,14.767346938775509,3.338065480090166,3.5003286464799093,1.261369546415051,"[""TestDateTimeFormat"", ""DateTimeFormatter"", ""DateTimeFormat"", ""DateTime""]","[0.04081632653061224, 0.027988338192419825, 0.026822157434402333, 0.021574344023323616]","[5.746938775510204, 2.8956268221574346, 2.464723032069971, 3.660058309037901]"
org.joda.time.format.TestDateTimeFormat.testFormatParse_zoneId_colon,0.04081632653061224,0.029300291545189504,0.021574344023323616,0.11720116618075802,0.02780420592387911,0.02851416011149159,0.007074102366501998,5.746938775510204,3.691836734693877,2.464723032069971,14.767346938775509,3.338065480090166,3.5003286464799093,1.261369546415051,"[""DateTime"", ""DateTimeFormatter"", ""DateTimeFormat"", ""TestDateTimeFormat""]","[0.04081632653061224, 0.027988338192419825, 0.026822157434402333, 0.021574344023323616]","[5.746938775510204, 2.8956268221574346, 2.464723032069971, 3.660058309037901]"
org.joda.time.format.TestDateTimeFormat.testFormat_hourOfDay,0.04081632653061224,0.029300291545189504,0.021574344023323616,0.11720116618075802,0.02780420592387911,0.02851416011149159,0.007074102366501998,5.746938775510204,3.691836734693877,2.464723032069971,14.767346938775509,3.338065480090166,3.5003286464799093,1.261369546415051,"[""TestDateTimeFormat"", ""DateTimeFormatter"", ""DateTimeFormat"", ""DateTime""]","[0.04081632653061224, 0.027988338192419825, 0.026822157434402333, 0.021574344023323616]","[5.746938775510204, 2.8956268221574346, 2.464723032069971, 3.660058309037901]"
org.joda.time.format.TestDateTimeFormat.testParse_pivotYear,0.04081632653061224,0.029300291545189504,0.021574344023323616,0.11720116618075802,0.02780420592387911,0.02851416011149159,0.007074102366501998,5.746938775510204,3.691836734693877,2.464723032069971,14.767346938775509,3.338065480090166,3.5003286464799093,1.261369546415051,"[""DateTime"", ""DateTimeFormatter"", ""DateTimeFormat"", ""TestDateTimeFormat""]","[0.04081632653061224, 0.027988338192419825, 0.026822157434402333, 0.021574344023323616]","[5.746938775510204, 2.8956268221574346, 2.464723032069971, 3.660058309037901]"
org.joda.time.format.TestDateTimeFormat.testFormat_monthOfYearShortText,0.04081632653061224,0.029300291545189504,0.021574344023323616,0.11720116618075802,0.02780420592387911,0.02851416011149159,0.007074102366501998,5.746938775510204,3.691836734693877,2.464723032069971,14.767346938775509,3.338065480090166,3.5003286464799093,1.261369546415051,"[""TestDateTimeFormat"", ""DateTimeFormatter"", ""DateTimeFormat"", ""DateTime""]","[0.04081632653061224, 0.027988338192419825, 0.026822157434402333, 0.021574344023323616]","[5.746938775510204, 2.8956268221574346, 2.464723032069971, 3.660058309037901]"
org.joda.time.format.TestDateTimeFormat.testFormat_dayOfMonth,0.04081632653061224,0.029300291545189504,0.021574344023323616,0.11720116618075802,0.02780420592387911,0.02851416011149159,0.007074102366501998,5.746938775510204,3.691836734693877,2.464723032069971,14.767346938775509,3.338065480090166,3.5003286464799093,1.261369546415051,"[""TestDateTimeFormat"", ""DateTimeFormatter"", ""DateTimeFormat"", ""DateTime""]","[0.04081632653061224, 0.027988338192419825, 0.026822157434402333, 0.021574344023323616]","[5.746938775510204, 2.8956268221574346, 2.464723032069971, 3.660058309037901]"
org.joda.time.format.TestDateTimeFormat.testFormat_dayOfWeek,0.04081632653061224,0.029300291545189504,0.021574344023323616,0.11720116618075802,0.02780420592387911,0.02851416011149159,0.007074102366501998,5.746938775510204,3.691836734693877,2.464723032069971,14.767346938775509,3.338065480090166,3.5003286464799093,1.261369546415051,"[""TestDateTimeFormat"", ""DateTimeFormatter"", ""DateTimeFormat"", ""DateTime""]","[0.04081632653061224, 0.027988338192419825, 0.026822157434402333, 0.021574344023323616]","[5.746938775510204, 2.8956268221574346, 2.464723032069971, 3.660058309037901]"
org.joda.time.format.TestDateTimeFormat.testFormat_weekyear,0.04081632653061224,0.029300291545189504,0.021574344023323616,0.11720116618075802,0.02780420592387911,0.02851416011149159,0.007074102366501998,5.746938775510204,3.691836734693877,2.464723032069971,14.767346938775509,3.338065480090166,3.5003286464799093,1.261369546415051,"[""TestDateTimeFormat"", ""DateTimeFormatter"", ""DateTimeFormat"", ""DateTime""]","[0.04081632653061224, 0.027988338192419825, 0.026822157434402333, 0.021574344023323616]","[5.746938775510204, 2.8956268221574346, 2.464723032069971, 3.660058309037901]"
org.joda.time.format.TestDateTimeFormat.testFormat_hourOfHalfday,0.04081632653061224,0.029300291545189504,0.021574344023323616,0.11720116618075802,0.02780420592387911,0.02851416011149159,0.007074102366501998,5.746938775510204,3.691836734693877,2.464723032069971,14.767346938775509,3.338065480090166,3.5003286464799093,1.261369546415051,"[""TestDateTimeFormat"", ""DateTimeFormatter"", ""DateTimeFormat"", ""DateTime""]","[0.04081632653061224, 0.027988338192419825, 0.026822157434402333, 0.021574344023323616]","[5.746938775510204, 2.8956268221574346, 2.464723032069971, 3.660058309037901]"
org.joda.time.format.TestDateTimeFormat.testFormatParse_textMonthAtEnd_France_withSpecifiedDefault,0.04081632653061224,0.029300291545189504,0.021574344023323616,0.11720116618075802,0.02780420592387911,0.02851416011149159,0.007074102366501998,5.746938775510204,3.691836734693877,2.464723032069971,14.767346938775509,3.338065480090166,3.5003286464799093,1.261369546415051,"[""TestDateTimeFormat"", ""DateTime"", ""DateTimeFormatter"", ""DateTimeFormat""]","[0.04081632653061224, 0.027988338192419825, 0.026822157434402333, 0.021574344023323616]","[5.746938775510204, 2.8956268221574346, 2.464723032069971, 3.660058309037901]"
org.joda.time.format.TestDateTimeFormat.testFormat_minute,0.04081632653061224,0.029300291545189504,0.021574344023323616,0.11720116618075802,0.02780420592387911,0.02851416011149159,0.007074102366501998,5.746938775510204,3.691836734693877,2.464723032069971,14.767346938775509,3.338065480090166,3.5003286464799093,1.261369546415051,"[""TestDateTimeFormat"", ""DateTimeFormatter"", ""DateTimeFormat"", ""DateTime""]","[0.04081632653061224, 0.027988338192419825, 0.026822157434402333, 0.021574344023323616]","[5.746938775510204, 2.8956268221574346, 2.464723032069971, 3.660058309037901]"
org.joda.time.format.TestDateTimeFormat.testFormat_samples,0.04081632653061224,0.029300291545189504,0.021574344023323616,0.11720116618075802,0.02780420592387911,0.02851416011149159,0.007074102366501998,5.746938775510204,3.691836734693877,2.464723032069971,14.767346938775509,3.338065480090166,3.5003286464799093,1.261369546415051,"[""TestDateTimeFormat"", ""DateTimeFormatter"", ""DateTimeFormat"", ""DateTime""]","[0.04081632653061224, 0.027988338192419825, 0.026822157434402333, 0.021574344023323616]","[5.746938775510204, 2.8956268221574346, 2.464723032069971, 3.660058309037901]"
org.joda.time.format.TestDateTimeFormat.testFormatParse_textMonthApr_France,0.04081632653061224,0.029300291545189504,0.021574344023323616,0.11720116618075802,0.02780420592387911,0.02851416011149159,0.007074102366501998,5.746938775510204,3.691836734693877,2.464723032069971,14.767346938775509,3.338065480090166,3.5003286464799093,1.261369546415051,"[""TestDateTimeFormat"", ""DateTime"", ""DateTimeFormatter"", ""DateTimeFormat""]","[0.04081632653061224, 0.027988338192419825, 0.026822157434402333, 0.021574344023323616]","[5.746938775510204, 2.8956268221574346, 2.464723032069971, 3.660058309037901]"
org.joda.time.format.TestDateTimeFormat.testFormatParse_textMonthApr_Korean,0.04081632653061224,0.029300291545189504,0.021574344023323616,0.11720116618075802,0.02780420592387911,0.02851416011149159,0.007074102366501998,5.746938775510204,3.691836734693877,2.464723032069971,14.767346938775509,3.338065480090166,3.5003286464799093,1.261369546415051,"[""DateTime"", ""DateTimeFormatter"", ""DateTimeFormat"", ""TestDateTimeFormat""]","[0.04081632653061224, 0.027988338192419825, 0.026822157434402333, 0.021574344023323616]","[5.746938775510204, 2.8956268221574346, 2.464723032069971, 3.660058309037901]"
org.joda.time.format.TestDateTimeFormat.testFormatParse_zoneId_noColon,0.04081632653061224,0.029300291545189504,0.021574344023323616,0.11720116618075802,0.02780420592387911,0.02851416011149159,0.007074102366501998,5.746938775510204,3.691836734693877,2.464723032069971,14.767346938775509,3.338065480090166,3.5003286464799093,1.261369546415051,"[""DateTime"", ""DateTimeFormatter"", ""DateTimeFormat"", ""TestDateTimeFormat""]","[0.04081632653061224, 0.027988338192419825, 0.026822157434402333, 0.021574344023323616]","[5.746938775510204, 2.8956268221574346, 2.464723032069971, 3.660058309037901]"
org.joda.time.format.TestDateTimeFormat.testFormat_fractionOfSecond,0.04081632653061224,0.029300291545189504,0.021574344023323616,0.11720116618075802,0.02780420592387911,0.02851416011149159,0.007074102366501998,5.746938775510204,3.691836734693877,2.464723032069971,14.767346938775509,3.338065480090166,3.5003286464799093,1.261369546415051,"[""TestDateTimeFormat"", ""DateTimeFormatter"", ""DateTimeFormat"", ""DateTime""]","[0.04081632653061224, 0.027988338192419825, 0.026822157434402333, 0.021574344023323616]","[5.746938775510204, 2.8956268221574346, 2.464723032069971, 3.660058309037901]"
org.joda.time.format.TestDateTimeFormat.testFormat_fractionOfSecondLong,0.04081632653061224,0.029300291545189504,0.021574344023323616,0.11720116618075802,0.02780420592387911,0.02851416011149159,0.007074102366501998,5.746938775510204,3.691836734693877,2.464723032069971,14.767346938775509,3.338065480090166,3.5003286464799093,1.261369546415051,"[""TestDateTimeFormat"", ""DateTimeFormatter"", ""DateTimeFormat"", ""DateTime""]","[0.04081632653061224, 0.027988338192419825, 0.026822157434402333, 0.021574344023323616]","[5.746938775510204, 2.8956268221574346, 2.464723032069971, 3.660058309037901]"
org.joda.time.format.TestDateTimeFormat.testFormatParse_textMonthJanShortLowerCase_UK,0.04081632653061224,0.029300291545189504,0.021574344023323616,0.11720116618075802,0.02780420592387911,0.02851416011149159,0.007074102366501998,5.746938775510204,3.691836734693877,2.464723032069971,14.767346938775509,3.338065480090166,3.5003286464799093,1.261369546415051,"[""DateTime"", ""TestDateTimeFormat"", ""DateTimeFormatter"", ""DateTimeFormat""]","[0.04081632653061224, 0.027988338192419825, 0.026822157434402333, 0.021574344023323616]","[5.746938775510204, 2.8956268221574346, 2.464723032069971, 3.660058309037901]"
org.joda.time.format.TestDateTimeFormat.testFormat_year,0.04081632653061224,0.029300291545189504,0.021574344023323616,0.11720116618075802,0.02780420592387911,0.02851416011149159,0.007074102366501998,5.746938775510204,3.691836734693877,2.464723032069971,14.767346938775509,3.338065480090166,3.5003286464799093,1.261369546415051,"[""TestDateTimeFormat"", ""DateTimeFormatter"", ""DateTimeFormat"", ""DateTime""]","[0.04081632653061224, 0.027988338192419825, 0.026822157434402333, 0.021574344023323616]","[5.746938775510204, 2.8956268221574346, 2.464723032069971, 3.660058309037901]"
org.joda.time.format.TestDateTimeFormat.testFormatParse_textMonthAtEnd_France,0.04081632653061224,0.029300291545189504,0.021574344023323616,0.11720116618075802,0.02780420592387911,0.02851416011149159,0.007074102366501998,5.746938775510204,3.691836734693877,2.464723032069971,14.767346938775509,3.338065480090166,3.5003286464799093,1.261369546415051,"[""TestDateTimeFormat"", ""DateTime"", ""DateTimeFormatter"", ""DateTimeFormat""]","[0.04081632653061224, 0.027988338192419825, 0.026822157434402333, 0.021574344023323616]","[5.746938775510204, 2.8956268221574346, 2.464723032069971, 3.660058309037901]"
org.joda.time.format.TestDateTimeFormat.testFormat_clockhourOfHalfday,0.04081632653061224,0.029300291545189504,0.021574344023323616,0.11720116618075802,0.02780420592387911,0.02851416011149159,0.007074102366501998,5.746938775510204,3.691836734693877,2.464723032069971,14.767346938775509,3.338065480090166,3.5003286464799093,1.261369546415051,"[""TestDateTimeFormat"", ""DateTimeFormatter"", ""DateTimeFormat"", ""DateTime""]","[0.04081632653061224, 0.027988338192419825, 0.026822157434402333, 0.021574344023323616]","[5.746938775510204, 2.8956268221574346, 2.464723032069971, 3.660058309037901]"
org.joda.time.format.TestDateTimeFormat.testParse_pivotYear_ignored4DigitYear,0.04081632653061224,0.029300291545189504,0.021574344023323616,0.11720116618075802,0.02780420592387911,0.02851416011149159,0.007074102366501998,5.746938775510204,3.691836734693877,2.464723032069971,14.767346938775509,3.338065480090166,3.5003286464799093,1.261369546415051,"[""DateTime"", ""DateTimeFormatter"", ""DateTimeFormat"", ""TestDateTimeFormat""]","[0.04081632653061224, 0.027988338192419825, 0.026822157434402333, 0.021574344023323616]","[5.746938775510204, 2.8956268221574346, 2.464723032069971, 3.660058309037901]"
org.joda.time.format.TestDateTimeFormat.testFormat_yearOfEra_twoDigit,0.04081632653061224,0.029300291545189504,0.021574344023323616,0.11720116618075802,0.02780420592387911,0.02851416011149159,0.007074102366501998,5.746938775510204,3.691836734693877,2.464723032069971,14.767346938775509,3.338065480090166,3.5003286464799093,1.261369546415051,"[""TestDateTimeFormat"", ""DateTimeFormatter"", ""DateTimeFormat"", ""DateTime"", ""Integer""]","[0.04081632653061224, 0.027988338192419825, 0.026822157434402333, 0.021574344023323616]","[5.746938775510204, 2.8956268221574346, 2.464723032069971, 3.660058309037901]"
org.joda.time.format.TestDateTimeFormat.testFormat_second,0.04081632653061224,0.029300291545189504,0.021574344023323616,0.11720116618075802,0.02780420592387911,0.02851416011149159,0.007074102366501998,5.746938775510204,3.691836734693877,2.464723032069971,14.767346938775509,3.338065480090166,3.5003286464799093,1.261369546415051,"[""TestDateTimeFormat"", ""DateTimeFormatter"", ""DateTimeFormat"", ""DateTime""]","[0.04081632653061224, 0.027988338192419825, 0.026822157434402333, 0.021574344023323616]","[5.746938775510204, 2.8956268221574346, 2.464723032069971, 3.660058309037901]"
org.joda.time.format.TestDateTimeFormat.testFormatParse_zoneId_colon_parseZ,0.04081632653061224,0.029300291545189504,0.021574344023323616,0.11720116618075802,0.02780420592387911,0.02851416011149159,0.007074102366501998,5.746938775510204,3.691836734693877,2.464723032069971,14.767346938775509,3.338065480090166,3.5003286464799093,1.261369546415051,"[""DateTime"", ""DateTimeFormatter"", ""DateTimeFormat"", ""TestDateTimeFormat""]","[0.04081632653061224, 0.027988338192419825, 0.026822157434402333, 0.021574344023323616]","[5.746938775510204, 2.8956268221574346, 2.464723032069971, 3.660058309037901]"
org.joda.time.TestInterval_Constructors.testConstructor_RP_RI8,0.04081632653061224,0.02927966707031586,0.02266081871345029,0.11711866828126344,0.027588360428579796,0.02839139108478226,0.007462107679948606,5.746938775510204,3.7245750308646794,1.5499103407053199,14.898300123458718,2.874732632183351,3.2981268843684806,1.6698731707529055,"[""Interval"", ""TestInterval_Constructors"", ""Period"", ""DateTime""]","[0.04081632653061224, 0.030927835051546393, 0.022713687985654513, 0.02266081871345029]","[5.746938775510204, 4.878497790868925, 1.5499103407053199, 2.722953216374269]"
org.joda.time.TestInterval_Constructors.testConstructor_RI_RP8,0.04081632653061224,0.02927966707031586,0.02266081871345029,0.11711866828126344,0.027588360428579796,0.02839139108478226,0.007462107679948606,5.746938775510204,3.7245750308646794,1.5499103407053199,14.898300123458718,2.874732632183351,3.2981268843684806,1.6698731707529055,"[""Interval"", ""TestInterval_Constructors"", ""Period"", ""DateTime""]","[0.04081632653061224, 0.030927835051546393, 0.022713687985654513, 0.02266081871345029]","[5.746938775510204, 4.878497790868925, 1.5499103407053199, 2.722953216374269]"
org.joda.time.field.TestBaseDateTimeField.test_getAsText_RP_int_Locale,0.044386422976501305,0.019518104810098216,0.009602194787379973,0.11710862886058929,0.015408734763574924,0.017049415243435024,0.01162201977856401,4.117493472584856,2.082153206494011,0.40877914951989025,12.492919238964067,1.2322779826738994,1.6844921076776405,1.148394504150764,"[""BaseDateTimeField"", ""TimeOfDay"", ""DateTimeFieldType"", ""TestBaseDateTimeField"", ""BaseDurationField"", ""DurationFieldType"", ""TestBaseDateTimeField$MockBaseDateTimeField"", ""TestBaseDateTimeField$MockCountingDurationField""]","[0.044386422976501305, 0.02040816326530612, 0.016693163751987282, 0.013300083125519535, 0.012718600953895072, 0.009602194787379973]","[4.117493472584856, 2.4285714285714284, 2.1089030206677264, 2.2527015793848713, 1.1764705882352942, 0.40877914951989025]"
org.joda.time.field.TestBaseDateTimeField.test_getAsShortText_RP_int_Locale,0.044386422976501305,0.019518104810098216,0.009602194787379973,0.11710862886058929,0.015408734763574924,0.017049415243435024,0.01162201977856401,4.117493472584856,2.082153206494011,0.40877914951989025,12.492919238964067,1.2322779826738994,1.6844921076776405,1.148394504150764,"[""BaseDateTimeField"", ""TimeOfDay"", ""DateTimeFieldType"", ""TestBaseDateTimeField"", ""BaseDurationField"", ""DurationFieldType"", ""TestBaseDateTimeField$MockBaseDateTimeField"", ""TestBaseDateTimeField$MockCountingDurationField""]","[0.044386422976501305, 0.02040816326530612, 0.016693163751987282, 0.013300083125519535, 0.012718600953895072, 0.009602194787379973]","[4.117493472584856, 2.4285714285714284, 2.1089030206677264, 2.2527015793848713, 1.1764705882352942, 0.40877914951989025]"
org.joda.time.field.TestBaseDateTimeField.test_getMaximumValue_RP_intarray,0.044386422976501305,0.019518104810098216,0.009602194787379973,0.11710862886058929,0.015408734763574924,0.017049415243435024,0.01162201977856401,4.117493472584856,2.082153206494011,0.40877914951989025,12.492919238964067,1.2322779826738994,1.6844921076776405,1.148394504150764,"[""BaseDateTimeField"", ""TimeOfDay"", ""DateTimeFieldType"", ""TestBaseDateTimeField"", ""BaseDurationField"", ""DurationFieldType"", ""TestBaseDateTimeField$MockBaseDateTimeField"", ""TestBaseDateTimeField$MockCountingDurationField""]","[0.044386422976501305, 0.02040816326530612, 0.016693163751987282, 0.013300083125519535, 0.012718600953895072, 0.009602194787379973]","[4.117493472584856, 2.4285714285714284, 2.1089030206677264, 2.2527015793848713, 1.1764705882352942, 0.40877914951989025]"
org.joda.time.field.TestBaseDateTimeField.test_getMinimumValue_RP,0.044386422976501305,0.019518104810098216,0.009602194787379973,0.11710862886058929,0.015408734763574924,0.017049415243435024,0.01162201977856401,4.117493472584856,2.082153206494011,0.40877914951989025,12.492919238964067,1.2322779826738994,1.6844921076776405,1.148394504150764,"[""BaseDateTimeField"", ""TimeOfDay"", ""DateTimeFieldType"", ""TestBaseDateTimeField"", ""BaseDurationField"", ""DurationFieldType"", ""TestBaseDateTimeField$MockBaseDateTimeField"", ""TestBaseDateTimeField$MockCountingDurationField""]","[0.044386422976501305, 0.02040816326530612, 0.016693163751987282, 0.013300083125519535, 0.012718600953895072, 0.009602194787379973]","[4.117493472584856, 2.4285714285714284, 2.1089030206677264, 2.2527015793848713, 1.1764705882352942, 0.40877914951989025]"
org.joda.time.field.TestBaseDateTimeField.test_getAsShortText_RP_Locale,0.044386422976501305,0.019518104810098216,0.009602194787379973,0.11710862886058929,0.015408734763574924,0.017049415243435024,0.01162201977856401,4.117493472584856,2.082153206494011,0.40877914951989025,12.492919238964067,1.2322779826738994,1.6844921076776405,1.148394504150764,"[""BaseDateTimeField"", ""TimeOfDay"", ""DateTimeFieldType"", ""TestBaseDateTimeField"", ""BaseDurationField"", ""DurationFieldType"", ""TestBaseDateTimeField$MockBaseDateTimeField"", ""TestBaseDateTimeField$MockCountingDurationField""]","[0.044386422976501305, 0.02040816326530612, 0.016693163751987282, 0.013300083125519535, 0.012718600953895072, 0.009602194787379973]","[4.117493472584856, 2.4285714285714284, 2.1089030206677264, 2.2527015793848713, 1.1764705882352942, 0.40877914951989025]"
org.joda.time.field.TestBaseDateTimeField.test_getAsText_RP_Locale,0.044386422976501305,0.019518104810098216,0.009602194787379973,0.11710862886058929,0.015408734763574924,0.017049415243435024,0.01162201977856401,4.117493472584856,2.082153206494011,0.40877914951989025,12.492919238964067,1.2322779826738994,1.6844921076776405,1.148394504150764,"[""BaseDateTimeField"", ""TimeOfDay"", ""DateTimeFieldType"", ""TestBaseDateTimeField"", ""BaseDurationField"", ""DurationFieldType"", ""TestBaseDateTimeField$MockBaseDateTimeField"", ""TestBaseDateTimeField$MockCountingDurationField""]","[0.044386422976501305, 0.02040816326530612, 0.016693163751987282, 0.013300083125519535, 0.012718600953895072, 0.009602194787379973]","[4.117493472584856, 2.4285714285714284, 2.1089030206677264, 2.2527015793848713, 1.1764705882352942, 0.40877914951989025]"
org.joda.time.field.TestBaseDateTimeField.test_getMaximumValue_RP,0.044386422976501305,0.019518104810098216,0.009602194787379973,0.11710862886058929,0.015408734763574924,0.017049415243435024,0.01162201977856401,4.117493472584856,2.082153206494011,0.40877914951989025,12.492919238964067,1.2322779826738994,1.6844921076776405,1.148394504150764,"[""BaseDateTimeField"", ""TimeOfDay"", ""DateTimeFieldType"", ""TestBaseDateTimeField"", ""BaseDurationField"", ""DurationFieldType"", ""TestBaseDateTimeField$MockBaseDateTimeField"", ""TestBaseDateTimeField$MockCountingDurationField""]","[0.044386422976501305, 0.02040816326530612, 0.016693163751987282, 0.013300083125519535, 0.012718600953895072, 0.009602194787379973]","[4.117493472584856, 2.4285714285714284, 2.1089030206677264, 2.2527015793848713, 1.1764705882352942, 0.40877914951989025]"
org.joda.time.field.TestBaseDateTimeField.test_getMinimumValue_RP_intarray,0.044386422976501305,0.019518104810098216,0.009602194787379973,0.11710862886058929,0.015408734763574924,0.017049415243435024,0.01162201977856401,4.117493472584856,2.082153206494011,0.40877914951989025,12.492919238964067,1.2322779826738994,1.6844921076776405,1.148394504150764,"[""BaseDateTimeField"", ""TimeOfDay"", ""DateTimeFieldType"", ""TestBaseDateTimeField"", ""BaseDurationField"", ""DurationFieldType"", ""TestBaseDateTimeField$MockBaseDateTimeField"", ""TestBaseDateTimeField$MockCountingDurationField""]","[0.044386422976501305, 0.02040816326530612, 0.016693163751987282, 0.013300083125519535, 0.012718600953895072, 0.009602194787379973]","[4.117493472584856, 2.4285714285714284, 2.1089030206677264, 2.2527015793848713, 1.1764705882352942, 0.40877914951989025]"
org.joda.time.TestInterval_Basics.testGetMillis,0.04081632653061224,0.029225441558010056,0.022713687985654513,0.11690176623204022,0.027832307790576365,0.02848170548213769,0.006969601163140312,5.746938775510204,3.52185876216895,1.5499103407053199,14.0874350486758,2.4478853862173877,2.9352288240080897,1.9532494039297497,"[""DateTime"", ""TestInterval_Basics"", ""Duration"", ""Interval""]","[0.04081632653061224, 0.028210838901262063, 0.02516091281451141, 0.022713687985654513]","[5.746938775510204, 5.182628062360802, 1.6079578700994734, 1.5499103407053199]"
org.joda.time.TestMutableInterval_Constructors.testConstructor_Object4,0.04081632653061224,0.02332874195371102,0.01574344023323615,0.11664370976855509,0.020598981594957894,0.021789094038069317,0.009357772450967833,5.746938775510204,2.326324448551039,0.7008746355685131,11.631622242755196,1.4528965539651697,1.8020499859422863,1.7868149446154336,"[""TestMutableInterval_Constructors$MockInterval"", ""Object"", ""TestMutableInterval_Constructors"", ""Duration"", ""MutableInterval"", ""ISOChronology"", ""DateTime""]","[0.04081632653061224, 0.02516091281451141, 0.01852958756724447, 0.01639344262295082, 0.01574344023323615]","[5.746938775510204, 1.6079578700994734, 1.2755528989838614, 2.3002980625931446, 0.7008746355685131]"
org.joda.time.TestMutableInterval_Constructors.testConstructor_RI_RI9,0.04081632653061224,0.023311136650283955,0.01574344023323615,0.11655568325141978,0.020587146964406847,0.02177382664432344,0.009354391117708213,5.746938775510204,2.583974857038433,0.7008746355685131,12.919874285192165,1.5798920254351374,2.0271127601483934,1.7572898717947656,"[""GJChronology"", ""TestMutableInterval_Constructors"", ""MutableInterval"", ""ISOChronology"", ""DateTime""]","[0.04081632653061224, 0.02507288629737609, 0.01852958756724447, 0.01639344262295082, 0.01574344023323615]","[5.746938775510204, 2.896209912536443, 1.2755528989838614, 2.3002980625931446, 0.7008746355685131]"
org.joda.time.TestBaseSingleFieldPeriod.testFactory_between_RInstant,0.04081632653061224,0.02330669351374339,0.012718600953895072,0.11653346756871695,0.020298265539233088,0.021680438270884898,0.009358013888840652,5.746938775510204,2.917770006055162,1.1764705882352942,14.588850030275811,2.1491417891077296,2.4912451898662993,1.6511437082044924,"[""BaseSingleFieldPeriod"", ""TestBaseSingleFieldPeriod$Single"", ""TestBaseSingleFieldPeriod"", ""DurationFieldType"", ""DateTime"", ""PeriodType""]","[0.04081632653061224, 0.022364217252396165, 0.020766773162939296, 0.019867549668874173, 0.012718600953895072]","[5.746938775510204, 2.231629392971246, 1.706070287539936, 3.7277409860191315, 1.1764705882352942]"
org.joda.time.format.TestDateTimeFormatter.testParseInto_monthDay_feb29_OfYear,0.03498542274052478,0.029046529073457845,0.02639019792648445,0.11618611629383138,0.028676308927115306,0.028853609407592386,0.003478295210316949,4.066472303206997,3.243604691102239,2.464723032069971,12.974418764408956,3.1277665101206042,3.185412580618394,0.6118143975134397,"[""TestDateTimeFormatter"", ""DateTimeFormatter"", ""DateTimeFormat"", ""MutableDateTime""]","[0.03498542274052478, 0.027988338192419825, 0.026822157434402333, 0.02639019792648445]","[4.066472303206997, 2.8956268221574346, 2.464723032069971, 3.5475966069745524]"
org.joda.time.format.TestDateTimeFormatter.testParseInto_monthDay_feb29_newYork_startOfYear,0.03498542274052478,0.029046529073457845,0.02639019792648445,0.11618611629383138,0.028676308927115306,0.028853609407592386,0.003478295210316949,4.066472303206997,3.243604691102239,2.464723032069971,12.974418764408956,3.1277665101206042,3.185412580618394,0.6118143975134397,"[""TestDateTimeFormatter"", ""DateTimeFormatter"", ""DateTimeFormat"", ""MutableDateTime""]","[0.03498542274052478, 0.027988338192419825, 0.026822157434402333, 0.02639019792648445]","[4.066472303206997, 2.8956268221574346, 2.464723032069971, 3.5475966069745524]"
org.joda.time.format.TestDateTimeFormatter.testParseInto_monthDay_withDefaultYear_feb29,0.03498542274052478,0.029046529073457845,0.02639019792648445,0.11618611629383138,0.028676308927115306,0.028853609407592386,0.003478295210316949,4.066472303206997,3.243604691102239,2.464723032069971,12.974418764408956,3.1277665101206042,3.185412580618394,0.6118143975134397,"[""TestDateTimeFormatter"", ""DateTimeFormatter"", ""DateTimeFormat"", ""MutableDateTime""]","[0.03498542274052478, 0.027988338192419825, 0.026822157434402333, 0.02639019792648445]","[4.066472303206997, 2.8956268221574346, 2.464723032069971, 3.5475966069745524]"
org.joda.time.format.TestDateTimeFormatter.testParseInto_monthOnly_baseEndYear,0.03498542274052478,0.029046529073457845,0.02639019792648445,0.11618611629383138,0.028676308927115306,0.028853609407592386,0.003478295210316949,4.066472303206997,3.243604691102239,2.464723032069971,12.974418764408956,3.1277665101206042,3.185412580618394,0.6118143975134397,"[""TestDateTimeFormatter"", ""DateTimeFormatter"", ""DateTimeFormat"", ""MutableDateTime""]","[0.03498542274052478, 0.027988338192419825, 0.026822157434402333, 0.02639019792648445]","[4.066472303206997, 2.8956268221574346, 2.464723032069971, 3.5475966069745524]"
org.joda.time.format.TestDateTimeFormatter.testParseInto_monthOnly_parseStartYear,0.03498542274052478,0.029046529073457845,0.02639019792648445,0.11618611629383138,0.028676308927115306,0.028853609407592386,0.003478295210316949,4.066472303206997,3.243604691102239,2.464723032069971,12.974418764408956,3.1277665101206042,3.185412580618394,0.6118143975134397,"[""TestDateTimeFormatter"", ""DateTimeFormatter"", ""DateTimeFormat"", ""MutableDateTime""]","[0.03498542274052478, 0.027988338192419825, 0.026822157434402333, 0.02639019792648445]","[4.066472303206997, 2.8956268221574346, 2.464723032069971, 3.5475966069745524]"
org.joda.time.format.TestDateTimeFormatter.testParseInto_monthDay_withDefaultYear_feb29_newYork_endOfYear,0.03498542274052478,0.029046529073457845,0.02639019792648445,0.11618611629383138,0.028676308927115306,0.028853609407592386,0.003478295210316949,4.066472303206997,3.243604691102239,2.464723032069971,12.974418764408956,3.1277665101206042,3.185412580618394,0.6118143975134397,"[""TestDateTimeFormatter"", ""DateTimeFormatter"", ""DateTimeFormat"", ""MutableDateTime""]","[0.03498542274052478, 0.027988338192419825, 0.026822157434402333, 0.02639019792648445]","[4.066472303206997, 2.8956268221574346, 2.464723032069971, 3.5475966069745524]"
org.joda.time.format.TestDateTimeFormatter.testParseInto_monthDay_feb29_tokyo_startOfYear,0.03498542274052478,0.029046529073457845,0.02639019792648445,0.11618611629383138,0.028676308927115306,0.028853609407592386,0.003478295210316949,4.066472303206997,3.243604691102239,2.464723032069971,12.974418764408956,3.1277665101206042,3.185412580618394,0.6118143975134397,"[""TestDateTimeFormatter"", ""DateTimeFormatter"", ""DateTimeFormat"", ""MutableDateTime""]","[0.03498542274052478, 0.027988338192419825, 0.026822157434402333, 0.02639019792648445]","[4.066472303206997, 2.8956268221574346, 2.464723032069971, 3.5475966069745524]"
org.joda.time.format.TestDateTimeFormatter.testParseInto_monthOnly_baseStartYear,0.03498542274052478,0.029046529073457845,0.02639019792648445,0.11618611629383138,0.028676308927115306,0.028853609407592386,0.003478295210316949,4.066472303206997,3.243604691102239,2.464723032069971,12.974418764408956,3.1277665101206042,3.185412580618394,0.6118143975134397,"[""TestDateTimeFormatter"", ""DateTimeFormatter"", ""DateTimeFormat"", ""MutableDateTime""]","[0.03498542274052478, 0.027988338192419825, 0.026822157434402333, 0.02639019792648445]","[4.066472303206997, 2.8956268221574346, 2.464723032069971, 3.5475966069745524]"
org.joda.time.format.TestDateTimeFormatter.testParseInto_monthDay_withDefaultYear_feb29_newYork,0.03498542274052478,0.029046529073457845,0.02639019792648445,0.11618611629383138,0.028676308927115306,0.028853609407592386,0.003478295210316949,4.066472303206997,3.243604691102239,2.464723032069971,12.974418764408956,3.1277665101206042,3.185412580618394,0.6118143975134397,"[""TestDateTimeFormatter"", ""DateTimeFormatter"", ""DateTimeFormat"", ""MutableDateTime""]","[0.03498542274052478, 0.027988338192419825, 0.026822157434402333, 0.02639019792648445]","[4.066472303206997, 2.8956268221574346, 2.464723032069971, 3.5475966069745524]"
org.joda.time.format.TestDateTimeFormatter.testParseInto_monthOnly,0.03498542274052478,0.029046529073457845,0.02639019792648445,0.11618611629383138,0.028676308927115306,0.028853609407592386,0.003478295210316949,4.066472303206997,3.243604691102239,2.464723032069971,12.974418764408956,3.1277665101206042,3.185412580618394,0.6118143975134397,"[""TestDateTimeFormatter"", ""DateTimeFormatter"", ""DateTimeFormat"", ""MutableDateTime""]","[0.03498542274052478, 0.027988338192419825, 0.026822157434402333, 0.02639019792648445]","[4.066472303206997, 2.8956268221574346, 2.464723032069971, 3.5475966069745524]"
org.joda.time.format.TestDateTimeFormatter.testParseInto_monthOnly_parseEndYear,0.03498542274052478,0.029046529073457845,0.02639019792648445,0.11618611629383138,0.028676308927115306,0.028853609407592386,0.003478295210316949,4.066472303206997,3.243604691102239,2.464723032069971,12.974418764408956,3.1277665101206042,3.185412580618394,0.6118143975134397,"[""TestDateTimeFormatter"", ""DateTimeFormatter"", ""DateTimeFormat"", ""MutableDateTime""]","[0.03498542274052478, 0.027988338192419825, 0.026822157434402333, 0.02639019792648445]","[4.066472303206997, 2.8956268221574346, 2.464723032069971, 3.5475966069745524]"
org.joda.time.format.TestDateTimeFormatter.testParseInto_monthDay_feb29_newYork_endOfYear,0.03498542274052478,0.029046529073457845,0.02639019792648445,0.11618611629383138,0.028676308927115306,0.028853609407592386,0.003478295210316949,4.066472303206997,3.243604691102239,2.464723032069971,12.974418764408956,3.1277665101206042,3.185412580618394,0.6118143975134397,"[""TestDateTimeFormatter"", ""DateTimeFormatter"", ""DateTimeFormat"", ""MutableDateTime""]","[0.03498542274052478, 0.027988338192419825, 0.026822157434402333, 0.02639019792648445]","[4.066472303206997, 2.8956268221574346, 2.464723032069971, 3.5475966069745524]"
org.joda.time.format.TestDateTimeFormatter.testParseInto_monthDay_feb29_newYork,0.03498542274052478,0.029046529073457845,0.02639019792648445,0.11618611629383138,0.028676308927115306,0.028853609407592386,0.003478295210316949,4.066472303206997,3.243604691102239,2.464723032069971,12.974418764408956,3.1277665101206042,3.185412580618394,0.6118143975134397,"[""TestDateTimeFormatter"", ""DateTimeFormatter"", ""DateTimeFormat"", ""MutableDateTime""]","[0.03498542274052478, 0.027988338192419825, 0.026822157434402333, 0.02639019792648445]","[4.066472303206997, 2.8956268221574346, 2.464723032069971, 3.5475966069745524]"
org.joda.time.format.TestDateTimeFormatter.testParseInto_monthDay_feb29_tokyo_endOfYear,0.03498542274052478,0.029046529073457845,0.02639019792648445,0.11618611629383138,0.028676308927115306,0.028853609407592386,0.003478295210316949,4.066472303206997,3.243604691102239,2.464723032069971,12.974418764408956,3.1277665101206042,3.185412580618394,0.6118143975134397,"[""TestDateTimeFormatter"", ""DateTimeFormatter"", ""DateTimeFormat"", ""MutableDateTime""]","[0.03498542274052478, 0.027988338192419825, 0.026822157434402333, 0.02639019792648445]","[4.066472303206997, 2.8956268221574346, 2.464723032069971, 3.5475966069745524]"
org.joda.time.format.TestDateTimeFormatter.testParseInto_monthDay_feb29,0.03498542274052478,0.029046529073457845,0.02639019792648445,0.11618611629383138,0.028676308927115306,0.028853609407592386,0.003478295210316949,4.066472303206997,3.243604691102239,2.464723032069971,12.974418764408956,3.1277665101206042,3.185412580618394,0.6118143975134397,"[""TestDateTimeFormatter"", ""DateTimeFormatter"", ""DateTimeFormat"", ""MutableDateTime""]","[0.03498542274052478, 0.027988338192419825, 0.026822157434402333, 0.02639019792648445]","[4.066472303206997, 2.8956268221574346, 2.464723032069971, 3.5475966069745524]"
org.joda.time.format.TestDateTimeFormatter.testParseInto_monthDay_feb29_startOfYear,0.03498542274052478,0.029046529073457845,0.02639019792648445,0.11618611629383138,0.028676308927115306,0.028853609407592386,0.003478295210316949,4.066472303206997,3.243604691102239,2.464723032069971,12.974418764408956,3.1277665101206042,3.185412580618394,0.6118143975134397,"[""TestDateTimeFormatter"", ""DateTimeFormatter"", ""DateTimeFormat"", ""MutableDateTime""]","[0.03498542274052478, 0.027988338192419825, 0.026822157434402333, 0.02639019792648445]","[4.066472303206997, 2.8956268221574346, 2.464723032069971, 3.5475966069745524]"
org.joda.time.format.TestDateTimeFormatter.testParseInto_monthDay_feb29_tokyo,0.03498542274052478,0.029046529073457845,0.02639019792648445,0.11618611629383138,0.028676308927115306,0.028853609407592386,0.003478295210316949,4.066472303206997,3.243604691102239,2.464723032069971,12.974418764408956,3.1277665101206042,3.185412580618394,0.6118143975134397,"[""TestDateTimeFormatter"", ""DateTimeFormatter"", ""DateTimeFormat"", ""MutableDateTime""]","[0.03498542274052478, 0.027988338192419825, 0.026822157434402333, 0.02639019792648445]","[4.066472303206997, 2.8956268221574346, 2.464723032069971, 3.5475966069745524]"
org.joda.time.TestMutableInterval_Constructors.testConstructor_Object_Chronology1,0.04081632653061224,0.023189151215344886,0.01639344262295082,0.11594575607672443,0.02077613625006614,0.021802330756098037,0.009069575408474636,5.746938775510204,2.3975137764914507,1.114868804664723,11.987568882457253,1.703652479102971,1.962862597207932,1.7233980757704803,"[""Interval"", ""BuddhistChronology"", ""TestMutableInterval_Constructors"", ""MutableInterval"", ""DateTime""]","[0.04081632653061224, 0.022713687985654513, 0.01852958756724447, 0.01749271137026239, 0.01639344262295082]","[5.746938775510204, 1.5499103407053199, 1.2755528989838614, 1.114868804664723, 2.3002980625931446]"
org.joda.time.TestPeriod_Constructors.testConstructor_RP_RP2,0.03763440860215054,0.028898931443711792,0.019867549668874173,0.11559572577484717,0.027388086006344736,0.028153078095473565,0.006422502497132167,5.272393538913363,4.311391949918097,3.3669354838709675,17.245567799672386,4.16704309469148,4.238806716340278,0.7870482121208325,"[""YearMonthDay"", ""PeriodType"", ""Period"", ""TestPeriod_Constructors""]","[0.03763440860215054, 0.030927835051546393, 0.027165932452276064, 0.019867549668874173]","[3.3669354838709675, 4.878497790868925, 5.272393538913363, 3.7277409860191315]"
org.joda.time.TestPeriod_Constructors.testConstructor_RP_RP_PeriodType1,0.03763440860215054,0.028898931443711792,0.019867549668874173,0.11559572577484717,0.027388086006344736,0.028153078095473565,0.006422502497132167,5.272393538913363,4.311391949918097,3.3669354838709675,17.245567799672386,4.16704309469148,4.238806716340278,0.7870482121208325,"[""YearMonthDay"", ""PeriodType"", ""Period"", ""TestPeriod_Constructors""]","[0.03763440860215054, 0.030927835051546393, 0.027165932452276064, 0.019867549668874173]","[3.3669354838709675, 4.878497790868925, 5.272393538913363, 3.7277409860191315]"
org.joda.time.TestPeriod_Constructors.testConstructor_RP_RP_PeriodType3,0.03763440860215054,0.028898931443711792,0.019867549668874173,0.11559572577484717,0.027388086006344736,0.028153078095473565,0.006422502497132167,5.272393538913363,4.311391949918097,3.3669354838709675,17.245567799672386,4.16704309469148,4.238806716340278,0.7870482121208325,"[""YearMonthDay"", ""PeriodType"", ""Period"", ""TestPeriod_Constructors""]","[0.03763440860215054, 0.030927835051546393, 0.027165932452276064, 0.019867549668874173]","[3.3669354838709675, 4.878497790868925, 5.272393538913363, 3.7277409860191315]"
org.joda.time.TestPeriod_Constructors.testConstructor_RP_RP1,0.03763440860215054,0.028898931443711792,0.019867549668874173,0.11559572577484717,0.027388086006344736,0.028153078095473565,0.006422502497132167,5.272393538913363,4.311391949918097,3.3669354838709675,17.245567799672386,4.16704309469148,4.238806716340278,0.7870482121208325,"[""YearMonthDay"", ""PeriodType"", ""Period"", ""TestPeriod_Constructors""]","[0.03763440860215054, 0.030927835051546393, 0.027165932452276064, 0.019867549668874173]","[3.3669354838709675, 4.878497790868925, 5.272393538913363, 3.7277409860191315]"
org.joda.time.TestPeriod_Constructors.testConstructor_RP_RP_PeriodType2,0.03763440860215054,0.028898931443711792,0.019867549668874173,0.11559572577484717,0.027388086006344736,0.028153078095473565,0.006422502497132167,5.272393538913363,4.311391949918097,3.3669354838709675,17.245567799672386,4.16704309469148,4.238806716340278,0.7870482121208325,"[""YearMonthDay"", ""PeriodType"", ""Period"", ""TestPeriod_Constructors""]","[0.03763440860215054, 0.030927835051546393, 0.027165932452276064, 0.019867549668874173]","[3.3669354838709675, 4.878497790868925, 5.272393538913363, 3.7277409860191315]"
org.joda.time.TestLocalTime_Basics.testToDateTime_RI,0.05013550135501355,0.038469449874918744,0.024456521739130436,0.11540834962475623,0.03515563141132792,0.03685173924681721,0.010613933328602061,7.333333333333333,5.89949287686089,4.618206521739131,17.69847863058267,5.693641189839513,5.795226958772582,1.1136824700480867,"[""TestLocalTime_Basics"", ""DateTime"", ""LocalTime""]","[0.05013550135501355, 0.04081632653061224, 0.024456521739130436]","[7.333333333333333, 5.746938775510204, 4.618206521739131]"
org.joda.time.TestPeriod_Constructors.testConstructor_long_fixedZone,0.037317784256559766,0.0288197753573141,0.019867549668874173,0.1152791014292564,0.027345873916043473,0.028093676260698364,0.0063154099640762365,5.272393538913363,4.309308224722949,3.358600583090379,17.237232898891797,4.16384589377487,4.236180969683085,0.7895529680792225,"[""PeriodType"", ""DateTimeZone"", ""Period"", ""TestPeriod_Constructors""]","[0.037317784256559766, 0.030927835051546393, 0.027165932452276064, 0.019867549668874173]","[3.358600583090379, 4.878497790868925, 5.272393538913363, 3.7277409860191315]"
org.joda.time.TestDateTime_Basics.testToTimeOfDay,0.044386422976501305,0.038391833850236756,0.02997275204359673,0.11517550155071027,0.03731665946053813,0.037867813364426545,0.006129007587334744,5.746938775510204,4.766799850182458,4.117493472584856,14.300399550547375,4.670701101741243,4.717217945461944,0.7051527634891521,"[""TestDateTime_Basics"", ""TimeOfDay"", ""DateTime""]","[0.044386422976501305, 0.04081632653061224, 0.02997275204359673]","[4.117493472584856, 5.746938775510204, 4.435967302452316]"
org.joda.time.TestTimeOfDay_Basics.testToLocalTime,0.05013550135501355,0.038321153845037516,0.02044153720359771,0.11496346153511255,0.03282442429404004,0.035697380938086685,0.012858810053401983,7.333333333333333,4.990559057955287,3.5208503679476695,14.97167717386586,4.5231667612724955,4.737260909910326,1.6744032225657046,"[""LocalTime"", ""TimeOfDay"", ""TestTimeOfDay_Basics""]","[0.05013550135501355, 0.044386422976501305, 0.02044153720359771]","[7.333333333333333, 4.117493472584856, 3.5208503679476695]"
org.joda.time.TestLocalDate_Basics.testEqualsHashCodeLenient,0.06765899864682003,0.038229142458917294,0.008777062609713282,0.11468742737675189,0.019372812870927864,0.0283209121938696,0.024038454862821,9.71853856562923,5.560642234548315,0.5330602691632533,16.681926703644944,1.4055671944466614,3.217635152808019,3.800045412939002,"[""LenientChronology"", ""TestLocalDate_Basics"", ""LocalDate""]","[0.06765899864682003, 0.03825136612021858, 0.008777062609713282]","[9.71853856562923, 6.430327868852459, 0.5330602691632533]"
org.joda.time.TestDateTimeZoneCutover.test_LocalDate_new_Turk,0.06765899864682003,0.05732573992491377,0.046992481203007516,0.11465147984982754,0.05546311702717693,0.05638673799861986,0.010333258721906255,9.947368421052632,9.83295349334093,9.71853856562923,19.66590698668186,9.831622176591376,9.832287812433194,0.11441492771170125,"[""TestDateTimeZoneCutover"", ""LocalDate""]","[0.06765899864682003, 0.046992481203007516]","[9.71853856562923, 9.947368421052632]"
org.joda.time.TestDateTimeZoneCutover.test_LocalDate_new_Gaza,0.06765899864682003,0.05732573992491377,0.046992481203007516,0.11465147984982754,0.05546311702717693,0.05638673799861986,0.010333258721906255,9.947368421052632,9.83295349334093,9.71853856562923,19.66590698668186,9.831622176591376,9.832287812433194,0.11441492771170125,"[""TestDateTimeZoneCutover"", ""LocalDate""]","[0.06765899864682003, 0.046992481203007516]","[9.71853856562923, 9.947368421052632]"
org.joda.time.convert.TestReadableIntervalConverter.testSetIntoInterval_Object1,0.022713687985654513,0.019104143442263157,0.013157894736842105,0.11462486065357895,0.01847054569026548,0.018802468751522517,0.0032208037119633107,1.5499103407053199,0.981540428912547,0.35825358851674644,5.889242573475282,0.7851082719203073,0.8901464752550413,0.3851772777671004,"[""ReadableIntervalConverter"", ""Interval"", ""BuddhistChronology"", ""TestReadableIntervalConverter"", ""MutableInterval"", ""CopticChronology""]","[0.022713687985654513, 0.021957340025094103, 0.020773638968481375, 0.01852958756724447, 0.01749271137026239, 0.013157894736842105]","[1.5499103407053199, 0.8456712672521958, 0.7449856733524355, 1.2755528989838614, 1.114868804664723, 0.35825358851674644]"
org.joda.time.TestLocalDateTime_Basics.testToString_DTFormatter,0.058186738836265225,0.038181290451642064,0.027988338192419825,0.11454387135492619,0.03402702598737175,0.03588233278017885,0.014146840884565165,11.043301759133964,6.590044751683422,2.8956268221574346,19.770134255050266,4.939148711205694,5.713031649817728,3.3692758152950235,"[""LocalDateTime"", ""DateTimeFormat"", ""TestLocalDateTime_Basics""]","[0.058186738836265225, 0.028368794326241134, 0.027988338192419825]","[11.043301759133964, 5.831205673758865, 2.8956268221574346]"
org.joda.time.TestDateMidnight_Basics.testProperty,0.03319502074688797,0.019090584935681682,0.00994733762434172,0.1145435096140901,0.016248100170171042,0.01756917116776755,0.007944126695731898,3.8485477178423237,2.1463896196474095,0.7466354593329433,12.878337717884458,1.5333603552103305,1.8171567774945994,1.1857319440642546,"[""TestDateMidnight_Basics"", ""UnsupportedDateTimeField"", ""UnsupportedDurationField"", ""DateTimeFieldType"", ""DateMidnight"", ""DurationFieldType"", ""TestDateMidnight_Basics$1""]","[0.03319502074688797, 0.02560553633217993, 0.016693163751987282, 0.016383850204798128, 0.012718600953895072, 0.00994733762434172]","[3.8485477178423237, 3.5916955017301038, 2.1089030206677264, 1.406085430076068, 1.1764705882352942, 0.7466354593329433]"
org.joda.time.convert.TestStringConverter.testGetPartialValues,0.044386422976501305,0.02288953420383595,0.006024096385542169,0.11444767101917976,0.014930814371632802,0.018966576154355198,0.012655721248236756,4.117493472584856,1.5789691758872455,0.06927710843373494,7.894845879436227,0.28180338041302105,0.8183131188430653,1.4391999350825457,"[""TimeOfDay"", ""Arrays"", ""ISOChronology"", ""StringConverter"", ""TestStringConverter""]","[0.044386422976501305, 0.024303073624017155, 0.02399063779988297, 0.01574344023323615, 0.006024096385542169]","[4.117493472584856, 2.1558255897069336, 0.8513750731421884, 0.7008746355685131, 0.06927710843373494]"
org.joda.time.TestLocalDate_Basics.testToDate_springDST,0.06765899864682003,0.028588106091555918,0.00243605359317905,0.11435242436622367,0.006473299949600737,0.01394958473295518,0.026522605139758588,9.71853856562923,4.0762611342666535,0.04506699147381242,16.305044537066614,0.1271957225843047,0.7479327225134006,4.163828338391385,"[""TestLocalDate_Basics"", ""LocalDate"", ""TimeZone"", ""Date"", ""SimpleTimeZone""]","[0.06765899864682003, 0.03825136612021858, 0.006006006006006006, 0.00243605359317905]","[9.71853856562923, 6.430327868852459, 0.1111111111111111, 0.04506699147381242]"
org.joda.time.TestLocalDate_Basics.testToDate_springDST_2Hour40Savings,0.06765899864682003,0.028588106091555918,0.00243605359317905,0.11435242436622367,0.006473299949600737,0.01394958473295518,0.026522605139758588,9.71853856562923,4.0762611342666535,0.04506699147381242,16.305044537066614,0.1271957225843047,0.7479327225134006,4.163828338391385,"[""TestLocalDate_Basics"", ""LocalDate"", ""TimeZone"", ""Date"", ""SimpleTimeZone""]","[0.06765899864682003, 0.03825136612021858, 0.006006006006006006, 0.00243605359317905]","[9.71853856562923, 6.430327868852459, 0.1111111111111111, 0.04506699147381242]"
org.joda.time.TestLocalDate_Basics.testToDate_autumnDST,0.06765899864682003,0.028588106091555918,0.00243605359317905,0.11435242436622367,0.006473299949600737,0.01394958473295518,0.026522605139758588,9.71853856562923,4.0762611342666535,0.04506699147381242,16.305044537066614,0.1271957225843047,0.7479327225134006,4.163828338391385,"[""TestLocalDate_Basics"", ""LocalDate"", ""TimeZone"", ""Date"", ""SimpleTimeZone""]","[0.06765899864682003, 0.03825136612021858, 0.006006006006006006, 0.00243605359317905]","[9.71853856562923, 6.430327868852459, 0.1111111111111111, 0.04506699147381242]"
org.joda.time.TestMutableInterval_Constructors.testConstructor_Object_Chronology2,0.04081632653061224,0.02283929698793964,0.01574344023323615,0.1141964849396982,0.020241884344672334,0.021347716455485742,0.0093130358709534,5.746938775510204,2.3147149426722087,0.7008746355685131,11.573574713361044,1.4431293010711481,1.7888470761729651,1.791626783356242,"[""Interval"", ""TestMutableInterval_Constructors"", ""MutableInterval"", ""ISOChronology"", ""DateTime""]","[0.04081632653061224, 0.022713687985654513, 0.01852958756724447, 0.01639344262295082, 0.01574344023323615]","[5.746938775510204, 1.5499103407053199, 1.2755528989838614, 2.3002980625931446, 0.7008746355685131]"
org.joda.time.TestLocalDate_Basics.testEqualsHashCodeStrict,0.06765899864682003,0.03803409662314589,0.008191925102399064,0.11410228986943767,0.01840555321834245,0.027677030758586067,0.024277817220804146,9.71853856562923,5.559862051205229,0.5307197191339965,16.679586153615688,1.4001399647874309,3.212918934757908,3.801077640509548,"[""StrictChronology"", ""TestLocalDate_Basics"", ""LocalDate""]","[0.06765899864682003, 0.03825136612021858, 0.008191925102399064]","[9.71853856562923, 6.430327868852459, 0.5307197191339965]"
org.joda.time.TestMonths.testAddToLocalDate,0.06765899864682003,0.03799495908035641,0.020766773162939296,0.11398487724106923,0.029394806163864737,0.03299236220382254,0.021066688470871984,9.71853856562923,4.678809979810382,1.987220447284345,14.036429939431146,2.898067534231223,3.5572085110018765,3.5663835764876355,"[""Months"", ""TestMonths"", ""LocalDate""]","[0.06765899864682003, 0.025559105431309903, 0.020766773162939296]","[9.71853856562923, 2.330670926517572, 1.987220447284345]"
org.joda.time.TestDays.testAddToLocalDate,0.06765899864682003,0.03799495908035641,0.020766773162939296,0.11398487724106923,0.029394806163864737,0.03299236220382254,0.021066688470871984,9.71853856562923,4.9823243568071875,2.4345047923322682,14.946973070421562,3.4420402508072505,4.043359507315429,3.3522221825915293,"[""Days"", ""TestDays"", ""LocalDate""]","[0.06765899864682003, 0.025559105431309903, 0.020766773162939296]","[9.71853856562923, 2.7939297124600637, 2.4345047923322682]"
org.joda.time.TestDateTime_Basics.testEqualsHashCode,0.04081632653061224,0.028419402914255674,0.017815646785437646,0.1136776116570227,0.025994654238423117,0.027188898621480148,0.008362646503558262,5.746938775510204,3.511935844871773,1.8431486880466472,14.047743379487091,2.7843102751549904,3.1219423983778185,1.6473281109134208,"[""BaseChronology"", ""TestDateTime_Basics"", ""TestDateTime_Basics$MockInstant"", ""DateTime"", ""TestDateTime_Basics$MockEqualsChronology"", ""AbstractInstant""]","[0.04081632653061224, 0.02997275204359673, 0.02507288629737609, 0.017815646785437646]","[5.746938775510204, 4.435967302452316, 1.8431486880466472, 2.021688613477924]"
org.joda.time.TestTimeOfDay_Basics.testPlus_RP,0.044386422976501305,0.02831212665047695,0.01749271137026239,0.1132485066019078,0.024852529475830918,0.02646930799891185,0.010538392406616538,4.878497790868925,3.407927609016544,1.114868804664723,13.631710436066175,2.4557411663257747,2.979871873704036,1.4086279320845172,"[""Period"", ""BuddhistChronology"", ""TimeOfDay"", ""TestTimeOfDay_Basics""]","[0.044386422976501305, 0.030927835051546393, 0.02044153720359771, 0.01749271137026239]","[4.117493472584856, 4.878497790868925, 3.5208503679476695, 1.114868804664723]"
org.joda.time.TestTimeOfDay_Basics.testMinus_RP,0.044386422976501305,0.02831212665047695,0.01749271137026239,0.1132485066019078,0.024852529475830918,0.02646930799891185,0.010538392406616538,4.878497790868925,3.407927609016544,1.114868804664723,13.631710436066175,2.4557411663257747,2.979871873704036,1.4086279320845172,"[""Period"", ""BuddhistChronology"", ""TimeOfDay"", ""TestTimeOfDay_Basics""]","[0.044386422976501305, 0.030927835051546393, 0.02044153720359771, 0.01749271137026239]","[4.117493472584856, 4.878497790868925, 3.5208503679476695, 1.114868804664723]"
org.joda.time.format.TestDateTimeFormatStyle.testForStyle_shortTime,0.04081632653061224,0.02259499663457844,0.006006006006006006,0.1129749831728922,0.01419734828513008,0.018361882978974595,0.01249635898557855,5.746938775510204,2.570901120192428,0.1111111111111111,12.85450560096214,0.4745504953995291,1.49452517516035,1.8508562787506158,"[""DateTimeFormatter"", ""DateFormat"", ""DateTimeFormat"", ""DateTime"", ""TimeZone"", ""TestDateTimeFormatStyle""]","[0.04081632653061224, 0.027988338192419825, 0.026822157434402333, 0.011342155009451797, 0.006006006006006006]","[5.746938775510204, 2.8956268221574346, 2.464723032069971, 1.6361058601134215, 0.1111111111111111]"
org.joda.time.TestDateMidnight_Basics.testToInterval,0.03319502074688797,0.0281105200290672,0.022713687985654513,0.1124420801162688,0.027484098131196982,0.02779783670439103,0.004159030864032022,4.878497790868925,3.4671628377866686,1.5499103407053199,13.868651351146674,2.880935148157827,3.1974021947739226,1.2071336192071156,"[""TestDateMidnight_Basics"", ""DateMidnight"", ""Period"", ""Interval""]","[0.03319502074688797, 0.030927835051546393, 0.02560553633217993, 0.022713687985654513]","[3.8485477178423237, 4.878497790868925, 3.5916955017301038, 1.5499103407053199]"
org.joda.time.TestYears.testAddToLocalDate,0.06765899864682003,0.037462477717204117,0.020766773162939296,0.11238743315161234,0.028662279949632784,0.03229018279936686,0.021391964765747742,9.71853856562923,4.568586337637858,1.817891373801917,13.705759012913575,2.6931045258546233,3.371564269117726,3.6443914057204987,"[""Years"", ""LocalDate"", ""TestYears""]","[0.06765899864682003, 0.023961661341853034, 0.020766773162939296]","[9.71853856562923, 2.169329073482428, 1.817891373801917]"
org.joda.time.TestWeeks.testAddToLocalDate,0.06765899864682003,0.037462477717204117,0.020766773162939296,0.11238743315161234,0.028662279949632784,0.03229018279936686,0.021391964765747742,9.71853856562923,4.937063440939243,2.36741214057508,14.811190322817728,3.362329692970525,3.9727677386510263,3.384167884101283,"[""TestWeeks"", ""Weeks"", ""LocalDate""]","[0.06765899864682003, 0.023961661341853034, 0.020766773162939296]","[9.71853856562923, 2.7252396166134187, 2.36741214057508]"
org.joda.time.TestDateTimeUtils.test_julianDay,0.04081632653061224,0.028066391391721523,0.018658892128279883,0.11226556556688609,0.025986330107599646,0.026983826440285158,0.008027846926105697,5.746938775510204,2.4980137659459385,0.8128279883381925,9.992055063783754,1.5442349349085533,1.9174915840985567,1.9183524774771665,"[""JulianChronology"", ""DateTimeUtils"", ""TestDateTimeUtils"", ""DateTime""]","[0.04081632653061224, 0.027149321266968326, 0.02564102564102564, 0.018658892128279883]","[5.746938775510204, 1.4899806076276665, 1.9423076923076923, 0.8128279883381925]"
org.joda.time.TestInterval_Constructors.testConstructor_Object5,0.04081632653061224,0.022427668306747625,0.009563658099222952,0.11213834153373813,0.017969221878323026,0.02011349007876288,0.010395089355188082,5.746938775510204,2.3636460661544945,0.3753735803945009,11.818230330772472,1.0981338122302293,1.6691436220969162,1.8480193258111524,"[""StringBuilder"", ""TestInterval_Constructors"", ""Object"", ""Interval"", ""ReadWritableInterval"", ""TestInterval_Constructors$1"", ""DateTime"", ""ConverterManager""]","[0.04081632653061224, 0.022713687985654513, 0.02266081871345029, 0.016383850204798128, 0.009563658099222952]","[5.746938775510204, 1.5499103407053199, 2.722953216374269, 1.4230544177881803, 0.3753735803945009]"
org.joda.time.TestLocalDate_Basics.testToDate_summer,0.06765899864682003,0.0373054569243482,0.006006006006006006,0.11191637077304462,0.014463208352847185,0.02495663876093869,0.025178614385322994,9.71853856562923,5.4199925151976,0.1111111111111111,16.2599775455928,0.3240297481845901,1.9077898039520074,3.9867487771859746,"[""GregorianCalendar"", ""TestLocalDate_Basics"", ""LocalDate""]","[0.06765899864682003, 0.03825136612021858, 0.006006006006006006]","[9.71853856562923, 6.430327868852459, 0.1111111111111111]"
org.joda.time.TestLocalDate_Basics.testToDate_winter,0.06765899864682003,0.0373054569243482,0.006006006006006006,0.11191637077304462,0.014463208352847185,0.02495663876093869,0.025178614385322994,9.71853856562923,5.4199925151976,0.1111111111111111,16.2599775455928,0.3240297481845901,1.9077898039520074,3.9867487771859746,"[""GregorianCalendar"", ""TestLocalDate_Basics"", ""LocalDate""]","[0.06765899864682003, 0.03825136612021858, 0.006006006006006006]","[9.71853856562923, 6.430327868852459, 0.1111111111111111]"
org.joda.time.TestDateTimeZone.testGetOffsetFixed_RI,0.037317784256559766,0.02788968249200886,0.018658892128279883,0.11155872996803544,0.026247633686797243,0.027076643014386694,0.0066132373214063435,3.550624133148405,2.3406176574972246,0.963265306122449,9.362470629988898,1.7477407568284957,2.033983373700227,1.1314910293905778,"[""DateTimeUtils"", ""DateTimeZone"", ""TestDateTimeZone"", ""Instant""]","[0.037317784256559766, 0.028432732316227463, 0.027149321266968326, 0.018658892128279883]","[3.358600583090379, 3.550624133148405, 1.4899806076276665, 0.963265306122449]"
org.joda.time.TestDateTimeZone.testGetOffset_RI,0.037317784256559766,0.02788968249200886,0.018658892128279883,0.11155872996803544,0.026247633686797243,0.027076643014386694,0.0066132373214063435,3.550624133148405,2.3406176574972246,0.963265306122449,9.362470629988898,1.7477407568284957,2.033983373700227,1.1314910293905778,"[""DateTimeUtils"", ""DateTimeZone"", ""TestDateTimeZone"", ""Instant""]","[0.037317784256559766, 0.028432732316227463, 0.027149321266968326, 0.018658892128279883]","[3.358600583090379, 3.550624133148405, 1.4899806076276665, 0.963265306122449]"
org.joda.time.format.TestDateTimeFormatter.testParseLocalDateTime_simple,0.058186738836265225,0.03713303139905067,0.02639019792648445,0.11139909419715201,0.032481061901922646,0.03453452264348312,0.01488826371996833,11.043301759133964,5.685207132726163,2.464723032069971,17.055621398178488,3.855254685998454,4.587757261118932,3.8144494853090554,"[""TestDateTimeFormatter"", ""DateTimeFormatter"", ""LocalDateTime""]","[0.058186738836265225, 0.026822157434402333, 0.02639019792648445]","[11.043301759133964, 2.464723032069971, 3.5475966069745524]"
org.joda.time.TestInterval_Constructors.testConstructor_RD_RI5,0.04081632653061224,0.027837936511057114,0.02266081871345029,0.11135174604422846,0.02624679939986885,0.026963787147248477,0.007560845439035627,5.746938775510204,2.9069400506723166,1.5499103407053199,11.627760202689267,2.2119496124640063,2.4989898829262196,1.7050167338955016,"[""Interval"", ""TestInterval_Constructors"", ""Duration"", ""DateTime""]","[0.04081632653061224, 0.02516091281451141, 0.022713687985654513, 0.02266081871345029]","[5.746938775510204, 1.6079578700994734, 1.5499103407053199, 2.722953216374269]"
org.joda.time.TestInterval_Constructors.testConstructor_RI_RD5,0.04081632653061224,0.027837936511057114,0.02266081871345029,0.11135174604422846,0.02624679939986885,0.026963787147248477,0.007560845439035627,5.746938775510204,2.9069400506723166,1.5499103407053199,11.627760202689267,2.2119496124640063,2.4989898829262196,1.7050167338955016,"[""Interval"", ""TestInterval_Constructors"", ""Duration"", ""DateTime""]","[0.04081632653061224, 0.02516091281451141, 0.022713687985654513, 0.02266081871345029]","[5.746938775510204, 1.6079578700994734, 1.5499103407053199, 2.722953216374269]"
org.joda.time.TestInterval_Constructors.testConstructor_RI_RI_chronoStart,0.04081632653061224,0.027815929881773283,0.02266081871345029,0.11126371952709313,0.026222790179628752,0.026940172656216416,0.007568729164419281,5.746938775510204,3.229003061281559,1.5499103407053199,12.916012245126236,2.611423813514368,2.895031812435046,1.5432263565872808,"[""Interval"", ""TestInterval_Constructors"", ""GJChronology"", ""DateTime""]","[0.04081632653061224, 0.02507288629737609, 0.022713687985654513, 0.02266081871345029]","[5.746938775510204, 2.896209912536443, 1.5499103407053199, 2.722953216374269]"
org.joda.time.TestInterval_Constructors.testConstructor_long_long_Chronology,0.04081632653061224,0.027815929881773283,0.02266081871345029,0.11126371952709313,0.026222790179628752,0.026940172656216416,0.007568729164419281,5.746938775510204,3.229003061281559,1.5499103407053199,12.916012245126236,2.611423813514368,2.895031812435046,1.5432263565872808,"[""Interval"", ""TestInterval_Constructors"", ""GJChronology"", ""DateTime""]","[0.04081632653061224, 0.02507288629737609, 0.022713687985654513, 0.02266081871345029]","[5.746938775510204, 2.896209912536443, 1.5499103407053199, 2.722953216374269]"
org.joda.time.TestLocalDate_Properties.testPropertyEquals,0.06765899864682003,0.0368945848007504,0.021067415730337078,0.1106837544022512,0.027832018307283154,0.03151414432012505,0.021756759268202606,9.71853856562923,4.657639232683321,0.8456712672521958,13.972917698049963,1.9002315035316972,3.0371350706262867,3.7284327086345455,"[""TestLocalDate_Properties"", ""CopticChronology"", ""LocalDate$Property"", ""LocalDate""]","[0.06765899864682003, 0.021957340025094103, 0.021067415730337078]","[9.71853856562923, 0.8456712672521958, 3.408707865168539]"
org.joda.time.TestYearMonth_Basics.testToDateTime_nullRI,0.04081632653061224,0.02765807861606181,0.013333333333333334,0.11063231446424723,0.02347083926031294,0.0256580272236093,0.009764772501239078,5.746938775510204,4.018563179117801,1.4899806076276665,16.074252716471204,3.033656951967733,3.5557475213028935,1.6892055218431492,"[""YearMonth"", ""TestYearMonth_Basics"", ""DateTime$Property"", ""DateTime"", ""DateTimeUtils""]","[0.04081632653061224, 0.029333333333333333, 0.027149321266968326, 0.013333333333333334]","[5.746938775510204, 5.344, 1.4899806076276665, 3.493333333333333]"
org.joda.time.TestMutableDateTime_Basics.testCompareTo,0.03498542274052478,0.022119905931926153,0.01574344023323615,0.11059952965963077,0.020162463259077234,0.021059930330347112,0.007279532113196405,4.066472303206997,1.943643677049407,0.632069970845481,9.718218385247035,1.190110914093312,1.5239639199175723,1.269979117135753,"[""AbstractInstant"", ""MutableDateTime"", ""GregorianChronology"", ""TestMutableDateTime_Basics"", ""ISOChronology"", ""TestMutableDateTime_Basics$MockInstant""]","[0.03498542274052478, 0.02507288629737609, 0.019054340155257588, 0.01574344023323615, 0.01574344023323615]","[4.066472303206997, 1.8431486880466472, 2.475652787579393, 0.7008746355685131, 0.632069970845481]"
org.joda.time.TestMutableDateTime_Basics.testToDateTime,0.04081632653061224,0.027649882414907692,0.01574344023323615,0.11059952965963077,0.02365697387875801,0.025583128299862656,0.010521550678056487,5.746938775510204,3.247484625466277,0.7008746355685131,12.989938501865108,1.7772709590315676,2.5234582086074178,1.8707591167147817,"[""TestMutableDateTime_Basics"", ""MutableDateTime"", ""ISOChronology"", ""DateTime""]","[0.04081632653061224, 0.03498542274052478, 0.019054340155257588, 0.01574344023323615]","[5.746938775510204, 4.066472303206997, 2.475652787579393, 0.7008746355685131]"
org.joda.time.TestMutableDateTime_Basics.testToDateTimeISO,0.04081632653061224,0.027649882414907692,0.01574344023323615,0.11059952965963077,0.02365697387875801,0.025583128299862656,0.010521550678056487,5.746938775510204,3.247484625466277,0.7008746355685131,12.989938501865108,1.7772709590315676,2.5234582086074178,1.8707591167147817,"[""Object"", ""MutableDateTime"", ""TestMutableDateTime_Basics"", ""ISOChronology"", ""DateTime""]","[0.04081632653061224, 0.03498542274052478, 0.019054340155257588, 0.01574344023323615]","[5.746938775510204, 4.066472303206997, 2.475652787579393, 0.7008746355685131]"
org.joda.time.TestMutableDateTime_Basics.testIsBefore,0.03498542274052478,0.022119905931926153,0.01574344023323615,0.11059952965963077,0.020162463259077234,0.021059930330347112,0.007279532113196405,4.066472303206997,1.943643677049407,0.632069970845481,9.718218385247035,1.190110914093312,1.5239639199175723,1.269979117135753,"[""AbstractInstant"", ""MutableDateTime"", ""GregorianChronology"", ""TestMutableDateTime_Basics"", ""ISOChronology"", ""TestMutableDateTime_Basics$MockInstant""]","[0.03498542274052478, 0.02507288629737609, 0.019054340155257588, 0.01574344023323615, 0.01574344023323615]","[4.066472303206997, 1.8431486880466472, 2.475652787579393, 0.7008746355685131, 0.632069970845481]"
org.joda.time.TestMutableDateTime_Basics.testIsEqual,0.03498542274052478,0.022119905931926153,0.01574344023323615,0.11059952965963077,0.020162463259077234,0.021059930330347112,0.007279532113196405,4.066472303206997,1.943643677049407,0.632069970845481,9.718218385247035,1.190110914093312,1.5239639199175723,1.269979117135753,"[""AbstractInstant"", ""MutableDateTime"", ""GregorianChronology"", ""TestMutableDateTime_Basics"", ""ISOChronology"", ""TestMutableDateTime_Basics$MockInstant""]","[0.03498542274052478, 0.02507288629737609, 0.019054340155257588, 0.01574344023323615, 0.01574344023323615]","[4.066472303206997, 1.8431486880466472, 2.475652787579393, 0.7008746355685131, 0.632069970845481]"
org.joda.time.TestMutableDateTime_Basics.testIsAfter,0.03498542274052478,0.022119905931926153,0.01574344023323615,0.11059952965963077,0.020162463259077234,0.021059930330347112,0.007279532113196405,4.066472303206997,1.943643677049407,0.632069970845481,9.718218385247035,1.190110914093312,1.5239639199175723,1.269979117135753,"[""AbstractInstant"", ""MutableDateTime"", ""GregorianChronology"", ""TestMutableDateTime_Basics"", ""ISOChronology"", ""TestMutableDateTime_Basics$MockInstant""]","[0.03498542274052478, 0.02507288629737609, 0.019054340155257588, 0.01574344023323615, 0.01574344023323615]","[4.066472303206997, 1.8431486880466472, 2.475652787579393, 0.7008746355685131, 0.632069970845481]"
org.joda.time.TestYearMonth_Basics.testToLocalDate,0.06765899864682003,0.036775221771162235,0.013333333333333334,0.1103256653134867,0.024218761467216604,0.029799472288232893,0.022794089227678616,9.71853856562923,6.18529063298752,3.493333333333333,18.55587189896256,5.205789910012338,5.6611215526616725,2.6101241979281955,"[""YearMonth"", ""TestYearMonth_Basics"", ""LocalDate""]","[0.06765899864682003, 0.029333333333333333, 0.013333333333333334]","[9.71853856562923, 5.344, 3.493333333333333]"
org.joda.time.format.TestISODateTimeFormat_Fields.testForFields_calBased_YMD_duplicates,0.026822157434402333,0.01835984202670646,0.006024096385542169,0.11015905216023876,0.014086113338571751,0.01641667883390384,0.007349535083946481,5.0454810495626825,2.9986224981172125,0.06927710843373494,17.991734988703275,0.37474011658603584,1.7654666640464665,1.7149614161792959,"[""ArrayList"", ""DateTimeFieldType"", ""Arrays"", ""DateTimeFormatter"", ""ISODateTimeFormat"", ""TestISODateTimeFormat_Fields"", ""Partial"", ""List""]","[0.026822157434402333, 0.024134312696747113, 0.0239067055393586, 0.016693163751987282, 0.012578616352201259, 0.006024096385542169]","[2.464723032069971, 3.396642182581322, 5.0454810495626825, 2.1089030206677264, 4.90670859538784, 0.06927710843373494]"
org.joda.time.format.TestISODateTimeFormat_Fields.testForFields_calBased_MD,0.026822157434402333,0.01835984202670646,0.006024096385542169,0.11015905216023876,0.014086113338571751,0.01641667883390384,0.007349535083946481,5.0454810495626825,2.9986224981172125,0.06927710843373494,17.991734988703275,0.37474011658603584,1.7654666640464665,1.7149614161792959,"[""ArrayList"", ""DateTimeFieldType"", ""Arrays"", ""DateTimeFormatter"", ""ISODateTimeFormat"", ""TestISODateTimeFormat_Fields"", ""Partial"", ""List""]","[0.026822157434402333, 0.024134312696747113, 0.0239067055393586, 0.016693163751987282, 0.012578616352201259, 0.006024096385542169]","[2.464723032069971, 3.396642182581322, 5.0454810495626825, 2.1089030206677264, 4.90670859538784, 0.06927710843373494]"
org.joda.time.format.TestISODateTimeFormat_Fields.testForFields_calBased_Y,0.026822157434402333,0.01835984202670646,0.006024096385542169,0.11015905216023876,0.014086113338571751,0.01641667883390384,0.007349535083946481,5.0454810495626825,2.9986224981172125,0.06927710843373494,17.991734988703275,0.37474011658603584,1.7654666640464665,1.7149614161792959,"[""ArrayList"", ""DateTimeFieldType"", ""Arrays"", ""DateTimeFormatter"", ""ISODateTimeFormat"", ""TestISODateTimeFormat_Fields"", ""Partial"", ""List""]","[0.026822157434402333, 0.024134312696747113, 0.0239067055393586, 0.016693163751987282, 0.012578616352201259, 0.006024096385542169]","[2.464723032069971, 3.396642182581322, 5.0454810495626825, 2.1089030206677264, 4.90670859538784, 0.06927710843373494]"
org.joda.time.format.TestISODateTimeFormat_Fields.testForFields_time_HMSm,0.026822157434402333,0.01835984202670646,0.006024096385542169,0.11015905216023876,0.014086113338571751,0.01641667883390384,0.007349535083946481,5.0454810495626825,2.9986224981172125,0.06927710843373494,17.991734988703275,0.37474011658603584,1.7654666640464665,1.7149614161792959,"[""ArrayList"", ""DateTimeFieldType"", ""Arrays"", ""DateTimeFormatter"", ""ISODateTimeFormat"", ""TestISODateTimeFormat_Fields"", ""Partial"", ""List""]","[0.026822157434402333, 0.024134312696747113, 0.0239067055393586, 0.016693163751987282, 0.012578616352201259, 0.006024096385542169]","[2.464723032069971, 3.396642182581322, 5.0454810495626825, 2.1089030206677264, 4.90670859538784, 0.06927710843373494]"
org.joda.time.format.TestISODateTimeFormat_Fields.testForFields_calBased_D,0.026822157434402333,0.01835984202670646,0.006024096385542169,0.11015905216023876,0.014086113338571751,0.01641667883390384,0.007349535083946481,5.0454810495626825,2.9986224981172125,0.06927710843373494,17.991734988703275,0.37474011658603584,1.7654666640464665,1.7149614161792959,"[""ArrayList"", ""DateTimeFieldType"", ""Arrays"", ""DateTimeFormatter"", ""ISODateTimeFormat"", ""TestISODateTimeFormat_Fields"", ""Partial"", ""List""]","[0.026822157434402333, 0.024134312696747113, 0.0239067055393586, 0.016693163751987282, 0.012578616352201259, 0.006024096385542169]","[2.464723032069971, 3.396642182581322, 5.0454810495626825, 2.1089030206677264, 4.90670859538784, 0.06927710843373494]"
org.joda.time.format.TestISODateTimeFormat_Fields.testForFields_datetime_YH,0.026822157434402333,0.01835984202670646,0.006024096385542169,0.11015905216023876,0.014086113338571751,0.01641667883390384,0.007349535083946481,5.0454810495626825,2.9986224981172125,0.06927710843373494,17.991734988703275,0.37474011658603584,1.7654666640464665,1.7149614161792959,"[""ArrayList"", ""DateTimeFieldType"", ""Arrays"", ""DateTimeFormatter"", ""ISODateTimeFormat"", ""TestISODateTimeFormat_Fields"", ""Partial"", ""List""]","[0.026822157434402333, 0.024134312696747113, 0.0239067055393586, 0.016693163751987282, 0.012578616352201259, 0.006024096385542169]","[2.464723032069971, 3.396642182581322, 5.0454810495626825, 2.1089030206677264, 4.90670859538784, 0.06927710843373494]"
org.joda.time.format.TestISODateTimeFormat_Fields.testForFields_ordinalBased_D,0.026822157434402333,0.01835984202670646,0.006024096385542169,0.11015905216023876,0.014086113338571751,0.01641667883390384,0.007349535083946481,5.0454810495626825,2.9986224981172125,0.06927710843373494,17.991734988703275,0.37474011658603584,1.7654666640464665,1.7149614161792959,"[""ArrayList"", ""DateTimeFieldType"", ""Arrays"", ""DateTimeFormatter"", ""ISODateTimeFormat"", ""TestISODateTimeFormat_Fields"", ""Partial"", ""List""]","[0.026822157434402333, 0.024134312696747113, 0.0239067055393586, 0.016693163751987282, 0.012578616352201259, 0.006024096385542169]","[2.464723032069971, 3.396642182581322, 5.0454810495626825, 2.1089030206677264, 4.90670859538784, 0.06927710843373494]"
org.joda.time.format.TestISODateTimeFormat_Fields.testForFields_datetime_DH,0.026822157434402333,0.01835984202670646,0.006024096385542169,0.11015905216023876,0.014086113338571751,0.01641667883390384,0.007349535083946481,5.0454810495626825,2.9986224981172125,0.06927710843373494,17.991734988703275,0.37474011658603584,1.7654666640464665,1.7149614161792959,"[""ArrayList"", ""DateTimeFieldType"", ""Arrays"", ""DateTimeFormatter"", ""ISODateTimeFormat"", ""TestISODateTimeFormat_Fields"", ""Partial"", ""List""]","[0.026822157434402333, 0.024134312696747113, 0.0239067055393586, 0.016693163751987282, 0.012578616352201259, 0.006024096385542169]","[2.464723032069971, 3.396642182581322, 5.0454810495626825, 2.1089030206677264, 4.90670859538784, 0.06927710843373494]"
org.joda.time.format.TestISODateTimeFormat_Fields.testForFields_weekBased_W,0.026822157434402333,0.01835984202670646,0.006024096385542169,0.11015905216023876,0.014086113338571751,0.01641667883390384,0.007349535083946481,5.0454810495626825,2.9986224981172125,0.06927710843373494,17.991734988703275,0.37474011658603584,1.7654666640464665,1.7149614161792959,"[""ArrayList"", ""DateTimeFieldType"", ""Arrays"", ""DateTimeFormatter"", ""ISODateTimeFormat"", ""TestISODateTimeFormat_Fields"", ""Partial"", ""List""]","[0.026822157434402333, 0.024134312696747113, 0.0239067055393586, 0.016693163751987282, 0.012578616352201259, 0.006024096385542169]","[2.464723032069971, 3.396642182581322, 5.0454810495626825, 2.1089030206677264, 4.90670859538784, 0.06927710843373494]"
org.joda.time.format.TestISODateTimeFormat_Fields.testForFields_time_HMS,0.026822157434402333,0.01835984202670646,0.006024096385542169,0.11015905216023876,0.014086113338571751,0.01641667883390384,0.007349535083946481,5.0454810495626825,2.9986224981172125,0.06927710843373494,17.991734988703275,0.37474011658603584,1.7654666640464665,1.7149614161792959,"[""ArrayList"", ""DateTimeFieldType"", ""Arrays"", ""DateTimeFormatter"", ""ISODateTimeFormat"", ""TestISODateTimeFormat_Fields"", ""Partial"", ""List""]","[0.026822157434402333, 0.024134312696747113, 0.0239067055393586, 0.016693163751987282, 0.012578616352201259, 0.006024096385542169]","[2.464723032069971, 3.396642182581322, 5.0454810495626825, 2.1089030206677264, 4.90670859538784, 0.06927710843373494]"
org.joda.time.format.TestISODateTimeFormat_Fields.testForFields_calBased_YD,0.026822157434402333,0.01835984202670646,0.006024096385542169,0.11015905216023876,0.014086113338571751,0.01641667883390384,0.007349535083946481,5.0454810495626825,2.9986224981172125,0.06927710843373494,17.991734988703275,0.37474011658603584,1.7654666640464665,1.7149614161792959,"[""ArrayList"", ""DateTimeFieldType"", ""Arrays"", ""DateTimeFormatter"", ""ISODateTimeFormat"", ""TestISODateTimeFormat_Fields"", ""Partial"", ""List""]","[0.026822157434402333, 0.024134312696747113, 0.0239067055393586, 0.016693163751987282, 0.012578616352201259, 0.006024096385542169]","[2.464723032069971, 3.396642182581322, 5.0454810495626825, 2.1089030206677264, 4.90670859538784, 0.06927710843373494]"
org.joda.time.format.TestISODateTimeFormat_Fields.testForFields_time_MS,0.026822157434402333,0.01835984202670646,0.006024096385542169,0.11015905216023876,0.014086113338571751,0.01641667883390384,0.007349535083946481,5.0454810495626825,2.9986224981172125,0.06927710843373494,17.991734988703275,0.37474011658603584,1.7654666640464665,1.7149614161792959,"[""ArrayList"", ""DateTimeFieldType"", ""Arrays"", ""DateTimeFormatter"", ""ISODateTimeFormat"", ""TestISODateTimeFormat_Fields"", ""Partial"", ""List""]","[0.026822157434402333, 0.024134312696747113, 0.0239067055393586, 0.016693163751987282, 0.012578616352201259, 0.006024096385542169]","[2.464723032069971, 3.396642182581322, 5.0454810495626825, 2.1089030206677264, 4.90670859538784, 0.06927710843373494]"
org.joda.time.format.TestISODateTimeFormat_Fields.testForFields_datetime_YMDH,0.026822157434402333,0.01835984202670646,0.006024096385542169,0.11015905216023876,0.014086113338571751,0.01641667883390384,0.007349535083946481,5.0454810495626825,2.9986224981172125,0.06927710843373494,17.991734988703275,0.37474011658603584,1.7654666640464665,1.7149614161792959,"[""ArrayList"", ""DateTimeFieldType"", ""Arrays"", ""DateTimeFormatter"", ""ISODateTimeFormat"", ""TestISODateTimeFormat_Fields"", ""Partial"", ""List""]","[0.026822157434402333, 0.024134312696747113, 0.0239067055393586, 0.016693163751987282, 0.012578616352201259, 0.006024096385542169]","[2.464723032069971, 3.396642182581322, 5.0454810495626825, 2.1089030206677264, 4.90670859538784, 0.06927710843373494]"
org.joda.time.format.TestISODateTimeFormat_Fields.testForFields_calBased_YM,0.026822157434402333,0.01835984202670646,0.006024096385542169,0.11015905216023876,0.014086113338571751,0.01641667883390384,0.007349535083946481,5.0454810495626825,2.9986224981172125,0.06927710843373494,17.991734988703275,0.37474011658603584,1.7654666640464665,1.7149614161792959,"[""ArrayList"", ""DateTimeFieldType"", ""Arrays"", ""DateTimeFormatter"", ""ISODateTimeFormat"", ""TestISODateTimeFormat_Fields"", ""Partial"", ""List""]","[0.026822157434402333, 0.024134312696747113, 0.0239067055393586, 0.016693163751987282, 0.012578616352201259, 0.006024096385542169]","[2.464723032069971, 3.396642182581322, 5.0454810495626825, 2.1089030206677264, 4.90670859538784, 0.06927710843373494]"
org.joda.time.format.TestISODateTimeFormat_Fields.testForFields_time_H,0.026822157434402333,0.01835984202670646,0.006024096385542169,0.11015905216023876,0.014086113338571751,0.01641667883390384,0.007349535083946481,5.0454810495626825,2.9986224981172125,0.06927710843373494,17.991734988703275,0.37474011658603584,1.7654666640464665,1.7149614161792959,"[""ArrayList"", ""DateTimeFieldType"", ""Arrays"", ""DateTimeFormatter"", ""ISODateTimeFormat"", ""TestISODateTimeFormat_Fields"", ""Partial"", ""List""]","[0.026822157434402333, 0.024134312696747113, 0.0239067055393586, 0.016693163751987282, 0.012578616352201259, 0.006024096385542169]","[2.464723032069971, 3.396642182581322, 5.0454810495626825, 2.1089030206677264, 4.90670859538784, 0.06927710843373494]"
org.joda.time.format.TestISODateTimeFormat_Fields.testForFields_weekBased_YWD,0.026822157434402333,0.01835984202670646,0.006024096385542169,0.11015905216023876,0.014086113338571751,0.01641667883390384,0.007349535083946481,5.0454810495626825,2.9986224981172125,0.06927710843373494,17.991734988703275,0.37474011658603584,1.7654666640464665,1.7149614161792959,"[""ArrayList"", ""DateTimeFieldType"", ""Arrays"", ""DateTimeFormatter"", ""ISODateTimeFormat"", ""TestISODateTimeFormat_Fields"", ""Partial"", ""List""]","[0.026822157434402333, 0.024134312696747113, 0.0239067055393586, 0.016693163751987282, 0.012578616352201259, 0.006024096385542169]","[2.464723032069971, 3.396642182581322, 5.0454810495626825, 2.1089030206677264, 4.90670859538784, 0.06927710843373494]"
org.joda.time.format.TestISODateTimeFormat_Fields.testForFields_time_Sm,0.026822157434402333,0.01835984202670646,0.006024096385542169,0.11015905216023876,0.014086113338571751,0.01641667883390384,0.007349535083946481,5.0454810495626825,2.9986224981172125,0.06927710843373494,17.991734988703275,0.37474011658603584,1.7654666640464665,1.7149614161792959,"[""ArrayList"", ""DateTimeFieldType"", ""Arrays"", ""DateTimeFormatter"", ""ISODateTimeFormat"", ""TestISODateTimeFormat_Fields"", ""Partial"", ""List""]","[0.026822157434402333, 0.024134312696747113, 0.0239067055393586, 0.016693163751987282, 0.012578616352201259, 0.006024096385542169]","[2.464723032069971, 3.396642182581322, 5.0454810495626825, 2.1089030206677264, 4.90670859538784, 0.06927710843373494]"
org.joda.time.format.TestISODateTimeFormat_Fields.testForFields_time_HMm,0.026822157434402333,0.01835984202670646,0.006024096385542169,0.11015905216023876,0.014086113338571751,0.01641667883390384,0.007349535083946481,5.0454810495626825,2.9986224981172125,0.06927710843373494,17.991734988703275,0.37474011658603584,1.7654666640464665,1.7149614161792959,"[""ArrayList"", ""DateTimeFieldType"", ""Arrays"", ""DateTimeFormatter"", ""ISODateTimeFormat"", ""TestISODateTimeFormat_Fields"", ""Partial"", ""List""]","[0.026822157434402333, 0.024134312696747113, 0.0239067055393586, 0.016693163751987282, 0.012578616352201259, 0.006024096385542169]","[2.464723032069971, 3.396642182581322, 5.0454810495626825, 2.1089030206677264, 4.90670859538784, 0.06927710843373494]"
org.joda.time.format.TestISODateTimeFormat_Fields.testForFields_weekBased_D,0.026822157434402333,0.01835984202670646,0.006024096385542169,0.11015905216023876,0.014086113338571751,0.01641667883390384,0.007349535083946481,5.0454810495626825,2.9986224981172125,0.06927710843373494,17.991734988703275,0.37474011658603584,1.7654666640464665,1.7149614161792959,"[""ArrayList"", ""DateTimeFieldType"", ""Arrays"", ""DateTimeFormatter"", ""ISODateTimeFormat"", ""TestISODateTimeFormat_Fields"", ""Partial"", ""List""]","[0.026822157434402333, 0.024134312696747113, 0.0239067055393586, 0.016693163751987282, 0.012578616352201259, 0.006024096385542169]","[2.464723032069971, 3.396642182581322, 5.0454810495626825, 2.1089030206677264, 4.90670859538784, 0.06927710843373494]"
org.joda.time.format.TestISODateTimeFormat_Fields.testForFields_time_Mm,0.026822157434402333,0.01835984202670646,0.006024096385542169,0.11015905216023876,0.014086113338571751,0.01641667883390384,0.007349535083946481,5.0454810495626825,2.9986224981172125,0.06927710843373494,17.991734988703275,0.37474011658603584,1.7654666640464665,1.7149614161792959,"[""ArrayList"", ""DateTimeFieldType"", ""Arrays"", ""DateTimeFormatter"", ""ISODateTimeFormat"", ""TestISODateTimeFormat_Fields"", ""Partial"", ""List""]","[0.026822157434402333, 0.024134312696747113, 0.0239067055393586, 0.016693163751987282, 0.012578616352201259, 0.006024096385542169]","[2.464723032069971, 3.396642182581322, 5.0454810495626825, 2.1089030206677264, 4.90670859538784, 0.06927710843373494]"
org.joda.time.format.TestISODateTimeFormat_Fields.testForFields_time_S,0.026822157434402333,0.01835984202670646,0.006024096385542169,0.11015905216023876,0.014086113338571751,0.01641667883390384,0.007349535083946481,5.0454810495626825,2.9986224981172125,0.06927710843373494,17.991734988703275,0.37474011658603584,1.7654666640464665,1.7149614161792959,"[""ArrayList"", ""DateTimeFieldType"", ""Arrays"", ""DateTimeFormatter"", ""ISODateTimeFormat"", ""TestISODateTimeFormat_Fields"", ""Partial"", ""List""]","[0.026822157434402333, 0.024134312696747113, 0.0239067055393586, 0.016693163751987282, 0.012578616352201259, 0.006024096385542169]","[2.464723032069971, 3.396642182581322, 5.0454810495626825, 2.1089030206677264, 4.90670859538784, 0.06927710843373494]"
org.joda.time.format.TestISODateTimeFormat_Fields.testForFields_time_M,0.026822157434402333,0.01835984202670646,0.006024096385542169,0.11015905216023876,0.014086113338571751,0.01641667883390384,0.007349535083946481,5.0454810495626825,2.9986224981172125,0.06927710843373494,17.991734988703275,0.37474011658603584,1.7654666640464665,1.7149614161792959,"[""ArrayList"", ""DateTimeFieldType"", ""Arrays"", ""DateTimeFormatter"", ""ISODateTimeFormat"", ""TestISODateTimeFormat_Fields"", ""Partial"", ""List""]","[0.026822157434402333, 0.024134312696747113, 0.0239067055393586, 0.016693163751987282, 0.012578616352201259, 0.006024096385542169]","[2.464723032069971, 3.396642182581322, 5.0454810495626825, 2.1089030206677264, 4.90670859538784, 0.06927710843373494]"
org.joda.time.format.TestISODateTimeFormat_Fields.testForFields_ordinalBased_Y,0.026822157434402333,0.01835984202670646,0.006024096385542169,0.11015905216023876,0.014086113338571751,0.01641667883390384,0.007349535083946481,5.0454810495626825,2.9986224981172125,0.06927710843373494,17.991734988703275,0.37474011658603584,1.7654666640464665,1.7149614161792959,"[""ArrayList"", ""DateTimeFieldType"", ""Arrays"", ""DateTimeFormatter"", ""ISODateTimeFormat"", ""TestISODateTimeFormat_Fields"", ""Partial"", ""List""]","[0.026822157434402333, 0.024134312696747113, 0.0239067055393586, 0.016693163751987282, 0.012578616352201259, 0.006024096385542169]","[2.464723032069971, 3.396642182581322, 5.0454810495626825, 2.1089030206677264, 4.90670859538784, 0.06927710843373494]"
org.joda.time.format.TestISODateTimeFormat_Fields.testForFields_weekBased_WD,0.026822157434402333,0.01835984202670646,0.006024096385542169,0.11015905216023876,0.014086113338571751,0.01641667883390384,0.007349535083946481,5.0454810495626825,2.9986224981172125,0.06927710843373494,17.991734988703275,0.37474011658603584,1.7654666640464665,1.7149614161792959,"[""ArrayList"", ""DateTimeFieldType"", ""Arrays"", ""DateTimeFormatter"", ""ISODateTimeFormat"", ""TestISODateTimeFormat_Fields"", ""Partial"", ""List""]","[0.026822157434402333, 0.024134312696747113, 0.0239067055393586, 0.016693163751987282, 0.012578616352201259, 0.006024096385542169]","[2.464723032069971, 3.396642182581322, 5.0454810495626825, 2.1089030206677264, 4.90670859538784, 0.06927710843373494]"
org.joda.time.format.TestISODateTimeFormat_Fields.testForFields_datetime_DM,0.026822157434402333,0.01835984202670646,0.006024096385542169,0.11015905216023876,0.014086113338571751,0.01641667883390384,0.007349535083946481,5.0454810495626825,2.9986224981172125,0.06927710843373494,17.991734988703275,0.37474011658603584,1.7654666640464665,1.7149614161792959,"[""ArrayList"", ""DateTimeFieldType"", ""Arrays"", ""DateTimeFormatter"", ""ISODateTimeFormat"", ""TestISODateTimeFormat_Fields"", ""Partial"", ""List""]","[0.026822157434402333, 0.024134312696747113, 0.0239067055393586, 0.016693163751987282, 0.012578616352201259, 0.006024096385542169]","[2.464723032069971, 3.396642182581322, 5.0454810495626825, 2.1089030206677264, 4.90670859538784, 0.06927710843373494]"
org.joda.time.format.TestISODateTimeFormat_Fields.testForFields_weekBased_Y,0.026822157434402333,0.01835984202670646,0.006024096385542169,0.11015905216023876,0.014086113338571751,0.01641667883390384,0.007349535083946481,5.0454810495626825,2.9986224981172125,0.06927710843373494,17.991734988703275,0.37474011658603584,1.7654666640464665,1.7149614161792959,"[""ArrayList"", ""DateTimeFieldType"", ""Arrays"", ""DateTimeFormatter"", ""ISODateTimeFormat"", ""TestISODateTimeFormat_Fields"", ""Partial"", ""List""]","[0.026822157434402333, 0.024134312696747113, 0.0239067055393586, 0.016693163751987282, 0.012578616352201259, 0.006024096385542169]","[2.464723032069971, 3.396642182581322, 5.0454810495626825, 2.1089030206677264, 4.90670859538784, 0.06927710843373494]"
org.joda.time.format.TestISODateTimeFormat_Fields.testForFields_calBased_M,0.026822157434402333,0.01835984202670646,0.006024096385542169,0.11015905216023876,0.014086113338571751,0.01641667883390384,0.007349535083946481,5.0454810495626825,2.9986224981172125,0.06927710843373494,17.991734988703275,0.37474011658603584,1.7654666640464665,1.7149614161792959,"[""ArrayList"", ""DateTimeFieldType"", ""Arrays"", ""DateTimeFormatter"", ""ISODateTimeFormat"", ""TestISODateTimeFormat_Fields"", ""Partial"", ""List""]","[0.026822157434402333, 0.024134312696747113, 0.0239067055393586, 0.016693163751987282, 0.012578616352201259, 0.006024096385542169]","[2.464723032069971, 3.396642182581322, 5.0454810495626825, 2.1089030206677264, 4.90670859538784, 0.06927710843373494]"
org.joda.time.format.TestISODateTimeFormat_Fields.testForFields_time_HS,0.026822157434402333,0.01835984202670646,0.006024096385542169,0.11015905216023876,0.014086113338571751,0.01641667883390384,0.007349535083946481,5.0454810495626825,2.9986224981172125,0.06927710843373494,17.991734988703275,0.37474011658603584,1.7654666640464665,1.7149614161792959,"[""ArrayList"", ""DateTimeFieldType"", ""Arrays"", ""DateTimeFormatter"", ""ISODateTimeFormat"", ""TestISODateTimeFormat_Fields"", ""Partial"", ""List""]","[0.026822157434402333, 0.024134312696747113, 0.0239067055393586, 0.016693163751987282, 0.012578616352201259, 0.006024096385542169]","[2.464723032069971, 3.396642182581322, 5.0454810495626825, 2.1089030206677264, 4.90670859538784, 0.06927710843373494]"
org.joda.time.format.TestISODateTimeFormat_Fields.testForFields_time_HM,0.026822157434402333,0.01835984202670646,0.006024096385542169,0.11015905216023876,0.014086113338571751,0.01641667883390384,0.007349535083946481,5.0454810495626825,2.9986224981172125,0.06927710843373494,17.991734988703275,0.37474011658603584,1.7654666640464665,1.7149614161792959,"[""ArrayList"", ""DateTimeFieldType"", ""Arrays"", ""DateTimeFormatter"", ""ISODateTimeFormat"", ""TestISODateTimeFormat_Fields"", ""Partial"", ""List""]","[0.026822157434402333, 0.024134312696747113, 0.0239067055393586, 0.016693163751987282, 0.012578616352201259, 0.006024096385542169]","[2.464723032069971, 3.396642182581322, 5.0454810495626825, 2.1089030206677264, 4.90670859538784, 0.06927710843373494]"
org.joda.time.format.TestISODateTimeFormat_Fields.testForFields_ordinalBased_YD,0.026822157434402333,0.01835984202670646,0.006024096385542169,0.11015905216023876,0.014086113338571751,0.01641667883390384,0.007349535083946481,5.0454810495626825,2.9986224981172125,0.06927710843373494,17.991734988703275,0.37474011658603584,1.7654666640464665,1.7149614161792959,"[""ArrayList"", ""DateTimeFieldType"", ""Arrays"", ""DateTimeFormatter"", ""ISODateTimeFormat"", ""TestISODateTimeFormat_Fields"", ""Partial"", ""List""]","[0.026822157434402333, 0.024134312696747113, 0.0239067055393586, 0.016693163751987282, 0.012578616352201259, 0.006024096385542169]","[2.464723032069971, 3.396642182581322, 5.0454810495626825, 2.1089030206677264, 4.90670859538784, 0.06927710843373494]"
org.joda.time.format.TestISODateTimeFormat_Fields.testForFields_calBased_YMD,0.026822157434402333,0.01835984202670646,0.006024096385542169,0.11015905216023876,0.014086113338571751,0.01641667883390384,0.007349535083946481,5.0454810495626825,2.9986224981172125,0.06927710843373494,17.991734988703275,0.37474011658603584,1.7654666640464665,1.7149614161792959,"[""ArrayList"", ""DateTimeFieldType"", ""Arrays"", ""DateTimeFormatter"", ""ISODateTimeFormat"", ""TestISODateTimeFormat_Fields"", ""Partial"", ""List""]","[0.026822157434402333, 0.024134312696747113, 0.0239067055393586, 0.016693163751987282, 0.012578616352201259, 0.006024096385542169]","[2.464723032069971, 3.396642182581322, 5.0454810495626825, 2.1089030206677264, 4.90670859538784, 0.06927710843373494]"
org.joda.time.format.TestISODateTimeFormat_Fields.testForFields_calBased_YMD_unmodifiable,0.026822157434402333,0.01835984202670646,0.006024096385542169,0.11015905216023876,0.014086113338571751,0.01641667883390384,0.007349535083946481,5.0454810495626825,2.9986224981172125,0.06927710843373494,17.991734988703275,0.37474011658603584,1.7654666640464665,1.7149614161792959,"[""Collections"", ""ArrayList"", ""DateTimeFieldType"", ""Arrays"", ""DateTimeFormatter"", ""ISODateTimeFormat"", ""TestISODateTimeFormat_Fields"", ""Partial"", ""List""]","[0.026822157434402333, 0.024134312696747113, 0.0239067055393586, 0.016693163751987282, 0.012578616352201259, 0.006024096385542169]","[2.464723032069971, 3.396642182581322, 5.0454810495626825, 2.1089030206677264, 4.90670859538784, 0.06927710843373494]"
org.joda.time.format.TestISODateTimeFormat_Fields.testForFields_weekBased_YD,0.026822157434402333,0.01835984202670646,0.006024096385542169,0.11015905216023876,0.014086113338571751,0.01641667883390384,0.007349535083946481,5.0454810495626825,2.9986224981172125,0.06927710843373494,17.991734988703275,0.37474011658603584,1.7654666640464665,1.7149614161792959,"[""ArrayList"", ""DateTimeFieldType"", ""Arrays"", ""DateTimeFormatter"", ""ISODateTimeFormat"", ""TestISODateTimeFormat_Fields"", ""Partial"", ""List""]","[0.026822157434402333, 0.024134312696747113, 0.0239067055393586, 0.016693163751987282, 0.012578616352201259, 0.006024096385542169]","[2.464723032069971, 3.396642182581322, 5.0454810495626825, 2.1089030206677264, 4.90670859538784, 0.06927710843373494]"
org.joda.time.format.TestISODateTimeFormat_Fields.testForFields_time_MSm,0.026822157434402333,0.01835984202670646,0.006024096385542169,0.11015905216023876,0.014086113338571751,0.01641667883390384,0.007349535083946481,5.0454810495626825,2.9986224981172125,0.06927710843373494,17.991734988703275,0.37474011658603584,1.7654666640464665,1.7149614161792959,"[""ArrayList"", ""DateTimeFieldType"", ""Arrays"", ""DateTimeFormatter"", ""ISODateTimeFormat"", ""TestISODateTimeFormat_Fields"", ""Partial"", ""List""]","[0.026822157434402333, 0.024134312696747113, 0.0239067055393586, 0.016693163751987282, 0.012578616352201259, 0.006024096385542169]","[2.464723032069971, 3.396642182581322, 5.0454810495626825, 2.1089030206677264, 4.90670859538784, 0.06927710843373494]"
org.joda.time.format.TestISODateTimeFormat_Fields.testForFields_weekBased_YW,0.026822157434402333,0.01835984202670646,0.006024096385542169,0.11015905216023876,0.014086113338571751,0.01641667883390384,0.007349535083946481,5.0454810495626825,2.9986224981172125,0.06927710843373494,17.991734988703275,0.37474011658603584,1.7654666640464665,1.7149614161792959,"[""ArrayList"", ""DateTimeFieldType"", ""Arrays"", ""DateTimeFormatter"", ""ISODateTimeFormat"", ""TestISODateTimeFormat_Fields"", ""Partial"", ""List""]","[0.026822157434402333, 0.024134312696747113, 0.0239067055393586, 0.016693163751987282, 0.012578616352201259, 0.006024096385542169]","[2.464723032069971, 3.396642182581322, 5.0454810495626825, 2.1089030206677264, 4.90670859538784, 0.06927710843373494]"
org.joda.time.format.TestISODateTimeFormat_Fields.testForFields_time_HSm,0.026822157434402333,0.01835984202670646,0.006024096385542169,0.11015905216023876,0.014086113338571751,0.01641667883390384,0.007349535083946481,5.0454810495626825,2.9986224981172125,0.06927710843373494,17.991734988703275,0.37474011658603584,1.7654666640464665,1.7149614161792959,"[""ArrayList"", ""DateTimeFieldType"", ""Arrays"", ""DateTimeFormatter"", ""ISODateTimeFormat"", ""TestISODateTimeFormat_Fields"", ""Partial"", ""List""]","[0.026822157434402333, 0.024134312696747113, 0.0239067055393586, 0.016693163751987282, 0.012578616352201259, 0.006024096385542169]","[2.464723032069971, 3.396642182581322, 5.0454810495626825, 2.1089030206677264, 4.90670859538784, 0.06927710843373494]"
org.joda.time.TestIllegalFieldValueException.testGJCutover,0.04081632653061224,0.022009862905008348,0.013224821973550356,0.11004931452504174,0.018510418279633303,0.02002203658308082,0.0102844281598664,5.746938775510204,2.667806069108083,1.1627670396744658,13.339030345540415,1.956468535556386,2.2536065128059697,1.652711036308724,"[""IllegalFieldValueException"", ""GJChronology"", ""DateTimeFieldType"", ""TestIllegalFieldValueException"", ""DateTime$Property"", ""Integer"", ""DateTime""]","[0.04081632653061224, 0.02507288629737609, 0.016693163751987282, 0.014242115971515769, 0.013224821973550356]","[5.746938775510204, 2.896209912536443, 2.1089030206677264, 1.1627670396744658, 1.4242115971515767]"
org.joda.time.TestDays.testFactory_daysIn_RInterval,0.04081632653061224,0.027463973277628985,0.020766773162939296,0.10985589311051594,0.025673090352777626,0.02648555390402809,0.007895118090246362,5.746938775510204,3.131320905251964,1.5499103407053199,12.525283621007857,2.519075289746769,2.789923622324216,1.5765232101900721,"[""Days"", ""Interval"", ""TestDays"", ""DateTime""]","[0.04081632653061224, 0.025559105431309903, 0.022713687985654513, 0.020766773162939296]","[5.746938775510204, 2.7939297124600637, 1.5499103407053199, 2.4345047923322682]"
org.joda.time.TestMonths.testFactory_monthsIn_RInterval,0.04081632653061224,0.027463973277628985,0.020766773162939296,0.10985589311051594,0.025673090352777626,0.02648555390402809,0.007895118090246362,5.746938775510204,2.9036851225043603,1.5499103407053199,11.614740490017441,2.2837819083703703,2.5343555215403724,1.664710955758884,"[""Months"", ""Interval"", ""TestMonths"", ""DateTime""]","[0.04081632653061224, 0.025559105431309903, 0.022713687985654513, 0.020766773162939296]","[5.746938775510204, 2.330670926517572, 1.5499103407053199, 1.987220447284345]"
org.joda.time.format.TestTextFields.testMonthNames_monthStart,0.04081632653061224,0.027462261094914155,0.014222222222222223,0.10984904437965662,0.023834454171569208,0.02569319121531692,0.009411644155247536,5.746938775510204,2.945044379656624,0.6728888888888889,11.780177518626497,1.6589190930955018,2.2920424694327646,1.8197838794537051,"[""DateTimeFormatter"", ""DateTimeFormat"", ""TestTextFields"", ""DateTime""]","[0.04081632653061224, 0.027988338192419825, 0.026822157434402333, 0.014222222222222223]","[5.746938775510204, 2.8956268221574346, 2.464723032069971, 0.6728888888888889]"
org.joda.time.format.TestTextFields.testMonthNames_monthMiddle,0.04081632653061224,0.027462261094914155,0.014222222222222223,0.10984904437965662,0.023834454171569208,0.02569319121531692,0.009411644155247536,5.746938775510204,2.945044379656624,0.6728888888888889,11.780177518626497,1.6589190930955018,2.2920424694327646,1.8197838794537051,"[""DateTimeFormatter"", ""DateTimeFormat"", ""TestTextFields"", ""DateTime""]","[0.04081632653061224, 0.027988338192419825, 0.026822157434402333, 0.014222222222222223]","[5.746938775510204, 2.8956268221574346, 2.464723032069971, 0.6728888888888889]"
org.joda.time.TestMutableDateTime_Basics.testProperty,0.03498542274052478,0.018297119238467427,0.00994733762434172,0.10978271543080456,0.01574143320082443,0.0168718864439833,0.00802231105673745,4.066472303206997,1.996703264849737,0.7466354593329433,11.980219589098422,1.490844920876366,1.7236308529071167,1.088592814263696,"[""UnsupportedDateTimeField"", ""UnsupportedDurationField"", ""DateTimeFieldType"", ""MutableDateTime"", ""DurationFieldType"", ""TestMutableDateTime_Basics"", ""TestMutableDateTime_Basics$1""]","[0.03498542274052478, 0.019054340155257588, 0.016693163751987282, 0.016383850204798128, 0.012718600953895072, 0.00994733762434172]","[4.066472303206997, 2.475652787579393, 2.1089030206677264, 1.406085430076068, 1.1764705882352942, 0.7466354593329433]"
org.joda.time.TestYearMonthDay_Basics.testMinus_RP,0.03763440860215054,0.027441784545033168,0.01749271137026239,0.10976713818013267,0.025277444861238656,0.02635972176678902,0.0075653175224245795,4.878497790868925,3.164073884528178,1.114868804664723,12.656295538112712,2.3496898861409647,2.7872938272034755,1.3413655721419293,"[""TestYearMonthDay_Basics"", ""BuddhistChronology"", ""YearMonthDay"", ""Period""]","[0.03763440860215054, 0.030927835051546393, 0.023712183156173343, 0.01749271137026239]","[3.3669354838709675, 4.878497790868925, 3.295993458708095, 1.114868804664723]"
org.joda.time.TestYearMonthDay_Basics.testPlus_RP,0.03763440860215054,0.027441784545033168,0.01749271137026239,0.10976713818013267,0.025277444861238656,0.02635972176678902,0.0075653175224245795,4.878497790868925,3.164073884528178,1.114868804664723,12.656295538112712,2.3496898861409647,2.7872938272034755,1.3413655721419293,"[""TestYearMonthDay_Basics"", ""BuddhistChronology"", ""YearMonthDay"", ""Period""]","[0.03763440860215054, 0.030927835051546393, 0.023712183156173343, 0.01749271137026239]","[3.3669354838709675, 4.878497790868925, 3.295993458708095, 1.114868804664723]"
org.joda.time.format.TestISODateTimeFormatParsing.test_timeElementParser,0.037317784256559766,0.027243350895771505,0.02092675635276532,0.10897340358308602,0.02602566050014894,0.026601602631895958,0.006178676644882602,5.811659192825112,4.170115964387036,2.464723032069971,16.680463857548144,3.7253201692879845,3.9471379054507083,1.325504665292952,"[""DateTimeFormatter"", ""TestISODateTimeFormatParsing"", ""DateTimeZone"", ""ISODateTimeFormat""]","[0.037317784256559766, 0.026822157434402333, 0.0239067055393586, 0.02092675635276532]","[3.358600583090379, 2.464723032069971, 5.0454810495626825, 5.811659192825112]"
org.joda.time.TestMutablePeriod_Basics.testEqualsHashCode,0.030927835051546393,0.021794677168688582,0.016152716593245228,0.1089733858434429,0.020851574700089366,0.021296566462087798,0.004909050345910313,4.878497790868925,3.2239204808729744,2.015418502202643,16.119602404364873,2.930808000388826,3.07194367178605,1.0088483101366206,"[""MutablePeriod"", ""TestMutablePeriod_Basics"", ""BasePeriod"", ""TestMutablePeriod_Basics$MockMutablePeriod"", ""PeriodType"", ""Period""]","[0.030927835051546393, 0.021406727828746176, 0.020618556701030927, 0.019867549668874173, 0.016152716593245228]","[4.878497790868925, 2.444189602446483, 3.0537555228276876, 3.7277409860191315, 2.015418502202643]"
org.joda.time.convert.TestReadableInstantConverter.testGetPartialValues,0.044386422976501305,0.018115621058078134,0.006024096385542169,0.10869372634846881,0.012208714337480846,0.014701147397637563,0.01256085761288705,4.117493472584856,1.112134067411711,0.06927710843373494,6.672804404470266,0.26643646454517994,0.5556686533974797,1.3739480084179625,"[""ReadableInstantConverter"", ""TimeOfDay"", ""Arrays"", ""Instant"", ""ISOChronology"", ""TestReadableInstantConverter""]","[0.044386422976501305, 0.018658892128279883, 0.01574344023323615, 0.015688949522510234, 0.008191925102399064, 0.006024096385542169]","[4.117493472584856, 0.963265306122449, 0.7008746355685131, 0.5375170532060027, 0.28437682855471036, 0.06927710843373494]"
org.joda.time.TestInstant_Basics.testToDateTime_Chronology,0.04081632653061224,0.021734654157497955,0.01574344023323615,0.10867327078748977,0.01911371058180079,0.02017591633475014,0.009607790927974647,5.746938775510204,2.0001828711243155,0.632069970845481,10.000914355621578,1.0566759467217706,1.3685785838582032,1.9326205971017365,"[""GregorianChronology"", ""Instant"", ""ISOChronology"", ""DateTime"", ""TestInstant_Basics""]","[0.04081632653061224, 0.018658892128279883, 0.017711171662125342, 0.01574344023323615, 0.01574344023323615]","[5.746938775510204, 0.963265306122449, 1.957765667574932, 0.7008746355685131, 0.632069970845481]"
org.joda.time.TestLocalTime_Properties.testPropertyCompareToSecond,0.05013550135501355,0.03620495712129555,0.017663043478260868,0.10861487136388666,0.029684944610732244,0.03306345791513638,0.013651951655624326,7.333333333333333,5.937083456571035,4.730978260869565,17.811250369713104,5.749967356315008,5.8420192407873595,1.0708810175415597,"[""LocalTime$Property"", ""DateTime"", ""LocalTime"", ""TestLocalTime_Properties""]","[0.05013550135501355, 0.04081632653061224, 0.017663043478260868]","[7.333333333333333, 5.746938775510204, 4.730978260869565]"
org.joda.time.TestLocalTime_Properties.testPropertyCompareToMilli,0.05013550135501355,0.03620495712129555,0.017663043478260868,0.10861487136388666,0.029684944610732244,0.03306345791513638,0.013651951655624326,7.333333333333333,5.937083456571035,4.730978260869565,17.811250369713104,5.749967356315008,5.8420192407873595,1.0708810175415597,"[""LocalTime$Property"", ""DateTime"", ""LocalTime"", ""TestLocalTime_Properties""]","[0.05013550135501355, 0.04081632653061224, 0.017663043478260868]","[7.333333333333333, 5.746938775510204, 4.730978260869565]"
org.joda.time.TestLocalTime_Properties.testPropertyCompareToHour,0.05013550135501355,0.03620495712129555,0.017663043478260868,0.10861487136388666,0.029684944610732244,0.03306345791513638,0.013651951655624326,7.333333333333333,5.937083456571035,4.730978260869565,17.811250369713104,5.749967356315008,5.8420192407873595,1.0708810175415597,"[""LocalTime$Property"", ""DateTime"", ""LocalTime"", ""TestLocalTime_Properties""]","[0.05013550135501355, 0.04081632653061224, 0.017663043478260868]","[7.333333333333333, 5.746938775510204, 4.730978260869565]"
org.joda.time.TestLocalTime_Properties.testPropertyCompareToMinute,0.05013550135501355,0.03620495712129555,0.017663043478260868,0.10861487136388666,0.029684944610732244,0.03306345791513638,0.013651951655624326,7.333333333333333,5.937083456571035,4.730978260869565,17.811250369713104,5.749967356315008,5.8420192407873595,1.0708810175415597,"[""LocalTime$Property"", ""DateTime"", ""LocalTime"", ""TestLocalTime_Properties""]","[0.05013550135501355, 0.04081632653061224, 0.017663043478260868]","[7.333333333333333, 5.746938775510204, 4.730978260869565]"
org.joda.time.chrono.TestGJChronology.testFactory_Zone_RI_int,0.04081632653061224,0.027113702623906704,0.018658892128279883,0.10845481049562682,0.02503023351487307,0.025993272413024186,0.008271872279365076,5.746938775510204,3.0128279883381923,0.963265306122449,12.05131195335277,2.034137774374981,2.5021786589069825,1.7329320008644962,"[""Object"", ""GJChronology"", ""Instant"", ""TestGJChronology"", ""DateTime""]","[0.04081632653061224, 0.02507288629737609, 0.0239067055393586, 0.018658892128279883]","[5.746938775510204, 2.896209912536443, 2.4448979591836735, 0.963265306122449]"
org.joda.time.chrono.TestGJChronology.testFactory_Zone_RI,0.04081632653061224,0.027113702623906704,0.018658892128279883,0.10845481049562682,0.02503023351487307,0.025993272413024186,0.008271872279365076,5.746938775510204,3.0128279883381923,0.963265306122449,12.05131195335277,2.034137774374981,2.5021786589069825,1.7329320008644962,"[""Object"", ""GJChronology"", ""Instant"", ""TestGJChronology"", ""DateTime""]","[0.04081632653061224, 0.02507288629737609, 0.0239067055393586, 0.018658892128279883]","[5.746938775510204, 2.896209912536443, 2.4448979591836735, 0.963265306122449]"
org.joda.time.TestDateTime_Basics.testWithFields_RPartial,0.04081632653061224,0.036141162392119834,0.02997275204359673,0.10842348717635951,0.03553026224717373,0.03584114516795709,0.004551052266358608,5.746938775510204,4.516613853944496,3.3669354838709675,13.549841561833489,4.307611442201821,4.411164298104429,0.9733042747103242,"[""YearMonthDay"", ""TestDateTime_Basics"", ""DateTime""]","[0.04081632653061224, 0.03763440860215054, 0.02997275204359673]","[5.746938775510204, 3.3669354838709675, 4.435967302452316]"
org.joda.time.TestDateTime_Basics.testToYearMonthDay,0.04081632653061224,0.036141162392119834,0.02997275204359673,0.10842348717635951,0.03553026224717373,0.03584114516795709,0.004551052266358608,5.746938775510204,4.516613853944496,3.3669354838709675,13.549841561833489,4.307611442201821,4.411164298104429,0.9733042747103242,"[""YearMonthDay"", ""TestDateTime_Basics"", ""DateTime""]","[0.04081632653061224, 0.03763440860215054, 0.02997275204359673]","[5.746938775510204, 3.3669354838709675, 4.435967302452316]"
org.joda.time.TestMinutes.testFactory_minutesIn_RInterval,0.04081632653061224,0.02706461225526477,0.020766773162939296,0.10825844902105908,0.02525037398495882,0.02606164826043554,0.008020774107194152,5.746938775510204,3.0582378381593127,1.5499103407053199,12.23295135263725,2.451290150189618,2.7121519934454756,1.599553873812175,"[""Interval"", ""TestMinutes"", ""Minutes"", ""DateTime""]","[0.04081632653061224, 0.023961661341853034, 0.022713687985654513, 0.020766773162939296]","[5.746938775510204, 2.597444089456869, 1.5499103407053199, 2.3386581469648564]"
org.joda.time.TestYears.testFactory_yearsIn_RInterval,0.04081632653061224,0.02706461225526477,0.020766773162939296,0.10825844902105908,0.02525037398495882,0.02606164826043554,0.008020774107194152,5.746938775510204,2.8210173908749674,1.5499103407053199,11.28406956349987,2.185476847362221,2.434496351154261,1.7035029021997234,"[""Years"", ""TestYears"", ""Interval"", ""DateTime""]","[0.04081632653061224, 0.023961661341853034, 0.022713687985654513, 0.020766773162939296]","[5.746938775510204, 2.169329073482428, 1.5499103407053199, 1.817891373801917]"
org.joda.time.TestWeeks.testFactory_weeksIn_RInterval,0.04081632653061224,0.02706461225526477,0.020766773162939296,0.10825844902105908,0.02525037398495882,0.02606164826043554,0.008020774107194152,5.746938775510204,3.0973752183510057,1.5499103407053199,12.389500873404023,2.4867167923663103,2.7533119998827082,1.587936207154571,"[""TestWeeks"", ""Interval"", ""Weeks"", ""DateTime""]","[0.04081632653061224, 0.023961661341853034, 0.022713687985654513, 0.020766773162939296]","[5.746938775510204, 2.7252396166134187, 1.5499103407053199, 2.36741214057508]"
org.joda.time.TestHours.testFactory_hoursIn_RInterval,0.04081632653061224,0.02706461225526477,0.020766773162939296,0.10825844902105908,0.02525037398495882,0.02606164826043554,0.008020774107194152,5.746938775510204,3.1089566879995676,1.5499103407053199,12.43582675199827,2.5003520730640894,2.7672726275482504,1.581845059455838,"[""Hours"", ""TestHours"", ""Interval"", ""DateTime""]","[0.04081632653061224, 0.023961661341853034, 0.022713687985654513, 0.020766773162939296]","[5.746938775510204, 2.7060702875399363, 1.5499103407053199, 2.4329073482428116]"
org.joda.time.TestSeconds.testFactory_secondsIn_RInterval,0.04081632653061224,0.02706461225526477,0.020766773162939296,0.10825844902105908,0.02525037398495882,0.02606164826043554,0.008020774107194152,5.746938775510204,3.0454582854436576,1.5499103407053199,12.18183314177463,2.4397345433498554,2.698708446997402,1.6033839284886036,"[""Seconds"", ""Interval"", ""TestSeconds"", ""DateTime""]","[0.04081632653061224, 0.023961661341853034, 0.022713687985654513, 0.020766773162939296]","[5.746938775510204, 2.5463258785942493, 1.5499103407053199, 2.3386581469648564]"
org.joda.time.TestDateTime_Constructors.testParse_noFormatter,0.04081632653061224,0.027045682033031194,0.01430517711171662,0.10818272813212478,0.021654377622377617,0.024201130919287474,0.012095535016282402,5.746938775510204,2.9980953241553525,0.7008746355685131,11.99238129662141,1.6977922876321736,2.3319526805509123,1.845459236713381,"[""TestDateTime_Constructors"", ""DateTime"", ""DateTimeZone"", ""ISOChronology""]","[0.04081632653061224, 0.037317784256559766, 0.01574344023323615, 0.01430517711171662]","[5.746938775510204, 3.358600583090379, 0.7008746355685131, 2.1859673024523163]"
org.joda.time.TestLocalDate_Properties.testPropertyGetDay,0.06765899864682003,0.03598946562814858,0.01924198250728863,0.10796839688444573,0.026265938649134818,0.030157514753161408,0.02240613818917327,9.71853856562923,5.133960666436963,2.2746355685131197,15.401881999310888,3.58897486045733,4.223775794407353,3.2746802265088375,"[""TestLocalDate_Properties"", ""Chronology"", ""LocalDate$Property"", ""LocalDate""]","[0.06765899864682003, 0.021067415730337078, 0.01924198250728863]","[9.71853856562923, 3.408707865168539, 2.2746355685131197]"
org.joda.time.TestLocalDate_Properties.testPropertyGetMonth,0.06765899864682003,0.03598946562814858,0.01924198250728863,0.10796839688444573,0.026265938649134818,0.030157514753161408,0.02240613818917327,9.71853856562923,5.133960666436963,2.2746355685131197,15.401881999310888,3.58897486045733,4.223775794407353,3.2746802265088375,"[""TestLocalDate_Properties"", ""Chronology"", ""LocalDate$Property"", ""LocalDate""]","[0.06765899864682003, 0.021067415730337078, 0.01924198250728863]","[9.71853856562923, 3.408707865168539, 2.2746355685131197]"
org.joda.time.TestLocalDate_Properties.testPropertyGetYear,0.06765899864682003,0.03598946562814858,0.01924198250728863,0.10796839688444573,0.026265938649134818,0.030157514753161408,0.02240613818917327,9.71853856562923,5.133960666436963,2.2746355685131197,15.401881999310888,3.58897486045733,4.223775794407353,3.2746802265088375,"[""TestLocalDate_Properties"", ""Chronology"", ""LocalDate$Property"", ""LocalDate""]","[0.06765899864682003, 0.021067415730337078, 0.01924198250728863]","[9.71853856562923, 3.408707865168539, 2.2746355685131197]"
org.joda.time.TestInterval_Constructors.testConstructor_RI_RP7,0.030927835051546393,0.0215578444434247,0.01574344023323615,0.1077892222171235,0.020199921171658936,0.020855586637217892,0.005620744491073371,4.878497790868925,2.333829120901656,0.7008746355685131,11.66914560450828,1.565140264209492,1.9218580501907274,1.4265364331899926,"[""TestInterval_Constructors"", ""Interval"", ""DateTimeField"", ""ISOChronology"", ""Period""]","[0.030927835051546393, 0.022713687985654513, 0.02266081871345029, 0.01574344023323615, 0.01574344023323615]","[4.878497790868925, 1.5499103407053199, 2.722953216374269, 0.7008746355685131, 1.8169096209912536]"
org.joda.time.TestInterval_Constructors.testConstructor_RP_RI7,0.030927835051546393,0.0215578444434247,0.01574344023323615,0.1077892222171235,0.020199921171658936,0.020855586637217892,0.005620744491073371,4.878497790868925,2.333829120901656,0.7008746355685131,11.66914560450828,1.565140264209492,1.9218580501907274,1.4265364331899926,"[""TestInterval_Constructors"", ""Interval"", ""DateTimeField"", ""ISOChronology"", ""Period""]","[0.030927835051546393, 0.022713687985654513, 0.02266081871345029, 0.01574344023323615, 0.01574344023323615]","[4.878497790868925, 1.5499103407053199, 2.722953216374269, 0.7008746355685131, 1.8169096209912536]"
org.joda.time.convert.TestStringConverter.testGetInstantMillis_Object_Chronology,0.04081632653061224,0.026942232520698065,0.018658892128279883,0.10776893008279226,0.024856494809629773,0.025814022932296347,0.008318372493019241,5.746938775510204,2.3917418566743796,0.8128279883381925,9.566967426697518,1.3146183641449753,1.7111671853602768,2.0111378421567054,"[""StringConverter"", ""DateTime"", ""JulianChronology"", ""TestStringConverter""]","[0.04081632653061224, 0.024303073624017155, 0.02399063779988297, 0.018658892128279883]","[5.746938775510204, 2.1558255897069336, 0.8513750731421884, 0.8128279883381925]"
org.joda.time.TestInterval_Basics.testGap_RInterval_zone,0.04081632653061224,0.02687107341269124,0.01574344023323615,0.10748429365076496,0.023881708729276623,0.0253314064289299,0.009183859889130196,5.746938775510204,3.2950879535362096,0.7008746355685131,13.180351814144839,1.6400531967400591,2.3849725395179373,2.1994299122206185,"[""Interval"", ""TestInterval_Basics"", ""ISOChronology"", ""DateTime""]","[0.04081632653061224, 0.028210838901262063, 0.022713687985654513, 0.01574344023323615]","[5.746938775510204, 5.182628062360802, 1.5499103407053199, 0.7008746355685131]"
org.joda.time.TestInterval_Basics.testOverlap_RInterval_zone,0.04081632653061224,0.02687107341269124,0.01574344023323615,0.10748429365076496,0.023881708729276623,0.0253314064289299,0.009183859889130196,5.746938775510204,3.2950879535362096,0.7008746355685131,13.180351814144839,1.6400531967400591,2.3849725395179373,2.1994299122206185,"[""Interval"", ""TestInterval_Basics"", ""ISOChronology"", ""DateTime""]","[0.04081632653061224, 0.028210838901262063, 0.022713687985654513, 0.01574344023323615]","[5.746938775510204, 5.182628062360802, 1.5499103407053199, 0.7008746355685131]"
org.joda.time.TestDuration_Constructors.testConstructor_Object5,0.04081632653061224,0.026845629028956222,0.018691588785046728,0.10738251611582489,0.02472638679241714,0.02569647463992785,0.008390172323775714,5.746938775510204,2.6893577494543783,1.5499103407053199,10.757430997817513,2.0192983669518116,2.269610202800166,1.7689468035738976,"[""TestDuration_Constructors"", ""Interval"", ""Duration"", ""DateTime""]","[0.04081632653061224, 0.02516091281451141, 0.022713687985654513, 0.018691588785046728]","[5.746938775510204, 1.6079578700994734, 1.5499103407053199, 1.852624011502516]"
org.joda.time.format.TestISODateTimeFormat.testFormat_timeNoMillis_partial,0.026822157434402333,0.021456963248737478,0.015728476821192054,0.10728481624368738,0.02048925313332303,0.020978514825806573,0.0044150671207336505,5.0454810495626825,3.076825353665082,2.1089030206677264,15.38412676832541,2.7859175737044923,2.9163900428018326,1.076227609075931,"[""DateTimeFieldType"", ""DateTimeFormatter"", ""TestISODateTimeFormat"", ""ISODateTimeFormat"", ""Partial""]","[0.026822157434402333, 0.024134312696747113, 0.0239067055393586, 0.016693163751987282, 0.015728476821192054]","[2.464723032069971, 3.396642182581322, 5.0454810495626825, 2.1089030206677264, 2.368377483443709]"
org.joda.time.format.TestISODateTimeFormat.testFormat_time_partial,0.026822157434402333,0.021456963248737478,0.015728476821192054,0.10728481624368738,0.02048925313332303,0.020978514825806573,0.0044150671207336505,5.0454810495626825,3.076825353665082,2.1089030206677264,15.38412676832541,2.7859175737044923,2.9163900428018326,1.076227609075931,"[""DateTimeFieldType"", ""DateTimeFormatter"", ""TestISODateTimeFormat"", ""ISODateTimeFormat"", ""Partial""]","[0.026822157434402333, 0.024134312696747113, 0.0239067055393586, 0.016693163751987282, 0.015728476821192054]","[2.464723032069971, 3.396642182581322, 5.0454810495626825, 2.1089030206677264, 2.368377483443709]"
org.joda.time.format.TestISODateTimeFormat.testFormat_date_partial,0.026822157434402333,0.021456963248737478,0.015728476821192054,0.10728481624368738,0.02048925313332303,0.020978514825806573,0.0044150671207336505,5.0454810495626825,3.076825353665082,2.1089030206677264,15.38412676832541,2.7859175737044923,2.9163900428018326,1.076227609075931,"[""DateTimeFieldType"", ""DateTimeFormatter"", ""TestISODateTimeFormat"", ""ISODateTimeFormat"", ""Partial""]","[0.026822157434402333, 0.024134312696747113, 0.0239067055393586, 0.016693163751987282, 0.015728476821192054]","[2.464723032069971, 3.396642182581322, 5.0454810495626825, 2.1089030206677264, 2.368377483443709]"
org.joda.time.format.TestISODateTimeFormat.testFormat_hour,0.04081632653061224,0.026818416581391304,0.015728476821192054,0.10727366632556522,0.023924757924900807,0.025329901764045384,0.009047186330810579,5.746938775510204,3.9063800851466413,2.368377483443709,15.625520340586565,3.3328946995835347,3.606945241661736,1.5107145959228272,"[""DateTimeFormatter"", ""TestISODateTimeFormat"", ""ISODateTimeFormat"", ""DateTime""]","[0.04081632653061224, 0.026822157434402333, 0.0239067055393586, 0.015728476821192054]","[5.746938775510204, 2.464723032069971, 5.0454810495626825, 2.368377483443709]"
org.joda.time.format.TestISODateTimeFormat.testFormat_weekyearWeekDay,0.04081632653061224,0.026818416581391304,0.015728476821192054,0.10727366632556522,0.023924757924900807,0.025329901764045384,0.009047186330810579,5.746938775510204,3.9063800851466413,2.368377483443709,15.625520340586565,3.3328946995835347,3.606945241661736,1.5107145959228272,"[""DateTimeFormatter"", ""TestISODateTimeFormat"", ""ISODateTimeFormat"", ""DateTime""]","[0.04081632653061224, 0.026822157434402333, 0.0239067055393586, 0.015728476821192054]","[5.746938775510204, 2.464723032069971, 5.0454810495626825, 2.368377483443709]"
org.joda.time.format.TestISODateTimeFormat.testFormat_yearMonthDay,0.04081632653061224,0.026818416581391304,0.015728476821192054,0.10727366632556522,0.023924757924900807,0.025329901764045384,0.009047186330810579,5.746938775510204,3.9063800851466413,2.368377483443709,15.625520340586565,3.3328946995835347,3.606945241661736,1.5107145959228272,"[""DateTimeFormatter"", ""TestISODateTimeFormat"", ""ISODateTimeFormat"", ""DateTime""]","[0.04081632653061224, 0.026822157434402333, 0.0239067055393586, 0.015728476821192054]","[5.746938775510204, 2.464723032069971, 5.0454810495626825, 2.368377483443709]"
org.joda.time.format.TestISODateTimeFormat.testFormat_dateTime,0.04081632653061224,0.026818416581391304,0.015728476821192054,0.10727366632556522,0.023924757924900807,0.025329901764045384,0.009047186330810579,5.746938775510204,3.9063800851466413,2.368377483443709,15.625520340586565,3.3328946995835347,3.606945241661736,1.5107145959228272,"[""DateTimeFormatter"", ""TestISODateTimeFormat"", ""ISODateTimeFormat"", ""DateTime""]","[0.04081632653061224, 0.026822157434402333, 0.0239067055393586, 0.015728476821192054]","[5.746938775510204, 2.464723032069971, 5.0454810495626825, 2.368377483443709]"
org.joda.time.format.TestISODateTimeFormat.testFormat_time,0.04081632653061224,0.026818416581391304,0.015728476821192054,0.10727366632556522,0.023924757924900807,0.025329901764045384,0.009047186330810579,5.746938775510204,3.9063800851466413,2.368377483443709,15.625520340586565,3.3328946995835347,3.606945241661736,1.5107145959228272,"[""DateTimeFormatter"", ""TestISODateTimeFormat"", ""ISODateTimeFormat"", ""DateTime""]","[0.04081632653061224, 0.026822157434402333, 0.0239067055393586, 0.015728476821192054]","[5.746938775510204, 2.464723032069971, 5.0454810495626825, 2.368377483443709]"
org.joda.time.format.TestISODateTimeFormat.testFormat_dateHourMinuteSecondFraction,0.04081632653061224,0.026818416581391304,0.015728476821192054,0.10727366632556522,0.023924757924900807,0.025329901764045384,0.009047186330810579,5.746938775510204,3.9063800851466413,2.368377483443709,15.625520340586565,3.3328946995835347,3.606945241661736,1.5107145959228272,"[""DateTimeFormatter"", ""TestISODateTimeFormat"", ""ISODateTimeFormat"", ""DateTime""]","[0.04081632653061224, 0.026822157434402333, 0.0239067055393586, 0.015728476821192054]","[5.746938775510204, 2.464723032069971, 5.0454810495626825, 2.368377483443709]"
org.joda.time.format.TestISODateTimeFormat.testFormat_basicOrdinalDate,0.04081632653061224,0.026818416581391304,0.015728476821192054,0.10727366632556522,0.023924757924900807,0.025329901764045384,0.009047186330810579,5.746938775510204,3.9063800851466413,2.368377483443709,15.625520340586565,3.3328946995835347,3.606945241661736,1.5107145959228272,"[""DateTimeFormatter"", ""TestISODateTimeFormat"", ""ISODateTimeFormat"", ""DateTime""]","[0.04081632653061224, 0.026822157434402333, 0.0239067055393586, 0.015728476821192054]","[5.746938775510204, 2.464723032069971, 5.0454810495626825, 2.368377483443709]"
org.joda.time.format.TestISODateTimeFormat.testFormat_dateHour,0.04081632653061224,0.026818416581391304,0.015728476821192054,0.10727366632556522,0.023924757924900807,0.025329901764045384,0.009047186330810579,5.746938775510204,3.9063800851466413,2.368377483443709,15.625520340586565,3.3328946995835347,3.606945241661736,1.5107145959228272,"[""DateTimeFormatter"", ""TestISODateTimeFormat"", ""ISODateTimeFormat"", ""DateTime""]","[0.04081632653061224, 0.026822157434402333, 0.0239067055393586, 0.015728476821192054]","[5.746938775510204, 2.464723032069971, 5.0454810495626825, 2.368377483443709]"
org.joda.time.format.TestISODateTimeFormat.testFormat_dateHourMinuteSecondMillis,0.04081632653061224,0.026818416581391304,0.015728476821192054,0.10727366632556522,0.023924757924900807,0.025329901764045384,0.009047186330810579,5.746938775510204,3.9063800851466413,2.368377483443709,15.625520340586565,3.3328946995835347,3.606945241661736,1.5107145959228272,"[""DateTimeFormatter"", ""TestISODateTimeFormat"", ""ISODateTimeFormat"", ""DateTime""]","[0.04081632653061224, 0.026822157434402333, 0.0239067055393586, 0.015728476821192054]","[5.746938775510204, 2.464723032069971, 5.0454810495626825, 2.368377483443709]"
org.joda.time.format.TestISODateTimeFormat.testFormat_year,0.04081632653061224,0.026818416581391304,0.015728476821192054,0.10727366632556522,0.023924757924900807,0.025329901764045384,0.009047186330810579,5.746938775510204,3.9063800851466413,2.368377483443709,15.625520340586565,3.3328946995835347,3.606945241661736,1.5107145959228272,"[""DateTimeFormatter"", ""TestISODateTimeFormat"", ""ISODateTimeFormat"", ""DateTime""]","[0.04081632653061224, 0.026822157434402333, 0.0239067055393586, 0.015728476821192054]","[5.746938775510204, 2.464723032069971, 5.0454810495626825, 2.368377483443709]"
org.joda.time.format.TestISODateTimeFormat.testFormat_date,0.04081632653061224,0.026818416581391304,0.015728476821192054,0.10727366632556522,0.023924757924900807,0.025329901764045384,0.009047186330810579,5.746938775510204,3.9063800851466413,2.368377483443709,15.625520340586565,3.3328946995835347,3.606945241661736,1.5107145959228272,"[""DateTimeFormatter"", ""TestISODateTimeFormat"", ""ISODateTimeFormat"", ""DateTime""]","[0.04081632653061224, 0.026822157434402333, 0.0239067055393586, 0.015728476821192054]","[5.746938775510204, 2.464723032069971, 5.0454810495626825, 2.368377483443709]"
org.joda.time.format.TestISODateTimeFormat.testFormat_basicWeekDateTime,0.04081632653061224,0.026818416581391304,0.015728476821192054,0.10727366632556522,0.023924757924900807,0.025329901764045384,0.009047186330810579,5.746938775510204,3.9063800851466413,2.368377483443709,15.625520340586565,3.3328946995835347,3.606945241661736,1.5107145959228272,"[""DateTimeFormatter"", ""TestISODateTimeFormat"", ""ISODateTimeFormat"", ""DateTime""]","[0.04081632653061224, 0.026822157434402333, 0.0239067055393586, 0.015728476821192054]","[5.746938775510204, 2.464723032069971, 5.0454810495626825, 2.368377483443709]"
org.joda.time.format.TestISODateTimeFormat.testFormat_basicTime,0.04081632653061224,0.026818416581391304,0.015728476821192054,0.10727366632556522,0.023924757924900807,0.025329901764045384,0.009047186330810579,5.746938775510204,3.9063800851466413,2.368377483443709,15.625520340586565,3.3328946995835347,3.606945241661736,1.5107145959228272,"[""DateTimeFormatter"", ""TestISODateTimeFormat"", ""ISODateTimeFormat"", ""DateTime""]","[0.04081632653061224, 0.026822157434402333, 0.0239067055393586, 0.015728476821192054]","[5.746938775510204, 2.464723032069971, 5.0454810495626825, 2.368377483443709]"
org.joda.time.format.TestISODateTimeFormat.testFormat_yearMonth,0.04081632653061224,0.026818416581391304,0.015728476821192054,0.10727366632556522,0.023924757924900807,0.025329901764045384,0.009047186330810579,5.746938775510204,3.9063800851466413,2.368377483443709,15.625520340586565,3.3328946995835347,3.606945241661736,1.5107145959228272,"[""DateTimeFormatter"", ""TestISODateTimeFormat"", ""ISODateTimeFormat"", ""DateTime""]","[0.04081632653061224, 0.026822157434402333, 0.0239067055393586, 0.015728476821192054]","[5.746938775510204, 2.464723032069971, 5.0454810495626825, 2.368377483443709]"
org.joda.time.format.TestISODateTimeFormat.testFormat_basicTTimeNoMillis,0.04081632653061224,0.026818416581391304,0.015728476821192054,0.10727366632556522,0.023924757924900807,0.025329901764045384,0.009047186330810579,5.746938775510204,3.9063800851466413,2.368377483443709,15.625520340586565,3.3328946995835347,3.606945241661736,1.5107145959228272,"[""DateTimeFormatter"", ""TestISODateTimeFormat"", ""ISODateTimeFormat"", ""DateTime""]","[0.04081632653061224, 0.026822157434402333, 0.0239067055393586, 0.015728476821192054]","[5.746938775510204, 2.464723032069971, 5.0454810495626825, 2.368377483443709]"
org.joda.time.format.TestISODateTimeFormat.testFormat_basicDateTime,0.04081632653061224,0.026818416581391304,0.015728476821192054,0.10727366632556522,0.023924757924900807,0.025329901764045384,0.009047186330810579,5.746938775510204,3.9063800851466413,2.368377483443709,15.625520340586565,3.3328946995835347,3.606945241661736,1.5107145959228272,"[""DateTimeFormatter"", ""TestISODateTimeFormat"", ""ISODateTimeFormat"", ""DateTime""]","[0.04081632653061224, 0.026822157434402333, 0.0239067055393586, 0.015728476821192054]","[5.746938775510204, 2.464723032069971, 5.0454810495626825, 2.368377483443709]"
org.joda.time.format.TestISODateTimeFormat.testFormat_weekyearWeek,0.04081632653061224,0.026818416581391304,0.015728476821192054,0.10727366632556522,0.023924757924900807,0.025329901764045384,0.009047186330810579,5.746938775510204,3.9063800851466413,2.368377483443709,15.625520340586565,3.3328946995835347,3.606945241661736,1.5107145959228272,"[""DateTimeFormatter"", ""TestISODateTimeFormat"", ""ISODateTimeFormat"", ""DateTime""]","[0.04081632653061224, 0.026822157434402333, 0.0239067055393586, 0.015728476821192054]","[5.746938775510204, 2.464723032069971, 5.0454810495626825, 2.368377483443709]"
org.joda.time.format.TestISODateTimeFormat.testFormat_ordinalDate,0.04081632653061224,0.026818416581391304,0.015728476821192054,0.10727366632556522,0.023924757924900807,0.025329901764045384,0.009047186330810579,5.746938775510204,3.9063800851466413,2.368377483443709,15.625520340586565,3.3328946995835347,3.606945241661736,1.5107145959228272,"[""DateTimeFormatter"", ""TestISODateTimeFormat"", ""ISODateTimeFormat"", ""DateTime""]","[0.04081632653061224, 0.026822157434402333, 0.0239067055393586, 0.015728476821192054]","[5.746938775510204, 2.464723032069971, 5.0454810495626825, 2.368377483443709]"
org.joda.time.format.TestISODateTimeFormat.testFormat_basicTTime,0.04081632653061224,0.026818416581391304,0.015728476821192054,0.10727366632556522,0.023924757924900807,0.025329901764045384,0.009047186330810579,5.746938775510204,3.9063800851466413,2.368377483443709,15.625520340586565,3.3328946995835347,3.606945241661736,1.5107145959228272,"[""DateTimeFormatter"", ""TestISODateTimeFormat"", ""ISODateTimeFormat"", ""DateTime""]","[0.04081632653061224, 0.026822157434402333, 0.0239067055393586, 0.015728476821192054]","[5.746938775510204, 2.464723032069971, 5.0454810495626825, 2.368377483443709]"
org.joda.time.format.TestISODateTimeFormat.testFormat_weekyear,0.04081632653061224,0.026818416581391304,0.015728476821192054,0.10727366632556522,0.023924757924900807,0.025329901764045384,0.009047186330810579,5.746938775510204,3.9063800851466413,2.368377483443709,15.625520340586565,3.3328946995835347,3.606945241661736,1.5107145959228272,"[""DateTimeFormatter"", ""TestISODateTimeFormat"", ""ISODateTimeFormat"", ""DateTime""]","[0.04081632653061224, 0.026822157434402333, 0.0239067055393586, 0.015728476821192054]","[5.746938775510204, 2.464723032069971, 5.0454810495626825, 2.368377483443709]"
org.joda.time.format.TestISODateTimeFormat.testFormat_basicDateTimeNoMillis,0.04081632653061224,0.026818416581391304,0.015728476821192054,0.10727366632556522,0.023924757924900807,0.025329901764045384,0.009047186330810579,5.746938775510204,3.9063800851466413,2.368377483443709,15.625520340586565,3.3328946995835347,3.606945241661736,1.5107145959228272,"[""DateTimeFormatter"", ""TestISODateTimeFormat"", ""ISODateTimeFormat"", ""DateTime""]","[0.04081632653061224, 0.026822157434402333, 0.0239067055393586, 0.015728476821192054]","[5.746938775510204, 2.464723032069971, 5.0454810495626825, 2.368377483443709]"
org.joda.time.format.TestISODateTimeFormat.testFormat_hourMinuteSecond,0.04081632653061224,0.026818416581391304,0.015728476821192054,0.10727366632556522,0.023924757924900807,0.025329901764045384,0.009047186330810579,5.746938775510204,3.9063800851466413,2.368377483443709,15.625520340586565,3.3328946995835347,3.606945241661736,1.5107145959228272,"[""DateTimeFormatter"", ""TestISODateTimeFormat"", ""ISODateTimeFormat"", ""DateTime""]","[0.04081632653061224, 0.026822157434402333, 0.0239067055393586, 0.015728476821192054]","[5.746938775510204, 2.464723032069971, 5.0454810495626825, 2.368377483443709]"
org.joda.time.format.TestISODateTimeFormat.testFormat_dateTimeNoMillis,0.04081632653061224,0.026818416581391304,0.015728476821192054,0.10727366632556522,0.023924757924900807,0.025329901764045384,0.009047186330810579,5.746938775510204,3.9063800851466413,2.368377483443709,15.625520340586565,3.3328946995835347,3.606945241661736,1.5107145959228272,"[""DateTimeFormatter"", ""TestISODateTimeFormat"", ""ISODateTimeFormat"", ""DateTime""]","[0.04081632653061224, 0.026822157434402333, 0.0239067055393586, 0.015728476821192054]","[5.746938775510204, 2.464723032069971, 5.0454810495626825, 2.368377483443709]"
org.joda.time.format.TestISODateTimeFormat.testFormat_basicDate,0.04081632653061224,0.026818416581391304,0.015728476821192054,0.10727366632556522,0.023924757924900807,0.025329901764045384,0.009047186330810579,5.746938775510204,3.9063800851466413,2.368377483443709,15.625520340586565,3.3328946995835347,3.606945241661736,1.5107145959228272,"[""DateTimeFormatter"", ""TestISODateTimeFormat"", ""ISODateTimeFormat"", ""DateTime""]","[0.04081632653061224, 0.026822157434402333, 0.0239067055393586, 0.015728476821192054]","[5.746938775510204, 2.464723032069971, 5.0454810495626825, 2.368377483443709]"
org.joda.time.format.TestISODateTimeFormat.testFormat_weekDate,0.04081632653061224,0.026818416581391304,0.015728476821192054,0.10727366632556522,0.023924757924900807,0.025329901764045384,0.009047186330810579,5.746938775510204,3.9063800851466413,2.368377483443709,15.625520340586565,3.3328946995835347,3.606945241661736,1.5107145959228272,"[""DateTimeFormatter"", ""TestISODateTimeFormat"", ""ISODateTimeFormat"", ""DateTime""]","[0.04081632653061224, 0.026822157434402333, 0.0239067055393586, 0.015728476821192054]","[5.746938775510204, 2.464723032069971, 5.0454810495626825, 2.368377483443709]"
org.joda.time.format.TestISODateTimeFormat.testFormat_hourMinute,0.04081632653061224,0.026818416581391304,0.015728476821192054,0.10727366632556522,0.023924757924900807,0.025329901764045384,0.009047186330810579,5.746938775510204,3.9063800851466413,2.368377483443709,15.625520340586565,3.3328946995835347,3.606945241661736,1.5107145959228272,"[""DateTimeFormatter"", ""TestISODateTimeFormat"", ""ISODateTimeFormat"", ""DateTime""]","[0.04081632653061224, 0.026822157434402333, 0.0239067055393586, 0.015728476821192054]","[5.746938775510204, 2.464723032069971, 5.0454810495626825, 2.368377483443709]"
org.joda.time.format.TestISODateTimeFormat.testFormat_ordinalDateTimeNoMillis,0.04081632653061224,0.026818416581391304,0.015728476821192054,0.10727366632556522,0.023924757924900807,0.025329901764045384,0.009047186330810579,5.746938775510204,3.9063800851466413,2.368377483443709,15.625520340586565,3.3328946995835347,3.606945241661736,1.5107145959228272,"[""DateTimeFormatter"", ""TestISODateTimeFormat"", ""ISODateTimeFormat"", ""DateTime""]","[0.04081632653061224, 0.026822157434402333, 0.0239067055393586, 0.015728476821192054]","[5.746938775510204, 2.464723032069971, 5.0454810495626825, 2.368377483443709]"
org.joda.time.format.TestISODateTimeFormat.testFormat_basicOrdinalDateTimeNoMillis,0.04081632653061224,0.026818416581391304,0.015728476821192054,0.10727366632556522,0.023924757924900807,0.025329901764045384,0.009047186330810579,5.746938775510204,3.9063800851466413,2.368377483443709,15.625520340586565,3.3328946995835347,3.606945241661736,1.5107145959228272,"[""DateTimeFormatter"", ""TestISODateTimeFormat"", ""ISODateTimeFormat"", ""DateTime""]","[0.04081632653061224, 0.026822157434402333, 0.0239067055393586, 0.015728476821192054]","[5.746938775510204, 2.464723032069971, 5.0454810495626825, 2.368377483443709]"
org.joda.time.format.TestISODateTimeFormat.testFormat_basicWeekDate,0.04081632653061224,0.026818416581391304,0.015728476821192054,0.10727366632556522,0.023924757924900807,0.025329901764045384,0.009047186330810579,5.746938775510204,3.9063800851466413,2.368377483443709,15.625520340586565,3.3328946995835347,3.606945241661736,1.5107145959228272,"[""DateTimeFormatter"", ""TestISODateTimeFormat"", ""ISODateTimeFormat"", ""DateTime""]","[0.04081632653061224, 0.026822157434402333, 0.0239067055393586, 0.015728476821192054]","[5.746938775510204, 2.464723032069971, 5.0454810495626825, 2.368377483443709]"
org.joda.time.format.TestISODateTimeFormat.testFormat_weekDateTime,0.04081632653061224,0.026818416581391304,0.015728476821192054,0.10727366632556522,0.023924757924900807,0.025329901764045384,0.009047186330810579,5.746938775510204,3.9063800851466413,2.368377483443709,15.625520340586565,3.3328946995835347,3.606945241661736,1.5107145959228272,"[""DateTimeFormatter"", ""TestISODateTimeFormat"", ""ISODateTimeFormat"", ""DateTime""]","[0.04081632653061224, 0.026822157434402333, 0.0239067055393586, 0.015728476821192054]","[5.746938775510204, 2.464723032069971, 5.0454810495626825, 2.368377483443709]"
org.joda.time.format.TestISODateTimeFormat.testFormat_dateHourMinuteSecond,0.04081632653061224,0.026818416581391304,0.015728476821192054,0.10727366632556522,0.023924757924900807,0.025329901764045384,0.009047186330810579,5.746938775510204,3.9063800851466413,2.368377483443709,15.625520340586565,3.3328946995835347,3.606945241661736,1.5107145959228272,"[""DateTimeFormatter"", ""TestISODateTimeFormat"", ""ISODateTimeFormat"", ""DateTime""]","[0.04081632653061224, 0.026822157434402333, 0.0239067055393586, 0.015728476821192054]","[5.746938775510204, 2.464723032069971, 5.0454810495626825, 2.368377483443709]"
org.joda.time.format.TestISODateTimeFormat.testFormat_basicTimeNoMillis,0.04081632653061224,0.026818416581391304,0.015728476821192054,0.10727366632556522,0.023924757924900807,0.025329901764045384,0.009047186330810579,5.746938775510204,3.9063800851466413,2.368377483443709,15.625520340586565,3.3328946995835347,3.606945241661736,1.5107145959228272,"[""DateTimeFormatter"", ""TestISODateTimeFormat"", ""ISODateTimeFormat"", ""DateTime""]","[0.04081632653061224, 0.026822157434402333, 0.0239067055393586, 0.015728476821192054]","[5.746938775510204, 2.464723032069971, 5.0454810495626825, 2.368377483443709]"
org.joda.time.format.TestISODateTimeFormat.testFormat_hourMinuteSecondMillis,0.04081632653061224,0.026818416581391304,0.015728476821192054,0.10727366632556522,0.023924757924900807,0.025329901764045384,0.009047186330810579,5.746938775510204,3.9063800851466413,2.368377483443709,15.625520340586565,3.3328946995835347,3.606945241661736,1.5107145959228272,"[""DateTimeFormatter"", ""TestISODateTimeFormat"", ""ISODateTimeFormat"", ""DateTime""]","[0.04081632653061224, 0.026822157434402333, 0.0239067055393586, 0.015728476821192054]","[5.746938775510204, 2.464723032069971, 5.0454810495626825, 2.368377483443709]"
org.joda.time.format.TestISODateTimeFormat.testFormat_tTime,0.04081632653061224,0.026818416581391304,0.015728476821192054,0.10727366632556522,0.023924757924900807,0.025329901764045384,0.009047186330810579,5.746938775510204,3.9063800851466413,2.368377483443709,15.625520340586565,3.3328946995835347,3.606945241661736,1.5107145959228272,"[""DateTimeFormatter"", ""TestISODateTimeFormat"", ""ISODateTimeFormat"", ""DateTime""]","[0.04081632653061224, 0.026822157434402333, 0.0239067055393586, 0.015728476821192054]","[5.746938775510204, 2.464723032069971, 5.0454810495626825, 2.368377483443709]"
org.joda.time.format.TestISODateTimeFormat.testFormat_basicOrdinalDateTime,0.04081632653061224,0.026818416581391304,0.015728476821192054,0.10727366632556522,0.023924757924900807,0.025329901764045384,0.009047186330810579,5.746938775510204,3.9063800851466413,2.368377483443709,15.625520340586565,3.3328946995835347,3.606945241661736,1.5107145959228272,"[""DateTimeFormatter"", ""TestISODateTimeFormat"", ""ISODateTimeFormat"", ""DateTime""]","[0.04081632653061224, 0.026822157434402333, 0.0239067055393586, 0.015728476821192054]","[5.746938775510204, 2.464723032069971, 5.0454810495626825, 2.368377483443709]"
org.joda.time.format.TestISODateTimeFormat.testFormat_basicWeekDateTimeNoMillis,0.04081632653061224,0.026818416581391304,0.015728476821192054,0.10727366632556522,0.023924757924900807,0.025329901764045384,0.009047186330810579,5.746938775510204,3.9063800851466413,2.368377483443709,15.625520340586565,3.3328946995835347,3.606945241661736,1.5107145959228272,"[""DateTimeFormatter"", ""TestISODateTimeFormat"", ""ISODateTimeFormat"", ""DateTime""]","[0.04081632653061224, 0.026822157434402333, 0.0239067055393586, 0.015728476821192054]","[5.746938775510204, 2.464723032069971, 5.0454810495626825, 2.368377483443709]"
org.joda.time.format.TestISODateTimeFormat.testFormat_hourMinuteSecondFraction,0.04081632653061224,0.026818416581391304,0.015728476821192054,0.10727366632556522,0.023924757924900807,0.025329901764045384,0.009047186330810579,5.746938775510204,3.9063800851466413,2.368377483443709,15.625520340586565,3.3328946995835347,3.606945241661736,1.5107145959228272,"[""DateTimeFormatter"", ""TestISODateTimeFormat"", ""ISODateTimeFormat"", ""DateTime""]","[0.04081632653061224, 0.026822157434402333, 0.0239067055393586, 0.015728476821192054]","[5.746938775510204, 2.464723032069971, 5.0454810495626825, 2.368377483443709]"
org.joda.time.format.TestISODateTimeFormat.testFormat_weekDateTimeNoMillis,0.04081632653061224,0.026818416581391304,0.015728476821192054,0.10727366632556522,0.023924757924900807,0.025329901764045384,0.009047186330810579,5.746938775510204,3.9063800851466413,2.368377483443709,15.625520340586565,3.3328946995835347,3.606945241661736,1.5107145959228272,"[""DateTimeFormatter"", ""TestISODateTimeFormat"", ""ISODateTimeFormat"", ""DateTime""]","[0.04081632653061224, 0.026822157434402333, 0.0239067055393586, 0.015728476821192054]","[5.746938775510204, 2.464723032069971, 5.0454810495626825, 2.368377483443709]"
org.joda.time.format.TestISODateTimeFormat.testFormat_dateHourMinute,0.04081632653061224,0.026818416581391304,0.015728476821192054,0.10727366632556522,0.023924757924900807,0.025329901764045384,0.009047186330810579,5.746938775510204,3.9063800851466413,2.368377483443709,15.625520340586565,3.3328946995835347,3.606945241661736,1.5107145959228272,"[""DateTimeFormatter"", ""TestISODateTimeFormat"", ""ISODateTimeFormat"", ""DateTime""]","[0.04081632653061224, 0.026822157434402333, 0.0239067055393586, 0.015728476821192054]","[5.746938775510204, 2.464723032069971, 5.0454810495626825, 2.368377483443709]"
org.joda.time.format.TestISODateTimeFormat.testFormat_ordinalDateTime,0.04081632653061224,0.026818416581391304,0.015728476821192054,0.10727366632556522,0.023924757924900807,0.025329901764045384,0.009047186330810579,5.746938775510204,3.9063800851466413,2.368377483443709,15.625520340586565,3.3328946995835347,3.606945241661736,1.5107145959228272,"[""DateTimeFormatter"", ""TestISODateTimeFormat"", ""ISODateTimeFormat"", ""DateTime""]","[0.04081632653061224, 0.026822157434402333, 0.0239067055393586, 0.015728476821192054]","[5.746938775510204, 2.464723032069971, 5.0454810495626825, 2.368377483443709]"
org.joda.time.format.TestISODateTimeFormat.testFormat_tTimeNoMillis,0.04081632653061224,0.026818416581391304,0.015728476821192054,0.10727366632556522,0.023924757924900807,0.025329901764045384,0.009047186330810579,5.746938775510204,3.9063800851466413,2.368377483443709,15.625520340586565,3.3328946995835347,3.606945241661736,1.5107145959228272,"[""DateTimeFormatter"", ""TestISODateTimeFormat"", ""ISODateTimeFormat"", ""DateTime""]","[0.04081632653061224, 0.026822157434402333, 0.0239067055393586, 0.015728476821192054]","[5.746938775510204, 2.464723032069971, 5.0454810495626825, 2.368377483443709]"
org.joda.time.format.TestISODateTimeFormat.testFormat_timeNoMillis,0.04081632653061224,0.026818416581391304,0.015728476821192054,0.10727366632556522,0.023924757924900807,0.025329901764045384,0.009047186330810579,5.746938775510204,3.9063800851466413,2.368377483443709,15.625520340586565,3.3328946995835347,3.606945241661736,1.5107145959228272,"[""DateTimeFormatter"", ""TestISODateTimeFormat"", ""ISODateTimeFormat"", ""DateTime""]","[0.04081632653061224, 0.026822157434402333, 0.0239067055393586, 0.015728476821192054]","[5.746938775510204, 2.464723032069971, 5.0454810495626825, 2.368377483443709]"
org.joda.time.format.TestDateTimeFormatStyle.testForStyle_shortMediumDateTime,0.04081632653061224,0.026742244291721548,0.011342155009451797,0.10696897716688619,0.021542619360063225,0.024280078055344056,0.010449900440777758,5.746938775510204,3.1858486224627574,1.6361058601134215,12.74339448985103,2.6036809414428745,2.862132078501209,1.5463777200269142,"[""DateTimeFormatter"", ""DateFormat"", ""DateTimeFormat"", ""DateTime"", ""TestDateTimeFormatStyle""]","[0.04081632653061224, 0.027988338192419825, 0.026822157434402333, 0.011342155009451797]","[5.746938775510204, 2.8956268221574346, 2.464723032069971, 1.6361058601134215]"
org.joda.time.format.TestDateTimeFormatStyle.testForStyle_mediumDateTime,0.04081632653061224,0.026742244291721548,0.011342155009451797,0.10696897716688619,0.021542619360063225,0.024280078055344056,0.010449900440777758,5.746938775510204,3.1858486224627574,1.6361058601134215,12.74339448985103,2.6036809414428745,2.862132078501209,1.5463777200269142,"[""DateTimeFormatter"", ""DateFormat"", ""DateTimeFormat"", ""DateTime"", ""TestDateTimeFormatStyle""]","[0.04081632653061224, 0.027988338192419825, 0.026822157434402333, 0.011342155009451797]","[5.746938775510204, 2.8956268221574346, 2.464723032069971, 1.6361058601134215]"
org.joda.time.format.TestDateTimeFormatStyle.testForStyle_shortDate,0.04081632653061224,0.026742244291721548,0.011342155009451797,0.10696897716688619,0.021542619360063225,0.024280078055344056,0.010449900440777758,5.746938775510204,3.1858486224627574,1.6361058601134215,12.74339448985103,2.6036809414428745,2.862132078501209,1.5463777200269142,"[""DateTimeFormatter"", ""DateFormat"", ""DateTimeFormat"", ""DateTime"", ""TestDateTimeFormatStyle""]","[0.04081632653061224, 0.027988338192419825, 0.026822157434402333, 0.011342155009451797]","[5.746938775510204, 2.8956268221574346, 2.464723032069971, 1.6361058601134215]"
org.joda.time.format.TestDateTimeFormatStyle.testForStyle_longDate,0.04081632653061224,0.026742244291721548,0.011342155009451797,0.10696897716688619,0.021542619360063225,0.024280078055344056,0.010449900440777758,5.746938775510204,3.1858486224627574,1.6361058601134215,12.74339448985103,2.6036809414428745,2.862132078501209,1.5463777200269142,"[""DateTimeFormatter"", ""DateFormat"", ""DateTimeFormat"", ""DateTime"", ""TestDateTimeFormatStyle""]","[0.04081632653061224, 0.027988338192419825, 0.026822157434402333, 0.011342155009451797]","[5.746938775510204, 2.8956268221574346, 2.464723032069971, 1.6361058601134215]"
org.joda.time.format.TestDateTimeFormatStyle.testForStyle_fullDate,0.04081632653061224,0.026742244291721548,0.011342155009451797,0.10696897716688619,0.021542619360063225,0.024280078055344056,0.010449900440777758,5.746938775510204,3.1858486224627574,1.6361058601134215,12.74339448985103,2.6036809414428745,2.862132078501209,1.5463777200269142,"[""DateTimeFormatter"", ""DateFormat"", ""DateTimeFormat"", ""DateTime"", ""TestDateTimeFormatStyle""]","[0.04081632653061224, 0.027988338192419825, 0.026822157434402333, 0.011342155009451797]","[5.746938775510204, 2.8956268221574346, 2.464723032069971, 1.6361058601134215]"
org.joda.time.format.TestDateTimeFormatStyle.testForStyle_mediumDate,0.04081632653061224,0.026742244291721548,0.011342155009451797,0.10696897716688619,0.021542619360063225,0.024280078055344056,0.010449900440777758,5.746938775510204,3.1858486224627574,1.6361058601134215,12.74339448985103,2.6036809414428745,2.862132078501209,1.5463777200269142,"[""DateTimeFormatter"", ""DateFormat"", ""DateTimeFormat"", ""DateTime"", ""TestDateTimeFormatStyle""]","[0.04081632653061224, 0.027988338192419825, 0.026822157434402333, 0.011342155009451797]","[5.746938775510204, 2.8956268221574346, 2.464723032069971, 1.6361058601134215]"
org.joda.time.format.TestDateTimeFormatStyle.testForStyle_shortDateTime,0.04081632653061224,0.026742244291721548,0.011342155009451797,0.10696897716688619,0.021542619360063225,0.024280078055344056,0.010449900440777758,5.746938775510204,3.1858486224627574,1.6361058601134215,12.74339448985103,2.6036809414428745,2.862132078501209,1.5463777200269142,"[""DateTimeFormatter"", ""DateFormat"", ""DateTimeFormat"", ""DateTime"", ""TestDateTimeFormatStyle""]","[0.04081632653061224, 0.027988338192419825, 0.026822157434402333, 0.011342155009451797]","[5.746938775510204, 2.8956268221574346, 2.464723032069971, 1.6361058601134215]"
org.joda.time.format.TestDateTimeFormatStyle.testForStyle_mediumTime,0.04081632653061224,0.026742244291721548,0.011342155009451797,0.10696897716688619,0.021542619360063225,0.024280078055344056,0.010449900440777758,5.746938775510204,3.1858486224627574,1.6361058601134215,12.74339448985103,2.6036809414428745,2.862132078501209,1.5463777200269142,"[""DateTimeFormatter"", ""DateFormat"", ""DateTimeFormat"", ""DateTime"", ""TestDateTimeFormatStyle""]","[0.04081632653061224, 0.027988338192419825, 0.026822157434402333, 0.011342155009451797]","[5.746938775510204, 2.8956268221574346, 2.464723032069971, 1.6361058601134215]"
org.joda.time.format.TestDateTimeFormatStyle.testForStyle_mediumShortDateTime,0.04081632653061224,0.026742244291721548,0.011342155009451797,0.10696897716688619,0.021542619360063225,0.024280078055344056,0.010449900440777758,5.746938775510204,3.1858486224627574,1.6361058601134215,12.74339448985103,2.6036809414428745,2.862132078501209,1.5463777200269142,"[""DateTimeFormatter"", ""DateFormat"", ""DateTimeFormat"", ""DateTime"", ""TestDateTimeFormatStyle""]","[0.04081632653061224, 0.027988338192419825, 0.026822157434402333, 0.011342155009451797]","[5.746938775510204, 2.8956268221574346, 2.464723032069971, 1.6361058601134215]"
org.joda.time.TestDuration_Basics.testToPeriod_PeriodType,0.030927835051546393,0.026717327439088855,0.019867549668874173,0.10686930975635542,0.025846523742736927,0.026293014842731735,0.004600924557417852,4.878497790868925,3.4875894205534967,1.6079578700994734,13.950357682213987,2.935130596067706,3.2330172622331115,1.1818525164008868,"[""PeriodType"", ""TestDuration_Basics"", ""Duration"", ""Period""]","[0.030927835051546393, 0.030913012221423435, 0.02516091281451141, 0.019867549668874173]","[4.878497790868925, 3.7361610352264556, 1.6079578700994734, 3.7277409860191315]"
org.joda.time.TestMutableInterval_Constructors.testConstructor_RI_RP8,0.04081632653061224,0.02666679794308848,0.01639344262295082,0.10666719177235393,0.02328274135503051,0.02488455268759441,0.009875748309917477,5.746938775510204,3.5503218819890336,1.2755528989838614,14.201287527956135,2.5036195397961585,3.0116279408352193,1.8252609742808694,"[""MutableInterval"", ""TestMutableInterval_Constructors"", ""Period"", ""DateTime""]","[0.04081632653061224, 0.030927835051546393, 0.01852958756724447, 0.01639344262295082]","[5.746938775510204, 4.878497790868925, 1.2755528989838614, 2.3002980625931446]"
org.joda.time.TestMutableInterval_Constructors.testConstructor_RP_RI8,0.04081632653061224,0.02666679794308848,0.01639344262295082,0.10666719177235393,0.02328274135503051,0.02488455268759441,0.009875748309917477,5.746938775510204,3.5503218819890336,1.2755528989838614,14.201287527956135,2.5036195397961585,3.0116279408352193,1.8252609742808694,"[""MutableInterval"", ""TestMutableInterval_Constructors"", ""Period"", ""DateTime""]","[0.04081632653061224, 0.030927835051546393, 0.01852958756724447, 0.01639344262295082]","[5.746938775510204, 4.878497790868925, 1.2755528989838614, 2.3002980625931446]"
org.joda.time.TestBaseSingleFieldPeriod.testToPeriod,0.030927835051546393,0.021328995217930222,0.012718600953895072,0.10664497608965111,0.019672662745345307,0.02051026058679702,0.0058275246361755295,4.878497790868925,2.7440818091269064,1.1764705882352942,13.720409045634533,2.120903806647543,2.4109398845021333,1.3653422499165841,"[""BaseSingleFieldPeriod"", ""TestBaseSingleFieldPeriod$Single"", ""TestBaseSingleFieldPeriod"", ""PeriodType"", ""Period"", ""DurationFieldType""]","[0.030927835051546393, 0.022364217252396165, 0.020766773162939296, 0.019867549668874173, 0.012718600953895072]","[4.878497790868925, 2.231629392971246, 1.706070287539936, 3.7277409860191315, 1.1764705882352942]"
org.joda.time.TestBaseSingleFieldPeriod.testFactory_standardPeriodIn_RPeriod,0.030927835051546393,0.021328995217930222,0.012718600953895072,0.10664497608965111,0.019672662745345307,0.02051026058679702,0.0058275246361755295,4.878497790868925,2.7440818091269064,1.1764705882352942,13.720409045634533,2.120903806647543,2.4109398845021333,1.3653422499165841,"[""BaseSingleFieldPeriod"", ""TestBaseSingleFieldPeriod$Single"", ""TestBaseSingleFieldPeriod"", ""PeriodType"", ""Period"", ""DurationFieldType""]","[0.030927835051546393, 0.022364217252396165, 0.020766773162939296, 0.019867549668874173, 0.012718600953895072]","[4.878497790868925, 2.231629392971246, 1.706070287539936, 3.7277409860191315, 1.1764705882352942]"
org.joda.time.TestDateTimeZone.testPatchedNameKeysSydneyHistoric,0.04081632653061224,0.03552228103446649,0.028432732316227463,0.10656684310339946,0.03469507384603179,0.035117434995764855,0.005212563366971925,5.746938775510204,4.218721163916329,3.358600583090379,12.656163491748988,3.9820047240218086,4.092291328284542,1.0834528330707298,"[""String"", ""DateTimeZone"", ""TestDateTimeZone"", ""DateTime""]","[0.04081632653061224, 0.037317784256559766, 0.028432732316227463]","[5.746938775510204, 3.358600583090379, 3.550624133148405]"
org.joda.time.TestDateTimeZone.testPatchedNameKeysGazaHistoric,0.04081632653061224,0.03552228103446649,0.028432732316227463,0.10656684310339946,0.03469507384603179,0.035117434995764855,0.005212563366971925,5.746938775510204,4.218721163916329,3.358600583090379,12.656163491748988,3.9820047240218086,4.092291328284542,1.0834528330707298,"[""String"", ""DateTimeZone"", ""TestDateTimeZone"", ""DateTime""]","[0.04081632653061224, 0.037317784256559766, 0.028432732316227463]","[5.746938775510204, 3.358600583090379, 3.550624133148405]"
org.joda.time.TestDateTimeZone.testPatchedNameKeysSydney,0.04081632653061224,0.03552228103446649,0.028432732316227463,0.10656684310339946,0.03469507384603179,0.035117434995764855,0.005212563366971925,5.746938775510204,4.218721163916329,3.358600583090379,12.656163491748988,3.9820047240218086,4.092291328284542,1.0834528330707298,"[""String"", ""DateTimeZone"", ""TestDateTimeZone"", ""DateTime""]","[0.04081632653061224, 0.037317784256559766, 0.028432732316227463]","[5.746938775510204, 3.358600583090379, 3.550624133148405]"
org.joda.time.TestDateTimeZone.testPatchedNameKeysLondon,0.04081632653061224,0.03552228103446649,0.028432732316227463,0.10656684310339946,0.03469507384603179,0.035117434995764855,0.005212563366971925,5.746938775510204,4.218721163916329,3.358600583090379,12.656163491748988,3.9820047240218086,4.092291328284542,1.0834528330707298,"[""String"", ""DateTimeZone"", ""TestDateTimeZone"", ""DateTime""]","[0.04081632653061224, 0.037317784256559766, 0.028432732316227463]","[5.746938775510204, 3.358600583090379, 3.550624133148405]"
org.joda.time.TestDateTimeZone.testCommentParse,0.04081632653061224,0.03552228103446649,0.028432732316227463,0.10656684310339946,0.03469507384603179,0.035117434995764855,0.005212563366971925,5.746938775510204,4.218721163916329,3.358600583090379,12.656163491748988,3.9820047240218086,4.092291328284542,1.0834528330707298,"[""DateTimeZone"", ""TestDateTimeZone"", ""DateTime""]","[0.04081632653061224, 0.037317784256559766, 0.028432732316227463]","[5.746938775510204, 3.358600583090379, 3.550624133148405]"
org.joda.time.TestYearMonth_Basics.testToInterval_Zone,0.04081632653061224,0.026549170295733355,0.013333333333333334,0.10619668118293342,0.022520338343839236,0.024538919240960022,0.01000840374407987,5.746938775510204,4.033545612387214,1.5499103407053199,16.134182449548856,3.094563076833929,3.590975200826766,1.666829348091249,"[""DateTime"", ""Interval"", ""YearMonth"", ""TestYearMonth_Basics""]","[0.04081632653061224, 0.029333333333333333, 0.022713687985654513, 0.013333333333333334]","[5.746938775510204, 5.344, 1.5499103407053199, 3.493333333333333]"
org.joda.time.TestYearMonth_Basics.testToInterval_nullZone,0.04081632653061224,0.026549170295733355,0.013333333333333334,0.10619668118293342,0.022520338343839236,0.024538919240960022,0.01000840374407987,5.746938775510204,4.033545612387214,1.5499103407053199,16.134182449548856,3.094563076833929,3.590975200826766,1.666829348091249,"[""DateTime"", ""Interval"", ""YearMonth"", ""TestYearMonth_Basics""]","[0.04081632653061224, 0.029333333333333333, 0.022713687985654513, 0.013333333333333334]","[5.746938775510204, 5.344, 1.5499103407053199, 3.493333333333333]"
org.joda.time.TestYearMonth_Basics.testToInterval,0.04081632653061224,0.026549170295733355,0.013333333333333334,0.10619668118293342,0.022520338343839236,0.024538919240960022,0.01000840374407987,5.746938775510204,4.033545612387214,1.5499103407053199,16.134182449548856,3.094563076833929,3.590975200826766,1.666829348091249,"[""DateTime"", ""Interval"", ""YearMonth"", ""TestYearMonth_Basics""]","[0.04081632653061224, 0.029333333333333333, 0.022713687985654513, 0.013333333333333334]","[5.746938775510204, 5.344, 1.5499103407053199, 3.493333333333333]"
org.joda.time.TestTimeOfDay_Constructors.testConstructor_Object2,0.044386422976501305,0.01766403917649233,0.00243605359317905,0.10598423505895399,0.007048794098898292,0.011368635910883636,0.014675153721838339,4.117493472584856,1.7027451674085157,0.04506699147381242,10.216471004451094,0.1557343357620459,0.5475622683558405,1.6502072694713943,"[""TimeOfDay"", ""GJChronology"", ""TestTimeOfDay_Constructors"", ""Calendar"", ""GregorianCalendar"", ""Date""]","[0.044386422976501305, 0.02507288629737609, 0.022076860179885527, 0.006006006006006006, 0.006006006006006006, 0.00243605359317905]","[4.117493472584856, 2.896209912536443, 2.8904333605887165, 0.15615615615615616, 0.1111111111111111, 0.04506699147381242]"
org.joda.time.TestLocalDate_Basics.testPlusYears_int,0.06765899864682003,0.0529551823835193,0.03825136612021858,0.1059103647670386,0.048872442923968445,0.05087287222643211,0.014703816263300723,9.71853856562923,8.074433217240845,6.430327868852459,16.14886643448169,7.739662673739715,7.905276047241046,1.644105348388385,"[""TestLocalDate_Basics"", ""LocalDate""]","[0.06765899864682003, 0.03825136612021858]","[9.71853856562923, 6.430327868852459]"
org.joda.time.TestLocalDate_Basics.testToString_String,0.06765899864682003,0.0529551823835193,0.03825136612021858,0.1059103647670386,0.048872442923968445,0.05087287222643211,0.014703816263300723,9.71853856562923,8.074433217240845,6.430327868852459,16.14886643448169,7.739662673739715,7.905276047241046,1.644105348388385,"[""TestLocalDate_Basics"", ""LocalDate""]","[0.06765899864682003, 0.03825136612021858]","[9.71853856562923, 6.430327868852459]"
org.joda.time.TestLocalDate_Basics.testMinusYears_int,0.06765899864682003,0.0529551823835193,0.03825136612021858,0.1059103647670386,0.048872442923968445,0.05087287222643211,0.014703816263300723,9.71853856562923,8.074433217240845,6.430327868852459,16.14886643448169,7.739662673739715,7.905276047241046,1.644105348388385,"[""TestLocalDate_Basics"", ""LocalDate""]","[0.06765899864682003, 0.03825136612021858]","[9.71853856562923, 6.430327868852459]"
org.joda.time.TestLocalDate_Basics.testPlusMonths_int,0.06765899864682003,0.0529551823835193,0.03825136612021858,0.1059103647670386,0.048872442923968445,0.05087287222643211,0.014703816263300723,9.71853856562923,8.074433217240845,6.430327868852459,16.14886643448169,7.739662673739715,7.905276047241046,1.644105348388385,"[""TestLocalDate_Basics"", ""LocalDate""]","[0.06765899864682003, 0.03825136612021858]","[9.71853856562923, 6.430327868852459]"
org.joda.time.TestLocalDate_Basics.testToString_String_Locale,0.06765899864682003,0.0529551823835193,0.03825136612021858,0.1059103647670386,0.048872442923968445,0.05087287222643211,0.014703816263300723,9.71853856562923,8.074433217240845,6.430327868852459,16.14886643448169,7.739662673739715,7.905276047241046,1.644105348388385,"[""TestLocalDate_Basics"", ""LocalDate""]","[0.06765899864682003, 0.03825136612021858]","[9.71853856562923, 6.430327868852459]"
org.joda.time.TestLocalDate_Basics.testPlusDays_int,0.06765899864682003,0.0529551823835193,0.03825136612021858,0.1059103647670386,0.048872442923968445,0.05087287222643211,0.014703816263300723,9.71853856562923,8.074433217240845,6.430327868852459,16.14886643448169,7.739662673739715,7.905276047241046,1.644105348388385,"[""TestLocalDate_Basics"", ""LocalDate""]","[0.06765899864682003, 0.03825136612021858]","[9.71853856562923, 6.430327868852459]"
org.joda.time.TestLocalDate_Basics.testGetters,0.06765899864682003,0.0529551823835193,0.03825136612021858,0.1059103647670386,0.048872442923968445,0.05087287222643211,0.014703816263300723,9.71853856562923,8.074433217240845,6.430327868852459,16.14886643448169,7.739662673739715,7.905276047241046,1.644105348388385,"[""TestLocalDate_Basics"", ""LocalDate""]","[0.06765899864682003, 0.03825136612021858]","[9.71853856562923, 6.430327868852459]"
org.joda.time.TestLocalDate_Basics.testMinusMonths_int,0.06765899864682003,0.0529551823835193,0.03825136612021858,0.1059103647670386,0.048872442923968445,0.05087287222643211,0.014703816263300723,9.71853856562923,8.074433217240845,6.430327868852459,16.14886643448169,7.739662673739715,7.905276047241046,1.644105348388385,"[""TestLocalDate_Basics"", ""LocalDate""]","[0.06765899864682003, 0.03825136612021858]","[9.71853856562923, 6.430327868852459]"
org.joda.time.TestLocalDate_Basics.testToLocalDateTime_nullLocalTime,0.06765899864682003,0.0529551823835193,0.03825136612021858,0.1059103647670386,0.048872442923968445,0.05087287222643211,0.014703816263300723,9.71853856562923,8.074433217240845,6.430327868852459,16.14886643448169,7.739662673739715,7.905276047241046,1.644105348388385,"[""TestLocalDate_Basics"", ""LocalDate""]","[0.06765899864682003, 0.03825136612021858]","[9.71853856562923, 6.430327868852459]"
org.joda.time.TestLocalDate_Basics.testSize,0.06765899864682003,0.0529551823835193,0.03825136612021858,0.1059103647670386,0.048872442923968445,0.05087287222643211,0.014703816263300723,9.71853856562923,8.074433217240845,6.430327868852459,16.14886643448169,7.739662673739715,7.905276047241046,1.644105348388385,"[""TestLocalDate_Basics"", ""LocalDate""]","[0.06765899864682003, 0.03825136612021858]","[9.71853856562923, 6.430327868852459]"
org.joda.time.TestLocalDate_Basics.testGetValues,0.06765899864682003,0.0529551823835193,0.03825136612021858,0.1059103647670386,0.048872442923968445,0.05087287222643211,0.014703816263300723,9.71853856562923,8.074433217240845,6.430327868852459,16.14886643448169,7.739662673739715,7.905276047241046,1.644105348388385,"[""TestLocalDate_Basics"", ""LocalDate""]","[0.06765899864682003, 0.03825136612021858]","[9.71853856562923, 6.430327868852459]"
org.joda.time.TestLocalDate_Basics.testToString,0.06765899864682003,0.0529551823835193,0.03825136612021858,0.1059103647670386,0.048872442923968445,0.05087287222643211,0.014703816263300723,9.71853856562923,8.074433217240845,6.430327868852459,16.14886643448169,7.739662673739715,7.905276047241046,1.644105348388385,"[""TestLocalDate_Basics"", ""LocalDate""]","[0.06765899864682003, 0.03825136612021858]","[9.71853856562923, 6.430327868852459]"
org.joda.time.TestLocalDate_Basics.testMinusDays_int,0.06765899864682003,0.0529551823835193,0.03825136612021858,0.1059103647670386,0.048872442923968445,0.05087287222643211,0.014703816263300723,9.71853856562923,8.074433217240845,6.430327868852459,16.14886643448169,7.739662673739715,7.905276047241046,1.644105348388385,"[""TestLocalDate_Basics"", ""LocalDate""]","[0.06765899864682003, 0.03825136612021858]","[9.71853856562923, 6.430327868852459]"
org.joda.time.TestLocalDate_Basics.testMinusWeeks_int,0.06765899864682003,0.0529551823835193,0.03825136612021858,0.1059103647670386,0.048872442923968445,0.05087287222643211,0.014703816263300723,9.71853856562923,8.074433217240845,6.430327868852459,16.14886643448169,7.739662673739715,7.905276047241046,1.644105348388385,"[""TestLocalDate_Basics"", ""LocalDate""]","[0.06765899864682003, 0.03825136612021858]","[9.71853856562923, 6.430327868852459]"
org.joda.time.TestLocalDate_Basics.testGetValue_int,0.06765899864682003,0.0529551823835193,0.03825136612021858,0.1059103647670386,0.048872442923968445,0.05087287222643211,0.014703816263300723,9.71853856562923,8.074433217240845,6.430327868852459,16.14886643448169,7.739662673739715,7.905276047241046,1.644105348388385,"[""TestLocalDate_Basics"", ""LocalDate""]","[0.06765899864682003, 0.03825136612021858]","[9.71853856562923, 6.430327868852459]"
org.joda.time.TestLocalDate_Basics.testWithFieldAdded_DurationFieldType_int_3,0.06765899864682003,0.0529551823835193,0.03825136612021858,0.1059103647670386,0.048872442923968445,0.05087287222643211,0.014703816263300723,9.71853856562923,8.074433217240845,6.430327868852459,16.14886643448169,7.739662673739715,7.905276047241046,1.644105348388385,"[""TestLocalDate_Basics"", ""LocalDate""]","[0.06765899864682003, 0.03825136612021858]","[9.71853856562923, 6.430327868852459]"
org.joda.time.TestLocalDate_Basics.testWithers,0.06765899864682003,0.0529551823835193,0.03825136612021858,0.1059103647670386,0.048872442923968445,0.05087287222643211,0.014703816263300723,9.71853856562923,8.074433217240845,6.430327868852459,16.14886643448169,7.739662673739715,7.905276047241046,1.644105348388385,"[""TestLocalDate_Basics"", ""LocalDate""]","[0.06765899864682003, 0.03825136612021858]","[9.71853856562923, 6.430327868852459]"
org.joda.time.TestLocalDate_Basics.testWithFieldAdded_DurationFieldType_int_2,0.06765899864682003,0.0529551823835193,0.03825136612021858,0.1059103647670386,0.048872442923968445,0.05087287222643211,0.014703816263300723,9.71853856562923,8.074433217240845,6.430327868852459,16.14886643448169,7.739662673739715,7.905276047241046,1.644105348388385,"[""TestLocalDate_Basics"", ""LocalDate""]","[0.06765899864682003, 0.03825136612021858]","[9.71853856562923, 6.430327868852459]"
org.joda.time.TestLocalDate_Basics.testWithField_DateTimeFieldType_int_2,0.06765899864682003,0.0529551823835193,0.03825136612021858,0.1059103647670386,0.048872442923968445,0.05087287222643211,0.014703816263300723,9.71853856562923,8.074433217240845,6.430327868852459,16.14886643448169,7.739662673739715,7.905276047241046,1.644105348388385,"[""TestLocalDate_Basics"", ""LocalDate""]","[0.06765899864682003, 0.03825136612021858]","[9.71853856562923, 6.430327868852459]"
org.joda.time.TestLocalDate_Basics.testPlusWeeks_int,0.06765899864682003,0.0529551823835193,0.03825136612021858,0.1059103647670386,0.048872442923968445,0.05087287222643211,0.014703816263300723,9.71853856562923,8.074433217240845,6.430327868852459,16.14886643448169,7.739662673739715,7.905276047241046,1.644105348388385,"[""TestLocalDate_Basics"", ""LocalDate""]","[0.06765899864682003, 0.03825136612021858]","[9.71853856562923, 6.430327868852459]"
org.joda.time.TestLocalDateTime_Basics.testGetFields,0.058186738836265225,0.03526583855659833,0.01924198250728863,0.10579751566979499,0.028734051403375257,0.03166928344953006,0.016630302176398125,11.043301759133964,6.383047667135316,2.2746355685131197,19.14914300140595,4.275486018419864,5.271364430024386,3.6009974432902654,"[""LocalDateTime"", ""Chronology"", ""TestLocalDateTime_Basics""]","[0.058186738836265225, 0.028368794326241134, 0.01924198250728863]","[11.043301759133964, 5.831205673758865, 2.2746355685131197]"
org.joda.time.TestLocalDateTime_Basics.testGetField_int,0.058186738836265225,0.03526583855659833,0.01924198250728863,0.10579751566979499,0.028734051403375257,0.03166928344953006,0.016630302176398125,11.043301759133964,6.383047667135316,2.2746355685131197,19.14914300140595,4.275486018419864,5.271364430024386,3.6009974432902654,"[""LocalDateTime"", ""Chronology"", ""TestLocalDateTime_Basics""]","[0.058186738836265225, 0.028368794326241134, 0.01924198250728863]","[11.043301759133964, 5.831205673758865, 2.2746355685131197]"
org.joda.time.TestDateTime_Basics.testToMutableDateTime,0.04081632653061224,0.03525816710491125,0.02997275204359673,0.10577450131473376,0.03470335641048111,0.034979684458389185,0.004431069775279394,5.746938775510204,4.749792793723173,4.066472303206997,14.249378381169517,4.648647116937411,4.697652726663637,0.7210440210150564,"[""MutableDateTime"", ""TestDateTime_Basics"", ""DateTime""]","[0.04081632653061224, 0.03498542274052478, 0.02997275204359673]","[5.746938775510204, 4.066472303206997, 4.435967302452316]"
org.joda.time.TestDateTime_Basics.testToMutableDateTime_DateTimeZone,0.04081632653061224,0.03525816710491125,0.02997275204359673,0.10577450131473376,0.03470335641048111,0.034979684458389185,0.004431069775279394,5.746938775510204,4.749792793723173,4.066472303206997,14.249378381169517,4.648647116937411,4.697652726663637,0.7210440210150564,"[""MutableDateTime"", ""TestDateTime_Basics"", ""DateTime""]","[0.04081632653061224, 0.03498542274052478, 0.02997275204359673]","[5.746938775510204, 4.066472303206997, 4.435967302452316]"
org.joda.time.TestDateTime_Basics.testToMutableDateTimeISO,0.04081632653061224,0.03525816710491125,0.02997275204359673,0.10577450131473376,0.03470335641048111,0.034979684458389185,0.004431069775279394,5.746938775510204,4.749792793723173,4.066472303206997,14.249378381169517,4.648647116937411,4.697652726663637,0.7210440210150564,"[""MutableDateTime"", ""Object"", ""TestDateTime_Basics"", ""DateTime""]","[0.04081632653061224, 0.03498542274052478, 0.02997275204359673]","[5.746938775510204, 4.066472303206997, 4.435967302452316]"
org.joda.time.TestDateTime_Basics.testToMutableDateTime_Chronology,0.04081632653061224,0.03525816710491125,0.02997275204359673,0.10577450131473376,0.03470335641048111,0.034979684458389185,0.004431069775279394,5.746938775510204,4.749792793723173,4.066472303206997,14.249378381169517,4.648647116937411,4.697652726663637,0.7210440210150564,"[""MutableDateTime"", ""TestDateTime_Basics"", ""DateTime""]","[0.04081632653061224, 0.03498542274052478, 0.02997275204359673]","[5.746938775510204, 4.066472303206997, 4.435967302452316]"
org.joda.time.TestTimeOfDay_Basics.testToDateTime_RI,0.044386422976501305,0.03521476223690375,0.02044153720359771,0.10564428671071124,0.03126647620682468,0.033332345253449094,0.010547433513158946,5.746938775510204,4.461760872014243,3.5208503679476695,13.38528261604273,4.280246711163371,4.367561403280923,0.9408355971523327,"[""TimeOfDay"", ""DateTime"", ""TestTimeOfDay_Basics""]","[0.044386422976501305, 0.04081632653061224, 0.02044153720359771]","[4.117493472584856, 5.746938775510204, 3.5208503679476695]"
org.joda.time.TestLocalTime_Basics.testMinus_RP,0.05013550135501355,0.03517328604856346,0.024456521739130436,0.10551985814569037,0.03219983883964545,0.03359669250504587,0.01090475092652403,7.333333333333333,5.61001254864713,4.618206521739131,16.83003764594139,5.377509760275587,5.487235880523587,1.2231962996987042,"[""TestLocalTime_Basics"", ""LocalTime"", ""Period""]","[0.05013550135501355, 0.030927835051546393, 0.024456521739130436]","[7.333333333333333, 4.878497790868925, 4.618206521739131]"
org.joda.time.TestLocalTime_Basics.testPlus_RP,0.05013550135501355,0.03517328604856346,0.024456521739130436,0.10551985814569037,0.03219983883964545,0.03359669250504587,0.01090475092652403,7.333333333333333,5.61001254864713,4.618206521739131,16.83003764594139,5.377509760275587,5.487235880523587,1.2231962996987042,"[""TestLocalTime_Basics"", ""LocalTime"", ""Period""]","[0.05013550135501355, 0.030927835051546393, 0.024456521739130436]","[7.333333333333333, 4.878497790868925, 4.618206521739131]"
org.joda.time.TestMutableInterval_Basics.testGetMillis,0.04081632653061224,0.026342802108121836,0.01852958756724447,0.10537120843248735,0.024076008042537466,0.025101975087185553,0.008688198678546743,5.746938775510204,2.6149521775045694,1.2755528989838614,10.459808710018278,1.8810023438208665,2.1549002558431383,1.818964292747636,"[""MutableInterval"", ""Duration"", ""TestMutableInterval_Basics"", ""DateTime""]","[0.04081632653061224, 0.02516091281451141, 0.020864381520119227, 0.01852958756724447]","[5.746938775510204, 1.6079578700994734, 1.8293591654247392, 1.2755528989838614]"
org.joda.time.TestDateTimeZoneCutover.test_DateTime_new_Turk,0.046992481203007516,0.035117555794247524,0.017543859649122806,0.10535266738274257,0.02918855808523059,0.03228462989605512,0.012679703434629059,9.947368421052632,5.281143334526793,0.14912280701754385,15.84343000358038,0.429773743009418,2.042817711393917,4.013654056083239,"[""IllegalInstantException"", ""String"", ""TestDateTimeZoneCutover"", ""DateTime""]","[0.046992481203007516, 0.04081632653061224, 0.017543859649122806]","[9.947368421052632, 5.746938775510204, 0.14912280701754385]"
org.joda.time.TestDateTimeZoneCutover.test_DateTime_parse_Gaza,0.046992481203007516,0.035117555794247524,0.017543859649122806,0.10535266738274257,0.02918855808523059,0.03228462989605512,0.012679703434629059,9.947368421052632,5.281143334526793,0.14912280701754385,15.84343000358038,0.429773743009418,2.042817711393917,4.013654056083239,"[""IllegalInstantException"", ""String"", ""TestDateTimeZoneCutover"", ""DateTime""]","[0.046992481203007516, 0.04081632653061224, 0.017543859649122806]","[9.947368421052632, 5.746938775510204, 0.14912280701754385]"
org.joda.time.TestDateTimeZoneCutover.test_DateTime_parse_Turk,0.046992481203007516,0.035117555794247524,0.017543859649122806,0.10535266738274257,0.02918855808523059,0.03228462989605512,0.012679703434629059,9.947368421052632,5.281143334526793,0.14912280701754385,15.84343000358038,0.429773743009418,2.042817711393917,4.013654056083239,"[""IllegalInstantException"", ""String"", ""TestDateTimeZoneCutover"", ""DateTime""]","[0.046992481203007516, 0.04081632653061224, 0.017543859649122806]","[9.947368421052632, 5.746938775510204, 0.14912280701754385]"
org.joda.time.TestDateTimeZoneCutover.test_DateTime_new_Gaza,0.046992481203007516,0.035117555794247524,0.017543859649122806,0.10535266738274257,0.02918855808523059,0.03228462989605512,0.012679703434629059,9.947368421052632,5.281143334526793,0.14912280701754385,15.84343000358038,0.429773743009418,2.042817711393917,4.013654056083239,"[""IllegalInstantException"", ""String"", ""TestDateTimeZoneCutover"", ""DateTime""]","[0.046992481203007516, 0.04081632653061224, 0.017543859649122806]","[9.947368421052632, 5.746938775510204, 0.14912280701754385]"
org.joda.time.TestInterval_Constructors.testConstructor_RI_RI2,0.04081632653061224,0.026212431339499232,0.018658892128279883,0.10484972535799693,0.024060280909651715,0.025021927155052064,0.008590472435640905,5.746938775510204,2.7457669096780606,0.963265306122449,10.983067638712242,1.7980855891070835,2.1985295696293523,1.8449212675001967,"[""Instant"", ""Interval"", ""TestInterval_Constructors"", ""DateTime""]","[0.04081632653061224, 0.022713687985654513, 0.02266081871345029, 0.018658892128279883]","[5.746938775510204, 1.5499103407053199, 2.722953216374269, 0.963265306122449]"
org.joda.time.TestInterval_Constructors.testConstructor_Object3,0.04081632653061224,0.02618010519924038,0.01852958756724447,0.10472042079696152,0.02400627668354714,0.024978464077784427,0.008619031566337575,5.746938775510204,2.8238388078934133,1.2755528989838614,11.295355231573653,2.0300174891890364,2.3584162035487664,1.7730464121461633,"[""MutableInterval"", ""Interval"", ""TestInterval_Constructors"", ""DateTime""]","[0.04081632653061224, 0.022713687985654513, 0.02266081871345029, 0.01852958756724447]","[5.746938775510204, 1.5499103407053199, 2.722953216374269, 1.2755528989838614]"
org.joda.time.TestAbstractPartial.testGetPropertyEquals,0.0196078431372549,0.017435753520469156,0.014251781472684086,0.10461452112281494,0.01721487263423157,0.0173274294138627,0.0019014283602515562,2.2746355685131197,1.397012013124666,0.7008746355685131,8.382072078747996,1.1720806961849803,1.2786040940954513,0.5823280333742841,"[""IndexOutOfBoundsException"", ""TestAbstractPartial$MockProperty0Val"", ""BuddhistChronology"", ""TestAbstractPartial$MockProperty1"", ""TestAbstractPartial$MockProperty0Field"", ""TestAbstractPartial$MockPartial"", ""TestAbstractPartial"", ""TestAbstractPartial$MockProperty0Chrono"", ""AbstractPartial"", ""TestAbstractPartial$MockProperty0Chrono$1"", ""ISOChronology"", ""TestAbstractPartial$MockProperty0"", ""Chronology"", ""AbstractPartialFieldProperty""]","[0.0196078431372549, 0.01924198250728863, 0.018276762402088774, 0.01749271137026239, 0.01574344023323615, 0.014251781472684086]","[2.0588235294117645, 2.2746355685131197, 1.3453002610966058, 1.114868804664723, 0.7008746355685131, 0.88756927949327]"
org.joda.time.convert.TestCalendarConverter.testGetPartialValues,0.044386422976501305,0.014888427912841203,0.00243605359317905,0.10421899538988842,0.007186247110471418,0.01033089191297803,0.01317927829021236,4.117493472584856,1.0904786620814078,0.04506699147381242,7.633350634569854,0.13814982242375368,0.3581840167520664,1.4337294153348696,"[""TestCalendarConverter"", ""TimeOfDay"", ""Arrays"", ""Chronology"", ""CalendarConverter"", ""GregorianCalendar"", ""Date""]","[0.044386422976501305, 0.01924198250728863, 0.015006821282401092, 0.011117612638970159, 0.006024096385542169, 0.006006006006006006, 0.00243605359317905]","[4.117493472584856, 2.2746355685131197, 0.6664392905866303, 0.34932709186658867, 0.06927710843373494, 0.1111111111111111, 0.04506699147381242]"
org.joda.time.format.TestTextFields.testWeekdayNames,0.03498542274052478,0.026004535147392288,0.014222222222222223,0.10401814058956915,0.023268312731181434,0.024721871893933177,0.007484704746227248,4.066472303206997,2.5249277615808228,0.6728888888888889,10.099711046323291,1.6108790261133343,2.102170670436775,1.2193697104188006,"[""MutableDateTime"", ""DateTimeFormatter"", ""DateTimeFormat"", ""TestTextFields""]","[0.03498542274052478, 0.027988338192419825, 0.026822157434402333, 0.014222222222222223]","[4.066472303206997, 2.8956268221574346, 2.464723032069971, 0.6728888888888889]"
org.joda.time.TestDateTime_Basics.testToDateMidnight,0.04081632653061224,0.034661366440365646,0.02997275204359673,0.10398409932109694,0.03409531189461449,0.03437250314074099,0.004546676748531015,5.746938775510204,4.677151265268281,3.8485477178423237,14.031453795804843,4.5504605196150925,4.61219075388442,0.793557151858244,"[""DateMidnight"", ""TestDateTime_Basics"", ""DateTime""]","[0.04081632653061224, 0.03319502074688797, 0.02997275204359673]","[5.746938775510204, 3.8485477178423237, 4.435967302452316]"
org.joda.time.TestMutablePeriod_Updates.testSetPeriod_RInterval1,0.04081632653061224,0.025993089940888295,0.019823788546255508,0.10397235976355318,0.023884766477520733,0.024810848812093736,0.008623060759136974,5.746938775510204,4.006153362403975,1.5499103407053199,16.0246134496159,3.023632330907578,3.52465695221861,1.7855158272150935,"[""MutablePeriod"", ""Interval"", ""TestMutablePeriod_Updates"", ""DateTime""]","[0.04081632653061224, 0.022713687985654513, 0.020618556701030927, 0.019823788546255508]","[5.746938775510204, 1.5499103407053199, 3.0537555228276876, 5.674008810572687]"
org.joda.time.TestMutablePeriod_Updates.testAdd_RInterval2,0.04081632653061224,0.025993089940888295,0.019823788546255508,0.10397235976355318,0.023884766477520733,0.024810848812093736,0.008623060759136974,5.746938775510204,4.006153362403975,1.5499103407053199,16.0246134496159,3.023632330907578,3.52465695221861,1.7855158272150935,"[""MutablePeriod"", ""Interval"", ""TestMutablePeriod_Updates"", ""DateTime""]","[0.04081632653061224, 0.022713687985654513, 0.020618556701030927, 0.019823788546255508]","[5.746938775510204, 1.5499103407053199, 3.0537555228276876, 5.674008810572687]"
org.joda.time.convert.TestReadablePartialConverter.testGetChronology_Object_Zone,0.044386422976501305,0.025981607363820824,0.00823045267489712,0.1039264294552833,0.016508673502289288,0.020898522862051034,0.01521599362460602,4.117493472584856,2.0980358595978212,0.3234567901234568,8.392143438391285,0.7519203608059859,1.2759714065996899,1.6645361798976495,"[""ReadablePartialConverter"", ""DateTimeZone"", ""TimeOfDay"", ""TestReadablePartialConverter""]","[0.044386422976501305, 0.037317784256559766, 0.013991769547325103, 0.00823045267489712]","[4.117493472584856, 3.358600583090379, 0.5925925925925926, 0.3234567901234568]"
org.joda.time.TestInterval_Constructors.testConstructor_Object_Chronology1,0.04081632653061224,0.02592088614999486,0.01749271137026239,0.10368354459997944,0.02355407222515667,0.024621447098149233,0.008857517061886075,5.746938775510204,2.783667784313629,1.114868804664723,11.134671137254516,1.9199209212441557,2.2803513782094766,1.8091233160127127,"[""BuddhistChronology"", ""Interval"", ""TestInterval_Constructors"", ""DateTime""]","[0.04081632653061224, 0.022713687985654513, 0.02266081871345029, 0.01749271137026239]","[5.746938775510204, 1.5499103407053199, 2.722953216374269, 1.114868804664723]"
org.joda.time.TestIllegalFieldValueException.testJulianYearZero,0.04081632653061224,0.020727064071189107,0.013224821973550356,0.10363532035594553,0.017616291520586823,0.01887315710526283,0.010222194886435311,5.746938775510204,2.251129684268433,0.8128279883381925,11.255648421342165,1.4532269572608933,1.7478808001512007,1.7987744807902954,"[""IllegalFieldValueException"", ""DateTimeFieldType"", ""TestIllegalFieldValueException"", ""JulianChronology"", ""DateTime$Property"", ""Integer"", ""DateTime""]","[0.04081632653061224, 0.018658892128279883, 0.016693163751987282, 0.014242115971515769, 0.013224821973550356]","[5.746938775510204, 0.8128279883381925, 2.1089030206677264, 1.1627670396744658, 1.4242115971515767]"
org.joda.time.format.TestDateTimeFormatter.testParseLocalTime_simple,0.05013550135501355,0.034449285571966776,0.02639019792648445,0.10334785671590033,0.03153864039358444,0.032861993519083206,0.011093231313083051,7.333333333333333,4.4485509907926195,2.464723032069971,13.345652972377858,3.6409105175532646,4.0025299789467335,2.0872039778425546,"[""TestDateTimeFormatter"", ""DateTimeFormatter"", ""LocalTime""]","[0.05013550135501355, 0.026822157434402333, 0.02639019792648445]","[7.333333333333333, 2.464723032069971, 3.5475966069745524]"
org.joda.time.TestLocalDateTime_Basics.testGetFieldTypes,0.058186738836265225,0.034416232304831214,0.016693163751987282,0.10324869691449365,0.026704454439036407,0.030204235643194115,0.01747107748818645,11.043301759133964,6.327803484520185,2.1089030206677264,18.983410453560555,4.074847211250014,5.140096857501076,3.664316875282165,"[""DateTimeFieldType"", ""LocalDateTime"", ""TestLocalDateTime_Basics""]","[0.058186738836265225, 0.028368794326241134, 0.016693163751987282]","[11.043301759133964, 5.831205673758865, 2.1089030206677264]"
org.joda.time.TestLocalDateTime_Basics.testWithField_DateTimeFieldType_int_3,0.058186738836265225,0.034416232304831214,0.016693163751987282,0.10324869691449365,0.026704454439036407,0.030204235643194115,0.01747107748818645,11.043301759133964,6.327803484520185,2.1089030206677264,18.983410453560555,4.074847211250014,5.140096857501076,3.664316875282165,"[""DateTimeFieldType"", ""LocalDateTime"", ""TestLocalDateTime_Basics""]","[0.058186738836265225, 0.028368794326241134, 0.016693163751987282]","[11.043301759133964, 5.831205673758865, 2.1089030206677264]"
org.joda.time.TestLocalDateTime_Basics.testWithField_DateTimeFieldType_int_1,0.058186738836265225,0.034416232304831214,0.016693163751987282,0.10324869691449365,0.026704454439036407,0.030204235643194115,0.01747107748818645,11.043301759133964,6.327803484520185,2.1089030206677264,18.983410453560555,4.074847211250014,5.140096857501076,3.664316875282165,"[""DateTimeFieldType"", ""LocalDateTime"", ""TestLocalDateTime_Basics""]","[0.058186738836265225, 0.028368794326241134, 0.016693163751987282]","[11.043301759133964, 5.831205673758865, 2.1089030206677264]"
org.joda.time.TestLocalDateTime_Basics.testProperty,0.058186738836265225,0.034416232304831214,0.016693163751987282,0.10324869691449365,0.026704454439036407,0.030204235643194115,0.01747107748818645,11.043301759133964,6.327803484520185,2.1089030206677264,18.983410453560555,4.074847211250014,5.140096857501076,3.664316875282165,"[""DateTimeFieldType"", ""LocalDateTime"", ""LocalDateTime$Property"", ""TestLocalDateTime_Basics""]","[0.058186738836265225, 0.028368794326241134, 0.016693163751987282]","[11.043301759133964, 5.831205673758865, 2.1089030206677264]"
org.joda.time.TestLocalDateTime_Basics.testGet_DateTimeFieldType,0.058186738836265225,0.034416232304831214,0.016693163751987282,0.10324869691449365,0.026704454439036407,0.030204235643194115,0.01747107748818645,11.043301759133964,6.327803484520185,2.1089030206677264,18.983410453560555,4.074847211250014,5.140096857501076,3.664316875282165,"[""DateTimeFieldType"", ""LocalDateTime"", ""TestLocalDateTime_Basics""]","[0.058186738836265225, 0.028368794326241134, 0.016693163751987282]","[11.043301759133964, 5.831205673758865, 2.1089030206677264]"
org.joda.time.TestLocalDateTime_Basics.testIsSupported_DateTimeFieldType,0.058186738836265225,0.034416232304831214,0.016693163751987282,0.10324869691449365,0.026704454439036407,0.030204235643194115,0.01747107748818645,11.043301759133964,6.327803484520185,2.1089030206677264,18.983410453560555,4.074847211250014,5.140096857501076,3.664316875282165,"[""DateTimeFieldType"", ""LocalDateTime"", ""TestLocalDateTime_Basics""]","[0.058186738836265225, 0.028368794326241134, 0.016693163751987282]","[11.043301759133964, 5.831205673758865, 2.1089030206677264]"
org.joda.time.TestLocalDateTime_Basics.testGetFieldType_int,0.058186738836265225,0.034416232304831214,0.016693163751987282,0.10324869691449365,0.026704454439036407,0.030204235643194115,0.01747107748818645,11.043301759133964,6.327803484520185,2.1089030206677264,18.983410453560555,4.074847211250014,5.140096857501076,3.664316875282165,"[""DateTimeFieldType"", ""LocalDateTime"", ""TestLocalDateTime_Basics""]","[0.058186738836265225, 0.028368794326241134, 0.016693163751987282]","[11.043301759133964, 5.831205673758865, 2.1089030206677264]"
org.joda.time.TestDateTime_Constructors.testConstructor_badconverterObject_Chronology,0.04081632653061224,0.020598446862719857,0.01430517711171662,0.10299223431359929,0.017700523991702292,0.018835991274679387,0.010131859712391354,5.746938775510204,2.1377810204329393,0.632069970845481,10.688905102164696,1.1512580668038286,1.5126604367697207,1.8905576668830417,"[""Integer"", ""GregorianChronology"", ""ISOChronology"", ""DateTime"", ""TestDateTime_Constructors"", ""ConverterManager""]","[0.04081632653061224, 0.016383850204798128, 0.01574344023323615, 0.01574344023323615, 0.01430517711171662]","[5.746938775510204, 1.4230544177881803, 0.7008746355685131, 0.632069970845481, 2.1859673024523163]"
org.joda.time.TestDateTime_Constructors.testConstructor_badconverterObject_DateTimeZone,0.04081632653061224,0.020598446862719857,0.01430517711171662,0.10299223431359929,0.017700523991702292,0.018835991274679387,0.010131859712391354,5.746938775510204,2.1377810204329393,0.632069970845481,10.688905102164696,1.1512580668038286,1.5126604367697207,1.8905576668830417,"[""Integer"", ""GregorianChronology"", ""ISOChronology"", ""DateTime"", ""TestDateTime_Constructors"", ""ConverterManager""]","[0.04081632653061224, 0.016383850204798128, 0.01574344023323615, 0.01574344023323615, 0.01430517711171662]","[5.746938775510204, 1.4230544177881803, 0.7008746355685131, 0.632069970845481, 2.1859673024523163]"
org.joda.time.TestMinutes.testAddToLocalDate,0.058186738836265225,0.03430505778035251,0.020766773162939296,0.10291517334105754,0.028018208772689956,0.03070694803521204,0.01693719467446711,11.043301759133964,5.326467998518563,2.3386581469648564,15.979403995555689,3.3217363886781865,4.063222739674615,4.043792256936706,"[""TestMinutes"", ""Minutes"", ""LocalDateTime""]","[0.058186738836265225, 0.023961661341853034, 0.020766773162939296]","[11.043301759133964, 2.597444089456869, 2.3386581469648564]"
org.joda.time.TestHours.testAddToLocalDate,0.058186738836265225,0.03430505778035251,0.020766773162939296,0.10291517334105754,0.028018208772689956,0.03070694803521204,0.01693719467446711,11.043301759133964,5.394093131638904,2.4329073482428116,16.182279394916712,3.4438303921958098,4.173699661540708,3.996150071053791,"[""TestHours"", ""Hours"", ""LocalDateTime""]","[0.058186738836265225, 0.023961661341853034, 0.020766773162939296]","[11.043301759133964, 2.7060702875399363, 2.4329073482428116]"
org.joda.time.TestSeconds.testAddToLocalDate,0.058186738836265225,0.03430505778035251,0.020766773162939296,0.10291517334105754,0.028018208772689956,0.03070694803521204,0.01693719467446711,11.043301759133964,5.30942859489769,2.3386581469648564,15.92828578469307,3.293551017551963,4.0363909360957715,4.055346887698733,"[""Seconds"", ""LocalDateTime"", ""TestSeconds""]","[0.058186738836265225, 0.023961661341853034, 0.020766773162939296]","[11.043301759133964, 2.5463258785942493, 2.3386581469648564]"
org.joda.time.TestInstant_Basics.testToMutableDateTime_Chronology,0.03498542274052478,0.02056847339948046,0.01574344023323615,0.1028423669974023,0.018819940155539297,0.019563380883549274,0.007296862233351621,4.066472303206997,1.6640895766636745,0.632069970845481,8.320447883318373,1.0408584069683928,1.2771031888908089,1.2916416344240673,"[""MutableDateTime"", ""GregorianChronology"", ""Instant"", ""ISOChronology"", ""TestInstant_Basics""]","[0.03498542274052478, 0.018658892128279883, 0.017711171662125342, 0.01574344023323615, 0.01574344023323615]","[4.066472303206997, 0.963265306122449, 1.957765667574932, 0.7008746355685131, 0.632069970845481]"
org.joda.time.TestDuration_Basics.testToPeriod_Chronology,0.030927835051546393,0.025686300080179348,0.01574344023323615,0.10274520032071739,0.02381733885857301,0.02480728406170318,0.006203400325192092,4.878497790868925,2.7308728329408423,0.7008746355685131,10.923491331763369,1.586463610330314,2.1289069370023177,1.6586687451596671,"[""TestDuration_Basics"", ""Duration"", ""Period"", ""ISOChronology""]","[0.030927835051546393, 0.030913012221423435, 0.02516091281451141, 0.01574344023323615]","[4.878497790868925, 3.7361610352264556, 1.6079578700994734, 0.7008746355685131]"
org.joda.time.TestLocalTime_Basics.testToString_DTFormatter,0.05013550135501355,0.034193453762187936,0.024456521739130436,0.10258036128656381,0.031067478080362608,0.032496684599914775,0.01136456753697999,7.333333333333333,4.9490555590766325,2.8956268221574346,14.847166677229898,4.296478313850617,4.611467183214171,1.8267285118417944,"[""TestLocalTime_Basics"", ""DateTimeFormat"", ""LocalTime""]","[0.05013550135501355, 0.027988338192419825, 0.024456521739130436]","[7.333333333333333, 2.8956268221574346, 4.618206521739131]"
org.joda.time.TestYearMonthDay_Basics.testToDateTimeAtMidnight_Zone,0.04081632653061224,0.03405430609631204,0.023712183156173343,0.10216291828893612,0.032173706315872894,0.03314847225271877,0.0074274616842980685,5.746938775510204,4.136622572696422,3.295993458708095,12.409867718089266,3.873915265478925,3.9953291944171565,1.1390337710875829,"[""YearMonthDay"", ""TestYearMonthDay_Basics"", ""DateTime""]","[0.04081632653061224, 0.03763440860215054, 0.023712183156173343]","[5.746938775510204, 3.3669354838709675, 3.295993458708095]"
org.joda.time.TestYearMonthDay_Basics.testToDateTimeAtMidnight_nullZone,0.04081632653061224,0.03405430609631204,0.023712183156173343,0.10216291828893612,0.032173706315872894,0.03314847225271877,0.0074274616842980685,5.746938775510204,4.136622572696422,3.295993458708095,12.409867718089266,3.873915265478925,3.9953291944171565,1.1390337710875829,"[""YearMonthDay"", ""TestYearMonthDay_Basics"", ""DateTime""]","[0.04081632653061224, 0.03763440860215054, 0.023712183156173343]","[5.746938775510204, 3.3669354838709675, 3.295993458708095]"
org.joda.time.TestYearMonthDay_Basics.testToDateTime_RI,0.04081632653061224,0.03405430609631204,0.023712183156173343,0.10216291828893612,0.032173706315872894,0.03314847225271877,0.0074274616842980685,5.746938775510204,4.136622572696422,3.295993458708095,12.409867718089266,3.873915265478925,3.9953291944171565,1.1390337710875829,"[""YearMonthDay"", ""TestYearMonthDay_Basics"", ""DateTime$Property"", ""DateTime""]","[0.04081632653061224, 0.03763440860215054, 0.023712183156173343]","[5.746938775510204, 3.3669354838709675, 3.295993458708095]"
org.joda.time.TestYearMonthDay_Basics.testToDateTimeAtMidnight,0.04081632653061224,0.03405430609631204,0.023712183156173343,0.10216291828893612,0.032173706315872894,0.03314847225271877,0.0074274616842980685,5.746938775510204,4.136622572696422,3.295993458708095,12.409867718089266,3.873915265478925,3.9953291944171565,1.1390337710875829,"[""YearMonthDay"", ""TestYearMonthDay_Basics"", ""DateTime""]","[0.04081632653061224, 0.03763440860215054, 0.023712183156173343]","[5.746938775510204, 3.3669354838709675, 3.295993458708095]"
org.joda.time.TestInterval_Constructors.testConstructor_RI_RD4,0.02516091281451141,0.020404459996017706,0.01574344023323615,0.10202229998008852,0.01961272161862187,0.020012335953107807,0.003911463727110178,2.722953216374269,1.6797211367477658,0.7008746355685131,8.398605683738829,1.3844557194715705,1.5392849309812413,0.6461106924128306,"[""TestInterval_Constructors"", ""Interval"", ""DateTimeField"", ""Duration"", ""ISOChronology""]","[0.02516091281451141, 0.022713687985654513, 0.02266081871345029, 0.01574344023323615, 0.01574344023323615]","[1.6079578700994734, 1.5499103407053199, 2.722953216374269, 0.7008746355685131, 1.8169096209912536]"
org.joda.time.TestInterval_Constructors.testConstructor_RD_RI4,0.02516091281451141,0.020404459996017706,0.01574344023323615,0.10202229998008852,0.01961272161862187,0.020012335953107807,0.003911463727110178,2.722953216374269,1.6797211367477658,0.7008746355685131,8.398605683738829,1.3844557194715705,1.5392849309812413,0.6461106924128306,"[""TestInterval_Constructors"", ""Interval"", ""DateTimeField"", ""Duration"", ""ISOChronology""]","[0.02516091281451141, 0.022713687985654513, 0.02266081871345029, 0.01574344023323615, 0.01574344023323615]","[1.6079578700994734, 1.5499103407053199, 2.722953216374269, 0.7008746355685131, 1.8169096209912536]"
org.joda.time.TestPartial_Basics.testEqualsHashCode,0.044386422976501305,0.02550074662965625,0.016693163751987282,0.102002986518625,0.02180651062342451,0.02340791353695688,0.011313735466167076,4.117493472584856,3.3994637612984553,2.1089030206677264,13.597855045193821,3.166965441265154,3.2905166992701584,0.7924885293266001,"[""TimeOfDay"", ""Partial"", ""DateTimeFieldType"", ""TestPartial_Basics""]","[0.044386422976501305, 0.024134312696747113, 0.016789087093389297, 0.016693163751987282]","[4.117493472584856, 3.396642182581322, 3.974816369359916, 2.1089030206677264]"
org.joda.time.TestInterval_Constructors.testConstructor_long_long2,0.04081632653061224,0.0254835683657383,0.01574344023323615,0.1019342734629532,0.02270484310736401,0.023981381716009612,0.009295210082342593,5.746938775510204,2.680169242039576,0.7008746355685131,10.720676968158305,1.5306661494520584,2.0305136684961065,1.91062804877966,"[""Interval"", ""TestInterval_Constructors"", ""ISOChronology"", ""DateTime""]","[0.04081632653061224, 0.022713687985654513, 0.02266081871345029, 0.01574344023323615]","[5.746938775510204, 1.5499103407053199, 2.722953216374269, 0.7008746355685131]"
org.joda.time.TestInterval_Constructors.testConstructor_long_long_Zone,0.04081632653061224,0.0254835683657383,0.01574344023323615,0.1019342734629532,0.02270484310736401,0.023981381716009612,0.009295210082342593,5.746938775510204,2.680169242039576,0.7008746355685131,10.720676968158305,1.5306661494520584,2.0305136684961065,1.91062804877966,"[""Interval"", ""TestInterval_Constructors"", ""ISOChronology"", ""DateTime""]","[0.04081632653061224, 0.022713687985654513, 0.02266081871345029, 0.01574344023323615]","[5.746938775510204, 1.5499103407053199, 2.722953216374269, 0.7008746355685131]"
org.joda.time.TestInterval_Constructors.testConstructor_RI_RI_zones,0.04081632653061224,0.0254835683657383,0.01574344023323615,0.1019342734629532,0.02270484310736401,0.023981381716009612,0.009295210082342593,5.746938775510204,2.680169242039576,0.7008746355685131,10.720676968158305,1.5306661494520584,2.0305136684961065,1.91062804877966,"[""Interval"", ""TestInterval_Constructors"", ""ISOChronology"", ""DateTime""]","[0.04081632653061224, 0.022713687985654513, 0.02266081871345029, 0.01574344023323615]","[5.746938775510204, 1.5499103407053199, 2.722953216374269, 0.7008746355685131]"
org.joda.time.TestInterval_Constructors.testParse_noFormatter,0.04081632653061224,0.0254835683657383,0.01574344023323615,0.1019342734629532,0.02270484310736401,0.023981381716009612,0.009295210082342593,5.746938775510204,2.680169242039576,0.7008746355685131,10.720676968158305,1.5306661494520584,2.0305136684961065,1.91062804877966,"[""Interval"", ""DateTime"", ""TestInterval_Constructors"", ""ISOChronology""]","[0.04081632653061224, 0.022713687985654513, 0.02266081871345029, 0.01574344023323615]","[5.746938775510204, 1.5499103407053199, 2.722953216374269, 0.7008746355685131]"
org.joda.time.TestInterval_Constructors.testConstructor_long_long1,0.04081632653061224,0.0254835683657383,0.01574344023323615,0.1019342734629532,0.02270484310736401,0.023981381716009612,0.009295210082342593,5.746938775510204,2.680169242039576,0.7008746355685131,10.720676968158305,1.5306661494520584,2.0305136684961065,1.91062804877966,"[""Interval"", ""TestInterval_Constructors"", ""ISOChronology"", ""DateTime""]","[0.04081632653061224, 0.022713687985654513, 0.02266081871345029, 0.01574344023323615]","[5.746938775510204, 1.5499103407053199, 2.722953216374269, 0.7008746355685131]"
org.joda.time.TestInterval_Constructors.testConstructor_Object_Chronology2,0.04081632653061224,0.0254835683657383,0.01574344023323615,0.1019342734629532,0.02270484310736401,0.023981381716009612,0.009295210082342593,5.746938775510204,2.680169242039576,0.7008746355685131,10.720676968158305,1.5306661494520584,2.0305136684961065,1.91062804877966,"[""Interval"", ""TestInterval_Constructors"", ""ISOChronology"", ""DateTime""]","[0.04081632653061224, 0.022713687985654513, 0.02266081871345029, 0.01574344023323615]","[5.746938775510204, 1.5499103407053199, 2.722953216374269, 0.7008746355685131]"
org.joda.time.TestInterval_Constructors.testConstructor_long_long_nullChronology,0.04081632653061224,0.0254835683657383,0.01574344023323615,0.1019342734629532,0.02270484310736401,0.023981381716009612,0.009295210082342593,5.746938775510204,2.680169242039576,0.7008746355685131,10.720676968158305,1.5306661494520584,2.0305136684961065,1.91062804877966,"[""Interval"", ""TestInterval_Constructors"", ""ISOChronology"", ""DateTime""]","[0.04081632653061224, 0.022713687985654513, 0.02266081871345029, 0.01574344023323615]","[5.746938775510204, 1.5499103407053199, 2.722953216374269, 0.7008746355685131]"
org.joda.time.TestInterval_Constructors.testConstructor_long_long_nullZone,0.04081632653061224,0.0254835683657383,0.01574344023323615,0.1019342734629532,0.02270484310736401,0.023981381716009612,0.009295210082342593,5.746938775510204,2.680169242039576,0.7008746355685131,10.720676968158305,1.5306661494520584,2.0305136684961065,1.91062804877966,"[""Interval"", ""TestInterval_Constructors"", ""ISOChronology"", ""DateTime""]","[0.04081632653061224, 0.022713687985654513, 0.02266081871345029, 0.01574344023323615]","[5.746938775510204, 1.5499103407053199, 2.722953216374269, 0.7008746355685131]"
org.joda.time.TestSerialization.testSerializedLocalDate,0.06765899864682003,0.025478925566629142,0.006006006006006006,0.10191570226651657,0.010184996574137515,0.015264439779268535,0.025238898682294123,9.71853856562923,3.0495558771020517,0.07507507507507508,12.198223508408207,0.1553597757935017,0.6142557540315883,3.9575362908598244,"[""StringBuilder"", ""ByteArrayOutputStream"", ""ObjectInputStream"", ""TestSerialization"", ""LocalDate"", ""FileInputStream"", ""ObjectOutputStream"", ""ByteArrayInputStream""]","[0.06765899864682003, 0.022244691607684528, 0.006006006006006006, 0.006006006006006006]","[9.71853856562923, 2.320525783619818, 0.08408408408408409, 0.07507507507507508]"
org.joda.time.TestMonthDay_Basics.testPlus_RP,0.03459119496855346,0.02546991647966603,0.01749271137026239,0.10187966591866413,0.023335985149827633,0.024376653638331882,0.007419715215095684,6.022012578616352,4.106046051399136,1.114868804664723,16.424184205596543,2.6759004305913,3.4665151857249445,1.8238978688928633,"[""MonthDay"", ""BuddhistChronology"", ""TestMonthDay_Basics"", ""Period""]","[0.03459119496855346, 0.030927835051546393, 0.018867924528301886, 0.01749271137026239]","[6.022012578616352, 4.878497790868925, 4.408805031446541, 1.114868804664723]"
org.joda.time.TestMonthDay_Basics.testMinus_RP,0.03459119496855346,0.02546991647966603,0.01749271137026239,0.10187966591866413,0.023335985149827633,0.024376653638331882,0.007419715215095684,6.022012578616352,4.106046051399136,1.114868804664723,16.424184205596543,2.6759004305913,3.4665151857249445,1.8238978688928633,"[""MonthDay"", ""BuddhistChronology"", ""TestMonthDay_Basics"", ""Period""]","[0.03459119496855346, 0.030927835051546393, 0.018867924528301886, 0.01749271137026239]","[6.022012578616352, 4.878497790868925, 4.408805031446541, 1.114868804664723]"
org.joda.time.TestDateTime_Basics.testPlus_RP,0.04081632653061224,0.03390563787525178,0.02997275204359673,0.10171691362575536,0.033260540903746014,0.03357144377971126,0.004902126012015216,5.746938775510204,5.020467956277148,4.435967302452316,15.061403868831444,4.963462387199969,4.9915681677735915,0.5445353962736922,"[""TestDateTime_Basics"", ""Period"", ""DateTime""]","[0.04081632653061224, 0.030927835051546393, 0.02997275204359673]","[5.746938775510204, 4.878497790868925, 4.435967302452316]"
org.joda.time.TestDateTime_Basics.testMinus_RP,0.04081632653061224,0.03390563787525178,0.02997275204359673,0.10171691362575536,0.033260540903746014,0.03357144377971126,0.004902126012015216,5.746938775510204,5.020467956277148,4.435967302452316,15.061403868831444,4.963462387199969,4.9915681677735915,0.5445353962736922,"[""TestDateTime_Basics"", ""Period"", ""DateTime""]","[0.04081632653061224, 0.030927835051546393, 0.02997275204359673]","[5.746938775510204, 4.878497790868925, 4.435967302452316]"
org.joda.time.TestDateTime_Basics.testWithDurationAdded_RP_int,0.04081632653061224,0.03390563787525178,0.02997275204359673,0.10171691362575536,0.033260540903746014,0.03357144377971126,0.004902126012015216,5.746938775510204,5.020467956277148,4.435967302452316,15.061403868831444,4.963462387199969,4.9915681677735915,0.5445353962736922,"[""TestDateTime_Basics"", ""Period"", ""DateTime""]","[0.04081632653061224, 0.030927835051546393, 0.02997275204359673]","[5.746938775510204, 4.878497790868925, 4.435967302452316]"
org.joda.time.TestMutableInterval_Constructors.testConstructor_Object5,0.04081632653061224,0.02033737300496572,0.009563658099222952,0.10168686502482861,0.016389898308989233,0.018100141447124712,0.010676267961739028,5.746938775510204,2.2242435470539776,0.3753735803945009,11.121217735269889,1.0505454685403677,1.5521041987762445,1.8641568647582725,"[""StringBuilder"", ""Object"", ""TestMutableInterval_Constructors"", ""ReadWritableInterval"", ""MutableInterval"", ""DateTime"", ""TestMutableInterval_Constructors$1"", ""ConverterManager""]","[0.04081632653061224, 0.01852958756724447, 0.01639344262295082, 0.016383850204798128, 0.009563658099222952]","[5.746938775510204, 1.2755528989838614, 2.3002980625931446, 1.4230544177881803, 0.3753735803945009]"
org.joda.time.TestDateTime_Properties.testPropertyCompareToYear2,0.04081632653061224,0.03387049935851402,0.02316076294277929,0.10161149807554207,0.03183094824127324,0.03288950149636982,0.00768353178326879,5.746938775510204,4.837004407986276,3.3669354838709675,14.511013223958829,4.5711149695536415,4.709176720887405,1.0492590903964145,"[""YearMonthDay"", ""DateTime$Property"", ""TestDateTime_Properties"", ""DateTime""]","[0.04081632653061224, 0.03763440860215054, 0.02316076294277929]","[5.746938775510204, 3.3669354838709675, 5.397138964577657]"
org.joda.time.TestDateTime_Properties.testPropertyWithMaximumValueMillisOfDayDSTGap,0.04081632653061224,0.03376495790998376,0.02316076294277929,0.10129487372995129,0.03175498847130473,0.032797006725788294,0.007633114815840106,5.746938775510204,4.83422610772608,3.358600583090379,14.50267832317824,4.565987030628872,4.705287630055359,1.0531517755921673,"[""DateTime$Property"", ""DateTimeZone"", ""TestDateTime_Properties"", ""DateTime""]","[0.04081632653061224, 0.037317784256559766, 0.02316076294277929]","[5.746938775510204, 3.358600583090379, 5.397138964577657]"
org.joda.time.TestDateTime_Properties.testPropertyWithMinimumValueMillisOfDayDSTGap,0.04081632653061224,0.03376495790998376,0.02316076294277929,0.10129487372995129,0.03175498847130473,0.032797006725788294,0.007633114815840106,5.746938775510204,4.83422610772608,3.358600583090379,14.50267832317824,4.565987030628872,4.705287630055359,1.0531517755921673,"[""DateTime$Property"", ""DateTimeZone"", ""TestDateTime_Properties"", ""DateTime""]","[0.04081632653061224, 0.037317784256559766, 0.02316076294277929]","[5.746938775510204, 3.358600583090379, 5.397138964577657]"
org.joda.time.TestMutableDateTime_Adds.testAdd_DurationFieldType_int_dstOverlapWinter_addZero,0.037317784256559766,0.025313320724512724,0.012718600953895072,0.1012532828980509,0.020448444197997063,0.022785054710637107,0.010940333529262374,4.066472303206997,2.4017973012372607,1.0056457304163726,9.607189204949043,1.6750121262961621,2.004936242615824,1.3357844272794992,"[""TestMutableDateTime_Adds"", ""DateTimeZone"", ""MutableDateTime"", ""DurationFieldType""]","[0.037317784256559766, 0.03498542274052478, 0.016231474947071278, 0.012718600953895072]","[3.358600583090379, 4.066472303206997, 1.0056457304163726, 1.1764705882352942]"
org.joda.time.TestMutableDateTime_Adds.testAdd_DurationFieldType_int_dstOverlapSummer_addZero,0.037317784256559766,0.025313320724512724,0.012718600953895072,0.1012532828980509,0.020448444197997063,0.022785054710637107,0.010940333529262374,4.066472303206997,2.4017973012372607,1.0056457304163726,9.607189204949043,1.6750121262961621,2.004936242615824,1.3357844272794992,"[""TestMutableDateTime_Adds"", ""DateTimeZone"", ""MutableDateTime"", ""DurationFieldType""]","[0.037317784256559766, 0.03498542274052478, 0.016231474947071278, 0.012718600953895072]","[3.358600583090379, 4.066472303206997, 1.0056457304163726, 1.1764705882352942]"
org.joda.time.TestMutablePeriod_Updates.testSetPeriod_long_long_NoHours,0.04081632653061224,0.025281555361693214,0.019823788546255508,0.10112622144677286,0.023017902813299233,0.023994172968639874,0.008974566118113819,5.746938775510204,4.5506110237324275,3.0537555228276876,18.20244409492971,4.228452564034468,4.389364456920221,1.1843684146736524,"[""PeriodType"", ""TestMutablePeriod_Updates"", ""MutablePeriod"", ""DateTime""]","[0.04081632653061224, 0.020618556701030927, 0.019867549668874173, 0.019823788546255508]","[5.746938775510204, 3.0537555228276876, 3.7277409860191315, 5.674008810572687]"
org.joda.time.TestMutablePeriod_Updates.testSetPeriod_long_long_NoDays,0.04081632653061224,0.025281555361693214,0.019823788546255508,0.10112622144677286,0.023017902813299233,0.023994172968639874,0.008974566118113819,5.746938775510204,4.5506110237324275,3.0537555228276876,18.20244409492971,4.228452564034468,4.389364456920221,1.1843684146736524,"[""PeriodType"", ""TestMutablePeriod_Updates"", ""MutablePeriod"", ""DateTime""]","[0.04081632653061224, 0.020618556701030927, 0.019867549668874173, 0.019823788546255508]","[5.746938775510204, 3.0537555228276876, 3.7277409860191315, 5.674008810572687]"
org.joda.time.TestMutablePeriod_Updates.testSetPeriod_long_long_NoSeconds,0.04081632653061224,0.025281555361693214,0.019823788546255508,0.10112622144677286,0.023017902813299233,0.023994172968639874,0.008974566118113819,5.746938775510204,4.5506110237324275,3.0537555228276876,18.20244409492971,4.228452564034468,4.389364456920221,1.1843684146736524,"[""PeriodType"", ""TestMutablePeriod_Updates"", ""MutablePeriod"", ""DateTime""]","[0.04081632653061224, 0.020618556701030927, 0.019867549668874173, 0.019823788546255508]","[5.746938775510204, 3.0537555228276876, 3.7277409860191315, 5.674008810572687]"
org.joda.time.TestMutablePeriod_Updates.testSetPeriod_long_long_NoMonths,0.04081632653061224,0.025281555361693214,0.019823788546255508,0.10112622144677286,0.023017902813299233,0.023994172968639874,0.008974566118113819,5.746938775510204,4.5506110237324275,3.0537555228276876,18.20244409492971,4.228452564034468,4.389364456920221,1.1843684146736524,"[""PeriodType"", ""TestMutablePeriod_Updates"", ""MutablePeriod"", ""DateTime""]","[0.04081632653061224, 0.020618556701030927, 0.019867549668874173, 0.019823788546255508]","[5.746938775510204, 3.0537555228276876, 3.7277409860191315, 5.674008810572687]"
org.joda.time.TestMutablePeriod_Updates.testSetPeriod_long_long_NoYears,0.04081632653061224,0.025281555361693214,0.019823788546255508,0.10112622144677286,0.023017902813299233,0.023994172968639874,0.008974566118113819,5.746938775510204,4.5506110237324275,3.0537555228276876,18.20244409492971,4.228452564034468,4.389364456920221,1.1843684146736524,"[""PeriodType"", ""TestMutablePeriod_Updates"", ""MutablePeriod"", ""DateTime""]","[0.04081632653061224, 0.020618556701030927, 0.019867549668874173, 0.019823788546255508]","[5.746938775510204, 3.0537555228276876, 3.7277409860191315, 5.674008810572687]"
org.joda.time.TestMutablePeriod_Updates.testSetPeriod_long_long_NoMillis,0.04081632653061224,0.025281555361693214,0.019823788546255508,0.10112622144677286,0.023017902813299233,0.023994172968639874,0.008974566118113819,5.746938775510204,4.5506110237324275,3.0537555228276876,18.20244409492971,4.228452564034468,4.389364456920221,1.1843684146736524,"[""PeriodType"", ""TestMutablePeriod_Updates"", ""MutablePeriod"", ""DateTime""]","[0.04081632653061224, 0.020618556701030927, 0.019867549668874173, 0.019823788546255508]","[5.746938775510204, 3.0537555228276876, 3.7277409860191315, 5.674008810572687]"
org.joda.time.TestMutablePeriod_Updates.testSetPeriod_long_long_NoWeeks,0.04081632653061224,0.025281555361693214,0.019823788546255508,0.10112622144677286,0.023017902813299233,0.023994172968639874,0.008974566118113819,5.746938775510204,4.5506110237324275,3.0537555228276876,18.20244409492971,4.228452564034468,4.389364456920221,1.1843684146736524,"[""PeriodType"", ""TestMutablePeriod_Updates"", ""MutablePeriod"", ""DateTime""]","[0.04081632653061224, 0.020618556701030927, 0.019867549668874173, 0.019823788546255508]","[5.746938775510204, 3.0537555228276876, 3.7277409860191315, 5.674008810572687]"
org.joda.time.TestMutablePeriod_Updates.testSetPeriod_long_long_NoMinutes,0.04081632653061224,0.025281555361693214,0.019823788546255508,0.10112622144677286,0.023017902813299233,0.023994172968639874,0.008974566118113819,5.746938775510204,4.5506110237324275,3.0537555228276876,18.20244409492971,4.228452564034468,4.389364456920221,1.1843684146736524,"[""PeriodType"", ""TestMutablePeriod_Updates"", ""MutablePeriod"", ""DateTime""]","[0.04081632653061224, 0.020618556701030927, 0.019867549668874173, 0.019823788546255508]","[5.746938775510204, 3.0537555228276876, 3.7277409860191315, 5.674008810572687]"
org.joda.time.TestMutableInterval_Constructors.testConstructor_RI_RD5,0.04081632653061224,0.025225067383829736,0.01639344262295082,0.10090026953531894,0.022319942902471645,0.023633283058202486,0.009564498464140236,5.746938775510204,2.732686901796671,1.2755528989838614,10.930747607186683,1.9854934361464005,2.2819097078874835,1.7791099855931556,"[""MutableInterval"", ""TestMutableInterval_Constructors"", ""Duration"", ""DateTime""]","[0.04081632653061224, 0.02516091281451141, 0.01852958756724447, 0.01639344262295082]","[5.746938775510204, 1.6079578700994734, 1.2755528989838614, 2.3002980625931446]"
org.joda.time.TestMutableInterval_Constructors.testConstructor_RD_RI5,0.04081632653061224,0.025225067383829736,0.01639344262295082,0.10090026953531894,0.022319942902471645,0.023633283058202486,0.009564498464140236,5.746938775510204,2.732686901796671,1.2755528989838614,10.930747607186683,1.9854934361464005,2.2819097078874835,1.7791099855931556,"[""MutableInterval"", ""TestMutableInterval_Constructors"", ""Duration"", ""DateTime""]","[0.04081632653061224, 0.02516091281451141, 0.01852958756724447, 0.01639344262295082]","[5.746938775510204, 1.6079578700994734, 1.2755528989838614, 2.3002980625931446]"
org.joda.time.TestMutableInterval_Constructors.testConstructor_RI_RI8,0.04081632653061224,0.025203060754545908,0.01639344262295082,0.10081224301818363,0.02230257805588611,0.023612585374016344,0.00956472202405203,5.746938775510204,3.054749912405913,1.2755528989838614,12.218999649623653,2.3015164293591925,2.64354859640449,1.658896878383135,"[""MutableInterval"", ""TestMutableInterval_Constructors"", ""GJChronology"", ""DateTime""]","[0.04081632653061224, 0.02507288629737609, 0.01852958756724447, 0.01639344262295082]","[5.746938775510204, 2.896209912536443, 1.2755528989838614, 2.3002980625931446]"
org.joda.time.TestMutableInterval_Constructors.testConstructor_long_long_Chronology1,0.04081632653061224,0.025203060754545908,0.01639344262295082,0.10081224301818363,0.02230257805588611,0.023612585374016344,0.00956472202405203,5.746938775510204,3.054749912405913,1.2755528989838614,12.218999649623653,2.3015164293591925,2.64354859640449,1.658896878383135,"[""MutableInterval"", ""TestMutableInterval_Constructors"", ""GJChronology"", ""DateTime""]","[0.04081632653061224, 0.02507288629737609, 0.01852958756724447, 0.01639344262295082]","[5.746938775510204, 2.896209912536443, 1.2755528989838614, 2.3002980625931446]"
org.joda.time.TestMutableDateTime_Constructors.testParse_noFormatter,0.037317784256559766,0.025187385166789773,0.012702893436838392,0.10074954066715909,0.02024076910237226,0.0226048337630668,0.011047610058703118,4.066472303206997,2.441860910106557,0.7008746355685131,9.767443640426228,1.5506006676902722,1.9909671538879372,1.337104223152679,"[""TestMutableDateTime_Constructors"", ""DateTimeZone"", ""MutableDateTime"", ""ISOChronology""]","[0.037317784256559766, 0.03498542274052478, 0.01574344023323615, 0.012702893436838392]","[3.358600583090379, 4.066472303206997, 0.7008746355685131, 1.6414961185603387]"
org.joda.time.format.TestPeriodFormatterBuilder.testFormatPrefixSimple1,0.030927835051546393,0.02014750733477903,0.008836524300441826,0.10073753667389515,0.015099306980525765,0.017532294021252955,0.009719024052524776,5.75699558173785,3.1789224542808436,0.31516936671575846,15.894612271404219,1.05189085558109,2.0523721350843225,2.1320953233839393,"[""PeriodFormatterBuilder"", ""PeriodFormatter"", ""PeriodPrinter"", ""Period"", ""TestPeriodFormatterBuilder""]","[0.030927835051546393, 0.030927835051546393, 0.02047244094488189, 0.009572901325478646, 0.008836524300441826]","[4.878497790868925, 5.75699558173785, 3.88503937007874, 0.31516936671575846, 1.0589101620029455]"
org.joda.time.format.TestPeriodFormatterBuilder.testFormatPrefixSimple2,0.030927835051546393,0.02014750733477903,0.008836524300441826,0.10073753667389515,0.015099306980525765,0.017532294021252955,0.009719024052524776,5.75699558173785,3.1789224542808436,0.31516936671575846,15.894612271404219,1.05189085558109,2.0523721350843225,2.1320953233839393,"[""PeriodFormatterBuilder"", ""PeriodFormatter"", ""PeriodPrinter"", ""Period"", ""TestPeriodFormatterBuilder""]","[0.030927835051546393, 0.030927835051546393, 0.02047244094488189, 0.009572901325478646, 0.008836524300441826]","[4.878497790868925, 5.75699558173785, 3.88503937007874, 0.31516936671575846, 1.0589101620029455]"
org.joda.time.format.TestPeriodFormatterBuilder.testFormatSuffixPlural2,0.030927835051546393,0.02014750733477903,0.008836524300441826,0.10073753667389515,0.015099306980525765,0.017532294021252955,0.009719024052524776,5.75699558173785,3.1789224542808436,0.31516936671575846,15.894612271404219,1.05189085558109,2.0523721350843225,2.1320953233839393,"[""PeriodFormatterBuilder"", ""PeriodFormatter"", ""PeriodPrinter"", ""Period"", ""TestPeriodFormatterBuilder""]","[0.030927835051546393, 0.030927835051546393, 0.02047244094488189, 0.009572901325478646, 0.008836524300441826]","[4.878497790868925, 5.75699558173785, 3.88503937007874, 0.31516936671575846, 1.0589101620029455]"
org.joda.time.format.TestPeriodFormatterBuilder.testFormatSuffixSimple1,0.030927835051546393,0.02014750733477903,0.008836524300441826,0.10073753667389515,0.015099306980525765,0.017532294021252955,0.009719024052524776,5.75699558173785,3.1789224542808436,0.31516936671575846,15.894612271404219,1.05189085558109,2.0523721350843225,2.1320953233839393,"[""PeriodFormatterBuilder"", ""PeriodFormatter"", ""PeriodPrinter"", ""Period"", ""TestPeriodFormatterBuilder""]","[0.030927835051546393, 0.030927835051546393, 0.02047244094488189, 0.009572901325478646, 0.008836524300441826]","[4.878497790868925, 5.75699558173785, 3.88503937007874, 0.31516936671575846, 1.0589101620029455]"
org.joda.time.format.TestPeriodFormatterBuilder.testFormatSuffixSimple2,0.030927835051546393,0.02014750733477903,0.008836524300441826,0.10073753667389515,0.015099306980525765,0.017532294021252955,0.009719024052524776,5.75699558173785,3.1789224542808436,0.31516936671575846,15.894612271404219,1.05189085558109,2.0523721350843225,2.1320953233839393,"[""PeriodFormatterBuilder"", ""PeriodFormatter"", ""PeriodPrinter"", ""Period"", ""TestPeriodFormatterBuilder""]","[0.030927835051546393, 0.030927835051546393, 0.02047244094488189, 0.009572901325478646, 0.008836524300441826]","[4.878497790868925, 5.75699558173785, 3.88503937007874, 0.31516936671575846, 1.0589101620029455]"
org.joda.time.format.TestPeriodFormatterBuilder.testFormatPrefixPlural1,0.030927835051546393,0.02014750733477903,0.008836524300441826,0.10073753667389515,0.015099306980525765,0.017532294021252955,0.009719024052524776,5.75699558173785,3.1789224542808436,0.31516936671575846,15.894612271404219,1.05189085558109,2.0523721350843225,2.1320953233839393,"[""PeriodFormatterBuilder"", ""PeriodFormatter"", ""PeriodPrinter"", ""Period"", ""TestPeriodFormatterBuilder""]","[0.030927835051546393, 0.030927835051546393, 0.02047244094488189, 0.009572901325478646, 0.008836524300441826]","[4.878497790868925, 5.75699558173785, 3.88503937007874, 0.31516936671575846, 1.0589101620029455]"
org.joda.time.format.TestPeriodFormatterBuilder.testFormatMillis,0.030927835051546393,0.02014750733477903,0.008836524300441826,0.10073753667389515,0.015099306980525765,0.017532294021252955,0.009719024052524776,5.75699558173785,3.1789224542808436,0.31516936671575846,15.894612271404219,1.05189085558109,2.0523721350843225,2.1320953233839393,"[""PeriodFormatterBuilder"", ""PeriodFormatter"", ""PeriodPrinter"", ""Period"", ""TestPeriodFormatterBuilder""]","[0.030927835051546393, 0.030927835051546393, 0.02047244094488189, 0.009572901325478646, 0.008836524300441826]","[4.878497790868925, 5.75699558173785, 3.88503937007874, 0.31516936671575846, 1.0589101620029455]"
org.joda.time.format.TestPeriodFormatterBuilder.testFormatPrefixPlural2,0.030927835051546393,0.02014750733477903,0.008836524300441826,0.10073753667389515,0.015099306980525765,0.017532294021252955,0.009719024052524776,5.75699558173785,3.1789224542808436,0.31516936671575846,15.894612271404219,1.05189085558109,2.0523721350843225,2.1320953233839393,"[""PeriodFormatterBuilder"", ""PeriodFormatter"", ""PeriodPrinter"", ""Period"", ""TestPeriodFormatterBuilder""]","[0.030927835051546393, 0.030927835051546393, 0.02047244094488189, 0.009572901325478646, 0.008836524300441826]","[4.878497790868925, 5.75699558173785, 3.88503937007874, 0.31516936671575846, 1.0589101620029455]"
org.joda.time.format.TestPeriodFormatterBuilder.testFormatWeeks,0.030927835051546393,0.02014750733477903,0.008836524300441826,0.10073753667389515,0.015099306980525765,0.017532294021252955,0.009719024052524776,5.75699558173785,3.1789224542808436,0.31516936671575846,15.894612271404219,1.05189085558109,2.0523721350843225,2.1320953233839393,"[""PeriodFormatterBuilder"", ""PeriodFormatter"", ""PeriodPrinter"", ""Period"", ""TestPeriodFormatterBuilder""]","[0.030927835051546393, 0.030927835051546393, 0.02047244094488189, 0.009572901325478646, 0.008836524300441826]","[4.878497790868925, 5.75699558173785, 3.88503937007874, 0.31516936671575846, 1.0589101620029455]"
org.joda.time.format.TestPeriodFormatterBuilder.testFormatMillis3Digit,0.030927835051546393,0.02014750733477903,0.008836524300441826,0.10073753667389515,0.015099306980525765,0.017532294021252955,0.009719024052524776,5.75699558173785,3.1789224542808436,0.31516936671575846,15.894612271404219,1.05189085558109,2.0523721350843225,2.1320953233839393,"[""PeriodFormatterBuilder"", ""PeriodFormatter"", ""PeriodPrinter"", ""Period"", ""TestPeriodFormatterBuilder""]","[0.030927835051546393, 0.030927835051546393, 0.02047244094488189, 0.009572901325478646, 0.008836524300441826]","[4.878497790868925, 5.75699558173785, 3.88503937007874, 0.31516936671575846, 1.0589101620029455]"
org.joda.time.format.TestPeriodFormatterBuilder.testFormatMonths,0.030927835051546393,0.02014750733477903,0.008836524300441826,0.10073753667389515,0.015099306980525765,0.017532294021252955,0.009719024052524776,5.75699558173785,3.1789224542808436,0.31516936671575846,15.894612271404219,1.05189085558109,2.0523721350843225,2.1320953233839393,"[""PeriodFormatterBuilder"", ""PeriodFormatter"", ""PeriodPrinter"", ""Period"", ""TestPeriodFormatterBuilder""]","[0.030927835051546393, 0.030927835051546393, 0.02047244094488189, 0.009572901325478646, 0.008836524300441826]","[4.878497790868925, 5.75699558173785, 3.88503937007874, 0.31516936671575846, 1.0589101620029455]"
org.joda.time.format.TestPeriodFormatterBuilder.testFormatMinutes,0.030927835051546393,0.02014750733477903,0.008836524300441826,0.10073753667389515,0.015099306980525765,0.017532294021252955,0.009719024052524776,5.75699558173785,3.1789224542808436,0.31516936671575846,15.894612271404219,1.05189085558109,2.0523721350843225,2.1320953233839393,"[""PeriodFormatterBuilder"", ""PeriodFormatter"", ""PeriodPrinter"", ""Period"", ""TestPeriodFormatterBuilder""]","[0.030927835051546393, 0.030927835051546393, 0.02047244094488189, 0.009572901325478646, 0.008836524300441826]","[4.878497790868925, 5.75699558173785, 3.88503937007874, 0.31516936671575846, 1.0589101620029455]"
org.joda.time.format.TestPeriodFormatterBuilder.testFormatHours,0.030927835051546393,0.02014750733477903,0.008836524300441826,0.10073753667389515,0.015099306980525765,0.017532294021252955,0.009719024052524776,5.75699558173785,3.1789224542808436,0.31516936671575846,15.894612271404219,1.05189085558109,2.0523721350843225,2.1320953233839393,"[""PeriodFormatterBuilder"", ""PeriodFormatter"", ""PeriodPrinter"", ""Period"", ""TestPeriodFormatterBuilder""]","[0.030927835051546393, 0.030927835051546393, 0.02047244094488189, 0.009572901325478646, 0.008836524300441826]","[4.878497790868925, 5.75699558173785, 3.88503937007874, 0.31516936671575846, 1.0589101620029455]"
org.joda.time.format.TestPeriodFormatterBuilder.testFormatYears,0.030927835051546393,0.02014750733477903,0.008836524300441826,0.10073753667389515,0.015099306980525765,0.017532294021252955,0.009719024052524776,5.75699558173785,3.1789224542808436,0.31516936671575846,15.894612271404219,1.05189085558109,2.0523721350843225,2.1320953233839393,"[""PeriodFormatterBuilder"", ""PeriodFormatter"", ""PeriodPrinter"", ""Period"", ""TestPeriodFormatterBuilder""]","[0.030927835051546393, 0.030927835051546393, 0.02047244094488189, 0.009572901325478646, 0.008836524300441826]","[4.878497790868925, 5.75699558173785, 3.88503937007874, 0.31516936671575846, 1.0589101620029455]"
org.joda.time.format.TestPeriodFormatterBuilder.testFormatSecondsWithOptionalMillis,0.030927835051546393,0.02014750733477903,0.008836524300441826,0.10073753667389515,0.015099306980525765,0.017532294021252955,0.009719024052524776,5.75699558173785,3.1789224542808436,0.31516936671575846,15.894612271404219,1.05189085558109,2.0523721350843225,2.1320953233839393,"[""PeriodFormatterBuilder"", ""PeriodFormatter"", ""PeriodPrinter"", ""Period"", ""TestPeriodFormatterBuilder""]","[0.030927835051546393, 0.030927835051546393, 0.02047244094488189, 0.009572901325478646, 0.008836524300441826]","[4.878497790868925, 5.75699558173785, 3.88503937007874, 0.31516936671575846, 1.0589101620029455]"
org.joda.time.format.TestPeriodFormatterBuilder.testFormatSuffixPlural1,0.030927835051546393,0.02014750733477903,0.008836524300441826,0.10073753667389515,0.015099306980525765,0.017532294021252955,0.009719024052524776,5.75699558173785,3.1789224542808436,0.31516936671575846,15.894612271404219,1.05189085558109,2.0523721350843225,2.1320953233839393,"[""PeriodFormatterBuilder"", ""PeriodFormatter"", ""PeriodPrinter"", ""Period"", ""TestPeriodFormatterBuilder""]","[0.030927835051546393, 0.030927835051546393, 0.02047244094488189, 0.009572901325478646, 0.008836524300441826]","[4.878497790868925, 5.75699558173785, 3.88503937007874, 0.31516936671575846, 1.0589101620029455]"
org.joda.time.format.TestPeriodFormatterBuilder.testFormatDays,0.030927835051546393,0.02014750733477903,0.008836524300441826,0.10073753667389515,0.015099306980525765,0.017532294021252955,0.009719024052524776,5.75699558173785,3.1789224542808436,0.31516936671575846,15.894612271404219,1.05189085558109,2.0523721350843225,2.1320953233839393,"[""PeriodFormatterBuilder"", ""PeriodFormatter"", ""PeriodPrinter"", ""Period"", ""TestPeriodFormatterBuilder""]","[0.030927835051546393, 0.030927835051546393, 0.02047244094488189, 0.009572901325478646, 0.008836524300441826]","[4.878497790868925, 5.75699558173785, 3.88503937007874, 0.31516936671575846, 1.0589101620029455]"
org.joda.time.format.TestPeriodFormatterBuilder.testFormatSeconds,0.030927835051546393,0.02014750733477903,0.008836524300441826,0.10073753667389515,0.015099306980525765,0.017532294021252955,0.009719024052524776,5.75699558173785,3.1789224542808436,0.31516936671575846,15.894612271404219,1.05189085558109,2.0523721350843225,2.1320953233839393,"[""PeriodFormatterBuilder"", ""PeriodFormatter"", ""PeriodPrinter"", ""Period"", ""TestPeriodFormatterBuilder""]","[0.030927835051546393, 0.030927835051546393, 0.02047244094488189, 0.009572901325478646, 0.008836524300441826]","[4.878497790868925, 5.75699558173785, 3.88503937007874, 0.31516936671575846, 1.0589101620029455]"
org.joda.time.format.TestPeriodFormatterBuilder.testFormatSecondsWithMillis,0.030927835051546393,0.02014750733477903,0.008836524300441826,0.10073753667389515,0.015099306980525765,0.017532294021252955,0.009719024052524776,5.75699558173785,3.1789224542808436,0.31516936671575846,15.894612271404219,1.05189085558109,2.0523721350843225,2.1320953233839393,"[""PeriodFormatterBuilder"", ""PeriodFormatter"", ""PeriodPrinter"", ""Period"", ""TestPeriodFormatterBuilder""]","[0.030927835051546393, 0.030927835051546393, 0.02047244094488189, 0.009572901325478646, 0.008836524300441826]","[4.878497790868925, 5.75699558173785, 3.88503937007874, 0.31516936671575846, 1.0589101620029455]"
org.joda.time.format.TestPeriodFormatterBuilder.testFormatPrefixSuffix,0.030927835051546393,0.02014750733477903,0.008836524300441826,0.10073753667389515,0.015099306980525765,0.017532294021252955,0.009719024052524776,5.75699558173785,3.1789224542808436,0.31516936671575846,15.894612271404219,1.05189085558109,2.0523721350843225,2.1320953233839393,"[""PeriodFormatterBuilder"", ""PeriodFormatter"", ""PeriodPrinter"", ""Period"", ""TestPeriodFormatterBuilder""]","[0.030927835051546393, 0.030927835051546393, 0.02047244094488189, 0.009572901325478646, 0.008836524300441826]","[4.878497790868925, 5.75699558173785, 3.88503937007874, 0.31516936671575846, 1.0589101620029455]"
org.joda.time.TestInterval_Basics.testEqualsHashCodeStrict,0.04081632653061224,0.025129479006810524,0.008777062609713282,0.1005179160272421,0.01835645333998889,0.021888786847575607,0.011497929512700225,5.746938775510204,3.2531343619348947,0.5330602691632533,13.012537447739579,1.3849854058429214,2.2272418360050543,2.2495433719875164,"[""LenientChronology"", ""Interval"", ""TestInterval_Basics"", ""DateTime""]","[0.04081632653061224, 0.028210838901262063, 0.022713687985654513, 0.008777062609713282]","[5.746938775510204, 5.182628062360802, 1.5499103407053199, 0.5330602691632533]"
org.joda.time.TestInterval_Basics.testEqualsHashCodeLenient,0.04081632653061224,0.025129479006810524,0.008777062609713282,0.1005179160272421,0.01835645333998889,0.021888786847575607,0.011497929512700225,5.746938775510204,3.2531343619348947,0.5330602691632533,13.012537447739579,1.3849854058429214,2.2272418360050543,2.2495433719875164,"[""LenientChronology"", ""Interval"", ""TestInterval_Basics"", ""DateTime""]","[0.04081632653061224, 0.028210838901262063, 0.022713687985654513, 0.008777062609713282]","[5.746938775510204, 5.182628062360802, 1.5499103407053199, 0.5330602691632533]"
org.joda.time.TestMutablePeriod_Constructors.testConstructor_Object_Chronology1,0.02516091281451141,0.020096006714661222,0.01574344023323615,0.10048003357330611,0.019647859023845207,0.01987032490217694,0.003031048214112746,3.7277409860191315,2.5559512654580274,0.7008746355685131,12.779756327290137,1.7149923368523037,2.162871870107764,1.2037997306957469,"[""TestMutablePeriod_Constructors"", ""MutablePeriod"", ""Duration"", ""ISOChronology"", ""PeriodType""]","[0.02516091281451141, 0.020618556701030927, 0.019867549668874173, 0.01908957415565345, 0.01574344023323615]","[1.6079578700994734, 3.0537555228276876, 3.7277409860191315, 3.6894273127753303, 0.7008746355685131]"
org.joda.time.TestMutablePeriod_Constructors.testConstructor_Object_Chronology2,0.02516091281451141,0.020096006714661222,0.01574344023323615,0.10048003357330611,0.019647859023845207,0.01987032490217694,0.003031048214112746,3.7277409860191315,2.5559512654580274,0.7008746355685131,12.779756327290137,1.7149923368523037,2.162871870107764,1.2037997306957469,"[""TestMutablePeriod_Constructors"", ""MutablePeriod"", ""Duration"", ""ISOChronology"", ""PeriodType""]","[0.02516091281451141, 0.020618556701030927, 0.019867549668874173, 0.01908957415565345, 0.01574344023323615]","[1.6079578700994734, 3.0537555228276876, 3.7277409860191315, 3.6894273127753303, 0.7008746355685131]"
org.joda.time.TestPeriod_Basics.testToDurationFrom,0.030927835051546393,0.02511128591635241,0.018658892128279883,0.10044514366540964,0.02430346938838161,0.024715145754764703,0.0043534969715003854,6.045521292217328,3.3738105648270444,0.963265306122449,13.495242259308178,1.9700209363224674,2.599771107995964,2.1407408789252003,"[""TestPeriod_Basics"", ""Duration"", ""Period"", ""Instant""]","[0.030927835051546393, 0.02569750367107195, 0.02516091281451141, 0.018658892128279883]","[4.878497790868925, 6.045521292217328, 1.6079578700994734, 0.963265306122449]"
org.joda.time.TestPeriod_Basics.testToDurationTo,0.030927835051546393,0.02511128591635241,0.018658892128279883,0.10044514366540964,0.02430346938838161,0.024715145754764703,0.0043534969715003854,6.045521292217328,3.3738105648270444,0.963265306122449,13.495242259308178,1.9700209363224674,2.599771107995964,2.1407408789252003,"[""TestPeriod_Basics"", ""Duration"", ""Period"", ""Instant""]","[0.030927835051546393, 0.02569750367107195, 0.02516091281451141, 0.018658892128279883]","[4.878497790868925, 6.045521292217328, 1.6079578700994734, 0.963265306122449]"
org.joda.time.TestMutablePeriod_Constructors.testConstructor_long_long_PeriodType3,0.04081632653061224,0.0250980017640427,0.01908957415565345,0.1003920070561708,0.02276375310083175,0.023768850618215657,0.009091066947627777,5.746938775510204,4.054465649283088,3.0537555228276876,16.217862597132353,3.843289571064866,3.941566705385144,1.013149548795323,"[""PeriodType"", ""MutablePeriod"", ""TestMutablePeriod_Constructors"", ""DateTime""]","[0.04081632653061224, 0.020618556701030927, 0.019867549668874173, 0.01908957415565345]","[5.746938775510204, 3.0537555228276876, 3.7277409860191315, 3.6894273127753303]"
org.joda.time.TestMutablePeriod_Constructors.testConstructor_RI_RD2,0.04081632653061224,0.0250980017640427,0.01908957415565345,0.1003920070561708,0.02276375310083175,0.023768850618215657,0.009091066947627777,5.746938775510204,4.054465649283088,3.0537555228276876,16.217862597132353,3.843289571064866,3.941566705385144,1.013149548795323,"[""MutablePeriod"", ""PeriodType"", ""TestMutablePeriod_Constructors"", ""DateTime""]","[0.04081632653061224, 0.020618556701030927, 0.019867549668874173, 0.01908957415565345]","[5.746938775510204, 3.0537555228276876, 3.7277409860191315, 3.6894273127753303]"
org.joda.time.TestMutablePeriod_Constructors.testConstructor_RI_RI_PeriodType3,0.04081632653061224,0.0250980017640427,0.01908957415565345,0.1003920070561708,0.02276375310083175,0.023768850618215657,0.009091066947627777,5.746938775510204,4.054465649283088,3.0537555228276876,16.217862597132353,3.843289571064866,3.941566705385144,1.013149548795323,"[""PeriodType"", ""MutablePeriod"", ""TestMutablePeriod_Constructors"", ""DateTime""]","[0.04081632653061224, 0.020618556701030927, 0.019867549668874173, 0.01908957415565345]","[5.746938775510204, 3.0537555228276876, 3.7277409860191315, 3.6894273127753303]"
org.joda.time.TestMutablePeriod_Constructors.testConstructor_long_long1,0.04081632653061224,0.0250980017640427,0.01908957415565345,0.1003920070561708,0.02276375310083175,0.023768850618215657,0.009091066947627777,5.746938775510204,4.054465649283088,3.0537555228276876,16.217862597132353,3.843289571064866,3.941566705385144,1.013149548795323,"[""MutablePeriod"", ""PeriodType"", ""TestMutablePeriod_Constructors"", ""DateTime""]","[0.04081632653061224, 0.020618556701030927, 0.019867549668874173, 0.01908957415565345]","[5.746938775510204, 3.0537555228276876, 3.7277409860191315, 3.6894273127753303]"
org.joda.time.TestMutablePeriod_Constructors.testConstructor_RI_RI3,0.04081632653061224,0.0250980017640427,0.01908957415565345,0.1003920070561708,0.02276375310083175,0.023768850618215657,0.009091066947627777,5.746938775510204,4.054465649283088,3.0537555228276876,16.217862597132353,3.843289571064866,3.941566705385144,1.013149548795323,"[""MutablePeriod"", ""PeriodType"", ""TestMutablePeriod_Constructors"", ""DateTime""]","[0.04081632653061224, 0.020618556701030927, 0.019867549668874173, 0.01908957415565345]","[5.746938775510204, 3.0537555228276876, 3.7277409860191315, 3.6894273127753303]"
org.joda.time.TestMutablePeriod_Constructors.testConstructor_RI_RD_PeriodType2,0.04081632653061224,0.0250980017640427,0.01908957415565345,0.1003920070561708,0.02276375310083175,0.023768850618215657,0.009091066947627777,5.746938775510204,4.054465649283088,3.0537555228276876,16.217862597132353,3.843289571064866,3.941566705385144,1.013149548795323,"[""MutablePeriod"", ""PeriodType"", ""TestMutablePeriod_Constructors"", ""DateTime""]","[0.04081632653061224, 0.020618556701030927, 0.019867549668874173, 0.01908957415565345]","[5.746938775510204, 3.0537555228276876, 3.7277409860191315, 3.6894273127753303]"
org.joda.time.TestMutablePeriod_Constructors.testConstructor_RI_RI_PeriodType1,0.04081632653061224,0.0250980017640427,0.01908957415565345,0.1003920070561708,0.02276375310083175,0.023768850618215657,0.009091066947627777,5.746938775510204,4.054465649283088,3.0537555228276876,16.217862597132353,3.843289571064866,3.941566705385144,1.013149548795323,"[""MutablePeriod"", ""PeriodType"", ""TestMutablePeriod_Constructors"", ""DateTime""]","[0.04081632653061224, 0.020618556701030927, 0.019867549668874173, 0.01908957415565345]","[5.746938775510204, 3.0537555228276876, 3.7277409860191315, 3.6894273127753303]"
org.joda.time.TestMutablePeriod_Constructors.testConstructor_long_long_Chronology2,0.04081632653061224,0.0250980017640427,0.01908957415565345,0.1003920070561708,0.02276375310083175,0.023768850618215657,0.009091066947627777,5.746938775510204,4.054465649283088,3.0537555228276876,16.217862597132353,3.843289571064866,3.941566705385144,1.013149548795323,"[""MutablePeriod"", ""PeriodType"", ""TestMutablePeriod_Constructors"", ""DateTime""]","[0.04081632653061224, 0.020618556701030927, 0.019867549668874173, 0.01908957415565345]","[5.746938775510204, 3.0537555228276876, 3.7277409860191315, 3.6894273127753303]"
org.joda.time.TestMutablePeriod_Constructors.testConstructor_RI_RI_PeriodType4,0.04081632653061224,0.0250980017640427,0.01908957415565345,0.1003920070561708,0.02276375310083175,0.023768850618215657,0.009091066947627777,5.746938775510204,4.054465649283088,3.0537555228276876,16.217862597132353,3.843289571064866,3.941566705385144,1.013149548795323,"[""PeriodType"", ""MutablePeriod"", ""TestMutablePeriod_Constructors"", ""DateTime""]","[0.04081632653061224, 0.020618556701030927, 0.019867549668874173, 0.01908957415565345]","[5.746938775510204, 3.0537555228276876, 3.7277409860191315, 3.6894273127753303]"
org.joda.time.TestMutablePeriod_Constructors.testConstructor_long_long2,0.04081632653061224,0.0250980017640427,0.01908957415565345,0.1003920070561708,0.02276375310083175,0.023768850618215657,0.009091066947627777,5.746938775510204,4.054465649283088,3.0537555228276876,16.217862597132353,3.843289571064866,3.941566705385144,1.013149548795323,"[""MutablePeriod"", ""PeriodType"", ""TestMutablePeriod_Constructors"", ""DateTime""]","[0.04081632653061224, 0.020618556701030927, 0.019867549668874173, 0.01908957415565345]","[5.746938775510204, 3.0537555228276876, 3.7277409860191315, 3.6894273127753303]"
org.joda.time.TestMutablePeriod_Constructors.testConstructor_RI_RI_PeriodType2,0.04081632653061224,0.0250980017640427,0.01908957415565345,0.1003920070561708,0.02276375310083175,0.023768850618215657,0.009091066947627777,5.746938775510204,4.054465649283088,3.0537555228276876,16.217862597132353,3.843289571064866,3.941566705385144,1.013149548795323,"[""PeriodType"", ""MutablePeriod"", ""TestMutablePeriod_Constructors"", ""DateTime""]","[0.04081632653061224, 0.020618556701030927, 0.019867549668874173, 0.01908957415565345]","[5.746938775510204, 3.0537555228276876, 3.7277409860191315, 3.6894273127753303]"
org.joda.time.TestMutablePeriod_Constructors.testConstructor_long_long_PeriodType_Chronology2,0.04081632653061224,0.0250980017640427,0.01908957415565345,0.1003920070561708,0.02276375310083175,0.023768850618215657,0.009091066947627777,5.746938775510204,4.054465649283088,3.0537555228276876,16.217862597132353,3.843289571064866,3.941566705385144,1.013149548795323,"[""MutablePeriod"", ""PeriodType"", ""TestMutablePeriod_Constructors"", ""DateTime""]","[0.04081632653061224, 0.020618556701030927, 0.019867549668874173, 0.01908957415565345]","[5.746938775510204, 3.0537555228276876, 3.7277409860191315, 3.6894273127753303]"
org.joda.time.TestMutablePeriod_Constructors.testConstructor_RI_RI2,0.04081632653061224,0.0250980017640427,0.01908957415565345,0.1003920070561708,0.02276375310083175,0.023768850618215657,0.009091066947627777,5.746938775510204,4.054465649283088,3.0537555228276876,16.217862597132353,3.843289571064866,3.941566705385144,1.013149548795323,"[""MutablePeriod"", ""PeriodType"", ""TestMutablePeriod_Constructors"", ""DateTime""]","[0.04081632653061224, 0.020618556701030927, 0.019867549668874173, 0.01908957415565345]","[5.746938775510204, 3.0537555228276876, 3.7277409860191315, 3.6894273127753303]"
org.joda.time.TestMutablePeriod_Constructors.testConstructor_long_long_PeriodType2,0.04081632653061224,0.0250980017640427,0.01908957415565345,0.1003920070561708,0.02276375310083175,0.023768850618215657,0.009091066947627777,5.746938775510204,4.054465649283088,3.0537555228276876,16.217862597132353,3.843289571064866,3.941566705385144,1.013149548795323,"[""PeriodType"", ""MutablePeriod"", ""TestMutablePeriod_Constructors"", ""DateTime""]","[0.04081632653061224, 0.020618556701030927, 0.019867549668874173, 0.01908957415565345]","[5.746938775510204, 3.0537555228276876, 3.7277409860191315, 3.6894273127753303]"
org.joda.time.TestMutablePeriod_Constructors.testConstructor_RI_RI1,0.04081632653061224,0.0250980017640427,0.01908957415565345,0.1003920070561708,0.02276375310083175,0.023768850618215657,0.009091066947627777,5.746938775510204,4.054465649283088,3.0537555228276876,16.217862597132353,3.843289571064866,3.941566705385144,1.013149548795323,"[""MutablePeriod"", ""PeriodType"", ""TestMutablePeriod_Constructors"", ""DateTime""]","[0.04081632653061224, 0.020618556701030927, 0.019867549668874173, 0.01908957415565345]","[5.746938775510204, 3.0537555228276876, 3.7277409860191315, 3.6894273127753303]"
org.joda.time.TestMutablePeriod_Constructors.testConstructor_long_long_PeriodType1,0.04081632653061224,0.0250980017640427,0.01908957415565345,0.1003920070561708,0.02276375310083175,0.023768850618215657,0.009091066947627777,5.746938775510204,4.054465649283088,3.0537555228276876,16.217862597132353,3.843289571064866,3.941566705385144,1.013149548795323,"[""MutablePeriod"", ""PeriodType"", ""TestMutablePeriod_Constructors"", ""DateTime""]","[0.04081632653061224, 0.020618556701030927, 0.019867549668874173, 0.01908957415565345]","[5.746938775510204, 3.0537555228276876, 3.7277409860191315, 3.6894273127753303]"
org.joda.time.TestMutablePeriod_Constructors.testConstructor_RI_RI4,0.04081632653061224,0.0250980017640427,0.01908957415565345,0.1003920070561708,0.02276375310083175,0.023768850618215657,0.009091066947627777,5.746938775510204,4.054465649283088,3.0537555228276876,16.217862597132353,3.843289571064866,3.941566705385144,1.013149548795323,"[""MutablePeriod"", ""PeriodType"", ""TestMutablePeriod_Constructors"", ""DateTime""]","[0.04081632653061224, 0.020618556701030927, 0.019867549668874173, 0.01908957415565345]","[5.746938775510204, 3.0537555228276876, 3.7277409860191315, 3.6894273127753303]"
org.joda.time.TestLocalDate_Constructors.testFactory_fromDateFields_beforeYearZero1,0.06765899864682003,0.033425216303509704,0.006006006006006006,0.10027564891052912,0.01370745878143096,0.022113402579725824,0.025626830595005746,9.71853856562923,4.449285653217835,0.1111111111111111,13.347856959653505,0.31958643647025614,1.5603665275939456,3.9770881955013286,"[""GregorianCalendar"", ""TestLocalDate_Constructors"", ""LocalDate""]","[0.06765899864682003, 0.02661064425770308, 0.006006006006006006]","[9.71853856562923, 3.518207282913165, 0.1111111111111111]"
org.joda.time.TestLocalDate_Constructors.testFactory_fromCalendarFields_beforeYearZero1,0.06765899864682003,0.033425216303509704,0.006006006006006006,0.10027564891052912,0.01370745878143096,0.022113402579725824,0.025626830595005746,9.71853856562923,4.449285653217835,0.1111111111111111,13.347856959653505,0.31958643647025614,1.5603665275939456,3.9770881955013286,"[""GregorianCalendar"", ""TestLocalDate_Constructors"", ""LocalDate""]","[0.06765899864682003, 0.02661064425770308, 0.006006006006006006]","[9.71853856562923, 3.518207282913165, 0.1111111111111111]"
org.joda.time.TestLocalDate_Constructors.testFactory_fromDateFields_after1970,0.06765899864682003,0.033425216303509704,0.006006006006006006,0.10027564891052912,0.01370745878143096,0.022113402579725824,0.025626830595005746,9.71853856562923,4.449285653217835,0.1111111111111111,13.347856959653505,0.31958643647025614,1.5603665275939456,3.9770881955013286,"[""GregorianCalendar"", ""TestLocalDate_Constructors"", ""LocalDate""]","[0.06765899864682003, 0.02661064425770308, 0.006006006006006006]","[9.71853856562923, 3.518207282913165, 0.1111111111111111]"
org.joda.time.TestLocalDate_Constructors.testFactory_fromDateFields_before1970,0.06765899864682003,0.033425216303509704,0.006006006006006006,0.10027564891052912,0.01370745878143096,0.022113402579725824,0.025626830595005746,9.71853856562923,4.449285653217835,0.1111111111111111,13.347856959653505,0.31958643647025614,1.5603665275939456,3.9770881955013286,"[""GregorianCalendar"", ""TestLocalDate_Constructors"", ""LocalDate""]","[0.06765899864682003, 0.02661064425770308, 0.006006006006006006]","[9.71853856562923, 3.518207282913165, 0.1111111111111111]"
org.joda.time.TestLocalDate_Constructors.testFactory_fromCalendarFields_beforeYearZero3,0.06765899864682003,0.033425216303509704,0.006006006006006006,0.10027564891052912,0.01370745878143096,0.022113402579725824,0.025626830595005746,9.71853856562923,4.449285653217835,0.1111111111111111,13.347856959653505,0.31958643647025614,1.5603665275939456,3.9770881955013286,"[""GregorianCalendar"", ""TestLocalDate_Constructors"", ""LocalDate""]","[0.06765899864682003, 0.02661064425770308, 0.006006006006006006]","[9.71853856562923, 3.518207282913165, 0.1111111111111111]"
org.joda.time.TestLocalDate_Constructors.testFactory_fromCalendarFields,0.06765899864682003,0.033425216303509704,0.006006006006006006,0.10027564891052912,0.01370745878143096,0.022113402579725824,0.025626830595005746,9.71853856562923,4.449285653217835,0.1111111111111111,13.347856959653505,0.31958643647025614,1.5603665275939456,3.9770881955013286,"[""GregorianCalendar"", ""TestLocalDate_Constructors"", ""LocalDate""]","[0.06765899864682003, 0.02661064425770308, 0.006006006006006006]","[9.71853856562923, 3.518207282913165, 0.1111111111111111]"
org.joda.time.TestLocalDate_Constructors.testFactory_fromDateFields_beforeYearZero3,0.06765899864682003,0.033425216303509704,0.006006006006006006,0.10027564891052912,0.01370745878143096,0.022113402579725824,0.025626830595005746,9.71853856562923,4.449285653217835,0.1111111111111111,13.347856959653505,0.31958643647025614,1.5603665275939456,3.9770881955013286,"[""GregorianCalendar"", ""TestLocalDate_Constructors"", ""LocalDate""]","[0.06765899864682003, 0.02661064425770308, 0.006006006006006006]","[9.71853856562923, 3.518207282913165, 0.1111111111111111]"
org.joda.time.convert.TestNullConverter.testGetPartialValues,0.044386422976501305,0.019992006990131046,0.006024096385542169,0.09996003495065524,0.013302662822129488,0.016296392242525912,0.013058962969877061,4.117493472584856,1.1926772958586787,0.06927710843373494,5.963386479293393,0.24438606372624994,0.5479193657776249,1.4832784086116884,"[""NullConverter"", ""TimeOfDay"", ""Arrays"", ""TestNullConverter"", ""ISOChronology""]","[0.044386422976501305, 0.020463847203274217, 0.01574344023323615, 0.0133422281521014, 0.006024096385542169]","[4.117493472584856, 0.7435197817189632, 0.7008746355685131, 0.3322214809873249, 0.06927710843373494]"
org.joda.time.TestDateMidnight_Basics.testToDateTime_Chronology,0.04081632653061224,0.03320562786989338,0.02560553633217993,0.09961688360968014,0.032024234555880125,0.03261471433666826,0.006209783624704646,5.746938775510204,4.395727331694211,3.5916955017301038,13.187181995082632,4.211921450267228,4.298771084681906,0.9611876471861658,"[""TestDateMidnight_Basics"", ""DateMidnight"", ""DateTime""]","[0.04081632653061224, 0.03319502074688797, 0.02560553633217993]","[5.746938775510204, 3.8485477178423237, 3.5916955017301038]"
org.joda.time.TestDateMidnight_Basics.testToDateTime,0.04081632653061224,0.03320562786989338,0.02560553633217993,0.09961688360968014,0.032024234555880125,0.03261471433666826,0.006209783624704646,5.746938775510204,4.395727331694211,3.5916955017301038,13.187181995082632,4.211921450267228,4.298771084681906,0.9611876471861658,"[""TestDateMidnight_Basics"", ""DateMidnight"", ""DateTime""]","[0.04081632653061224, 0.03319502074688797, 0.02560553633217993]","[5.746938775510204, 3.8485477178423237, 3.5916955017301038]"
org.joda.time.TestDateMidnight_Basics.testToDateTime_DateTimeZone,0.04081632653061224,0.03320562786989338,0.02560553633217993,0.09961688360968014,0.032024234555880125,0.03261471433666826,0.006209783624704646,5.746938775510204,4.395727331694211,3.5916955017301038,13.187181995082632,4.211921450267228,4.298771084681906,0.9611876471861658,"[""TestDateMidnight_Basics"", ""DateMidnight"", ""DateTime""]","[0.04081632653061224, 0.03319502074688797, 0.02560553633217993]","[5.746938775510204, 3.8485477178423237, 3.5916955017301038]"
org.joda.time.TestDateMidnight_Basics.testToDateTimeISO,0.04081632653061224,0.03320562786989338,0.02560553633217993,0.09961688360968014,0.032024234555880125,0.03261471433666826,0.006209783624704646,5.746938775510204,4.395727331694211,3.5916955017301038,13.187181995082632,4.211921450267228,4.298771084681906,0.9611876471861658,"[""TestDateMidnight_Basics"", ""DateMidnight"", ""Object"", ""DateTime""]","[0.04081632653061224, 0.03319502074688797, 0.02560553633217993]","[5.746938775510204, 3.8485477178423237, 3.5916955017301038]"
org.joda.time.convert.TestNullConverter.testSetInto_Object_Chronology2,0.02507288629737609,0.019873177849018056,0.0133422281521014,0.09936588924509028,0.01899616753524499,0.019452395535546823,0.003903540162444894,2.896209912536443,1.2186350682957579,0.3322214809873249,6.093175341478789,0.7499918098008223,0.9494892771390251,0.8908493225761823,"[""NullConverter"", ""GJChronology"", ""MutableInterval"", ""TestNullConverter"", ""CopticChronology""]","[0.02507288629737609, 0.021957340025094103, 0.020463847203274217, 0.01852958756724447, 0.0133422281521014]","[2.896209912536443, 0.8456712672521958, 0.7435197817189632, 1.2755528989838614, 0.3322214809873249]"
org.joda.time.TestLocalDateTime_Basics.testWithFieldAdded_DurationFieldType_int_4,0.058186738836265225,0.033091378038800474,0.012718600953895072,0.09927413411640143,0.022890096484418317,0.027586805471951702,0.01886027550725164,11.043301759133964,6.016992673709375,1.1764705882352942,18.050978021128124,2.6977355888310406,4.231354949092707,4.030258630722298,"[""LocalDateTime"", ""DurationFieldType"", ""TestLocalDateTime_Basics""]","[0.058186738836265225, 0.028368794326241134, 0.012718600953895072]","[11.043301759133964, 5.831205673758865, 1.1764705882352942]"
org.joda.time.TestLocalDateTime_Basics.testIsSupported_DurationFieldType,0.058186738836265225,0.033091378038800474,0.012718600953895072,0.09927413411640143,0.022890096484418317,0.027586805471951702,0.01886027550725164,11.043301759133964,6.016992673709375,1.1764705882352942,18.050978021128124,2.6977355888310406,4.231354949092707,4.030258630722298,"[""LocalDateTime"", ""DurationFieldType"", ""TestLocalDateTime_Basics""]","[0.058186738836265225, 0.028368794326241134, 0.012718600953895072]","[11.043301759133964, 5.831205673758865, 1.1764705882352942]"
org.joda.time.TestLocalDateTime_Basics.testWithFieldAdded_DurationFieldType_int_1,0.058186738836265225,0.033091378038800474,0.012718600953895072,0.09927413411640143,0.022890096484418317,0.027586805471951702,0.01886027550725164,11.043301759133964,6.016992673709375,1.1764705882352942,18.050978021128124,2.6977355888310406,4.231354949092707,4.030258630722298,"[""LocalDateTime"", ""DurationFieldType"", ""TestLocalDateTime_Basics""]","[0.058186738836265225, 0.028368794326241134, 0.012718600953895072]","[11.043301759133964, 5.831205673758865, 1.1764705882352942]"
org.joda.time.TestTimeOfDay_Properties.testPropertyCompareToHour,0.044386422976501305,0.033034331601853324,0.013900245298446443,0.09910299480555998,0.025216316440049444,0.029311328930597152,0.013608118683538508,5.746938775510204,4.170945936064393,2.6484055600981193,12.51283780819318,3.776161444462863,3.9720800616185965,1.265535432440096,"[""TimeOfDay$Property"", ""TestTimeOfDay_Properties"", ""TimeOfDay"", ""DateTime""]","[0.044386422976501305, 0.04081632653061224, 0.013900245298446443]","[4.117493472584856, 5.746938775510204, 2.6484055600981193]"
org.joda.time.TestTimeOfDay_Properties.testPropertyCompareToMilli,0.044386422976501305,0.033034331601853324,0.013900245298446443,0.09910299480555998,0.025216316440049444,0.029311328930597152,0.013608118683538508,5.746938775510204,4.170945936064393,2.6484055600981193,12.51283780819318,3.776161444462863,3.9720800616185965,1.265535432440096,"[""TimeOfDay$Property"", ""TestTimeOfDay_Properties"", ""TimeOfDay"", ""DateTime""]","[0.044386422976501305, 0.04081632653061224, 0.013900245298446443]","[4.117493472584856, 5.746938775510204, 2.6484055600981193]"
org.joda.time.TestTimeOfDay_Properties.testPropertyCompareToMinute,0.044386422976501305,0.033034331601853324,0.013900245298446443,0.09910299480555998,0.025216316440049444,0.029311328930597152,0.013608118683538508,5.746938775510204,4.170945936064393,2.6484055600981193,12.51283780819318,3.776161444462863,3.9720800616185965,1.265535432440096,"[""TimeOfDay$Property"", ""TestTimeOfDay_Properties"", ""TimeOfDay"", ""DateTime""]","[0.044386422976501305, 0.04081632653061224, 0.013900245298446443]","[4.117493472584856, 5.746938775510204, 2.6484055600981193]"
org.joda.time.TestTimeOfDay_Properties.testPropertyCompareToSecond,0.044386422976501305,0.033034331601853324,0.013900245298446443,0.09910299480555998,0.025216316440049444,0.029311328930597152,0.013608118683538508,5.746938775510204,4.170945936064393,2.6484055600981193,12.51283780819318,3.776161444462863,3.9720800616185965,1.265535432440096,"[""TimeOfDay$Property"", ""TestTimeOfDay_Properties"", ""TimeOfDay"", ""DateTime""]","[0.044386422976501305, 0.04081632653061224, 0.013900245298446443]","[4.117493472584856, 5.746938775510204, 2.6484055600981193]"
org.joda.time.TestDateTime_Properties.testPropertyGetEra,0.04081632653061224,0.02474062805347908,0.01574344023323615,0.09896251221391632,0.021838270715188225,0.023133111871542714,0.009645057630868202,5.746938775510204,3.8089057323980584,1.8169096209912536,15.235622929592234,2.9644891103303217,3.364816076544774,1.7748584675715362,"[""DateTimeField"", ""TestDateTime_Properties"", ""DateTime$Property"", ""DateTime"", ""Chronology""]","[0.04081632653061224, 0.02316076294277929, 0.01924198250728863, 0.01574344023323615]","[5.746938775510204, 5.397138964577657, 2.2746355685131197, 1.8169096209912536]"
org.joda.time.TestDateTime_Properties.testPropertyGetMonthOfYear,0.04081632653061224,0.02474062805347908,0.01574344023323615,0.09896251221391632,0.021838270715188225,0.023133111871542714,0.009645057630868202,5.746938775510204,3.8089057323980584,1.8169096209912536,15.235622929592234,2.9644891103303217,3.364816076544774,1.7748584675715362,"[""DateTimeField"", ""TestDateTime_Properties"", ""DateTime$Property"", ""DateTime"", ""Chronology""]","[0.04081632653061224, 0.02316076294277929, 0.01924198250728863, 0.01574344023323615]","[5.746938775510204, 5.397138964577657, 2.2746355685131197, 1.8169096209912536]"
org.joda.time.TestDateTime_Properties.testPropertyGetDayOfWeek,0.04081632653061224,0.02474062805347908,0.01574344023323615,0.09896251221391632,0.021838270715188225,0.023133111871542714,0.009645057630868202,5.746938775510204,3.8089057323980584,1.8169096209912536,15.235622929592234,2.9644891103303217,3.364816076544774,1.7748584675715362,"[""DateTimeField"", ""TestDateTime_Properties"", ""DateTime$Property"", ""DateTime"", ""Chronology""]","[0.04081632653061224, 0.02316076294277929, 0.01924198250728863, 0.01574344023323615]","[5.746938775510204, 5.397138964577657, 2.2746355685131197, 1.8169096209912536]"
org.joda.time.TestPeriod_Constructors.testConstructor_RP_RP7,0.030927835051546393,0.024730310988139215,0.016693163751987282,0.09892124395255686,0.023462655175379113,0.024120534730227714,0.005227152812287061,5.272393538913363,3.9141091332578344,2.1089030206677264,15.656436533031338,3.4386805040204584,3.6842584211377005,1.255141741353447,"[""DateTimeFieldType"", ""Period"", ""Partial"", ""TestPeriod_Constructors""]","[0.030927835051546393, 0.027165932452276064, 0.024134312696747113, 0.016693163751987282]","[4.878497790868925, 5.272393538913363, 3.396642182581322, 2.1089030206677264]"
org.joda.time.TestPeriod_Constructors.testConstructor_RP_RP8,0.030927835051546393,0.024730310988139215,0.016693163751987282,0.09892124395255686,0.023462655175379113,0.024120534730227714,0.005227152812287061,5.272393538913363,3.9141091332578344,2.1089030206677264,15.656436533031338,3.4386805040204584,3.6842584211377005,1.255141741353447,"[""DateTimeFieldType"", ""Period"", ""Partial"", ""TestPeriod_Constructors""]","[0.030927835051546393, 0.027165932452276064, 0.024134312696747113, 0.016693163751987282]","[4.878497790868925, 5.272393538913363, 3.396642182581322, 2.1089030206677264]"
org.joda.time.TestPeriod_Constructors.testFactoryFieldDifference5,0.030927835051546393,0.024730310988139215,0.016693163751987282,0.09892124395255686,0.023462655175379113,0.024120534730227714,0.005227152812287061,5.272393538913363,3.9141091332578344,2.1089030206677264,15.656436533031338,3.4386805040204584,3.6842584211377005,1.255141741353447,"[""DateTimeFieldType"", ""Period"", ""Partial"", ""TestPeriod_Constructors""]","[0.030927835051546393, 0.027165932452276064, 0.024134312696747113, 0.016693163751987282]","[4.878497790868925, 5.272393538913363, 3.396642182581322, 2.1089030206677264]"
org.joda.time.convert.TestLongConverter.testGetPartialValues,0.044386422976501305,0.019768519589406286,0.006024096385542169,0.09884259794703143,0.013305717736504349,0.016189462990875366,0.012965264330101051,4.117493472584856,1.1241382008172596,0.06927710843373494,5.620691004086297,0.2263344608772072,0.47616822068315806,1.5115429778854312,"[""LongConverter"", ""TimeOfDay"", ""Arrays"", ""TestLongConverter"", ""ISOChronology"", ""Long""]","[0.044386422976501305, 0.018060200668896322, 0.01574344023323615, 0.014628437682855471, 0.006024096385542169]","[4.117493472584856, 0.47558528428093644, 0.7008746355685131, 0.2574605032182563, 0.06927710843373494]"
org.joda.time.TestLocalDateTime_Basics.testToDate_summer_Zone,0.058186738836265225,0.024641886293629595,0.006006006006006006,0.09856754517451838,0.010377856550267742,0.015621009806785442,0.021411089672060058,11.043301759133964,4.274182413778763,0.1111111111111111,17.096729655115052,0.2190335350641036,0.9442632119186267,4.552681173933965,"[""LocalDateTime"", ""GregorianCalendar"", ""TimeZone"", ""TestLocalDateTime_Basics""]","[0.058186738836265225, 0.028368794326241134, 0.006006006006006006, 0.006006006006006006]","[11.043301759133964, 5.831205673758865, 0.1111111111111111, 0.1111111111111111]"
org.joda.time.TestLocalDateTime_Basics.testToDate_winter_Zone,0.058186738836265225,0.024641886293629595,0.006006006006006006,0.09856754517451838,0.010377856550267742,0.015621009806785442,0.021411089672060058,11.043301759133964,4.274182413778763,0.1111111111111111,17.096729655115052,0.2190335350641036,0.9442632119186267,4.552681173933965,"[""LocalDateTime"", ""GregorianCalendar"", ""TimeZone"", ""TestLocalDateTime_Basics""]","[0.058186738836265225, 0.028368794326241134, 0.006006006006006006, 0.006006006006006006]","[11.043301759133964, 5.831205673758865, 0.1111111111111111, 0.1111111111111111]"
org.joda.time.TestMutableInterval_Constructors.testConstructor_Object3,0.04081632653061224,0.02461326117661551,0.01639344262295082,0.09845304470646205,0.021799071041285,0.023036387341299477,0.009627099859436316,5.746938775510204,2.7181750194481324,1.2755528989838614,10.87270007779253,1.962800684314463,2.261030566319212,1.7884373055237697,"[""MutableInterval"", ""TestMutableInterval_Constructors"", ""Interval"", ""DateTime""]","[0.04081632653061224, 0.022713687985654513, 0.01852958756724447, 0.01639344262295082]","[5.746938775510204, 1.5499103407053199, 1.2755528989838614, 2.3002980625931446]"
org.joda.time.TestPartial_Basics.testToDateTime_RI,0.04081632653061224,0.024608222518183988,0.016693163751987282,0.09843289007273595,0.02157473511415165,0.022922323989879867,0.009832525874110041,5.746938775510204,3.806825087029792,2.1089030206677264,15.227300348119169,3.3495838186783966,3.576555856164918,1.3079995750867999,"[""Partial"", ""DateTime"", ""DateTimeFieldType"", ""TestPartial_Basics""]","[0.04081632653061224, 0.024134312696747113, 0.016789087093389297, 0.016693163751987282]","[5.746938775510204, 3.396642182581322, 3.974816369359916, 2.1089030206677264]"
org.joda.time.TestTimeOfDay_Basics.testEqualsHashCode,0.044386422976501305,0.024569888269689085,0.011494252873563218,0.09827955307875634,0.019608586253886704,0.021875402036089515,0.012119570739654386,4.117493472584856,2.1972377187987835,0.30493576741041245,8.788950875195134,0.8018024141178743,1.3905051692510533,1.6467294216954649,"[""Object"", ""TimeOfDay"", ""TestTimeOfDay_Basics$MockInstant"", ""MockPartial"", ""CopticChronology"", ""TestTimeOfDay_Basics""]","[0.044386422976501305, 0.021957340025094103, 0.02044153720359771, 0.011494252873563218]","[4.117493472584856, 0.8456712672521958, 3.5208503679476695, 0.30493576741041245]"
org.joda.time.TestPeriod_Basics.testEqualsHashCode,0.030927835051546393,0.024474904055059674,0.019867549668874173,0.0978996162202387,0.0237677550789429,0.02411202931627908,0.004294662037404997,6.045521292217328,4.273987417887967,2.444189602446483,17.095949671551868,3.817575680940826,4.048788793077222,1.3370032038725481,"[""BasePeriod"", ""TestPeriod_Basics"", ""TestPeriod_Basics$MockPeriod"", ""PeriodType"", ""Period""]","[0.030927835051546393, 0.02569750367107195, 0.021406727828746176, 0.019867549668874173]","[4.878497790868925, 6.045521292217328, 2.444189602446483, 3.7277409860191315]"
org.joda.time.TestLocalDate_Properties.testPropertyEqualsHashCodeLenient,0.06765899864682003,0.03250115899562346,0.008777062609713282,0.09750347698687038,0.01702803950505165,0.02321464299231896,0.025361630621365074,9.71853856562923,4.5534355666536745,0.5330602691632533,13.660306699961023,1.320293000035318,2.6040881809688465,3.836322372326779,"[""LenientChronology"", ""TestLocalDate_Properties"", ""LocalDate$Property"", ""LocalDate""]","[0.06765899864682003, 0.021067415730337078, 0.008777062609713282]","[9.71853856562923, 3.408707865168539, 0.5330602691632533]"
org.joda.time.TestMutableInterval_Constructors.testConstructor_RI_RP7,0.030927835051546393,0.0194675491416428,0.01574344023323615,0.09733774570821399,0.018225684932998285,0.018767954572686783,0.005820756484571308,4.878497790868925,2.1944266018011396,0.7008746355685131,10.972133009005699,1.4702185374377128,1.7870984315930574,1.4445063061517094,"[""DateTimeField"", ""TestMutableInterval_Constructors"", ""MutableInterval"", ""ISOChronology"", ""Period""]","[0.030927835051546393, 0.01852958756724447, 0.01639344262295082, 0.01574344023323615, 0.01574344023323615]","[4.878497790868925, 1.2755528989838614, 2.3002980625931446, 0.7008746355685131, 1.8169096209912536]"
org.joda.time.TestMutableInterval_Constructors.testConstructor_RP_RI7,0.030927835051546393,0.0194675491416428,0.01574344023323615,0.09733774570821399,0.018225684932998285,0.018767954572686783,0.005820756484571308,4.878497790868925,2.1944266018011396,0.7008746355685131,10.972133009005699,1.4702185374377128,1.7870984315930574,1.4445063061517094,"[""DateTimeField"", ""TestMutableInterval_Constructors"", ""MutableInterval"", ""ISOChronology"", ""Period""]","[0.030927835051546393, 0.01852958756724447, 0.01639344262295082, 0.01574344023323615, 0.01574344023323615]","[4.878497790868925, 1.2755528989838614, 2.3002980625931446, 0.7008746355685131, 1.8169096209912536]"
org.joda.time.TestPeriod_Basics.testPlus,0.030927835051546393,0.024314915388607954,0.019867549668874173,0.09725966155443182,0.023566175201132557,0.023929765675038014,0.004416181380047719,6.045521292217328,4.117412860726826,1.817891373801917,16.469651442907303,3.364908245584502,3.759961355619469,1.5601679102937702,"[""Years"", ""PeriodType"", ""TestPeriod_Basics"", ""Period""]","[0.030927835051546393, 0.02569750367107195, 0.020766773162939296, 0.019867549668874173]","[4.878497790868925, 6.045521292217328, 1.817891373801917, 3.7277409860191315]"
org.joda.time.TestPeriod_Basics.testMinus,0.030927835051546393,0.024314915388607954,0.019867549668874173,0.09725966155443182,0.023566175201132557,0.023929765675038014,0.004416181380047719,6.045521292217328,4.117412860726826,1.817891373801917,16.469651442907303,3.364908245584502,3.759961355619469,1.5601679102937702,"[""Years"", ""PeriodType"", ""TestPeriod_Basics"", ""Period""]","[0.030927835051546393, 0.02569750367107195, 0.020766773162939296, 0.019867549668874173]","[4.878497790868925, 6.045521292217328, 1.817891373801917, 3.7277409860191315]"
org.joda.time.convert.TestReadableIntervalConverter.testSetIntoPeriod_Object1,0.022713687985654513,0.01942626561217662,0.013157894736842105,0.0971313280608831,0.01872676148246165,0.019101956087895677,0.0032720429065928153,3.7277409860191315,1.8869292222842642,0.35825358851674644,9.434646111421321,0.9303104812943015,1.3632798261242696,1.3041884491059403,"[""ReadableIntervalConverter"", ""Interval"", ""MutablePeriod"", ""TestReadableIntervalConverter"", ""PeriodType""]","[0.022713687985654513, 0.020773638968481375, 0.020618556701030927, 0.019867549668874173, 0.013157894736842105]","[1.5499103407053199, 0.7449856733524355, 3.0537555228276876, 3.7277409860191315, 0.35825358851674644]"
org.joda.time.convert.TestReadableDurationConverter.testSetInto_Object,0.02516091281451141,0.01940689951221421,0.012287887653598596,0.09703449756107105,0.018361047738724122,0.018911503217093194,0.004136755959155891,3.7277409860191315,1.8451791346419575,0.3200702165008777,9.225895673209788,0.7963637758868549,1.2478212191664981,1.352971396808724,"[""MutablePeriod"", ""Duration"", ""TestReadableDurationConverter"", ""PeriodType"", ""ReadableDurationConverter""]","[0.02516091281451141, 0.020618556701030927, 0.019867549668874173, 0.019099590723055934, 0.012287887653598596]","[1.6079578700994734, 3.0537555228276876, 3.7277409860191315, 0.5163710777626194, 0.3200702165008777]"
org.joda.time.TestLocalDate_Properties.testPropertyEqualsHashCodeStrict,0.06765899864682003,0.03230611315985205,0.008191925102399064,0.09691833947955616,0.016276209864933295,0.022686853578363406,0.02554492055078051,9.71853856562923,4.552655383310588,0.5307197191339965,13.657966149931765,1.3155032001974645,2.600271263543498,3.8371400575776713,"[""TestLocalDate_Properties"", ""StrictChronology"", ""LocalDate$Property"", ""LocalDate""]","[0.06765899864682003, 0.021067415730337078, 0.008191925102399064]","[9.71853856562923, 3.408707865168539, 0.5307197191339965]"
org.joda.time.TestLocalDate_Constructors.testConstructor_Object_nullChronology,0.06765899864682003,0.03223523216590072,0.00243605359317905,0.09670569649770216,0.006481456212646344,0.016369016930324,0.026922544855199577,9.71853856562923,4.427270946672069,0.04506699147381242,13.281812840016206,0.13288258975862827,1.1550310277041436,4.001150720528058,"[""Date"", ""TestLocalDate_Constructors"", ""LocalDate""]","[0.06765899864682003, 0.02661064425770308, 0.00243605359317905]","[9.71853856562923, 3.518207282913165, 0.04506699147381242]"
org.joda.time.TestLocalDate_Constructors.testConstructor_Object_Chronology,0.06765899864682003,0.03223523216590072,0.00243605359317905,0.09670569649770216,0.006481456212646344,0.016369016930324,0.026922544855199577,9.71853856562923,4.427270946672069,0.04506699147381242,13.281812840016206,0.13288258975862827,1.1550310277041436,4.001150720528058,"[""Date"", ""TestLocalDate_Constructors"", ""LocalDate""]","[0.06765899864682003, 0.02661064425770308, 0.00243605359317905]","[9.71853856562923, 3.518207282913165, 0.04506699147381242]"
org.joda.time.TestLocalDate_Constructors.testConstructor_Object1,0.06765899864682003,0.03223523216590072,0.00243605359317905,0.09670569649770216,0.006481456212646344,0.016369016930324,0.026922544855199577,9.71853856562923,4.427270946672069,0.04506699147381242,13.281812840016206,0.13288258975862827,1.1550310277041436,4.001150720528058,"[""Date"", ""TestLocalDate_Constructors"", ""LocalDate""]","[0.06765899864682003, 0.02661064425770308, 0.00243605359317905]","[9.71853856562923, 3.518207282913165, 0.04506699147381242]"
org.joda.time.TestLocalDate_Constructors.testConstructor_Object_DateTimeZone,0.06765899864682003,0.03223523216590072,0.00243605359317905,0.09670569649770216,0.006481456212646344,0.016369016930324,0.026922544855199577,9.71853856562923,4.427270946672069,0.04506699147381242,13.281812840016206,0.13288258975862827,1.1550310277041436,4.001150720528058,"[""Date"", ""TestLocalDate_Constructors"", ""LocalDate""]","[0.06765899864682003, 0.02661064425770308, 0.00243605359317905]","[9.71853856562923, 3.518207282913165, 0.04506699147381242]"
org.joda.time.TestLocalDate_Constructors.testConstructor_Object_nullDateTimeZone,0.06765899864682003,0.03223523216590072,0.00243605359317905,0.09670569649770216,0.006481456212646344,0.016369016930324,0.026922544855199577,9.71853856562923,4.427270946672069,0.04506699147381242,13.281812840016206,0.13288258975862827,1.1550310277041436,4.001150720528058,"[""Date"", ""TestLocalDate_Constructors"", ""LocalDate""]","[0.06765899864682003, 0.02661064425770308, 0.00243605359317905]","[9.71853856562923, 3.518207282913165, 0.04506699147381242]"
org.joda.time.TestPartial_Match.testIsMatch_Instant,0.04081632653061224,0.024130398141223485,0.01487778958554729,0.09652159256489394,0.02071960963054319,0.022240086867475736,0.010238938445763854,5.746938775510204,3.029645968122332,0.8660998937300743,12.118583872489328,1.907309084216517,2.4435866334249687,1.8060361024779263,"[""Partial"", ""DateTime"", ""DateTimeFieldType"", ""TestPartial_Match""]","[0.04081632653061224, 0.024134312696747113, 0.016693163751987282, 0.01487778958554729]","[5.746938775510204, 3.396642182581322, 2.1089030206677264, 0.8660998937300743]"
org.joda.time.TestDateMidnight_Basics.testToYearMonthDay,0.03763440860215054,0.032144988560406144,0.02560553633217993,0.09643496568121844,0.031331434763980946,0.03174416971729493,0.004966579488024785,3.8485477178423237,3.602392901147798,3.3669354838709675,10.807178703443395,3.591677502127716,3.597027242761714,0.19676282125687322,"[""YearMonthDay"", ""TestDateMidnight_Basics"", ""DateMidnight""]","[0.03763440860215054, 0.03319502074688797, 0.02560553633217993]","[3.3669354838709675, 3.8485477178423237, 3.5916955017301038]"
org.joda.time.TestDateMidnight_Basics.testWithFields_RPartial,0.03763440860215054,0.032144988560406144,0.02560553633217993,0.09643496568121844,0.031331434763980946,0.03174416971729493,0.004966579488024785,3.8485477178423237,3.602392901147798,3.3669354838709675,10.807178703443395,3.591677502127716,3.597027242761714,0.19676282125687322,"[""YearMonthDay"", ""TestDateMidnight_Basics"", ""DateMidnight""]","[0.03763440860215054, 0.03319502074688797, 0.02560553633217993]","[3.3669354838709675, 3.8485477178423237, 3.5916955017301038]"
org.joda.time.TestBaseSingleFieldPeriod.testToMutablePeriod,0.022364217252396165,0.019267139547827127,0.012718600953895072,0.09633569773913564,0.018496154256571473,0.01891267355363741,0.0033737507210628297,3.7277409860191315,2.379133355518659,1.1764705882352942,11.895666777593295,2.0161534054576373,2.1953107909684357,0.9159723417137255,"[""PeriodType"", ""BaseSingleFieldPeriod"", ""TestBaseSingleFieldPeriod$Single"", ""TestBaseSingleFieldPeriod"", ""MutablePeriod"", ""DurationFieldType""]","[0.022364217252396165, 0.020766773162939296, 0.020618556701030927, 0.019867549668874173, 0.012718600953895072]","[2.231629392971246, 1.706070287539936, 3.0537555228276876, 3.7277409860191315, 1.1764705882352942]"
org.joda.time.chrono.TestGJChronology.testDurationFields,0.037317784256559766,0.024061178429409046,0.00994733762434172,0.09624471371763618,0.019135160036800297,0.02171884335154907,0.009695172961467692,3.358600583090379,2.34739639398349,0.689877121123464,9.38958557593396,1.5989955596550498,2.0125895750213054,1.0100256042958402,"[""TestGJChronology"", ""DateTimeZone"", ""GJChronology"", ""DurationField""]","[0.037317784256559766, 0.02507288629737609, 0.0239067055393586, 0.00994733762434172]","[3.358600583090379, 2.896209912536443, 2.4448979591836735, 0.689877121123464]"
org.joda.time.chrono.TestBuddhistChronology.testDurationFields,0.037317784256559766,0.019248942743527238,0.00994733762434172,0.09624471371763618,0.016049819128110623,0.0174315426819067,0.009387910691438217,3.358600583090379,1.4277713425920397,0.632069970845481,7.138856712960199,1.0058937233212977,1.1701121115160698,1.0010744073530213,"[""BuddhistChronology"", ""DateTimeZone"", ""DurationField"", ""GregorianChronology"", ""TestBuddhistChronology""]","[0.037317784256559766, 0.01749271137026239, 0.01574344023323615, 0.01574344023323615, 0.00994733762434172]","[3.358600583090379, 1.114868804664723, 0.632069970845481, 1.3434402332361517, 0.689877121123464]"
org.joda.time.TestDateTime_Basics.testToDateTimeISO,0.04081632653061224,0.024056933245663558,0.007623007623007623,0.09622773298265423,0.016314817949524017,0.020189339964001535,0.012499017395171,5.746938775510204,3.0923822140936523,0.16493416493416493,12.36952885637461,0.5749524647228796,1.7075068296711529,2.154543356163121,"[""BaseChronology"", ""MockNullZoneChronology"", ""Object"", ""TestDateTime_Basics"", ""DateTime""]","[0.04081632653061224, 0.02997275204359673, 0.017815646785437646, 0.007623007623007623]","[5.746938775510204, 4.435967302452316, 2.021688613477924, 0.16493416493416493]"
org.joda.time.TestDateTime_Basics.testWithZoneRetainFields_DateTimeZone,0.04081632653061224,0.024056933245663558,0.007623007623007623,0.09622773298265423,0.016314817949524017,0.020189339964001535,0.012499017395171,5.746938775510204,3.0923822140936523,0.16493416493416493,12.36952885637461,0.5749524647228796,1.7075068296711529,2.154543356163121,"[""BaseChronology"", ""MockNullZoneChronology"", ""TestDateTime_Basics"", ""DateTime""]","[0.04081632653061224, 0.02997275204359673, 0.017815646785437646, 0.007623007623007623]","[5.746938775510204, 4.435967302452316, 2.021688613477924, 0.16493416493416493]"
org.joda.time.field.TestPreciseDateTimeField.test_constructor,0.02040816326530612,0.013744843811636162,0.009362200117027502,0.09621390668145313,0.012783635400669255,0.013249084999269738,0.0037558969261303936,2.4285714285714284,1.3646770366487808,0.40877914951989025,9.552739256541466,0.8298512303839155,1.0757360039582993,0.8339520482176842,"[""TestPreciseDateTimeField"", ""PreciseDateTimeField"", ""BaseDateTimeField"", ""TestPreciseDateTimeField$MockZeroDurationField"", ""DateTimeFieldType"", ""BaseDurationField"", ""DurationFieldType"", ""ISOChronology"", ""TestPreciseDateTimeField$MockImpreciseDurationField""]","[0.02040816326530612, 0.016693163751987282, 0.01574344023323615, 0.012718600953895072, 0.011686143572621035, 0.009602194787379973, 0.009362200117027502]","[2.4285714285714284, 2.1089030206677264, 0.7008746355685131, 1.1764705882352942, 2.3113522537562603, 0.40877914951989025, 0.41778818022235226]"
org.joda.time.TestDateTime_Basics.testMinus_RD,0.04081632653061224,0.031983330462906794,0.02516091281451141,0.09594999138872037,0.030735241560804444,0.031339758327054386,0.006547509136596198,5.746938775510204,3.930287982687332,1.6079578700994734,11.790863948061995,2.937310455747705,3.4479941803595833,1.7271507200525649,"[""Duration"", ""TestDateTime_Basics"", ""DateTime""]","[0.04081632653061224, 0.02997275204359673, 0.02516091281451141]","[5.746938775510204, 4.435967302452316, 1.6079578700994734]"
org.joda.time.TestDateTime_Basics.testWithDurationAdded_RD_int,0.04081632653061224,0.031983330462906794,0.02516091281451141,0.09594999138872037,0.030735241560804444,0.031339758327054386,0.006547509136596198,5.746938775510204,3.930287982687332,1.6079578700994734,11.790863948061995,2.937310455747705,3.4479941803595833,1.7271507200525649,"[""Duration"", ""TestDateTime_Basics"", ""DateTime""]","[0.04081632653061224, 0.02997275204359673, 0.02516091281451141]","[5.746938775510204, 4.435967302452316, 1.6079578700994734]"
org.joda.time.TestDateTime_Basics.testPlus_RD,0.04081632653061224,0.031983330462906794,0.02516091281451141,0.09594999138872037,0.030735241560804444,0.031339758327054386,0.006547509136596198,5.746938775510204,3.930287982687332,1.6079578700994734,11.790863948061995,2.937310455747705,3.4479941803595833,1.7271507200525649,"[""Duration"", ""TestDateTime_Basics"", ""DateTime""]","[0.04081632653061224, 0.02997275204359673, 0.02516091281451141]","[5.746938775510204, 4.435967302452316, 1.6079578700994734]"
org.joda.time.TestLocalDateTime_Properties.testPropertyGetDay,0.058186738836265225,0.03197363257682236,0.01849217638691323,0.09592089773046708,0.024344194472023375,0.027459162466201587,0.018537992648093807,11.043301759133964,6.663115192667568,2.2746355685131197,19.989345578002702,4.411265957596495,5.513272108612024,3.5797977849536537,"[""LocalDateTime$Property"", ""LocalDateTime"", ""Chronology"", ""TestLocalDateTime_Properties""]","[0.058186738836265225, 0.01924198250728863, 0.01849217638691323]","[11.043301759133964, 2.2746355685131197, 6.6714082503556185]"
org.joda.time.TestLocalDateTime_Properties.testPropertyGetMinute,0.058186738836265225,0.03197363257682236,0.01849217638691323,0.09592089773046708,0.024344194472023375,0.027459162466201587,0.018537992648093807,11.043301759133964,6.663115192667568,2.2746355685131197,19.989345578002702,4.411265957596495,5.513272108612024,3.5797977849536537,"[""LocalDateTime$Property"", ""LocalDateTime"", ""Chronology"", ""TestLocalDateTime_Properties""]","[0.058186738836265225, 0.01924198250728863, 0.01849217638691323]","[11.043301759133964, 2.2746355685131197, 6.6714082503556185]"
org.joda.time.TestLocalDateTime_Properties.testPropertyGetYear,0.058186738836265225,0.03197363257682236,0.01849217638691323,0.09592089773046708,0.024344194472023375,0.027459162466201587,0.018537992648093807,11.043301759133964,6.663115192667568,2.2746355685131197,19.989345578002702,4.411265957596495,5.513272108612024,3.5797977849536537,"[""LocalDateTime$Property"", ""LocalDateTime"", ""Chronology"", ""TestLocalDateTime_Properties""]","[0.058186738836265225, 0.01924198250728863, 0.01849217638691323]","[11.043301759133964, 2.2746355685131197, 6.6714082503556185]"
org.joda.time.TestLocalDateTime_Properties.testPropertyGetMilli,0.058186738836265225,0.03197363257682236,0.01849217638691323,0.09592089773046708,0.024344194472023375,0.027459162466201587,0.018537992648093807,11.043301759133964,6.663115192667568,2.2746355685131197,19.989345578002702,4.411265957596495,5.513272108612024,3.5797977849536537,"[""LocalDateTime$Property"", ""LocalDateTime"", ""Chronology"", ""TestLocalDateTime_Properties""]","[0.058186738836265225, 0.01924198250728863, 0.01849217638691323]","[11.043301759133964, 2.2746355685131197, 6.6714082503556185]"
org.joda.time.TestLocalDateTime_Properties.testPropertyGetHour,0.058186738836265225,0.03197363257682236,0.01849217638691323,0.09592089773046708,0.024344194472023375,0.027459162466201587,0.018537992648093807,11.043301759133964,6.663115192667568,2.2746355685131197,19.989345578002702,4.411265957596495,5.513272108612024,3.5797977849536537,"[""LocalDateTime$Property"", ""LocalDateTime"", ""Chronology"", ""TestLocalDateTime_Properties""]","[0.058186738836265225, 0.01924198250728863, 0.01849217638691323]","[11.043301759133964, 2.2746355685131197, 6.6714082503556185]"
org.joda.time.TestLocalDateTime_Properties.testPropertyGetMonth,0.058186738836265225,0.03197363257682236,0.01849217638691323,0.09592089773046708,0.024344194472023375,0.027459162466201587,0.018537992648093807,11.043301759133964,6.663115192667568,2.2746355685131197,19.989345578002702,4.411265957596495,5.513272108612024,3.5797977849536537,"[""LocalDateTime$Property"", ""LocalDateTime"", ""Chronology"", ""TestLocalDateTime_Properties""]","[0.058186738836265225, 0.01924198250728863, 0.01849217638691323]","[11.043301759133964, 2.2746355685131197, 6.6714082503556185]"
org.joda.time.TestLocalDateTime_Properties.testPropertyGetSecond,0.058186738836265225,0.03197363257682236,0.01849217638691323,0.09592089773046708,0.024344194472023375,0.027459162466201587,0.018537992648093807,11.043301759133964,6.663115192667568,2.2746355685131197,19.989345578002702,4.411265957596495,5.513272108612024,3.5797977849536537,"[""LocalDateTime$Property"", ""LocalDateTime"", ""Chronology"", ""TestLocalDateTime_Properties""]","[0.058186738836265225, 0.01924198250728863, 0.01849217638691323]","[11.043301759133964, 2.2746355685131197, 6.6714082503556185]"
org.joda.time.TestDateTime_Basics.testCompareTo,0.04081632653061224,0.03195398829052835,0.02507288629737609,0.09586196487158505,0.030691366836453293,0.03130316779953031,0.006578143121681399,5.746938775510204,4.008684922003056,1.8431486880466472,12.026054766009167,3.1847624547687143,3.6085142616696,1.6221019154636924,"[""TestDateTime_Basics"", ""TestDateTime_Basics$MockInstant"", ""DateTime"", ""AbstractInstant""]","[0.04081632653061224, 0.02997275204359673, 0.02507288629737609]","[5.746938775510204, 4.435967302452316, 1.8431486880466472]"
org.joda.time.TestDateTime_Basics.testIsBefore_RI,0.04081632653061224,0.03195398829052835,0.02507288629737609,0.09586196487158505,0.030691366836453293,0.03130316779953031,0.006578143121681399,5.746938775510204,4.008684922003056,1.8431486880466472,12.026054766009167,3.1847624547687143,3.6085142616696,1.6221019154636924,"[""TestDateTime_Basics"", ""TestDateTime_Basics$MockInstant"", ""DateTime"", ""AbstractInstant""]","[0.04081632653061224, 0.02997275204359673, 0.02507288629737609]","[5.746938775510204, 4.435967302452316, 1.8431486880466472]"
org.joda.time.TestDateTime_Basics.testIsEqual_RI,0.04081632653061224,0.03195398829052835,0.02507288629737609,0.09586196487158505,0.030691366836453293,0.03130316779953031,0.006578143121681399,5.746938775510204,4.008684922003056,1.8431486880466472,12.026054766009167,3.1847624547687143,3.6085142616696,1.6221019154636924,"[""TestDateTime_Basics"", ""TestDateTime_Basics$MockInstant"", ""DateTime"", ""AbstractInstant""]","[0.04081632653061224, 0.02997275204359673, 0.02507288629737609]","[5.746938775510204, 4.435967302452316, 1.8431486880466472]"
org.joda.time.TestDateTime_Basics.testIsAfter_RI,0.04081632653061224,0.03195398829052835,0.02507288629737609,0.09586196487158505,0.030691366836453293,0.03130316779953031,0.006578143121681399,5.746938775510204,4.008684922003056,1.8431486880466472,12.026054766009167,3.1847624547687143,3.6085142616696,1.6221019154636924,"[""TestDateTime_Basics"", ""TestDateTime_Basics$MockInstant"", ""DateTime"", ""AbstractInstant""]","[0.04081632653061224, 0.02997275204359673, 0.02507288629737609]","[5.746938775510204, 4.435967302452316, 1.8431486880466472]"
org.joda.time.format.TestDateTimeFormatter.testParseMillis_fractionOfSecondLong,0.04256559766763848,0.03192598434284175,0.02639019792648445,0.09577795302852526,0.030404804543775952,0.031117046115842366,0.007525409226082625,7.718950437317784,4.577090025454103,2.464723032069971,13.731270076362309,3.6712634680570244,4.071491529065391,2.2651885764815587,"[""DateTimeFormatterBuilder"", ""DateTimeFormatter"", ""TestDateTimeFormatter""]","[0.04256559766763848, 0.026822157434402333, 0.02639019792648445]","[7.718950437317784, 2.464723032069971, 3.5475966069745524]"
org.joda.time.TestPeriod_Constructors.testConstructor_RP_RP3,0.03763440860215054,0.03190939203532433,0.027165932452276064,0.09572817610597299,0.031342862137123347,0.03162178713958619,0.004329729692057393,5.272393538913363,4.505942271217752,3.3669354838709675,13.517826813653256,4.337426965169388,4.424283101057235,0.8212960535228873,"[""YearMonthDay"", ""Period"", ""TestPeriod_Constructors""]","[0.03763440860215054, 0.030927835051546393, 0.027165932452276064]","[3.3669354838709675, 4.878497790868925, 5.272393538913363]"
org.joda.time.TestPeriod_Constructors.testConstructor_RP_RP4,0.03763440860215054,0.03190939203532433,0.027165932452276064,0.09572817610597299,0.031342862137123347,0.03162178713958619,0.004329729692057393,5.272393538913363,4.505942271217752,3.3669354838709675,13.517826813653256,4.337426965169388,4.424283101057235,0.8212960535228873,"[""YearMonthDay"", ""Period"", ""TestPeriod_Constructors""]","[0.03763440860215054, 0.030927835051546393, 0.027165932452276064]","[3.3669354838709675, 4.878497790868925, 5.272393538913363]"
org.joda.time.TestPeriod_Constructors.testConstructor_RP_RP_PeriodType4,0.03763440860215054,0.03190939203532433,0.027165932452276064,0.09572817610597299,0.031342862137123347,0.03162178713958619,0.004329729692057393,5.272393538913363,4.505942271217752,3.3669354838709675,13.517826813653256,4.337426965169388,4.424283101057235,0.8212960535228873,"[""YearMonthDay"", ""Period"", ""TestPeriod_Constructors""]","[0.03763440860215054, 0.030927835051546393, 0.027165932452276064]","[3.3669354838709675, 4.878497790868925, 5.272393538913363]"
org.joda.time.TestPeriod_Constructors.testFactoryFieldDifference2,0.03763440860215054,0.03190939203532433,0.027165932452276064,0.09572817610597299,0.031342862137123347,0.03162178713958619,0.004329729692057393,5.272393538913363,4.505942271217752,3.3669354838709675,13.517826813653256,4.337426965169388,4.424283101057235,0.8212960535228873,"[""YearMonthDay"", ""Period"", ""TestPeriod_Constructors""]","[0.03763440860215054, 0.030927835051546393, 0.027165932452276064]","[3.3669354838709675, 4.878497790868925, 5.272393538913363]"
org.joda.time.TestYearMonthDay_Properties.testPropertyCompareToDay,0.04081632653061224,0.031873875461261615,0.017170891251022075,0.09562162638378485,0.027445001089087345,0.029767151858665748,0.01047741885964864,5.746938775510204,3.6983560150512873,1.98119378577269,11.095068045153862,3.0745332902519187,3.3718333931123663,1.555118110905445,"[""YearMonthDay"", ""DateTime"", ""TestYearMonthDay_Properties"", ""YearMonthDay$Property""]","[0.04081632653061224, 0.03763440860215054, 0.017170891251022075]","[5.746938775510204, 3.3669354838709675, 1.98119378577269]"
org.joda.time.TestYearMonthDay_Properties.testPropertyCompareToYear,0.04081632653061224,0.031873875461261615,0.017170891251022075,0.09562162638378485,0.027445001089087345,0.029767151858665748,0.01047741885964864,5.746938775510204,3.6983560150512873,1.98119378577269,11.095068045153862,3.0745332902519187,3.3718333931123663,1.555118110905445,"[""YearMonthDay"", ""DateTime"", ""TestYearMonthDay_Properties"", ""YearMonthDay$Property""]","[0.04081632653061224, 0.03763440860215054, 0.017170891251022075]","[5.746938775510204, 3.3669354838709675, 1.98119378577269]"
org.joda.time.TestYearMonthDay_Properties.testPropertyCompareToMonth,0.04081632653061224,0.031873875461261615,0.017170891251022075,0.09562162638378485,0.027445001089087345,0.029767151858665748,0.01047741885964864,5.746938775510204,3.6983560150512873,1.98119378577269,11.095068045153862,3.0745332902519187,3.3718333931123663,1.555118110905445,"[""YearMonthDay"", ""DateTime"", ""TestYearMonthDay_Properties"", ""YearMonthDay$Property""]","[0.04081632653061224, 0.03763440860215054, 0.017170891251022075]","[5.746938775510204, 3.3669354838709675, 1.98119378577269]"
org.joda.time.TestMutableDateTime_Constructors.testConstructor_badconverterObject_Chronology,0.03498542274052478,0.019111809369726722,0.012702893436838392,0.0955590468486336,0.01692744485145943,0.017835324106101367,0.008039644113581785,4.066472303206997,1.692793489193902,0.632069970845481,8.46396744596951,1.0948778298135091,1.3329594488654897,1.2505022265894858,"[""Integer"", ""TestMutableDateTime_Constructors"", ""MutableDateTime"", ""GregorianChronology"", ""ISOChronology"", ""ConverterManager""]","[0.03498542274052478, 0.016383850204798128, 0.01574344023323615, 0.01574344023323615, 0.012702893436838392]","[4.066472303206997, 1.4230544177881803, 0.7008746355685131, 0.632069970845481, 1.6414961185603387]"
org.joda.time.TestMutableDateTime_Constructors.testConstructor_badconverterObject_DateTimeZone,0.03498542274052478,0.019111809369726722,0.012702893436838392,0.0955590468486336,0.01692744485145943,0.017835324106101367,0.008039644113581785,4.066472303206997,1.692793489193902,0.632069970845481,8.46396744596951,1.0948778298135091,1.3329594488654897,1.2505022265894858,"[""Integer"", ""TestMutableDateTime_Constructors"", ""MutableDateTime"", ""GregorianChronology"", ""ISOChronology"", ""ConverterManager""]","[0.03498542274052478, 0.016383850204798128, 0.01574344023323615, 0.01574344023323615, 0.012702893436838392]","[4.066472303206997, 1.4230544177881803, 0.7008746355685131, 0.632069970845481, 1.6414961185603387]"
org.joda.time.convert.TestConverterManager.testGetInstantConverter,0.04081632653061224,0.015879674988129058,0.00243605359317905,0.09527804992877434,0.0072181278124203345,0.010944653072231338,0.012847652498928743,5.746938775510204,1.8773191678880197,0.04506699147381242,11.263915007328118,0.16454347254764087,0.5763693444707914,2.146166441970653,"[""TestConverterManager"", ""GregorianCalendar"", ""InstantConverter"", ""DateTime"", ""ConverterManager"", ""Long"", ""Date""]","[0.04081632653061224, 0.021443888491779844, 0.016383850204798128, 0.008191925102399064, 0.006006006006006006, 0.00243605359317905]","[5.746938775510204, 3.695496783416726, 1.4230544177881803, 0.2422469280280866, 0.1111111111111111, 0.04506699147381242]"
org.joda.time.TestPeriod_Basics.testTypeIndexMethods,0.030927835051546393,0.01904711714618595,0.006024096385542169,0.09523558573092976,0.0136535191945724,0.016464297450770955,0.008896082231293378,6.045521292217328,3.179501553154883,0.06927710843373494,15.897507765774414,0.3140026118142021,1.550483984498492,2.23994879312796,"[""Arrays"", ""DurationFieldType"", ""TestPeriod_Basics"", ""PeriodType"", ""Period""]","[0.030927835051546393, 0.02569750367107195, 0.019867549668874173, 0.012718600953895072, 0.006024096385542169]","[4.878497790868925, 6.045521292217328, 3.7277409860191315, 1.1764705882352942, 0.06927710843373494]"
org.joda.time.convert.TestConverterManager.testGetDurationConverter,0.02516091281451141,0.01901290792275428,0.009362200117027502,0.0950645396137714,0.016764344148300123,0.0179813500401138,0.00561162203620076,3.695496783416726,1.6848918402720394,0.14803978935049736,8.424459201360197,0.5558421481753513,1.1417494400363906,1.1399249221439438,"[""TestConverterManager"", ""DurationConverter"", ""Interval"", ""Duration"", ""ConverterManager"", ""Long""]","[0.02516091281451141, 0.022713687985654513, 0.021443888491779844, 0.016383850204798128, 0.009362200117027502]","[1.6079578700994734, 1.5499103407053199, 3.695496783416726, 1.4230544177881803, 0.14803978935049736]"
org.joda.time.convert.TestReadableIntervalConverter.testSetIntoInterval_Object3,0.02507288629737609,0.019005343788041286,0.013157894736842105,0.09502671894020644,0.018171505979912614,0.018591962740163257,0.003915328879342456,2.896209912536443,1.2779741756108418,0.35825358851674644,6.389870878054209,0.8117086461987891,1.0191031611338355,0.8689371469490168,"[""TestReadableIntervalConverter$1"", ""ReadableIntervalConverter"", ""GJChronology"", ""BuddhistChronology"", ""TestReadableIntervalConverter"", ""MutableInterval""]","[0.02507288629737609, 0.020773638968481375, 0.01852958756724447, 0.01749271137026239, 0.013157894736842105]","[2.896209912536443, 0.7449856733524355, 1.2755528989838614, 1.114868804664723, 0.35825358851674644]"
org.joda.time.TestLocalDateTime_Basics.testToDate_springDST_2Hour40Savings,0.058186738836265225,0.023749398190422856,0.00243605359317905,0.09499759276169142,0.006354895024154143,0.012466208151389107,0.02222811213052228,11.043301759133964,4.257671383869439,0.04506699147381242,17.030685535477755,0.12718102364277908,0.7535608705887631,4.567843791484636,"[""LocalDateTime"", ""TestLocalDateTime_Basics"", ""TimeZone"", ""Date"", ""SimpleTimeZone""]","[0.058186738836265225, 0.028368794326241134, 0.006006006006006006, 0.00243605359317905]","[11.043301759133964, 5.831205673758865, 0.1111111111111111, 0.04506699147381242]"
org.joda.time.TestLocalDateTime_Basics.testToDate_springDST_Zone,0.058186738836265225,0.023749398190422856,0.00243605359317905,0.09499759276169142,0.006354895024154143,0.012466208151389107,0.02222811213052228,11.043301759133964,4.257671383869439,0.04506699147381242,17.030685535477755,0.12718102364277908,0.7535608705887631,4.567843791484636,"[""LocalDateTime"", ""TestLocalDateTime_Basics"", ""TimeZone"", ""Date"", ""SimpleTimeZone""]","[0.058186738836265225, 0.028368794326241134, 0.006006006006006006, 0.00243605359317905]","[11.043301759133964, 5.831205673758865, 0.1111111111111111, 0.04506699147381242]"
org.joda.time.TestLocalDateTime_Basics.testToDate_autumnDST_Zone,0.058186738836265225,0.023749398190422856,0.00243605359317905,0.09499759276169142,0.006354895024154143,0.012466208151389107,0.02222811213052228,11.043301759133964,4.257671383869439,0.04506699147381242,17.030685535477755,0.12718102364277908,0.7535608705887631,4.567843791484636,"[""LocalDateTime"", ""TestLocalDateTime_Basics"", ""TimeZone"", ""Date"", ""SimpleTimeZone""]","[0.058186738836265225, 0.028368794326241134, 0.006006006006006006, 0.00243605359317905]","[11.043301759133964, 5.831205673758865, 0.1111111111111111, 0.04506699147381242]"
org.joda.time.TestLocalDateTime_Basics.testToDate_springDST_2Hour40Savings_Zone,0.058186738836265225,0.023749398190422856,0.00243605359317905,0.09499759276169142,0.006354895024154143,0.012466208151389107,0.02222811213052228,11.043301759133964,4.257671383869439,0.04506699147381242,17.030685535477755,0.12718102364277908,0.7535608705887631,4.567843791484636,"[""LocalDateTime"", ""TestLocalDateTime_Basics"", ""TimeZone"", ""Date"", ""SimpleTimeZone""]","[0.058186738836265225, 0.028368794326241134, 0.006006006006006006, 0.00243605359317905]","[11.043301759133964, 5.831205673758865, 0.1111111111111111, 0.04506699147381242]"
org.joda.time.TestLocalDateTime_Basics.testToDate_autumnDST,0.058186738836265225,0.023749398190422856,0.00243605359317905,0.09499759276169142,0.006354895024154143,0.012466208151389107,0.02222811213052228,11.043301759133964,4.257671383869439,0.04506699147381242,17.030685535477755,0.12718102364277908,0.7535608705887631,4.567843791484636,"[""LocalDateTime"", ""TestLocalDateTime_Basics"", ""TimeZone"", ""Date"", ""SimpleTimeZone""]","[0.058186738836265225, 0.028368794326241134, 0.006006006006006006, 0.00243605359317905]","[11.043301759133964, 5.831205673758865, 0.1111111111111111, 0.04506699147381242]"
org.joda.time.TestLocalDateTime_Basics.testToDate_springDST,0.058186738836265225,0.023749398190422856,0.00243605359317905,0.09499759276169142,0.006354895024154143,0.012466208151389107,0.02222811213052228,11.043301759133964,4.257671383869439,0.04506699147381242,17.030685535477755,0.12718102364277908,0.7535608705887631,4.567843791484636,"[""LocalDateTime"", ""TestLocalDateTime_Basics"", ""TimeZone"", ""Date"", ""SimpleTimeZone""]","[0.058186738836265225, 0.028368794326241134, 0.006006006006006006, 0.00243605359317905]","[11.043301759133964, 5.831205673758865, 0.1111111111111111, 0.04506699147381242]"
org.joda.time.chrono.TestEthiopicChronology.testCalendar,0.04081632653061224,0.023718017770704397,0.01574344023323615,0.09487207108281759,0.020787242442369753,0.022036131136512094,0.009969729419060257,5.746938775510204,3.262660323792381,1.8169096209912536,13.050641295169523,2.711241448071136,2.955422888477092,1.519915950779059,"[""StringBuilder"", ""TestEthiopicChronology"", ""PrintStream"", ""DateTimeField"", ""DateTime"", ""Chronology""]","[0.04081632653061224, 0.01924198250728863, 0.01907032181168057, 0.01574344023323615]","[5.746938775510204, 2.2746355685131197, 3.2121573301549464, 1.8169096209912536]"
org.joda.time.convert.TestDateConverter.testGetPartialValues,0.044386422976501305,0.015767528934533696,0.00243605359317905,0.09460517360720218,0.007118450508913925,0.01066411946929032,0.013923883469671139,4.117493472584856,1.1911725107665296,0.04506699147381242,7.147035064599177,0.13329693620809024,0.36668169867792316,1.5201569876795222,"[""TimeOfDay"", ""Arrays"", ""TestDateConverter"", ""DateConverter"", ""Chronology"", ""Date""]","[0.044386422976501305, 0.01924198250728863, 0.01432469304229195, 0.008191925102399064, 0.006024096385542169, 0.00243605359317905]","[4.117493472584856, 2.2746355685131197, 0.4597544338335607, 0.18080748976009361, 0.06927710843373494, 0.04506699147381242]"
org.joda.time.TestYearMonthDay_Basics.testToDateMidnight_Zone,0.03763440860215054,0.031513870835070616,0.023712183156173343,0.09454161250521184,0.030343229760281015,0.0309416303679039,0.005806708138676413,3.8485477178423237,3.5038255534737957,3.295993458708095,10.511476660421387,3.4873870143063654,3.4954734182183858,0.24546991762568987,"[""YearMonthDay"", ""TestYearMonthDay_Basics"", ""DateMidnight""]","[0.03763440860215054, 0.03319502074688797, 0.023712183156173343]","[3.3669354838709675, 3.8485477178423237, 3.295993458708095]"
org.joda.time.TestYearMonthDay_Basics.testToDateMidnight_nullZone,0.03763440860215054,0.031513870835070616,0.023712183156173343,0.09454161250521184,0.030343229760281015,0.0309416303679039,0.005806708138676413,3.8485477178423237,3.5038255534737957,3.295993458708095,10.511476660421387,3.4873870143063654,3.4954734182183858,0.24546991762568987,"[""YearMonthDay"", ""TestYearMonthDay_Basics"", ""DateMidnight""]","[0.03763440860215054, 0.03319502074688797, 0.023712183156173343]","[3.3669354838709675, 3.8485477178423237, 3.295993458708095]"
org.joda.time.TestYearMonthDay_Basics.testToDateMidnight,0.03763440860215054,0.031513870835070616,0.023712183156173343,0.09454161250521184,0.030343229760281015,0.0309416303679039,0.005806708138676413,3.8485477178423237,3.5038255534737957,3.295993458708095,10.511476660421387,3.4873870143063654,3.4954734182183858,0.24546991762568987,"[""YearMonthDay"", ""TestYearMonthDay_Basics"", ""DateMidnight""]","[0.03763440860215054, 0.03319502074688797, 0.023712183156173343]","[3.3669354838709675, 3.8485477178423237, 3.295993458708095]"
org.joda.time.chrono.TestCopticChronology.testCalendar,0.04081632653061224,0.023608822410951955,0.01574344023323615,0.09443528964380782,0.020655301614347435,0.021908855319510017,0.010022289620320354,5.746938775510204,3.026973475725694,1.8169096209912536,12.107893902902775,2.492732392541218,2.7095593507717206,1.5813270222392701,"[""StringBuilder"", ""PrintStream"", ""DateTimeField"", ""TestCopticChronology"", ""DateTime"", ""Chronology""]","[0.04081632653061224, 0.01924198250728863, 0.018633540372670808, 0.01574344023323615]","[5.746938775510204, 2.2746355685131197, 2.2694099378881987, 1.8169096209912536]"
org.joda.time.TestMutableInterval_Constructors.testConstructor_RI_RI2,0.04081632653061224,0.023599562212271854,0.01639344262295082,0.09439824884908742,0.020718787366134597,0.021931277082396533,0.009980731397409572,5.746938775510204,2.571513760802415,0.963265306122449,10.28605504320966,1.6455208294617887,2.007549531229146,1.8988720090051547,"[""MutableInterval"", ""Instant"", ""TestMutableInterval_Constructors"", ""DateTime""]","[0.04081632653061224, 0.018658892128279883, 0.01852958756724447, 0.01639344262295082]","[5.746938775510204, 0.963265306122449, 1.2755528989838614, 2.3002980625931446]"
org.joda.time.TestMonthDay_Properties.testPropertyCompareToDayOfMonth,0.04081632653061224,0.03142514867582253,0.018867924528301886,0.09427544602746758,0.028193079880392994,0.029865826448745893,0.009235835080797757,6.022012578616352,4.6493988790484755,2.1792452830188678,13.948196637145426,3.754986707088124,4.225013631266443,1.75026864419386,"[""MonthDay"", ""MonthDay$Property"", ""TestMonthDay_Properties"", ""DateTime""]","[0.04081632653061224, 0.03459119496855346, 0.018867924528301886]","[5.746938775510204, 6.022012578616352, 2.1792452830188678]"
org.joda.time.TestMonthDay_Properties.testPropertyCompareToMonthOfYear,0.04081632653061224,0.03142514867582253,0.018867924528301886,0.09427544602746758,0.028193079880392994,0.029865826448745893,0.009235835080797757,6.022012578616352,4.6493988790484755,2.1792452830188678,13.948196637145426,3.754986707088124,4.225013631266443,1.75026864419386,"[""MonthDay"", ""MonthDay$Property"", ""TestMonthDay_Properties"", ""DateTime""]","[0.04081632653061224, 0.03459119496855346, 0.018867924528301886]","[5.746938775510204, 6.022012578616352, 2.1792452830188678]"
org.joda.time.TestMonthDay_Basics.testToDateTime_RI,0.04081632653061224,0.03142514867582253,0.018867924528301886,0.09427544602746758,0.028193079880392994,0.029865826448745893,0.009235835080797757,6.022012578616352,5.392585461857699,4.408805031446541,16.177756385573097,5.2921070823690695,5.3435889216984895,0.7046438110770543,"[""TestMonthDay_Basics"", ""DateTime$Property"", ""MonthDay"", ""DateTime""]","[0.04081632653061224, 0.03459119496855346, 0.018867924528301886]","[5.746938775510204, 6.022012578616352, 4.408805031446541]"
org.joda.time.TestLocalDate_Constructors.testConstructor_ObjectStringEx7,0.06765899864682003,0.047134821452261555,0.02661064425770308,0.09426964290452311,0.03819786494039122,0.042431704465210225,0.02052417719455847,9.71853856562923,6.618372924271197,3.518207282913165,13.236745848542395,5.166199238407884,5.847378315182729,3.100165641358032,"[""TestLocalDate_Constructors"", ""LocalDate""]","[0.06765899864682003, 0.02661064425770308]","[9.71853856562923, 3.518207282913165]"
org.joda.time.TestLocalDate_Constructors.testConstructor_nullObject_DateTimeZone,0.06765899864682003,0.047134821452261555,0.02661064425770308,0.09426964290452311,0.03819786494039122,0.042431704465210225,0.02052417719455847,9.71853856562923,6.618372924271197,3.518207282913165,13.236745848542395,5.166199238407884,5.847378315182729,3.100165641358032,"[""TestLocalDate_Constructors"", ""LocalDate""]","[0.06765899864682003, 0.02661064425770308]","[9.71853856562923, 3.518207282913165]"
org.joda.time.TestLocalDate_Constructors.testConstructor_Object_Chronology_crossChronology,0.06765899864682003,0.047134821452261555,0.02661064425770308,0.09426964290452311,0.03819786494039122,0.042431704465210225,0.02052417719455847,9.71853856562923,6.618372924271197,3.518207282913165,13.236745848542395,5.166199238407884,5.847378315182729,3.100165641358032,"[""TestLocalDate_Constructors"", ""LocalDate""]","[0.06765899864682003, 0.02661064425770308]","[9.71853856562923, 3.518207282913165]"
org.joda.time.TestLocalDate_Constructors.testConstructor_long_nullChronology,0.06765899864682003,0.047134821452261555,0.02661064425770308,0.09426964290452311,0.03819786494039122,0.042431704465210225,0.02052417719455847,9.71853856562923,6.618372924271197,3.518207282913165,13.236745848542395,5.166199238407884,5.847378315182729,3.100165641358032,"[""TestLocalDate_Constructors"", ""LocalDate""]","[0.06765899864682003, 0.02661064425770308]","[9.71853856562923, 3.518207282913165]"
org.joda.time.TestLocalDate_Constructors.testConstructor_int_int_int_nullChronology,0.06765899864682003,0.047134821452261555,0.02661064425770308,0.09426964290452311,0.03819786494039122,0.042431704465210225,0.02052417719455847,9.71853856562923,6.618372924271197,3.518207282913165,13.236745848542395,5.166199238407884,5.847378315182729,3.100165641358032,"[""TestLocalDate_Constructors"", ""LocalDate""]","[0.06765899864682003, 0.02661064425770308]","[9.71853856562923, 3.518207282913165]"
org.joda.time.TestLocalDate_Constructors.testConstructor_Chronology,0.06765899864682003,0.047134821452261555,0.02661064425770308,0.09426964290452311,0.03819786494039122,0.042431704465210225,0.02052417719455847,9.71853856562923,6.618372924271197,3.518207282913165,13.236745848542395,5.166199238407884,5.847378315182729,3.100165641358032,"[""TestLocalDate_Constructors"", ""LocalDate""]","[0.06765899864682003, 0.02661064425770308]","[9.71853856562923, 3.518207282913165]"
org.joda.time.TestLocalDate_Constructors.testConstructor_ObjectStringEx5,0.06765899864682003,0.047134821452261555,0.02661064425770308,0.09426964290452311,0.03819786494039122,0.042431704465210225,0.02052417719455847,9.71853856562923,6.618372924271197,3.518207282913165,13.236745848542395,5.166199238407884,5.847378315182729,3.100165641358032,"[""TestLocalDate_Constructors"", ""LocalDate""]","[0.06765899864682003, 0.02661064425770308]","[9.71853856562923, 3.518207282913165]"
org.joda.time.TestLocalDate_Constructors.testConstructor_long_nullDateTimeZone,0.06765899864682003,0.047134821452261555,0.02661064425770308,0.09426964290452311,0.03819786494039122,0.042431704465210225,0.02052417719455847,9.71853856562923,6.618372924271197,3.518207282913165,13.236745848542395,5.166199238407884,5.847378315182729,3.100165641358032,"[""TestLocalDate_Constructors"", ""LocalDate""]","[0.06765899864682003, 0.02661064425770308]","[9.71853856562923, 3.518207282913165]"
org.joda.time.TestLocalDate_Constructors.testConstructor_ObjectStringEx2,0.06765899864682003,0.047134821452261555,0.02661064425770308,0.09426964290452311,0.03819786494039122,0.042431704465210225,0.02052417719455847,9.71853856562923,6.618372924271197,3.518207282913165,13.236745848542395,5.166199238407884,5.847378315182729,3.100165641358032,"[""TestLocalDate_Constructors"", ""LocalDate""]","[0.06765899864682003, 0.02661064425770308]","[9.71853856562923, 3.518207282913165]"
org.joda.time.TestLocalDate_Constructors.testConstructor_ObjectStringEx4,0.06765899864682003,0.047134821452261555,0.02661064425770308,0.09426964290452311,0.03819786494039122,0.042431704465210225,0.02052417719455847,9.71853856562923,6.618372924271197,3.518207282913165,13.236745848542395,5.166199238407884,5.847378315182729,3.100165641358032,"[""TestLocalDate_Constructors"", ""LocalDate""]","[0.06765899864682003, 0.02661064425770308]","[9.71853856562923, 3.518207282913165]"
org.joda.time.TestLocalDate_Constructors.testConstructor_ObjectStringEx3,0.06765899864682003,0.047134821452261555,0.02661064425770308,0.09426964290452311,0.03819786494039122,0.042431704465210225,0.02052417719455847,9.71853856562923,6.618372924271197,3.518207282913165,13.236745848542395,5.166199238407884,5.847378315182729,3.100165641358032,"[""TestLocalDate_Constructors"", ""LocalDate""]","[0.06765899864682003, 0.02661064425770308]","[9.71853856562923, 3.518207282913165]"
org.joda.time.TestLocalDate_Constructors.testConstructor_long2_Chronology,0.06765899864682003,0.047134821452261555,0.02661064425770308,0.09426964290452311,0.03819786494039122,0.042431704465210225,0.02052417719455847,9.71853856562923,6.618372924271197,3.518207282913165,13.236745848542395,5.166199238407884,5.847378315182729,3.100165641358032,"[""TestLocalDate_Constructors"", ""LocalDate""]","[0.06765899864682003, 0.02661064425770308]","[9.71853856562923, 3.518207282913165]"
org.joda.time.TestLocalDate_Constructors.testParse_noFormatter,0.06765899864682003,0.047134821452261555,0.02661064425770308,0.09426964290452311,0.03819786494039122,0.042431704465210225,0.02052417719455847,9.71853856562923,6.618372924271197,3.518207282913165,13.236745848542395,5.166199238407884,5.847378315182729,3.100165641358032,"[""TestLocalDate_Constructors"", ""LocalDate""]","[0.06765899864682003, 0.02661064425770308]","[9.71853856562923, 3.518207282913165]"
org.joda.time.TestLocalDate_Constructors.testConstructor_nullObject_Chronology,0.06765899864682003,0.047134821452261555,0.02661064425770308,0.09426964290452311,0.03819786494039122,0.042431704465210225,0.02052417719455847,9.71853856562923,6.618372924271197,3.518207282913165,13.236745848542395,5.166199238407884,5.847378315182729,3.100165641358032,"[""TestLocalDate_Constructors"", ""LocalDate""]","[0.06765899864682003, 0.02661064425770308]","[9.71853856562923, 3.518207282913165]"
org.joda.time.TestLocalDate_Constructors.testConstructor_long2_DateTimeZone,0.06765899864682003,0.047134821452261555,0.02661064425770308,0.09426964290452311,0.03819786494039122,0.042431704465210225,0.02052417719455847,9.71853856562923,6.618372924271197,3.518207282913165,13.236745848542395,5.166199238407884,5.847378315182729,3.100165641358032,"[""TestLocalDate_Constructors"", ""LocalDate""]","[0.06765899864682003, 0.02661064425770308]","[9.71853856562923, 3.518207282913165]"
org.joda.time.TestLocalDate_Constructors.testConstructor_ObjectString1,0.06765899864682003,0.047134821452261555,0.02661064425770308,0.09426964290452311,0.03819786494039122,0.042431704465210225,0.02052417719455847,9.71853856562923,6.618372924271197,3.518207282913165,13.236745848542395,5.166199238407884,5.847378315182729,3.100165641358032,"[""TestLocalDate_Constructors"", ""LocalDate""]","[0.06765899864682003, 0.02661064425770308]","[9.71853856562923, 3.518207282913165]"
org.joda.time.TestLocalDate_Constructors.testConstructor_int_int_int_Chronology,0.06765899864682003,0.047134821452261555,0.02661064425770308,0.09426964290452311,0.03819786494039122,0.042431704465210225,0.02052417719455847,9.71853856562923,6.618372924271197,3.518207282913165,13.236745848542395,5.166199238407884,5.847378315182729,3.100165641358032,"[""TestLocalDate_Constructors"", ""LocalDate""]","[0.06765899864682003, 0.02661064425770308]","[9.71853856562923, 3.518207282913165]"
org.joda.time.TestLocalDate_Constructors.testConstructor_ObjectStringEx6,0.06765899864682003,0.047134821452261555,0.02661064425770308,0.09426964290452311,0.03819786494039122,0.042431704465210225,0.02052417719455847,9.71853856562923,6.618372924271197,3.518207282913165,13.236745848542395,5.166199238407884,5.847378315182729,3.100165641358032,"[""TestLocalDate_Constructors"", ""LocalDate""]","[0.06765899864682003, 0.02661064425770308]","[9.71853856562923, 3.518207282913165]"
org.joda.time.TestLocalDate_Constructors.testFactory_fromDateFields_null,0.06765899864682003,0.047134821452261555,0.02661064425770308,0.09426964290452311,0.03819786494039122,0.042431704465210225,0.02052417719455847,9.71853856562923,6.618372924271197,3.518207282913165,13.236745848542395,5.166199238407884,5.847378315182729,3.100165641358032,"[""TestLocalDate_Constructors"", ""LocalDate""]","[0.06765899864682003, 0.02661064425770308]","[9.71853856562923, 3.518207282913165]"
org.joda.time.TestLocalDate_Constructors.testConstructor_long1_DateTimeZone,0.06765899864682003,0.047134821452261555,0.02661064425770308,0.09426964290452311,0.03819786494039122,0.042431704465210225,0.02052417719455847,9.71853856562923,6.618372924271197,3.518207282913165,13.236745848542395,5.166199238407884,5.847378315182729,3.100165641358032,"[""TestLocalDate_Constructors"", ""LocalDate""]","[0.06765899864682003, 0.02661064425770308]","[9.71853856562923, 3.518207282913165]"
org.joda.time.TestLocalDate_Constructors.testConstructor_ObjectString2,0.06765899864682003,0.047134821452261555,0.02661064425770308,0.09426964290452311,0.03819786494039122,0.042431704465210225,0.02052417719455847,9.71853856562923,6.618372924271197,3.518207282913165,13.236745848542395,5.166199238407884,5.847378315182729,3.100165641358032,"[""TestLocalDate_Constructors"", ""LocalDate""]","[0.06765899864682003, 0.02661064425770308]","[9.71853856562923, 3.518207282913165]"
org.joda.time.TestLocalDate_Constructors.testConstructor,0.06765899864682003,0.047134821452261555,0.02661064425770308,0.09426964290452311,0.03819786494039122,0.042431704465210225,0.02052417719455847,9.71853856562923,6.618372924271197,3.518207282913165,13.236745848542395,5.166199238407884,5.847378315182729,3.100165641358032,"[""TestLocalDate_Constructors"", ""LocalDate""]","[0.06765899864682003, 0.02661064425770308]","[9.71853856562923, 3.518207282913165]"
org.joda.time.TestLocalDate_Constructors.testFactory_fromCalendarFields_null,0.06765899864682003,0.047134821452261555,0.02661064425770308,0.09426964290452311,0.03819786494039122,0.042431704465210225,0.02052417719455847,9.71853856562923,6.618372924271197,3.518207282913165,13.236745848542395,5.166199238407884,5.847378315182729,3.100165641358032,"[""TestLocalDate_Constructors"", ""LocalDate""]","[0.06765899864682003, 0.02661064425770308]","[9.71853856562923, 3.518207282913165]"
org.joda.time.TestLocalDate_Constructors.testConstructor_long2,0.06765899864682003,0.047134821452261555,0.02661064425770308,0.09426964290452311,0.03819786494039122,0.042431704465210225,0.02052417719455847,9.71853856562923,6.618372924271197,3.518207282913165,13.236745848542395,5.166199238407884,5.847378315182729,3.100165641358032,"[""TestLocalDate_Constructors"", ""LocalDate""]","[0.06765899864682003, 0.02661064425770308]","[9.71853856562923, 3.518207282913165]"
org.joda.time.TestLocalDate_Constructors.testConstructor_long1,0.06765899864682003,0.047134821452261555,0.02661064425770308,0.09426964290452311,0.03819786494039122,0.042431704465210225,0.02052417719455847,9.71853856562923,6.618372924271197,3.518207282913165,13.236745848542395,5.166199238407884,5.847378315182729,3.100165641358032,"[""TestLocalDate_Constructors"", ""LocalDate""]","[0.06765899864682003, 0.02661064425770308]","[9.71853856562923, 3.518207282913165]"
org.joda.time.TestLocalDate_Constructors.testConstructor_long1_Chronology,0.06765899864682003,0.047134821452261555,0.02661064425770308,0.09426964290452311,0.03819786494039122,0.042431704465210225,0.02052417719455847,9.71853856562923,6.618372924271197,3.518207282913165,13.236745848542395,5.166199238407884,5.847378315182729,3.100165641358032,"[""TestLocalDate_Constructors"", ""LocalDate""]","[0.06765899864682003, 0.02661064425770308]","[9.71853856562923, 3.518207282913165]"
org.joda.time.TestLocalDate_Constructors.testConstructor_int_int_int,0.06765899864682003,0.047134821452261555,0.02661064425770308,0.09426964290452311,0.03819786494039122,0.042431704465210225,0.02052417719455847,9.71853856562923,6.618372924271197,3.518207282913165,13.236745848542395,5.166199238407884,5.847378315182729,3.100165641358032,"[""TestLocalDate_Constructors"", ""LocalDate""]","[0.06765899864682003, 0.02661064425770308]","[9.71853856562923, 3.518207282913165]"
org.joda.time.TestLocalDate_Constructors.testConstructor_nullChronology,0.06765899864682003,0.047134821452261555,0.02661064425770308,0.09426964290452311,0.03819786494039122,0.042431704465210225,0.02052417719455847,9.71853856562923,6.618372924271197,3.518207282913165,13.236745848542395,5.166199238407884,5.847378315182729,3.100165641358032,"[""TestLocalDate_Constructors"", ""LocalDate""]","[0.06765899864682003, 0.02661064425770308]","[9.71853856562923, 3.518207282913165]"
org.joda.time.TestLocalDate_Constructors.testConstructor_ObjectString3,0.06765899864682003,0.047134821452261555,0.02661064425770308,0.09426964290452311,0.03819786494039122,0.042431704465210225,0.02052417719455847,9.71853856562923,6.618372924271197,3.518207282913165,13.236745848542395,5.166199238407884,5.847378315182729,3.100165641358032,"[""TestLocalDate_Constructors"", ""LocalDate""]","[0.06765899864682003, 0.02661064425770308]","[9.71853856562923, 3.518207282913165]"
org.joda.time.TestLocalDate_Constructors.testConstructor_ObjectStringEx1,0.06765899864682003,0.047134821452261555,0.02661064425770308,0.09426964290452311,0.03819786494039122,0.042431704465210225,0.02052417719455847,9.71853856562923,6.618372924271197,3.518207282913165,13.236745848542395,5.166199238407884,5.847378315182729,3.100165641358032,"[""TestLocalDate_Constructors"", ""LocalDate""]","[0.06765899864682003, 0.02661064425770308]","[9.71853856562923, 3.518207282913165]"
org.joda.time.TestLocalDate_Constructors.testConstructor_nullObject,0.06765899864682003,0.047134821452261555,0.02661064425770308,0.09426964290452311,0.03819786494039122,0.042431704465210225,0.02052417719455847,9.71853856562923,6.618372924271197,3.518207282913165,13.236745848542395,5.166199238407884,5.847378315182729,3.100165641358032,"[""TestLocalDate_Constructors"", ""LocalDate""]","[0.06765899864682003, 0.02661064425770308]","[9.71853856562923, 3.518207282913165]"
org.joda.time.TestLocalDate_Constructors.testConstructor_ObjectLocalDate,0.06765899864682003,0.047134821452261555,0.02661064425770308,0.09426964290452311,0.03819786494039122,0.042431704465210225,0.02052417719455847,9.71853856562923,6.618372924271197,3.518207282913165,13.236745848542395,5.166199238407884,5.847378315182729,3.100165641358032,"[""TestLocalDate_Constructors"", ""LocalDate""]","[0.06765899864682003, 0.02661064425770308]","[9.71853856562923, 3.518207282913165]"
org.joda.time.TestLocalDate_Constructors.testConstructor_nullObject_nullDateTimeZone,0.06765899864682003,0.047134821452261555,0.02661064425770308,0.09426964290452311,0.03819786494039122,0.042431704465210225,0.02052417719455847,9.71853856562923,6.618372924271197,3.518207282913165,13.236745848542395,5.166199238407884,5.847378315182729,3.100165641358032,"[""TestLocalDate_Constructors"", ""LocalDate""]","[0.06765899864682003, 0.02661064425770308]","[9.71853856562923, 3.518207282913165]"
org.joda.time.TestLocalDate_Constructors.testConstructor_nullObject_nullChronology,0.06765899864682003,0.047134821452261555,0.02661064425770308,0.09426964290452311,0.03819786494039122,0.042431704465210225,0.02052417719455847,9.71853856562923,6.618372924271197,3.518207282913165,13.236745848542395,5.166199238407884,5.847378315182729,3.100165641358032,"[""TestLocalDate_Constructors"", ""LocalDate""]","[0.06765899864682003, 0.02661064425770308]","[9.71853856562923, 3.518207282913165]"
org.joda.time.TestPartial_Properties.testPropertyCompareToMinute,0.04081632653061224,0.023558904574847155,0.012591815320041973,0.09423561829938862,0.0194878390135038,0.021331626086894834,0.010788479397436174,5.746938775510204,3.262229074437977,1.7964323189926548,13.048916297751909,2.6679950853362584,2.9325029619644467,1.5548770286442657,"[""TestPartial_Properties"", ""DateTimeFieldType"", ""Partial$Property"", ""Partial"", ""DateTime""]","[0.04081632653061224, 0.024134312696747113, 0.016693163751987282, 0.012591815320041973]","[5.746938775510204, 3.396642182581322, 2.1089030206677264, 1.7964323189926548]"
org.joda.time.TestPartial_Properties.testPropertyCompareToHour,0.04081632653061224,0.023558904574847155,0.012591815320041973,0.09423561829938862,0.0194878390135038,0.021331626086894834,0.010788479397436174,5.746938775510204,3.262229074437977,1.7964323189926548,13.048916297751909,2.6679950853362584,2.9325029619644467,1.5548770286442657,"[""TestPartial_Properties"", ""DateTimeFieldType"", ""Partial$Property"", ""Partial"", ""DateTime""]","[0.04081632653061224, 0.024134312696747113, 0.016693163751987282, 0.012591815320041973]","[5.746938775510204, 3.396642182581322, 2.1089030206677264, 1.7964323189926548]"
org.joda.time.chrono.TestIslamicChronology.testCalendar,0.04081632653061224,0.023546025553078373,0.01574344023323615,0.09418410221231349,0.020577379086246583,0.021834644119893745,0.010054003368197933,5.746938775510204,3.430821971645801,1.8169096209912536,13.723287886583204,2.8140578148699302,3.0992935048132533,1.542074636194935,"[""StringBuilder"", ""PrintStream"", ""DateTimeField"", ""TestIslamicChronology"", ""DateTime"", ""Chronology""]","[0.04081632653061224, 0.01924198250728863, 0.01838235294117647, 0.01574344023323615]","[5.746938775510204, 2.2746355685131197, 3.8848039215686274, 1.8169096209912536]"
org.joda.time.format.TestDateTimeFormatter.testParseDateTime_zone,0.04081632653061224,0.031342893963833,0.02639019792648445,0.09402868189149902,0.030097677244473525,0.030684808938630126,0.006701049206510136,5.746938775510204,3.919752804851576,2.464723032069971,11.759258414554727,3.481846626421584,3.690169442631241,1.3655548868098617,"[""TestDateTimeFormatter"", ""DateTimeFormatter"", ""DateTime""]","[0.04081632653061224, 0.026822157434402333, 0.02639019792648445]","[5.746938775510204, 2.464723032069971, 3.5475966069745524]"
org.joda.time.format.TestDateTimeFormatter.testParseDateTime_chrono,0.04081632653061224,0.031342893963833,0.02639019792648445,0.09402868189149902,0.030097677244473525,0.030684808938630126,0.006701049206510136,5.746938775510204,3.919752804851576,2.464723032069971,11.759258414554727,3.481846626421584,3.690169442631241,1.3655548868098617,"[""TestDateTimeFormatter"", ""DateTimeFormatter"", ""DateTime""]","[0.04081632653061224, 0.026822157434402333, 0.02639019792648445]","[5.746938775510204, 2.464723032069971, 3.5475966069745524]"
org.joda.time.format.TestDateTimeFormatter.testPrint_chrono_and_zone,0.04081632653061224,0.031342893963833,0.02639019792648445,0.09402868189149902,0.030097677244473525,0.030684808938630126,0.006701049206510136,5.746938775510204,3.919752804851576,2.464723032069971,11.759258414554727,3.481846626421584,3.690169442631241,1.3655548868098617,"[""TestDateTimeFormatter"", ""DateTimeFormatter"", ""DateTime""]","[0.04081632653061224, 0.026822157434402333, 0.02639019792648445]","[5.746938775510204, 2.464723032069971, 3.5475966069745524]"
org.joda.time.format.TestDateTimeFormatter.testPrint_locale,0.04081632653061224,0.031342893963833,0.02639019792648445,0.09402868189149902,0.030097677244473525,0.030684808938630126,0.006701049206510136,5.746938775510204,3.919752804851576,2.464723032069971,11.759258414554727,3.481846626421584,3.690169442631241,1.3655548868098617,"[""TestDateTimeFormatter"", ""DateTimeFormatter"", ""DateTime""]","[0.04081632653061224, 0.026822157434402333, 0.02639019792648445]","[5.746938775510204, 2.464723032069971, 3.5475966069745524]"
org.joda.time.format.TestDateTimeFormatter.testPrint_simple,0.04081632653061224,0.031342893963833,0.02639019792648445,0.09402868189149902,0.030097677244473525,0.030684808938630126,0.006701049206510136,5.746938775510204,3.919752804851576,2.464723032069971,11.759258414554727,3.481846626421584,3.690169442631241,1.3655548868098617,"[""TestDateTimeFormatter"", ""DateTimeFormatter"", ""DateTime""]","[0.04081632653061224, 0.026822157434402333, 0.02639019792648445]","[5.746938775510204, 2.464723032069971, 3.5475966069745524]"
org.joda.time.format.TestDateTimeFormatter.testParseDateTime_simple_precedence,0.04081632653061224,0.031342893963833,0.02639019792648445,0.09402868189149902,0.030097677244473525,0.030684808938630126,0.006701049206510136,5.746938775510204,3.919752804851576,2.464723032069971,11.759258414554727,3.481846626421584,3.690169442631241,1.3655548868098617,"[""TestDateTimeFormatter"", ""DateTimeFormatter"", ""DateTime""]","[0.04081632653061224, 0.026822157434402333, 0.02639019792648445]","[5.746938775510204, 2.464723032069971, 3.5475966069745524]"
org.joda.time.format.TestDateTimeFormatter.testParseDateTime_zone2,0.04081632653061224,0.031342893963833,0.02639019792648445,0.09402868189149902,0.030097677244473525,0.030684808938630126,0.006701049206510136,5.746938775510204,3.919752804851576,2.464723032069971,11.759258414554727,3.481846626421584,3.690169442631241,1.3655548868098617,"[""TestDateTimeFormatter"", ""DateTimeFormatter"", ""DateTime""]","[0.04081632653061224, 0.026822157434402333, 0.02639019792648445]","[5.746938775510204, 2.464723032069971, 3.5475966069745524]"
org.joda.time.format.TestDateTimeFormatter.testPrint_chrono,0.04081632653061224,0.031342893963833,0.02639019792648445,0.09402868189149902,0.030097677244473525,0.030684808938630126,0.006701049206510136,5.746938775510204,3.919752804851576,2.464723032069971,11.759258414554727,3.481846626421584,3.690169442631241,1.3655548868098617,"[""TestDateTimeFormatter"", ""DateTimeFormatter"", ""DateTime""]","[0.04081632653061224, 0.026822157434402333, 0.02639019792648445]","[5.746938775510204, 2.464723032069971, 3.5475966069745524]"
org.joda.time.format.TestDateTimeFormatter.testPrint_zone,0.04081632653061224,0.031342893963833,0.02639019792648445,0.09402868189149902,0.030097677244473525,0.030684808938630126,0.006701049206510136,5.746938775510204,3.919752804851576,2.464723032069971,11.759258414554727,3.481846626421584,3.690169442631241,1.3655548868098617,"[""TestDateTimeFormatter"", ""DateTimeFormatter"", ""DateTime""]","[0.04081632653061224, 0.026822157434402333, 0.02639019792648445]","[5.746938775510204, 2.464723032069971, 3.5475966069745524]"
org.joda.time.format.TestDateTimeFormatter.testParseDateTime_simple,0.04081632653061224,0.031342893963833,0.02639019792648445,0.09402868189149902,0.030097677244473525,0.030684808938630126,0.006701049206510136,5.746938775510204,3.919752804851576,2.464723032069971,11.759258414554727,3.481846626421584,3.690169442631241,1.3655548868098617,"[""TestDateTimeFormatter"", ""DateTimeFormatter"", ""DateTime""]","[0.04081632653061224, 0.026822157434402333, 0.02639019792648445]","[5.746938775510204, 2.464723032069971, 3.5475966069745524]"
org.joda.time.TestLocalTime_Basics.testGetFields,0.05013550135501355,0.03127800186714421,0.01924198250728863,0.09383400560143262,0.026594676224519186,0.028681154095231295,0.013503130996213404,7.333333333333333,4.742058474528528,2.2746355685131197,14.226175423585584,3.7853515159511537,4.254960513057107,2.067060755212026,"[""TestLocalTime_Basics"", ""Chronology"", ""LocalTime""]","[0.05013550135501355, 0.024456521739130436, 0.01924198250728863]","[7.333333333333333, 4.618206521739131, 2.2746355685131197]"
org.joda.time.TestLocalTime_Basics.testGetField_int,0.05013550135501355,0.03127800186714421,0.01924198250728863,0.09383400560143262,0.026594676224519186,0.028681154095231295,0.013503130996213404,7.333333333333333,4.742058474528528,2.2746355685131197,14.226175423585584,3.7853515159511537,4.254960513057107,2.067060755212026,"[""TestLocalTime_Basics"", ""Chronology"", ""LocalTime""]","[0.05013550135501355, 0.024456521739130436, 0.01924198250728863]","[7.333333333333333, 4.618206521739131, 2.2746355685131197]"
org.joda.time.TestDateMidnight_Basics.testToMutableDateTimeISO,0.03498542274052478,0.031261993273197564,0.02560553633217993,0.09378597981959269,0.030686648313040674,0.030981181960035603,0.004065957342692662,4.066472303206997,3.835571840926475,3.5916955017301038,11.506715522779425,3.8256927364001188,3.8306405504107404,0.19404386590229,"[""TestDateMidnight_Basics"", ""DateMidnight"", ""Object"", ""MutableDateTime""]","[0.03498542274052478, 0.03319502074688797, 0.02560553633217993]","[4.066472303206997, 3.8485477178423237, 3.5916955017301038]"
org.joda.time.TestDateMidnight_Basics.testToMutableDateTime_DateTimeZone,0.03498542274052478,0.031261993273197564,0.02560553633217993,0.09378597981959269,0.030686648313040674,0.030981181960035603,0.004065957342692662,4.066472303206997,3.835571840926475,3.5916955017301038,11.506715522779425,3.8256927364001188,3.8306405504107404,0.19404386590229,"[""TestDateMidnight_Basics"", ""DateMidnight"", ""MutableDateTime""]","[0.03498542274052478, 0.03319502074688797, 0.02560553633217993]","[4.066472303206997, 3.8485477178423237, 3.5916955017301038]"
org.joda.time.TestDateMidnight_Basics.testToMutableDateTime,0.03498542274052478,0.031261993273197564,0.02560553633217993,0.09378597981959269,0.030686648313040674,0.030981181960035603,0.004065957342692662,4.066472303206997,3.835571840926475,3.5916955017301038,11.506715522779425,3.8256927364001188,3.8306405504107404,0.19404386590229,"[""TestDateMidnight_Basics"", ""DateMidnight"", ""MutableDateTime""]","[0.03498542274052478, 0.03319502074688797, 0.02560553633217993]","[4.066472303206997, 3.8485477178423237, 3.5916955017301038]"
org.joda.time.TestDateMidnight_Basics.testToMutableDateTime_Chronology,0.03498542274052478,0.031261993273197564,0.02560553633217993,0.09378597981959269,0.030686648313040674,0.030981181960035603,0.004065957342692662,4.066472303206997,3.835571840926475,3.5916955017301038,11.506715522779425,3.8256927364001188,3.8306405504107404,0.19404386590229,"[""TestDateMidnight_Basics"", ""DateMidnight"", ""MutableDateTime""]","[0.03498542274052478, 0.03319502074688797, 0.02560553633217993]","[4.066472303206997, 3.8485477178423237, 3.5916955017301038]"
org.joda.time.TestPeriod_Constructors.testConstructor_long_PeriodType_Chronology1,0.030927835051546393,0.023426189351483197,0.01574344023323615,0.09370475740593279,0.02185840175479862,0.02264146483809847,0.005957115851520976,5.272393538913363,3.644876737842483,0.7008746355685131,14.579506951369932,1.914154042181837,2.863155931513384,1.7919714494138497,"[""PeriodType"", ""ISOChronology"", ""Period"", ""TestPeriod_Constructors""]","[0.030927835051546393, 0.027165932452276064, 0.019867549668874173, 0.01574344023323615]","[4.878497790868925, 5.272393538913363, 3.7277409860191315, 0.7008746355685131]"
org.joda.time.TestPeriod_Constructors.testConstructor_long_Chronology2,0.030927835051546393,0.023426189351483197,0.01574344023323615,0.09370475740593279,0.02185840175479862,0.02264146483809847,0.005957115851520976,5.272393538913363,3.644876737842483,0.7008746355685131,14.579506951369932,1.914154042181837,2.863155931513384,1.7919714494138497,"[""TestPeriod_Constructors"", ""PeriodType"", ""Period"", ""ISOChronology""]","[0.030927835051546393, 0.027165932452276064, 0.019867549668874173, 0.01574344023323615]","[4.878497790868925, 5.272393538913363, 3.7277409860191315, 0.7008746355685131]"
org.joda.time.TestPeriod_Constructors.testConstructor_long_PeriodType_Chronology2,0.030927835051546393,0.023426189351483197,0.01574344023323615,0.09370475740593279,0.02185840175479862,0.02264146483809847,0.005957115851520976,5.272393538913363,3.644876737842483,0.7008746355685131,14.579506951369932,1.914154042181837,2.863155931513384,1.7919714494138497,"[""PeriodType"", ""ISOChronology"", ""Period"", ""TestPeriod_Constructors""]","[0.030927835051546393, 0.027165932452276064, 0.019867549668874173, 0.01574344023323615]","[4.878497790868925, 5.272393538913363, 3.7277409860191315, 0.7008746355685131]"
org.joda.time.TestPeriod_Constructors.testConstructor_long_Chronology1,0.030927835051546393,0.023426189351483197,0.01574344023323615,0.09370475740593279,0.02185840175479862,0.02264146483809847,0.005957115851520976,5.272393538913363,3.644876737842483,0.7008746355685131,14.579506951369932,1.914154042181837,2.863155931513384,1.7919714494138497,"[""TestPeriod_Constructors"", ""PeriodType"", ""Period"", ""ISOChronology""]","[0.030927835051546393, 0.027165932452276064, 0.019867549668874173, 0.01574344023323615]","[4.878497790868925, 5.272393538913363, 3.7277409860191315, 0.7008746355685131]"
org.joda.time.chrono.TestGJChronology.testTimeOfDayAdd,0.044386422976501305,0.03112200493774533,0.0239067055393586,0.09336601481323599,0.0287790761875894,0.029853235273578065,0.009391435240694886,4.117493472584856,3.1528671147683247,2.4448979591836735,9.458601344304974,3.008544063457287,3.0778059224290892,0.706540221764038,"[""TestGJChronology"", ""GJChronology"", ""TimeOfDay""]","[0.044386422976501305, 0.02507288629737609, 0.0239067055393586]","[4.117493472584856, 2.896209912536443, 2.4448979591836735]"
org.joda.time.convert.TestNullConverter.testSetInto_Object_Chronology1,0.02507288629737609,0.018630397890646466,0.0133422281521014,0.09315198945323233,0.0177817831488744,0.018200238294742474,0.004029308121091487,2.896209912536443,1.1896757419590211,0.3322214809873249,5.948378709795105,0.723480576401983,0.9144875938549799,0.9047478359821447,"[""NullConverter"", ""GJChronology"", ""MutableInterval"", ""TestNullConverter"", ""ISOChronology""]","[0.02507288629737609, 0.020463847203274217, 0.01852958756724447, 0.01574344023323615, 0.0133422281521014]","[2.896209912536443, 0.7435197817189632, 1.2755528989838614, 0.7008746355685131, 0.3322214809873249]"
org.joda.time.field.TestOffsetDateTimeField.test_constructor1,0.016693163751987282,0.01330205862613645,0.009912536443148687,0.09311441038295515,0.01273067755226106,0.01301515490415412,0.002740126221386803,2.1089030206677264,1.2489873861625393,0.6524781341107871,8.742911703137775,1.0224114071809711,1.128059833215155,0.5569657231996505,"[""UnsupportedDateTimeField"", ""UnsupportedDurationField"", ""OffsetDateTimeField"", ""DateTimeFieldType"", ""DurationFieldType"", ""TestOffsetDateTimeField"", ""ISOChronology""]","[0.016693163751987282, 0.016383850204798128, 0.01574344023323615, 0.012718600953895072, 0.011715481171548118, 0.00994733762434172, 0.009912536443148687]","[2.1089030206677264, 1.406085430076068, 0.7008746355685131, 1.1764705882352942, 1.9514644351464434, 0.7466354593329433, 0.6524781341107871]"
org.joda.time.TestInstant_Basics.testToDateTime,0.04081632653061224,0.023232457638563405,0.01574344023323615,0.09292983055425362,0.020194492452011784,0.021466768628531176,0.01020636966825771,5.746938775510204,2.342211096194024,0.7008746355685131,9.368844384776096,1.2699556379999675,1.6601444778050178,2.0208566083979496,"[""TestInstant_Basics"", ""DateTime"", ""ISOChronology"", ""Instant""]","[0.04081632653061224, 0.018658892128279883, 0.017711171662125342, 0.01574344023323615]","[5.746938775510204, 0.963265306122449, 1.957765667574932, 0.7008746355685131]"
org.joda.time.TestInstant_Basics.testToDateTimeISO,0.04081632653061224,0.023232457638563405,0.01574344023323615,0.09292983055425362,0.020194492452011784,0.021466768628531176,0.01020636966825771,5.746938775510204,2.342211096194024,0.7008746355685131,9.368844384776096,1.2699556379999675,1.6601444778050178,2.0208566083979496,"[""Object"", ""Instant"", ""ISOChronology"", ""DateTime"", ""TestInstant_Basics""]","[0.04081632653061224, 0.018658892128279883, 0.017711171662125342, 0.01574344023323615]","[5.746938775510204, 0.963265306122449, 1.957765667574932, 0.7008746355685131]"
org.joda.time.TestInstant_Basics.testToDateTime_DateTimeZone,0.04081632653061224,0.023232457638563405,0.01574344023323615,0.09292983055425362,0.020194492452011784,0.021466768628531176,0.01020636966825771,5.746938775510204,2.342211096194024,0.7008746355685131,9.368844384776096,1.2699556379999675,1.6601444778050178,2.0208566083979496,"[""TestInstant_Basics"", ""DateTime"", ""ISOChronology"", ""Instant""]","[0.04081632653061224, 0.018658892128279883, 0.017711171662125342, 0.01574344023323615]","[5.746938775510204, 0.963265306122449, 1.957765667574932, 0.7008746355685131]"
org.joda.time.TestDateMidnight_Constructors.testConstructor_badconverterObject_Chronology,0.03319502074688797,0.01856446425320291,0.011756569847856155,0.09282232126601454,0.01648768869211653,0.01737775876799588,0.007497626827467753,3.8485477178423237,1.6586686845084846,0.632069970845481,8.293343422542423,1.0956306559812525,1.3258678818179988,1.1681837456957698,"[""Integer"", ""DateMidnight"", ""GregorianChronology"", ""TestDateMidnight_Constructors"", ""ISOChronology"", ""ConverterManager""]","[0.03319502074688797, 0.016383850204798128, 0.01574344023323615, 0.01574344023323615, 0.011756569847856155]","[3.8485477178423237, 1.4230544177881803, 0.7008746355685131, 0.632069970845481, 1.6887966804979253]"
org.joda.time.TestDateMidnight_Constructors.testConstructor_badconverterObject_DateTimeZone,0.03319502074688797,0.01856446425320291,0.011756569847856155,0.09282232126601454,0.01648768869211653,0.01737775876799588,0.007497626827467753,3.8485477178423237,1.6586686845084846,0.632069970845481,8.293343422542423,1.0956306559812525,1.3258678818179988,1.1681837456957698,"[""Integer"", ""DateMidnight"", ""GregorianChronology"", ""TestDateMidnight_Constructors"", ""ISOChronology"", ""ConverterManager""]","[0.03319502074688797, 0.016383850204798128, 0.01574344023323615, 0.01574344023323615, 0.011756569847856155]","[3.8485477178423237, 1.4230544177881803, 0.7008746355685131, 0.632069970845481, 1.6887966804979253]"
org.joda.time.TestTimeOfDay_Basics.testToString_DTFormatter,0.044386422976501305,0.030938766124172946,0.02044153720359771,0.09281629837251884,0.027990667947895276,0.029393204576371602,0.009995604280705995,4.117493472584856,3.5113235542299868,2.8956268221574346,10.53397066268996,3.4394327048954176,3.4754231758627445,0.4988704561248944,"[""DateTimeFormat"", ""TimeOfDay"", ""TestTimeOfDay_Basics""]","[0.044386422976501305, 0.027988338192419825, 0.02044153720359771]","[4.117493472584856, 2.8956268221574346, 3.5208503679476695]"
org.joda.time.convert.TestReadablePeriodConverter.testSetInto_Object,0.030927835051546393,0.018545557018651748,0.007363770250368188,0.09272778509325874,0.014764467883396968,0.016706511059890013,0.007816861599873746,4.878497790868925,2.479137802717679,0.2540500736377025,12.395689013588395,0.7338741631364061,1.4670416125196377,1.8213795937488506,"[""ReadablePeriodConverter"", ""MutablePeriod"", ""TestReadablePeriodConverter"", ""PeriodType"", ""Period""]","[0.030927835051546393, 0.020618556701030927, 0.019867549668874173, 0.013950073421439061, 0.007363770250368188]","[4.878497790868925, 3.0537555228276876, 3.7277409860191315, 0.48164464023494863, 0.2540500736377025]"
org.joda.time.TestLocalTime_Basics.testSerialization,0.05013550135501355,0.018525626298339638,0.006006006006006006,0.09262813149169818,0.008931205578650932,0.012165240464882456,0.01734433484753522,7.333333333333333,2.435995224533072,0.06927710843373494,12.179976122665359,0.12499831982663688,0.43064044970895676,3.0150539399260734,"[""ByteArrayOutputStream"", ""Arrays"", ""ObjectInputStream"", ""LocalTime"", ""TestLocalTime_Basics"", ""ObjectOutputStream"", ""ByteArrayInputStream""]","[0.05013550135501355, 0.024456521739130436, 0.006024096385542169, 0.006006006006006006, 0.006006006006006006]","[7.333333333333333, 4.618206521739131, 0.06927710843373494, 0.08408408408408409, 0.07507507507507508]"
org.joda.time.TestLocalDateTime_Basics.testToDate_summer,0.058186738836265225,0.030853846389504124,0.006006006006006006,0.09256153916851237,0.01370263164883023,0.021482437288357997,0.021375045146050865,11.043301759133964,5.661872848001313,0.1111111111111111,16.98561854400394,0.3239025944015328,1.9269551059024341,4.464654021354015,"[""LocalDateTime"", ""GregorianCalendar"", ""TestLocalDateTime_Basics""]","[0.058186738836265225, 0.028368794326241134, 0.006006006006006006]","[11.043301759133964, 5.831205673758865, 0.1111111111111111]"
org.joda.time.TestLocalDateTime_Basics.testToDate_winter,0.058186738836265225,0.030853846389504124,0.006006006006006006,0.09256153916851237,0.01370263164883023,0.021482437288357997,0.021375045146050865,11.043301759133964,5.661872848001313,0.1111111111111111,16.98561854400394,0.3239025944015328,1.9269551059024341,4.464654021354015,"[""LocalDateTime"", ""GregorianCalendar"", ""TestLocalDateTime_Basics""]","[0.058186738836265225, 0.028368794326241134, 0.006006006006006006]","[11.043301759133964, 5.831205673758865, 0.1111111111111111]"
org.joda.time.TestSerialization.testSerializedLocalDateTime,0.058186738836265225,0.023110860613990442,0.006006006006006006,0.09244344245596177,0.010122979216325177,0.014699598836703315,0.021308563912966476,11.043301759133964,3.3807466754782354,0.07507507507507508,13.522986701912941,0.15543429423985122,0.6341963346496391,4.517584191822022,"[""StringBuilder"", ""LocalDateTime"", ""ByteArrayOutputStream"", ""ObjectInputStream"", ""TestSerialization"", ""FileInputStream"", ""ObjectOutputStream"", ""ByteArrayInputStream""]","[0.058186738836265225, 0.022244691607684528, 0.006006006006006006, 0.006006006006006006]","[11.043301759133964, 2.320525783619818, 0.08408408408408409, 0.07507507507507508]"
org.joda.time.TestDateTimeComparator.testSerialization1,0.01924198250728863,0.013180289582278949,0.006006006006006006,0.09226202707595264,0.010794950806961145,0.012064965675545788,0.004798939789449847,3.033819241982507,1.452455363465482,0.07507507507507508,10.167187544258374,0.2473580423858799,0.7464752357744664,1.067084478208058,"[""ByteArrayInputStream"", ""ByteArrayOutputStream"", ""DateTimeFieldType"", ""DateTimeField"", ""ObjectInputStream"", ""TestDateTimeComparator"", ""DateTimeComparator"", ""ObjectOutputStream"", ""Chronology""]","[0.01924198250728863, 0.016693163751987282, 0.01574344023323615, 0.014577259475218658, 0.013994169096209912, 0.006006006006006006, 0.006006006006006006]","[2.2746355685131197, 2.1089030206677264, 1.8169096209912536, 3.033819241982507, 0.7737609329446065, 0.08408408408408409, 0.07507507507507508]"
org.joda.time.TestPartial_Constructors.testConstructor_Partial,0.03763440860215054,0.023025754578565937,0.013641133263378805,0.09210301831426375,0.019878871536077352,0.02132565033874241,0.009257625198836265,3.396642182581322,2.7175955128083356,1.9979013641133263,10.870382051233342,2.5540830692141108,2.634685682720278,0.6654346315385874,"[""Partial"", ""YearMonthDay"", ""DateTimeFieldType"", ""TestPartial_Constructors""]","[0.03763440860215054, 0.024134312696747113, 0.016693163751987282, 0.013641133263378805]","[3.3669354838709675, 3.396642182581322, 2.1089030206677264, 1.9979013641133263]"
org.joda.time.TestYearMonthDay_Basics.testEqualsHashCode,0.03763440860215054,0.023020706784793933,0.011494252873563218,0.09208282713917573,0.019257290655298378,0.021077631131560894,0.009502319681424131,3.3669354838709675,2.3106250696256487,0.30493576741041245,9.242500278502595,0.9260513995207452,1.6656560722435703,1.2360043865877886,"[""YearMonthDay"", ""Object"", ""MockPartial"", ""TestYearMonthDay_Basics$MockInstant"", ""TestYearMonthDay_Basics"", ""Chronology""]","[0.03763440860215054, 0.023712183156173343, 0.01924198250728863, 0.011494252873563218]","[3.3669354838709675, 3.295993458708095, 2.2746355685131197, 0.30493576741041245]"
org.joda.time.TestMutableDateTime_Sets.testSetTime_long1,0.04081632653061224,0.030677741406069436,0.016231474947071278,0.09203322421820831,0.02615700521244669,0.028511912034828352,0.010488750186289926,5.746938775510204,3.905811220546289,1.9040225829216655,11.717433661638868,3.174190264088477,3.5435793434928358,1.5729717529623304,"[""TestMutableDateTime_Sets"", ""MutableDateTime"", ""DateTime""]","[0.04081632653061224, 0.03498542274052478, 0.016231474947071278]","[5.746938775510204, 4.066472303206997, 1.9040225829216655]"
org.joda.time.TestMutableDateTime_Sets.testSetTime_RI1,0.04081632653061224,0.030677741406069436,0.016231474947071278,0.09203322421820831,0.02615700521244669,0.028511912034828352,0.010488750186289926,5.746938775510204,3.905811220546289,1.9040225829216655,11.717433661638868,3.174190264088477,3.5435793434928358,1.5729717529623304,"[""TestMutableDateTime_Sets"", ""MutableDateTime"", ""DateTime""]","[0.04081632653061224, 0.03498542274052478, 0.016231474947071278]","[5.746938775510204, 4.066472303206997, 1.9040225829216655]"
org.joda.time.TestMutableDateTime_Sets.testSetTime_RI2,0.04081632653061224,0.030677741406069436,0.016231474947071278,0.09203322421820831,0.02615700521244669,0.028511912034828352,0.010488750186289926,5.746938775510204,3.905811220546289,1.9040225829216655,11.717433661638868,3.174190264088477,3.5435793434928358,1.5729717529623304,"[""TestMutableDateTime_Sets"", ""MutableDateTime"", ""DateTime""]","[0.04081632653061224, 0.03498542274052478, 0.016231474947071278]","[5.746938775510204, 4.066472303206997, 1.9040225829216655]"
org.joda.time.TestMutableDateTime_Sets.testSetDate_RI1,0.04081632653061224,0.030677741406069436,0.016231474947071278,0.09203322421820831,0.02615700521244669,0.028511912034828352,0.010488750186289926,5.746938775510204,3.905811220546289,1.9040225829216655,11.717433661638868,3.174190264088477,3.5435793434928358,1.5729717529623304,"[""TestMutableDateTime_Sets"", ""MutableDateTime"", ""DateTime""]","[0.04081632653061224, 0.03498542274052478, 0.016231474947071278]","[5.746938775510204, 4.066472303206997, 1.9040225829216655]"
org.joda.time.TestMutableDateTime_Sets.testSetDate_long1,0.04081632653061224,0.030677741406069436,0.016231474947071278,0.09203322421820831,0.02615700521244669,0.028511912034828352,0.010488750186289926,5.746938775510204,3.905811220546289,1.9040225829216655,11.717433661638868,3.174190264088477,3.5435793434928358,1.5729717529623304,"[""TestMutableDateTime_Sets"", ""MutableDateTime"", ""DateTime""]","[0.04081632653061224, 0.03498542274052478, 0.016231474947071278]","[5.746938775510204, 4.066472303206997, 1.9040225829216655]"
org.joda.time.TestInterval_Basics.testToString,0.04081632653061224,0.030580284472509604,0.022713687985654513,0.09174085341752881,0.028853454821564165,0.029683323421561707,0.007577910213626435,5.746938775510204,4.159825726192109,1.5499103407053199,12.479477178576326,2.9639682456692893,3.587272730736648,1.8598127835518439,"[""Interval"", ""TestInterval_Basics"", ""DateTime""]","[0.04081632653061224, 0.028210838901262063, 0.022713687985654513]","[5.746938775510204, 5.182628062360802, 1.5499103407053199]"
org.joda.time.TestMutableInterval_Constructors.testConstructor_RI_RD4,0.02516091281451141,0.0183141646942358,0.01574344023323615,0.09157082347117901,0.017746294115622546,0.018009112790479485,0.0035729760318423086,2.3002980625931446,1.5403186176472494,0.7008746355685131,7.701593088236247,1.309661407477176,1.4313511269255323,0.535427584864836,"[""DateTimeField"", ""TestMutableInterval_Constructors"", ""Duration"", ""MutableInterval"", ""ISOChronology""]","[0.02516091281451141, 0.01852958756724447, 0.01639344262295082, 0.01574344023323615, 0.01574344023323615]","[1.6079578700994734, 1.2755528989838614, 2.3002980625931446, 0.7008746355685131, 1.8169096209912536]"
org.joda.time.TestMutableInterval_Constructors.testConstructor_RD_RI4,0.02516091281451141,0.0183141646942358,0.01574344023323615,0.09157082347117901,0.017746294115622546,0.018009112790479485,0.0035729760318423086,2.3002980625931446,1.5403186176472494,0.7008746355685131,7.701593088236247,1.309661407477176,1.4313511269255323,0.535427584864836,"[""DateTimeField"", ""TestMutableInterval_Constructors"", ""Duration"", ""MutableInterval"", ""ISOChronology""]","[0.02516091281451141, 0.01852958756724447, 0.01639344262295082, 0.01574344023323615, 0.01574344023323615]","[1.6079578700994734, 1.2755528989838614, 2.3002980625931446, 0.7008746355685131, 1.8169096209912536]"
org.joda.time.chrono.TestBuddhistChronology.testCalendar,0.04081632653061224,0.022886297376093292,0.01574344023323615,0.09154518950437317,0.019655369241332526,0.021004906499430685,0.01044997359651474,5.746938775510204,2.795481049562682,1.3434402332361517,11.181924198250728,2.0960193883888505,2.376703566279933,1.735540787210114,"[""PrintStream"", ""DateTimeField"", ""TestBuddhistChronology"", ""DateTime"", ""Chronology""]","[0.04081632653061224, 0.01924198250728863, 0.01574344023323615, 0.01574344023323615]","[5.746938775510204, 2.2746355685131197, 1.8169096209912536, 1.3434402332361517]"
org.joda.time.TestMutableInterval_Constructors.testConstructor_long_long2,0.04081632653061224,0.02287069923851092,0.01574344023323615,0.09148279695404368,0.019705767232981848,0.02101925738866737,0.010412053875695047,5.746938775510204,2.505916093163931,0.7008746355685131,10.023664372655723,1.41869407658715,1.8541286956767928,1.9569411753556885,"[""MutableInterval"", ""TestMutableInterval_Constructors"", ""ISOChronology"", ""DateTime""]","[0.04081632653061224, 0.01852958756724447, 0.01639344262295082, 0.01574344023323615]","[5.746938775510204, 1.2755528989838614, 2.3002980625931446, 0.7008746355685131]"
org.joda.time.TestMutableInterval_Constructors.testConstructor_long_long_Chronology2,0.04081632653061224,0.02287069923851092,0.01574344023323615,0.09148279695404368,0.019705767232981848,0.02101925738866737,0.010412053875695047,5.746938775510204,2.505916093163931,0.7008746355685131,10.023664372655723,1.41869407658715,1.8541286956767928,1.9569411753556885,"[""MutableInterval"", ""TestMutableInterval_Constructors"", ""ISOChronology"", ""DateTime""]","[0.04081632653061224, 0.01852958756724447, 0.01639344262295082, 0.01574344023323615]","[5.746938775510204, 1.2755528989838614, 2.3002980625931446, 0.7008746355685131]"
org.joda.time.TestMutableInterval_Constructors.testParse_noFormatter,0.04081632653061224,0.02287069923851092,0.01574344023323615,0.09148279695404368,0.019705767232981848,0.02101925738866737,0.010412053875695047,5.746938775510204,2.505916093163931,0.7008746355685131,10.023664372655723,1.41869407658715,1.8541286956767928,1.9569411753556885,"[""DateTime"", ""MutableInterval"", ""TestMutableInterval_Constructors"", ""ISOChronology""]","[0.04081632653061224, 0.01852958756724447, 0.01639344262295082, 0.01574344023323615]","[5.746938775510204, 1.2755528989838614, 2.3002980625931446, 0.7008746355685131]"
org.joda.time.TestMutableInterval_Constructors.testConstructor_long_long1,0.04081632653061224,0.02287069923851092,0.01574344023323615,0.09148279695404368,0.019705767232981848,0.02101925738866737,0.010412053875695047,5.746938775510204,2.505916093163931,0.7008746355685131,10.023664372655723,1.41869407658715,1.8541286956767928,1.9569411753556885,"[""MutableInterval"", ""TestMutableInterval_Constructors"", ""ISOChronology"", ""DateTime""]","[0.04081632653061224, 0.01852958756724447, 0.01639344262295082, 0.01574344023323615]","[5.746938775510204, 1.2755528989838614, 2.3002980625931446, 0.7008746355685131]"
org.joda.time.TestLocalTime_Basics.testGet_DateTimeFieldType,0.05013550135501355,0.03042839561537709,0.016693163751987282,0.09128518684613127,0.024846861187305468,0.027354339677173295,0.01429090489983155,7.333333333333333,4.6868142919133975,2.1089030206677264,14.060442875740192,3.627227049151369,4.149003441572873,2.133416398263753,"[""DateTimeFieldType"", ""TestLocalTime_Basics"", ""LocalTime""]","[0.05013550135501355, 0.024456521739130436, 0.016693163751987282]","[7.333333333333333, 4.618206521739131, 2.1089030206677264]"
org.joda.time.TestLocalTime_Basics.testWithField_DateTimeFieldType_int_4,0.05013550135501355,0.03042839561537709,0.016693163751987282,0.09128518684613127,0.024846861187305468,0.027354339677173295,0.01429090489983155,7.333333333333333,4.6868142919133975,2.1089030206677264,14.060442875740192,3.627227049151369,4.149003441572873,2.133416398263753,"[""DateTimeFieldType"", ""TestLocalTime_Basics"", ""LocalTime""]","[0.05013550135501355, 0.024456521739130436, 0.016693163751987282]","[7.333333333333333, 4.618206521739131, 2.1089030206677264]"
org.joda.time.TestLocalTime_Basics.testWithField_DateTimeFieldType_int_3,0.05013550135501355,0.03042839561537709,0.016693163751987282,0.09128518684613127,0.024846861187305468,0.027354339677173295,0.01429090489983155,7.333333333333333,4.6868142919133975,2.1089030206677264,14.060442875740192,3.627227049151369,4.149003441572873,2.133416398263753,"[""DateTimeFieldType"", ""TestLocalTime_Basics"", ""LocalTime""]","[0.05013550135501355, 0.024456521739130436, 0.016693163751987282]","[7.333333333333333, 4.618206521739131, 2.1089030206677264]"
org.joda.time.TestLocalTime_Basics.testGetFieldTypes,0.05013550135501355,0.03042839561537709,0.016693163751987282,0.09128518684613127,0.024846861187305468,0.027354339677173295,0.01429090489983155,7.333333333333333,4.6868142919133975,2.1089030206677264,14.060442875740192,3.627227049151369,4.149003441572873,2.133416398263753,"[""DateTimeFieldType"", ""TestLocalTime_Basics"", ""LocalTime""]","[0.05013550135501355, 0.024456521739130436, 0.016693163751987282]","[7.333333333333333, 4.618206521739131, 2.1089030206677264]"
org.joda.time.TestLocalTime_Basics.testProperty,0.05013550135501355,0.03042839561537709,0.016693163751987282,0.09128518684613127,0.024846861187305468,0.027354339677173295,0.01429090489983155,7.333333333333333,4.6868142919133975,2.1089030206677264,14.060442875740192,3.627227049151369,4.149003441572873,2.133416398263753,"[""DateTimeFieldType"", ""TestLocalTime_Basics"", ""LocalTime$Property"", ""LocalTime""]","[0.05013550135501355, 0.024456521739130436, 0.016693163751987282]","[7.333333333333333, 4.618206521739131, 2.1089030206677264]"
org.joda.time.TestLocalTime_Basics.testWithField_DateTimeFieldType_int_1,0.05013550135501355,0.03042839561537709,0.016693163751987282,0.09128518684613127,0.024846861187305468,0.027354339677173295,0.01429090489983155,7.333333333333333,4.6868142919133975,2.1089030206677264,14.060442875740192,3.627227049151369,4.149003441572873,2.133416398263753,"[""DateTimeFieldType"", ""TestLocalTime_Basics"", ""LocalTime""]","[0.05013550135501355, 0.024456521739130436, 0.016693163751987282]","[7.333333333333333, 4.618206521739131, 2.1089030206677264]"
org.joda.time.TestLocalTime_Basics.testGetFieldType_int,0.05013550135501355,0.03042839561537709,0.016693163751987282,0.09128518684613127,0.024846861187305468,0.027354339677173295,0.01429090489983155,7.333333333333333,4.6868142919133975,2.1089030206677264,14.060442875740192,3.627227049151369,4.149003441572873,2.133416398263753,"[""DateTimeFieldType"", ""TestLocalTime_Basics"", ""LocalTime""]","[0.05013550135501355, 0.024456521739130436, 0.016693163751987282]","[7.333333333333333, 4.618206521739131, 2.1089030206677264]"
org.joda.time.TestMutablePeriod_Updates.testAdd_RP4,0.030927835051546393,0.02280943249192675,0.019823788546255508,0.091237729967707,0.022025084123585198,0.022386422010464424,0.00469779579074238,5.674008810572687,4.333500777572108,3.0537555228276876,17.33400311028843,4.094383786824459,4.213218943154243,1.0122594001964984,"[""Period"", ""PeriodType"", ""TestMutablePeriod_Updates"", ""MutablePeriod""]","[0.030927835051546393, 0.020618556701030927, 0.019867549668874173, 0.019823788546255508]","[4.878497790868925, 3.0537555228276876, 3.7277409860191315, 5.674008810572687]"
org.joda.time.TestMutablePeriod_Updates.testAdd_RP3,0.030927835051546393,0.02280943249192675,0.019823788546255508,0.091237729967707,0.022025084123585198,0.022386422010464424,0.00469779579074238,5.674008810572687,4.333500777572108,3.0537555228276876,17.33400311028843,4.094383786824459,4.213218943154243,1.0122594001964984,"[""Period"", ""PeriodType"", ""TestMutablePeriod_Updates"", ""MutablePeriod""]","[0.030927835051546393, 0.020618556701030927, 0.019867549668874173, 0.019823788546255508]","[4.878497790868925, 3.0537555228276876, 3.7277409860191315, 5.674008810572687]"
org.joda.time.TestMutablePeriod_Updates.testAdd_RP2,0.030927835051546393,0.02280943249192675,0.019823788546255508,0.091237729967707,0.022025084123585198,0.022386422010464424,0.00469779579074238,5.674008810572687,4.333500777572108,3.0537555228276876,17.33400311028843,4.094383786824459,4.213218943154243,1.0122594001964984,"[""Period"", ""PeriodType"", ""TestMutablePeriod_Updates"", ""MutablePeriod""]","[0.030927835051546393, 0.020618556701030927, 0.019867549668874173, 0.019823788546255508]","[4.878497790868925, 3.0537555228276876, 3.7277409860191315, 5.674008810572687]"
org.joda.time.TestMutablePeriod_Updates.testAdd_RP5,0.030927835051546393,0.02280943249192675,0.019823788546255508,0.091237729967707,0.022025084123585198,0.022386422010464424,0.00469779579074238,5.674008810572687,4.333500777572108,3.0537555228276876,17.33400311028843,4.094383786824459,4.213218943154243,1.0122594001964984,"[""Period"", ""PeriodType"", ""TestMutablePeriod_Updates"", ""MutablePeriod""]","[0.030927835051546393, 0.020618556701030927, 0.019867549668874173, 0.019823788546255508]","[4.878497790868925, 3.0537555228276876, 3.7277409860191315, 5.674008810572687]"
org.joda.time.TestLocalDateTime_Constructors.testFactory_fromCalendarFields_beforeYearZero3,0.058186738836265225,0.03040659062309942,0.006006006006006006,0.09121977186929826,0.013593972285157279,0.02113826566310631,0.021436313539578058,11.043301759133964,5.240185987568652,0.1111111111111111,15.720557962705957,0.3222495339862185,1.7761053091407293,4.488425591629196,"[""TestLocalDateTime_Constructors"", ""GregorianCalendar"", ""LocalDateTime""]","[0.058186738836265225, 0.02702702702702703, 0.006006006006006006]","[11.043301759133964, 4.566145092460882, 0.1111111111111111]"
org.joda.time.TestLocalDateTime_Constructors.testFactory_fromDateFields_before1970,0.058186738836265225,0.03040659062309942,0.006006006006006006,0.09121977186929826,0.013593972285157279,0.02113826566310631,0.021436313539578058,11.043301759133964,5.240185987568652,0.1111111111111111,15.720557962705957,0.3222495339862185,1.7761053091407293,4.488425591629196,"[""TestLocalDateTime_Constructors"", ""GregorianCalendar"", ""LocalDateTime""]","[0.058186738836265225, 0.02702702702702703, 0.006006006006006006]","[11.043301759133964, 4.566145092460882, 0.1111111111111111]"
org.joda.time.TestLocalDateTime_Constructors.testFactory_fromCalendarFields,0.058186738836265225,0.03040659062309942,0.006006006006006006,0.09121977186929826,0.013593972285157279,0.02113826566310631,0.021436313539578058,11.043301759133964,5.240185987568652,0.1111111111111111,15.720557962705957,0.3222495339862185,1.7761053091407293,4.488425591629196,"[""TestLocalDateTime_Constructors"", ""GregorianCalendar"", ""LocalDateTime""]","[0.058186738836265225, 0.02702702702702703, 0.006006006006006006]","[11.043301759133964, 4.566145092460882, 0.1111111111111111]"
org.joda.time.TestLocalDateTime_Constructors.testFactory_fromDateFields_after1970,0.058186738836265225,0.03040659062309942,0.006006006006006006,0.09121977186929826,0.013593972285157279,0.02113826566310631,0.021436313539578058,11.043301759133964,5.240185987568652,0.1111111111111111,15.720557962705957,0.3222495339862185,1.7761053091407293,4.488425591629196,"[""TestLocalDateTime_Constructors"", ""GregorianCalendar"", ""LocalDateTime""]","[0.058186738836265225, 0.02702702702702703, 0.006006006006006006]","[11.043301759133964, 4.566145092460882, 0.1111111111111111]"
org.joda.time.TestLocalDateTime_Constructors.testFactory_fromDateFields_beforeYearZero1,0.058186738836265225,0.03040659062309942,0.006006006006006006,0.09121977186929826,0.013593972285157279,0.02113826566310631,0.021436313539578058,11.043301759133964,5.240185987568652,0.1111111111111111,15.720557962705957,0.3222495339862185,1.7761053091407293,4.488425591629196,"[""TestLocalDateTime_Constructors"", ""GregorianCalendar"", ""LocalDateTime""]","[0.058186738836265225, 0.02702702702702703, 0.006006006006006006]","[11.043301759133964, 4.566145092460882, 0.1111111111111111]"
org.joda.time.TestLocalDateTime_Constructors.testFactory_fromCalendarFields_beforeYearZero1,0.058186738836265225,0.03040659062309942,0.006006006006006006,0.09121977186929826,0.013593972285157279,0.02113826566310631,0.021436313539578058,11.043301759133964,5.240185987568652,0.1111111111111111,15.720557962705957,0.3222495339862185,1.7761053091407293,4.488425591629196,"[""TestLocalDateTime_Constructors"", ""GregorianCalendar"", ""LocalDateTime""]","[0.058186738836265225, 0.02702702702702703, 0.006006006006006006]","[11.043301759133964, 4.566145092460882, 0.1111111111111111]"
org.joda.time.TestLocalDateTime_Constructors.testFactory_fromDateFields_beforeYearZero3,0.058186738836265225,0.03040659062309942,0.006006006006006006,0.09121977186929826,0.013593972285157279,0.02113826566310631,0.021436313539578058,11.043301759133964,5.240185987568652,0.1111111111111111,15.720557962705957,0.3222495339862185,1.7761053091407293,4.488425591629196,"[""TestLocalDateTime_Constructors"", ""GregorianCalendar"", ""LocalDateTime""]","[0.058186738836265225, 0.02702702702702703, 0.006006006006006006]","[11.043301759133964, 4.566145092460882, 0.1111111111111111]"
org.joda.time.format.TestPeriodFormatterBuilder.testFormatAppend_PrinterParser_null_Parser,0.030927835051546393,0.022791158837104124,0.008836524300441826,0.0911646353484165,0.017646060743170634,0.020395649312786448,0.00911755555717733,5.75699558173785,3.894860726172115,1.0589101620029455,15.57944290468846,2.530928465208147,3.278567559010352,1.766196489409171,"[""Period"", ""PeriodFormatterBuilder"", ""PeriodFormatter"", ""TestPeriodFormatterBuilder""]","[0.030927835051546393, 0.030927835051546393, 0.02047244094488189, 0.008836524300441826]","[4.878497790868925, 5.75699558173785, 3.88503937007874, 1.0589101620029455]"
org.joda.time.format.TestPeriodFormatterBuilder.testFormatAppend_PrinterParser_PrinterParser,0.030927835051546393,0.022791158837104124,0.008836524300441826,0.0911646353484165,0.017646060743170634,0.020395649312786448,0.00911755555717733,5.75699558173785,3.894860726172115,1.0589101620029455,15.57944290468846,2.530928465208147,3.278567559010352,1.766196489409171,"[""Period"", ""PeriodFormatterBuilder"", ""PeriodFormatter"", ""TestPeriodFormatterBuilder""]","[0.030927835051546393, 0.030927835051546393, 0.02047244094488189, 0.008836524300441826]","[4.878497790868925, 5.75699558173785, 3.88503937007874, 1.0589101620029455]"
org.joda.time.TestDateTime_Basics.testToString_DTFormatter,0.03319502074688797,0.03038537032763484,0.027988338192419825,0.09115611098290452,0.030236509057590625,0.03031043897258421,0.0021455498428130477,4.435967302452316,3.7267139474840243,2.8956268221574346,11.180141842452073,3.611774590583531,3.670083407530005,0.6347150539197652,"[""DateMidnight"", ""TestDateTime_Basics"", ""DateTimeFormat""]","[0.03319502074688797, 0.02997275204359673, 0.027988338192419825]","[3.8485477178423237, 4.435967302452316, 2.8956268221574346]"
org.joda.time.TestYearMonth_Basics.testMinus_RP,0.030927835051546393,0.022771803272118862,0.013333333333333334,0.09108721308847545,0.020141908903639278,0.021447501220293652,0.007525424526643956,5.344,3.707674982216745,1.114868804664723,14.83069992886698,2.5391457727141256,3.1743447268543155,1.644458256530212,"[""BuddhistChronology"", ""TestYearMonth_Basics"", ""YearMonth"", ""Period""]","[0.030927835051546393, 0.029333333333333333, 0.01749271137026239, 0.013333333333333334]","[4.878497790868925, 5.344, 1.114868804664723, 3.493333333333333]"
org.joda.time.TestYearMonth_Basics.testPlus_RP,0.030927835051546393,0.022771803272118862,0.013333333333333334,0.09108721308847545,0.020141908903639278,0.021447501220293652,0.007525424526643956,5.344,3.707674982216745,1.114868804664723,14.83069992886698,2.5391457727141256,3.1743447268543155,1.644458256530212,"[""BuddhistChronology"", ""TestYearMonth_Basics"", ""YearMonth"", ""Period""]","[0.030927835051546393, 0.029333333333333333, 0.01749271137026239, 0.013333333333333334]","[4.878497790868925, 5.344, 1.114868804664723, 3.493333333333333]"
org.joda.time.TestMutablePeriod_Constructors.testConstructor_Object_PeriodType3,0.030927835051546393,0.022625878894276235,0.01908957415565345,0.09050351557710494,0.021792274917929736,0.02217619758507669,0.004823526970610928,4.878497790868925,3.8373554031227686,3.0537555228276876,15.349421612491074,3.7322118324645417,3.7833913478414503,0.6580091724875581,"[""PeriodType"", ""MutablePeriod"", ""Period"", ""TestMutablePeriod_Constructors""]","[0.030927835051546393, 0.020618556701030927, 0.019867549668874173, 0.01908957415565345]","[4.878497790868925, 3.0537555228276876, 3.7277409860191315, 3.6894273127753303]"
org.joda.time.TestMutablePeriod_Constructors.testConstructor_Object_PeriodType4,0.030927835051546393,0.022625878894276235,0.01908957415565345,0.09050351557710494,0.021792274917929736,0.02217619758507669,0.004823526970610928,4.878497790868925,3.8373554031227686,3.0537555228276876,15.349421612491074,3.7322118324645417,3.7833913478414503,0.6580091724875581,"[""PeriodType"", ""MutablePeriod"", ""Period"", ""TestMutablePeriod_Constructors""]","[0.030927835051546393, 0.020618556701030927, 0.019867549668874173, 0.01908957415565345]","[4.878497790868925, 3.0537555228276876, 3.7277409860191315, 3.6894273127753303]"
org.joda.time.TestMutablePeriod_Constructors.testConstructor_Object3,0.030927835051546393,0.022625878894276235,0.01908957415565345,0.09050351557710494,0.021792274917929736,0.02217619758507669,0.004823526970610928,4.878497790868925,3.8373554031227686,3.0537555228276876,15.349421612491074,3.7322118324645417,3.7833913478414503,0.6580091724875581,"[""PeriodType"", ""MutablePeriod"", ""Period"", ""TestMutablePeriod_Constructors""]","[0.030927835051546393, 0.020618556701030927, 0.019867549668874173, 0.01908957415565345]","[4.878497790868925, 3.0537555228276876, 3.7277409860191315, 3.6894273127753303]"
org.joda.time.TestMutablePeriod_Constructors.testConstructor_Object4,0.030927835051546393,0.022625878894276235,0.01908957415565345,0.09050351557710494,0.021792274917929736,0.02217619758507669,0.004823526970610928,4.878497790868925,3.8373554031227686,3.0537555228276876,15.349421612491074,3.7322118324645417,3.7833913478414503,0.6580091724875581,"[""PeriodType"", ""MutablePeriod"", ""Period"", ""TestMutablePeriod_Constructors""]","[0.030927835051546393, 0.020618556701030927, 0.019867549668874173, 0.01908957415565345]","[4.878497790868925, 3.0537555228276876, 3.7277409860191315, 3.6894273127753303]"
org.joda.time.TestLocalTime_Basics.testIsAfter_LocalTime,0.05013550135501355,0.030111821109126715,0.01574344023323615,0.09033546332738014,0.024124801777362773,0.02682542209479824,0.014598864688146779,7.333333333333333,4.194536608639315,0.632069970845481,12.583609825917947,1.5503866096326229,2.776599949281979,2.752133089054743,"[""TestLocalTime_Basics"", ""LocalTime"", ""GregorianChronology""]","[0.05013550135501355, 0.024456521739130436, 0.01574344023323615]","[7.333333333333333, 4.618206521739131, 0.632069970845481]"
org.joda.time.TestLocalTime_Basics.testIsBefore_LocalTime,0.05013550135501355,0.030111821109126715,0.01574344023323615,0.09033546332738014,0.024124801777362773,0.02682542209479824,0.014598864688146779,7.333333333333333,4.194536608639315,0.632069970845481,12.583609825917947,1.5503866096326229,2.776599949281979,2.752133089054743,"[""TestLocalTime_Basics"", ""LocalTime"", ""GregorianChronology""]","[0.05013550135501355, 0.024456521739130436, 0.01574344023323615]","[7.333333333333333, 4.618206521739131, 0.632069970845481]"
org.joda.time.TestLocalTime_Basics.testIsEqual_LocalTime,0.05013550135501355,0.030111821109126715,0.01574344023323615,0.09033546332738014,0.024124801777362773,0.02682542209479824,0.014598864688146779,7.333333333333333,4.194536608639315,0.632069970845481,12.583609825917947,1.5503866096326229,2.776599949281979,2.752133089054743,"[""TestLocalTime_Basics"", ""LocalTime"", ""GregorianChronology""]","[0.05013550135501355, 0.024456521739130436, 0.01574344023323615]","[7.333333333333333, 4.618206521739131, 0.632069970845481]"
org.joda.time.TestDateTimeUtils.testGetZone_Zone,0.037317784256559766,0.030036043721517913,0.02564102564102564,0.09010813116455374,0.029231159604161377,0.02961670501523057,0.005185656360806746,3.358600583090379,2.263629627675246,1.4899806076276665,6.790888883025738,2.0219118423615683,2.1341208152550366,0.7959778023646262,"[""DateTimeZone"", ""TestDateTimeUtils"", ""DateTimeUtils""]","[0.037317784256559766, 0.027149321266968326, 0.02564102564102564]","[3.358600583090379, 1.4899806076276665, 1.9423076923076923]"
org.joda.time.TestSerialization.testSerializedUnsupportedDateTimeField,0.022244691607684528,0.012857093736388393,0.006006006006006006,0.08999965615471875,0.010323731066035836,0.011570628831337236,0.0055759830037453405,2.320525783619818,1.1311113487272872,0.07507507507507508,7.91777944109101,0.24122534063001957,0.6271405080060459,0.8287470638922518,"[""UnsupportedDateTimeField"", ""StringBuilder"", ""UnsupportedDurationField"", ""ByteArrayOutputStream"", ""DateTimeFieldType"", ""ObjectInputStream"", ""TestSerialization"", ""DurationFieldType"", ""FileInputStream"", ""ObjectOutputStream"", ""ByteArrayInputStream""]","[0.022244691607684528, 0.016693163751987282, 0.016383850204798128, 0.012718600953895072, 0.00994733762434172, 0.006006006006006006, 0.006006006006006006]","[2.320525783619818, 2.1089030206677264, 1.406085430076068, 1.1764705882352942, 0.7466354593329433, 0.08408408408408409, 0.07507507507507508]"
org.joda.time.chrono.TestGJChronology.testIllegalDates,0.04081632653061224,0.029931972789115645,0.0239067055393586,0.08979591836734693,0.0282451329347649,0.02903037592626326,0.007711111535423662,5.746938775510204,3.696015549076774,2.4448979591836735,11.088046647230321,3.2317154619204067,3.4396093013645412,1.4618789690789173,"[""TestGJChronology"", ""GJChronology"", ""DateTime""]","[0.04081632653061224, 0.02507288629737609, 0.0239067055393586]","[5.746938775510204, 2.896209912536443, 2.4448979591836735]"
org.joda.time.chrono.TestGJChronology.testParseEquivalence,0.04081632653061224,0.029931972789115645,0.0239067055393586,0.08979591836734693,0.0282451329347649,0.02903037592626326,0.007711111535423662,5.746938775510204,3.696015549076774,2.4448979591836735,11.088046647230321,3.2317154619204067,3.4396093013645412,1.4618789690789173,"[""TestGJChronology"", ""GJChronology"", ""DateTime""]","[0.04081632653061224, 0.02507288629737609, 0.0239067055393586]","[5.746938775510204, 2.896209912536443, 2.4448979591836735]"
org.joda.time.TestDateMidnight_Basics.testWithDurationAdded_RP_int,0.03319502074688797,0.029909464043538097,0.02560553633217993,0.08972839213061429,0.029553043497553888,0.02973391625752349,0.0031809723935444564,4.878497790868925,4.106247003480451,3.5916955017301038,12.318741010441354,4.0363842608021026,4.070310120006036,0.5560406005542092,"[""TestDateMidnight_Basics"", ""DateMidnight"", ""Period""]","[0.03319502074688797, 0.030927835051546393, 0.02560553633217993]","[3.8485477178423237, 4.878497790868925, 3.5916955017301038]"
org.joda.time.TestDateMidnight_Basics.testMinus_RP,0.03319502074688797,0.029909464043538097,0.02560553633217993,0.08972839213061429,0.029553043497553888,0.02973391625752349,0.0031809723935444564,4.878497790868925,4.106247003480451,3.5916955017301038,12.318741010441354,4.0363842608021026,4.070310120006036,0.5560406005542092,"[""TestDateMidnight_Basics"", ""DateMidnight"", ""Period""]","[0.03319502074688797, 0.030927835051546393, 0.02560553633217993]","[3.8485477178423237, 4.878497790868925, 3.5916955017301038]"
org.joda.time.TestDateMidnight_Basics.testPlus_RP,0.03319502074688797,0.029909464043538097,0.02560553633217993,0.08972839213061429,0.029553043497553888,0.02973391625752349,0.0031809723935444564,4.878497790868925,4.106247003480451,3.5916955017301038,12.318741010441354,4.0363842608021026,4.070310120006036,0.5560406005542092,"[""TestDateMidnight_Basics"", ""DateMidnight"", ""Period""]","[0.03319502074688797, 0.030927835051546393, 0.02560553633217993]","[3.8485477178423237, 4.878497790868925, 3.5916955017301038]"
org.joda.time.tz.TestCompiler.test_Amman_2003,0.04081632653061224,0.029846984964545294,0.011406844106463879,0.08954095489363588,0.021588396237022602,0.025900317652750266,0.013117140076003503,5.746938775510204,3.2813775048313727,0.7385931558935361,9.844132514494119,1.6432286651257104,2.4247487055545127,2.045377555081248,"[""DateTimeZone"", ""TestCompiler"", ""DateTime""]","[0.04081632653061224, 0.037317784256559766, 0.011406844106463879]","[5.746938775510204, 3.358600583090379, 0.7385931558935361]"
org.joda.time.tz.TestCompiler.test_Amman_2004,0.04081632653061224,0.029846984964545294,0.011406844106463879,0.08954095489363588,0.021588396237022602,0.025900317652750266,0.013117140076003503,5.746938775510204,3.2813775048313727,0.7385931558935361,9.844132514494119,1.6432286651257104,2.4247487055545127,2.045377555081248,"[""DateTimeZone"", ""TestCompiler"", ""DateTime""]","[0.04081632653061224, 0.037317784256559766, 0.011406844106463879]","[5.746938775510204, 3.358600583090379, 0.7385931558935361]"
org.joda.time.tz.TestCompiler.test_Amman_2006,0.04081632653061224,0.029846984964545294,0.011406844106463879,0.08954095489363588,0.021588396237022602,0.025900317652750266,0.013117140076003503,5.746938775510204,3.2813775048313727,0.7385931558935361,9.844132514494119,1.6432286651257104,2.4247487055545127,2.045377555081248,"[""DateTimeZone"", ""TestCompiler"", ""DateTime""]","[0.04081632653061224, 0.037317784256559766, 0.011406844106463879]","[5.746938775510204, 3.358600583090379, 0.7385931558935361]"
org.joda.time.tz.TestCompiler.test_Amman_2005,0.04081632653061224,0.029846984964545294,0.011406844106463879,0.08954095489363588,0.021588396237022602,0.025900317652750266,0.013117140076003503,5.746938775510204,3.2813775048313727,0.7385931558935361,9.844132514494119,1.6432286651257104,2.4247487055545127,2.045377555081248,"[""DateTimeZone"", ""TestCompiler"", ""DateTime""]","[0.04081632653061224, 0.037317784256559766, 0.011406844106463879]","[5.746938775510204, 3.358600583090379, 0.7385931558935361]"
org.joda.time.TestDateTime_Basics.testToInstant,0.04081632653061224,0.02981599023416295,0.018658892128279883,0.08944797070248885,0.026916116534549995,0.028367134215645677,0.009046413857512382,5.746938775510204,3.715390461361656,0.963265306122449,11.146171384084969,2.0868530857321455,2.906633503149242,2.018300638882162,"[""Instant"", ""TestDateTime_Basics"", ""DateTime""]","[0.04081632653061224, 0.02997275204359673, 0.018658892128279883]","[5.746938775510204, 4.435967302452316, 0.963265306122449]"
org.joda.time.TestYearMonthDay_Basics.testToString_DTFormatter,0.03763440860215054,0.029778309983581237,0.023712183156173343,0.08933492995074371,0.02871555081852876,0.029231061268259247,0.005822948256797921,3.3669354838709675,3.1861852549121656,2.8956268221574346,9.558555764736496,3.1720755261435887,3.179224834033845,0.20748709978729857,"[""YearMonthDay"", ""TestYearMonthDay_Basics"", ""DateTimeFormat""]","[0.03763440860215054, 0.027988338192419825, 0.023712183156173343]","[3.3669354838709675, 2.8956268221574346, 3.295993458708095]"
org.joda.time.TestPeriod_Basics.testWithField3,0.030927835051546393,0.022302872336346896,0.012718600953895072,0.08921148934538758,0.01997942594827945,0.021169277041595654,0.0067768458401469885,6.045521292217328,3.95705766433517,1.1764705882352942,15.82823065734068,2.686995000021548,3.3723812629967167,1.8024277279894474,"[""Period"", ""PeriodType"", ""TestPeriod_Basics"", ""DurationFieldType""]","[0.030927835051546393, 0.02569750367107195, 0.019867549668874173, 0.012718600953895072]","[4.878497790868925, 6.045521292217328, 3.7277409860191315, 1.1764705882352942]"
org.joda.time.TestPeriod_Basics.testIndexOf,0.030927835051546393,0.022302872336346896,0.012718600953895072,0.08921148934538758,0.01997942594827945,0.021169277041595654,0.0067768458401469885,6.045521292217328,3.95705766433517,1.1764705882352942,15.82823065734068,2.686995000021548,3.3723812629967167,1.8024277279894474,"[""Period"", ""PeriodType"", ""TestPeriod_Basics"", ""DurationFieldType""]","[0.030927835051546393, 0.02569750367107195, 0.019867549668874173, 0.012718600953895072]","[4.878497790868925, 6.045521292217328, 3.7277409860191315, 1.1764705882352942]"
org.joda.time.TestPeriod_Basics.testWithFieldAdded3,0.030927835051546393,0.022302872336346896,0.012718600953895072,0.08921148934538758,0.01997942594827945,0.021169277041595654,0.0067768458401469885,6.045521292217328,3.95705766433517,1.1764705882352942,15.82823065734068,2.686995000021548,3.3723812629967167,1.8024277279894474,"[""Period"", ""PeriodType"", ""TestPeriod_Basics"", ""DurationFieldType""]","[0.030927835051546393, 0.02569750367107195, 0.019867549668874173, 0.012718600953895072]","[4.878497790868925, 6.045521292217328, 3.7277409860191315, 1.1764705882352942]"
org.joda.time.TestPeriod_Basics.testWithField4,0.030927835051546393,0.022302872336346896,0.012718600953895072,0.08921148934538758,0.01997942594827945,0.021169277041595654,0.0067768458401469885,6.045521292217328,3.95705766433517,1.1764705882352942,15.82823065734068,2.686995000021548,3.3723812629967167,1.8024277279894474,"[""Period"", ""PeriodType"", ""TestPeriod_Basics"", ""DurationFieldType""]","[0.030927835051546393, 0.02569750367107195, 0.019867549668874173, 0.012718600953895072]","[4.878497790868925, 6.045521292217328, 3.7277409860191315, 1.1764705882352942]"
org.joda.time.TestPeriod_Basics.testNormalizedStandard_periodType_monthsWeeks,0.030927835051546393,0.022302872336346896,0.012718600953895072,0.08921148934538758,0.01997942594827945,0.021169277041595654,0.0067768458401469885,6.045521292217328,3.95705766433517,1.1764705882352942,15.82823065734068,2.686995000021548,3.3723812629967167,1.8024277279894474,"[""Period"", ""PeriodType"", ""TestPeriod_Basics"", ""DurationFieldType""]","[0.030927835051546393, 0.02569750367107195, 0.019867549668874173, 0.012718600953895072]","[4.878497790868925, 6.045521292217328, 3.7277409860191315, 1.1764705882352942]"
org.joda.time.TestPeriod_Basics.testGet,0.030927835051546393,0.022302872336346896,0.012718600953895072,0.08921148934538758,0.01997942594827945,0.021169277041595654,0.0067768458401469885,6.045521292217328,3.95705766433517,1.1764705882352942,15.82823065734068,2.686995000021548,3.3723812629967167,1.8024277279894474,"[""Period"", ""PeriodType"", ""TestPeriod_Basics"", ""DurationFieldType""]","[0.030927835051546393, 0.02569750367107195, 0.019867549668874173, 0.012718600953895072]","[4.878497790868925, 6.045521292217328, 3.7277409860191315, 1.1764705882352942]"
org.joda.time.TestPeriod_Basics.testWithFieldAdded4,0.030927835051546393,0.022302872336346896,0.012718600953895072,0.08921148934538758,0.01997942594827945,0.021169277041595654,0.0067768458401469885,6.045521292217328,3.95705766433517,1.1764705882352942,15.82823065734068,2.686995000021548,3.3723812629967167,1.8024277279894474,"[""Period"", ""PeriodType"", ""TestPeriod_Basics"", ""DurationFieldType""]","[0.030927835051546393, 0.02569750367107195, 0.019867549668874173, 0.012718600953895072]","[4.878497790868925, 6.045521292217328, 3.7277409860191315, 1.1764705882352942]"
org.joda.time.TestPeriod_Basics.testIsSupported,0.030927835051546393,0.022302872336346896,0.012718600953895072,0.08921148934538758,0.01997942594827945,0.021169277041595654,0.0067768458401469885,6.045521292217328,3.95705766433517,1.1764705882352942,15.82823065734068,2.686995000021548,3.3723812629967167,1.8024277279894474,"[""Period"", ""PeriodType"", ""TestPeriod_Basics"", ""DurationFieldType""]","[0.030927835051546393, 0.02569750367107195, 0.019867549668874173, 0.012718600953895072]","[4.878497790868925, 6.045521292217328, 3.7277409860191315, 1.1764705882352942]"
org.joda.time.convert.TestStringConverter.testGetInstantMillis_Object,0.04081632653061224,0.029703345984837457,0.02399063779988297,0.08911003795451237,0.027951182344370325,0.028763758740223314,0.007859099036324169,5.746938775510204,2.9180464794531087,0.8513750731421884,8.754139438359326,1.6552312761010892,2.193092962376537,2.070003462889196,"[""TestStringConverter"", ""StringConverter"", ""DateTime""]","[0.04081632653061224, 0.024303073624017155, 0.02399063779988297]","[5.746938775510204, 2.1558255897069336, 0.8513750731421884]"
org.joda.time.convert.TestStringConverter.testGetInstantMillis_Object_Zone,0.04081632653061224,0.029703345984837457,0.02399063779988297,0.08911003795451237,0.027951182344370325,0.028763758740223314,0.007859099036324169,5.746938775510204,2.9180464794531087,0.8513750731421884,8.754139438359326,1.6552312761010892,2.193092962376537,2.070003462889196,"[""TestStringConverter"", ""StringConverter"", ""DateTime""]","[0.04081632653061224, 0.024303073624017155, 0.02399063779988297]","[5.746938775510204, 2.1558255897069336, 0.8513750731421884]"
org.joda.time.chrono.TestLenientChronology.test_setYear,0.04081632653061224,0.022275706429313636,0.008777062609713282,0.08910282571725454,0.016391509571637552,0.019134172918491663,0.0119463325375869,5.746938775510204,2.1186187856912055,0.5330602691632533,8.474475142764822,0.9647207659512945,1.3382029704006324,2.125990762404796,"[""LenientChronology"", ""TestLenientChronology"", ""DateTime"", ""ISOChronology""]","[0.04081632653061224, 0.02376599634369287, 0.01574344023323615, 0.008777062609713282]","[5.746938775510204, 1.493601462522852, 0.7008746355685131, 0.5330602691632533]"
org.joda.time.chrono.TestLenientChronology.test_setDayOfMonth,0.04081632653061224,0.022275706429313636,0.008777062609713282,0.08910282571725454,0.016391509571637552,0.019134172918491663,0.0119463325375869,5.746938775510204,2.1186187856912055,0.5330602691632533,8.474475142764822,0.9647207659512945,1.3382029704006324,2.125990762404796,"[""LenientChronology"", ""TestLenientChronology"", ""DateTime"", ""ISOChronology""]","[0.04081632653061224, 0.02376599634369287, 0.01574344023323615, 0.008777062609713282]","[5.746938775510204, 1.493601462522852, 0.7008746355685131, 0.5330602691632533]"
org.joda.time.chrono.TestLenientChronology.test_setHourOfDay,0.04081632653061224,0.022275706429313636,0.008777062609713282,0.08910282571725454,0.016391509571637552,0.019134172918491663,0.0119463325375869,5.746938775510204,2.1186187856912055,0.5330602691632533,8.474475142764822,0.9647207659512945,1.3382029704006324,2.125990762404796,"[""LenientChronology"", ""TestLenientChronology"", ""DateTime"", ""ISOChronology""]","[0.04081632653061224, 0.02376599634369287, 0.01574344023323615, 0.008777062609713282]","[5.746938775510204, 1.493601462522852, 0.7008746355685131, 0.5330602691632533]"
org.joda.time.chrono.TestLenientChronology.test_setMonthOfYear,0.04081632653061224,0.022275706429313636,0.008777062609713282,0.08910282571725454,0.016391509571637552,0.019134172918491663,0.0119463325375869,5.746938775510204,2.1186187856912055,0.5330602691632533,8.474475142764822,0.9647207659512945,1.3382029704006324,2.125990762404796,"[""LenientChronology"", ""TestLenientChronology"", ""DateTime"", ""ISOChronology""]","[0.04081632653061224, 0.02376599634369287, 0.01574344023323615, 0.008777062609713282]","[5.746938775510204, 1.493601462522852, 0.7008746355685131, 0.5330602691632533]"
org.joda.time.chrono.TestLenientChronology.test_lenientChrononolgy_Turk,0.04081632653061224,0.022275706429313636,0.008777062609713282,0.08910282571725454,0.016391509571637552,0.019134172918491663,0.0119463325375869,5.746938775510204,2.1186187856912055,0.5330602691632533,8.474475142764822,0.9647207659512945,1.3382029704006324,2.125990762404796,"[""LenientChronology"", ""TestLenientChronology"", ""DateTime"", ""ISOChronology""]","[0.04081632653061224, 0.02376599634369287, 0.01574344023323615, 0.008777062609713282]","[5.746938775510204, 1.493601462522852, 0.7008746355685131, 0.5330602691632533]"
org.joda.time.chrono.TestEthiopicChronology.testDurationMonth,0.04081632653061224,0.02226899211848079,0.00994733762434172,0.08907596847392316,0.017434009428854588,0.01964658868130226,0.011349240747581181,5.746938775510204,2.9809021988254334,0.689877121123464,11.923608795301734,1.6845741795342577,2.3199532685161706,1.833851530186963,"[""TestEthiopicChronology"", ""DurationField"", ""DateTime$Property"", ""DateTime"", ""Chronology""]","[0.04081632653061224, 0.01924198250728863, 0.01907032181168057, 0.00994733762434172]","[5.746938775510204, 2.2746355685131197, 3.2121573301549464, 0.689877121123464]"
org.joda.time.chrono.TestEthiopicChronology.testDurationYear,0.04081632653061224,0.02226899211848079,0.00994733762434172,0.08907596847392316,0.017434009428854588,0.01964658868130226,0.011349240747581181,5.746938775510204,2.9809021988254334,0.689877121123464,11.923608795301734,1.6845741795342577,2.3199532685161706,1.833851530186963,"[""TestEthiopicChronology"", ""DurationField"", ""DateTime$Property"", ""DateTime"", ""Chronology""]","[0.04081632653061224, 0.01924198250728863, 0.01907032181168057, 0.00994733762434172]","[5.746938775510204, 2.2746355685131197, 3.2121573301549464, 0.689877121123464]"
org.joda.time.chrono.TestISOChronology.testMaxYear,0.04081632653061224,0.022233020192203863,0.01574344023323615,0.08893208076881545,0.018897036601078467,0.020252283955278373,0.010735164503361132,5.746938775510204,2.504011445848181,0.7008746355685131,10.016045783392723,1.4694124593575089,1.8921000926911808,1.9239626562541767,"[""TestISOChronology"", ""StringBuilder"", ""DateTimeField"", ""DateTime$Property"", ""ISOChronology"", ""DateTime""]","[0.04081632653061224, 0.016628873771730914, 0.01574344023323615, 0.01574344023323615]","[5.746938775510204, 1.7513227513227514, 0.7008746355685131, 1.8169096209912536]"
org.joda.time.chrono.TestISOChronology.testMinYear,0.04081632653061224,0.022233020192203863,0.01574344023323615,0.08893208076881545,0.018897036601078467,0.020252283955278373,0.010735164503361132,5.746938775510204,2.504011445848181,0.7008746355685131,10.016045783392723,1.4694124593575089,1.8921000926911808,1.9239626562541767,"[""TestISOChronology"", ""StringBuilder"", ""DateTimeField"", ""DateTime$Property"", ""ISOChronology"", ""DateTime""]","[0.04081632653061224, 0.016628873771730914, 0.01574344023323615, 0.01574344023323615]","[5.746938775510204, 1.7513227513227514, 0.7008746355685131, 1.8169096209912536]"
org.joda.time.convert.TestStringConverter.testSetIntoPeriod_Object7,0.024303073624017155,0.022194954448451307,0.019867549668874173,0.08877981779380523,0.022018754376635478,0.022106825916714232,0.001972972885208247,3.7277409860191315,2.4471742929239855,0.8513750731421884,9.788697171695942,1.79038648913744,2.1379799932664256,1.0769460363289538,"[""StringConverter"", ""PeriodType"", ""MutablePeriod"", ""TestStringConverter""]","[0.024303073624017155, 0.02399063779988297, 0.020618556701030927, 0.019867549668874173]","[2.1558255897069336, 0.8513750731421884, 3.0537555228276876, 3.7277409860191315]"
org.joda.time.convert.TestStringConverter.testSetIntoPeriod_Object4,0.024303073624017155,0.022194954448451307,0.019867549668874173,0.08877981779380523,0.022018754376635478,0.022106825916714232,0.001972972885208247,3.7277409860191315,2.4471742929239855,0.8513750731421884,9.788697171695942,1.79038648913744,2.1379799932664256,1.0769460363289538,"[""StringConverter"", ""PeriodType"", ""MutablePeriod"", ""TestStringConverter""]","[0.024303073624017155, 0.02399063779988297, 0.020618556701030927, 0.019867549668874173]","[2.1558255897069336, 0.8513750731421884, 3.0537555228276876, 3.7277409860191315]"
org.joda.time.convert.TestStringConverter.testSetIntoPeriod_Object6,0.024303073624017155,0.022194954448451307,0.019867549668874173,0.08877981779380523,0.022018754376635478,0.022106825916714232,0.001972972885208247,3.7277409860191315,2.4471742929239855,0.8513750731421884,9.788697171695942,1.79038648913744,2.1379799932664256,1.0769460363289538,"[""StringConverter"", ""PeriodType"", ""MutablePeriod"", ""TestStringConverter""]","[0.024303073624017155, 0.02399063779988297, 0.020618556701030927, 0.019867549668874173]","[2.1558255897069336, 0.8513750731421884, 3.0537555228276876, 3.7277409860191315]"
org.joda.time.convert.TestStringConverter.testSetIntoPeriod_Object1,0.024303073624017155,0.022194954448451307,0.019867549668874173,0.08877981779380523,0.022018754376635478,0.022106825916714232,0.001972972885208247,3.7277409860191315,2.4471742929239855,0.8513750731421884,9.788697171695942,1.79038648913744,2.1379799932664256,1.0769460363289538,"[""StringConverter"", ""PeriodType"", ""MutablePeriod"", ""TestStringConverter""]","[0.024303073624017155, 0.02399063779988297, 0.020618556701030927, 0.019867549668874173]","[2.1558255897069336, 0.8513750731421884, 3.0537555228276876, 3.7277409860191315]"
org.joda.time.convert.TestStringConverter.testSetIntoPeriod_Object2,0.024303073624017155,0.022194954448451307,0.019867549668874173,0.08877981779380523,0.022018754376635478,0.022106825916714232,0.001972972885208247,3.7277409860191315,2.4471742929239855,0.8513750731421884,9.788697171695942,1.79038648913744,2.1379799932664256,1.0769460363289538,"[""StringConverter"", ""PeriodType"", ""MutablePeriod"", ""TestStringConverter""]","[0.024303073624017155, 0.02399063779988297, 0.020618556701030927, 0.019867549668874173]","[2.1558255897069336, 0.8513750731421884, 3.0537555228276876, 3.7277409860191315]"
org.joda.time.convert.TestStringConverter.testSetIntoPeriod_Object5,0.024303073624017155,0.022194954448451307,0.019867549668874173,0.08877981779380523,0.022018754376635478,0.022106825916714232,0.001972972885208247,3.7277409860191315,2.4471742929239855,0.8513750731421884,9.788697171695942,1.79038648913744,2.1379799932664256,1.0769460363289538,"[""StringConverter"", ""PeriodType"", ""MutablePeriod"", ""TestStringConverter""]","[0.024303073624017155, 0.02399063779988297, 0.020618556701030927, 0.019867549668874173]","[2.1558255897069336, 0.8513750731421884, 3.0537555228276876, 3.7277409860191315]"
org.joda.time.convert.TestStringConverter.testSetIntoPeriod_Object3,0.024303073624017155,0.022194954448451307,0.019867549668874173,0.08877981779380523,0.022018754376635478,0.022106825916714232,0.001972972885208247,3.7277409860191315,2.4471742929239855,0.8513750731421884,9.788697171695942,1.79038648913744,2.1379799932664256,1.0769460363289538,"[""StringConverter"", ""PeriodType"", ""MutablePeriod"", ""TestStringConverter""]","[0.024303073624017155, 0.02399063779988297, 0.020618556701030927, 0.019867549668874173]","[2.1558255897069336, 0.8513750731421884, 3.0537555228276876, 3.7277409860191315]"
org.joda.time.TestLocalDate_Properties.testPropertyAddWrapFieldToCopyYear,0.06765899864682003,0.04436320718857855,0.021067415730337078,0.0887264143771571,0.03213023455071222,0.03775447327656513,0.023295791458241476,9.71853856562923,6.563623215398884,3.408707865168539,13.127246430797769,5.047160350229046,5.755663197808237,3.154915350230345,"[""LocalDate$Property"", ""TestLocalDate_Properties"", ""LocalDate""]","[0.06765899864682003, 0.021067415730337078]","[9.71853856562923, 3.408707865168539]"
org.joda.time.TestLocalDate_Properties.testPropertyAddWrapFieldToCopyDay,0.06765899864682003,0.04436320718857855,0.021067415730337078,0.0887264143771571,0.03213023455071222,0.03775447327656513,0.023295791458241476,9.71853856562923,6.563623215398884,3.408707865168539,13.127246430797769,5.047160350229046,5.755663197808237,3.154915350230345,"[""LocalDate$Property"", ""TestLocalDate_Properties"", ""LocalDate""]","[0.06765899864682003, 0.021067415730337078]","[9.71853856562923, 3.408707865168539]"
org.joda.time.TestLocalDate_Properties.testPropertyGetMaxMinValuesDay,0.06765899864682003,0.04436320718857855,0.021067415730337078,0.0887264143771571,0.03213023455071222,0.03775447327656513,0.023295791458241476,9.71853856562923,6.563623215398884,3.408707865168539,13.127246430797769,5.047160350229046,5.755663197808237,3.154915350230345,"[""TestLocalDate_Properties"", ""LocalDate$Property"", ""LocalDate""]","[0.06765899864682003, 0.021067415730337078]","[9.71853856562923, 3.408707865168539]"
org.joda.time.TestLocalDate_Properties.testPropertySetCopyYear,0.06765899864682003,0.04436320718857855,0.021067415730337078,0.0887264143771571,0.03213023455071222,0.03775447327656513,0.023295791458241476,9.71853856562923,6.563623215398884,3.408707865168539,13.127246430797769,5.047160350229046,5.755663197808237,3.154915350230345,"[""LocalDate$Property"", ""TestLocalDate_Properties"", ""LocalDate""]","[0.06765899864682003, 0.021067415730337078]","[9.71853856562923, 3.408707865168539]"
org.joda.time.TestLocalDate_Properties.testPropertySetCopyTextMonth,0.06765899864682003,0.04436320718857855,0.021067415730337078,0.0887264143771571,0.03213023455071222,0.03775447327656513,0.023295791458241476,9.71853856562923,6.563623215398884,3.408707865168539,13.127246430797769,5.047160350229046,5.755663197808237,3.154915350230345,"[""LocalDate$Property"", ""TestLocalDate_Properties"", ""LocalDate""]","[0.06765899864682003, 0.021067415730337078]","[9.71853856562923, 3.408707865168539]"
org.joda.time.TestLocalDate_Properties.testPropertySetCopyTextDay,0.06765899864682003,0.04436320718857855,0.021067415730337078,0.0887264143771571,0.03213023455071222,0.03775447327656513,0.023295791458241476,9.71853856562923,6.563623215398884,3.408707865168539,13.127246430797769,5.047160350229046,5.755663197808237,3.154915350230345,"[""LocalDate$Property"", ""TestLocalDate_Properties"", ""LocalDate""]","[0.06765899864682003, 0.021067415730337078]","[9.71853856562923, 3.408707865168539]"
org.joda.time.TestLocalDate_Properties.testPropertyAddToCopyMonth,0.06765899864682003,0.04436320718857855,0.021067415730337078,0.0887264143771571,0.03213023455071222,0.03775447327656513,0.023295791458241476,9.71853856562923,6.563623215398884,3.408707865168539,13.127246430797769,5.047160350229046,5.755663197808237,3.154915350230345,"[""LocalDate$Property"", ""TestLocalDate_Properties"", ""LocalDate""]","[0.06765899864682003, 0.021067415730337078]","[9.71853856562923, 3.408707865168539]"
org.joda.time.TestLocalDate_Properties.testPropertySetCopyTextYear,0.06765899864682003,0.04436320718857855,0.021067415730337078,0.0887264143771571,0.03213023455071222,0.03775447327656513,0.023295791458241476,9.71853856562923,6.563623215398884,3.408707865168539,13.127246430797769,5.047160350229046,5.755663197808237,3.154915350230345,"[""LocalDate$Property"", ""TestLocalDate_Properties"", ""LocalDate""]","[0.06765899864682003, 0.021067415730337078]","[9.71853856562923, 3.408707865168539]"
org.joda.time.TestLocalDate_Properties.testPropertyGetMaxMinValuesMonth,0.06765899864682003,0.04436320718857855,0.021067415730337078,0.0887264143771571,0.03213023455071222,0.03775447327656513,0.023295791458241476,9.71853856562923,6.563623215398884,3.408707865168539,13.127246430797769,5.047160350229046,5.755663197808237,3.154915350230345,"[""TestLocalDate_Properties"", ""LocalDate$Property"", ""LocalDate""]","[0.06765899864682003, 0.021067415730337078]","[9.71853856562923, 3.408707865168539]"
org.joda.time.TestLocalDate_Properties.testPropertyAddWrapFieldToCopyMonth,0.06765899864682003,0.04436320718857855,0.021067415730337078,0.0887264143771571,0.03213023455071222,0.03775447327656513,0.023295791458241476,9.71853856562923,6.563623215398884,3.408707865168539,13.127246430797769,5.047160350229046,5.755663197808237,3.154915350230345,"[""LocalDate$Property"", ""TestLocalDate_Properties"", ""LocalDate""]","[0.06765899864682003, 0.021067415730337078]","[9.71853856562923, 3.408707865168539]"
org.joda.time.TestLocalDate_Properties.testPropertySetCopyDay,0.06765899864682003,0.04436320718857855,0.021067415730337078,0.0887264143771571,0.03213023455071222,0.03775447327656513,0.023295791458241476,9.71853856562923,6.563623215398884,3.408707865168539,13.127246430797769,5.047160350229046,5.755663197808237,3.154915350230345,"[""LocalDate$Property"", ""TestLocalDate_Properties"", ""LocalDate""]","[0.06765899864682003, 0.021067415730337078]","[9.71853856562923, 3.408707865168539]"
org.joda.time.TestLocalDate_Properties.testPropertyGetMaxMinValuesYear,0.06765899864682003,0.04436320718857855,0.021067415730337078,0.0887264143771571,0.03213023455071222,0.03775447327656513,0.023295791458241476,9.71853856562923,6.563623215398884,3.408707865168539,13.127246430797769,5.047160350229046,5.755663197808237,3.154915350230345,"[""TestLocalDate_Properties"", ""LocalDate$Property"", ""LocalDate""]","[0.06765899864682003, 0.021067415730337078]","[9.71853856562923, 3.408707865168539]"
org.joda.time.TestLocalDate_Properties.testPropertySetCopyMonth,0.06765899864682003,0.04436320718857855,0.021067415730337078,0.0887264143771571,0.03213023455071222,0.03775447327656513,0.023295791458241476,9.71853856562923,6.563623215398884,3.408707865168539,13.127246430797769,5.047160350229046,5.755663197808237,3.154915350230345,"[""LocalDate$Property"", ""TestLocalDate_Properties"", ""LocalDate""]","[0.06765899864682003, 0.021067415730337078]","[9.71853856562923, 3.408707865168539]"
org.joda.time.TestLocalDate_Properties.testPropertyAddToCopyYear,0.06765899864682003,0.04436320718857855,0.021067415730337078,0.0887264143771571,0.03213023455071222,0.03775447327656513,0.023295791458241476,9.71853856562923,6.563623215398884,3.408707865168539,13.127246430797769,5.047160350229046,5.755663197808237,3.154915350230345,"[""LocalDate$Property"", ""TestLocalDate_Properties"", ""LocalDate""]","[0.06765899864682003, 0.021067415730337078]","[9.71853856562923, 3.408707865168539]"
org.joda.time.TestLocalDate_Properties.testPropertyWithMinimumValueDayOfMonth,0.06765899864682003,0.04436320718857855,0.021067415730337078,0.0887264143771571,0.03213023455071222,0.03775447327656513,0.023295791458241476,9.71853856562923,6.563623215398884,3.408707865168539,13.127246430797769,5.047160350229046,5.755663197808237,3.154915350230345,"[""LocalDate$Property"", ""TestLocalDate_Properties"", ""LocalDate""]","[0.06765899864682003, 0.021067415730337078]","[9.71853856562923, 3.408707865168539]"
org.joda.time.TestLocalDate_Properties.testPropertyWithMaximumValueDayOfMonth,0.06765899864682003,0.04436320718857855,0.021067415730337078,0.0887264143771571,0.03213023455071222,0.03775447327656513,0.023295791458241476,9.71853856562923,6.563623215398884,3.408707865168539,13.127246430797769,5.047160350229046,5.755663197808237,3.154915350230345,"[""LocalDate$Property"", ""TestLocalDate_Properties"", ""LocalDate""]","[0.06765899864682003, 0.021067415730337078]","[9.71853856562923, 3.408707865168539]"
org.joda.time.TestLocalDate_Properties.testPropertyAddToCopyDay,0.06765899864682003,0.04436320718857855,0.021067415730337078,0.0887264143771571,0.03213023455071222,0.03775447327656513,0.023295791458241476,9.71853856562923,6.563623215398884,3.408707865168539,13.127246430797769,5.047160350229046,5.755663197808237,3.154915350230345,"[""LocalDate$Property"", ""TestLocalDate_Properties"", ""LocalDate""]","[0.06765899864682003, 0.021067415730337078]","[9.71853856562923, 3.408707865168539]"
org.joda.time.TestLocalDate_Properties.testPropertyHashCode,0.06765899864682003,0.04436320718857855,0.021067415730337078,0.0887264143771571,0.03213023455071222,0.03775447327656513,0.023295791458241476,9.71853856562923,6.563623215398884,3.408707865168539,13.127246430797769,5.047160350229046,5.755663197808237,3.154915350230345,"[""TestLocalDate_Properties"", ""LocalDate$Property"", ""LocalDate""]","[0.06765899864682003, 0.021067415730337078]","[9.71853856562923, 3.408707865168539]"
org.joda.time.TestDateMidnight_Constructors.testParse_formatter,0.03319502074688797,0.022170842255100024,0.011756569847856155,0.0886833690204001,0.018653974987061724,0.02036374178106186,0.008734190530931774,3.8485477178423237,2.283461464016549,0.7008746355685131,9.133845856066197,1.524324645948954,1.9057428283718363,1.1918943621349818,"[""TestDateMidnight_Constructors"", ""DateMidnight"", ""DateTimeFormat"", ""ISOChronology""]","[0.03319502074688797, 0.027988338192419825, 0.01574344023323615, 0.011756569847856155]","[3.8485477178423237, 2.8956268221574346, 0.7008746355685131, 1.6887966804979253]"
org.joda.time.chrono.TestCopticChronology.testDurationYear,0.04081632653061224,0.022159796758728346,0.00994733762434172,0.08863918703491339,0.017341107466181362,0.019533114332732363,0.011381546306899271,5.746938775510204,2.7452153507587465,0.689877121123464,10.980861403034986,1.5975632537107967,2.1269548586667955,1.8494995863257964,"[""DurationField"", ""TestCopticChronology"", ""DateTime$Property"", ""DateTime"", ""Chronology""]","[0.04081632653061224, 0.01924198250728863, 0.018633540372670808, 0.00994733762434172]","[5.746938775510204, 2.2746355685131197, 2.2694099378881987, 0.689877121123464]"
org.joda.time.chrono.TestCopticChronology.testDurationMonth,0.04081632653061224,0.022159796758728346,0.00994733762434172,0.08863918703491339,0.017341107466181362,0.019533114332732363,0.011381546306899271,5.746938775510204,2.7452153507587465,0.689877121123464,10.980861403034986,1.5975632537107967,2.1269548586667955,1.8494995863257964,"[""DurationField"", ""TestCopticChronology"", ""DateTime$Property"", ""DateTime"", ""Chronology""]","[0.04081632653061224, 0.01924198250728863, 0.018633540372670808, 0.00994733762434172]","[5.746938775510204, 2.2746355685131197, 2.2694099378881987, 0.689877121123464]"
org.joda.time.TestPartial_Basics.testMinus_RP,0.030927835051546393,0.02213609964841752,0.016693163751987282,0.08854439859367008,0.020700143237598296,0.02138639322841941,0.0059055812842899414,4.878497790868925,3.5897148408694726,2.1089030206677264,14.35885936347789,3.264896590825146,3.4330284104538094,1.0049061371196104,"[""Partial"", ""DateTimeFieldType"", ""TestPartial_Basics"", ""Period""]","[0.030927835051546393, 0.024134312696747113, 0.016789087093389297, 0.016693163751987282]","[4.878497790868925, 3.396642182581322, 3.974816369359916, 2.1089030206677264]"
org.joda.time.TestPartial_Basics.testPlus_RP,0.030927835051546393,0.02213609964841752,0.016693163751987282,0.08854439859367008,0.020700143237598296,0.02138639322841941,0.0059055812842899414,4.878497790868925,3.5897148408694726,2.1089030206677264,14.35885936347789,3.264896590825146,3.4330284104538094,1.0049061371196104,"[""Partial"", ""DateTimeFieldType"", ""TestPartial_Basics"", ""Period""]","[0.030927835051546393, 0.024134312696747113, 0.016789087093389297, 0.016693163751987282]","[4.878497790868925, 3.396642182581322, 3.974816369359916, 2.1089030206677264]"
org.joda.time.TestMutableDateTime_Sets.testSetDayOfYear_int_dstOverlapWinter_addZero,0.037317784256559766,0.02951156064805194,0.016231474947071278,0.08853468194415583,0.02564345760835271,0.027672835012080153,0.00943859045724567,4.066472303206997,3.109698489739681,1.9040225829216655,9.329095469219043,2.806727868891746,2.9626664373511558,0.9001893827583533,"[""DateTimeZone"", ""MutableDateTime"", ""TestMutableDateTime_Sets""]","[0.037317784256559766, 0.03498542274052478, 0.016231474947071278]","[3.358600583090379, 4.066472303206997, 1.9040225829216655]"
org.joda.time.TestMutableDateTime_Adds.testAddMonths_int_dstOverlapSummer_addZero,0.037317784256559766,0.02951156064805194,0.016231474947071278,0.08853468194415583,0.02564345760835271,0.027672835012080153,0.00943859045724567,4.066472303206997,2.810239538904583,1.0056457304163726,8.43071861671375,1.9505313862014788,2.3948247100972373,1.3083551259146482,"[""TestMutableDateTime_Adds"", ""DateTimeZone"", ""MutableDateTime""]","[0.037317784256559766, 0.03498542274052478, 0.016231474947071278]","[3.358600583090379, 4.066472303206997, 1.0056457304163726]"
org.joda.time.TestMutableDateTime_Adds.testAddMillis_int_dstOverlapSummer_addZero,0.037317784256559766,0.02951156064805194,0.016231474947071278,0.08853468194415583,0.02564345760835271,0.027672835012080153,0.00943859045724567,4.066472303206997,2.810239538904583,1.0056457304163726,8.43071861671375,1.9505313862014788,2.3948247100972373,1.3083551259146482,"[""TestMutableDateTime_Adds"", ""DateTimeZone"", ""MutableDateTime""]","[0.037317784256559766, 0.03498542274052478, 0.016231474947071278]","[3.358600583090379, 4.066472303206997, 1.0056457304163726]"
org.joda.time.TestMutableDateTime_Adds.testAddWeeks_int_dstOverlapSummer_addZero,0.037317784256559766,0.02951156064805194,0.016231474947071278,0.08853468194415583,0.02564345760835271,0.027672835012080153,0.00943859045724567,4.066472303206997,2.810239538904583,1.0056457304163726,8.43071861671375,1.9505313862014788,2.3948247100972373,1.3083551259146482,"[""TestMutableDateTime_Adds"", ""DateTimeZone"", ""MutableDateTime""]","[0.037317784256559766, 0.03498542274052478, 0.016231474947071278]","[3.358600583090379, 4.066472303206997, 1.0056457304163726]"
org.joda.time.TestMutableDateTime_Sets.testSetDate_RI_different1,0.037317784256559766,0.02951156064805194,0.016231474947071278,0.08853468194415583,0.02564345760835271,0.027672835012080153,0.00943859045724567,4.066472303206997,3.109698489739681,1.9040225829216655,9.329095469219043,2.806727868891746,2.9626664373511558,0.9001893827583533,"[""DateTimeZone"", ""MutableDateTime"", ""TestMutableDateTime_Sets""]","[0.037317784256559766, 0.03498542274052478, 0.016231474947071278]","[3.358600583090379, 4.066472303206997, 1.9040225829216655]"
org.joda.time.TestMutableDateTime_Adds.testAddHours_int_dstOverlapWinter_addZero,0.037317784256559766,0.02951156064805194,0.016231474947071278,0.08853468194415583,0.02564345760835271,0.027672835012080153,0.00943859045724567,4.066472303206997,2.810239538904583,1.0056457304163726,8.43071861671375,1.9505313862014788,2.3948247100972373,1.3083551259146482,"[""TestMutableDateTime_Adds"", ""DateTimeZone"", ""MutableDateTime""]","[0.037317784256559766, 0.03498542274052478, 0.016231474947071278]","[3.358600583090379, 4.066472303206997, 1.0056457304163726]"
org.joda.time.TestMutableDateTime_Adds.testAddDays_int_dstOverlapWinter_addZero,0.037317784256559766,0.02951156064805194,0.016231474947071278,0.08853468194415583,0.02564345760835271,0.027672835012080153,0.00943859045724567,4.066472303206997,2.810239538904583,1.0056457304163726,8.43071861671375,1.9505313862014788,2.3948247100972373,1.3083551259146482,"[""TestMutableDateTime_Adds"", ""DateTimeZone"", ""MutableDateTime""]","[0.037317784256559766, 0.03498542274052478, 0.016231474947071278]","[3.358600583090379, 4.066472303206997, 1.0056457304163726]"
org.joda.time.TestMutableDateTime_Adds.testAddSeconds_int_dstOverlapSummer_addZero,0.037317784256559766,0.02951156064805194,0.016231474947071278,0.08853468194415583,0.02564345760835271,0.027672835012080153,0.00943859045724567,4.066472303206997,2.810239538904583,1.0056457304163726,8.43071861671375,1.9505313862014788,2.3948247100972373,1.3083551259146482,"[""TestMutableDateTime_Adds"", ""DateTimeZone"", ""MutableDateTime""]","[0.037317784256559766, 0.03498542274052478, 0.016231474947071278]","[3.358600583090379, 4.066472303206997, 1.0056457304163726]"
org.joda.time.TestMutableDateTime_Sets.testSetDayOfYear_int_dstOverlapSummer_addZero,0.037317784256559766,0.02951156064805194,0.016231474947071278,0.08853468194415583,0.02564345760835271,0.027672835012080153,0.00943859045724567,4.066472303206997,3.109698489739681,1.9040225829216655,9.329095469219043,2.806727868891746,2.9626664373511558,0.9001893827583533,"[""DateTimeZone"", ""MutableDateTime"", ""TestMutableDateTime_Sets""]","[0.037317784256559766, 0.03498542274052478, 0.016231474947071278]","[3.358600583090379, 4.066472303206997, 1.9040225829216655]"
org.joda.time.TestMutableDateTime_Sets.testSetDate_RI_different2,0.037317784256559766,0.02951156064805194,0.016231474947071278,0.08853468194415583,0.02564345760835271,0.027672835012080153,0.00943859045724567,4.066472303206997,3.109698489739681,1.9040225829216655,9.329095469219043,2.806727868891746,2.9626664373511558,0.9001893827583533,"[""DateTimeZone"", ""MutableDateTime"", ""TestMutableDateTime_Sets""]","[0.037317784256559766, 0.03498542274052478, 0.016231474947071278]","[3.358600583090379, 4.066472303206997, 1.9040225829216655]"
org.joda.time.TestMutableDateTime_Adds.testAddSeconds_int_dstOverlapWinter_addZero,0.037317784256559766,0.02951156064805194,0.016231474947071278,0.08853468194415583,0.02564345760835271,0.027672835012080153,0.00943859045724567,4.066472303206997,2.810239538904583,1.0056457304163726,8.43071861671375,1.9505313862014788,2.3948247100972373,1.3083551259146482,"[""TestMutableDateTime_Adds"", ""DateTimeZone"", ""MutableDateTime""]","[0.037317784256559766, 0.03498542274052478, 0.016231474947071278]","[3.358600583090379, 4.066472303206997, 1.0056457304163726]"
org.joda.time.TestMutableDateTime_Adds.testAddYears_int_dstOverlapWinter_addZero,0.037317784256559766,0.02951156064805194,0.016231474947071278,0.08853468194415583,0.02564345760835271,0.027672835012080153,0.00943859045724567,4.066472303206997,2.810239538904583,1.0056457304163726,8.43071861671375,1.9505313862014788,2.3948247100972373,1.3083551259146482,"[""TestMutableDateTime_Adds"", ""DateTimeZone"", ""MutableDateTime""]","[0.037317784256559766, 0.03498542274052478, 0.016231474947071278]","[3.358600583090379, 4.066472303206997, 1.0056457304163726]"
org.joda.time.TestMutableDateTime_Sets.testSetDate_RI_same,0.037317784256559766,0.02951156064805194,0.016231474947071278,0.08853468194415583,0.02564345760835271,0.027672835012080153,0.00943859045724567,4.066472303206997,3.109698489739681,1.9040225829216655,9.329095469219043,2.806727868891746,2.9626664373511558,0.9001893827583533,"[""DateTimeZone"", ""MutableDateTime"", ""TestMutableDateTime_Sets""]","[0.037317784256559766, 0.03498542274052478, 0.016231474947071278]","[3.358600583090379, 4.066472303206997, 1.9040225829216655]"
org.joda.time.TestMutableDateTime_Adds.testAddMillis_int_dstOverlapWinter_addZero,0.037317784256559766,0.02951156064805194,0.016231474947071278,0.08853468194415583,0.02564345760835271,0.027672835012080153,0.00943859045724567,4.066472303206997,2.810239538904583,1.0056457304163726,8.43071861671375,1.9505313862014788,2.3948247100972373,1.3083551259146482,"[""TestMutableDateTime_Adds"", ""DateTimeZone"", ""MutableDateTime""]","[0.037317784256559766, 0.03498542274052478, 0.016231474947071278]","[3.358600583090379, 4.066472303206997, 1.0056457304163726]"
org.joda.time.TestMutableDateTime_Sets.testSetDayOfMonth_int_dstOverlapSummer_addZero,0.037317784256559766,0.02951156064805194,0.016231474947071278,0.08853468194415583,0.02564345760835271,0.027672835012080153,0.00943859045724567,4.066472303206997,3.109698489739681,1.9040225829216655,9.329095469219043,2.806727868891746,2.9626664373511558,0.9001893827583533,"[""DateTimeZone"", ""MutableDateTime"", ""TestMutableDateTime_Sets""]","[0.037317784256559766, 0.03498542274052478, 0.016231474947071278]","[3.358600583090379, 4.066472303206997, 1.9040225829216655]"
org.joda.time.TestMutableDateTime_Sets.testSetMonthOfYear_int_dstOverlapWinter_addZero,0.037317784256559766,0.02951156064805194,0.016231474947071278,0.08853468194415583,0.02564345760835271,0.027672835012080153,0.00943859045724567,4.066472303206997,3.109698489739681,1.9040225829216655,9.329095469219043,2.806727868891746,2.9626664373511558,0.9001893827583533,"[""DateTimeZone"", ""MutableDateTime"", ""TestMutableDateTime_Sets""]","[0.037317784256559766, 0.03498542274052478, 0.016231474947071278]","[3.358600583090379, 4.066472303206997, 1.9040225829216655]"
org.joda.time.TestMutableDateTime_Adds.testAddMinutes_int_dstOverlapWinter_addZero,0.037317784256559766,0.02951156064805194,0.016231474947071278,0.08853468194415583,0.02564345760835271,0.027672835012080153,0.00943859045724567,4.066472303206997,2.810239538904583,1.0056457304163726,8.43071861671375,1.9505313862014788,2.3948247100972373,1.3083551259146482,"[""TestMutableDateTime_Adds"", ""DateTimeZone"", ""MutableDateTime""]","[0.037317784256559766, 0.03498542274052478, 0.016231474947071278]","[3.358600583090379, 4.066472303206997, 1.0056457304163726]"
org.joda.time.TestMutableDateTime_Adds.testAddHours_int_dstOverlapSummer_addZero,0.037317784256559766,0.02951156064805194,0.016231474947071278,0.08853468194415583,0.02564345760835271,0.027672835012080153,0.00943859045724567,4.066472303206997,2.810239538904583,1.0056457304163726,8.43071861671375,1.9505313862014788,2.3948247100972373,1.3083551259146482,"[""TestMutableDateTime_Adds"", ""DateTimeZone"", ""MutableDateTime""]","[0.037317784256559766, 0.03498542274052478, 0.016231474947071278]","[3.358600583090379, 4.066472303206997, 1.0056457304163726]"
org.joda.time.TestMutableDateTime_Adds.testAddMinutes_int_dstOverlapSummer_addZero,0.037317784256559766,0.02951156064805194,0.016231474947071278,0.08853468194415583,0.02564345760835271,0.027672835012080153,0.00943859045724567,4.066472303206997,2.810239538904583,1.0056457304163726,8.43071861671375,1.9505313862014788,2.3948247100972373,1.3083551259146482,"[""TestMutableDateTime_Adds"", ""DateTimeZone"", ""MutableDateTime""]","[0.037317784256559766, 0.03498542274052478, 0.016231474947071278]","[3.358600583090379, 4.066472303206997, 1.0056457304163726]"
org.joda.time.TestMutableDateTime_Adds.testAddYears_int_dstOverlapSummer_addZero,0.037317784256559766,0.02951156064805194,0.016231474947071278,0.08853468194415583,0.02564345760835271,0.027672835012080153,0.00943859045724567,4.066472303206997,2.810239538904583,1.0056457304163726,8.43071861671375,1.9505313862014788,2.3948247100972373,1.3083551259146482,"[""TestMutableDateTime_Adds"", ""DateTimeZone"", ""MutableDateTime""]","[0.037317784256559766, 0.03498542274052478, 0.016231474947071278]","[3.358600583090379, 4.066472303206997, 1.0056457304163726]"
org.joda.time.TestMutableDateTime_Sets.testSetDayOfMonth_int_dstOverlapWinter_addZero,0.037317784256559766,0.02951156064805194,0.016231474947071278,0.08853468194415583,0.02564345760835271,0.027672835012080153,0.00943859045724567,4.066472303206997,3.109698489739681,1.9040225829216655,9.329095469219043,2.806727868891746,2.9626664373511558,0.9001893827583533,"[""DateTimeZone"", ""MutableDateTime"", ""TestMutableDateTime_Sets""]","[0.037317784256559766, 0.03498542274052478, 0.016231474947071278]","[3.358600583090379, 4.066472303206997, 1.9040225829216655]"
org.joda.time.TestMutableDateTime_Adds.testAddMonths_int_dstOverlapWinter_addZero,0.037317784256559766,0.02951156064805194,0.016231474947071278,0.08853468194415583,0.02564345760835271,0.027672835012080153,0.00943859045724567,4.066472303206997,2.810239538904583,1.0056457304163726,8.43071861671375,1.9505313862014788,2.3948247100972373,1.3083551259146482,"[""TestMutableDateTime_Adds"", ""DateTimeZone"", ""MutableDateTime""]","[0.037317784256559766, 0.03498542274052478, 0.016231474947071278]","[3.358600583090379, 4.066472303206997, 1.0056457304163726]"
org.joda.time.TestMutableDateTime_Sets.testSetMonthOfYear_int_dstOverlapSummer_addZero,0.037317784256559766,0.02951156064805194,0.016231474947071278,0.08853468194415583,0.02564345760835271,0.027672835012080153,0.00943859045724567,4.066472303206997,3.109698489739681,1.9040225829216655,9.329095469219043,2.806727868891746,2.9626664373511558,0.9001893827583533,"[""DateTimeZone"", ""MutableDateTime"", ""TestMutableDateTime_Sets""]","[0.037317784256559766, 0.03498542274052478, 0.016231474947071278]","[3.358600583090379, 4.066472303206997, 1.9040225829216655]"
org.joda.time.TestMutableDateTime_Adds.testAddDays_int_dstOverlapSummer_addZero,0.037317784256559766,0.02951156064805194,0.016231474947071278,0.08853468194415583,0.02564345760835271,0.027672835012080153,0.00943859045724567,4.066472303206997,2.810239538904583,1.0056457304163726,8.43071861671375,1.9505313862014788,2.3948247100972373,1.3083551259146482,"[""TestMutableDateTime_Adds"", ""DateTimeZone"", ""MutableDateTime""]","[0.037317784256559766, 0.03498542274052478, 0.016231474947071278]","[3.358600583090379, 4.066472303206997, 1.0056457304163726]"
org.joda.time.TestMutableDateTime_Adds.testAddWeeks_int_dstOverlapWinter_addZero,0.037317784256559766,0.02951156064805194,0.016231474947071278,0.08853468194415583,0.02564345760835271,0.027672835012080153,0.00943859045724567,4.066472303206997,2.810239538904583,1.0056457304163726,8.43071861671375,1.9505313862014788,2.3948247100972373,1.3083551259146482,"[""TestMutableDateTime_Adds"", ""DateTimeZone"", ""MutableDateTime""]","[0.037317784256559766, 0.03498542274052478, 0.016231474947071278]","[3.358600583090379, 4.066472303206997, 1.0056457304163726]"
org.joda.time.TestTimeOfDay_Constructors.testConstructor_todObject,0.044386422976501305,0.029473541060493644,0.021957340025094103,0.08842062318148093,0.026462361895516633,0.027813505389047657,0.010545112818977378,4.117493472584856,2.617866033475256,0.8456712672521958,7.853598100425768,1.693644861891925,2.159065503578327,1.3495492696166624,"[""TestTimeOfDay_Constructors"", ""CopticChronology"", ""TimeOfDay""]","[0.044386422976501305, 0.022076860179885527, 0.021957340025094103]","[4.117493472584856, 2.8904333605887165, 0.8456712672521958]"
org.joda.time.format.TestDateTimeFormatter.testParseMutableDateTime_zone,0.03498542274052478,0.02939925936713719,0.02639019792648445,0.08819777810141156,0.028913210483782467,0.029147937318212924,0.003953948505797967,4.066472303206997,3.35959731408384,2.464723032069971,10.07879194225152,3.2136448073626256,3.288314829138158,0.6672870359360878,"[""TestDateTimeFormatter"", ""DateTimeFormatter"", ""MutableDateTime""]","[0.03498542274052478, 0.026822157434402333, 0.02639019792648445]","[4.066472303206997, 2.464723032069971, 3.5475966069745524]"
org.joda.time.format.TestDateTimeFormatter.testParseInto_zone,0.03498542274052478,0.02939925936713719,0.02639019792648445,0.08819777810141156,0.028913210483782467,0.029147937318212924,0.003953948505797967,4.066472303206997,3.35959731408384,2.464723032069971,10.07879194225152,3.2136448073626256,3.288314829138158,0.6672870359360878,"[""TestDateTimeFormatter"", ""DateTimeFormatter"", ""MutableDateTime""]","[0.03498542274052478, 0.026822157434402333, 0.02639019792648445]","[4.066472303206997, 2.464723032069971, 3.5475966069745524]"
org.joda.time.format.TestDateTimeFormatter.testParseMutableDateTime_chrono,0.03498542274052478,0.02939925936713719,0.02639019792648445,0.08819777810141156,0.028913210483782467,0.029147937318212924,0.003953948505797967,4.066472303206997,3.35959731408384,2.464723032069971,10.07879194225152,3.2136448073626256,3.288314829138158,0.6672870359360878,"[""TestDateTimeFormatter"", ""DateTimeFormatter"", ""MutableDateTime""]","[0.03498542274052478, 0.026822157434402333, 0.02639019792648445]","[4.066472303206997, 2.464723032069971, 3.5475966069745524]"
org.joda.time.format.TestDateTimeFormatter.testParseInto_simple,0.03498542274052478,0.02939925936713719,0.02639019792648445,0.08819777810141156,0.028913210483782467,0.029147937318212924,0.003953948505797967,4.066472303206997,3.35959731408384,2.464723032069971,10.07879194225152,3.2136448073626256,3.288314829138158,0.6672870359360878,"[""TestDateTimeFormatter"", ""DateTimeFormatter"", ""MutableDateTime""]","[0.03498542274052478, 0.026822157434402333, 0.02639019792648445]","[4.066472303206997, 2.464723032069971, 3.5475966069745524]"
org.joda.time.format.TestDateTimeFormatter.testParseMutableDateTime_zone2,0.03498542274052478,0.02939925936713719,0.02639019792648445,0.08819777810141156,0.028913210483782467,0.029147937318212924,0.003953948505797967,4.066472303206997,3.35959731408384,2.464723032069971,10.07879194225152,3.2136448073626256,3.288314829138158,0.6672870359360878,"[""TestDateTimeFormatter"", ""DateTimeFormatter"", ""MutableDateTime""]","[0.03498542274052478, 0.026822157434402333, 0.02639019792648445]","[4.066472303206997, 2.464723032069971, 3.5475966069745524]"
org.joda.time.format.TestDateTimeFormatter.testParseInto_chrono,0.03498542274052478,0.02939925936713719,0.02639019792648445,0.08819777810141156,0.028913210483782467,0.029147937318212924,0.003953948505797967,4.066472303206997,3.35959731408384,2.464723032069971,10.07879194225152,3.2136448073626256,3.288314829138158,0.6672870359360878,"[""TestDateTimeFormatter"", ""DateTimeFormatter"", ""MutableDateTime""]","[0.03498542274052478, 0.026822157434402333, 0.02639019792648445]","[4.066472303206997, 2.464723032069971, 3.5475966069745524]"
org.joda.time.format.TestDateTimeFormatter.testParseMutableDateTime_simple_precedence,0.03498542274052478,0.02939925936713719,0.02639019792648445,0.08819777810141156,0.028913210483782467,0.029147937318212924,0.003953948505797967,4.066472303206997,3.35959731408384,2.464723032069971,10.07879194225152,3.2136448073626256,3.288314829138158,0.6672870359360878,"[""TestDateTimeFormatter"", ""DateTimeFormatter"", ""MutableDateTime""]","[0.03498542274052478, 0.026822157434402333, 0.02639019792648445]","[4.066472303206997, 2.464723032069971, 3.5475966069745524]"
org.joda.time.format.TestDateTimeFormatter.testParseInto_simple_precedence,0.03498542274052478,0.02939925936713719,0.02639019792648445,0.08819777810141156,0.028913210483782467,0.029147937318212924,0.003953948505797967,4.066472303206997,3.35959731408384,2.464723032069971,10.07879194225152,3.2136448073626256,3.288314829138158,0.6672870359360878,"[""TestDateTimeFormatter"", ""DateTimeFormatter"", ""MutableDateTime""]","[0.03498542274052478, 0.026822157434402333, 0.02639019792648445]","[4.066472303206997, 2.464723032069971, 3.5475966069745524]"
org.joda.time.format.TestDateTimeFormatter.testParseInto_zone2,0.03498542274052478,0.02939925936713719,0.02639019792648445,0.08819777810141156,0.028913210483782467,0.029147937318212924,0.003953948505797967,4.066472303206997,3.35959731408384,2.464723032069971,10.07879194225152,3.2136448073626256,3.288314829138158,0.6672870359360878,"[""TestDateTimeFormatter"", ""DateTimeFormatter"", ""MutableDateTime""]","[0.03498542274052478, 0.026822157434402333, 0.02639019792648445]","[4.066472303206997, 2.464723032069971, 3.5475966069745524]"
org.joda.time.format.TestDateTimeFormatter.testParseMutableDateTime_simple,0.03498542274052478,0.02939925936713719,0.02639019792648445,0.08819777810141156,0.028913210483782467,0.029147937318212924,0.003953948505797967,4.066472303206997,3.35959731408384,2.464723032069971,10.07879194225152,3.2136448073626256,3.288314829138158,0.6672870359360878,"[""TestDateTimeFormatter"", ""DateTimeFormatter"", ""MutableDateTime""]","[0.03498542274052478, 0.026822157434402333, 0.02639019792648445]","[4.066472303206997, 2.464723032069971, 3.5475966069745524]"
org.joda.time.TestInstant_Constructors.testParse_noFormatter,0.04081632653061224,0.022040359545920353,0.012942779291553134,0.08816143818368141,0.01827523566966198,0.01984777091776933,0.011027107705807443,5.746938775510204,1.9959917501449782,0.5728882833787466,7.983967000579913,0.912310747492242,1.2210211681823093,2.17017737252457,"[""TestInstant_Constructors"", ""Instant"", ""DateTime"", ""ISOChronology""]","[0.04081632653061224, 0.018658892128279883, 0.01574344023323615, 0.012942779291553134]","[5.746938775510204, 0.963265306122449, 0.7008746355685131, 0.5728882833787466]"
org.joda.time.format.TestISOPeriodFormat.testFormatAlternateExtended,0.030927835051546393,0.017584637821789775,0.008836524300441826,0.08792318910894888,0.01474423095825937,0.0160711531421169,0.007599095464564905,4.878497790868925,2.2299681318823064,0.6045655375552282,11.149840659411531,1.1882444419959282,1.5926335387192014,1.7374358420753369,"[""TestISOPeriodFormat"", ""PeriodFormatter"", ""ISOPeriodFormat"", ""PeriodType"", ""Period""]","[0.030927835051546393, 0.019867549668874173, 0.015772870662460567, 0.012518409425625921, 0.008836524300441826]","[4.878497790868925, 3.7277409860191315, 0.8801261829652997, 0.6045655375552282, 1.0589101620029455]"
org.joda.time.format.TestISOPeriodFormat.testFormatAlternateWithWeeks,0.030927835051546393,0.017584637821789775,0.008836524300441826,0.08792318910894888,0.01474423095825937,0.0160711531421169,0.007599095464564905,4.878497790868925,2.2299681318823064,0.6045655375552282,11.149840659411531,1.1882444419959282,1.5926335387192014,1.7374358420753369,"[""TestISOPeriodFormat"", ""PeriodFormatter"", ""ISOPeriodFormat"", ""PeriodType"", ""Period""]","[0.030927835051546393, 0.019867549668874173, 0.015772870662460567, 0.012518409425625921, 0.008836524300441826]","[4.878497790868925, 3.7277409860191315, 0.8801261829652997, 0.6045655375552282, 1.0589101620029455]"
org.joda.time.format.TestISOPeriodFormat.testFormatStandard,0.030927835051546393,0.017584637821789775,0.008836524300441826,0.08792318910894888,0.01474423095825937,0.0160711531421169,0.007599095464564905,4.878497790868925,2.2299681318823064,0.6045655375552282,11.149840659411531,1.1882444419959282,1.5926335387192014,1.7374358420753369,"[""TestISOPeriodFormat"", ""PeriodFormatter"", ""ISOPeriodFormat"", ""PeriodType"", ""Period""]","[0.030927835051546393, 0.019867549668874173, 0.015772870662460567, 0.012518409425625921, 0.008836524300441826]","[4.878497790868925, 3.7277409860191315, 0.8801261829652997, 0.6045655375552282, 1.0589101620029455]"
org.joda.time.format.TestISOPeriodFormat.testFormatAlternate,0.030927835051546393,0.017584637821789775,0.008836524300441826,0.08792318910894888,0.01474423095825937,0.0160711531421169,0.007599095464564905,4.878497790868925,2.2299681318823064,0.6045655375552282,11.149840659411531,1.1882444419959282,1.5926335387192014,1.7374358420753369,"[""TestISOPeriodFormat"", ""PeriodFormatter"", ""ISOPeriodFormat"", ""PeriodType"", ""Period""]","[0.030927835051546393, 0.019867549668874173, 0.015772870662460567, 0.012518409425625921, 0.008836524300441826]","[4.878497790868925, 3.7277409860191315, 0.8801261829652997, 0.6045655375552282, 1.0589101620029455]"
org.joda.time.format.TestISOPeriodFormat.testFormatAlternateExtendedWithWeeks,0.030927835051546393,0.017584637821789775,0.008836524300441826,0.08792318910894888,0.01474423095825937,0.0160711531421169,0.007599095464564905,4.878497790868925,2.2299681318823064,0.6045655375552282,11.149840659411531,1.1882444419959282,1.5926335387192014,1.7374358420753369,"[""TestISOPeriodFormat"", ""PeriodFormatter"", ""ISOPeriodFormat"", ""PeriodType"", ""Period""]","[0.030927835051546393, 0.019867549668874173, 0.015772870662460567, 0.012518409425625921, 0.008836524300441826]","[4.878497790868925, 3.7277409860191315, 0.8801261829652997, 0.6045655375552282, 1.0589101620029455]"
org.joda.time.chrono.TestCopticChronology.testDurationFields,0.037317784256559766,0.021964000569666596,0.00994733762434172,0.08785600227866638,0.01765725246644529,0.019741241144290426,0.009889778452170681,3.358600583090379,1.7908897273385596,0.689877121123464,7.163558909354238,1.1867984169951549,1.452148923475318,1.094573617382491,"[""TestCopticChronology"", ""DateTimeZone"", ""CopticChronology"", ""DurationField""]","[0.037317784256559766, 0.021957340025094103, 0.018633540372670808, 0.00994733762434172]","[3.358600583090379, 0.8456712672521958, 2.2694099378881987, 0.689877121123464]"
org.joda.time.TestStringConvert.testLocalDate,0.06765899864682003,0.043910144484700334,0.020161290322580645,0.08782028896940067,0.03106554830692762,0.03693362579890619,0.023748854162119692,9.71853856562923,5.296769282814615,0.875,10.59353856562923,1.6054543422376217,2.9161140658289715,4.421769282814615,"[""StringConvert"", ""TestStringConvert"", ""LocalDate""]","[0.06765899864682003, 0.020161290322580645]","[9.71853856562923, 0.875]"
org.joda.time.TestDateTimeZoneCutover.test_NewYorkIsCorrect_Spring,0.046992481203007516,0.04390440386680988,0.04081632653061224,0.08780880773361976,0.043687199650502405,0.04379566710606898,0.0030880773361976373,9.947368421052632,7.847153598281418,5.746938775510204,15.694307196562836,7.285051398223305,7.56088072206096,2.100214822771214,"[""TestDateTimeZoneCutover"", ""DateTime""]","[0.046992481203007516, 0.04081632653061224]","[9.947368421052632, 5.746938775510204]"
org.joda.time.TestDateTimeZoneCutover.testWithMinuteOfHourInDstChange,0.046992481203007516,0.04390440386680988,0.04081632653061224,0.08780880773361976,0.043687199650502405,0.04379566710606898,0.0030880773361976373,9.947368421052632,7.847153598281418,5.746938775510204,15.694307196562836,7.285051398223305,7.56088072206096,2.100214822771214,"[""TestDateTimeZoneCutover"", ""DateTime""]","[0.046992481203007516, 0.04081632653061224]","[9.947368421052632, 5.746938775510204]"
org.joda.time.TestDateTimeZoneCutover.test_DateTime_withDay_Turk,0.046992481203007516,0.04390440386680988,0.04081632653061224,0.08780880773361976,0.043687199650502405,0.04379566710606898,0.0030880773361976373,9.947368421052632,7.847153598281418,5.746938775510204,15.694307196562836,7.285051398223305,7.56088072206096,2.100214822771214,"[""TestDateTimeZoneCutover"", ""DateTime""]","[0.046992481203007516, 0.04081632653061224]","[9.947368421052632, 5.746938775510204]"
org.joda.time.TestDateTimeZoneCutover.test_DateTime_newValid_Turk,0.046992481203007516,0.04390440386680988,0.04081632653061224,0.08780880773361976,0.043687199650502405,0.04379566710606898,0.0030880773361976373,9.947368421052632,7.847153598281418,5.746938775510204,15.694307196562836,7.285051398223305,7.56088072206096,2.100214822771214,"[""TestDateTimeZoneCutover"", ""DateTime""]","[0.046992481203007516, 0.04081632653061224]","[9.947368421052632, 5.746938775510204]"
org.joda.time.TestDateTimeZoneCutover.test_DateTime_minusHour_Gaza,0.046992481203007516,0.04390440386680988,0.04081632653061224,0.08780880773361976,0.043687199650502405,0.04379566710606898,0.0030880773361976373,9.947368421052632,7.847153598281418,5.746938775510204,15.694307196562836,7.285051398223305,7.56088072206096,2.100214822771214,"[""TestDateTimeZoneCutover"", ""DateTime""]","[0.046992481203007516, 0.04081632653061224]","[9.947368421052632, 5.746938775510204]"
org.joda.time.TestDateTimeZoneCutover.testWithMillisOfSecondInDstChange_NewYork_winter,0.046992481203007516,0.04390440386680988,0.04081632653061224,0.08780880773361976,0.043687199650502405,0.04379566710606898,0.0030880773361976373,9.947368421052632,7.847153598281418,5.746938775510204,15.694307196562836,7.285051398223305,7.56088072206096,2.100214822771214,"[""TestDateTimeZoneCutover"", ""DateTime""]","[0.046992481203007516, 0.04081632653061224]","[9.947368421052632, 5.746938775510204]"
org.joda.time.TestDateTimeZoneCutover.test_MockTurkIsCorrect,0.046992481203007516,0.04390440386680988,0.04081632653061224,0.08780880773361976,0.043687199650502405,0.04379566710606898,0.0030880773361976373,9.947368421052632,7.847153598281418,5.746938775510204,15.694307196562836,7.285051398223305,7.56088072206096,2.100214822771214,"[""TestDateTimeZoneCutover"", ""DateTime""]","[0.046992481203007516, 0.04081632653061224]","[9.947368421052632, 5.746938775510204]"
org.joda.time.TestDateTimeZoneCutover.test_DateTime_plusDay_Turk,0.046992481203007516,0.04390440386680988,0.04081632653061224,0.08780880773361976,0.043687199650502405,0.04379566710606898,0.0030880773361976373,9.947368421052632,7.847153598281418,5.746938775510204,15.694307196562836,7.285051398223305,7.56088072206096,2.100214822771214,"[""TestDateTimeZoneCutover"", ""DateTime""]","[0.046992481203007516, 0.04081632653061224]","[9.947368421052632, 5.746938775510204]"
org.joda.time.TestDateTimeZoneCutover.test_DateTime_withHourZero_Gaza,0.046992481203007516,0.04390440386680988,0.04081632653061224,0.08780880773361976,0.043687199650502405,0.04379566710606898,0.0030880773361976373,9.947368421052632,7.847153598281418,5.746938775510204,15.694307196562836,7.285051398223305,7.56088072206096,2.100214822771214,"[""TestDateTimeZoneCutover"", ""DateTime""]","[0.046992481203007516, 0.04081632653061224]","[9.947368421052632, 5.746938775510204]"
org.joda.time.TestDateTimeZoneCutover.testPlusMinutesInDstChange,0.046992481203007516,0.04390440386680988,0.04081632653061224,0.08780880773361976,0.043687199650502405,0.04379566710606898,0.0030880773361976373,9.947368421052632,7.847153598281418,5.746938775510204,15.694307196562836,7.285051398223305,7.56088072206096,2.100214822771214,"[""TestDateTimeZoneCutover"", ""DateTime""]","[0.046992481203007516, 0.04081632653061224]","[9.947368421052632, 5.746938775510204]"
org.joda.time.TestDateTimeZoneCutover.test_DateTime_plusDayMidGap_Turk,0.046992481203007516,0.04390440386680988,0.04081632653061224,0.08780880773361976,0.043687199650502405,0.04379566710606898,0.0030880773361976373,9.947368421052632,7.847153598281418,5.746938775510204,15.694307196562836,7.285051398223305,7.56088072206096,2.100214822771214,"[""TestDateTimeZoneCutover"", ""DateTime""]","[0.046992481203007516, 0.04081632653061224]","[9.947368421052632, 5.746938775510204]"
org.joda.time.TestDateTimeZoneCutover.test_DateTime_roundCeiling_day_NewYork_Spring_preCutover,0.046992481203007516,0.04390440386680988,0.04081632653061224,0.08780880773361976,0.043687199650502405,0.04379566710606898,0.0030880773361976373,9.947368421052632,7.847153598281418,5.746938775510204,15.694307196562836,7.285051398223305,7.56088072206096,2.100214822771214,"[""DateTime$Property"", ""TestDateTimeZoneCutover"", ""DateTime""]","[0.046992481203007516, 0.04081632653061224]","[9.947368421052632, 5.746938775510204]"
org.joda.time.TestDateTimeZoneCutover.test_DateTime_roundFloor_hour_NewYork_Spring_preCutover,0.046992481203007516,0.04390440386680988,0.04081632653061224,0.08780880773361976,0.043687199650502405,0.04379566710606898,0.0030880773361976373,9.947368421052632,7.847153598281418,5.746938775510204,15.694307196562836,7.285051398223305,7.56088072206096,2.100214822771214,"[""DateTime$Property"", ""TestDateTimeZoneCutover"", ""DateTime""]","[0.046992481203007516, 0.04081632653061224]","[9.947368421052632, 5.746938775510204]"
org.joda.time.TestDateTimeZoneCutover.test_DateTime_roundFloor_day_NewYork_Spring_postCutover,0.046992481203007516,0.04390440386680988,0.04081632653061224,0.08780880773361976,0.043687199650502405,0.04379566710606898,0.0030880773361976373,9.947368421052632,7.847153598281418,5.746938775510204,15.694307196562836,7.285051398223305,7.56088072206096,2.100214822771214,"[""DateTime$Property"", ""TestDateTimeZoneCutover"", ""DateTime""]","[0.046992481203007516, 0.04081632653061224]","[9.947368421052632, 5.746938775510204]"
org.joda.time.TestDateTimeZoneCutover.test_DateTime_setHourZero_Turk,0.046992481203007516,0.04390440386680988,0.04081632653061224,0.08780880773361976,0.043687199650502405,0.04379566710606898,0.0030880773361976373,9.947368421052632,7.847153598281418,5.746938775510204,15.694307196562836,7.285051398223305,7.56088072206096,2.100214822771214,"[""DateTime$Property"", ""TestDateTimeZoneCutover"", ""DateTime""]","[0.046992481203007516, 0.04081632653061224]","[9.947368421052632, 5.746938775510204]"
org.joda.time.TestDateTimeZoneCutover.test_DateTime_plusHour_Gaza,0.046992481203007516,0.04390440386680988,0.04081632653061224,0.08780880773361976,0.043687199650502405,0.04379566710606898,0.0030880773361976373,9.947368421052632,7.847153598281418,5.746938775510204,15.694307196562836,7.285051398223305,7.56088072206096,2.100214822771214,"[""TestDateTimeZoneCutover"", ""DateTime""]","[0.046992481203007516, 0.04081632653061224]","[9.947368421052632, 5.746938775510204]"
org.joda.time.TestDateTimeZoneCutover.testPlusMillisInDstChange,0.046992481203007516,0.04390440386680988,0.04081632653061224,0.08780880773361976,0.043687199650502405,0.04379566710606898,0.0030880773361976373,9.947368421052632,7.847153598281418,5.746938775510204,15.694307196562836,7.285051398223305,7.56088072206096,2.100214822771214,"[""TestDateTimeZoneCutover"", ""DateTime""]","[0.046992481203007516, 0.04081632653061224]","[9.947368421052632, 5.746938775510204]"
org.joda.time.TestDateTimeZoneCutover.test_DateTime_roundFloor_day_NewYork_Autumn_postCutover,0.046992481203007516,0.04390440386680988,0.04081632653061224,0.08780880773361976,0.043687199650502405,0.04379566710606898,0.0030880773361976373,9.947368421052632,7.847153598281418,5.746938775510204,15.694307196562836,7.285051398223305,7.56088072206096,2.100214822771214,"[""DateTime$Property"", ""TestDateTimeZoneCutover"", ""DateTime""]","[0.046992481203007516, 0.04081632653061224]","[9.947368421052632, 5.746938775510204]"
org.joda.time.TestDateTimeZoneCutover.test_DateTime_addWrapFieldDay_Turk,0.046992481203007516,0.04390440386680988,0.04081632653061224,0.08780880773361976,0.043687199650502405,0.04379566710606898,0.0030880773361976373,9.947368421052632,7.847153598281418,5.746938775510204,15.694307196562836,7.285051398223305,7.56088072206096,2.100214822771214,"[""DateTime$Property"", ""TestDateTimeZoneCutover"", ""DateTime""]","[0.046992481203007516, 0.04081632653061224]","[9.947368421052632, 5.746938775510204]"
org.joda.time.TestDateTimeZoneCutover.test_MoscowIsCorrect_Spring,0.046992481203007516,0.04390440386680988,0.04081632653061224,0.08780880773361976,0.043687199650502405,0.04379566710606898,0.0030880773361976373,9.947368421052632,7.847153598281418,5.746938775510204,15.694307196562836,7.285051398223305,7.56088072206096,2.100214822771214,"[""TestDateTimeZoneCutover"", ""DateTime""]","[0.046992481203007516, 0.04081632653061224]","[9.947368421052632, 5.746938775510204]"
org.joda.time.TestDateTimeZoneCutover.test_DateTime_roundCeiling_day_NewYork_Spring_postCutover,0.046992481203007516,0.04390440386680988,0.04081632653061224,0.08780880773361976,0.043687199650502405,0.04379566710606898,0.0030880773361976373,9.947368421052632,7.847153598281418,5.746938775510204,15.694307196562836,7.285051398223305,7.56088072206096,2.100214822771214,"[""DateTime$Property"", ""TestDateTimeZoneCutover"", ""DateTime""]","[0.046992481203007516, 0.04081632653061224]","[9.947368421052632, 5.746938775510204]"
org.joda.time.TestDateTimeZoneCutover.test_DateTime_plusDay_Gaza,0.046992481203007516,0.04390440386680988,0.04081632653061224,0.08780880773361976,0.043687199650502405,0.04379566710606898,0.0030880773361976373,9.947368421052632,7.847153598281418,5.746938775510204,15.694307196562836,7.285051398223305,7.56088072206096,2.100214822771214,"[""TestDateTimeZoneCutover"", ""DateTime""]","[0.046992481203007516, 0.04081632653061224]","[9.947368421052632, 5.746938775510204]"
org.joda.time.TestDateTimeZoneCutover.test_DateTime_minusDay_Gaza,0.046992481203007516,0.04390440386680988,0.04081632653061224,0.08780880773361976,0.043687199650502405,0.04379566710606898,0.0030880773361976373,9.947368421052632,7.847153598281418,5.746938775510204,15.694307196562836,7.285051398223305,7.56088072206096,2.100214822771214,"[""TestDateTimeZoneCutover"", ""DateTime""]","[0.046992481203007516, 0.04081632653061224]","[9.947368421052632, 5.746938775510204]"
org.joda.time.TestDateTimeZoneCutover.test_DateTime_roundFloor_secondOfMinute_NewYork_Autumn_preCutover,0.046992481203007516,0.04390440386680988,0.04081632653061224,0.08780880773361976,0.043687199650502405,0.04379566710606898,0.0030880773361976373,9.947368421052632,7.847153598281418,5.746938775510204,15.694307196562836,7.285051398223305,7.56088072206096,2.100214822771214,"[""DateTime$Property"", ""TestDateTimeZoneCutover"", ""DateTime""]","[0.046992481203007516, 0.04081632653061224]","[9.947368421052632, 5.746938775510204]"
org.joda.time.TestDateTimeZoneCutover.test_NewYorkIsCorrect_Autumn,0.046992481203007516,0.04390440386680988,0.04081632653061224,0.08780880773361976,0.043687199650502405,0.04379566710606898,0.0030880773361976373,9.947368421052632,7.847153598281418,5.746938775510204,15.694307196562836,7.285051398223305,7.56088072206096,2.100214822771214,"[""TestDateTimeZoneCutover"", ""DateTime""]","[0.046992481203007516, 0.04081632653061224]","[9.947368421052632, 5.746938775510204]"
org.joda.time.TestDateTimeZoneCutover.test_DateTime_plusHour_Moscow_Autumn,0.046992481203007516,0.04390440386680988,0.04081632653061224,0.08780880773361976,0.043687199650502405,0.04379566710606898,0.0030880773361976373,9.947368421052632,7.847153598281418,5.746938775510204,15.694307196562836,7.285051398223305,7.56088072206096,2.100214822771214,"[""TestDateTimeZoneCutover"", ""DateTime""]","[0.046992481203007516, 0.04081632653061224]","[9.947368421052632, 5.746938775510204]"
org.joda.time.TestDateTimeZoneCutover.test_DateTime_plusHour_Guatemata_Autumn,0.046992481203007516,0.04390440386680988,0.04081632653061224,0.08780880773361976,0.043687199650502405,0.04379566710606898,0.0030880773361976373,9.947368421052632,7.847153598281418,5.746938775510204,15.694307196562836,7.285051398223305,7.56088072206096,2.100214822771214,"[""TestDateTimeZoneCutover"", ""DateTime""]","[0.046992481203007516, 0.04081632653061224]","[9.947368421052632, 5.746938775510204]"
org.joda.time.TestDateTimeZoneCutover.testWithMillisOfSecondInDstChange_Paris_summer,0.046992481203007516,0.04390440386680988,0.04081632653061224,0.08780880773361976,0.043687199650502405,0.04379566710606898,0.0030880773361976373,9.947368421052632,7.847153598281418,5.746938775510204,15.694307196562836,7.285051398223305,7.56088072206096,2.100214822771214,"[""TestDateTimeZoneCutover"", ""DateTime""]","[0.046992481203007516, 0.04081632653061224]","[9.947368421052632, 5.746938775510204]"
org.joda.time.TestDateTimeZoneCutover.test_DateTime_roundFloor_minute_NewYork_Spring_preCutover,0.046992481203007516,0.04390440386680988,0.04081632653061224,0.08780880773361976,0.043687199650502405,0.04379566710606898,0.0030880773361976373,9.947368421052632,7.847153598281418,5.746938775510204,15.694307196562836,7.285051398223305,7.56088072206096,2.100214822771214,"[""DateTime$Property"", ""TestDateTimeZoneCutover"", ""DateTime""]","[0.046992481203007516, 0.04081632653061224]","[9.947368421052632, 5.746938775510204]"
org.joda.time.TestDateTimeZoneCutover.test_DateTime_setHourAcross_Moscow_Spring,0.046992481203007516,0.04390440386680988,0.04081632653061224,0.08780880773361976,0.043687199650502405,0.04379566710606898,0.0030880773361976373,9.947368421052632,7.847153598281418,5.746938775510204,15.694307196562836,7.285051398223305,7.56088072206096,2.100214822771214,"[""DateTime$Property"", ""TestDateTimeZoneCutover"", ""DateTime""]","[0.046992481203007516, 0.04081632653061224]","[9.947368421052632, 5.746938775510204]"
org.joda.time.TestDateTimeZoneCutover.test_DateTime_roundFloor_day_NewYork_Autumn_preCutover,0.046992481203007516,0.04390440386680988,0.04081632653061224,0.08780880773361976,0.043687199650502405,0.04379566710606898,0.0030880773361976373,9.947368421052632,7.847153598281418,5.746938775510204,15.694307196562836,7.285051398223305,7.56088072206096,2.100214822771214,"[""DateTime$Property"", ""TestDateTimeZoneCutover"", ""DateTime""]","[0.046992481203007516, 0.04081632653061224]","[9.947368421052632, 5.746938775510204]"
org.joda.time.TestDateTimeZoneCutover.test_DateTime_roundCeiling_hourOfDay_NewYork_Autumn_preCutover,0.046992481203007516,0.04390440386680988,0.04081632653061224,0.08780880773361976,0.043687199650502405,0.04379566710606898,0.0030880773361976373,9.947368421052632,7.847153598281418,5.746938775510204,15.694307196562836,7.285051398223305,7.56088072206096,2.100214822771214,"[""DateTime$Property"", ""TestDateTimeZoneCutover"", ""DateTime""]","[0.046992481203007516, 0.04081632653061224]","[9.947368421052632, 5.746938775510204]"
org.joda.time.TestDateTimeZoneCutover.test_DateTime_roundCeiling_hour_NewYork_Spring_preCutover,0.046992481203007516,0.04390440386680988,0.04081632653061224,0.08780880773361976,0.043687199650502405,0.04379566710606898,0.0030880773361976373,9.947368421052632,7.847153598281418,5.746938775510204,15.694307196562836,7.285051398223305,7.56088072206096,2.100214822771214,"[""DateTime$Property"", ""TestDateTimeZoneCutover"", ""DateTime""]","[0.046992481203007516, 0.04081632653061224]","[9.947368421052632, 5.746938775510204]"
org.joda.time.TestDateTimeZoneCutover.test_MoscowIsCorrect_Autumn,0.046992481203007516,0.04390440386680988,0.04081632653061224,0.08780880773361976,0.043687199650502405,0.04379566710606898,0.0030880773361976373,9.947368421052632,7.847153598281418,5.746938775510204,15.694307196562836,7.285051398223305,7.56088072206096,2.100214822771214,"[""TestDateTimeZoneCutover"", ""DateTime""]","[0.046992481203007516, 0.04081632653061224]","[9.947368421052632, 5.746938775510204]"
org.joda.time.TestDateTimeZoneCutover.test_DateTime_roundCeiling_secondOfMinute_NewYork_Autumn_postCutover,0.046992481203007516,0.04390440386680988,0.04081632653061224,0.08780880773361976,0.043687199650502405,0.04379566710606898,0.0030880773361976373,9.947368421052632,7.847153598281418,5.746938775510204,15.694307196562836,7.285051398223305,7.56088072206096,2.100214822771214,"[""DateTime$Property"", ""TestDateTimeZoneCutover"", ""DateTime""]","[0.046992481203007516, 0.04081632653061224]","[9.947368421052632, 5.746938775510204]"
org.joda.time.TestDateTimeZoneCutover.test_DateTime_roundFloor_Gaza,0.046992481203007516,0.04390440386680988,0.04081632653061224,0.08780880773361976,0.043687199650502405,0.04379566710606898,0.0030880773361976373,9.947368421052632,7.847153598281418,5.746938775510204,15.694307196562836,7.285051398223305,7.56088072206096,2.100214822771214,"[""DateTime$Property"", ""TestDateTimeZoneCutover"", ""DateTime""]","[0.046992481203007516, 0.04081632653061224]","[9.947368421052632, 5.746938775510204]"
org.joda.time.TestDateTimeZoneCutover.test_DateTime_minusHour_Guatemata_Autumn,0.046992481203007516,0.04390440386680988,0.04081632653061224,0.08780880773361976,0.043687199650502405,0.04379566710606898,0.0030880773361976373,9.947368421052632,7.847153598281418,5.746938775510204,15.694307196562836,7.285051398223305,7.56088072206096,2.100214822771214,"[""TestDateTimeZoneCutover"", ""DateTime""]","[0.046992481203007516, 0.04081632653061224]","[9.947368421052632, 5.746938775510204]"
org.joda.time.TestDateTimeZoneCutover.testWithHourOfDayInDstChange,0.046992481203007516,0.04390440386680988,0.04081632653061224,0.08780880773361976,0.043687199650502405,0.04379566710606898,0.0030880773361976373,9.947368421052632,7.847153598281418,5.746938775510204,15.694307196562836,7.285051398223305,7.56088072206096,2.100214822771214,"[""TestDateTimeZoneCutover"", ""DateTime""]","[0.046992481203007516, 0.04081632653061224]","[9.947368421052632, 5.746938775510204]"
org.joda.time.TestDateTimeZoneCutover.test_DateTime_setHourBack_NewYork_Spring,0.046992481203007516,0.04390440386680988,0.04081632653061224,0.08780880773361976,0.043687199650502405,0.04379566710606898,0.0030880773361976373,9.947368421052632,7.847153598281418,5.746938775510204,15.694307196562836,7.285051398223305,7.56088072206096,2.100214822771214,"[""DateTime$Property"", ""TestDateTimeZoneCutover"", ""DateTime""]","[0.046992481203007516, 0.04081632653061224]","[9.947368421052632, 5.746938775510204]"
org.joda.time.TestDateTimeZoneCutover.test_DateTime_withZoneRetainFields_Turk,0.046992481203007516,0.04390440386680988,0.04081632653061224,0.08780880773361976,0.043687199650502405,0.04379566710606898,0.0030880773361976373,9.947368421052632,7.847153598281418,5.746938775510204,15.694307196562836,7.285051398223305,7.56088072206096,2.100214822771214,"[""TestDateTimeZoneCutover"", ""DateTime""]","[0.046992481203007516, 0.04081632653061224]","[9.947368421052632, 5.746938775510204]"
org.joda.time.TestDateTimeZoneCutover.test_DateTime_withZoneRetainFields_Gaza,0.046992481203007516,0.04390440386680988,0.04081632653061224,0.08780880773361976,0.043687199650502405,0.04379566710606898,0.0030880773361976373,9.947368421052632,7.847153598281418,5.746938775510204,15.694307196562836,7.285051398223305,7.56088072206096,2.100214822771214,"[""TestDateTimeZoneCutover"", ""DateTime""]","[0.046992481203007516, 0.04081632653061224]","[9.947368421052632, 5.746938775510204]"
org.joda.time.TestDateTimeZoneCutover.test_DateTime_constructor_Moscow_Autumn,0.046992481203007516,0.04390440386680988,0.04081632653061224,0.08780880773361976,0.043687199650502405,0.04379566710606898,0.0030880773361976373,9.947368421052632,7.847153598281418,5.746938775510204,15.694307196562836,7.285051398223305,7.56088072206096,2.100214822771214,"[""TestDateTimeZoneCutover"", ""DateTime""]","[0.046992481203007516, 0.04081632653061224]","[9.947368421052632, 5.746938775510204]"
org.joda.time.TestDateTimeZoneCutover.test_DateTime_roundFloor_minute_NewYork_Spring_postCutover,0.046992481203007516,0.04390440386680988,0.04081632653061224,0.08780880773361976,0.043687199650502405,0.04379566710606898,0.0030880773361976373,9.947368421052632,7.847153598281418,5.746938775510204,15.694307196562836,7.285051398223305,7.56088072206096,2.100214822771214,"[""DateTime$Property"", ""TestDateTimeZoneCutover"", ""DateTime""]","[0.046992481203007516, 0.04081632653061224]","[9.947368421052632, 5.746938775510204]"
org.joda.time.TestDateTimeZoneCutover.test_DateTime_setHourAcross_NewYork_Spring,0.046992481203007516,0.04390440386680988,0.04081632653061224,0.08780880773361976,0.043687199650502405,0.04379566710606898,0.0030880773361976373,9.947368421052632,7.847153598281418,5.746938775510204,15.694307196562836,7.285051398223305,7.56088072206096,2.100214822771214,"[""DateTime$Property"", ""TestDateTimeZoneCutover"", ""DateTime""]","[0.046992481203007516, 0.04081632653061224]","[9.947368421052632, 5.746938775510204]"
org.joda.time.TestDateTimeZoneCutover.testWithSecondOfMinuteInDstChange,0.046992481203007516,0.04390440386680988,0.04081632653061224,0.08780880773361976,0.043687199650502405,0.04379566710606898,0.0030880773361976373,9.947368421052632,7.847153598281418,5.746938775510204,15.694307196562836,7.285051398223305,7.56088072206096,2.100214822771214,"[""TestDateTimeZoneCutover"", ""DateTime""]","[0.046992481203007516, 0.04081632653061224]","[9.947368421052632, 5.746938775510204]"
org.joda.time.TestDateTimeZoneCutover.test_DateTime_minusHour_Moscow_Autumn,0.046992481203007516,0.04390440386680988,0.04081632653061224,0.08780880773361976,0.043687199650502405,0.04379566710606898,0.0030880773361976373,9.947368421052632,7.847153598281418,5.746938775510204,15.694307196562836,7.285051398223305,7.56088072206096,2.100214822771214,"[""TestDateTimeZoneCutover"", ""DateTime""]","[0.046992481203007516, 0.04081632653061224]","[9.947368421052632, 5.746938775510204]"
org.joda.time.TestDateTimeZoneCutover.test_DateTime_roundCeiling_hour_NewYork_Spring_postCutover,0.046992481203007516,0.04390440386680988,0.04081632653061224,0.08780880773361976,0.043687199650502405,0.04379566710606898,0.0030880773361976373,9.947368421052632,7.847153598281418,5.746938775510204,15.694307196562836,7.285051398223305,7.56088072206096,2.100214822771214,"[""DateTime$Property"", ""TestDateTimeZoneCutover"", ""DateTime""]","[0.046992481203007516, 0.04081632653061224]","[9.947368421052632, 5.746938775510204]"
org.joda.time.TestDateTimeZoneCutover.test_DateTime_roundCeiling_minute_NewYork_Spring_postCutover,0.046992481203007516,0.04390440386680988,0.04081632653061224,0.08780880773361976,0.043687199650502405,0.04379566710606898,0.0030880773361976373,9.947368421052632,7.847153598281418,5.746938775510204,15.694307196562836,7.285051398223305,7.56088072206096,2.100214822771214,"[""DateTime$Property"", ""TestDateTimeZoneCutover"", ""DateTime""]","[0.046992481203007516, 0.04081632653061224]","[9.947368421052632, 5.746938775510204]"
org.joda.time.TestDateTimeZoneCutover.test_DateTime_roundCeiling_day_NewYork_Autumn_preCutover,0.046992481203007516,0.04390440386680988,0.04081632653061224,0.08780880773361976,0.043687199650502405,0.04379566710606898,0.0030880773361976373,9.947368421052632,7.847153598281418,5.746938775510204,15.694307196562836,7.285051398223305,7.56088072206096,2.100214822771214,"[""DateTime$Property"", ""TestDateTimeZoneCutover"", ""DateTime""]","[0.046992481203007516, 0.04081632653061224]","[9.947368421052632, 5.746938775510204]"
org.joda.time.TestDateTimeZoneCutover.test_DateTime_roundFloor_secondOfMinute_NewYork_Autumn_postCutover,0.046992481203007516,0.04390440386680988,0.04081632653061224,0.08780880773361976,0.043687199650502405,0.04379566710606898,0.0030880773361976373,9.947368421052632,7.847153598281418,5.746938775510204,15.694307196562836,7.285051398223305,7.56088072206096,2.100214822771214,"[""DateTime$Property"", ""TestDateTimeZoneCutover"", ""DateTime""]","[0.046992481203007516, 0.04081632653061224]","[9.947368421052632, 5.746938775510204]"
org.joda.time.TestDateTimeZoneCutover.test_DateTime_minusHour_Turk,0.046992481203007516,0.04390440386680988,0.04081632653061224,0.08780880773361976,0.043687199650502405,0.04379566710606898,0.0030880773361976373,9.947368421052632,7.847153598281418,5.746938775510204,15.694307196562836,7.285051398223305,7.56088072206096,2.100214822771214,"[""TestDateTimeZoneCutover"", ""DateTime""]","[0.046992481203007516, 0.04081632653061224]","[9.947368421052632, 5.746938775510204]"
org.joda.time.TestDateTimeZoneCutover.test_DateTime_roundFloor_hourOfDay_NewYork_Autumn_postCutover,0.046992481203007516,0.04390440386680988,0.04081632653061224,0.08780880773361976,0.043687199650502405,0.04379566710606898,0.0030880773361976373,9.947368421052632,7.847153598281418,5.746938775510204,15.694307196562836,7.285051398223305,7.56088072206096,2.100214822771214,"[""DateTime$Property"", ""TestDateTimeZoneCutover"", ""DateTime""]","[0.046992481203007516, 0.04081632653061224]","[9.947368421052632, 5.746938775510204]"
org.joda.time.TestDateTimeZoneCutover.test_DateTime_roundCeiling_minute_NewYork_Spring_preCutover,0.046992481203007516,0.04390440386680988,0.04081632653061224,0.08780880773361976,0.043687199650502405,0.04379566710606898,0.0030880773361976373,9.947368421052632,7.847153598281418,5.746938775510204,15.694307196562836,7.285051398223305,7.56088072206096,2.100214822771214,"[""DateTime$Property"", ""TestDateTimeZoneCutover"", ""DateTime""]","[0.046992481203007516, 0.04081632653061224]","[9.947368421052632, 5.746938775510204]"
org.joda.time.TestDateTimeZoneCutover.testWithMillisOfSecondInDstChange_NewYork_summer,0.046992481203007516,0.04390440386680988,0.04081632653061224,0.08780880773361976,0.043687199650502405,0.04379566710606898,0.0030880773361976373,9.947368421052632,7.847153598281418,5.746938775510204,15.694307196562836,7.285051398223305,7.56088072206096,2.100214822771214,"[""TestDateTimeZoneCutover"", ""DateTime""]","[0.046992481203007516, 0.04081632653061224]","[9.947368421052632, 5.746938775510204]"
org.joda.time.TestDateTimeZoneCutover.test_DateTime_roundFloor_Turk,0.046992481203007516,0.04390440386680988,0.04081632653061224,0.08780880773361976,0.043687199650502405,0.04379566710606898,0.0030880773361976373,9.947368421052632,7.847153598281418,5.746938775510204,15.694307196562836,7.285051398223305,7.56088072206096,2.100214822771214,"[""DateTime$Property"", ""TestDateTimeZoneCutover"", ""DateTime""]","[0.046992481203007516, 0.04081632653061224]","[9.947368421052632, 5.746938775510204]"
org.joda.time.TestDateTimeZoneCutover.test_DateTime_roundCeiling_hourOfDay_NewYork_Autumn_postCutover,0.046992481203007516,0.04390440386680988,0.04081632653061224,0.08780880773361976,0.043687199650502405,0.04379566710606898,0.0030880773361976373,9.947368421052632,7.847153598281418,5.746938775510204,15.694307196562836,7.285051398223305,7.56088072206096,2.100214822771214,"[""DateTime$Property"", ""TestDateTimeZoneCutover"", ""DateTime""]","[0.046992481203007516, 0.04081632653061224]","[9.947368421052632, 5.746938775510204]"
org.joda.time.TestDateTimeZoneCutover.test_DateTime_withDay_Gaza,0.046992481203007516,0.04390440386680988,0.04081632653061224,0.08780880773361976,0.043687199650502405,0.04379566710606898,0.0030880773361976373,9.947368421052632,7.847153598281418,5.746938775510204,15.694307196562836,7.285051398223305,7.56088072206096,2.100214822771214,"[""TestDateTimeZoneCutover"", ""DateTime""]","[0.046992481203007516, 0.04081632653061224]","[9.947368421052632, 5.746938775510204]"
org.joda.time.TestDateTimeZoneCutover.test_DateTime_plusDayMidGap_Gaza,0.046992481203007516,0.04390440386680988,0.04081632653061224,0.08780880773361976,0.043687199650502405,0.04379566710606898,0.0030880773361976373,9.947368421052632,7.847153598281418,5.746938775510204,15.694307196562836,7.285051398223305,7.56088072206096,2.100214822771214,"[""TestDateTimeZoneCutover"", ""DateTime""]","[0.046992481203007516, 0.04081632653061224]","[9.947368421052632, 5.746938775510204]"
org.joda.time.TestDateTimeZoneCutover.test_DateTime_addWrapFieldDay_Gaza,0.046992481203007516,0.04390440386680988,0.04081632653061224,0.08780880773361976,0.043687199650502405,0.04379566710606898,0.0030880773361976373,9.947368421052632,7.847153598281418,5.746938775510204,15.694307196562836,7.285051398223305,7.56088072206096,2.100214822771214,"[""DateTime$Property"", ""TestDateTimeZoneCutover"", ""DateTime""]","[0.046992481203007516, 0.04081632653061224]","[9.947368421052632, 5.746938775510204]"
org.joda.time.TestDateTimeZoneCutover.test_DateTime_plusHour_Turk,0.046992481203007516,0.04390440386680988,0.04081632653061224,0.08780880773361976,0.043687199650502405,0.04379566710606898,0.0030880773361976373,9.947368421052632,7.847153598281418,5.746938775510204,15.694307196562836,7.285051398223305,7.56088072206096,2.100214822771214,"[""TestDateTimeZoneCutover"", ""DateTime""]","[0.046992481203007516, 0.04081632653061224]","[9.947368421052632, 5.746938775510204]"
org.joda.time.TestDateTimeZoneCutover.test_DateTime_minusDay_Turk,0.046992481203007516,0.04390440386680988,0.04081632653061224,0.08780880773361976,0.043687199650502405,0.04379566710606898,0.0030880773361976373,9.947368421052632,7.847153598281418,5.746938775510204,15.694307196562836,7.285051398223305,7.56088072206096,2.100214822771214,"[""TestDateTimeZoneCutover"", ""DateTime""]","[0.046992481203007516, 0.04081632653061224]","[9.947368421052632, 5.746938775510204]"
org.joda.time.TestDateTimeZoneCutover.test_DateTime_plusHour_NewYork_Autumn,0.046992481203007516,0.04390440386680988,0.04081632653061224,0.08780880773361976,0.043687199650502405,0.04379566710606898,0.0030880773361976373,9.947368421052632,7.847153598281418,5.746938775510204,15.694307196562836,7.285051398223305,7.56088072206096,2.100214822771214,"[""TestDateTimeZoneCutover"", ""DateTime""]","[0.046992481203007516, 0.04081632653061224]","[9.947368421052632, 5.746938775510204]"
org.joda.time.TestDateTimeZoneCutover.testPlusSecondsInDstChange,0.046992481203007516,0.04390440386680988,0.04081632653061224,0.08780880773361976,0.043687199650502405,0.04379566710606898,0.0030880773361976373,9.947368421052632,7.847153598281418,5.746938775510204,15.694307196562836,7.285051398223305,7.56088072206096,2.100214822771214,"[""TestDateTimeZoneCutover"", ""DateTime""]","[0.046992481203007516, 0.04081632653061224]","[9.947368421052632, 5.746938775510204]"
org.joda.time.TestDateTimeZoneCutover.testWithMillisOfSecondInDstChange_Paris_winter,0.046992481203007516,0.04390440386680988,0.04081632653061224,0.08780880773361976,0.043687199650502405,0.04379566710606898,0.0030880773361976373,9.947368421052632,7.847153598281418,5.746938775510204,15.694307196562836,7.285051398223305,7.56088072206096,2.100214822771214,"[""TestDateTimeZoneCutover"", ""DateTime""]","[0.046992481203007516, 0.04081632653061224]","[9.947368421052632, 5.746938775510204]"
org.joda.time.TestDateTimeZoneCutover.test_DateTime_setHourForward_NewYork_Spring,0.046992481203007516,0.04390440386680988,0.04081632653061224,0.08780880773361976,0.043687199650502405,0.04379566710606898,0.0030880773361976373,9.947368421052632,7.847153598281418,5.746938775510204,15.694307196562836,7.285051398223305,7.56088072206096,2.100214822771214,"[""DateTime$Property"", ""TestDateTimeZoneCutover"", ""DateTime""]","[0.046992481203007516, 0.04081632653061224]","[9.947368421052632, 5.746938775510204]"
org.joda.time.TestDateTimeZoneCutover.test_DateTime_roundCeiling_minuteOfHour_NewYork_Autumn_postCutover,0.046992481203007516,0.04390440386680988,0.04081632653061224,0.08780880773361976,0.043687199650502405,0.04379566710606898,0.0030880773361976373,9.947368421052632,7.847153598281418,5.746938775510204,15.694307196562836,7.285051398223305,7.56088072206096,2.100214822771214,"[""DateTime$Property"", ""TestDateTimeZoneCutover"", ""DateTime""]","[0.046992481203007516, 0.04081632653061224]","[9.947368421052632, 5.746938775510204]"
org.joda.time.TestDateTimeZoneCutover.test_DateTime_setHourBack_Moscow_Spring,0.046992481203007516,0.04390440386680988,0.04081632653061224,0.08780880773361976,0.043687199650502405,0.04379566710606898,0.0030880773361976373,9.947368421052632,7.847153598281418,5.746938775510204,15.694307196562836,7.285051398223305,7.56088072206096,2.100214822771214,"[""DateTime$Property"", ""TestDateTimeZoneCutover"", ""DateTime""]","[0.046992481203007516, 0.04081632653061224]","[9.947368421052632, 5.746938775510204]"
org.joda.time.TestDateTimeZoneCutover.test_DateTime_roundFloor_hour_NewYork_Spring_postCutover,0.046992481203007516,0.04390440386680988,0.04081632653061224,0.08780880773361976,0.043687199650502405,0.04379566710606898,0.0030880773361976373,9.947368421052632,7.847153598281418,5.746938775510204,15.694307196562836,7.285051398223305,7.56088072206096,2.100214822771214,"[""DateTime$Property"", ""TestDateTimeZoneCutover"", ""DateTime""]","[0.046992481203007516, 0.04081632653061224]","[9.947368421052632, 5.746938775510204]"
org.joda.time.TestDateTimeZoneCutover.test_DateTime_roundFloor_hourOfDay_NewYork_Autumn_preCutover,0.046992481203007516,0.04390440386680988,0.04081632653061224,0.08780880773361976,0.043687199650502405,0.04379566710606898,0.0030880773361976373,9.947368421052632,7.847153598281418,5.746938775510204,15.694307196562836,7.285051398223305,7.56088072206096,2.100214822771214,"[""DateTime$Property"", ""TestDateTimeZoneCutover"", ""DateTime""]","[0.046992481203007516, 0.04081632653061224]","[9.947368421052632, 5.746938775510204]"
org.joda.time.TestDateTimeZoneCutover.test_DateTime_setHourZero_Gaza,0.046992481203007516,0.04390440386680988,0.04081632653061224,0.08780880773361976,0.043687199650502405,0.04379566710606898,0.0030880773361976373,9.947368421052632,7.847153598281418,5.746938775510204,15.694307196562836,7.285051398223305,7.56088072206096,2.100214822771214,"[""DateTime$Property"", ""TestDateTimeZoneCutover"", ""DateTime""]","[0.046992481203007516, 0.04081632653061224]","[9.947368421052632, 5.746938775510204]"
org.joda.time.TestDateTimeZoneCutover.test_MockGazaIsCorrect,0.046992481203007516,0.04390440386680988,0.04081632653061224,0.08780880773361976,0.043687199650502405,0.04379566710606898,0.0030880773361976373,9.947368421052632,7.847153598281418,5.746938775510204,15.694307196562836,7.285051398223305,7.56088072206096,2.100214822771214,"[""TestDateTimeZoneCutover"", ""DateTime""]","[0.046992481203007516, 0.04081632653061224]","[9.947368421052632, 5.746938775510204]"
org.joda.time.TestDateTimeZoneCutover.test_DateTime_constructor_NewYork_Autumn,0.046992481203007516,0.04390440386680988,0.04081632653061224,0.08780880773361976,0.043687199650502405,0.04379566710606898,0.0030880773361976373,9.947368421052632,7.847153598281418,5.746938775510204,15.694307196562836,7.285051398223305,7.56088072206096,2.100214822771214,"[""TestDateTimeZoneCutover"", ""DateTime""]","[0.046992481203007516, 0.04081632653061224]","[9.947368421052632, 5.746938775510204]"
org.joda.time.TestDateTimeZoneCutover.test_DateTime_minusHour_NewYork_Autumn,0.046992481203007516,0.04390440386680988,0.04081632653061224,0.08780880773361976,0.043687199650502405,0.04379566710606898,0.0030880773361976373,9.947368421052632,7.847153598281418,5.746938775510204,15.694307196562836,7.285051398223305,7.56088072206096,2.100214822771214,"[""TestDateTimeZoneCutover"", ""DateTime""]","[0.046992481203007516, 0.04081632653061224]","[9.947368421052632, 5.746938775510204]"
org.joda.time.TestDateTimeZoneCutover.test_DateTime_roundFloorNotDST_Turk,0.046992481203007516,0.04390440386680988,0.04081632653061224,0.08780880773361976,0.043687199650502405,0.04379566710606898,0.0030880773361976373,9.947368421052632,7.847153598281418,5.746938775510204,15.694307196562836,7.285051398223305,7.56088072206096,2.100214822771214,"[""DateTime$Property"", ""TestDateTimeZoneCutover"", ""DateTime""]","[0.046992481203007516, 0.04081632653061224]","[9.947368421052632, 5.746938775510204]"
org.joda.time.TestDateTimeZoneCutover.test_DateTime_roundCeiling_minuteOfHour_NewYork_Autumn_preCutover,0.046992481203007516,0.04390440386680988,0.04081632653061224,0.08780880773361976,0.043687199650502405,0.04379566710606898,0.0030880773361976373,9.947368421052632,7.847153598281418,5.746938775510204,15.694307196562836,7.285051398223305,7.56088072206096,2.100214822771214,"[""DateTime$Property"", ""TestDateTimeZoneCutover"", ""DateTime""]","[0.046992481203007516, 0.04081632653061224]","[9.947368421052632, 5.746938775510204]"
org.joda.time.TestDateTimeZoneCutover.test_DateTime_setHourForward_Moscow_Spring,0.046992481203007516,0.04390440386680988,0.04081632653061224,0.08780880773361976,0.043687199650502405,0.04379566710606898,0.0030880773361976373,9.947368421052632,7.847153598281418,5.746938775510204,15.694307196562836,7.285051398223305,7.56088072206096,2.100214822771214,"[""DateTime$Property"", ""TestDateTimeZoneCutover"", ""DateTime""]","[0.046992481203007516, 0.04081632653061224]","[9.947368421052632, 5.746938775510204]"
org.joda.time.TestDateTimeZoneCutover.test_DateTime_roundCeiling_Gaza,0.046992481203007516,0.04390440386680988,0.04081632653061224,0.08780880773361976,0.043687199650502405,0.04379566710606898,0.0030880773361976373,9.947368421052632,7.847153598281418,5.746938775510204,15.694307196562836,7.285051398223305,7.56088072206096,2.100214822771214,"[""DateTime$Property"", ""TestDateTimeZoneCutover"", ""DateTime""]","[0.046992481203007516, 0.04081632653061224]","[9.947368421052632, 5.746938775510204]"
org.joda.time.TestDateTimeZoneCutover.test_DateTime_roundFloor_minuteOfHour_NewYork_Autumn_preCutover,0.046992481203007516,0.04390440386680988,0.04081632653061224,0.08780880773361976,0.043687199650502405,0.04379566710606898,0.0030880773361976373,9.947368421052632,7.847153598281418,5.746938775510204,15.694307196562836,7.285051398223305,7.56088072206096,2.100214822771214,"[""DateTime$Property"", ""TestDateTimeZoneCutover"", ""DateTime""]","[0.046992481203007516, 0.04081632653061224]","[9.947368421052632, 5.746938775510204]"
org.joda.time.TestDateTimeZoneCutover.test_DateTime_withHourZero_Turk,0.046992481203007516,0.04390440386680988,0.04081632653061224,0.08780880773361976,0.043687199650502405,0.04379566710606898,0.0030880773361976373,9.947368421052632,7.847153598281418,5.746938775510204,15.694307196562836,7.285051398223305,7.56088072206096,2.100214822771214,"[""TestDateTimeZoneCutover"", ""DateTime""]","[0.046992481203007516, 0.04081632653061224]","[9.947368421052632, 5.746938775510204]"
org.joda.time.TestDateTimeZoneCutover.test_DateTime_roundCeiling_secondOfMinute_NewYork_Autumn_preCutover,0.046992481203007516,0.04390440386680988,0.04081632653061224,0.08780880773361976,0.043687199650502405,0.04379566710606898,0.0030880773361976373,9.947368421052632,7.847153598281418,5.746938775510204,15.694307196562836,7.285051398223305,7.56088072206096,2.100214822771214,"[""DateTime$Property"", ""TestDateTimeZoneCutover"", ""DateTime""]","[0.046992481203007516, 0.04081632653061224]","[9.947368421052632, 5.746938775510204]"
org.joda.time.TestDateTimeZoneCutover.test_DateTime_roundCeiling_Turk,0.046992481203007516,0.04390440386680988,0.04081632653061224,0.08780880773361976,0.043687199650502405,0.04379566710606898,0.0030880773361976373,9.947368421052632,7.847153598281418,5.746938775510204,15.694307196562836,7.285051398223305,7.56088072206096,2.100214822771214,"[""DateTime$Property"", ""TestDateTimeZoneCutover"", ""DateTime""]","[0.046992481203007516, 0.04081632653061224]","[9.947368421052632, 5.746938775510204]"
org.joda.time.TestDateTimeZoneCutover.test_DateTime_roundFloor_day_NewYork_Spring_preCutover,0.046992481203007516,0.04390440386680988,0.04081632653061224,0.08780880773361976,0.043687199650502405,0.04379566710606898,0.0030880773361976373,9.947368421052632,7.847153598281418,5.746938775510204,15.694307196562836,7.285051398223305,7.56088072206096,2.100214822771214,"[""DateTime$Property"", ""TestDateTimeZoneCutover"", ""DateTime""]","[0.046992481203007516, 0.04081632653061224]","[9.947368421052632, 5.746938775510204]"
org.joda.time.TestDateTimeZoneCutover.test_DateTime_roundCeiling_day_NewYork_Autumn_postCutover,0.046992481203007516,0.04390440386680988,0.04081632653061224,0.08780880773361976,0.043687199650502405,0.04379566710606898,0.0030880773361976373,9.947368421052632,7.847153598281418,5.746938775510204,15.694307196562836,7.285051398223305,7.56088072206096,2.100214822771214,"[""DateTime$Property"", ""TestDateTimeZoneCutover"", ""DateTime""]","[0.046992481203007516, 0.04081632653061224]","[9.947368421052632, 5.746938775510204]"
org.joda.time.TestDateTimeZoneCutover.test_DateTime_newValid_Gaza,0.046992481203007516,0.04390440386680988,0.04081632653061224,0.08780880773361976,0.043687199650502405,0.04379566710606898,0.0030880773361976373,9.947368421052632,7.847153598281418,5.746938775510204,15.694307196562836,7.285051398223305,7.56088072206096,2.100214822771214,"[""TestDateTimeZoneCutover"", ""DateTime""]","[0.046992481203007516, 0.04081632653061224]","[9.947368421052632, 5.746938775510204]"
org.joda.time.TestDateTimeZoneCutover.test_DateTime_roundFloor_minuteOfHour_NewYork_Autumn_postCutover,0.046992481203007516,0.04390440386680988,0.04081632653061224,0.08780880773361976,0.043687199650502405,0.04379566710606898,0.0030880773361976373,9.947368421052632,7.847153598281418,5.746938775510204,15.694307196562836,7.285051398223305,7.56088072206096,2.100214822771214,"[""DateTime$Property"", ""TestDateTimeZoneCutover"", ""DateTime""]","[0.046992481203007516, 0.04081632653061224]","[9.947368421052632, 5.746938775510204]"
org.joda.time.TestDateTimeZoneCutover.test_GuatemataIsCorrect_Autumn,0.046992481203007516,0.04390440386680988,0.04081632653061224,0.08780880773361976,0.043687199650502405,0.04379566710606898,0.0030880773361976373,9.947368421052632,7.847153598281418,5.746938775510204,15.694307196562836,7.285051398223305,7.56088072206096,2.100214822771214,"[""TestDateTimeZoneCutover"", ""DateTime""]","[0.046992481203007516, 0.04081632653061224]","[9.947368421052632, 5.746938775510204]"
org.joda.time.field.TestOffsetDateTimeField.test_add_RP_int_intarray_int,0.044386422976501305,0.017556395441995287,0.006024096385542169,0.08778197720997644,0.011408038886038556,0.013735273933032229,0.013774439847251494,4.117493472584856,1.4983175571688672,0.06927710843373494,7.491587785844335,0.27548981067701295,0.7606028065502237,1.446301539503215,"[""TimeOfDay"", ""OffsetDateTimeField"", ""Arrays"", ""TestOffsetDateTimeField$MockOffsetDateTimeField"", ""TestOffsetDateTimeField"", ""ISOChronology"", ""TestOffsetDateTimeField$MockStandardDateTimeField""]","[0.044386422976501305, 0.01574344023323615, 0.011715481171548118, 0.009912536443148687, 0.006024096385542169]","[4.117493472584856, 0.7008746355685131, 1.9514644351464434, 0.6524781341107871, 0.06927710843373494]"
org.joda.time.field.TestOffsetDateTimeField.test_set_RP_int_intarray_String_Locale,0.044386422976501305,0.017556395441995287,0.006024096385542169,0.08778197720997644,0.011408038886038556,0.013735273933032229,0.013774439847251494,4.117493472584856,1.4983175571688672,0.06927710843373494,7.491587785844335,0.27548981067701295,0.7606028065502237,1.446301539503215,"[""TimeOfDay"", ""TestOffsetDateTimeField$MockOffsetDateTimeField"", ""OffsetDateTimeField"", ""Arrays"", ""TestOffsetDateTimeField"", ""ISOChronology""]","[0.044386422976501305, 0.01574344023323615, 0.011715481171548118, 0.009912536443148687, 0.006024096385542169]","[4.117493472584856, 0.7008746355685131, 1.9514644351464434, 0.6524781341107871, 0.06927710843373494]"
org.joda.time.field.TestOffsetDateTimeField.test_addWrapField_RP_int_intarray_int,0.044386422976501305,0.017556395441995287,0.006024096385542169,0.08778197720997644,0.011408038886038556,0.013735273933032229,0.013774439847251494,4.117493472584856,1.4983175571688672,0.06927710843373494,7.491587785844335,0.27548981067701295,0.7606028065502237,1.446301539503215,"[""TimeOfDay"", ""TestOffsetDateTimeField$MockOffsetDateTimeField"", ""OffsetDateTimeField"", ""Arrays"", ""TestOffsetDateTimeField"", ""ISOChronology""]","[0.044386422976501305, 0.01574344023323615, 0.011715481171548118, 0.009912536443148687, 0.006024096385542169]","[4.117493472584856, 0.7008746355685131, 1.9514644351464434, 0.6524781341107871, 0.06927710843373494]"
org.joda.time.field.TestOffsetDateTimeField.test_set_RP_int_intarray_int,0.044386422976501305,0.017556395441995287,0.006024096385542169,0.08778197720997644,0.011408038886038556,0.013735273933032229,0.013774439847251494,4.117493472584856,1.4983175571688672,0.06927710843373494,7.491587785844335,0.27548981067701295,0.7606028065502237,1.446301539503215,"[""TimeOfDay"", ""TestOffsetDateTimeField$MockOffsetDateTimeField"", ""OffsetDateTimeField"", ""Arrays"", ""TestOffsetDateTimeField"", ""ISOChronology""]","[0.044386422976501305, 0.01574344023323615, 0.011715481171548118, 0.009912536443148687, 0.006024096385542169]","[4.117493472584856, 0.7008746355685131, 1.9514644351464434, 0.6524781341107871, 0.06927710843373494]"
org.joda.time.chrono.TestIslamicChronology.testDurationFields,0.037317784256559766,0.021926574587872432,0.00994733762434172,0.08770629835148973,0.017616518508543663,0.019697065936629066,0.009911741145698892,3.8848039215686274,2.509362073112284,0.689877121123464,10.037448292449136,1.6129439835429178,2.0861466525391186,1.2336688304842194,"[""DurationField"", ""IslamicChronology"", ""TestIslamicChronology"", ""DateTimeZone""]","[0.037317784256559766, 0.022058823529411766, 0.01838235294117647, 0.00994733762434172]","[3.358600583090379, 2.1041666666666665, 3.8848039215686274, 0.689877121123464]"
org.joda.time.TestLocalDateTime_Constructors.testConstructor_Object_nullDateTimeZone,0.058186738836265225,0.029216606485490435,0.00243605359317905,0.08764981945647131,0.006455971773890849,0.01564719075997411,0.022812721888193735,11.043301759133964,5.218171281022886,0.04506699147381242,15.654513843068658,0.13334077118343204,1.314727472199053,4.513619804847706,"[""TestLocalDateTime_Constructors"", ""LocalDateTime"", ""Date""]","[0.058186738836265225, 0.02702702702702703, 0.00243605359317905]","[11.043301759133964, 4.566145092460882, 0.04506699147381242]"
org.joda.time.TestLocalDateTime_Constructors.testConstructor_Object1,0.058186738836265225,0.029216606485490435,0.00243605359317905,0.08764981945647131,0.006455971773890849,0.01564719075997411,0.022812721888193735,11.043301759133964,5.218171281022886,0.04506699147381242,15.654513843068658,0.13334077118343204,1.314727472199053,4.513619804847706,"[""TestLocalDateTime_Constructors"", ""LocalDateTime"", ""Date""]","[0.058186738836265225, 0.02702702702702703, 0.00243605359317905]","[11.043301759133964, 4.566145092460882, 0.04506699147381242]"
org.joda.time.TestLocalDateTime_Constructors.testConstructor_Object_Chronology,0.058186738836265225,0.029216606485490435,0.00243605359317905,0.08764981945647131,0.006455971773890849,0.01564719075997411,0.022812721888193735,11.043301759133964,5.218171281022886,0.04506699147381242,15.654513843068658,0.13334077118343204,1.314727472199053,4.513619804847706,"[""TestLocalDateTime_Constructors"", ""LocalDateTime"", ""Date""]","[0.058186738836265225, 0.02702702702702703, 0.00243605359317905]","[11.043301759133964, 4.566145092460882, 0.04506699147381242]"
org.joda.time.TestLocalDateTime_Constructors.testConstructor_Object_nullChronology,0.058186738836265225,0.029216606485490435,0.00243605359317905,0.08764981945647131,0.006455971773890849,0.01564719075997411,0.022812721888193735,11.043301759133964,5.218171281022886,0.04506699147381242,15.654513843068658,0.13334077118343204,1.314727472199053,4.513619804847706,"[""TestLocalDateTime_Constructors"", ""LocalDateTime"", ""Date""]","[0.058186738836265225, 0.02702702702702703, 0.00243605359317905]","[11.043301759133964, 4.566145092460882, 0.04506699147381242]"
org.joda.time.TestLocalDateTime_Constructors.testConstructor_Object_DateTimeZone,0.058186738836265225,0.029216606485490435,0.00243605359317905,0.08764981945647131,0.006455971773890849,0.01564719075997411,0.022812721888193735,11.043301759133964,5.218171281022886,0.04506699147381242,15.654513843068658,0.13334077118343204,1.314727472199053,4.513619804847706,"[""TestLocalDateTime_Constructors"", ""LocalDateTime"", ""Date""]","[0.058186738836265225, 0.02702702702702703, 0.00243605359317905]","[11.043301759133964, 4.566145092460882, 0.04506699147381242]"
org.joda.time.TestTimeOfDay_Constructors.testConstructor_Object_Chronology,0.044386422976501305,0.021889557219461443,0.00243605359317905,0.08755822887784577,0.007519935470270515,0.014527471655277058,0.01495844286313266,4.117493472584856,1.9664554532463943,0.04506699147381242,7.865821812985577,0.16660906942345197,0.8125746588652896,1.6204389592576114,"[""TestTimeOfDay_Constructors"", ""Date"", ""TimeOfDay"", ""JulianChronology""]","[0.044386422976501305, 0.022076860179885527, 0.018658892128279883, 0.00243605359317905]","[4.117493472584856, 2.8904333605887165, 0.8128279883381925, 0.04506699147381242]"
org.joda.time.chrono.TestBuddhistChronology.testKeyYears,0.04081632653061224,0.029162533938464925,0.01574344023323615,0.08748760181539478,0.02492691183258963,0.027087007331408033,0.010311793340157423,5.746938775510204,3.98962559987176,1.3434402332361517,11.96887679961528,2.670596710179991,3.3520746199989575,1.9044282049823598,"[""TestBuddhistChronology"", ""Period"", ""DateTime""]","[0.04081632653061224, 0.030927835051546393, 0.01574344023323615]","[5.746938775510204, 4.878497790868925, 1.3434402332361517]"
org.joda.time.TestDateTime_Basics.testIsSupported_DateTimeFieldType,0.04081632653061224,0.029160747442065416,0.016693163751987282,0.08748224232619625,0.025473726773144148,0.027333782230659343,0.00986496356525423,5.746938775510204,4.097269699543416,2.1089030206677264,12.291809098630248,3.4340037059691517,3.774219654096972,1.5044075440828848,"[""DateTimeFieldType"", ""TestDateTime_Basics"", ""DateTime""]","[0.04081632653061224, 0.02997275204359673, 0.016693163751987282]","[5.746938775510204, 4.435967302452316, 2.1089030206677264]"
org.joda.time.TestDateTime_Basics.testWithField1,0.04081632653061224,0.029160747442065416,0.016693163751987282,0.08748224232619625,0.025473726773144148,0.027333782230659343,0.00986496356525423,5.746938775510204,4.097269699543416,2.1089030206677264,12.291809098630248,3.4340037059691517,3.774219654096972,1.5044075440828848,"[""DateTimeFieldType"", ""TestDateTime_Basics"", ""DateTime""]","[0.04081632653061224, 0.02997275204359673, 0.016693163751987282]","[5.746938775510204, 4.435967302452316, 2.1089030206677264]"
org.joda.time.TestDateTime_Basics.testGet_DateTimeFieldType,0.04081632653061224,0.029160747442065416,0.016693163751987282,0.08748224232619625,0.025473726773144148,0.027333782230659343,0.00986496356525423,5.746938775510204,4.097269699543416,2.1089030206677264,12.291809098630248,3.4340037059691517,3.774219654096972,1.5044075440828848,"[""DateTimeFieldType"", ""TestDateTime_Basics"", ""DateTime""]","[0.04081632653061224, 0.02997275204359673, 0.016693163751987282]","[5.746938775510204, 4.435967302452316, 2.1089030206677264]"
org.joda.time.chrono.TestISOChronology.testMaximumValue,0.03763440860215054,0.02915276770692314,0.016628873771730914,0.08745830312076942,0.025677722352679625,0.027489929471651187,0.009039283917336287,3.8485477178423237,2.988935317678681,1.7513227513227514,8.966805953036042,2.6599488374706013,2.8311700364807195,0.8969396985599803,"[""TestISOChronology"", ""YearMonthDay"", ""DateMidnight"", ""YearMonthDay$Property"", ""DateMidnight$Property""]","[0.03763440860215054, 0.03319502074688797, 0.016628873771730914]","[3.3669354838709675, 3.8485477178423237, 1.7513227513227514]"
org.joda.time.TestMutableDateTime_Sets.testSetMillis_RI1,0.03498542274052478,0.021842125296534586,0.016231474947071278,0.08736850118613834,0.01990520686134644,0.020748992992408333,0.0076366884176104,4.066472303206997,2.0121572492289586,0.963265306122449,8.048628996915834,1.4780767766665652,1.6981064007131585,1.2386690748662894,"[""BuddhistChronology"", ""TestMutableDateTime_Sets"", ""MutableDateTime"", ""Instant""]","[0.03498542274052478, 0.018658892128279883, 0.01749271137026239, 0.016231474947071278]","[4.066472303206997, 0.963265306122449, 1.114868804664723, 1.9040225829216655]"
org.joda.time.TestLocalTime_Basics.testWithFieldAdded_DurationFieldType_int_1,0.05013550135501355,0.029103541349346354,0.012718600953895072,0.08731062404803906,0.021511570005464026,0.02498387499032466,0.01562481364902429,7.333333333333333,4.376003481102586,1.1764705882352942,13.128010443307758,2.493977229647928,3.415481601418125,2.519356591164264,"[""TestLocalTime_Basics"", ""LocalTime"", ""DurationFieldType""]","[0.05013550135501355, 0.024456521739130436, 0.012718600953895072]","[7.333333333333333, 4.618206521739131, 1.1764705882352942]"
org.joda.time.TestLocalTime_Basics.testWithFieldAdded_DurationFieldType_int_5,0.05013550135501355,0.029103541349346354,0.012718600953895072,0.08731062404803906,0.021511570005464026,0.02498387499032466,0.01562481364902429,7.333333333333333,4.376003481102586,1.1764705882352942,13.128010443307758,2.493977229647928,3.415481601418125,2.519356591164264,"[""TestLocalTime_Basics"", ""LocalTime"", ""DurationFieldType""]","[0.05013550135501355, 0.024456521739130436, 0.012718600953895072]","[7.333333333333333, 4.618206521739131, 1.1764705882352942]"
org.joda.time.TestLocalTime_Basics.testIsSupported_DurationFieldType,0.05013550135501355,0.029103541349346354,0.012718600953895072,0.08731062404803906,0.021511570005464026,0.02498387499032466,0.01562481364902429,7.333333333333333,4.376003481102586,1.1764705882352942,13.128010443307758,2.493977229647928,3.415481601418125,2.519356591164264,"[""TestLocalTime_Basics"", ""LocalTime"", ""DurationFieldType""]","[0.05013550135501355, 0.024456521739130436, 0.012718600953895072]","[7.333333333333333, 4.618206521739131, 1.1764705882352942]"
org.joda.time.TestLocalTime_Basics.testWithFieldAdded_DurationFieldType_int_6,0.05013550135501355,0.029103541349346354,0.012718600953895072,0.08731062404803906,0.021511570005464026,0.02498387499032466,0.01562481364902429,7.333333333333333,4.376003481102586,1.1764705882352942,13.128010443307758,2.493977229647928,3.415481601418125,2.519356591164264,"[""TestLocalTime_Basics"", ""LocalTime"", ""DurationFieldType""]","[0.05013550135501355, 0.024456521739130436, 0.012718600953895072]","[7.333333333333333, 4.618206521739131, 1.1764705882352942]"
org.joda.time.TestLocalTime_Basics.testWithFieldAdded_DurationFieldType_int_8,0.05013550135501355,0.029103541349346354,0.012718600953895072,0.08731062404803906,0.021511570005464026,0.02498387499032466,0.01562481364902429,7.333333333333333,4.376003481102586,1.1764705882352942,13.128010443307758,2.493977229647928,3.415481601418125,2.519356591164264,"[""TestLocalTime_Basics"", ""LocalTime"", ""DurationFieldType""]","[0.05013550135501355, 0.024456521739130436, 0.012718600953895072]","[7.333333333333333, 4.618206521739131, 1.1764705882352942]"
org.joda.time.TestLocalTime_Basics.testWithFieldAdded_DurationFieldType_int_4,0.05013550135501355,0.029103541349346354,0.012718600953895072,0.08731062404803906,0.021511570005464026,0.02498387499032466,0.01562481364902429,7.333333333333333,4.376003481102586,1.1764705882352942,13.128010443307758,2.493977229647928,3.415481601418125,2.519356591164264,"[""TestLocalTime_Basics"", ""LocalTime"", ""DurationFieldType""]","[0.05013550135501355, 0.024456521739130436, 0.012718600953895072]","[7.333333333333333, 4.618206521739131, 1.1764705882352942]"
org.joda.time.TestLocalTime_Basics.testWithFieldAdded_DurationFieldType_int_7,0.05013550135501355,0.029103541349346354,0.012718600953895072,0.08731062404803906,0.021511570005464026,0.02498387499032466,0.01562481364902429,7.333333333333333,4.376003481102586,1.1764705882352942,13.128010443307758,2.493977229647928,3.415481601418125,2.519356591164264,"[""TestLocalTime_Basics"", ""LocalTime"", ""DurationFieldType""]","[0.05013550135501355, 0.024456521739130436, 0.012718600953895072]","[7.333333333333333, 4.618206521739131, 1.1764705882352942]"
org.joda.time.TestAbstractPartial.testGetFieldTypes,0.0196078431372549,0.01745749644789546,0.014251781472684086,0.0872874822394773,0.017229034279065605,0.017345583565048908,0.0019323785573067045,2.2746355685131197,1.6889600405501206,0.88756927949327,8.444800202750603,1.4606368033736599,1.5776211382837932,0.5706092936546692,"[""IndexOutOfBoundsException"", ""DateTimeFieldType"", ""BuddhistChronology"", ""TestAbstractPartial$MockPartial"", ""TestAbstractPartial"", ""AbstractPartial"", ""Chronology""]","[0.0196078431372549, 0.01924198250728863, 0.01749271137026239, 0.016693163751987282, 0.014251781472684086]","[2.0588235294117645, 2.2746355685131197, 1.114868804664723, 2.1089030206677264, 0.88756927949327]"
org.joda.time.TestAbstractPartial.testGetFieldType,0.0196078431372549,0.01745749644789546,0.014251781472684086,0.0872874822394773,0.017229034279065605,0.017345583565048908,0.0019323785573067045,2.2746355685131197,1.6889600405501206,0.88756927949327,8.444800202750603,1.4606368033736599,1.5776211382837932,0.5706092936546692,"[""IndexOutOfBoundsException"", ""DateTimeFieldType"", ""BuddhistChronology"", ""TestAbstractPartial$MockPartial"", ""TestAbstractPartial"", ""AbstractPartial"", ""Chronology""]","[0.0196078431372549, 0.01924198250728863, 0.01749271137026239, 0.016693163751987282, 0.014251781472684086]","[2.0588235294117645, 2.2746355685131197, 1.114868804664723, 2.1089030206677264, 0.88756927949327]"
org.joda.time.TestDateTime_Constructors.testConstructor_badconverterObject,0.04081632653061224,0.021812198520090784,0.01430517711171662,0.08724879408036314,0.018268260709344963,0.019699748912368805,0.010997829836409564,5.746938775510204,2.5142087828298036,0.7008746355685131,10.056835131319215,1.4487653720460012,1.8814189793538518,1.9388839736423789,"[""Integer"", ""ISOChronology"", ""TestDateTime_Constructors"", ""ConverterManager"", ""DateTime""]","[0.04081632653061224, 0.016383850204798128, 0.01574344023323615, 0.01430517711171662]","[5.746938775510204, 1.4230544177881803, 0.7008746355685131, 2.1859673024523163]"
org.joda.time.TestMonths.testFactory_monthsBetween_RInstant,0.04081632653061224,0.02904740170828714,0.020766773162939296,0.08714220512486143,0.026838709677419352,0.027877224212274048,0.00854877401532997,5.746938775510204,3.35494338310404,1.987220447284345,10.06483014931212,2.7117856783718293,2.9857574555223803,1.6971978917990325,"[""Months"", ""TestMonths"", ""DateTime""]","[0.04081632653061224, 0.025559105431309903, 0.020766773162939296]","[5.746938775510204, 2.330670926517572, 1.987220447284345]"
org.joda.time.TestDays.testFactory_daysBetween_RInstant,0.04081632653061224,0.02904740170828714,0.020766773162939296,0.08714220512486143,0.026838709677419352,0.027877224212274048,0.00854877401532997,5.746938775510204,3.6584577601008452,2.4345047923322682,10.975373280302536,3.1823970251393936,3.393810274822535,1.4840510508056872,"[""Days"", ""TestDays"", ""DateTime""]","[0.04081632653061224, 0.025559105431309903, 0.020766773162939296]","[5.746938775510204, 2.7939297124600637, 2.4345047923322682]"
org.joda.time.TestInstant_Basics.testToMutableDateTimeISO,0.03498542274052478,0.02177473169104154,0.01574344023323615,0.08709892676416615,0.01978658776929212,0.02065522727651196,0.007699347552607446,4.066472303206997,1.922094478118223,0.7008746355685131,7.688377912472892,1.2416098093674222,1.5226188329716976,1.323854219258767,"[""Object"", ""MutableDateTime"", ""Instant"", ""ISOChronology"", ""TestInstant_Basics""]","[0.03498542274052478, 0.018658892128279883, 0.017711171662125342, 0.01574344023323615]","[4.066472303206997, 0.963265306122449, 1.957765667574932, 0.7008746355685131]"
org.joda.time.TestInstant_Basics.testToMutableDateTime_DateTimeZone,0.03498542274052478,0.02177473169104154,0.01574344023323615,0.08709892676416615,0.01978658776929212,0.02065522727651196,0.007699347552607446,4.066472303206997,1.922094478118223,0.7008746355685131,7.688377912472892,1.2416098093674222,1.5226188329716976,1.323854219258767,"[""TestInstant_Basics"", ""MutableDateTime"", ""ISOChronology"", ""Instant""]","[0.03498542274052478, 0.018658892128279883, 0.017711171662125342, 0.01574344023323615]","[4.066472303206997, 0.963265306122449, 1.957765667574932, 0.7008746355685131]"
org.joda.time.TestInstant_Basics.testToMutableDateTime,0.03498542274052478,0.02177473169104154,0.01574344023323615,0.08709892676416615,0.01978658776929212,0.02065522727651196,0.007699347552607446,4.066472303206997,1.922094478118223,0.7008746355685131,7.688377912472892,1.2416098093674222,1.5226188329716976,1.323854219258767,"[""TestInstant_Basics"", ""MutableDateTime"", ""ISOChronology"", ""Instant""]","[0.03498542274052478, 0.018658892128279883, 0.017711171662125342, 0.01574344023323615]","[4.066472303206997, 0.963265306122449, 1.957765667574932, 0.7008746355685131]"
org.joda.time.TestLocalTime_Properties.testPropertyGetMilli,0.05013550135501355,0.029013509113521015,0.017663043478260868,0.08704052734056304,0.02334066767867235,0.025732791742444656,0.014949407553514173,7.333333333333333,4.779649054238672,2.2746355685131197,14.338947162716018,3.810165976047213,4.28931625334219,2.0654914513733593,"[""LocalTime$Property"", ""Chronology"", ""LocalTime"", ""TestLocalTime_Properties""]","[0.05013550135501355, 0.01924198250728863, 0.017663043478260868]","[7.333333333333333, 2.2746355685131197, 4.730978260869565]"
org.joda.time.TestLocalTime_Properties.testPropertyGetHour,0.05013550135501355,0.029013509113521015,0.017663043478260868,0.08704052734056304,0.02334066767867235,0.025732791742444656,0.014949407553514173,7.333333333333333,4.779649054238672,2.2746355685131197,14.338947162716018,3.810165976047213,4.28931625334219,2.0654914513733593,"[""LocalTime$Property"", ""Chronology"", ""LocalTime"", ""TestLocalTime_Properties""]","[0.05013550135501355, 0.01924198250728863, 0.017663043478260868]","[7.333333333333333, 2.2746355685131197, 4.730978260869565]"
org.joda.time.TestLocalTime_Properties.testPropertyGetSecond,0.05013550135501355,0.029013509113521015,0.017663043478260868,0.08704052734056304,0.02334066767867235,0.025732791742444656,0.014949407553514173,7.333333333333333,4.779649054238672,2.2746355685131197,14.338947162716018,3.810165976047213,4.28931625334219,2.0654914513733593,"[""LocalTime$Property"", ""Chronology"", ""LocalTime"", ""TestLocalTime_Properties""]","[0.05013550135501355, 0.01924198250728863, 0.017663043478260868]","[7.333333333333333, 2.2746355685131197, 4.730978260869565]"
org.joda.time.TestLocalTime_Properties.testPropertyGetMinute,0.05013550135501355,0.029013509113521015,0.017663043478260868,0.08704052734056304,0.02334066767867235,0.025732791742444656,0.014949407553514173,7.333333333333333,4.779649054238672,2.2746355685131197,14.338947162716018,3.810165976047213,4.28931625334219,2.0654914513733593,"[""LocalTime$Property"", ""Chronology"", ""LocalTime"", ""TestLocalTime_Properties""]","[0.05013550135501355, 0.01924198250728863, 0.017663043478260868]","[7.333333333333333, 2.2746355685131197, 4.730978260869565]"
org.joda.time.convert.TestConverterManager.testGetPartialConverterOKMultipleMatches,0.04081632653061224,0.021713561462790985,0.008210180623973728,0.08685424585116394,0.01574995078140381,0.018523648615483935,0.011997244193140553,5.746938775510204,2.789853610763342,0.2939244663382594,11.159414443053368,0.879207109506507,1.726400930108888,2.1013296121532044,"[""TestConverterManager"", ""Object"", ""PartialConverter"", ""DateTime"", ""ConverterManager"", ""TestConverterManager$8""]","[0.04081632653061224, 0.021443888491779844, 0.016383850204798128, 0.008210180623973728]","[5.746938775510204, 3.695496783416726, 1.4230544177881803, 0.2939244663382594]"
org.joda.time.convert.TestConverterManager.testGetInstantConverterOKMultipleMatches,0.04081632653061224,0.02170899758239732,0.008191925102399064,0.08683599032958927,0.015733136044801976,0.018513343081030077,0.01200238252793896,5.746938775510204,2.7769342261857988,0.2422469280280866,11.107736904743195,0.7582451912264309,1.6449295267572899,2.116737727588322,"[""TestConverterManager"", ""Object"", ""TestConverterManager$3"", ""InstantConverter"", ""DateTime"", ""ConverterManager""]","[0.04081632653061224, 0.021443888491779844, 0.016383850204798128, 0.008191925102399064]","[5.746938775510204, 3.695496783416726, 1.4230544177881803, 0.2422469280280866]"
org.joda.time.TestDateMidnight_Basics.testToString_DTFormatter,0.03319502074688797,0.028929631757162576,0.02560553633217993,0.08678889527148773,0.028596424373513958,0.028760381647565395,0.003169079109304324,3.8485477178423237,3.445290013909954,2.8956268221574346,10.335870041729862,3.39517577201908,3.420684284875565,0.40256716500158074,"[""TestDateMidnight_Basics"", ""DateMidnight"", ""DateTimeFormat""]","[0.03319502074688797, 0.027988338192419825, 0.02560553633217993]","[3.8485477178423237, 2.8956268221574346, 3.5916955017301038]"
org.joda.time.TestTimeOfDay_Basics.testGetFields,0.044386422976501305,0.02892843340173104,0.02044153720359771,0.08678530020519312,0.025642720053325366,0.027109061039818153,0.010947952497116945,4.117493472584856,2.8280050359282405,0.8456712672521958,8.484015107784721,1.7550211822834725,2.305830366580222,1.4227276915378202,"[""CopticChronology"", ""TimeOfDay"", ""TestTimeOfDay_Basics""]","[0.044386422976501305, 0.021957340025094103, 0.02044153720359771]","[4.117493472584856, 0.8456712672521958, 3.5208503679476695]"
org.joda.time.TestTimeOfDay_Basics.testGetField,0.044386422976501305,0.02892843340173104,0.02044153720359771,0.08678530020519312,0.025642720053325366,0.027109061039818153,0.010947952497116945,4.117493472584856,2.8280050359282405,0.8456712672521958,8.484015107784721,1.7550211822834725,2.305830366580222,1.4227276915378202,"[""CopticChronology"", ""TimeOfDay"", ""TestTimeOfDay_Basics""]","[0.044386422976501305, 0.021957340025094103, 0.02044153720359771]","[4.117493472584856, 0.8456712672521958, 3.5208503679476695]"
org.joda.time.TestDateTime_Properties.testPropertyToIntervalYear,0.04081632653061224,0.028896925819682017,0.022713687985654513,0.08669077745904605,0.026856984478935697,0.027794453818428214,0.00843026508025756,5.746938775510204,4.231329360264394,1.5499103407053199,12.693988080793181,2.9865972097828575,3.6360980200882635,1.9014198108732623,"[""Interval"", ""DateTime$Property"", ""TestDateTime_Properties"", ""DateTime""]","[0.04081632653061224, 0.02316076294277929, 0.022713687985654513]","[5.746938775510204, 5.397138964577657, 1.5499103407053199]"
org.joda.time.TestDateTime_Properties.testPropertyToIntervalHourOfDay,0.04081632653061224,0.028896925819682017,0.022713687985654513,0.08669077745904605,0.026856984478935697,0.027794453818428214,0.00843026508025756,5.746938775510204,4.231329360264394,1.5499103407053199,12.693988080793181,2.9865972097828575,3.6360980200882635,1.9014198108732623,"[""Interval"", ""DateTime$Property"", ""TestDateTime_Properties"", ""DateTime""]","[0.04081632653061224, 0.02316076294277929, 0.022713687985654513]","[5.746938775510204, 5.397138964577657, 1.5499103407053199]"
org.joda.time.TestDateTime_Properties.testPropertyToIntervalYearOfEra,0.04081632653061224,0.028896925819682017,0.022713687985654513,0.08669077745904605,0.026856984478935697,0.027794453818428214,0.00843026508025756,5.746938775510204,4.231329360264394,1.5499103407053199,12.693988080793181,2.9865972097828575,3.6360980200882635,1.9014198108732623,"[""Interval"", ""DateTime$Property"", ""TestDateTime_Properties"", ""DateTime""]","[0.04081632653061224, 0.02316076294277929, 0.022713687985654513]","[5.746938775510204, 5.397138964577657, 1.5499103407053199]"
org.joda.time.TestDateTime_Properties.testPropertyToIntervalMillisOfSecond,0.04081632653061224,0.028896925819682017,0.022713687985654513,0.08669077745904605,0.026856984478935697,0.027794453818428214,0.00843026508025756,5.746938775510204,4.231329360264394,1.5499103407053199,12.693988080793181,2.9865972097828575,3.6360980200882635,1.9014198108732623,"[""Interval"", ""DateTime$Property"", ""TestDateTime_Properties"", ""DateTime""]","[0.04081632653061224, 0.02316076294277929, 0.022713687985654513]","[5.746938775510204, 5.397138964577657, 1.5499103407053199]"
org.joda.time.TestDateTime_Properties.testPropertyToIntervalMinuteOfHour,0.04081632653061224,0.028896925819682017,0.022713687985654513,0.08669077745904605,0.026856984478935697,0.027794453818428214,0.00843026508025756,5.746938775510204,4.231329360264394,1.5499103407053199,12.693988080793181,2.9865972097828575,3.6360980200882635,1.9014198108732623,"[""Interval"", ""DateTime$Property"", ""TestDateTime_Properties"", ""DateTime""]","[0.04081632653061224, 0.02316076294277929, 0.022713687985654513]","[5.746938775510204, 5.397138964577657, 1.5499103407053199]"
org.joda.time.TestDateTime_Properties.testPropertyToIntervalMonthOfYear,0.04081632653061224,0.028896925819682017,0.022713687985654513,0.08669077745904605,0.026856984478935697,0.027794453818428214,0.00843026508025756,5.746938775510204,4.231329360264394,1.5499103407053199,12.693988080793181,2.9865972097828575,3.6360980200882635,1.9014198108732623,"[""Interval"", ""DateTime$Property"", ""TestDateTime_Properties"", ""DateTime""]","[0.04081632653061224, 0.02316076294277929, 0.022713687985654513]","[5.746938775510204, 5.397138964577657, 1.5499103407053199]"
org.joda.time.TestDateTime_Properties.testPropertyToIntervalSecondOfMinute,0.04081632653061224,0.028896925819682017,0.022713687985654513,0.08669077745904605,0.026856984478935697,0.027794453818428214,0.00843026508025756,5.746938775510204,4.231329360264394,1.5499103407053199,12.693988080793181,2.9865972097828575,3.6360980200882635,1.9014198108732623,"[""Interval"", ""DateTime$Property"", ""TestDateTime_Properties"", ""DateTime""]","[0.04081632653061224, 0.02316076294277929, 0.022713687985654513]","[5.746938775510204, 5.397138964577657, 1.5499103407053199]"
org.joda.time.TestDateTime_Properties.testPropertyToIntervalDayOfMonth,0.04081632653061224,0.028896925819682017,0.022713687985654513,0.08669077745904605,0.026856984478935697,0.027794453818428214,0.00843026508025756,5.746938775510204,4.231329360264394,1.5499103407053199,12.693988080793181,2.9865972097828575,3.6360980200882635,1.9014198108732623,"[""Interval"", ""DateTime$Property"", ""TestDateTime_Properties"", ""DateTime""]","[0.04081632653061224, 0.02316076294277929, 0.022713687985654513]","[5.746938775510204, 5.397138964577657, 1.5499103407053199]"
org.joda.time.TestDateTime_Properties.testPropertyToIntervalYearOfCentury,0.04081632653061224,0.028896925819682017,0.022713687985654513,0.08669077745904605,0.026856984478935697,0.027794453818428214,0.00843026508025756,5.746938775510204,4.231329360264394,1.5499103407053199,12.693988080793181,2.9865972097828575,3.6360980200882635,1.9014198108732623,"[""Interval"", ""DateTime$Property"", ""TestDateTime_Properties"", ""DateTime""]","[0.04081632653061224, 0.02316076294277929, 0.022713687985654513]","[5.746938775510204, 5.397138964577657, 1.5499103407053199]"
org.joda.time.chrono.TestGJChronology.testPartialGetAsText,0.03763440860215054,0.02887133347962841,0.0239067055393586,0.08661400043888523,0.0277048171944523,0.02825550366155111,0.006214692729991684,3.3669354838709675,2.9026811185303614,2.4448979591836735,8.708043355591084,2.853610214310938,2.8781175172486195,0.3764480545069752,"[""YearMonthDay$Property"", ""TestGJChronology"", ""GJChronology"", ""YearMonthDay""]","[0.03763440860215054, 0.02507288629737609, 0.0239067055393586]","[3.3669354838709675, 2.896209912536443, 2.4448979591836735]"
org.joda.time.TestLocalDateTime_Basics.testToString,0.058186738836265225,0.04327776658125318,0.028368794326241134,0.08655553316250636,0.03814170085375319,0.04062865523938388,0.014908972255012046,11.043301759133964,8.437253716446415,5.831205673758865,16.87450743289283,7.632313314149727,8.024697120445934,2.6060480426875494,"[""LocalDateTime"", ""TestLocalDateTime_Basics""]","[0.058186738836265225, 0.028368794326241134]","[11.043301759133964, 5.831205673758865]"
org.joda.time.TestLocalDateTime_Basics.testMinusWeeks_int,0.058186738836265225,0.04327776658125318,0.028368794326241134,0.08655553316250636,0.03814170085375319,0.04062865523938388,0.014908972255012046,11.043301759133964,8.437253716446415,5.831205673758865,16.87450743289283,7.632313314149727,8.024697120445934,2.6060480426875494,"[""LocalDateTime"", ""TestLocalDateTime_Basics""]","[0.058186738836265225, 0.028368794326241134]","[11.043301759133964, 5.831205673758865]"
org.joda.time.TestLocalDateTime_Basics.testPlusHours_int,0.058186738836265225,0.04327776658125318,0.028368794326241134,0.08655553316250636,0.03814170085375319,0.04062865523938388,0.014908972255012046,11.043301759133964,8.437253716446415,5.831205673758865,16.87450743289283,7.632313314149727,8.024697120445934,2.6060480426875494,"[""LocalDateTime"", ""TestLocalDateTime_Basics""]","[0.058186738836265225, 0.028368794326241134]","[11.043301759133964, 5.831205673758865]"
org.joda.time.TestLocalDateTime_Basics.testPlusSeconds_int,0.058186738836265225,0.04327776658125318,0.028368794326241134,0.08655553316250636,0.03814170085375319,0.04062865523938388,0.014908972255012046,11.043301759133964,8.437253716446415,5.831205673758865,16.87450743289283,7.632313314149727,8.024697120445934,2.6060480426875494,"[""LocalDateTime"", ""TestLocalDateTime_Basics""]","[0.058186738836265225, 0.028368794326241134]","[11.043301759133964, 5.831205673758865]"
org.joda.time.TestLocalDateTime_Basics.testGetValue_int,0.058186738836265225,0.04327776658125318,0.028368794326241134,0.08655553316250636,0.03814170085375319,0.04062865523938388,0.014908972255012046,11.043301759133964,8.437253716446415,5.831205673758865,16.87450743289283,7.632313314149727,8.024697120445934,2.6060480426875494,"[""LocalDateTime"", ""TestLocalDateTime_Basics""]","[0.058186738836265225, 0.028368794326241134]","[11.043301759133964, 5.831205673758865]"
org.joda.time.TestLocalDateTime_Basics.testMinusDays_int,0.058186738836265225,0.04327776658125318,0.028368794326241134,0.08655553316250636,0.03814170085375319,0.04062865523938388,0.014908972255012046,11.043301759133964,8.437253716446415,5.831205673758865,16.87450743289283,7.632313314149727,8.024697120445934,2.6060480426875494,"[""LocalDateTime"", ""TestLocalDateTime_Basics""]","[0.058186738836265225, 0.028368794326241134]","[11.043301759133964, 5.831205673758865]"
org.joda.time.TestLocalDateTime_Basics.testWithFieldAdded_DurationFieldType_int_2,0.058186738836265225,0.04327776658125318,0.028368794326241134,0.08655553316250636,0.03814170085375319,0.04062865523938388,0.014908972255012046,11.043301759133964,8.437253716446415,5.831205673758865,16.87450743289283,7.632313314149727,8.024697120445934,2.6060480426875494,"[""LocalDateTime"", ""TestLocalDateTime_Basics""]","[0.058186738836265225, 0.028368794326241134]","[11.043301759133964, 5.831205673758865]"
org.joda.time.TestLocalDateTime_Basics.testWithers,0.058186738836265225,0.04327776658125318,0.028368794326241134,0.08655553316250636,0.03814170085375319,0.04062865523938388,0.014908972255012046,11.043301759133964,8.437253716446415,5.831205673758865,16.87450743289283,7.632313314149727,8.024697120445934,2.6060480426875494,"[""LocalDateTime"", ""TestLocalDateTime_Basics""]","[0.058186738836265225, 0.028368794326241134]","[11.043301759133964, 5.831205673758865]"
org.joda.time.TestLocalDateTime_Basics.testWithFieldAdded_DurationFieldType_int_3,0.058186738836265225,0.04327776658125318,0.028368794326241134,0.08655553316250636,0.03814170085375319,0.04062865523938388,0.014908972255012046,11.043301759133964,8.437253716446415,5.831205673758865,16.87450743289283,7.632313314149727,8.024697120445934,2.6060480426875494,"[""LocalDateTime"", ""TestLocalDateTime_Basics""]","[0.058186738836265225, 0.028368794326241134]","[11.043301759133964, 5.831205673758865]"
org.joda.time.TestLocalDateTime_Basics.testToString_String_Locale,0.058186738836265225,0.04327776658125318,0.028368794326241134,0.08655553316250636,0.03814170085375319,0.04062865523938388,0.014908972255012046,11.043301759133964,8.437253716446415,5.831205673758865,16.87450743289283,7.632313314149727,8.024697120445934,2.6060480426875494,"[""LocalDateTime"", ""TestLocalDateTime_Basics""]","[0.058186738836265225, 0.028368794326241134]","[11.043301759133964, 5.831205673758865]"
org.joda.time.TestLocalDateTime_Basics.testPlusDays_int,0.058186738836265225,0.04327776658125318,0.028368794326241134,0.08655553316250636,0.03814170085375319,0.04062865523938388,0.014908972255012046,11.043301759133964,8.437253716446415,5.831205673758865,16.87450743289283,7.632313314149727,8.024697120445934,2.6060480426875494,"[""LocalDateTime"", ""TestLocalDateTime_Basics""]","[0.058186738836265225, 0.028368794326241134]","[11.043301759133964, 5.831205673758865]"
org.joda.time.TestLocalDateTime_Basics.testGetValues,0.058186738836265225,0.04327776658125318,0.028368794326241134,0.08655553316250636,0.03814170085375319,0.04062865523938388,0.014908972255012046,11.043301759133964,8.437253716446415,5.831205673758865,16.87450743289283,7.632313314149727,8.024697120445934,2.6060480426875494,"[""LocalDateTime"", ""TestLocalDateTime_Basics""]","[0.058186738836265225, 0.028368794326241134]","[11.043301759133964, 5.831205673758865]"
org.joda.time.TestLocalDateTime_Basics.testIsAfter_LocalDateTime,0.058186738836265225,0.04327776658125318,0.028368794326241134,0.08655553316250636,0.03814170085375319,0.04062865523938388,0.014908972255012046,11.043301759133964,8.437253716446415,5.831205673758865,16.87450743289283,7.632313314149727,8.024697120445934,2.6060480426875494,"[""LocalDateTime"", ""TestLocalDateTime_Basics""]","[0.058186738836265225, 0.028368794326241134]","[11.043301759133964, 5.831205673758865]"
org.joda.time.TestLocalDateTime_Basics.testWithTime,0.058186738836265225,0.04327776658125318,0.028368794326241134,0.08655553316250636,0.03814170085375319,0.04062865523938388,0.014908972255012046,11.043301759133964,8.437253716446415,5.831205673758865,16.87450743289283,7.632313314149727,8.024697120445934,2.6060480426875494,"[""LocalDateTime"", ""TestLocalDateTime_Basics""]","[0.058186738836265225, 0.028368794326241134]","[11.043301759133964, 5.831205673758865]"
org.joda.time.TestLocalDateTime_Basics.testMinusMonths_int,0.058186738836265225,0.04327776658125318,0.028368794326241134,0.08655553316250636,0.03814170085375319,0.04062865523938388,0.014908972255012046,11.043301759133964,8.437253716446415,5.831205673758865,16.87450743289283,7.632313314149727,8.024697120445934,2.6060480426875494,"[""LocalDateTime"", ""TestLocalDateTime_Basics""]","[0.058186738836265225, 0.028368794326241134]","[11.043301759133964, 5.831205673758865]"
org.joda.time.TestLocalDateTime_Basics.testMinusMinutes_int,0.058186738836265225,0.04327776658125318,0.028368794326241134,0.08655553316250636,0.03814170085375319,0.04062865523938388,0.014908972255012046,11.043301759133964,8.437253716446415,5.831205673758865,16.87450743289283,7.632313314149727,8.024697120445934,2.6060480426875494,"[""LocalDateTime"", ""TestLocalDateTime_Basics""]","[0.058186738836265225, 0.028368794326241134]","[11.043301759133964, 5.831205673758865]"
org.joda.time.TestLocalDateTime_Basics.testMinusSeconds_int,0.058186738836265225,0.04327776658125318,0.028368794326241134,0.08655553316250636,0.03814170085375319,0.04062865523938388,0.014908972255012046,11.043301759133964,8.437253716446415,5.831205673758865,16.87450743289283,7.632313314149727,8.024697120445934,2.6060480426875494,"[""LocalDateTime"", ""TestLocalDateTime_Basics""]","[0.058186738836265225, 0.028368794326241134]","[11.043301759133964, 5.831205673758865]"
org.joda.time.TestLocalDateTime_Basics.testGetters,0.058186738836265225,0.04327776658125318,0.028368794326241134,0.08655553316250636,0.03814170085375319,0.04062865523938388,0.014908972255012046,11.043301759133964,8.437253716446415,5.831205673758865,16.87450743289283,7.632313314149727,8.024697120445934,2.6060480426875494,"[""LocalDateTime"", ""TestLocalDateTime_Basics""]","[0.058186738836265225, 0.028368794326241134]","[11.043301759133964, 5.831205673758865]"
org.joda.time.TestLocalDateTime_Basics.testMinusHours_int,0.058186738836265225,0.04327776658125318,0.028368794326241134,0.08655553316250636,0.03814170085375319,0.04062865523938388,0.014908972255012046,11.043301759133964,8.437253716446415,5.831205673758865,16.87450743289283,7.632313314149727,8.024697120445934,2.6060480426875494,"[""LocalDateTime"", ""TestLocalDateTime_Basics""]","[0.058186738836265225, 0.028368794326241134]","[11.043301759133964, 5.831205673758865]"
org.joda.time.TestLocalDateTime_Basics.testToString_String,0.058186738836265225,0.04327776658125318,0.028368794326241134,0.08655553316250636,0.03814170085375319,0.04062865523938388,0.014908972255012046,11.043301759133964,8.437253716446415,5.831205673758865,16.87450743289283,7.632313314149727,8.024697120445934,2.6060480426875494,"[""LocalDateTime"", ""TestLocalDateTime_Basics""]","[0.058186738836265225, 0.028368794326241134]","[11.043301759133964, 5.831205673758865]"
org.joda.time.TestLocalDateTime_Basics.testMinusMillis_int,0.058186738836265225,0.04327776658125318,0.028368794326241134,0.08655553316250636,0.03814170085375319,0.04062865523938388,0.014908972255012046,11.043301759133964,8.437253716446415,5.831205673758865,16.87450743289283,7.632313314149727,8.024697120445934,2.6060480426875494,"[""LocalDateTime"", ""TestLocalDateTime_Basics""]","[0.058186738836265225, 0.028368794326241134]","[11.043301759133964, 5.831205673758865]"
org.joda.time.TestLocalDateTime_Basics.testPlusMillis_int,0.058186738836265225,0.04327776658125318,0.028368794326241134,0.08655553316250636,0.03814170085375319,0.04062865523938388,0.014908972255012046,11.043301759133964,8.437253716446415,5.831205673758865,16.87450743289283,7.632313314149727,8.024697120445934,2.6060480426875494,"[""LocalDateTime"", ""TestLocalDateTime_Basics""]","[0.058186738836265225, 0.028368794326241134]","[11.043301759133964, 5.831205673758865]"
org.joda.time.TestLocalDateTime_Basics.testIsBefore_LocalDateTime,0.058186738836265225,0.04327776658125318,0.028368794326241134,0.08655553316250636,0.03814170085375319,0.04062865523938388,0.014908972255012046,11.043301759133964,8.437253716446415,5.831205673758865,16.87450743289283,7.632313314149727,8.024697120445934,2.6060480426875494,"[""LocalDateTime"", ""TestLocalDateTime_Basics""]","[0.058186738836265225, 0.028368794326241134]","[11.043301759133964, 5.831205673758865]"
org.joda.time.TestLocalDateTime_Basics.testPlusYears_int,0.058186738836265225,0.04327776658125318,0.028368794326241134,0.08655553316250636,0.03814170085375319,0.04062865523938388,0.014908972255012046,11.043301759133964,8.437253716446415,5.831205673758865,16.87450743289283,7.632313314149727,8.024697120445934,2.6060480426875494,"[""LocalDateTime"", ""TestLocalDateTime_Basics""]","[0.058186738836265225, 0.028368794326241134]","[11.043301759133964, 5.831205673758865]"
org.joda.time.TestLocalDateTime_Basics.testWithField_DateTimeFieldType_int_2,0.058186738836265225,0.04327776658125318,0.028368794326241134,0.08655553316250636,0.03814170085375319,0.04062865523938388,0.014908972255012046,11.043301759133964,8.437253716446415,5.831205673758865,16.87450743289283,7.632313314149727,8.024697120445934,2.6060480426875494,"[""LocalDateTime"", ""TestLocalDateTime_Basics""]","[0.058186738836265225, 0.028368794326241134]","[11.043301759133964, 5.831205673758865]"
org.joda.time.TestLocalDateTime_Basics.testPlusMonths_int,0.058186738836265225,0.04327776658125318,0.028368794326241134,0.08655553316250636,0.03814170085375319,0.04062865523938388,0.014908972255012046,11.043301759133964,8.437253716446415,5.831205673758865,16.87450743289283,7.632313314149727,8.024697120445934,2.6060480426875494,"[""LocalDateTime"", ""TestLocalDateTime_Basics""]","[0.058186738836265225, 0.028368794326241134]","[11.043301759133964, 5.831205673758865]"
org.joda.time.TestLocalDateTime_Basics.testPlusWeeks_int,0.058186738836265225,0.04327776658125318,0.028368794326241134,0.08655553316250636,0.03814170085375319,0.04062865523938388,0.014908972255012046,11.043301759133964,8.437253716446415,5.831205673758865,16.87450743289283,7.632313314149727,8.024697120445934,2.6060480426875494,"[""LocalDateTime"", ""TestLocalDateTime_Basics""]","[0.058186738836265225, 0.028368794326241134]","[11.043301759133964, 5.831205673758865]"
org.joda.time.TestLocalDateTime_Basics.testMinusYears_int,0.058186738836265225,0.04327776658125318,0.028368794326241134,0.08655553316250636,0.03814170085375319,0.04062865523938388,0.014908972255012046,11.043301759133964,8.437253716446415,5.831205673758865,16.87450743289283,7.632313314149727,8.024697120445934,2.6060480426875494,"[""LocalDateTime"", ""TestLocalDateTime_Basics""]","[0.058186738836265225, 0.028368794326241134]","[11.043301759133964, 5.831205673758865]"
org.joda.time.TestLocalDateTime_Basics.testWithDate,0.058186738836265225,0.04327776658125318,0.028368794326241134,0.08655553316250636,0.03814170085375319,0.04062865523938388,0.014908972255012046,11.043301759133964,8.437253716446415,5.831205673758865,16.87450743289283,7.632313314149727,8.024697120445934,2.6060480426875494,"[""LocalDateTime"", ""TestLocalDateTime_Basics""]","[0.058186738836265225, 0.028368794326241134]","[11.043301759133964, 5.831205673758865]"
org.joda.time.TestLocalDateTime_Basics.testSize,0.058186738836265225,0.04327776658125318,0.028368794326241134,0.08655553316250636,0.03814170085375319,0.04062865523938388,0.014908972255012046,11.043301759133964,8.437253716446415,5.831205673758865,16.87450743289283,7.632313314149727,8.024697120445934,2.6060480426875494,"[""LocalDateTime"", ""TestLocalDateTime_Basics""]","[0.058186738836265225, 0.028368794326241134]","[11.043301759133964, 5.831205673758865]"
org.joda.time.TestLocalDateTime_Basics.testPlusMinutes_int,0.058186738836265225,0.04327776658125318,0.028368794326241134,0.08655553316250636,0.03814170085375319,0.04062865523938388,0.014908972255012046,11.043301759133964,8.437253716446415,5.831205673758865,16.87450743289283,7.632313314149727,8.024697120445934,2.6060480426875494,"[""LocalDateTime"", ""TestLocalDateTime_Basics""]","[0.058186738836265225, 0.028368794326241134]","[11.043301759133964, 5.831205673758865]"
org.joda.time.TestLocalDateTime_Basics.testIsEqual_LocalDateTime,0.058186738836265225,0.04327776658125318,0.028368794326241134,0.08655553316250636,0.03814170085375319,0.04062865523938388,0.014908972255012046,11.043301759133964,8.437253716446415,5.831205673758865,16.87450743289283,7.632313314149727,8.024697120445934,2.6060480426875494,"[""LocalDateTime"", ""TestLocalDateTime_Basics""]","[0.058186738836265225, 0.028368794326241134]","[11.043301759133964, 5.831205673758865]"
org.joda.time.TestDateTime_Basics.testGet_DateTimeField,0.04081632653061224,0.028844172935815038,0.01574344023323615,0.08653251880744511,0.024715329884467615,0.026805262142613806,0.010267024071338893,5.746938775510204,3.627926904510345,0.7008746355685131,10.883780713531035,1.6427335512601242,2.6142979559687505,2.137816298567463,"[""TestDateTime_Basics"", ""ISOChronology"", ""DateTime""]","[0.04081632653061224, 0.02997275204359673, 0.01574344023323615]","[5.746938775510204, 4.435967302452316, 0.7008746355685131]"
org.joda.time.format.TestPeriodFormatParsing.testParseCustom1,0.030927835051546393,0.02159290922806135,0.008836524300441826,0.0863716369122454,0.01655553000689814,0.01907997421751609,0.009643341294935081,5.75699558173785,3.083879629297029,0.6411149825783972,12.335518517188117,1.3875241859113023,2.089629365659101,2.2601882501115353,"[""TestPeriodFormatParsing"", ""PeriodFormatter"", ""PeriodFormatterBuilder"", ""Period""]","[0.030927835051546393, 0.030927835051546393, 0.0156794425087108, 0.008836524300441826]","[4.878497790868925, 5.75699558173785, 0.6411149825783972, 1.0589101620029455]"
org.joda.time.TestInterval_Constructors.testConstructor_RI_RI4,0.04081632653061224,0.028730277743239014,0.02266081871345029,0.08619083322971705,0.026629894203815892,0.027593008575328537,0.00854615431088004,5.746938775510204,3.3399341108632643,1.5499103407053199,10.019802332589792,2.528545987022902,2.894639218904065,1.7680989770114708,"[""Interval"", ""TestInterval_Constructors"", ""DateTime""]","[0.04081632653061224, 0.022713687985654513, 0.02266081871345029]","[5.746938775510204, 1.5499103407053199, 2.722953216374269]"
org.joda.time.TestInterval_Constructors.testConstructor_RP_RI6,0.04081632653061224,0.028730277743239014,0.02266081871345029,0.08619083322971705,0.026629894203815892,0.027593008575328537,0.00854615431088004,5.746938775510204,3.3399341108632643,1.5499103407053199,10.019802332589792,2.528545987022902,2.894639218904065,1.7680989770114708,"[""Interval"", ""TestInterval_Constructors"", ""DateTime""]","[0.04081632653061224, 0.022713687985654513, 0.02266081871345029]","[5.746938775510204, 1.5499103407053199, 2.722953216374269]"
org.joda.time.TestInterval_Constructors.testConstructor_Object2,0.04081632653061224,0.028730277743239014,0.02266081871345029,0.08619083322971705,0.026629894203815892,0.027593008575328537,0.00854615431088004,5.746938775510204,3.3399341108632643,1.5499103407053199,10.019802332589792,2.528545987022902,2.894639218904065,1.7680989770114708,"[""Interval"", ""TestInterval_Constructors"", ""DateTime""]","[0.04081632653061224, 0.022713687985654513, 0.02266081871345029]","[5.746938775510204, 1.5499103407053199, 2.722953216374269]"
org.joda.time.TestInterval_Constructors.testConstructor_RD_RI3,0.04081632653061224,0.028730277743239014,0.02266081871345029,0.08619083322971705,0.026629894203815892,0.027593008575328537,0.00854615431088004,5.746938775510204,3.3399341108632643,1.5499103407053199,10.019802332589792,2.528545987022902,2.894639218904065,1.7680989770114708,"[""Interval"", ""TestInterval_Constructors"", ""DateTime""]","[0.04081632653061224, 0.022713687985654513, 0.02266081871345029]","[5.746938775510204, 1.5499103407053199, 2.722953216374269]"
org.joda.time.TestInterval_Constructors.testConstructor_long_long3,0.04081632653061224,0.028730277743239014,0.02266081871345029,0.08619083322971705,0.026629894203815892,0.027593008575328537,0.00854615431088004,5.746938775510204,3.3399341108632643,1.5499103407053199,10.019802332589792,2.528545987022902,2.894639218904065,1.7680989770114708,"[""Interval"", ""TestInterval_Constructors"", ""DateTime""]","[0.04081632653061224, 0.022713687985654513, 0.02266081871345029]","[5.746938775510204, 1.5499103407053199, 2.722953216374269]"
org.joda.time.TestInterval_Constructors.testConstructor_RI_RD3,0.04081632653061224,0.028730277743239014,0.02266081871345029,0.08619083322971705,0.026629894203815892,0.027593008575328537,0.00854615431088004,5.746938775510204,3.3399341108632643,1.5499103407053199,10.019802332589792,2.528545987022902,2.894639218904065,1.7680989770114708,"[""Interval"", ""TestInterval_Constructors"", ""DateTime""]","[0.04081632653061224, 0.022713687985654513, 0.02266081871345029]","[5.746938775510204, 1.5499103407053199, 2.722953216374269]"
org.joda.time.TestInterval_Constructors.testConstructor_RI_RI6,0.04081632653061224,0.028730277743239014,0.02266081871345029,0.08619083322971705,0.026629894203815892,0.027593008575328537,0.00854615431088004,5.746938775510204,3.3399341108632643,1.5499103407053199,10.019802332589792,2.528545987022902,2.894639218904065,1.7680989770114708,"[""Interval"", ""TestInterval_Constructors"", ""DateTime""]","[0.04081632653061224, 0.022713687985654513, 0.02266081871345029]","[5.746938775510204, 1.5499103407053199, 2.722953216374269]"
org.joda.time.TestInterval_Constructors.testConstructor_RI_RP6,0.04081632653061224,0.028730277743239014,0.02266081871345029,0.08619083322971705,0.026629894203815892,0.027593008575328537,0.00854615431088004,5.746938775510204,3.3399341108632643,1.5499103407053199,10.019802332589792,2.528545987022902,2.894639218904065,1.7680989770114708,"[""Interval"", ""TestInterval_Constructors"", ""DateTime""]","[0.04081632653061224, 0.022713687985654513, 0.02266081871345029]","[5.746938775510204, 1.5499103407053199, 2.722953216374269]"
org.joda.time.TestInterval_Constructors.testConstructor_RI_RI1,0.04081632653061224,0.028730277743239014,0.02266081871345029,0.08619083322971705,0.026629894203815892,0.027593008575328537,0.00854615431088004,5.746938775510204,3.3399341108632643,1.5499103407053199,10.019802332589792,2.528545987022902,2.894639218904065,1.7680989770114708,"[""Interval"", ""TestInterval_Constructors"", ""DateTime""]","[0.04081632653061224, 0.022713687985654513, 0.02266081871345029]","[5.746938775510204, 1.5499103407053199, 2.722953216374269]"
org.joda.time.TestInterval_Constructors.testConstructor_Object1,0.04081632653061224,0.028730277743239014,0.02266081871345029,0.08619083322971705,0.026629894203815892,0.027593008575328537,0.00854615431088004,5.746938775510204,3.3399341108632643,1.5499103407053199,10.019802332589792,2.528545987022902,2.894639218904065,1.7680989770114708,"[""StringBuilder"", ""Interval"", ""TestInterval_Constructors"", ""DateTime""]","[0.04081632653061224, 0.022713687985654513, 0.02266081871345029]","[5.746938775510204, 1.5499103407053199, 2.722953216374269]"
org.joda.time.TestInterval_Constructors.testConstructor_RI_RI5,0.04081632653061224,0.028730277743239014,0.02266081871345029,0.08619083322971705,0.026629894203815892,0.027593008575328537,0.00854615431088004,5.746938775510204,3.3399341108632643,1.5499103407053199,10.019802332589792,2.528545987022902,2.894639218904065,1.7680989770114708,"[""Interval"", ""TestInterval_Constructors"", ""DateTime""]","[0.04081632653061224, 0.022713687985654513, 0.02266081871345029]","[5.746938775510204, 1.5499103407053199, 2.722953216374269]"
org.joda.time.TestInterval_Constructors.testConstructor_RI_RI7,0.04081632653061224,0.028730277743239014,0.02266081871345029,0.08619083322971705,0.026629894203815892,0.027593008575328537,0.00854615431088004,5.746938775510204,3.3399341108632643,1.5499103407053199,10.019802332589792,2.528545987022902,2.894639218904065,1.7680989770114708,"[""Interval"", ""TestInterval_Constructors"", ""DateTime""]","[0.04081632653061224, 0.022713687985654513, 0.02266081871345029]","[5.746938775510204, 1.5499103407053199, 2.722953216374269]"
org.joda.time.TestYearMonth_Properties.testPropertyCompareToMonth,0.04081632653061224,0.028716553287981856,0.016,0.08614965986394557,0.02477477477477477,0.0267570628382175,0.010140605795077863,5.746938775510204,4.349424036281179,1.9573333333333334,13.048272108843536,3.4402461974167933,3.9173219919402276,1.6994437055596663,"[""YearMonth$Property"", ""TestYearMonth_Properties"", ""YearMonth"", ""DateTime""]","[0.04081632653061224, 0.029333333333333333, 0.016]","[5.746938775510204, 5.344, 1.9573333333333334]"
org.joda.time.TestYearMonth_Properties.testPropertyCompareToYear,0.04081632653061224,0.028716553287981856,0.016,0.08614965986394557,0.02477477477477477,0.0267570628382175,0.010140605795077863,5.746938775510204,4.349424036281179,1.9573333333333334,13.048272108843536,3.4402461974167933,3.9173219919402276,1.6994437055596663,"[""YearMonth$Property"", ""TestYearMonth_Properties"", ""YearMonth"", ""DateTime""]","[0.04081632653061224, 0.029333333333333333, 0.016]","[5.746938775510204, 5.344, 1.9573333333333334]"
org.joda.time.TestLocalTime_Constructors.testFactory_FromDateFields_after1970,0.05013550135501355,0.02867760390294855,0.006006006006006006,0.08603281170884565,0.013642534315834166,0.020801372776501372,0.018036220807344714,7.333333333333333,4.061191626409017,0.1111111111111111,12.183574879227052,0.3209457952264109,1.5688660300657506,2.987175279726582,"[""GregorianCalendar"", ""TestLocalTime_Constructors"", ""LocalTime""]","[0.05013550135501355, 0.029891304347826088, 0.006006006006006006]","[7.333333333333333, 4.739130434782608, 0.1111111111111111]"
org.joda.time.TestLocalTime_Constructors.testFactory_FromCalendarFields_Calendar,0.05013550135501355,0.02867760390294855,0.006006006006006006,0.08603281170884565,0.013642534315834166,0.020801372776501372,0.018036220807344714,7.333333333333333,4.061191626409017,0.1111111111111111,12.183574879227052,0.3209457952264109,1.5688660300657506,2.987175279726582,"[""GregorianCalendar"", ""TestLocalTime_Constructors"", ""LocalTime""]","[0.05013550135501355, 0.029891304347826088, 0.006006006006006006]","[7.333333333333333, 4.739130434782608, 0.1111111111111111]"
org.joda.time.TestLocalTime_Constructors.testFactory_FromDateFields_before1970,0.05013550135501355,0.02867760390294855,0.006006006006006006,0.08603281170884565,0.013642534315834166,0.020801372776501372,0.018036220807344714,7.333333333333333,4.061191626409017,0.1111111111111111,12.183574879227052,0.3209457952264109,1.5688660300657506,2.987175279726582,"[""GregorianCalendar"", ""TestLocalTime_Constructors"", ""LocalTime""]","[0.05013550135501355, 0.029891304347826088, 0.006006006006006006]","[7.333333333333333, 4.739130434782608, 0.1111111111111111]"
org.joda.time.TestDateTimeUtils.testGetChronology_Chronology,0.027149321266968326,0.021506624627873127,0.01574344023323615,0.08602649851149251,0.02035431586882774,0.020924870791000666,0.004956286187878561,1.9423076923076923,1.3120079350421487,0.7008746355685131,5.248031740168595,1.1396802442907328,1.2262829451920991,0.45861198268463693,"[""BuddhistChronology"", ""ISOChronology"", ""TestDateTimeUtils"", ""DateTimeUtils""]","[0.027149321266968326, 0.02564102564102564, 0.01749271137026239, 0.01574344023323615]","[1.4899806076276665, 1.9423076923076923, 1.114868804664723, 0.7008746355685131]"
org.joda.time.TestDateTime_Properties.testPropertyEqualsHashCodeYear,0.04081632653061224,0.028644809832828546,0.021957340025094103,0.08593442949848563,0.02649724265388069,0.02748245347733394,0.008620573094755089,5.746938775510204,3.9965830024466853,0.8456712672521958,11.989749007340055,1.945800864063983,2.971213880723367,2.2326028978409744,"[""CopticChronology"", ""DateTime$Property"", ""TestDateTime_Properties"", ""DateTime""]","[0.04081632653061224, 0.02316076294277929, 0.021957340025094103]","[5.746938775510204, 5.397138964577657, 0.8456712672521958]"
org.joda.time.convert.TestReadablePartialConverter.testGetChronology_Object_Chronology,0.044386422976501305,0.02146265692650304,0.00823045267489712,0.08585062770601216,0.014954965161728886,0.017709205684433082,0.013796157366997018,4.117493472584856,1.8270446059535062,0.3234567901234568,7.308178423814025,0.7323860980064052,1.1575221466900585,1.5191397050321993,"[""ReadablePartialConverter"", ""Chronology"", ""TimeOfDay"", ""TestReadablePartialConverter""]","[0.044386422976501305, 0.01924198250728863, 0.013991769547325103, 0.00823045267489712]","[4.117493472584856, 2.2746355685131197, 0.5925925925925926, 0.3234567901234568]"
org.joda.time.chrono.TestGJDate.test_plusYears_negativeToZero,0.06765899864682003,0.0429204084143191,0.01818181818181818,0.0858408168286382,0.028661507595299514,0.03507368831133052,0.024738590232500923,9.71853856562923,4.859269282814615,0.0,9.71853856562923,9.71853856562923,9.718538565629228,0.0,"[""TestGJDate"", ""LocalDate""]","[0.06765899864682003, 0.01818181818181818]","[9.71853856562923, 0.0]"
org.joda.time.chrono.TestGJDate.test_plusYears_negativeToNegative,0.06765899864682003,0.0429204084143191,0.01818181818181818,0.0858408168286382,0.028661507595299514,0.03507368831133052,0.024738590232500923,9.71853856562923,4.859269282814615,0.0,9.71853856562923,9.71853856562923,9.718538565629228,0.0,"[""TestGJDate"", ""LocalDate""]","[0.06765899864682003, 0.01818181818181818]","[9.71853856562923, 0.0]"
org.joda.time.chrono.TestGJDate.test_plusYears_negativeToPositive_crossCutover,0.06765899864682003,0.0429204084143191,0.01818181818181818,0.0858408168286382,0.028661507595299514,0.03507368831133052,0.024738590232500923,9.71853856562923,4.859269282814615,0.0,9.71853856562923,9.71853856562923,9.718538565629228,0.0,"[""TestGJDate"", ""LocalDate""]","[0.06765899864682003, 0.01818181818181818]","[9.71853856562923, 0.0]"
org.joda.time.chrono.TestGJDate.test_plusYears_positiveToNegative_crossCutover,0.06765899864682003,0.0429204084143191,0.01818181818181818,0.0858408168286382,0.028661507595299514,0.03507368831133052,0.024738590232500923,9.71853856562923,4.859269282814615,0.0,9.71853856562923,9.71853856562923,9.718538565629228,0.0,"[""TestGJDate"", ""LocalDate""]","[0.06765899864682003, 0.01818181818181818]","[9.71853856562923, 0.0]"
org.joda.time.chrono.TestGJDate.test_plusYears_positiveToPositive,0.06765899864682003,0.0429204084143191,0.01818181818181818,0.0858408168286382,0.028661507595299514,0.03507368831133052,0.024738590232500923,9.71853856562923,4.859269282814615,0.0,9.71853856562923,9.71853856562923,9.718538565629228,0.0,"[""TestGJDate"", ""LocalDate""]","[0.06765899864682003, 0.01818181818181818]","[9.71853856562923, 0.0]"
org.joda.time.chrono.TestGJDate.test_plusWeekyears_positiveToZero_crossCutover,0.06765899864682003,0.0429204084143191,0.01818181818181818,0.0858408168286382,0.028661507595299514,0.03507368831133052,0.024738590232500923,9.71853856562923,4.859269282814615,0.0,9.71853856562923,9.71853856562923,9.718538565629228,0.0,"[""TestGJDate"", ""LocalDate$Property"", ""LocalDate""]","[0.06765899864682003, 0.01818181818181818]","[9.71853856562923, 0.0]"
org.joda.time.chrono.TestGJDate.test_plusYears_positiveToNegative,0.06765899864682003,0.0429204084143191,0.01818181818181818,0.0858408168286382,0.028661507595299514,0.03507368831133052,0.024738590232500923,9.71853856562923,4.859269282814615,0.0,9.71853856562923,9.71853856562923,9.718538565629228,0.0,"[""TestGJDate"", ""LocalDate""]","[0.06765899864682003, 0.01818181818181818]","[9.71853856562923, 0.0]"
org.joda.time.chrono.TestGJDate.test_plusWeekyears_positiveToNegative_crossCutover,0.06765899864682003,0.0429204084143191,0.01818181818181818,0.0858408168286382,0.028661507595299514,0.03507368831133052,0.024738590232500923,9.71853856562923,4.859269282814615,0.0,9.71853856562923,9.71853856562923,9.718538565629228,0.0,"[""TestGJDate"", ""LocalDate$Property"", ""LocalDate""]","[0.06765899864682003, 0.01818181818181818]","[9.71853856562923, 0.0]"
org.joda.time.chrono.TestGJDate.test_plusYears_negativeToPositive,0.06765899864682003,0.0429204084143191,0.01818181818181818,0.0858408168286382,0.028661507595299514,0.03507368831133052,0.024738590232500923,9.71853856562923,4.859269282814615,0.0,9.71853856562923,9.71853856562923,9.718538565629228,0.0,"[""TestGJDate"", ""LocalDate""]","[0.06765899864682003, 0.01818181818181818]","[9.71853856562923, 0.0]"
org.joda.time.chrono.TestGJDate.test_plusYears_positiveToZero,0.06765899864682003,0.0429204084143191,0.01818181818181818,0.0858408168286382,0.028661507595299514,0.03507368831133052,0.024738590232500923,9.71853856562923,4.859269282814615,0.0,9.71853856562923,9.71853856562923,9.718538565629228,0.0,"[""TestGJDate"", ""LocalDate""]","[0.06765899864682003, 0.01818181818181818]","[9.71853856562923, 0.0]"
org.joda.time.chrono.TestGJDate.test_plusYears_positiveToZero_crossCutover,0.06765899864682003,0.0429204084143191,0.01818181818181818,0.0858408168286382,0.028661507595299514,0.03507368831133052,0.024738590232500923,9.71853856562923,4.859269282814615,0.0,9.71853856562923,9.71853856562923,9.718538565629228,0.0,"[""TestGJDate"", ""LocalDate""]","[0.06765899864682003, 0.01818181818181818]","[9.71853856562923, 0.0]"
org.joda.time.chrono.TestGJDate.test_plusYears_positiveToPositive_crossCutover,0.06765899864682003,0.0429204084143191,0.01818181818181818,0.0858408168286382,0.028661507595299514,0.03507368831133052,0.024738590232500923,9.71853856562923,4.859269282814615,0.0,9.71853856562923,9.71853856562923,9.718538565629228,0.0,"[""TestGJDate"", ""LocalDate""]","[0.06765899864682003, 0.01818181818181818]","[9.71853856562923, 0.0]"
org.joda.time.convert.TestReadableIntervalConverter.testSetIntoInterval_Object4,0.020773638968481375,0.0171394545752133,0.013157894736842105,0.0856972728760665,0.01673411305443513,0.0169396448977309,0.0025716232652778477,1.2755528989838614,0.8389071202172559,0.35825358851674644,4.1945356010862795,0.6904784581649218,0.7673265233580712,0.32425804845321515,"[""ReadableIntervalConverter"", ""BuddhistChronology"", ""TestReadableIntervalConverter"", ""MutableInterval"", ""ISOChronology"", ""TestReadableIntervalConverter$2""]","[0.020773638968481375, 0.01852958756724447, 0.01749271137026239, 0.01574344023323615, 0.013157894736842105]","[0.7449856733524355, 1.2755528989838614, 1.114868804664723, 0.7008746355685131, 0.35825358851674644]"
org.joda.time.format.TestISODateTimeFormatParsing.test_date,0.04081632653061224,0.02854992947424539,0.02092675635276532,0.08564978842273617,0.026289273609966107,0.027332867032453634,0.00875855379413,5.811659192825112,5.534693005965999,5.0454810495626825,16.604079017898,5.511962666602511,5.523483946231073,0.3469326897447828,"[""TestISODateTimeFormatParsing"", ""ISODateTimeFormat"", ""DateTime""]","[0.04081632653061224, 0.0239067055393586, 0.02092675635276532]","[5.746938775510204, 5.0454810495626825, 5.811659192825112]"
org.joda.time.format.TestISODateTimeFormatParsing.test_basicDate,0.04081632653061224,0.02854992947424539,0.02092675635276532,0.08564978842273617,0.026289273609966107,0.027332867032453634,0.00875855379413,5.811659192825112,5.534693005965999,5.0454810495626825,16.604079017898,5.511962666602511,5.523483946231073,0.3469326897447828,"[""TestISODateTimeFormatParsing"", ""ISODateTimeFormat"", ""DateTime""]","[0.04081632653061224, 0.0239067055393586, 0.02092675635276532]","[5.746938775510204, 5.0454810495626825, 5.811659192825112]"
org.joda.time.format.TestISODateTimeFormatParsing.test_basicOrdinalDate,0.04081632653061224,0.02854992947424539,0.02092675635276532,0.08564978842273617,0.026289273609966107,0.027332867032453634,0.00875855379413,5.811659192825112,5.534693005965999,5.0454810495626825,16.604079017898,5.511962666602511,5.523483946231073,0.3469326897447828,"[""TestISODateTimeFormatParsing"", ""ISODateTimeFormat"", ""DateTime""]","[0.04081632653061224, 0.0239067055393586, 0.02092675635276532]","[5.746938775510204, 5.0454810495626825, 5.811659192825112]"
org.joda.time.format.TestISODateTimeFormatParsing.test_weekDate,0.04081632653061224,0.02854992947424539,0.02092675635276532,0.08564978842273617,0.026289273609966107,0.027332867032453634,0.00875855379413,5.811659192825112,5.534693005965999,5.0454810495626825,16.604079017898,5.511962666602511,5.523483946231073,0.3469326897447828,"[""TestISODateTimeFormatParsing"", ""ISODateTimeFormat"", ""DateTime""]","[0.04081632653061224, 0.0239067055393586, 0.02092675635276532]","[5.746938775510204, 5.0454810495626825, 5.811659192825112]"
org.joda.time.format.TestISODateTimeFormatParsing.test_basicWeekDate,0.04081632653061224,0.02854992947424539,0.02092675635276532,0.08564978842273617,0.026289273609966107,0.027332867032453634,0.00875855379413,5.811659192825112,5.534693005965999,5.0454810495626825,16.604079017898,5.511962666602511,5.523483946231073,0.3469326897447828,"[""TestISODateTimeFormatParsing"", ""ISODateTimeFormat"", ""DateTime""]","[0.04081632653061224, 0.0239067055393586, 0.02092675635276532]","[5.746938775510204, 5.0454810495626825, 5.811659192825112]"
org.joda.time.format.TestISODateTimeFormatParsing.test_dateElementParser,0.04081632653061224,0.02854992947424539,0.02092675635276532,0.08564978842273617,0.026289273609966107,0.027332867032453634,0.00875855379413,5.811659192825112,5.534693005965999,5.0454810495626825,16.604079017898,5.511962666602511,5.523483946231073,0.3469326897447828,"[""TestISODateTimeFormatParsing"", ""ISODateTimeFormat"", ""DateTime""]","[0.04081632653061224, 0.0239067055393586, 0.02092675635276532]","[5.746938775510204, 5.0454810495626825, 5.811659192825112]"
org.joda.time.format.TestISODateTimeFormatParsing.test_ordinalDate,0.04081632653061224,0.02854992947424539,0.02092675635276532,0.08564978842273617,0.026289273609966107,0.027332867032453634,0.00875855379413,5.811659192825112,5.534693005965999,5.0454810495626825,16.604079017898,5.511962666602511,5.523483946231073,0.3469326897447828,"[""TestISODateTimeFormatParsing"", ""ISODateTimeFormat"", ""DateTime""]","[0.04081632653061224, 0.0239067055393586, 0.02092675635276532]","[5.746938775510204, 5.0454810495626825, 5.811659192825112]"
org.joda.time.TestPartial_Basics.testToString_DTFormatter,0.027988338192419825,0.02140122543363588,0.016693163751987282,0.08560490173454352,0.02034265046730448,0.020859046199711614,0.004855344615794419,3.974816369359916,3.0939970986915997,2.1089030206677264,12.375988394766399,2.9292850927795224,3.013294070854206,0.685054330610578,"[""Partial"", ""DateTimeFieldType"", ""TestPartial_Basics"", ""DateTimeFormat""]","[0.027988338192419825, 0.024134312696747113, 0.016789087093389297, 0.016693163751987282]","[2.8956268221574346, 3.396642182581322, 3.974816369359916, 2.1089030206677264]"
org.joda.time.field.TestUnsupportedDateTimeField.testDelegatedMethods,0.02142857142857143,0.014264000093645,0.009362200117027502,0.08558400056187,0.013123709452761381,0.013677461194080332,0.004144535889164541,4.760714285714286,1.7211573524335755,0.42012873025160913,10.326944114601453,0.9931807388339899,1.2843445180812847,1.4309901718046363,"[""UnsupportedDateTimeField"", ""UnsupportedDurationField"", ""DateTimeField"", ""PreciseDurationField"", ""System"", ""DurationFieldType"", ""TestUnsupportedDateTimeField""]","[0.02142857142857143, 0.016383850204798128, 0.01574344023323615, 0.012718600953895072, 0.00994733762434172, 0.009362200117027502]","[4.760714285714286, 1.406085430076068, 1.8169096209912536, 1.1764705882352942, 0.7466354593329433, 0.42012873025160913]"
org.joda.time.TestMinutes.testFactory_minutesBetween_RInstant,0.04081632653061224,0.028514920345134854,0.020766773162939296,0.08554476103540457,0.026226715384098095,0.027283910748560212,0.008795653215235224,5.746938775510204,3.561013670643977,2.3386581469648564,10.68304101193193,3.0407609129939828,3.2682593125894153,1.5492888613965634,"[""TestMinutes"", ""Minutes"", ""DateTime""]","[0.04081632653061224, 0.023961661341853034, 0.020766773162939296]","[5.746938775510204, 2.597444089456869, 2.3386581469648564]"
org.joda.time.TestWeeks.testFactory_weeksBetween_RInstant,0.04081632653061224,0.028514920345134854,0.020766773162939296,0.08554476103540457,0.026226715384098095,0.027283910748560212,0.008795653215235224,5.746938775510204,3.6131968442329008,2.36741214057508,10.839590532698702,3.1141392703449093,3.334558786208254,1.5158388431536816,"[""TestWeeks"", ""Weeks"", ""DateTime""]","[0.04081632653061224, 0.023961661341853034, 0.020766773162939296]","[5.746938775510204, 2.7252396166134187, 2.36741214057508]"
org.joda.time.TestSeconds.testFactory_secondsBetween_RInstant,0.04081632653061224,0.028514920345134854,0.020766773162939296,0.08554476103540457,0.026226715384098095,0.027283910748560212,0.008795653215235224,5.746938775510204,3.543974267023103,2.3386581469648564,10.63192280106931,3.0171251407598767,3.246677111086195,1.5600365254122275,"[""Seconds"", ""TestSeconds"", ""DateTime""]","[0.04081632653061224, 0.023961661341853034, 0.020766773162939296]","[5.746938775510204, 2.5463258785942493, 2.3386581469648564]"
org.joda.time.TestYears.testFactory_yearsBetween_RInstant,0.04081632653061224,0.028514920345134854,0.020766773162939296,0.08554476103540457,0.026226715384098095,0.027283910748560212,0.008795653215235224,5.746938775510204,3.2447197409315165,1.817891373801917,9.734159222794549,2.5315054866739044,2.8299362047955605,1.775143597373671,"[""Years"", ""TestYears"", ""DateTime""]","[0.04081632653061224, 0.023961661341853034, 0.020766773162939296]","[5.746938775510204, 2.169329073482428, 1.817891373801917]"
org.joda.time.TestHours.testFactory_hoursBetween_RInstant,0.04081632653061224,0.028514920345134854,0.020766773162939296,0.08554476103540457,0.026226715384098095,0.027283910748560212,0.008795653215235224,5.746938775510204,3.6286388037643165,2.4329073482428116,10.88591641129295,3.1427562674075533,3.3571215906007823,1.5020098924608383,"[""Hours"", ""TestHours"", ""DateTime""]","[0.04081632653061224, 0.023961661341853034, 0.020766773162939296]","[5.746938775510204, 2.7060702875399363, 2.4329073482428116]"
org.joda.time.TestMutableDateTime_Basics.testToDateTime_Chronology,0.03498542274052478,0.021381660840563668,0.01574344023323615,0.08552664336225467,0.01922135706340378,0.020161371858369574,0.007969595702368982,4.066472303206997,1.968767424300096,0.632069970845481,7.875069697200384,1.093272767122874,1.4532096179895162,1.4187680162984897,"[""TestMutableDateTime_Basics"", ""GregorianChronology"", ""MutableDateTime"", ""ISOChronology""]","[0.03498542274052478, 0.019054340155257588, 0.01574344023323615, 0.01574344023323615]","[4.066472303206997, 2.475652787579393, 0.7008746355685131, 0.632069970845481]"
org.joda.time.TestMutableDateTime_Basics.testToDateTime_DateTimeZone,0.03498542274052478,0.021381660840563668,0.01574344023323615,0.08552664336225467,0.01922135706340378,0.020161371858369574,0.007969595702368982,4.066472303206997,1.968767424300096,0.632069970845481,7.875069697200384,1.093272767122874,1.4532096179895162,1.4187680162984897,"[""TestMutableDateTime_Basics"", ""MutableDateTime"", ""ISOChronology"", ""GregorianChronology""]","[0.03498542274052478, 0.019054340155257588, 0.01574344023323615, 0.01574344023323615]","[4.066472303206997, 2.475652787579393, 0.7008746355685131, 0.632069970845481]"
org.joda.time.TestMutableDateTime_Basics.testToMutableDateTime_Chronology,0.03498542274052478,0.021381660840563668,0.01574344023323615,0.08552664336225467,0.01922135706340378,0.020161371858369574,0.007969595702368982,4.066472303206997,1.968767424300096,0.632069970845481,7.875069697200384,1.093272767122874,1.4532096179895162,1.4187680162984897,"[""TestMutableDateTime_Basics"", ""GregorianChronology"", ""MutableDateTime"", ""ISOChronology""]","[0.03498542274052478, 0.019054340155257588, 0.01574344023323615, 0.01574344023323615]","[4.066472303206997, 2.475652787579393, 0.7008746355685131, 0.632069970845481]"
org.joda.time.TestMutablePeriod_Updates.testAdd_RD2,0.02516091281451141,0.021367701932668005,0.019823788546255508,0.08547080773067202,0.021161561963869504,0.02126076585244116,0.0022126789606452886,5.674008810572687,3.5158657973797447,1.6079578700994734,14.063463189518979,2.869700468343243,3.192354897986767,1.4625432408804164,"[""PeriodType"", ""Duration"", ""TestMutablePeriod_Updates"", ""MutablePeriod""]","[0.02516091281451141, 0.020618556701030927, 0.019867549668874173, 0.019823788546255508]","[1.6079578700994734, 3.0537555228276876, 3.7277409860191315, 5.674008810572687]"
org.joda.time.TestInterval_Basics.testGap_RInterval_zoneUTC,0.028210838901262063,0.021331714812108153,0.01574344023323615,0.08532685924843261,0.02034733379710612,0.02082918549260605,0.004679876920241424,5.182628062360802,2.099169586189271,0.7008746355685131,8.396678344757085,1.2109927175527335,1.5260217375055283,1.8065788936155882,"[""Interval"", ""TestInterval_Basics"", ""ISOChronology"", ""Instant""]","[0.028210838901262063, 0.022713687985654513, 0.018658892128279883, 0.01574344023323615]","[5.182628062360802, 1.5499103407053199, 0.963265306122449, 0.7008746355685131]"
org.joda.time.TestInterval_Basics.testOverlap_RInterval_zoneUTC,0.028210838901262063,0.021331714812108153,0.01574344023323615,0.08532685924843261,0.02034733379710612,0.02082918549260605,0.004679876920241424,5.182628062360802,2.099169586189271,0.7008746355685131,8.396678344757085,1.2109927175527335,1.5260217375055283,1.8065788936155882,"[""Interval"", ""TestInterval_Basics"", ""ISOChronology"", ""Instant""]","[0.028210838901262063, 0.022713687985654513, 0.018658892128279883, 0.01574344023323615]","[5.182628062360802, 1.5499103407053199, 0.963265306122449, 0.7008746355685131]"
org.joda.time.TestDateTime_Basics.testToGregorianCalendar,0.04081632653061224,0.017047428835880007,0.00243605359317905,0.08523714417940004,0.006239364719228587,0.010145741196389006,0.01542298803958382,5.746938775510204,2.090039058331711,0.04506699147381242,10.450195291658554,0.12318722348729372,0.426932966430335,2.485579098032226,"[""TestDateTime_Basics"", ""DateTime"", ""GregorianCalendar"", ""TimeZone"", ""Date""]","[0.04081632653061224, 0.02997275204359673, 0.006006006006006006, 0.006006006006006006, 0.00243605359317905]","[5.746938775510204, 4.435967302452316, 0.1111111111111111, 0.1111111111111111, 0.04506699147381242]"
org.joda.time.TestDateTime_Basics.testToCalendar_Locale,0.04081632653061224,0.017047428835880007,0.00243605359317905,0.08523714417940004,0.006239364719228587,0.010145741196389006,0.01542298803958382,5.746938775510204,2.09904806734072,0.04506699147381242,10.4952403367036,0.13160502247834024,0.4570040142670046,2.478461567613791,"[""Calendar"", ""TestDateTime_Basics"", ""DateTime"", ""TimeZone"", ""Date""]","[0.04081632653061224, 0.02997275204359673, 0.006006006006006006, 0.006006006006006006, 0.00243605359317905]","[5.746938775510204, 4.435967302452316, 0.1111111111111111, 0.15615615615615616, 0.04506699147381242]"
org.joda.time.TestLocalDateTime_Constructors.testConstructor_int_int_int_Chronology,0.058186738836265225,0.04260688293164613,0.02702702702702703,0.08521376586329225,0.03690987124463519,0.03965620459830093,0.015579855904619098,11.043301759133964,7.804723425797423,4.566145092460882,15.609446851594846,6.460871882450099,7.101078659755445,3.238578333336541,"[""TestLocalDateTime_Constructors"", ""LocalDateTime""]","[0.058186738836265225, 0.02702702702702703]","[11.043301759133964, 4.566145092460882]"
org.joda.time.TestLocalDateTime_Constructors.testConstructor_long1,0.058186738836265225,0.04260688293164613,0.02702702702702703,0.08521376586329225,0.03690987124463519,0.03965620459830093,0.015579855904619098,11.043301759133964,7.804723425797423,4.566145092460882,15.609446851594846,6.460871882450099,7.101078659755445,3.238578333336541,"[""TestLocalDateTime_Constructors"", ""LocalDateTime""]","[0.058186738836265225, 0.02702702702702703]","[11.043301759133964, 4.566145092460882]"
org.joda.time.TestLocalDateTime_Constructors.testConstructor_int_int_int_int_int_int,0.058186738836265225,0.04260688293164613,0.02702702702702703,0.08521376586329225,0.03690987124463519,0.03965620459830093,0.015579855904619098,11.043301759133964,7.804723425797423,4.566145092460882,15.609446851594846,6.460871882450099,7.101078659755445,3.238578333336541,"[""TestLocalDateTime_Constructors"", ""LocalDateTime""]","[0.058186738836265225, 0.02702702702702703]","[11.043301759133964, 4.566145092460882]"
org.joda.time.TestLocalDateTime_Constructors.testConstructor,0.058186738836265225,0.04260688293164613,0.02702702702702703,0.08521376586329225,0.03690987124463519,0.03965620459830093,0.015579855904619098,11.043301759133964,7.804723425797423,4.566145092460882,15.609446851594846,6.460871882450099,7.101078659755445,3.238578333336541,"[""TestLocalDateTime_Constructors"", ""LocalDateTime""]","[0.058186738836265225, 0.02702702702702703]","[11.043301759133964, 4.566145092460882]"
org.joda.time.TestLocalDateTime_Constructors.testConstructor_int_int_int_int_int,0.058186738836265225,0.04260688293164613,0.02702702702702703,0.08521376586329225,0.03690987124463519,0.03965620459830093,0.015579855904619098,11.043301759133964,7.804723425797423,4.566145092460882,15.609446851594846,6.460871882450099,7.101078659755445,3.238578333336541,"[""TestLocalDateTime_Constructors"", ""LocalDateTime""]","[0.058186738836265225, 0.02702702702702703]","[11.043301759133964, 4.566145092460882]"
org.joda.time.TestLocalDateTime_Constructors.testConstructor_long2_DateTimeZone,0.058186738836265225,0.04260688293164613,0.02702702702702703,0.08521376586329225,0.03690987124463519,0.03965620459830093,0.015579855904619098,11.043301759133964,7.804723425797423,4.566145092460882,15.609446851594846,6.460871882450099,7.101078659755445,3.238578333336541,"[""TestLocalDateTime_Constructors"", ""LocalDateTime""]","[0.058186738836265225, 0.02702702702702703]","[11.043301759133964, 4.566145092460882]"
org.joda.time.TestLocalDateTime_Constructors.testConstructor_nullObject_nullDateTimeZone,0.058186738836265225,0.04260688293164613,0.02702702702702703,0.08521376586329225,0.03690987124463519,0.03965620459830093,0.015579855904619098,11.043301759133964,7.804723425797423,4.566145092460882,15.609446851594846,6.460871882450099,7.101078659755445,3.238578333336541,"[""TestLocalDateTime_Constructors"", ""LocalDateTime""]","[0.058186738836265225, 0.02702702702702703]","[11.043301759133964, 4.566145092460882]"
org.joda.time.TestLocalDateTime_Constructors.testConstructor_ObjectStringEx5,0.058186738836265225,0.04260688293164613,0.02702702702702703,0.08521376586329225,0.03690987124463519,0.03965620459830093,0.015579855904619098,11.043301759133964,7.804723425797423,4.566145092460882,15.609446851594846,6.460871882450099,7.101078659755445,3.238578333336541,"[""TestLocalDateTime_Constructors"", ""LocalDateTime""]","[0.058186738836265225, 0.02702702702702703]","[11.043301759133964, 4.566145092460882]"
org.joda.time.TestLocalDateTime_Constructors.testConstructor_nullObject_nullChronology,0.058186738836265225,0.04260688293164613,0.02702702702702703,0.08521376586329225,0.03690987124463519,0.03965620459830093,0.015579855904619098,11.043301759133964,7.804723425797423,4.566145092460882,15.609446851594846,6.460871882450099,7.101078659755445,3.238578333336541,"[""TestLocalDateTime_Constructors"", ""LocalDateTime""]","[0.058186738836265225, 0.02702702702702703]","[11.043301759133964, 4.566145092460882]"
org.joda.time.TestLocalDateTime_Constructors.testConstructor_ObjectStringEx3,0.058186738836265225,0.04260688293164613,0.02702702702702703,0.08521376586329225,0.03690987124463519,0.03965620459830093,0.015579855904619098,11.043301759133964,7.804723425797423,4.566145092460882,15.609446851594846,6.460871882450099,7.101078659755445,3.238578333336541,"[""TestLocalDateTime_Constructors"", ""LocalDateTime""]","[0.058186738836265225, 0.02702702702702703]","[11.043301759133964, 4.566145092460882]"
org.joda.time.TestLocalDateTime_Constructors.testConstructor_nullChronology,0.058186738836265225,0.04260688293164613,0.02702702702702703,0.08521376586329225,0.03690987124463519,0.03965620459830093,0.015579855904619098,11.043301759133964,7.804723425797423,4.566145092460882,15.609446851594846,6.460871882450099,7.101078659755445,3.238578333336541,"[""TestLocalDateTime_Constructors"", ""LocalDateTime""]","[0.058186738836265225, 0.02702702702702703]","[11.043301759133964, 4.566145092460882]"
org.joda.time.TestLocalDateTime_Constructors.testConstructor_ObjectString1,0.058186738836265225,0.04260688293164613,0.02702702702702703,0.08521376586329225,0.03690987124463519,0.03965620459830093,0.015579855904619098,11.043301759133964,7.804723425797423,4.566145092460882,15.609446851594846,6.460871882450099,7.101078659755445,3.238578333336541,"[""TestLocalDateTime_Constructors"", ""LocalDateTime""]","[0.058186738836265225, 0.02702702702702703]","[11.043301759133964, 4.566145092460882]"
org.joda.time.TestLocalDateTime_Constructors.testConstructor_long1_DateTimeZone,0.058186738836265225,0.04260688293164613,0.02702702702702703,0.08521376586329225,0.03690987124463519,0.03965620459830093,0.015579855904619098,11.043301759133964,7.804723425797423,4.566145092460882,15.609446851594846,6.460871882450099,7.101078659755445,3.238578333336541,"[""TestLocalDateTime_Constructors"", ""LocalDateTime""]","[0.058186738836265225, 0.02702702702702703]","[11.043301759133964, 4.566145092460882]"
org.joda.time.TestLocalDateTime_Constructors.testConstructor_Object_DateTimeZoneMoscowBadDateTime,0.058186738836265225,0.04260688293164613,0.02702702702702703,0.08521376586329225,0.03690987124463519,0.03965620459830093,0.015579855904619098,11.043301759133964,7.804723425797423,4.566145092460882,15.609446851594846,6.460871882450099,7.101078659755445,3.238578333336541,"[""TestLocalDateTime_Constructors"", ""LocalDateTime""]","[0.058186738836265225, 0.02702702702702703]","[11.043301759133964, 4.566145092460882]"
org.joda.time.TestLocalDateTime_Constructors.testConstructor_long2,0.058186738836265225,0.04260688293164613,0.02702702702702703,0.08521376586329225,0.03690987124463519,0.03965620459830093,0.015579855904619098,11.043301759133964,7.804723425797423,4.566145092460882,15.609446851594846,6.460871882450099,7.101078659755445,3.238578333336541,"[""TestLocalDateTime_Constructors"", ""LocalDateTime""]","[0.058186738836265225, 0.02702702702702703]","[11.043301759133964, 4.566145092460882]"
org.joda.time.TestLocalDateTime_Constructors.testConstructor_long_nullDateTimeZone,0.058186738836265225,0.04260688293164613,0.02702702702702703,0.08521376586329225,0.03690987124463519,0.03965620459830093,0.015579855904619098,11.043301759133964,7.804723425797423,4.566145092460882,15.609446851594846,6.460871882450099,7.101078659755445,3.238578333336541,"[""TestLocalDateTime_Constructors"", ""LocalDateTime""]","[0.058186738836265225, 0.02702702702702703]","[11.043301759133964, 4.566145092460882]"
org.joda.time.TestLocalDateTime_Constructors.testConstructor_nullDateTimeZone,0.058186738836265225,0.04260688293164613,0.02702702702702703,0.08521376586329225,0.03690987124463519,0.03965620459830093,0.015579855904619098,11.043301759133964,7.804723425797423,4.566145092460882,15.609446851594846,6.460871882450099,7.101078659755445,3.238578333336541,"[""TestLocalDateTime_Constructors"", ""LocalDateTime""]","[0.058186738836265225, 0.02702702702702703]","[11.043301759133964, 4.566145092460882]"
org.joda.time.TestLocalDateTime_Constructors.testConstructor_nullObject,0.058186738836265225,0.04260688293164613,0.02702702702702703,0.08521376586329225,0.03690987124463519,0.03965620459830093,0.015579855904619098,11.043301759133964,7.804723425797423,4.566145092460882,15.609446851594846,6.460871882450099,7.101078659755445,3.238578333336541,"[""TestLocalDateTime_Constructors"", ""LocalDateTime""]","[0.058186738836265225, 0.02702702702702703]","[11.043301759133964, 4.566145092460882]"
org.joda.time.TestLocalDateTime_Constructors.testConstructor_long2_Chronology,0.058186738836265225,0.04260688293164613,0.02702702702702703,0.08521376586329225,0.03690987124463519,0.03965620459830093,0.015579855904619098,11.043301759133964,7.804723425797423,4.566145092460882,15.609446851594846,6.460871882450099,7.101078659755445,3.238578333336541,"[""TestLocalDateTime_Constructors"", ""LocalDateTime""]","[0.058186738836265225, 0.02702702702702703]","[11.043301759133964, 4.566145092460882]"
org.joda.time.TestLocalDateTime_Constructors.testConstructor_ObjectStringEx2,0.058186738836265225,0.04260688293164613,0.02702702702702703,0.08521376586329225,0.03690987124463519,0.03965620459830093,0.015579855904619098,11.043301759133964,7.804723425797423,4.566145092460882,15.609446851594846,6.460871882450099,7.101078659755445,3.238578333336541,"[""TestLocalDateTime_Constructors"", ""LocalDateTime""]","[0.058186738836265225, 0.02702702702702703]","[11.043301759133964, 4.566145092460882]"
org.joda.time.TestLocalDateTime_Constructors.testConstructor_long1_Chronology,0.058186738836265225,0.04260688293164613,0.02702702702702703,0.08521376586329225,0.03690987124463519,0.03965620459830093,0.015579855904619098,11.043301759133964,7.804723425797423,4.566145092460882,15.609446851594846,6.460871882450099,7.101078659755445,3.238578333336541,"[""TestLocalDateTime_Constructors"", ""LocalDateTime""]","[0.058186738836265225, 0.02702702702702703]","[11.043301759133964, 4.566145092460882]"
org.joda.time.TestLocalDateTime_Constructors.testConstructor_ObjectStringEx4,0.058186738836265225,0.04260688293164613,0.02702702702702703,0.08521376586329225,0.03690987124463519,0.03965620459830093,0.015579855904619098,11.043301759133964,7.804723425797423,4.566145092460882,15.609446851594846,6.460871882450099,7.101078659755445,3.238578333336541,"[""TestLocalDateTime_Constructors"", ""LocalDateTime""]","[0.058186738836265225, 0.02702702702702703]","[11.043301759133964, 4.566145092460882]"
org.joda.time.TestLocalDateTime_Constructors.testConstructor_ObjectString3,0.058186738836265225,0.04260688293164613,0.02702702702702703,0.08521376586329225,0.03690987124463519,0.03965620459830093,0.015579855904619098,11.043301759133964,7.804723425797423,4.566145092460882,15.609446851594846,6.460871882450099,7.101078659755445,3.238578333336541,"[""TestLocalDateTime_Constructors"", ""LocalDateTime""]","[0.058186738836265225, 0.02702702702702703]","[11.043301759133964, 4.566145092460882]"
org.joda.time.TestLocalDateTime_Constructors.testConstructor_ObjectStringEx1,0.058186738836265225,0.04260688293164613,0.02702702702702703,0.08521376586329225,0.03690987124463519,0.03965620459830093,0.015579855904619098,11.043301759133964,7.804723425797423,4.566145092460882,15.609446851594846,6.460871882450099,7.101078659755445,3.238578333336541,"[""TestLocalDateTime_Constructors"", ""LocalDateTime""]","[0.058186738836265225, 0.02702702702702703]","[11.043301759133964, 4.566145092460882]"
org.joda.time.TestLocalDateTime_Constructors.testFactory_fromCalendarFields_null,0.058186738836265225,0.04260688293164613,0.02702702702702703,0.08521376586329225,0.03690987124463519,0.03965620459830093,0.015579855904619098,11.043301759133964,7.804723425797423,4.566145092460882,15.609446851594846,6.460871882450099,7.101078659755445,3.238578333336541,"[""TestLocalDateTime_Constructors"", ""LocalDateTime""]","[0.058186738836265225, 0.02702702702702703]","[11.043301759133964, 4.566145092460882]"
org.joda.time.TestLocalDateTime_Constructors.testFactory_fromDateFields_null,0.058186738836265225,0.04260688293164613,0.02702702702702703,0.08521376586329225,0.03690987124463519,0.03965620459830093,0.015579855904619098,11.043301759133964,7.804723425797423,4.566145092460882,15.609446851594846,6.460871882450099,7.101078659755445,3.238578333336541,"[""TestLocalDateTime_Constructors"", ""LocalDateTime""]","[0.058186738836265225, 0.02702702702702703]","[11.043301759133964, 4.566145092460882]"
org.joda.time.TestLocalDateTime_Constructors.testConstructor_int_int_int_nullChronology,0.058186738836265225,0.04260688293164613,0.02702702702702703,0.08521376586329225,0.03690987124463519,0.03965620459830093,0.015579855904619098,11.043301759133964,7.804723425797423,4.566145092460882,15.609446851594846,6.460871882450099,7.101078659755445,3.238578333336541,"[""TestLocalDateTime_Constructors"", ""LocalDateTime""]","[0.058186738836265225, 0.02702702702702703]","[11.043301759133964, 4.566145092460882]"
org.joda.time.TestLocalDateTime_Constructors.testConstructor_long_nullChronology,0.058186738836265225,0.04260688293164613,0.02702702702702703,0.08521376586329225,0.03690987124463519,0.03965620459830093,0.015579855904619098,11.043301759133964,7.804723425797423,4.566145092460882,15.609446851594846,6.460871882450099,7.101078659755445,3.238578333336541,"[""TestLocalDateTime_Constructors"", ""LocalDateTime""]","[0.058186738836265225, 0.02702702702702703]","[11.043301759133964, 4.566145092460882]"
org.joda.time.TestLocalDateTime_Constructors.testParse_noFormatter,0.058186738836265225,0.04260688293164613,0.02702702702702703,0.08521376586329225,0.03690987124463519,0.03965620459830093,0.015579855904619098,11.043301759133964,7.804723425797423,4.566145092460882,15.609446851594846,6.460871882450099,7.101078659755445,3.238578333336541,"[""TestLocalDateTime_Constructors"", ""LocalDateTime""]","[0.058186738836265225, 0.02702702702702703]","[11.043301759133964, 4.566145092460882]"
org.joda.time.TestLocalDateTime_Constructors.testConstructor_nullObject_DateTimeZone,0.058186738836265225,0.04260688293164613,0.02702702702702703,0.08521376586329225,0.03690987124463519,0.03965620459830093,0.015579855904619098,11.043301759133964,7.804723425797423,4.566145092460882,15.609446851594846,6.460871882450099,7.101078659755445,3.238578333336541,"[""TestLocalDateTime_Constructors"", ""LocalDateTime""]","[0.058186738836265225, 0.02702702702702703]","[11.043301759133964, 4.566145092460882]"
org.joda.time.TestLocalDateTime_Constructors.testConstructor_nullObject_Chronology,0.058186738836265225,0.04260688293164613,0.02702702702702703,0.08521376586329225,0.03690987124463519,0.03965620459830093,0.015579855904619098,11.043301759133964,7.804723425797423,4.566145092460882,15.609446851594846,6.460871882450099,7.101078659755445,3.238578333336541,"[""TestLocalDateTime_Constructors"", ""LocalDateTime""]","[0.058186738836265225, 0.02702702702702703]","[11.043301759133964, 4.566145092460882]"
org.joda.time.TestLocalDateTime_Constructors.testConstructor_Object_ChronologyMoscow,0.058186738836265225,0.04260688293164613,0.02702702702702703,0.08521376586329225,0.03690987124463519,0.03965620459830093,0.015579855904619098,11.043301759133964,7.804723425797423,4.566145092460882,15.609446851594846,6.460871882450099,7.101078659755445,3.238578333336541,"[""TestLocalDateTime_Constructors"", ""LocalDateTime""]","[0.058186738836265225, 0.02702702702702703]","[11.043301759133964, 4.566145092460882]"
org.joda.time.TestLocalDateTime_Constructors.testConstructor_int_int_int_int_int_int_int,0.058186738836265225,0.04260688293164613,0.02702702702702703,0.08521376586329225,0.03690987124463519,0.03965620459830093,0.015579855904619098,11.043301759133964,7.804723425797423,4.566145092460882,15.609446851594846,6.460871882450099,7.101078659755445,3.238578333336541,"[""TestLocalDateTime_Constructors"", ""LocalDateTime""]","[0.058186738836265225, 0.02702702702702703]","[11.043301759133964, 4.566145092460882]"
org.joda.time.TestLocalDateTime_Constructors.testConstructor_Object_DateTimeZoneMoscow,0.058186738836265225,0.04260688293164613,0.02702702702702703,0.08521376586329225,0.03690987124463519,0.03965620459830093,0.015579855904619098,11.043301759133964,7.804723425797423,4.566145092460882,15.609446851594846,6.460871882450099,7.101078659755445,3.238578333336541,"[""TestLocalDateTime_Constructors"", ""LocalDateTime""]","[0.058186738836265225, 0.02702702702702703]","[11.043301759133964, 4.566145092460882]"
org.joda.time.TestLocalDateTime_Constructors.testConstructor_ObjectString2,0.058186738836265225,0.04260688293164613,0.02702702702702703,0.08521376586329225,0.03690987124463519,0.03965620459830093,0.015579855904619098,11.043301759133964,7.804723425797423,4.566145092460882,15.609446851594846,6.460871882450099,7.101078659755445,3.238578333336541,"[""TestLocalDateTime_Constructors"", ""LocalDateTime""]","[0.058186738836265225, 0.02702702702702703]","[11.043301759133964, 4.566145092460882]"
org.joda.time.TestLocalDateTime_Constructors.testConstructor_Object_Chronology_crossChronology,0.058186738836265225,0.04260688293164613,0.02702702702702703,0.08521376586329225,0.03690987124463519,0.03965620459830093,0.015579855904619098,11.043301759133964,7.804723425797423,4.566145092460882,15.609446851594846,6.460871882450099,7.101078659755445,3.238578333336541,"[""TestLocalDateTime_Constructors"", ""LocalDateTime""]","[0.058186738836265225, 0.02702702702702703]","[11.043301759133964, 4.566145092460882]"
org.joda.time.TestLocalDateTime_Constructors.testConstructor_ObjectString4,0.058186738836265225,0.04260688293164613,0.02702702702702703,0.08521376586329225,0.03690987124463519,0.03965620459830093,0.015579855904619098,11.043301759133964,7.804723425797423,4.566145092460882,15.609446851594846,6.460871882450099,7.101078659755445,3.238578333336541,"[""TestLocalDateTime_Constructors"", ""LocalDateTime""]","[0.058186738836265225, 0.02702702702702703]","[11.043301759133964, 4.566145092460882]"
org.joda.time.TestLocalDateTime_Constructors.testConstructor_Object_ChronologyMoscowBadDateTime,0.058186738836265225,0.04260688293164613,0.02702702702702703,0.08521376586329225,0.03690987124463519,0.03965620459830093,0.015579855904619098,11.043301759133964,7.804723425797423,4.566145092460882,15.609446851594846,6.460871882450099,7.101078659755445,3.238578333336541,"[""TestLocalDateTime_Constructors"", ""LocalDateTime""]","[0.058186738836265225, 0.02702702702702703]","[11.043301759133964, 4.566145092460882]"
org.joda.time.TestLocalDateTime_Constructors.testConstructor_Chronology,0.058186738836265225,0.04260688293164613,0.02702702702702703,0.08521376586329225,0.03690987124463519,0.03965620459830093,0.015579855904619098,11.043301759133964,7.804723425797423,4.566145092460882,15.609446851594846,6.460871882450099,7.101078659755445,3.238578333336541,"[""TestLocalDateTime_Constructors"", ""LocalDateTime""]","[0.058186738836265225, 0.02702702702702703]","[11.043301759133964, 4.566145092460882]"
org.joda.time.TestLocalDateTime_Constructors.testConstructor_ObjectLocalDateTime,0.058186738836265225,0.04260688293164613,0.02702702702702703,0.08521376586329225,0.03690987124463519,0.03965620459830093,0.015579855904619098,11.043301759133964,7.804723425797423,4.566145092460882,15.609446851594846,6.460871882450099,7.101078659755445,3.238578333336541,"[""TestLocalDateTime_Constructors"", ""LocalDateTime""]","[0.058186738836265225, 0.02702702702702703]","[11.043301759133964, 4.566145092460882]"
org.joda.time.TestLocalDateTime_Constructors.testConstructor_ObjectStringEx6,0.058186738836265225,0.04260688293164613,0.02702702702702703,0.08521376586329225,0.03690987124463519,0.03965620459830093,0.015579855904619098,11.043301759133964,7.804723425797423,4.566145092460882,15.609446851594846,6.460871882450099,7.101078659755445,3.238578333336541,"[""TestLocalDateTime_Constructors"", ""LocalDateTime""]","[0.058186738836265225, 0.02702702702702703]","[11.043301759133964, 4.566145092460882]"
org.joda.time.chrono.TestJulianChronology.testDurationFields,0.037317784256559766,0.0212914991291175,0.00994733762434172,0.08516599651647,0.017175510211891808,0.01910687200963638,0.009958199551582177,3.358600583090379,1.5692622831963179,0.689877121123464,6.2770491327852715,1.0858082133926208,1.2778454390778597,1.0689727185859212,"[""TestJulianChronology"", ""DurationField"", ""DateTimeZone"", ""JulianChronology""]","[0.037317784256559766, 0.01924198250728863, 0.018658892128279883, 0.00994733762434172]","[3.358600583090379, 1.415743440233236, 0.8128279883381925, 0.689877121123464]"
org.joda.time.TestTimeOfDay_Constructors.testConstructor_int_int_int_int_Chronology,0.044386422976501305,0.02837405842822224,0.018658892128279883,0.08512217528466672,0.024707736699769934,0.026344569301015485,0.011408110863787147,4.117493472584856,2.606918273837255,0.8128279883381925,7.820754821511764,1.6491602070496445,2.1307451567294398,1.3639377048346881,"[""TestTimeOfDay_Constructors"", ""TimeOfDay"", ""JulianChronology""]","[0.044386422976501305, 0.022076860179885527, 0.018658892128279883]","[4.117493472584856, 2.8904333605887165, 0.8128279883381925]"
org.joda.time.TestTimeOfDay_Constructors.testConstructor_int_int_int_Chronology,0.044386422976501305,0.02837405842822224,0.018658892128279883,0.08512217528466672,0.024707736699769934,0.026344569301015485,0.011408110863787147,4.117493472584856,2.606918273837255,0.8128279883381925,7.820754821511764,1.6491602070496445,2.1307451567294398,1.3639377048346881,"[""TestTimeOfDay_Constructors"", ""TimeOfDay"", ""JulianChronology""]","[0.044386422976501305, 0.022076860179885527, 0.018658892128279883]","[4.117493472584856, 2.8904333605887165, 0.8128279883381925]"
org.joda.time.TestTimeOfDay_Constructors.testConstructor_long2_Chronology,0.044386422976501305,0.02837405842822224,0.018658892128279883,0.08512217528466672,0.024707736699769934,0.026344569301015485,0.011408110863787147,4.117493472584856,2.606918273837255,0.8128279883381925,7.820754821511764,1.6491602070496445,2.1307451567294398,1.3639377048346881,"[""TestTimeOfDay_Constructors"", ""TimeOfDay"", ""JulianChronology""]","[0.044386422976501305, 0.022076860179885527, 0.018658892128279883]","[4.117493472584856, 2.8904333605887165, 0.8128279883381925]"
org.joda.time.TestTimeOfDay_Constructors.testConstructor_int_int_Chronology,0.044386422976501305,0.02837405842822224,0.018658892128279883,0.08512217528466672,0.024707736699769934,0.026344569301015485,0.011408110863787147,4.117493472584856,2.606918273837255,0.8128279883381925,7.820754821511764,1.6491602070496445,2.1307451567294398,1.3639377048346881,"[""TestTimeOfDay_Constructors"", ""TimeOfDay"", ""JulianChronology""]","[0.044386422976501305, 0.022076860179885527, 0.018658892128279883]","[4.117493472584856, 2.8904333605887165, 0.8128279883381925]"
org.joda.time.TestTimeOfDay_Constructors.testConstructor_nullObject_Chronology,0.044386422976501305,0.02837405842822224,0.018658892128279883,0.08512217528466672,0.024707736699769934,0.026344569301015485,0.011408110863787147,4.117493472584856,2.606918273837255,0.8128279883381925,7.820754821511764,1.6491602070496445,2.1307451567294398,1.3639377048346881,"[""TestTimeOfDay_Constructors"", ""TimeOfDay"", ""JulianChronology""]","[0.044386422976501305, 0.022076860179885527, 0.018658892128279883]","[4.117493472584856, 2.8904333605887165, 0.8128279883381925]"
org.joda.time.TestTimeOfDay_Constructors.testFactoryMillisOfDay_long1_Chronology,0.044386422976501305,0.02837405842822224,0.018658892128279883,0.08512217528466672,0.024707736699769934,0.026344569301015485,0.011408110863787147,4.117493472584856,2.606918273837255,0.8128279883381925,7.820754821511764,1.6491602070496445,2.1307451567294398,1.3639377048346881,"[""TestTimeOfDay_Constructors"", ""TimeOfDay"", ""JulianChronology""]","[0.044386422976501305, 0.022076860179885527, 0.018658892128279883]","[4.117493472584856, 2.8904333605887165, 0.8128279883381925]"
org.joda.time.TestTimeOfDay_Constructors.testConstructor_Chronology,0.044386422976501305,0.02837405842822224,0.018658892128279883,0.08512217528466672,0.024707736699769934,0.026344569301015485,0.011408110863787147,4.117493472584856,2.606918273837255,0.8128279883381925,7.820754821511764,1.6491602070496445,2.1307451567294398,1.3639377048346881,"[""TestTimeOfDay_Constructors"", ""TimeOfDay"", ""JulianChronology""]","[0.044386422976501305, 0.022076860179885527, 0.018658892128279883]","[4.117493472584856, 2.8904333605887165, 0.8128279883381925]"
org.joda.time.TestTimeOfDay_Constructors.testConstructor_long1_Chronology,0.044386422976501305,0.02837405842822224,0.018658892128279883,0.08512217528466672,0.024707736699769934,0.026344569301015485,0.011408110863787147,4.117493472584856,2.606918273837255,0.8128279883381925,7.820754821511764,1.6491602070496445,2.1307451567294398,1.3639377048346881,"[""TestTimeOfDay_Constructors"", ""TimeOfDay"", ""JulianChronology""]","[0.044386422976501305, 0.022076860179885527, 0.018658892128279883]","[4.117493472584856, 2.8904333605887165, 0.8128279883381925]"
org.joda.time.TestIllegalFieldValueException.testSkipDateTimeField,0.016693163751987282,0.01414961266092681,0.009250693802035153,0.08489767596556086,0.01360940867848598,0.013898868049742483,0.0024635146125428996,2.1089030206677264,1.2617904491353487,0.35707678075855687,7.570742694812092,0.8805358702425821,1.080131221468782,0.6048521362574889,"[""IllegalFieldValueException"", ""DateTimeFieldType"", ""DateTimeField"", ""SkipDateTimeField"", ""TestIllegalFieldValueException"", ""ISOChronology"", ""Integer""]","[0.016693163751987282, 0.01574344023323615, 0.01574344023323615, 0.014242115971515769, 0.013224821973550356, 0.009250693802035153]","[2.1089030206677264, 0.7008746355685131, 1.8169096209912536, 1.1627670396744658, 1.4242115971515767, 0.35707678075855687]"
org.joda.time.TestDuration_Constructors.testConstructor_Object4,0.04081632653061224,0.028222942710056792,0.018691588785046728,0.08466882813017038,0.02547896504048983,0.026775371720532747,0.009288273086296258,5.746938775510204,3.069173552370731,1.6079578700994734,9.207520657112193,2.246034420860024,2.5773071280818702,1.896098682888746,"[""TestDuration_Constructors"", ""Duration"", ""DateTime""]","[0.04081632653061224, 0.02516091281451141, 0.018691588785046728]","[5.746938775510204, 1.6079578700994734, 1.852624011502516]"
org.joda.time.TestDuration_Constructors.testConstructor_RI_RI1,0.04081632653061224,0.028222942710056792,0.018691588785046728,0.08466882813017038,0.02547896504048983,0.026775371720532747,0.009288273086296258,5.746938775510204,3.069173552370731,1.6079578700994734,9.207520657112193,2.246034420860024,2.5773071280818702,1.896098682888746,"[""TestDuration_Constructors"", ""Duration"", ""DateTime""]","[0.04081632653061224, 0.02516091281451141, 0.018691588785046728]","[5.746938775510204, 1.6079578700994734, 1.852624011502516]"
org.joda.time.TestDuration_Constructors.testConstructor_long_long1,0.04081632653061224,0.028222942710056792,0.018691588785046728,0.08466882813017038,0.02547896504048983,0.026775371720532747,0.009288273086296258,5.746938775510204,3.069173552370731,1.6079578700994734,9.207520657112193,2.246034420860024,2.5773071280818702,1.896098682888746,"[""TestDuration_Constructors"", ""Duration"", ""DateTime""]","[0.04081632653061224, 0.02516091281451141, 0.018691588785046728]","[5.746938775510204, 1.6079578700994734, 1.852624011502516]"
org.joda.time.TestDuration_Constructors.testConstructor_RI_RI2,0.04081632653061224,0.028222942710056792,0.018691588785046728,0.08466882813017038,0.02547896504048983,0.026775371720532747,0.009288273086296258,5.746938775510204,3.069173552370731,1.6079578700994734,9.207520657112193,2.246034420860024,2.5773071280818702,1.896098682888746,"[""TestDuration_Constructors"", ""Duration"", ""DateTime""]","[0.04081632653061224, 0.02516091281451141, 0.018691588785046728]","[5.746938775510204, 1.6079578700994734, 1.852624011502516]"
org.joda.time.TestDuration_Constructors.testConstructor_RI_RI3,0.04081632653061224,0.028222942710056792,0.018691588785046728,0.08466882813017038,0.02547896504048983,0.026775371720532747,0.009288273086296258,5.746938775510204,3.069173552370731,1.6079578700994734,9.207520657112193,2.246034420860024,2.5773071280818702,1.896098682888746,"[""TestDuration_Constructors"", ""Duration"", ""DateTime""]","[0.04081632653061224, 0.02516091281451141, 0.018691588785046728]","[5.746938775510204, 1.6079578700994734, 1.852624011502516]"
org.joda.time.TestChronology.testEqualsHashCode_Limit,0.04081632653061224,0.02113643675808521,0.013942680092951201,0.08454574703234084,0.01731983562193044,0.018833769429521384,0.011384695807438505,5.746938775510204,2.2940173471422067,0.7008746355685131,9.176069388568827,1.3016582178320264,1.6529059579312158,2.0128031079400697,"[""LimitChronology"", ""Object"", ""TestChronology"", ""ISOChronology"", ""DateTime""]","[0.04081632653061224, 0.01574344023323615, 0.014043300175541252, 0.013942680092951201]","[5.746938775510204, 0.7008746355685131, 1.451726155646577, 1.2765298218435321]"
org.joda.time.TestPartial_Basics.testGetFormatter1,0.026822157434402333,0.021109680244131505,0.016693163751987282,0.08443872097652602,0.020183197514186416,0.020638284483206135,0.004470848359718835,3.974816369359916,2.986271151169734,2.1089030206677264,11.945084604678936,2.8052504799890463,2.8943290273835216,0.7394953192525248,"[""DateTimeFieldType"", ""DateTimeFormatter"", ""TestPartial_Basics"", ""Partial""]","[0.026822157434402333, 0.024134312696747113, 0.016789087093389297, 0.016693163751987282]","[2.464723032069971, 3.396642182581322, 3.974816369359916, 2.1089030206677264]"
org.joda.time.TestPartial_Basics.testGetFormatter3,0.026822157434402333,0.021109680244131505,0.016693163751987282,0.08443872097652602,0.020183197514186416,0.020638284483206135,0.004470848359718835,3.974816369359916,2.986271151169734,2.1089030206677264,11.945084604678936,2.8052504799890463,2.8943290273835216,0.7394953192525248,"[""DateTimeFieldType"", ""DateTimeFormatter"", ""TestPartial_Basics"", ""Partial""]","[0.026822157434402333, 0.024134312696747113, 0.016789087093389297, 0.016693163751987282]","[2.464723032069971, 3.396642182581322, 3.974816369359916, 2.1089030206677264]"
org.joda.time.TestSerialization.testSerializedLocalTime,0.05013550135501355,0.021098051243677526,0.006006006006006006,0.0843922049747101,0.0100527646646557,0.014162366170142675,0.018027950188558222,7.333333333333333,2.4532545690280774,0.07507507507507508,9.81301827611231,0.15515808950094845,0.5724984950225122,2.9623256137909357,"[""StringBuilder"", ""ByteArrayOutputStream"", ""ObjectInputStream"", ""LocalTime"", ""TestSerialization"", ""FileInputStream"", ""ObjectOutputStream"", ""ByteArrayInputStream""]","[0.05013550135501355, 0.022244691607684528, 0.006006006006006006, 0.006006006006006006]","[7.333333333333333, 2.320525783619818, 0.08408408408408409, 0.07507507507507508]"
org.joda.time.TestDateMidnight_Basics.testWithZoneRetainFields_DateTimeZone,0.03319502074688797,0.02105980287187829,0.007623007623007623,0.08423921148751316,0.015595070439216829,0.0184324766450961,0.009473637380110709,3.8485477178423237,2.406716499496129,0.16493416493416493,9.626865997984517,0.5637042497571071,1.4652283714118592,1.4711294136223056,"[""TestDateMidnight_Basics"", ""MockNullZoneChronology"", ""BaseChronology"", ""DateMidnight""]","[0.03319502074688797, 0.02560553633217993, 0.017815646785437646, 0.007623007623007623]","[3.8485477178423237, 3.5916955017301038, 2.021688613477924, 0.16493416493416493]"
org.joda.time.TestMonthDay_Basics.testEqualsHashCode,0.03459119496855346,0.021048838719426796,0.011494252873563218,0.08419535487770718,0.01810948003841405,0.01949193994368816,0.008406941172992543,6.022012578616352,3.2525972364966065,0.30493576741041245,13.010388945986426,0.9727895460045786,2.071551270366227,2.1593746179537514,"[""Object"", ""TestMonthDay_Basics"", ""MockPartial"", ""TestMonthDay_Basics$MockMD"", ""MonthDay"", ""Chronology""]","[0.03459119496855346, 0.01924198250728863, 0.018867924528301886, 0.011494252873563218]","[6.022012578616352, 2.2746355685131197, 4.408805031446541, 0.30493576741041245]"
org.joda.time.chrono.TestGregorianChronology.testDurationFields,0.037317784256559766,0.020999953939613125,0.00994733762434172,0.0839998157584525,0.01677263518533559,0.018715015067750102,0.010198810294658562,3.358600583090379,1.5124109712429652,0.632069970845481,6.049643884971861,0.9852729434912563,1.189959846140179,1.1045946558898603,"[""DateTimeZone"", ""TestGregorianChronology"", ""DurationField"", ""GregorianChronology""]","[0.037317784256559766, 0.02099125364431487, 0.01574344023323615, 0.00994733762434172]","[3.358600583090379, 1.3690962099125363, 0.632069970845481, 0.689877121123464]"
org.joda.time.TestDateMidnight_Basics.testMinus_RD,0.03319502074688797,0.0279871566311931,0.02516091281451141,0.0839614698935793,0.027542331620232615,0.027757333159166103,0.003686986936399664,3.8485477178423237,3.0160670298906336,1.6079578700994734,9.0482010896719,2.5858387381906778,2.8116225471281813,1.0011898986193928,"[""TestDateMidnight_Basics"", ""DateMidnight"", ""Duration""]","[0.03319502074688797, 0.02560553633217993, 0.02516091281451141]","[3.8485477178423237, 3.5916955017301038, 1.6079578700994734]"
org.joda.time.TestDateMidnight_Basics.testWithDurationAdded_RD_int,0.03319502074688797,0.0279871566311931,0.02516091281451141,0.0839614698935793,0.027542331620232615,0.027757333159166103,0.003686986936399664,3.8485477178423237,3.0160670298906336,1.6079578700994734,9.0482010896719,2.5858387381906778,2.8116225471281813,1.0011898986193928,"[""TestDateMidnight_Basics"", ""DateMidnight"", ""Duration""]","[0.03319502074688797, 0.02560553633217993, 0.02516091281451141]","[3.8485477178423237, 3.5916955017301038, 1.6079578700994734]"
org.joda.time.TestDateMidnight_Basics.testPlus_RD,0.03319502074688797,0.0279871566311931,0.02516091281451141,0.0839614698935793,0.027542331620232615,0.027757333159166103,0.003686986936399664,3.8485477178423237,3.0160670298906336,1.6079578700994734,9.0482010896719,2.5858387381906778,2.8116225471281813,1.0011898986193928,"[""TestDateMidnight_Basics"", ""DateMidnight"", ""Duration""]","[0.03319502074688797, 0.02560553633217993, 0.02516091281451141]","[3.8485477178423237, 3.5916955017301038, 1.6079578700994734]"
org.joda.time.TestDateMidnight_Basics.testEqualsHashCode,0.03319502074688797,0.02795781445881466,0.02507288629737609,0.08387344337644398,0.027507093968883786,0.027724925268449246,0.0037096429561140646,3.8485477178423237,3.0944639692063585,1.8431486880466472,9.283391907619075,2.77570078391865,2.942516584725143,0.891005317933361,"[""TestDateMidnight_Basics"", ""DateMidnight"", ""AbstractInstant"", ""TestDateMidnight_Basics$MockInstant""]","[0.03319502074688797, 0.02560553633217993, 0.02507288629737609]","[3.8485477178423237, 3.5916955017301038, 1.8431486880466472]"
org.joda.time.TestDateMidnight_Basics.testCompareTo,0.03319502074688797,0.02795781445881466,0.02507288629737609,0.08387344337644398,0.027507093968883786,0.027724925268449246,0.0037096429561140646,3.8485477178423237,3.0944639692063585,1.8431486880466472,9.283391907619075,2.77570078391865,2.942516584725143,0.891005317933361,"[""TestDateMidnight_Basics"", ""DateMidnight"", ""AbstractInstant"", ""TestDateMidnight_Basics$MockInstant""]","[0.03319502074688797, 0.02560553633217993, 0.02507288629737609]","[3.8485477178423237, 3.5916955017301038, 1.8431486880466472]"
org.joda.time.convert.TestStringConverter.testGetDateTime5,0.04081632653061224,0.027926097427636427,0.018658892128279883,0.08377829228290928,0.0251591718439268,0.026452110244308148,0.009401514095598619,5.746938775510204,2.90519745118511,0.8128279883381925,8.71559235355533,1.605877343975705,2.15948212812408,2.0828715683087218,"[""DateTime"", ""JulianChronology"", ""TestStringConverter""]","[0.04081632653061224, 0.024303073624017155, 0.018658892128279883]","[5.746938775510204, 2.1558255897069336, 0.8128279883381925]"
org.joda.time.convert.TestStringConverter.testGetDateTime6,0.04081632653061224,0.027926097427636427,0.018658892128279883,0.08377829228290928,0.0251591718439268,0.026452110244308148,0.009401514095598619,5.746938775510204,2.90519745118511,0.8128279883381925,8.71559235355533,1.605877343975705,2.15948212812408,2.0828715683087218,"[""DateTime"", ""JulianChronology"", ""TestStringConverter""]","[0.04081632653061224, 0.024303073624017155, 0.018658892128279883]","[5.746938775510204, 2.1558255897069336, 0.8128279883381925]"
org.joda.time.TestMutableInterval_Constructors.testConstructor_Object6,0.022713687985654513,0.016716845295974177,0.009563658099222952,0.08358422647987089,0.015403940361943097,0.016098029420506678,0.004257504407003105,2.3002980625931446,1.3848378600930016,0.3753735803945009,6.924189300465008,0.9559086749075887,1.194248968505085,0.6160743698955533,"[""TestMutableInterval_Constructors$2"", ""Object"", ""Interval"", ""TestMutableInterval_Constructors"", ""ReadWritableInterval"", ""MutableInterval"", ""ConverterManager""]","[0.022713687985654513, 0.01852958756724447, 0.01639344262295082, 0.016383850204798128, 0.009563658099222952]","[1.5499103407053199, 1.2755528989838614, 2.3002980625931446, 1.4230544177881803, 0.3753735803945009]"
org.joda.time.TestDateTime_Basics.testWithFieldAdded4,0.04081632653061224,0.027835893176034677,0.012718600953895072,0.08350767952810403,0.02197985180251436,0.02496509900523834,0.011569937194039717,5.746938775510204,3.786458888732605,1.1764705882352942,11.359376666197814,2.4010840274939853,3.1069576031472357,1.921577606610867,"[""DurationFieldType"", ""TestDateTime_Basics"", ""DateTime""]","[0.04081632653061224, 0.02997275204359673, 0.012718600953895072]","[5.746938775510204, 4.435967302452316, 1.1764705882352942]"
org.joda.time.TestDateTime_Basics.testWithFieldAdded1,0.04081632653061224,0.027835893176034677,0.012718600953895072,0.08350767952810403,0.02197985180251436,0.02496509900523834,0.011569937194039717,5.746938775510204,3.786458888732605,1.1764705882352942,11.359376666197814,2.4010840274939853,3.1069576031472357,1.921577606610867,"[""DurationFieldType"", ""TestDateTime_Basics"", ""DateTime""]","[0.04081632653061224, 0.02997275204359673, 0.012718600953895072]","[5.746938775510204, 4.435967302452316, 1.1764705882352942]"
org.joda.time.TestYearMonth_Basics.testToDateTime_RI,0.04081632653061224,0.02782766439909297,0.013333333333333334,0.0834829931972789,0.02245661789724396,0.02517936015779635,0.011270285650774254,5.746938775510204,4.8614240362811785,3.493333333333333,14.584272108843535,4.633984915351004,4.751685438230725,0.9812726575971512,"[""DateTime"", ""DateTime$Property"", ""YearMonth"", ""TestYearMonth_Basics""]","[0.04081632653061224, 0.029333333333333333, 0.013333333333333334]","[5.746938775510204, 5.344, 3.493333333333333]"
org.joda.time.convert.TestReadableInstantConverter.testGetChronology_Object_Chronology,0.04081632653061224,0.020839023320950355,0.008191925102399064,0.08335609328380142,0.015157009050223038,0.017687844113420833,0.01214823000509832,5.746938775510204,1.8830244908483413,0.28437682855471036,7.532097963393365,0.6070716312717935,0.95910738649951,2.2439839109276924,"[""DateTime"", ""TestReadableInstantConverter"", ""ReadableInstantConverter"", ""Instant""]","[0.04081632653061224, 0.018658892128279883, 0.015688949522510234, 0.008191925102399064]","[5.746938775510204, 0.963265306122449, 0.5375170532060027, 0.28437682855471036]"
org.joda.time.convert.TestReadableInstantConverter.testGetInstantMillis_Object_Chronology,0.04081632653061224,0.020839023320950355,0.008191925102399064,0.08335609328380142,0.015157009050223038,0.017687844113420833,0.01214823000509832,5.746938775510204,1.8830244908483413,0.28437682855471036,7.532097963393365,0.6070716312717935,0.95910738649951,2.2439839109276924,"[""DateTime"", ""TestReadableInstantConverter"", ""ReadableInstantConverter"", ""Instant""]","[0.04081632653061224, 0.018658892128279883, 0.015688949522510234, 0.008191925102399064]","[5.746938775510204, 0.963265306122449, 0.5375170532060027, 0.28437682855471036]"
org.joda.time.TestDateTime_Properties.testPropertyGetWeekyear,0.04081632653061224,0.02773969066022672,0.01924198250728863,0.08321907198068017,0.025073933091483352,0.026299381248517474,0.009383958450120649,5.746938775510204,4.472904436200326,2.2746355685131197,13.41871330860098,3.7550698231979713,4.13209849992566,1.56095686208048,"[""DateTime$Property"", ""Chronology"", ""TestDateTime_Properties"", ""DateTime""]","[0.04081632653061224, 0.02316076294277929, 0.01924198250728863]","[5.746938775510204, 5.397138964577657, 2.2746355685131197]"
org.joda.time.TestDateTime_Properties.testPropertyGetSecondOfMinute,0.04081632653061224,0.02773969066022672,0.01924198250728863,0.08321907198068017,0.025073933091483352,0.026299381248517474,0.009383958450120649,5.746938775510204,4.472904436200326,2.2746355685131197,13.41871330860098,3.7550698231979713,4.13209849992566,1.56095686208048,"[""DateTime$Property"", ""Chronology"", ""TestDateTime_Properties"", ""DateTime""]","[0.04081632653061224, 0.02316076294277929, 0.01924198250728863]","[5.746938775510204, 5.397138964577657, 2.2746355685131197]"
org.joda.time.TestDateTime_Properties.testPropertyGetYearOfEra,0.04081632653061224,0.02773969066022672,0.01924198250728863,0.08321907198068017,0.025073933091483352,0.026299381248517474,0.009383958450120649,5.746938775510204,4.472904436200326,2.2746355685131197,13.41871330860098,3.7550698231979713,4.13209849992566,1.56095686208048,"[""DateTime$Property"", ""Chronology"", ""TestDateTime_Properties"", ""DateTime""]","[0.04081632653061224, 0.02316076294277929, 0.01924198250728863]","[5.746938775510204, 5.397138964577657, 2.2746355685131197]"
org.joda.time.TestDateTime_Properties.testPropertyGetSecondOfDay,0.04081632653061224,0.02773969066022672,0.01924198250728863,0.08321907198068017,0.025073933091483352,0.026299381248517474,0.009383958450120649,5.746938775510204,4.472904436200326,2.2746355685131197,13.41871330860098,3.7550698231979713,4.13209849992566,1.56095686208048,"[""DateTime$Property"", ""Chronology"", ""TestDateTime_Properties"", ""DateTime""]","[0.04081632653061224, 0.02316076294277929, 0.01924198250728863]","[5.746938775510204, 5.397138964577657, 2.2746355685131197]"
org.joda.time.TestDateTime_Properties.testPropertyGetYearOfCentury,0.04081632653061224,0.02773969066022672,0.01924198250728863,0.08321907198068017,0.025073933091483352,0.026299381248517474,0.009383958450120649,5.746938775510204,4.472904436200326,2.2746355685131197,13.41871330860098,3.7550698231979713,4.13209849992566,1.56095686208048,"[""DateTime$Property"", ""Chronology"", ""TestDateTime_Properties"", ""DateTime""]","[0.04081632653061224, 0.02316076294277929, 0.01924198250728863]","[5.746938775510204, 5.397138964577657, 2.2746355685131197]"
org.joda.time.TestDateTime_Properties.testPropertyGetMinuteOfDay,0.04081632653061224,0.02773969066022672,0.01924198250728863,0.08321907198068017,0.025073933091483352,0.026299381248517474,0.009383958450120649,5.746938775510204,4.472904436200326,2.2746355685131197,13.41871330860098,3.7550698231979713,4.13209849992566,1.56095686208048,"[""DateTime$Property"", ""Chronology"", ""TestDateTime_Properties"", ""DateTime""]","[0.04081632653061224, 0.02316076294277929, 0.01924198250728863]","[5.746938775510204, 5.397138964577657, 2.2746355685131197]"
org.joda.time.TestDateTime_Properties.testPropertyGetDayOfYear,0.04081632653061224,0.02773969066022672,0.01924198250728863,0.08321907198068017,0.025073933091483352,0.026299381248517474,0.009383958450120649,5.746938775510204,4.472904436200326,2.2746355685131197,13.41871330860098,3.7550698231979713,4.13209849992566,1.56095686208048,"[""DateTime$Property"", ""Chronology"", ""TestDateTime_Properties"", ""DateTime""]","[0.04081632653061224, 0.02316076294277929, 0.01924198250728863]","[5.746938775510204, 5.397138964577657, 2.2746355685131197]"
org.joda.time.TestDateTime_Properties.testPropertyGetMillisOfDay,0.04081632653061224,0.02773969066022672,0.01924198250728863,0.08321907198068017,0.025073933091483352,0.026299381248517474,0.009383958450120649,5.746938775510204,4.472904436200326,2.2746355685131197,13.41871330860098,3.7550698231979713,4.13209849992566,1.56095686208048,"[""DateTime$Property"", ""Chronology"", ""TestDateTime_Properties"", ""DateTime""]","[0.04081632653061224, 0.02316076294277929, 0.01924198250728863]","[5.746938775510204, 5.397138964577657, 2.2746355685131197]"
org.joda.time.TestDateTime_Properties.testPropertyGetMinuteOfHour,0.04081632653061224,0.02773969066022672,0.01924198250728863,0.08321907198068017,0.025073933091483352,0.026299381248517474,0.009383958450120649,5.746938775510204,4.472904436200326,2.2746355685131197,13.41871330860098,3.7550698231979713,4.13209849992566,1.56095686208048,"[""DateTime$Property"", ""Chronology"", ""TestDateTime_Properties"", ""DateTime""]","[0.04081632653061224, 0.02316076294277929, 0.01924198250728863]","[5.746938775510204, 5.397138964577657, 2.2746355685131197]"
org.joda.time.TestDateTime_Properties.testPropertyGetHourOfDay,0.04081632653061224,0.02773969066022672,0.01924198250728863,0.08321907198068017,0.025073933091483352,0.026299381248517474,0.009383958450120649,5.746938775510204,4.472904436200326,2.2746355685131197,13.41871330860098,3.7550698231979713,4.13209849992566,1.56095686208048,"[""DateTime$Property"", ""Chronology"", ""TestDateTime_Properties"", ""DateTime""]","[0.04081632653061224, 0.02316076294277929, 0.01924198250728863]","[5.746938775510204, 5.397138964577657, 2.2746355685131197]"
org.joda.time.TestDateTime_Properties.testPropertyGetYear,0.04081632653061224,0.02773969066022672,0.01924198250728863,0.08321907198068017,0.025073933091483352,0.026299381248517474,0.009383958450120649,5.746938775510204,4.472904436200326,2.2746355685131197,13.41871330860098,3.7550698231979713,4.13209849992566,1.56095686208048,"[""DateTime$Property"", ""Chronology"", ""TestDateTime_Properties"", ""DateTime""]","[0.04081632653061224, 0.02316076294277929, 0.01924198250728863]","[5.746938775510204, 5.397138964577657, 2.2746355685131197]"
org.joda.time.TestDateTime_Properties.testPropertyGetWeekOfWeekyear,0.04081632653061224,0.02773969066022672,0.01924198250728863,0.08321907198068017,0.025073933091483352,0.026299381248517474,0.009383958450120649,5.746938775510204,4.472904436200326,2.2746355685131197,13.41871330860098,3.7550698231979713,4.13209849992566,1.56095686208048,"[""DateTime$Property"", ""Chronology"", ""TestDateTime_Properties"", ""DateTime""]","[0.04081632653061224, 0.02316076294277929, 0.01924198250728863]","[5.746938775510204, 5.397138964577657, 2.2746355685131197]"
org.joda.time.TestDateTime_Properties.testPropertyLeapMonthOfYear,0.04081632653061224,0.02773969066022672,0.01924198250728863,0.08321907198068017,0.025073933091483352,0.026299381248517474,0.009383958450120649,5.746938775510204,4.472904436200326,2.2746355685131197,13.41871330860098,3.7550698231979713,4.13209849992566,1.56095686208048,"[""Chronology"", ""DateTime$Property"", ""TestDateTime_Properties"", ""DateTime""]","[0.04081632653061224, 0.02316076294277929, 0.01924198250728863]","[5.746938775510204, 5.397138964577657, 2.2746355685131197]"
org.joda.time.TestDateTime_Properties.testPropertyGetDayOfMonth,0.04081632653061224,0.02773969066022672,0.01924198250728863,0.08321907198068017,0.025073933091483352,0.026299381248517474,0.009383958450120649,5.746938775510204,4.472904436200326,2.2746355685131197,13.41871330860098,3.7550698231979713,4.13209849992566,1.56095686208048,"[""DateTime$Property"", ""Chronology"", ""TestDateTime_Properties"", ""DateTime""]","[0.04081632653061224, 0.02316076294277929, 0.01924198250728863]","[5.746938775510204, 5.397138964577657, 2.2746355685131197]"
org.joda.time.TestDateTime_Properties.testPropertyLeapYear,0.04081632653061224,0.02773969066022672,0.01924198250728863,0.08321907198068017,0.025073933091483352,0.026299381248517474,0.009383958450120649,5.746938775510204,4.472904436200326,2.2746355685131197,13.41871330860098,3.7550698231979713,4.13209849992566,1.56095686208048,"[""Chronology"", ""DateTime$Property"", ""TestDateTime_Properties"", ""DateTime""]","[0.04081632653061224, 0.02316076294277929, 0.01924198250728863]","[5.746938775510204, 5.397138964577657, 2.2746355685131197]"
org.joda.time.TestDateTime_Properties.testPropertyGetCenturyOfEra,0.04081632653061224,0.02773969066022672,0.01924198250728863,0.08321907198068017,0.025073933091483352,0.026299381248517474,0.009383958450120649,5.746938775510204,4.472904436200326,2.2746355685131197,13.41871330860098,3.7550698231979713,4.13209849992566,1.56095686208048,"[""DateTime$Property"", ""Chronology"", ""TestDateTime_Properties"", ""DateTime""]","[0.04081632653061224, 0.02316076294277929, 0.01924198250728863]","[5.746938775510204, 5.397138964577657, 2.2746355685131197]"
org.joda.time.TestDateTime_Properties.testPropertyGetMillisOfSecond,0.04081632653061224,0.02773969066022672,0.01924198250728863,0.08321907198068017,0.025073933091483352,0.026299381248517474,0.009383958450120649,5.746938775510204,4.472904436200326,2.2746355685131197,13.41871330860098,3.7550698231979713,4.13209849992566,1.56095686208048,"[""DateTime$Property"", ""Chronology"", ""TestDateTime_Properties"", ""DateTime""]","[0.04081632653061224, 0.02316076294277929, 0.01924198250728863]","[5.746938775510204, 5.397138964577657, 2.2746355685131197]"
org.joda.time.TestMutablePeriod_Updates.testAdd_RInterval3,0.022713687985654513,0.02075589572545378,0.019823788546255508,0.08302358290181512,0.020692784752684917,0.020723791787342093,0.0011736476314768427,5.674008810572687,3.5013539150312063,1.5499103407053199,14.005415660124825,2.8225356130598587,3.163145315495032,1.481566463705883,"[""PeriodType"", ""TestMutablePeriod_Updates"", ""MutablePeriod"", ""Interval""]","[0.022713687985654513, 0.020618556701030927, 0.019867549668874173, 0.019823788546255508]","[1.5499103407053199, 3.0537555228276876, 3.7277409860191315, 5.674008810572687]"
org.joda.time.TestTimeOfDay_Basics.testSerialization,0.044386422976501305,0.01657281371553064,0.006006006006006006,0.0828640685776532,0.008765019118053463,0.011454217540812474,0.014987689409626907,4.117493472584856,1.5733560216250841,0.06927710843373494,7.866780108125421,0.12445696858405415,0.363425973650565,1.8433881671630261,"[""TimeOfDay"", ""ByteArrayOutputStream"", ""Arrays"", ""ObjectInputStream"", ""TestTimeOfDay_Basics"", ""ObjectOutputStream"", ""ByteArrayInputStream""]","[0.044386422976501305, 0.02044153720359771, 0.006024096385542169, 0.006006006006006006, 0.006006006006006006]","[4.117493472584856, 3.5208503679476695, 0.06927710843373494, 0.08408408408408409, 0.07507507507507508]"
org.joda.time.TestDateTime_Basics.testSerialization,0.04081632653061224,0.020700272646555246,0.006006006006006006,0.08280109058622098,0.010233748110245378,0.014493825064028033,0.015186156872641939,5.746938775510204,2.58551630928042,0.07507507507507508,10.34206523712168,0.15617500671332143,0.6333716495355418,2.5484426252008507,"[""ByteArrayOutputStream"", ""ObjectInputStream"", ""TestDateTime_Basics"", ""DateTime"", ""ObjectOutputStream"", ""ByteArrayInputStream""]","[0.04081632653061224, 0.02997275204359673, 0.006006006006006006, 0.006006006006006006]","[5.746938775510204, 4.435967302452316, 0.08408408408408409, 0.07507507507507508]"
org.joda.time.convert.TestStringConverter.testGetChronology_Object_Chronology,0.024303073624017155,0.02067401094635404,0.01574344023323615,0.08269604378541616,0.020005776250640275,0.02034333367672242,0.0036242703062812883,2.1558255897069336,1.130225821688957,0.7008746355685131,4.520903286755828,0.9312089967046107,1.0112147283682544,0.5947050634058895,"[""StringConverter"", ""ISOChronology"", ""JulianChronology"", ""TestStringConverter""]","[0.024303073624017155, 0.02399063779988297, 0.018658892128279883, 0.01574344023323615]","[2.1558255897069336, 0.8513750731421884, 0.8128279883381925, 0.7008746355685131]"
org.joda.time.chrono.TestEthiopicChronology.testSampleDate,0.04081632653061224,0.020638146730132402,0.00994733762434172,0.08255258692052961,0.015619392164463014,0.017714729878428138,0.012110219028508387,5.746938775510204,2.706360953755977,0.689877121123464,10.825443815023908,1.4363397495247814,1.967417585478207,1.9942238491643387,"[""TestEthiopicChronology"", ""DurationField"", ""DurationFieldType"", ""DateTime$Property"", ""DateTime""]","[0.04081632653061224, 0.01907032181168057, 0.012718600953895072, 0.00994733762434172]","[5.746938775510204, 3.2121573301549464, 1.1764705882352942, 0.689877121123464]"
org.joda.time.TestPeriod_Basics.testValueIndexMethods,0.030927835051546393,0.020629246194258672,0.006024096385542169,0.08251698477703469,0.013909127036693602,0.01756180575050851,0.00929568110514984,6.045521292217328,3.68025929438478,0.06927710843373494,14.72103717753912,0.2653675258042045,1.6612647011299837,2.2400717996943564,"[""Period"", ""PeriodType"", ""Arrays"", ""TestPeriod_Basics""]","[0.030927835051546393, 0.02569750367107195, 0.019867549668874173, 0.006024096385542169]","[4.878497790868925, 6.045521292217328, 3.7277409860191315, 0.06927710843373494]"
org.joda.time.TestLocalTime_Constructors.testConstructor_Object1_DateTimeZone,0.05013550135501355,0.027487619765339564,0.00243605359317905,0.0824628592960187,0.006466904121923123,0.015397812341403756,0.01954725221738437,7.333333333333333,4.039176919863251,0.04506699147381242,12.117530759589753,0.1331170211329485,1.1613226193919766,3.016306544960416,"[""TestLocalTime_Constructors"", ""Date"", ""LocalTime""]","[0.05013550135501355, 0.029891304347826088, 0.00243605359317905]","[7.333333333333333, 4.739130434782608, 0.04506699147381242]"
org.joda.time.TestLocalTime_Constructors.testConstructor_Object_nullChronology,0.05013550135501355,0.027487619765339564,0.00243605359317905,0.0824628592960187,0.006466904121923123,0.015397812341403756,0.01954725221738437,7.333333333333333,4.039176919863251,0.04506699147381242,12.117530759589753,0.1331170211329485,1.1613226193919766,3.016306544960416,"[""TestLocalTime_Constructors"", ""Date"", ""LocalTime""]","[0.05013550135501355, 0.029891304347826088, 0.00243605359317905]","[7.333333333333333, 4.739130434782608, 0.04506699147381242]"
org.joda.time.TestLocalTime_Constructors.testConstructor_Object1,0.05013550135501355,0.027487619765339564,0.00243605359317905,0.0824628592960187,0.006466904121923123,0.015397812341403756,0.01954725221738437,7.333333333333333,4.039176919863251,0.04506699147381242,12.117530759589753,0.1331170211329485,1.1613226193919766,3.016306544960416,"[""TestLocalTime_Constructors"", ""Date"", ""LocalTime""]","[0.05013550135501355, 0.029891304347826088, 0.00243605359317905]","[7.333333333333333, 4.739130434782608, 0.04506699147381242]"
org.joda.time.TestLocalTime_Constructors.testConstructor_Object1_Chronology,0.05013550135501355,0.027487619765339564,0.00243605359317905,0.0824628592960187,0.006466904121923123,0.015397812341403756,0.01954725221738437,7.333333333333333,4.039176919863251,0.04506699147381242,12.117530759589753,0.1331170211329485,1.1613226193919766,3.016306544960416,"[""TestLocalTime_Constructors"", ""Date"", ""LocalTime""]","[0.05013550135501355, 0.029891304347826088, 0.00243605359317905]","[7.333333333333333, 4.739130434782608, 0.04506699147381242]"
org.joda.time.TestLocalTime_Constructors.testConstructor_Object_nullDateTimeZone,0.05013550135501355,0.027487619765339564,0.00243605359317905,0.0824628592960187,0.006466904121923123,0.015397812341403756,0.01954725221738437,7.333333333333333,4.039176919863251,0.04506699147381242,12.117530759589753,0.1331170211329485,1.1613226193919766,3.016306544960416,"[""TestLocalTime_Constructors"", ""Date"", ""LocalTime""]","[0.05013550135501355, 0.029891304347826088, 0.00243605359317905]","[7.333333333333333, 4.739130434782608, 0.04506699147381242]"
org.joda.time.TestTimeOfDay_Basics.testMinusMillis_int,0.044386422976501305,0.02744022385012047,0.01749271137026239,0.08232067155036141,0.023325233023651477,0.02513083641067143,0.012043093236984409,4.117493472584856,2.9177375483990833,1.114868804664723,8.75321264519725,2.1069560811105177,2.5283357787668983,1.2978822568395811,"[""BuddhistChronology"", ""TimeOfDay"", ""TestTimeOfDay_Basics""]","[0.044386422976501305, 0.02044153720359771, 0.01749271137026239]","[4.117493472584856, 3.5208503679476695, 1.114868804664723]"
org.joda.time.TestTimeOfDay_Basics.testPlusSeconds_int,0.044386422976501305,0.02744022385012047,0.01749271137026239,0.08232067155036141,0.023325233023651477,0.02513083641067143,0.012043093236984409,4.117493472584856,2.9177375483990833,1.114868804664723,8.75321264519725,2.1069560811105177,2.5283357787668983,1.2978822568395811,"[""BuddhistChronology"", ""TimeOfDay"", ""TestTimeOfDay_Basics""]","[0.044386422976501305, 0.02044153720359771, 0.01749271137026239]","[4.117493472584856, 3.5208503679476695, 1.114868804664723]"
org.joda.time.TestTimeOfDay_Basics.testMinusSeconds_int,0.044386422976501305,0.02744022385012047,0.01749271137026239,0.08232067155036141,0.023325233023651477,0.02513083641067143,0.012043093236984409,4.117493472584856,2.9177375483990833,1.114868804664723,8.75321264519725,2.1069560811105177,2.5283357787668983,1.2978822568395811,"[""BuddhistChronology"", ""TimeOfDay"", ""TestTimeOfDay_Basics""]","[0.044386422976501305, 0.02044153720359771, 0.01749271137026239]","[4.117493472584856, 3.5208503679476695, 1.114868804664723]"
org.joda.time.TestTimeOfDay_Basics.testMinusHours_int,0.044386422976501305,0.02744022385012047,0.01749271137026239,0.08232067155036141,0.023325233023651477,0.02513083641067143,0.012043093236984409,4.117493472584856,2.9177375483990833,1.114868804664723,8.75321264519725,2.1069560811105177,2.5283357787668983,1.2978822568395811,"[""BuddhistChronology"", ""TimeOfDay"", ""TestTimeOfDay_Basics""]","[0.044386422976501305, 0.02044153720359771, 0.01749271137026239]","[4.117493472584856, 3.5208503679476695, 1.114868804664723]"
org.joda.time.TestTimeOfDay_Basics.testPlusMinutes_int,0.044386422976501305,0.02744022385012047,0.01749271137026239,0.08232067155036141,0.023325233023651477,0.02513083641067143,0.012043093236984409,4.117493472584856,2.9177375483990833,1.114868804664723,8.75321264519725,2.1069560811105177,2.5283357787668983,1.2978822568395811,"[""BuddhistChronology"", ""TimeOfDay"", ""TestTimeOfDay_Basics""]","[0.044386422976501305, 0.02044153720359771, 0.01749271137026239]","[4.117493472584856, 3.5208503679476695, 1.114868804664723]"
org.joda.time.TestTimeOfDay_Basics.testPlusMillis_int,0.044386422976501305,0.02744022385012047,0.01749271137026239,0.08232067155036141,0.023325233023651477,0.02513083641067143,0.012043093236984409,4.117493472584856,2.9177375483990833,1.114868804664723,8.75321264519725,2.1069560811105177,2.5283357787668983,1.2978822568395811,"[""BuddhistChronology"", ""TimeOfDay"", ""TestTimeOfDay_Basics""]","[0.044386422976501305, 0.02044153720359771, 0.01749271137026239]","[4.117493472584856, 3.5208503679476695, 1.114868804664723]"
org.joda.time.TestTimeOfDay_Basics.testPlusHours_int,0.044386422976501305,0.02744022385012047,0.01749271137026239,0.08232067155036141,0.023325233023651477,0.02513083641067143,0.012043093236984409,4.117493472584856,2.9177375483990833,1.114868804664723,8.75321264519725,2.1069560811105177,2.5283357787668983,1.2978822568395811,"[""BuddhistChronology"", ""TimeOfDay"", ""TestTimeOfDay_Basics""]","[0.044386422976501305, 0.02044153720359771, 0.01749271137026239]","[4.117493472584856, 3.5208503679476695, 1.114868804664723]"
org.joda.time.TestTimeOfDay_Basics.testMinusMinutes_int,0.044386422976501305,0.02744022385012047,0.01749271137026239,0.08232067155036141,0.023325233023651477,0.02513083641067143,0.012043093236984409,4.117493472584856,2.9177375483990833,1.114868804664723,8.75321264519725,2.1069560811105177,2.5283357787668983,1.2978822568395811,"[""BuddhistChronology"", ""TimeOfDay"", ""TestTimeOfDay_Basics""]","[0.044386422976501305, 0.02044153720359771, 0.01749271137026239]","[4.117493472584856, 3.5208503679476695, 1.114868804664723]"
org.joda.time.field.TestPreciseDurationDateTimeField.test_getAsShortText_long_Locale,0.02040816326530612,0.013704313161693274,0.009602194787379973,0.08222587897015965,0.012842701714975443,0.013247660721749802,0.0037067026195979104,2.4285714285714284,1.4898301254493826,0.40877914951989025,8.938980752696295,0.9147973951172187,1.195454293936001,0.8306965706913161,"[""TestPreciseDurationDateTimeField"", ""BaseDateTimeField"", ""DateTimeFieldType"", ""BaseDurationField"", ""TestPreciseDurationDateTimeField$MockPreciseDurationDateTimeField"", ""PreciseDurationDateTimeField"", ""DurationFieldType"", ""TestPreciseDurationDateTimeField$MockCountingDurationField""]","[0.02040816326530612, 0.016693163751987282, 0.012718600953895072, 0.011686143572621035, 0.011117612638970159, 0.009602194787379973]","[2.4285714285714284, 2.1089030206677264, 1.1764705882352942, 2.3013355592654423, 0.5149210064365126, 0.40877914951989025]"
org.joda.time.field.TestPreciseDurationDateTimeField.test_getAsShortText_int_Locale,0.02040816326530612,0.013704313161693274,0.009602194787379973,0.08222587897015965,0.012842701714975443,0.013247660721749802,0.0037067026195979104,2.4285714285714284,1.4898301254493826,0.40877914951989025,8.938980752696295,0.9147973951172187,1.195454293936001,0.8306965706913161,"[""TestPreciseDurationDateTimeField"", ""BaseDateTimeField"", ""DateTimeFieldType"", ""BaseDurationField"", ""TestPreciseDurationDateTimeField$MockPreciseDurationDateTimeField"", ""PreciseDurationDateTimeField"", ""DurationFieldType"", ""TestPreciseDurationDateTimeField$MockCountingDurationField""]","[0.02040816326530612, 0.016693163751987282, 0.012718600953895072, 0.011686143572621035, 0.011117612638970159, 0.009602194787379973]","[2.4285714285714284, 2.1089030206677264, 1.1764705882352942, 2.3013355592654423, 0.5149210064365126, 0.40877914951989025]"
org.joda.time.field.TestPreciseDurationDateTimeField.test_getLeapAmount_long,0.02040816326530612,0.013704313161693274,0.009602194787379973,0.08222587897015965,0.012842701714975443,0.013247660721749802,0.0037067026195979104,2.4285714285714284,1.4898301254493826,0.40877914951989025,8.938980752696295,0.9147973951172187,1.195454293936001,0.8306965706913161,"[""TestPreciseDurationDateTimeField"", ""BaseDateTimeField"", ""DateTimeFieldType"", ""BaseDurationField"", ""TestPreciseDurationDateTimeField$MockPreciseDurationDateTimeField"", ""PreciseDurationDateTimeField"", ""DurationFieldType"", ""TestPreciseDurationDateTimeField$MockCountingDurationField""]","[0.02040816326530612, 0.016693163751987282, 0.012718600953895072, 0.011686143572621035, 0.011117612638970159, 0.009602194787379973]","[2.4285714285714284, 2.1089030206677264, 1.1764705882352942, 2.3013355592654423, 0.5149210064365126, 0.40877914951989025]"
org.joda.time.field.TestPreciseDurationDateTimeField.test_roundFloor_long,0.02040816326530612,0.013704313161693274,0.009602194787379973,0.08222587897015965,0.012842701714975443,0.013247660721749802,0.0037067026195979104,2.4285714285714284,1.4898301254493826,0.40877914951989025,8.938980752696295,0.9147973951172187,1.195454293936001,0.8306965706913161,"[""TestPreciseDurationDateTimeField"", ""BaseDateTimeField"", ""DateTimeFieldType"", ""BaseDurationField"", ""TestPreciseDurationDateTimeField$MockPreciseDurationDateTimeField"", ""PreciseDurationDateTimeField"", ""DurationFieldType"", ""TestPreciseDurationDateTimeField$MockCountingDurationField""]","[0.02040816326530612, 0.016693163751987282, 0.012718600953895072, 0.011686143572621035, 0.011117612638970159, 0.009602194787379973]","[2.4285714285714284, 2.1089030206677264, 1.1764705882352942, 2.3013355592654423, 0.5149210064365126, 0.40877914951989025]"
org.joda.time.field.TestPreciseDurationDateTimeField.test_getMaximumValue,0.02040816326530612,0.013704313161693274,0.009602194787379973,0.08222587897015965,0.012842701714975443,0.013247660721749802,0.0037067026195979104,2.4285714285714284,1.4898301254493826,0.40877914951989025,8.938980752696295,0.9147973951172187,1.195454293936001,0.8306965706913161,"[""TestPreciseDurationDateTimeField"", ""BaseDateTimeField"", ""DateTimeFieldType"", ""BaseDurationField"", ""TestPreciseDurationDateTimeField$MockPreciseDurationDateTimeField"", ""PreciseDurationDateTimeField"", ""DurationFieldType"", ""TestPreciseDurationDateTimeField$MockCountingDurationField""]","[0.02040816326530612, 0.016693163751987282, 0.012718600953895072, 0.011686143572621035, 0.011117612638970159, 0.009602194787379973]","[2.4285714285714284, 2.1089030206677264, 1.1764705882352942, 2.3013355592654423, 0.5149210064365126, 0.40877914951989025]"
org.joda.time.field.TestPreciseDurationDateTimeField.test_getMinimumValue_long,0.02040816326530612,0.013704313161693274,0.009602194787379973,0.08222587897015965,0.012842701714975443,0.013247660721749802,0.0037067026195979104,2.4285714285714284,1.4898301254493826,0.40877914951989025,8.938980752696295,0.9147973951172187,1.195454293936001,0.8306965706913161,"[""TestPreciseDurationDateTimeField"", ""BaseDateTimeField"", ""DateTimeFieldType"", ""BaseDurationField"", ""TestPreciseDurationDateTimeField$MockPreciseDurationDateTimeField"", ""PreciseDurationDateTimeField"", ""DurationFieldType"", ""TestPreciseDurationDateTimeField$MockCountingDurationField""]","[0.02040816326530612, 0.016693163751987282, 0.012718600953895072, 0.011686143572621035, 0.011117612638970159, 0.009602194787379973]","[2.4285714285714284, 2.1089030206677264, 1.1764705882352942, 2.3013355592654423, 0.5149210064365126, 0.40877914951989025]"
org.joda.time.field.TestPreciseDurationDateTimeField.test_addWrapField_long_int,0.02040816326530612,0.013704313161693274,0.009602194787379973,0.08222587897015965,0.012842701714975443,0.013247660721749802,0.0037067026195979104,2.4285714285714284,1.4898301254493826,0.40877914951989025,8.938980752696295,0.9147973951172187,1.195454293936001,0.8306965706913161,"[""TestPreciseDurationDateTimeField"", ""BaseDateTimeField"", ""DateTimeFieldType"", ""BaseDurationField"", ""TestPreciseDurationDateTimeField$MockPreciseDurationDateTimeField"", ""PreciseDurationDateTimeField"", ""DurationFieldType"", ""TestPreciseDurationDateTimeField$MockCountingDurationField""]","[0.02040816326530612, 0.016693163751987282, 0.012718600953895072, 0.011686143572621035, 0.011117612638970159, 0.009602194787379973]","[2.4285714285714284, 2.1089030206677264, 1.1764705882352942, 2.3013355592654423, 0.5149210064365126, 0.40877914951989025]"
org.joda.time.field.TestPreciseDurationDateTimeField.test_roundCeiling_long,0.02040816326530612,0.013704313161693274,0.009602194787379973,0.08222587897015965,0.012842701714975443,0.013247660721749802,0.0037067026195979104,2.4285714285714284,1.4898301254493826,0.40877914951989025,8.938980752696295,0.9147973951172187,1.195454293936001,0.8306965706913161,"[""TestPreciseDurationDateTimeField"", ""BaseDateTimeField"", ""DateTimeFieldType"", ""BaseDurationField"", ""TestPreciseDurationDateTimeField$MockPreciseDurationDateTimeField"", ""PreciseDurationDateTimeField"", ""DurationFieldType"", ""TestPreciseDurationDateTimeField$MockCountingDurationField""]","[0.02040816326530612, 0.016693163751987282, 0.012718600953895072, 0.011686143572621035, 0.011117612638970159, 0.009602194787379973]","[2.4285714285714284, 2.1089030206677264, 1.1764705882352942, 2.3013355592654423, 0.5149210064365126, 0.40877914951989025]"
org.joda.time.field.TestPreciseDurationDateTimeField.test_isLenient,0.02040816326530612,0.013704313161693274,0.009602194787379973,0.08222587897015965,0.012842701714975443,0.013247660721749802,0.0037067026195979104,2.4285714285714284,1.4898301254493826,0.40877914951989025,8.938980752696295,0.9147973951172187,1.195454293936001,0.8306965706913161,"[""TestPreciseDurationDateTimeField"", ""BaseDateTimeField"", ""DateTimeFieldType"", ""BaseDurationField"", ""TestPreciseDurationDateTimeField$MockPreciseDurationDateTimeField"", ""PreciseDurationDateTimeField"", ""DurationFieldType"", ""TestPreciseDurationDateTimeField$MockCountingDurationField""]","[0.02040816326530612, 0.016693163751987282, 0.012718600953895072, 0.011686143572621035, 0.011117612638970159, 0.009602194787379973]","[2.4285714285714284, 2.1089030206677264, 1.1764705882352942, 2.3013355592654423, 0.5149210064365126, 0.40877914951989025]"
org.joda.time.field.TestPreciseDurationDateTimeField.test_getType,0.02040816326530612,0.013704313161693274,0.009602194787379973,0.08222587897015965,0.012842701714975443,0.013247660721749802,0.0037067026195979104,2.4285714285714284,1.4898301254493826,0.40877914951989025,8.938980752696295,0.9147973951172187,1.195454293936001,0.8306965706913161,"[""TestPreciseDurationDateTimeField"", ""BaseDateTimeField"", ""DateTimeFieldType"", ""BaseDurationField"", ""TestPreciseDurationDateTimeField$MockPreciseDurationDateTimeField"", ""PreciseDurationDateTimeField"", ""DurationFieldType"", ""TestPreciseDurationDateTimeField$MockCountingDurationField""]","[0.02040816326530612, 0.016693163751987282, 0.012718600953895072, 0.011686143572621035, 0.011117612638970159, 0.009602194787379973]","[2.4285714285714284, 2.1089030206677264, 1.1764705882352942, 2.3013355592654423, 0.5149210064365126, 0.40877914951989025]"
org.joda.time.field.TestPreciseDurationDateTimeField.test_constructor,0.02040816326530612,0.013704313161693274,0.009602194787379973,0.08222587897015965,0.012842701714975443,0.013247660721749802,0.0037067026195979104,2.4285714285714284,1.4898301254493826,0.40877914951989025,8.938980752696295,0.9147973951172187,1.195454293936001,0.8306965706913161,"[""TestPreciseDurationDateTimeField"", ""BaseDateTimeField"", ""TestPreciseDurationDateTimeField$MockImpreciseDurationField"", ""DateTimeFieldType"", ""BaseDurationField"", ""TestPreciseDurationDateTimeField$MockPreciseDurationDateTimeField"", ""PreciseDurationDateTimeField"", ""DurationFieldType"", ""TestPreciseDurationDateTimeField$MockCountingDurationField"", ""TestPreciseDurationDateTimeField$MockZeroDurationField""]","[0.02040816326530612, 0.016693163751987282, 0.012718600953895072, 0.011686143572621035, 0.011117612638970159, 0.009602194787379973]","[2.4285714285714284, 2.1089030206677264, 1.1764705882352942, 2.3013355592654423, 0.5149210064365126, 0.40877914951989025]"
org.joda.time.field.TestPreciseDurationDateTimeField.test_toString,0.02040816326530612,0.013704313161693274,0.009602194787379973,0.08222587897015965,0.012842701714975443,0.013247660721749802,0.0037067026195979104,2.4285714285714284,1.4898301254493826,0.40877914951989025,8.938980752696295,0.9147973951172187,1.195454293936001,0.8306965706913161,"[""TestPreciseDurationDateTimeField"", ""BaseDateTimeField"", ""DateTimeFieldType"", ""BaseDurationField"", ""TestPreciseDurationDateTimeField$MockPreciseDurationDateTimeField"", ""PreciseDurationDateTimeField"", ""DurationFieldType"", ""TestPreciseDurationDateTimeField$MockCountingDurationField""]","[0.02040816326530612, 0.016693163751987282, 0.012718600953895072, 0.011686143572621035, 0.011117612638970159, 0.009602194787379973]","[2.4285714285714284, 2.1089030206677264, 1.1764705882352942, 2.3013355592654423, 0.5149210064365126, 0.40877914951989025]"
org.joda.time.field.TestPreciseDurationDateTimeField.test_roundHalfEven_long,0.02040816326530612,0.013704313161693274,0.009602194787379973,0.08222587897015965,0.012842701714975443,0.013247660721749802,0.0037067026195979104,2.4285714285714284,1.4898301254493826,0.40877914951989025,8.938980752696295,0.9147973951172187,1.195454293936001,0.8306965706913161,"[""TestPreciseDurationDateTimeField"", ""BaseDateTimeField"", ""DateTimeFieldType"", ""BaseDurationField"", ""TestPreciseDurationDateTimeField$MockPreciseDurationDateTimeField"", ""PreciseDurationDateTimeField"", ""DurationFieldType"", ""TestPreciseDurationDateTimeField$MockCountingDurationField""]","[0.02040816326530612, 0.016693163751987282, 0.012718600953895072, 0.011686143572621035, 0.011117612638970159, 0.009602194787379973]","[2.4285714285714284, 2.1089030206677264, 1.1764705882352942, 2.3013355592654423, 0.5149210064365126, 0.40877914951989025]"
org.joda.time.field.TestPreciseDurationDateTimeField.test_get,0.02040816326530612,0.013704313161693274,0.009602194787379973,0.08222587897015965,0.012842701714975443,0.013247660721749802,0.0037067026195979104,2.4285714285714284,1.4898301254493826,0.40877914951989025,8.938980752696295,0.9147973951172187,1.195454293936001,0.8306965706913161,"[""TestPreciseDurationDateTimeField"", ""BaseDateTimeField"", ""DateTimeFieldType"", ""BaseDurationField"", ""TestPreciseDurationDateTimeField$MockPreciseDurationDateTimeField"", ""PreciseDurationDateTimeField"", ""DurationFieldType"", ""TestPreciseDurationDateTimeField$MockCountingDurationField""]","[0.02040816326530612, 0.016693163751987282, 0.012718600953895072, 0.011686143572621035, 0.011117612638970159, 0.009602194787379973]","[2.4285714285714284, 2.1089030206677264, 1.1764705882352942, 2.3013355592654423, 0.5149210064365126, 0.40877914951989025]"
org.joda.time.field.TestPreciseDurationDateTimeField.test_getDifference_long_long,0.02040816326530612,0.013704313161693274,0.009602194787379973,0.08222587897015965,0.012842701714975443,0.013247660721749802,0.0037067026195979104,2.4285714285714284,1.4898301254493826,0.40877914951989025,8.938980752696295,0.9147973951172187,1.195454293936001,0.8306965706913161,"[""TestPreciseDurationDateTimeField"", ""BaseDateTimeField"", ""DateTimeFieldType"", ""BaseDurationField"", ""TestPreciseDurationDateTimeField$MockPreciseDurationDateTimeField"", ""PreciseDurationDateTimeField"", ""DurationFieldType"", ""TestPreciseDurationDateTimeField$MockCountingDurationField""]","[0.02040816326530612, 0.016693163751987282, 0.012718600953895072, 0.011686143572621035, 0.011117612638970159, 0.009602194787379973]","[2.4285714285714284, 2.1089030206677264, 1.1764705882352942, 2.3013355592654423, 0.5149210064365126, 0.40877914951989025]"
org.joda.time.field.TestPreciseDurationDateTimeField.test_getMaximumShortTextLength_Locale,0.02040816326530612,0.013704313161693274,0.009602194787379973,0.08222587897015965,0.012842701714975443,0.013247660721749802,0.0037067026195979104,2.4285714285714284,1.4898301254493826,0.40877914951989025,8.938980752696295,0.9147973951172187,1.195454293936001,0.8306965706913161,"[""TestPreciseDurationDateTimeField"", ""BaseDateTimeField"", ""DateTimeFieldType"", ""BaseDurationField"", ""TestPreciseDurationDateTimeField$MockPreciseDurationDateTimeField"", ""PreciseDurationDateTimeField"", ""DurationFieldType"", ""TestPreciseDurationDateTimeField$MockCountingDurationField""]","[0.02040816326530612, 0.016693163751987282, 0.012718600953895072, 0.011686143572621035, 0.011117612638970159, 0.009602194787379973]","[2.4285714285714284, 2.1089030206677264, 1.1764705882352942, 2.3013355592654423, 0.5149210064365126, 0.40877914951989025]"
org.joda.time.field.TestPreciseDurationDateTimeField.test_set_long_String_Locale,0.02040816326530612,0.013704313161693274,0.009602194787379973,0.08222587897015965,0.012842701714975443,0.013247660721749802,0.0037067026195979104,2.4285714285714284,1.4898301254493826,0.40877914951989025,8.938980752696295,0.9147973951172187,1.195454293936001,0.8306965706913161,"[""TestPreciseDurationDateTimeField"", ""BaseDateTimeField"", ""DateTimeFieldType"", ""BaseDurationField"", ""TestPreciseDurationDateTimeField$MockPreciseDurationDateTimeField"", ""PreciseDurationDateTimeField"", ""DurationFieldType"", ""TestPreciseDurationDateTimeField$MockCountingDurationField""]","[0.02040816326530612, 0.016693163751987282, 0.012718600953895072, 0.011686143572621035, 0.011117612638970159, 0.009602194787379973]","[2.4285714285714284, 2.1089030206677264, 1.1764705882352942, 2.3013355592654423, 0.5149210064365126, 0.40877914951989025]"
org.joda.time.field.TestPreciseDurationDateTimeField.test_roundHalfFloor_long,0.02040816326530612,0.013704313161693274,0.009602194787379973,0.08222587897015965,0.012842701714975443,0.013247660721749802,0.0037067026195979104,2.4285714285714284,1.4898301254493826,0.40877914951989025,8.938980752696295,0.9147973951172187,1.195454293936001,0.8306965706913161,"[""TestPreciseDurationDateTimeField"", ""BaseDateTimeField"", ""DateTimeFieldType"", ""BaseDurationField"", ""TestPreciseDurationDateTimeField$MockPreciseDurationDateTimeField"", ""PreciseDurationDateTimeField"", ""DurationFieldType"", ""TestPreciseDurationDateTimeField$MockCountingDurationField""]","[0.02040816326530612, 0.016693163751987282, 0.012718600953895072, 0.011686143572621035, 0.011117612638970159, 0.009602194787379973]","[2.4285714285714284, 2.1089030206677264, 1.1764705882352942, 2.3013355592654423, 0.5149210064365126, 0.40877914951989025]"
org.joda.time.field.TestPreciseDurationDateTimeField.test_getAsText_int_Locale,0.02040816326530612,0.013704313161693274,0.009602194787379973,0.08222587897015965,0.012842701714975443,0.013247660721749802,0.0037067026195979104,2.4285714285714284,1.4898301254493826,0.40877914951989025,8.938980752696295,0.9147973951172187,1.195454293936001,0.8306965706913161,"[""TestPreciseDurationDateTimeField"", ""BaseDateTimeField"", ""DateTimeFieldType"", ""BaseDurationField"", ""TestPreciseDurationDateTimeField$MockPreciseDurationDateTimeField"", ""PreciseDurationDateTimeField"", ""DurationFieldType"", ""TestPreciseDurationDateTimeField$MockCountingDurationField""]","[0.02040816326530612, 0.016693163751987282, 0.012718600953895072, 0.011686143572621035, 0.011117612638970159, 0.009602194787379973]","[2.4285714285714284, 2.1089030206677264, 1.1764705882352942, 2.3013355592654423, 0.5149210064365126, 0.40877914951989025]"
org.joda.time.field.TestPreciseDurationDateTimeField.test_getMaximumValue_long,0.02040816326530612,0.013704313161693274,0.009602194787379973,0.08222587897015965,0.012842701714975443,0.013247660721749802,0.0037067026195979104,2.4285714285714284,1.4898301254493826,0.40877914951989025,8.938980752696295,0.9147973951172187,1.195454293936001,0.8306965706913161,"[""TestPreciseDurationDateTimeField"", ""BaseDateTimeField"", ""DateTimeFieldType"", ""BaseDurationField"", ""TestPreciseDurationDateTimeField$MockPreciseDurationDateTimeField"", ""PreciseDurationDateTimeField"", ""DurationFieldType"", ""TestPreciseDurationDateTimeField$MockCountingDurationField""]","[0.02040816326530612, 0.016693163751987282, 0.012718600953895072, 0.011686143572621035, 0.011117612638970159, 0.009602194787379973]","[2.4285714285714284, 2.1089030206677264, 1.1764705882352942, 2.3013355592654423, 0.5149210064365126, 0.40877914951989025]"
org.joda.time.field.TestPreciseDurationDateTimeField.test_getAsShortText_long,0.02040816326530612,0.013704313161693274,0.009602194787379973,0.08222587897015965,0.012842701714975443,0.013247660721749802,0.0037067026195979104,2.4285714285714284,1.4898301254493826,0.40877914951989025,8.938980752696295,0.9147973951172187,1.195454293936001,0.8306965706913161,"[""TestPreciseDurationDateTimeField"", ""BaseDateTimeField"", ""DateTimeFieldType"", ""BaseDurationField"", ""TestPreciseDurationDateTimeField$MockPreciseDurationDateTimeField"", ""PreciseDurationDateTimeField"", ""DurationFieldType"", ""TestPreciseDurationDateTimeField$MockCountingDurationField""]","[0.02040816326530612, 0.016693163751987282, 0.012718600953895072, 0.011686143572621035, 0.011117612638970159, 0.009602194787379973]","[2.4285714285714284, 2.1089030206677264, 1.1764705882352942, 2.3013355592654423, 0.5149210064365126, 0.40877914951989025]"
org.joda.time.field.TestPreciseDurationDateTimeField.test_set_long_String,0.02040816326530612,0.013704313161693274,0.009602194787379973,0.08222587897015965,0.012842701714975443,0.013247660721749802,0.0037067026195979104,2.4285714285714284,1.4898301254493826,0.40877914951989025,8.938980752696295,0.9147973951172187,1.195454293936001,0.8306965706913161,"[""TestPreciseDurationDateTimeField"", ""BaseDateTimeField"", ""DateTimeFieldType"", ""BaseDurationField"", ""TestPreciseDurationDateTimeField$MockPreciseDurationDateTimeField"", ""PreciseDurationDateTimeField"", ""DurationFieldType"", ""TestPreciseDurationDateTimeField$MockCountingDurationField""]","[0.02040816326530612, 0.016693163751987282, 0.012718600953895072, 0.011686143572621035, 0.011117612638970159, 0.009602194787379973]","[2.4285714285714284, 2.1089030206677264, 1.1764705882352942, 2.3013355592654423, 0.5149210064365126, 0.40877914951989025]"
org.joda.time.field.TestPreciseDurationDateTimeField.test_isSupported,0.02040816326530612,0.013704313161693274,0.009602194787379973,0.08222587897015965,0.012842701714975443,0.013247660721749802,0.0037067026195979104,2.4285714285714284,1.4898301254493826,0.40877914951989025,8.938980752696295,0.9147973951172187,1.195454293936001,0.8306965706913161,"[""TestPreciseDurationDateTimeField"", ""BaseDateTimeField"", ""DateTimeFieldType"", ""BaseDurationField"", ""TestPreciseDurationDateTimeField$MockPreciseDurationDateTimeField"", ""PreciseDurationDateTimeField"", ""DurationFieldType"", ""TestPreciseDurationDateTimeField$MockCountingDurationField""]","[0.02040816326530612, 0.016693163751987282, 0.012718600953895072, 0.011686143572621035, 0.011117612638970159, 0.009602194787379973]","[2.4285714285714284, 2.1089030206677264, 1.1764705882352942, 2.3013355592654423, 0.5149210064365126, 0.40877914951989025]"
org.joda.time.field.TestPreciseDurationDateTimeField.test_remainder_long,0.02040816326530612,0.013704313161693274,0.009602194787379973,0.08222587897015965,0.012842701714975443,0.013247660721749802,0.0037067026195979104,2.4285714285714284,1.4898301254493826,0.40877914951989025,8.938980752696295,0.9147973951172187,1.195454293936001,0.8306965706913161,"[""TestPreciseDurationDateTimeField"", ""BaseDateTimeField"", ""DateTimeFieldType"", ""BaseDurationField"", ""TestPreciseDurationDateTimeField$MockPreciseDurationDateTimeField"", ""PreciseDurationDateTimeField"", ""DurationFieldType"", ""TestPreciseDurationDateTimeField$MockCountingDurationField""]","[0.02040816326530612, 0.016693163751987282, 0.012718600953895072, 0.011686143572621035, 0.011117612638970159, 0.009602194787379973]","[2.4285714285714284, 2.1089030206677264, 1.1764705882352942, 2.3013355592654423, 0.5149210064365126, 0.40877914951989025]"
org.joda.time.field.TestPreciseDurationDateTimeField.test_convertText,0.02040816326530612,0.013704313161693274,0.009602194787379973,0.08222587897015965,0.012842701714975443,0.013247660721749802,0.0037067026195979104,2.4285714285714284,1.4898301254493826,0.40877914951989025,8.938980752696295,0.9147973951172187,1.195454293936001,0.8306965706913161,"[""TestPreciseDurationDateTimeField"", ""BaseDateTimeField"", ""DateTimeFieldType"", ""BaseDurationField"", ""TestPreciseDurationDateTimeField$MockPreciseDurationDateTimeField"", ""PreciseDurationDateTimeField"", ""DurationFieldType"", ""TestPreciseDurationDateTimeField$MockCountingDurationField""]","[0.02040816326530612, 0.016693163751987282, 0.012718600953895072, 0.011686143572621035, 0.011117612638970159, 0.009602194787379973]","[2.4285714285714284, 2.1089030206677264, 1.1764705882352942, 2.3013355592654423, 0.5149210064365126, 0.40877914951989025]"
org.joda.time.field.TestPreciseDurationDateTimeField.test_add_long_int,0.02040816326530612,0.013704313161693274,0.009602194787379973,0.08222587897015965,0.012842701714975443,0.013247660721749802,0.0037067026195979104,2.4285714285714284,1.4898301254493826,0.40877914951989025,8.938980752696295,0.9147973951172187,1.195454293936001,0.8306965706913161,"[""TestPreciseDurationDateTimeField"", ""BaseDateTimeField"", ""DateTimeFieldType"", ""BaseDurationField"", ""TestPreciseDurationDateTimeField$MockPreciseDurationDateTimeField"", ""PreciseDurationDateTimeField"", ""DurationFieldType"", ""TestPreciseDurationDateTimeField$MockCountingDurationField""]","[0.02040816326530612, 0.016693163751987282, 0.012718600953895072, 0.011686143572621035, 0.011117612638970159, 0.009602194787379973]","[2.4285714285714284, 2.1089030206677264, 1.1764705882352942, 2.3013355592654423, 0.5149210064365126, 0.40877914951989025]"
org.joda.time.field.TestPreciseDurationDateTimeField.test_getMaximumTextLength_Locale,0.02040816326530612,0.013704313161693274,0.009602194787379973,0.08222587897015965,0.012842701714975443,0.013247660721749802,0.0037067026195979104,2.4285714285714284,1.4898301254493826,0.40877914951989025,8.938980752696295,0.9147973951172187,1.195454293936001,0.8306965706913161,"[""TestPreciseDurationDateTimeField"", ""BaseDateTimeField"", ""TestPreciseDurationDateTimeField$2"", ""DateTimeFieldType"", ""TestPreciseDurationDateTimeField$3"", ""TestPreciseDurationDateTimeField$MockPreciseDurationDateTimeField"", ""BaseDurationField"", ""PreciseDurationDateTimeField"", ""DurationFieldType"", ""TestPreciseDurationDateTimeField$MockCountingDurationField"", ""TestPreciseDurationDateTimeField$1"", ""TestPreciseDurationDateTimeField$4""]","[0.02040816326530612, 0.016693163751987282, 0.012718600953895072, 0.011686143572621035, 0.011117612638970159, 0.009602194787379973]","[2.4285714285714284, 2.1089030206677264, 1.1764705882352942, 2.3013355592654423, 0.5149210064365126, 0.40877914951989025]"
org.joda.time.field.TestPreciseDurationDateTimeField.test_getDifferenceAsLong_long_long,0.02040816326530612,0.013704313161693274,0.009602194787379973,0.08222587897015965,0.012842701714975443,0.013247660721749802,0.0037067026195979104,2.4285714285714284,1.4898301254493826,0.40877914951989025,8.938980752696295,0.9147973951172187,1.195454293936001,0.8306965706913161,"[""TestPreciseDurationDateTimeField"", ""BaseDateTimeField"", ""DateTimeFieldType"", ""BaseDurationField"", ""TestPreciseDurationDateTimeField$MockPreciseDurationDateTimeField"", ""PreciseDurationDateTimeField"", ""DurationFieldType"", ""TestPreciseDurationDateTimeField$MockCountingDurationField""]","[0.02040816326530612, 0.016693163751987282, 0.012718600953895072, 0.011686143572621035, 0.011117612638970159, 0.009602194787379973]","[2.4285714285714284, 2.1089030206677264, 1.1764705882352942, 2.3013355592654423, 0.5149210064365126, 0.40877914951989025]"
org.joda.time.field.TestPreciseDurationDateTimeField.test_add_long_long,0.02040816326530612,0.013704313161693274,0.009602194787379973,0.08222587897015965,0.012842701714975443,0.013247660721749802,0.0037067026195979104,2.4285714285714284,1.4898301254493826,0.40877914951989025,8.938980752696295,0.9147973951172187,1.195454293936001,0.8306965706913161,"[""TestPreciseDurationDateTimeField"", ""BaseDateTimeField"", ""DateTimeFieldType"", ""BaseDurationField"", ""TestPreciseDurationDateTimeField$MockPreciseDurationDateTimeField"", ""PreciseDurationDateTimeField"", ""DurationFieldType"", ""TestPreciseDurationDateTimeField$MockCountingDurationField""]","[0.02040816326530612, 0.016693163751987282, 0.012718600953895072, 0.011686143572621035, 0.011117612638970159, 0.009602194787379973]","[2.4285714285714284, 2.1089030206677264, 1.1764705882352942, 2.3013355592654423, 0.5149210064365126, 0.40877914951989025]"
org.joda.time.field.TestPreciseDurationDateTimeField.test_isLeap_long,0.02040816326530612,0.013704313161693274,0.009602194787379973,0.08222587897015965,0.012842701714975443,0.013247660721749802,0.0037067026195979104,2.4285714285714284,1.4898301254493826,0.40877914951989025,8.938980752696295,0.9147973951172187,1.195454293936001,0.8306965706913161,"[""TestPreciseDurationDateTimeField"", ""BaseDateTimeField"", ""DateTimeFieldType"", ""BaseDurationField"", ""TestPreciseDurationDateTimeField$MockPreciseDurationDateTimeField"", ""PreciseDurationDateTimeField"", ""DurationFieldType"", ""TestPreciseDurationDateTimeField$MockCountingDurationField""]","[0.02040816326530612, 0.016693163751987282, 0.012718600953895072, 0.011686143572621035, 0.011117612638970159, 0.009602194787379973]","[2.4285714285714284, 2.1089030206677264, 1.1764705882352942, 2.3013355592654423, 0.5149210064365126, 0.40877914951989025]"
org.joda.time.field.TestPreciseDurationDateTimeField.test_getLeapDurationField,0.02040816326530612,0.013704313161693274,0.009602194787379973,0.08222587897015965,0.012842701714975443,0.013247660721749802,0.0037067026195979104,2.4285714285714284,1.4898301254493826,0.40877914951989025,8.938980752696295,0.9147973951172187,1.195454293936001,0.8306965706913161,"[""TestPreciseDurationDateTimeField"", ""BaseDateTimeField"", ""DateTimeFieldType"", ""BaseDurationField"", ""TestPreciseDurationDateTimeField$MockPreciseDurationDateTimeField"", ""PreciseDurationDateTimeField"", ""DurationFieldType"", ""TestPreciseDurationDateTimeField$MockCountingDurationField""]","[0.02040816326530612, 0.016693163751987282, 0.012718600953895072, 0.011686143572621035, 0.011117612638970159, 0.009602194787379973]","[2.4285714285714284, 2.1089030206677264, 1.1764705882352942, 2.3013355592654423, 0.5149210064365126, 0.40877914951989025]"
org.joda.time.field.TestPreciseDurationDateTimeField.test_getAsText_long_Locale,0.02040816326530612,0.013704313161693274,0.009602194787379973,0.08222587897015965,0.012842701714975443,0.013247660721749802,0.0037067026195979104,2.4285714285714284,1.4898301254493826,0.40877914951989025,8.938980752696295,0.9147973951172187,1.195454293936001,0.8306965706913161,"[""TestPreciseDurationDateTimeField"", ""BaseDateTimeField"", ""DateTimeFieldType"", ""BaseDurationField"", ""TestPreciseDurationDateTimeField$MockPreciseDurationDateTimeField"", ""PreciseDurationDateTimeField"", ""DurationFieldType"", ""TestPreciseDurationDateTimeField$MockCountingDurationField""]","[0.02040816326530612, 0.016693163751987282, 0.012718600953895072, 0.011686143572621035, 0.011117612638970159, 0.009602194787379973]","[2.4285714285714284, 2.1089030206677264, 1.1764705882352942, 2.3013355592654423, 0.5149210064365126, 0.40877914951989025]"
org.joda.time.field.TestPreciseDurationDateTimeField.test_getMinimumValue,0.02040816326530612,0.013704313161693274,0.009602194787379973,0.08222587897015965,0.012842701714975443,0.013247660721749802,0.0037067026195979104,2.4285714285714284,1.4898301254493826,0.40877914951989025,8.938980752696295,0.9147973951172187,1.195454293936001,0.8306965706913161,"[""TestPreciseDurationDateTimeField"", ""BaseDateTimeField"", ""DateTimeFieldType"", ""BaseDurationField"", ""TestPreciseDurationDateTimeField$MockPreciseDurationDateTimeField"", ""PreciseDurationDateTimeField"", ""DurationFieldType"", ""TestPreciseDurationDateTimeField$MockCountingDurationField""]","[0.02040816326530612, 0.016693163751987282, 0.012718600953895072, 0.011686143572621035, 0.011117612638970159, 0.009602194787379973]","[2.4285714285714284, 2.1089030206677264, 1.1764705882352942, 2.3013355592654423, 0.5149210064365126, 0.40877914951989025]"
org.joda.time.field.TestPreciseDurationDateTimeField.test_getName,0.02040816326530612,0.013704313161693274,0.009602194787379973,0.08222587897015965,0.012842701714975443,0.013247660721749802,0.0037067026195979104,2.4285714285714284,1.4898301254493826,0.40877914951989025,8.938980752696295,0.9147973951172187,1.195454293936001,0.8306965706913161,"[""TestPreciseDurationDateTimeField"", ""BaseDateTimeField"", ""DateTimeFieldType"", ""BaseDurationField"", ""TestPreciseDurationDateTimeField$MockPreciseDurationDateTimeField"", ""PreciseDurationDateTimeField"", ""DurationFieldType"", ""TestPreciseDurationDateTimeField$MockCountingDurationField""]","[0.02040816326530612, 0.016693163751987282, 0.012718600953895072, 0.011686143572621035, 0.011117612638970159, 0.009602194787379973]","[2.4285714285714284, 2.1089030206677264, 1.1764705882352942, 2.3013355592654423, 0.5149210064365126, 0.40877914951989025]"
org.joda.time.field.TestPreciseDurationDateTimeField.test_roundHalfCeiling_long,0.02040816326530612,0.013704313161693274,0.009602194787379973,0.08222587897015965,0.012842701714975443,0.013247660721749802,0.0037067026195979104,2.4285714285714284,1.4898301254493826,0.40877914951989025,8.938980752696295,0.9147973951172187,1.195454293936001,0.8306965706913161,"[""TestPreciseDurationDateTimeField"", ""BaseDateTimeField"", ""DateTimeFieldType"", ""BaseDurationField"", ""TestPreciseDurationDateTimeField$MockPreciseDurationDateTimeField"", ""PreciseDurationDateTimeField"", ""DurationFieldType"", ""TestPreciseDurationDateTimeField$MockCountingDurationField""]","[0.02040816326530612, 0.016693163751987282, 0.012718600953895072, 0.011686143572621035, 0.011117612638970159, 0.009602194787379973]","[2.4285714285714284, 2.1089030206677264, 1.1764705882352942, 2.3013355592654423, 0.5149210064365126, 0.40877914951989025]"
org.joda.time.field.TestPreciseDurationDateTimeField.test_set_long_int,0.02040816326530612,0.013704313161693274,0.009602194787379973,0.08222587897015965,0.012842701714975443,0.013247660721749802,0.0037067026195979104,2.4285714285714284,1.4898301254493826,0.40877914951989025,8.938980752696295,0.9147973951172187,1.195454293936001,0.8306965706913161,"[""TestPreciseDurationDateTimeField"", ""BaseDateTimeField"", ""DateTimeFieldType"", ""BaseDurationField"", ""TestPreciseDurationDateTimeField$MockPreciseDurationDateTimeField"", ""PreciseDurationDateTimeField"", ""DurationFieldType"", ""TestPreciseDurationDateTimeField$MockCountingDurationField""]","[0.02040816326530612, 0.016693163751987282, 0.012718600953895072, 0.011686143572621035, 0.011117612638970159, 0.009602194787379973]","[2.4285714285714284, 2.1089030206677264, 1.1764705882352942, 2.3013355592654423, 0.5149210064365126, 0.40877914951989025]"
org.joda.time.field.TestPreciseDurationDateTimeField.test_getAsText_long,0.02040816326530612,0.013704313161693274,0.009602194787379973,0.08222587897015965,0.012842701714975443,0.013247660721749802,0.0037067026195979104,2.4285714285714284,1.4898301254493826,0.40877914951989025,8.938980752696295,0.9147973951172187,1.195454293936001,0.8306965706913161,"[""TestPreciseDurationDateTimeField"", ""BaseDateTimeField"", ""DateTimeFieldType"", ""BaseDurationField"", ""TestPreciseDurationDateTimeField$MockPreciseDurationDateTimeField"", ""PreciseDurationDateTimeField"", ""DurationFieldType"", ""TestPreciseDurationDateTimeField$MockCountingDurationField""]","[0.02040816326530612, 0.016693163751987282, 0.012718600953895072, 0.011686143572621035, 0.011117612638970159, 0.009602194787379973]","[2.4285714285714284, 2.1089030206677264, 1.1764705882352942, 2.3013355592654423, 0.5149210064365126, 0.40877914951989025]"
org.joda.time.format.TestDateTimeFormatterBuilder.test_appendOptional_Parser,0.04256559766763848,0.02740524781341108,0.01282798833819242,0.08221574344023323,0.021624691184563328,0.024466414728865998,0.012147327496209713,7.718950437317784,3.800583090379009,1.2180758017492712,11.401749271137028,2.211992392947836,2.8510197805066633,2.81705926199451,"[""DateTimeFormatterBuilder"", ""DateTimeFormatter"", ""TestDateTimeFormatterBuilder""]","[0.04256559766763848, 0.026822157434402333, 0.01282798833819242]","[7.718950437317784, 2.464723032069971, 1.2180758017492712]"
org.joda.time.format.TestDateTimeFormatterBuilder.test_append_Formatter,0.04256559766763848,0.02740524781341108,0.01282798833819242,0.08221574344023323,0.021624691184563328,0.024466414728865998,0.012147327496209713,7.718950437317784,3.800583090379009,1.2180758017492712,11.401749271137028,2.211992392947836,2.8510197805066633,2.81705926199451,"[""DateTimeFormatterBuilder"", ""DateTimeFormatter"", ""TestDateTimeFormatterBuilder""]","[0.04256559766763848, 0.026822157434402333, 0.01282798833819242]","[7.718950437317784, 2.464723032069971, 1.2180758017492712]"
org.joda.time.format.TestDateTimeFormatterBuilder.test_append_Printer,0.04256559766763848,0.02740524781341108,0.01282798833819242,0.08221574344023323,0.021624691184563328,0.024466414728865998,0.012147327496209713,7.718950437317784,3.800583090379009,1.2180758017492712,11.401749271137028,2.211992392947836,2.8510197805066633,2.81705926199451,"[""DateTimeFormatterBuilder"", ""DateTimeFormatter"", ""TestDateTimeFormatterBuilder""]","[0.04256559766763848, 0.026822157434402333, 0.01282798833819242]","[7.718950437317784, 2.464723032069971, 1.2180758017492712]"
org.joda.time.format.TestDateTimeFormatterBuilder.test_append_Parser,0.04256559766763848,0.02740524781341108,0.01282798833819242,0.08221574344023323,0.021624691184563328,0.024466414728865998,0.012147327496209713,7.718950437317784,3.800583090379009,1.2180758017492712,11.401749271137028,2.211992392947836,2.8510197805066633,2.81705926199451,"[""DateTimeFormatterBuilder"", ""DateTimeFormatter"", ""TestDateTimeFormatterBuilder""]","[0.04256559766763848, 0.026822157434402333, 0.01282798833819242]","[7.718950437317784, 2.464723032069971, 1.2180758017492712]"
org.joda.time.chrono.TestGJChronology.testLeapYearRulesConstructionInvalid,0.03319502074688797,0.02739153752787422,0.0239067055393586,0.08217461258362266,0.026824516614121167,0.02709769411101777,0.00413120704678614,3.8485477178423237,3.0632185298541468,2.4448979591836735,9.18965558956244,2.9581943818992813,3.00927966055383,0.5850795216261349,"[""TestGJChronology"", ""DateMidnight"", ""GJChronology""]","[0.03319502074688797, 0.02507288629737609, 0.0239067055393586]","[3.8485477178423237, 2.896209912536443, 2.4448979591836735]"
org.joda.time.chrono.TestGJChronology.testLeapYearRulesConstruction,0.03319502074688797,0.02739153752787422,0.0239067055393586,0.08217461258362266,0.026824516614121167,0.02709769411101777,0.00413120704678614,3.8485477178423237,3.0632185298541468,2.4448979591836735,9.18965558956244,2.9581943818992813,3.00927966055383,0.5850795216261349,"[""TestGJChronology"", ""DateMidnight"", ""GJChronology""]","[0.03319502074688797, 0.02507288629737609, 0.0239067055393586]","[3.8485477178423237, 2.896209912536443, 2.4448979591836735]"
org.joda.time.TestMutableDateTime_Adds.testAdd_RP1,0.03498542274052478,0.027381577579714152,0.016231474947071278,0.08214473273914245,0.024484726616790378,0.02599350698075334,0.008056450666072473,4.878497790868925,3.316871941497432,1.0056457304163726,9.950615824492296,2.0757216482272236,2.7121662987451383,1.6675673494133563,"[""TestMutableDateTime_Adds"", ""MutableDateTime"", ""Period""]","[0.03498542274052478, 0.030927835051546393, 0.016231474947071278]","[4.066472303206997, 4.878497790868925, 1.0056457304163726]"
org.joda.time.TestMutableDateTime_Adds.testAdd_RP_int1,0.03498542274052478,0.027381577579714152,0.016231474947071278,0.08214473273914245,0.024484726616790378,0.02599350698075334,0.008056450666072473,4.878497790868925,3.316871941497432,1.0056457304163726,9.950615824492296,2.0757216482272236,2.7121662987451383,1.6675673494133563,"[""TestMutableDateTime_Adds"", ""MutableDateTime"", ""Period""]","[0.03498542274052478, 0.030927835051546393, 0.016231474947071278]","[4.066472303206997, 4.878497790868925, 1.0056457304163726]"
org.joda.time.chrono.TestCopticChronology.testSampleDate,0.04081632653061224,0.02052895137037996,0.00994733762434172,0.08211580548151984,0.015544781734881458,0.017612413518796752,0.012125822619938798,5.746938775510204,2.47067410568929,0.689877121123464,9.88269642275716,1.3725976985665271,1.8037468466491224,1.9761463822795644,"[""DurationField"", ""DurationFieldType"", ""TestCopticChronology"", ""DateTime$Property"", ""DateTime""]","[0.04081632653061224, 0.018633540372670808, 0.012718600953895072, 0.00994733762434172]","[5.746938775510204, 2.2694099378881987, 1.1764705882352942, 0.689877121123464]"
org.joda.time.TestMutableDateTime_Basics.testToString_DTFormatter,0.03498542274052478,0.027342700362734063,0.019054340155257588,0.08202810108820219,0.025686255078783072,0.026522800847627013,0.006519840705620137,4.066472303206997,3.145917304314608,2.475652787579393,9.437751912943824,3.0144826994103915,3.077632182156666,0.6731323183046378,"[""TestMutableDateTime_Basics"", ""DateTimeFormat"", ""MutableDateTime""]","[0.03498542274052478, 0.027988338192419825, 0.019054340155257588]","[4.066472303206997, 2.8956268221574346, 2.475652787579393]"
org.joda.time.TestDateTimeZoneCutover.test_MutableDateTime_setZoneRetainFields_Turk,0.046992481203007516,0.04098895197176615,0.03498542274052478,0.0819779039435323,0.04010963299685808,0.04054690888974624,0.006003529231241367,9.947368421052632,7.006920362129815,4.066472303206997,14.01384072425963,5.772963881911611,6.360086333848498,2.940448058922817,"[""MutableDateTime"", ""TestDateTimeZoneCutover""]","[0.046992481203007516, 0.03498542274052478]","[9.947368421052632, 4.066472303206997]"
org.joda.time.TestDateTimeZoneCutover.test_MutableDateTime_withZoneRetainFields_Gaza,0.046992481203007516,0.04098895197176615,0.03498542274052478,0.0819779039435323,0.04010963299685808,0.04054690888974624,0.006003529231241367,9.947368421052632,7.006920362129815,4.066472303206997,14.01384072425963,5.772963881911611,6.360086333848498,2.940448058922817,"[""MutableDateTime"", ""TestDateTimeZoneCutover""]","[0.046992481203007516, 0.03498542274052478]","[9.947368421052632, 4.066472303206997]"
org.joda.time.chrono.TestIslamicChronology.testSampleDate1,0.04081632653061224,0.020466154512506374,0.00994733762434172,0.0818646180500255,0.015500606917145837,0.017552755525884447,0.012136121961168903,5.746938775510204,2.874522601609397,0.689877121123464,11.498090406437589,1.4646904684985447,2.063191893011978,2.0571521295881943,"[""DurationField"", ""DurationFieldType"", ""TestIslamicChronology"", ""DateTime$Property"", ""DateTime""]","[0.04081632653061224, 0.01838235294117647, 0.012718600953895072, 0.00994733762434172]","[5.746938775510204, 3.8848039215686274, 1.1764705882352942, 0.689877121123464]"
org.joda.time.chrono.TestIslamicChronology.testSampleDate3,0.04081632653061224,0.020466154512506374,0.00994733762434172,0.0818646180500255,0.015500606917145837,0.017552755525884447,0.012136121961168903,5.746938775510204,2.874522601609397,0.689877121123464,11.498090406437589,1.4646904684985447,2.063191893011978,2.0571521295881943,"[""DurationField"", ""DurationFieldType"", ""TestIslamicChronology"", ""DateTime$Property"", ""DateTime""]","[0.04081632653061224, 0.01838235294117647, 0.012718600953895072, 0.00994733762434172]","[5.746938775510204, 3.8848039215686274, 1.1764705882352942, 0.689877121123464]"
org.joda.time.chrono.TestIslamicChronology.testSampleDate2,0.04081632653061224,0.020466154512506374,0.00994733762434172,0.0818646180500255,0.015500606917145837,0.017552755525884447,0.012136121961168903,5.746938775510204,2.874522601609397,0.689877121123464,11.498090406437589,1.4646904684985447,2.063191893011978,2.0571521295881943,"[""DurationField"", ""DurationFieldType"", ""TestIslamicChronology"", ""DateTime$Property"", ""DateTime""]","[0.04081632653061224, 0.01838235294117647, 0.012718600953895072, 0.00994733762434172]","[5.746938775510204, 3.8848039215686274, 1.1764705882352942, 0.689877121123464]"
org.joda.time.TestInterval_Basics.testWithPeriodAfterStart3,0.030927835051546393,0.027284120646154323,0.022713687985654513,0.08185236193846297,0.02683194727757728,0.02706144974170156,0.003416836553332873,5.182628062360802,3.8703453979783493,1.5499103407053199,11.611036193935048,2.8759542194586314,3.3966248054400685,1.6454863408276788,"[""TestInterval_Basics"", ""Period"", ""Interval""]","[0.030927835051546393, 0.028210838901262063, 0.022713687985654513]","[4.878497790868925, 5.182628062360802, 1.5499103407053199]"
org.joda.time.TestInterval_Basics.testWithPeriodBeforeEnd3,0.030927835051546393,0.027284120646154323,0.022713687985654513,0.08185236193846297,0.02683194727757728,0.02706144974170156,0.003416836553332873,5.182628062360802,3.8703453979783493,1.5499103407053199,11.611036193935048,2.8759542194586314,3.3966248054400685,1.6454863408276788,"[""TestInterval_Basics"", ""Period"", ""Interval""]","[0.030927835051546393, 0.028210838901262063, 0.022713687985654513]","[4.878497790868925, 5.182628062360802, 1.5499103407053199]"
org.joda.time.chrono.TestEthiopicChronology.testDurationFields,0.037317784256559766,0.02045752004114313,0.00994733762434172,0.08183008016457252,0.01637316081936418,0.01819870689528397,0.010262638258470501,3.358600583090379,2.0609871256958923,0.689877121123464,8.243948502783569,1.3005746710889554,1.6447682898529274,1.2298695744551358,"[""DurationField"", ""TestEthiopicChronology"", ""EthiopicChronology"", ""DateTimeZone""]","[0.037317784256559766, 0.01907032181168057, 0.015494636471990465, 0.00994733762434172]","[3.358600583090379, 3.2121573301549464, 0.9833134684147795, 0.689877121123464]"
org.joda.time.TestDuration_Basics.testEqualsHashCode,0.030913012221423435,0.027273325119253494,0.02516091281451141,0.08181997535776048,0.02704312320439093,0.027155602572847434,0.002584709929165896,3.7361610352264556,2.5543396156040594,1.6079578700994734,7.663018846812178,2.271350322118783,2.4061761663337813,0.8846415688950532,"[""TestDuration_Basics"", ""AbstractDuration"", ""TestDuration_Basics$MockDuration"", ""Duration""]","[0.030913012221423435, 0.025746050321825628, 0.02516091281451141]","[3.7361610352264556, 2.3188999414862494, 1.6079578700994734]"
org.joda.time.TestDuration_Basics.testIsEqual,0.030913012221423435,0.027273325119253494,0.02516091281451141,0.08181997535776048,0.02704312320439093,0.027155602572847434,0.002584709929165896,3.7361610352264556,2.5543396156040594,1.6079578700994734,7.663018846812178,2.271350322118783,2.4061761663337813,0.8846415688950532,"[""TestDuration_Basics"", ""AbstractDuration"", ""TestDuration_Basics$MockDuration"", ""Duration""]","[0.030913012221423435, 0.025746050321825628, 0.02516091281451141]","[3.7361610352264556, 2.3188999414862494, 1.6079578700994734]"
org.joda.time.TestDuration_Basics.testCompareTo,0.030913012221423435,0.027273325119253494,0.02516091281451141,0.08181997535776048,0.02704312320439093,0.027155602572847434,0.002584709929165896,3.7361610352264556,2.5543396156040594,1.6079578700994734,7.663018846812178,2.271350322118783,2.4061761663337813,0.8846415688950532,"[""TestDuration_Basics"", ""AbstractDuration"", ""TestDuration_Basics$MockDuration"", ""Duration""]","[0.030913012221423435, 0.025746050321825628, 0.02516091281451141]","[3.7361610352264556, 2.3188999414862494, 1.6079578700994734]"
org.joda.time.TestDuration_Basics.testIsBefore,0.030913012221423435,0.027273325119253494,0.02516091281451141,0.08181997535776048,0.02704312320439093,0.027155602572847434,0.002584709929165896,3.7361610352264556,2.5543396156040594,1.6079578700994734,7.663018846812178,2.271350322118783,2.4061761663337813,0.8846415688950532,"[""TestDuration_Basics"", ""AbstractDuration"", ""TestDuration_Basics$MockDuration"", ""Duration""]","[0.030913012221423435, 0.025746050321825628, 0.02516091281451141]","[3.7361610352264556, 2.3188999414862494, 1.6079578700994734]"
org.joda.time.TestDuration_Basics.testIsAfter,0.030913012221423435,0.027273325119253494,0.02516091281451141,0.08181997535776048,0.02704312320439093,0.027155602572847434,0.002584709929165896,3.7361610352264556,2.5543396156040594,1.6079578700994734,7.663018846812178,2.271350322118783,2.4061761663337813,0.8846415688950532,"[""TestDuration_Basics"", ""AbstractDuration"", ""TestDuration_Basics$MockDuration"", ""Duration""]","[0.030913012221423435, 0.025746050321825628, 0.02516091281451141]","[3.7361610352264556, 2.3188999414862494, 1.6079578700994734]"
org.joda.time.TestIllegalFieldValueException.testReadablePartialValidate,0.03763440860215054,0.02044862757480099,0.013224821973550356,0.08179451029920395,0.017218678797530727,0.018546929683298193,0.010001983949332808,3.3669354838709675,2.015704285341184,1.1627670396744658,8.062817141364736,1.7142760288454322,1.8517811480959674,0.8532111844927371,"[""IllegalFieldValueException"", ""YearMonthDay"", ""DateTimeFieldType"", ""TestIllegalFieldValueException"", ""Integer""]","[0.03763440860215054, 0.016693163751987282, 0.014242115971515769, 0.013224821973550356]","[3.3669354838709675, 2.1089030206677264, 1.1627670396744658, 1.4242115971515767]"
org.joda.time.TestPeriod_Basics.testToStandardDuration_months,0.030927835051546393,0.02726208384570992,0.02516091281451141,0.08178625153712976,0.02702902252518318,0.027142860627579944,0.002601317789653899,6.045521292217328,4.177325651061909,1.6079578700994734,12.531976953185728,3.023280222232294,3.619635545971672,1.8782481303173166,"[""TestPeriod_Basics"", ""Duration"", ""Period""]","[0.030927835051546393, 0.02569750367107195, 0.02516091281451141]","[4.878497790868925, 6.045521292217328, 1.6079578700994734]"
org.joda.time.TestPeriod_Basics.testToStandardDuration,0.030927835051546393,0.02726208384570992,0.02516091281451141,0.08178625153712976,0.02702902252518318,0.027142860627579944,0.002601317789653899,6.045521292217328,4.177325651061909,1.6079578700994734,12.531976953185728,3.023280222232294,3.619635545971672,1.8782481303173166,"[""BigInteger"", ""TestPeriod_Basics"", ""Duration"", ""Period""]","[0.030927835051546393, 0.02569750367107195, 0.02516091281451141]","[4.878497790868925, 6.045521292217328, 1.6079578700994734]"
org.joda.time.TestPeriod_Basics.testToStandardDuration_years,0.030927835051546393,0.02726208384570992,0.02516091281451141,0.08178625153712976,0.02702902252518318,0.027142860627579944,0.002601317789653899,6.045521292217328,4.177325651061909,1.6079578700994734,12.531976953185728,3.023280222232294,3.619635545971672,1.8782481303173166,"[""TestPeriod_Basics"", ""Duration"", ""Period""]","[0.030927835051546393, 0.02569750367107195, 0.02516091281451141]","[4.878497790868925, 6.045521292217328, 1.6079578700994734]"
org.joda.time.field.TestOffsetDateTimeField.test_getAsShortText_RP_Locale,0.044386422976501305,0.020439470206108565,0.009912536443148687,0.08175788082443426,0.014690358851907077,0.016878104778827403,0.013986006967844791,4.117493472584856,1.85557766935265,0.6524781341107871,7.4223106774106,1.0768003706347375,1.3845223358267005,1.4059022868513538,"[""TestOffsetDateTimeField"", ""TimeOfDay"", ""ISOChronology"", ""TestOffsetDateTimeField$MockOffsetDateTimeField"", ""OffsetDateTimeField""]","[0.044386422976501305, 0.01574344023323615, 0.011715481171548118, 0.009912536443148687]","[4.117493472584856, 0.7008746355685131, 1.9514644351464434, 0.6524781341107871]"
org.joda.time.field.TestOffsetDateTimeField.test_getMinimumValue_RP,0.044386422976501305,0.020439470206108565,0.009912536443148687,0.08175788082443426,0.014690358851907077,0.016878104778827403,0.013986006967844791,4.117493472584856,1.85557766935265,0.6524781341107871,7.4223106774106,1.0768003706347375,1.3845223358267005,1.4059022868513538,"[""TestOffsetDateTimeField"", ""TimeOfDay"", ""ISOChronology"", ""TestOffsetDateTimeField$MockOffsetDateTimeField"", ""OffsetDateTimeField""]","[0.044386422976501305, 0.01574344023323615, 0.011715481171548118, 0.009912536443148687]","[4.117493472584856, 0.7008746355685131, 1.9514644351464434, 0.6524781341107871]"
org.joda.time.field.TestOffsetDateTimeField.test_getMinimumValue_RP_intarray,0.044386422976501305,0.020439470206108565,0.009912536443148687,0.08175788082443426,0.014690358851907077,0.016878104778827403,0.013986006967844791,4.117493472584856,1.85557766935265,0.6524781341107871,7.4223106774106,1.0768003706347375,1.3845223358267005,1.4059022868513538,"[""TestOffsetDateTimeField"", ""TimeOfDay"", ""ISOChronology"", ""TestOffsetDateTimeField$MockOffsetDateTimeField"", ""OffsetDateTimeField""]","[0.044386422976501305, 0.01574344023323615, 0.011715481171548118, 0.009912536443148687]","[4.117493472584856, 0.7008746355685131, 1.9514644351464434, 0.6524781341107871]"
org.joda.time.field.TestOffsetDateTimeField.test_getMaximumValue_RP_intarray,0.044386422976501305,0.020439470206108565,0.009912536443148687,0.08175788082443426,0.014690358851907077,0.016878104778827403,0.013986006967844791,4.117493472584856,1.85557766935265,0.6524781341107871,7.4223106774106,1.0768003706347375,1.3845223358267005,1.4059022868513538,"[""TestOffsetDateTimeField"", ""TimeOfDay"", ""ISOChronology"", ""TestOffsetDateTimeField$MockOffsetDateTimeField"", ""OffsetDateTimeField""]","[0.044386422976501305, 0.01574344023323615, 0.011715481171548118, 0.009912536443148687]","[4.117493472584856, 0.7008746355685131, 1.9514644351464434, 0.6524781341107871]"
org.joda.time.field.TestOffsetDateTimeField.test_getMaximumValue_RP,0.044386422976501305,0.020439470206108565,0.009912536443148687,0.08175788082443426,0.014690358851907077,0.016878104778827403,0.013986006967844791,4.117493472584856,1.85557766935265,0.6524781341107871,7.4223106774106,1.0768003706347375,1.3845223358267005,1.4059022868513538,"[""TestOffsetDateTimeField"", ""TimeOfDay"", ""ISOChronology"", ""TestOffsetDateTimeField$MockOffsetDateTimeField"", ""OffsetDateTimeField""]","[0.044386422976501305, 0.01574344023323615, 0.011715481171548118, 0.009912536443148687]","[4.117493472584856, 0.7008746355685131, 1.9514644351464434, 0.6524781341107871]"
org.joda.time.field.TestOffsetDateTimeField.test_getAsShortText_RP_int_Locale,0.044386422976501305,0.020439470206108565,0.009912536443148687,0.08175788082443426,0.014690358851907077,0.016878104778827403,0.013986006967844791,4.117493472584856,1.85557766935265,0.6524781341107871,7.4223106774106,1.0768003706347375,1.3845223358267005,1.4059022868513538,"[""TestOffsetDateTimeField"", ""TimeOfDay"", ""ISOChronology"", ""TestOffsetDateTimeField$MockOffsetDateTimeField"", ""OffsetDateTimeField""]","[0.044386422976501305, 0.01574344023323615, 0.011715481171548118, 0.009912536443148687]","[4.117493472584856, 0.7008746355685131, 1.9514644351464434, 0.6524781341107871]"
org.joda.time.field.TestOffsetDateTimeField.test_getAsText_RP_int_Locale,0.044386422976501305,0.020439470206108565,0.009912536443148687,0.08175788082443426,0.014690358851907077,0.016878104778827403,0.013986006967844791,4.117493472584856,1.85557766935265,0.6524781341107871,7.4223106774106,1.0768003706347375,1.3845223358267005,1.4059022868513538,"[""TestOffsetDateTimeField"", ""TimeOfDay"", ""ISOChronology"", ""TestOffsetDateTimeField$MockOffsetDateTimeField"", ""OffsetDateTimeField""]","[0.044386422976501305, 0.01574344023323615, 0.011715481171548118, 0.009912536443148687]","[4.117493472584856, 0.7008746355685131, 1.9514644351464434, 0.6524781341107871]"
org.joda.time.field.TestOffsetDateTimeField.test_getAsText_RP_Locale,0.044386422976501305,0.020439470206108565,0.009912536443148687,0.08175788082443426,0.014690358851907077,0.016878104778827403,0.013986006967844791,4.117493472584856,1.85557766935265,0.6524781341107871,7.4223106774106,1.0768003706347375,1.3845223358267005,1.4059022868513538,"[""TestOffsetDateTimeField"", ""TimeOfDay"", ""ISOChronology"", ""TestOffsetDateTimeField$MockOffsetDateTimeField"", ""OffsetDateTimeField""]","[0.044386422976501305, 0.01574344023323615, 0.011715481171548118, 0.009912536443148687]","[4.117493472584856, 0.7008746355685131, 1.9514644351464434, 0.6524781341107871]"
org.joda.time.TestTimeOfDay_Basics.testIsSupported,0.044386422976501305,0.0271737079773621,0.016693163751987282,0.0815211239320863,0.02283901543584774,0.024741960974838113,0.012267049200042046,4.117493472584856,3.249082287066751,2.1089030206677264,9.747246861200253,2.9967974139756017,3.126888286240888,0.8422202080305119,"[""DateTimeFieldType"", ""TimeOfDay"", ""TestTimeOfDay_Basics""]","[0.044386422976501305, 0.02044153720359771, 0.016693163751987282]","[4.117493472584856, 3.5208503679476695, 2.1089030206677264]"
org.joda.time.TestTimeOfDay_Basics.testGetFieldTypes,0.044386422976501305,0.0271737079773621,0.016693163751987282,0.0815211239320863,0.02283901543584774,0.024741960974838113,0.012267049200042046,4.117493472584856,3.249082287066751,2.1089030206677264,9.747246861200253,2.9967974139756017,3.126888286240888,0.8422202080305119,"[""DateTimeFieldType"", ""TimeOfDay"", ""TestTimeOfDay_Basics""]","[0.044386422976501305, 0.02044153720359771, 0.016693163751987282]","[4.117493472584856, 3.5208503679476695, 2.1089030206677264]"
org.joda.time.TestTimeOfDay_Basics.testWithField3,0.044386422976501305,0.0271737079773621,0.016693163751987282,0.0815211239320863,0.02283901543584774,0.024741960974838113,0.012267049200042046,4.117493472584856,3.249082287066751,2.1089030206677264,9.747246861200253,2.9967974139756017,3.126888286240888,0.8422202080305119,"[""DateTimeFieldType"", ""TimeOfDay"", ""TestTimeOfDay_Basics""]","[0.044386422976501305, 0.02044153720359771, 0.016693163751987282]","[4.117493472584856, 3.5208503679476695, 2.1089030206677264]"
org.joda.time.TestTimeOfDay_Basics.testGetFieldType,0.044386422976501305,0.0271737079773621,0.016693163751987282,0.0815211239320863,0.02283901543584774,0.024741960974838113,0.012267049200042046,4.117493472584856,3.249082287066751,2.1089030206677264,9.747246861200253,2.9967974139756017,3.126888286240888,0.8422202080305119,"[""DateTimeFieldType"", ""TimeOfDay"", ""TestTimeOfDay_Basics""]","[0.044386422976501305, 0.02044153720359771, 0.016693163751987282]","[4.117493472584856, 3.5208503679476695, 2.1089030206677264]"
org.joda.time.TestTimeOfDay_Basics.testProperty,0.044386422976501305,0.0271737079773621,0.016693163751987282,0.0815211239320863,0.02283901543584774,0.024741960974838113,0.012267049200042046,4.117493472584856,3.249082287066751,2.1089030206677264,9.747246861200253,2.9967974139756017,3.126888286240888,0.8422202080305119,"[""DateTimeFieldType"", ""TimeOfDay"", ""TestTimeOfDay_Basics""]","[0.044386422976501305, 0.02044153720359771, 0.016693163751987282]","[4.117493472584856, 3.5208503679476695, 2.1089030206677264]"
org.joda.time.TestTimeOfDay_Basics.testWithField4,0.044386422976501305,0.0271737079773621,0.016693163751987282,0.0815211239320863,0.02283901543584774,0.024741960974838113,0.012267049200042046,4.117493472584856,3.249082287066751,2.1089030206677264,9.747246861200253,2.9967974139756017,3.126888286240888,0.8422202080305119,"[""DateTimeFieldType"", ""TimeOfDay"", ""TestTimeOfDay_Basics""]","[0.044386422976501305, 0.02044153720359771, 0.016693163751987282]","[4.117493472584856, 3.5208503679476695, 2.1089030206677264]"
org.joda.time.TestTimeOfDay_Basics.testGet,0.044386422976501305,0.0271737079773621,0.016693163751987282,0.0815211239320863,0.02283901543584774,0.024741960974838113,0.012267049200042046,4.117493472584856,3.249082287066751,2.1089030206677264,9.747246861200253,2.9967974139756017,3.126888286240888,0.8422202080305119,"[""DateTimeFieldType"", ""TimeOfDay"", ""TestTimeOfDay_Basics""]","[0.044386422976501305, 0.02044153720359771, 0.016693163751987282]","[4.117493472584856, 3.5208503679476695, 2.1089030206677264]"
org.joda.time.TestTimeOfDay_Basics.testWithField1,0.044386422976501305,0.0271737079773621,0.016693163751987282,0.0815211239320863,0.02283901543584774,0.024741960974838113,0.012267049200042046,4.117493472584856,3.249082287066751,2.1089030206677264,9.747246861200253,2.9967974139756017,3.126888286240888,0.8422202080305119,"[""DateTimeFieldType"", ""TimeOfDay"", ""TestTimeOfDay_Basics""]","[0.044386422976501305, 0.02044153720359771, 0.016693163751987282]","[4.117493472584856, 3.5208503679476695, 2.1089030206677264]"
org.joda.time.TestMonthDay_Basics.testToString_DTFormatter,0.03459119496855346,0.027149152563091722,0.018867924528301886,0.08144745768927517,0.025501907813179205,0.026336351072073518,0.0064463675934423375,6.022012578616352,4.4421481440734425,2.8956268221574346,13.326444432220327,4.0638036659908705,4.25208281371925,1.2765593854620936,"[""MonthDay"", ""DateTimeFormat"", ""TestMonthDay_Basics""]","[0.03459119496855346, 0.027988338192419825, 0.018867924528301886]","[6.022012578616352, 2.8956268221574346, 4.408805031446541]"
org.joda.time.TestMutablePeriod_Updates.testSetPeriod_long_long2,0.04081632653061224,0.027086223925966227,0.019823788546255508,0.08125867177789868,0.024302430243024305,0.025552081139050012,0.009714068912511782,5.746938775510204,4.824901036303526,3.0537555228276876,14.474703108910578,4.426648950687168,4.635041360499571,1.2527428619834267,"[""MutablePeriod"", ""TestMutablePeriod_Updates"", ""DateTime""]","[0.04081632653061224, 0.020618556701030927, 0.019823788546255508]","[5.746938775510204, 3.0537555228276876, 5.674008810572687]"
org.joda.time.TestMutablePeriod_Updates.testSetPeriod_RI_RI1,0.04081632653061224,0.027086223925966227,0.019823788546255508,0.08125867177789868,0.024302430243024305,0.025552081139050012,0.009714068912511782,5.746938775510204,4.824901036303526,3.0537555228276876,14.474703108910578,4.426648950687168,4.635041360499571,1.2527428619834267,"[""MutablePeriod"", ""TestMutablePeriod_Updates"", ""DateTime""]","[0.04081632653061224, 0.020618556701030927, 0.019823788546255508]","[5.746938775510204, 3.0537555228276876, 5.674008810572687]"
org.joda.time.TestMutablePeriod_Updates.testSetPeriod_RI_RI3,0.04081632653061224,0.027086223925966227,0.019823788546255508,0.08125867177789868,0.024302430243024305,0.025552081139050012,0.009714068912511782,5.746938775510204,4.824901036303526,3.0537555228276876,14.474703108910578,4.426648950687168,4.635041360499571,1.2527428619834267,"[""MutablePeriod"", ""TestMutablePeriod_Updates"", ""DateTime""]","[0.04081632653061224, 0.020618556701030927, 0.019823788546255508]","[5.746938775510204, 3.0537555228276876, 5.674008810572687]"
org.joda.time.TestMutablePeriod_Updates.testSetPeriod_long_long3,0.04081632653061224,0.027086223925966227,0.019823788546255508,0.08125867177789868,0.024302430243024305,0.025552081139050012,0.009714068912511782,5.746938775510204,4.824901036303526,3.0537555228276876,14.474703108910578,4.426648950687168,4.635041360499571,1.2527428619834267,"[""MutablePeriod"", ""TestMutablePeriod_Updates"", ""DateTime""]","[0.04081632653061224, 0.020618556701030927, 0.019823788546255508]","[5.746938775510204, 3.0537555228276876, 5.674008810572687]"
org.joda.time.TestMutablePeriod_Updates.testSetPeriod_long_long1,0.04081632653061224,0.027086223925966227,0.019823788546255508,0.08125867177789868,0.024302430243024305,0.025552081139050012,0.009714068912511782,5.746938775510204,4.824901036303526,3.0537555228276876,14.474703108910578,4.426648950687168,4.635041360499571,1.2527428619834267,"[""MutablePeriod"", ""TestMutablePeriod_Updates"", ""DateTime""]","[0.04081632653061224, 0.020618556701030927, 0.019823788546255508]","[5.746938775510204, 3.0537555228276876, 5.674008810572687]"
org.joda.time.TestMutablePeriod_Updates.testSetPeriod_RI_RI2,0.04081632653061224,0.027086223925966227,0.019823788546255508,0.08125867177789868,0.024302430243024305,0.025552081139050012,0.009714068912511782,5.746938775510204,4.824901036303526,3.0537555228276876,14.474703108910578,4.426648950687168,4.635041360499571,1.2527428619834267,"[""MutablePeriod"", ""TestMutablePeriod_Updates"", ""DateTime""]","[0.04081632653061224, 0.020618556701030927, 0.019823788546255508]","[5.746938775510204, 3.0537555228276876, 5.674008810572687]"
org.joda.time.TestMonths.testFactory_monthsBetween_RPartial_MonthDay,0.03459119496855346,0.02697235785426755,0.020766773162939296,0.08091707356280266,0.025820236384565036,0.026381131045626498,0.0057315862477521195,6.022012578616352,3.44663465080609,1.987220447284345,10.33990395241827,2.7314098795393824,3.0326541690904465,1.8264570733546033,"[""MonthDay"", ""Months"", ""TestMonths""]","[0.03459119496855346, 0.025559105431309903, 0.020766773162939296]","[6.022012578616352, 2.330670926517572, 1.987220447284345]"
org.joda.time.TestDays.testFactory_daysBetween_RPartial_MonthDay,0.03459119496855346,0.02697235785426755,0.020766773162939296,0.08091707356280266,0.025820236384565036,0.026381131045626498,0.0057315862477521195,6.022012578616352,3.7501490278028946,2.4345047923322682,11.250447083408684,3.2094575203579545,3.4471161949227564,1.613137638979445,"[""MonthDay"", ""Days"", ""TestDays""]","[0.03459119496855346, 0.025559105431309903, 0.020766773162939296]","[6.022012578616352, 2.7939297124600637, 2.4345047923322682]"
org.joda.time.TestDateTimeFieldType.test_year,0.021957340025094103,0.016160029121667,0.012718600953895072,0.080800145608335,0.015593327948385648,0.015863424192849553,0.0032256138317384867,2.1089030206677264,1.4828276144051393,0.8456712672521958,7.414138072025697,1.3372199371517395,1.4108218806120147,0.44803595027723425,"[""DateTimeFieldType"", ""DateTimeField"", ""DurationFieldType"", ""TestDateTimeFieldType"", ""CopticChronology""]","[0.021957340025094103, 0.016693163751987282, 0.01574344023323615, 0.013687600644122383, 0.012718600953895072]","[0.8456712672521958, 2.1089030206677264, 1.8169096209912536, 1.4661835748792271, 1.1764705882352942]"
org.joda.time.TestDateTimeFieldType.test_minuteOfHour,0.021957340025094103,0.016160029121667,0.012718600953895072,0.080800145608335,0.015593327948385648,0.015863424192849553,0.0032256138317384867,2.1089030206677264,1.4828276144051393,0.8456712672521958,7.414138072025697,1.3372199371517395,1.4108218806120147,0.44803595027723425,"[""DateTimeFieldType"", ""DateTimeField"", ""DurationFieldType"", ""TestDateTimeFieldType"", ""CopticChronology""]","[0.021957340025094103, 0.016693163751987282, 0.01574344023323615, 0.013687600644122383, 0.012718600953895072]","[0.8456712672521958, 2.1089030206677264, 1.8169096209912536, 1.4661835748792271, 1.1764705882352942]"
org.joda.time.TestDateTimeFieldType.test_halfdayOfDay,0.021957340025094103,0.016160029121667,0.012718600953895072,0.080800145608335,0.015593327948385648,0.015863424192849553,0.0032256138317384867,2.1089030206677264,1.4828276144051393,0.8456712672521958,7.414138072025697,1.3372199371517395,1.4108218806120147,0.44803595027723425,"[""DateTimeFieldType"", ""DateTimeField"", ""DurationFieldType"", ""TestDateTimeFieldType"", ""CopticChronology""]","[0.021957340025094103, 0.016693163751987282, 0.01574344023323615, 0.013687600644122383, 0.012718600953895072]","[0.8456712672521958, 2.1089030206677264, 1.8169096209912536, 1.4661835748792271, 1.1764705882352942]"
org.joda.time.TestDateTimeFieldType.test_hourOfHalfday,0.021957340025094103,0.016160029121667,0.012718600953895072,0.080800145608335,0.015593327948385648,0.015863424192849553,0.0032256138317384867,2.1089030206677264,1.4828276144051393,0.8456712672521958,7.414138072025697,1.3372199371517395,1.4108218806120147,0.44803595027723425,"[""DateTimeFieldType"", ""DateTimeField"", ""DurationFieldType"", ""TestDateTimeFieldType"", ""CopticChronology""]","[0.021957340025094103, 0.016693163751987282, 0.01574344023323615, 0.013687600644122383, 0.012718600953895072]","[0.8456712672521958, 2.1089030206677264, 1.8169096209912536, 1.4661835748792271, 1.1764705882352942]"
org.joda.time.TestDateTimeFieldType.test_monthOfYear,0.021957340025094103,0.016160029121667,0.012718600953895072,0.080800145608335,0.015593327948385648,0.015863424192849553,0.0032256138317384867,2.1089030206677264,1.4828276144051393,0.8456712672521958,7.414138072025697,1.3372199371517395,1.4108218806120147,0.44803595027723425,"[""DateTimeFieldType"", ""DateTimeField"", ""DurationFieldType"", ""TestDateTimeFieldType"", ""CopticChronology""]","[0.021957340025094103, 0.016693163751987282, 0.01574344023323615, 0.013687600644122383, 0.012718600953895072]","[0.8456712672521958, 2.1089030206677264, 1.8169096209912536, 1.4661835748792271, 1.1764705882352942]"
org.joda.time.TestDateTimeFieldType.test_clockhourOfHalfday,0.021957340025094103,0.016160029121667,0.012718600953895072,0.080800145608335,0.015593327948385648,0.015863424192849553,0.0032256138317384867,2.1089030206677264,1.4828276144051393,0.8456712672521958,7.414138072025697,1.3372199371517395,1.4108218806120147,0.44803595027723425,"[""DateTimeFieldType"", ""DateTimeField"", ""DurationFieldType"", ""TestDateTimeFieldType"", ""CopticChronology""]","[0.021957340025094103, 0.016693163751987282, 0.01574344023323615, 0.013687600644122383, 0.012718600953895072]","[0.8456712672521958, 2.1089030206677264, 1.8169096209912536, 1.4661835748792271, 1.1764705882352942]"
org.joda.time.TestDateTimeFieldType.test_clockhourOfDay,0.021957340025094103,0.016160029121667,0.012718600953895072,0.080800145608335,0.015593327948385648,0.015863424192849553,0.0032256138317384867,2.1089030206677264,1.4828276144051393,0.8456712672521958,7.414138072025697,1.3372199371517395,1.4108218806120147,0.44803595027723425,"[""DateTimeFieldType"", ""DateTimeField"", ""DurationFieldType"", ""TestDateTimeFieldType"", ""CopticChronology""]","[0.021957340025094103, 0.016693163751987282, 0.01574344023323615, 0.013687600644122383, 0.012718600953895072]","[0.8456712672521958, 2.1089030206677264, 1.8169096209912536, 1.4661835748792271, 1.1764705882352942]"
org.joda.time.TestDateTimeFieldType.test_weekyearOfCentury,0.021957340025094103,0.016160029121667,0.012718600953895072,0.080800145608335,0.015593327948385648,0.015863424192849553,0.0032256138317384867,2.1089030206677264,1.4828276144051393,0.8456712672521958,7.414138072025697,1.3372199371517395,1.4108218806120147,0.44803595027723425,"[""DateTimeFieldType"", ""DateTimeField"", ""DurationFieldType"", ""TestDateTimeFieldType"", ""CopticChronology""]","[0.021957340025094103, 0.016693163751987282, 0.01574344023323615, 0.013687600644122383, 0.012718600953895072]","[0.8456712672521958, 2.1089030206677264, 1.8169096209912536, 1.4661835748792271, 1.1764705882352942]"
org.joda.time.TestDateTimeFieldType.test_secondOfDay,0.021957340025094103,0.016160029121667,0.012718600953895072,0.080800145608335,0.015593327948385648,0.015863424192849553,0.0032256138317384867,2.1089030206677264,1.4828276144051393,0.8456712672521958,7.414138072025697,1.3372199371517395,1.4108218806120147,0.44803595027723425,"[""DateTimeFieldType"", ""DateTimeField"", ""DurationFieldType"", ""TestDateTimeFieldType"", ""CopticChronology""]","[0.021957340025094103, 0.016693163751987282, 0.01574344023323615, 0.013687600644122383, 0.012718600953895072]","[0.8456712672521958, 2.1089030206677264, 1.8169096209912536, 1.4661835748792271, 1.1764705882352942]"
org.joda.time.TestDateTimeFieldType.test_secondOfMinute,0.021957340025094103,0.016160029121667,0.012718600953895072,0.080800145608335,0.015593327948385648,0.015863424192849553,0.0032256138317384867,2.1089030206677264,1.4828276144051393,0.8456712672521958,7.414138072025697,1.3372199371517395,1.4108218806120147,0.44803595027723425,"[""DateTimeFieldType"", ""DateTimeField"", ""DurationFieldType"", ""TestDateTimeFieldType"", ""CopticChronology""]","[0.021957340025094103, 0.016693163751987282, 0.01574344023323615, 0.013687600644122383, 0.012718600953895072]","[0.8456712672521958, 2.1089030206677264, 1.8169096209912536, 1.4661835748792271, 1.1764705882352942]"
org.joda.time.TestDateTimeFieldType.test_hourOfDay,0.021957340025094103,0.016160029121667,0.012718600953895072,0.080800145608335,0.015593327948385648,0.015863424192849553,0.0032256138317384867,2.1089030206677264,1.4828276144051393,0.8456712672521958,7.414138072025697,1.3372199371517395,1.4108218806120147,0.44803595027723425,"[""DateTimeFieldType"", ""DateTimeField"", ""DurationFieldType"", ""TestDateTimeFieldType"", ""CopticChronology""]","[0.021957340025094103, 0.016693163751987282, 0.01574344023323615, 0.013687600644122383, 0.012718600953895072]","[0.8456712672521958, 2.1089030206677264, 1.8169096209912536, 1.4661835748792271, 1.1764705882352942]"
org.joda.time.TestDateTimeFieldType.test_millisOfSecond,0.021957340025094103,0.016160029121667,0.012718600953895072,0.080800145608335,0.015593327948385648,0.015863424192849553,0.0032256138317384867,2.1089030206677264,1.4828276144051393,0.8456712672521958,7.414138072025697,1.3372199371517395,1.4108218806120147,0.44803595027723425,"[""DateTimeFieldType"", ""DateTimeField"", ""DurationFieldType"", ""TestDateTimeFieldType"", ""CopticChronology""]","[0.021957340025094103, 0.016693163751987282, 0.01574344023323615, 0.013687600644122383, 0.012718600953895072]","[0.8456712672521958, 2.1089030206677264, 1.8169096209912536, 1.4661835748792271, 1.1764705882352942]"
org.joda.time.TestDateTimeFieldType.test_dayOfWeek,0.021957340025094103,0.016160029121667,0.012718600953895072,0.080800145608335,0.015593327948385648,0.015863424192849553,0.0032256138317384867,2.1089030206677264,1.4828276144051393,0.8456712672521958,7.414138072025697,1.3372199371517395,1.4108218806120147,0.44803595027723425,"[""DateTimeFieldType"", ""DateTimeField"", ""DurationFieldType"", ""TestDateTimeFieldType"", ""CopticChronology""]","[0.021957340025094103, 0.016693163751987282, 0.01574344023323615, 0.013687600644122383, 0.012718600953895072]","[0.8456712672521958, 2.1089030206677264, 1.8169096209912536, 1.4661835748792271, 1.1764705882352942]"
org.joda.time.TestDateTimeFieldType.test_era,0.021957340025094103,0.016160029121667,0.012718600953895072,0.080800145608335,0.015593327948385648,0.015863424192849553,0.0032256138317384867,2.1089030206677264,1.4828276144051393,0.8456712672521958,7.414138072025697,1.3372199371517395,1.4108218806120147,0.44803595027723425,"[""DateTimeFieldType"", ""DateTimeField"", ""DurationFieldType"", ""TestDateTimeFieldType"", ""CopticChronology""]","[0.021957340025094103, 0.016693163751987282, 0.01574344023323615, 0.013687600644122383, 0.012718600953895072]","[0.8456712672521958, 2.1089030206677264, 1.8169096209912536, 1.4661835748792271, 1.1764705882352942]"
org.joda.time.TestDateTimeFieldType.test_weekOfWeekyear,0.021957340025094103,0.016160029121667,0.012718600953895072,0.080800145608335,0.015593327948385648,0.015863424192849553,0.0032256138317384867,2.1089030206677264,1.4828276144051393,0.8456712672521958,7.414138072025697,1.3372199371517395,1.4108218806120147,0.44803595027723425,"[""DateTimeFieldType"", ""DateTimeField"", ""DurationFieldType"", ""TestDateTimeFieldType"", ""CopticChronology""]","[0.021957340025094103, 0.016693163751987282, 0.01574344023323615, 0.013687600644122383, 0.012718600953895072]","[0.8456712672521958, 2.1089030206677264, 1.8169096209912536, 1.4661835748792271, 1.1764705882352942]"
org.joda.time.TestDateTimeFieldType.test_yearOfCentury,0.021957340025094103,0.016160029121667,0.012718600953895072,0.080800145608335,0.015593327948385648,0.015863424192849553,0.0032256138317384867,2.1089030206677264,1.4828276144051393,0.8456712672521958,7.414138072025697,1.3372199371517395,1.4108218806120147,0.44803595027723425,"[""DateTimeFieldType"", ""DateTimeField"", ""DurationFieldType"", ""TestDateTimeFieldType"", ""CopticChronology""]","[0.021957340025094103, 0.016693163751987282, 0.01574344023323615, 0.013687600644122383, 0.012718600953895072]","[0.8456712672521958, 2.1089030206677264, 1.8169096209912536, 1.4661835748792271, 1.1764705882352942]"
org.joda.time.TestDateTimeFieldType.test_millisOfDay,0.021957340025094103,0.016160029121667,0.012718600953895072,0.080800145608335,0.015593327948385648,0.015863424192849553,0.0032256138317384867,2.1089030206677264,1.4828276144051393,0.8456712672521958,7.414138072025697,1.3372199371517395,1.4108218806120147,0.44803595027723425,"[""DateTimeFieldType"", ""DateTimeField"", ""DurationFieldType"", ""TestDateTimeFieldType"", ""CopticChronology""]","[0.021957340025094103, 0.016693163751987282, 0.01574344023323615, 0.013687600644122383, 0.012718600953895072]","[0.8456712672521958, 2.1089030206677264, 1.8169096209912536, 1.4661835748792271, 1.1764705882352942]"
org.joda.time.TestDateTimeFieldType.test_dayOfYear,0.021957340025094103,0.016160029121667,0.012718600953895072,0.080800145608335,0.015593327948385648,0.015863424192849553,0.0032256138317384867,2.1089030206677264,1.4828276144051393,0.8456712672521958,7.414138072025697,1.3372199371517395,1.4108218806120147,0.44803595027723425,"[""DateTimeFieldType"", ""DateTimeField"", ""DurationFieldType"", ""TestDateTimeFieldType"", ""CopticChronology""]","[0.021957340025094103, 0.016693163751987282, 0.01574344023323615, 0.013687600644122383, 0.012718600953895072]","[0.8456712672521958, 2.1089030206677264, 1.8169096209912536, 1.4661835748792271, 1.1764705882352942]"
org.joda.time.TestDateTimeFieldType.test_yearOfEra,0.021957340025094103,0.016160029121667,0.012718600953895072,0.080800145608335,0.015593327948385648,0.015863424192849553,0.0032256138317384867,2.1089030206677264,1.4828276144051393,0.8456712672521958,7.414138072025697,1.3372199371517395,1.4108218806120147,0.44803595027723425,"[""DateTimeFieldType"", ""DateTimeField"", ""DurationFieldType"", ""TestDateTimeFieldType"", ""CopticChronology""]","[0.021957340025094103, 0.016693163751987282, 0.01574344023323615, 0.013687600644122383, 0.012718600953895072]","[0.8456712672521958, 2.1089030206677264, 1.8169096209912536, 1.4661835748792271, 1.1764705882352942]"
org.joda.time.TestDateTimeFieldType.test_dayOfMonth,0.021957340025094103,0.016160029121667,0.012718600953895072,0.080800145608335,0.015593327948385648,0.015863424192849553,0.0032256138317384867,2.1089030206677264,1.4828276144051393,0.8456712672521958,7.414138072025697,1.3372199371517395,1.4108218806120147,0.44803595027723425,"[""DateTimeFieldType"", ""DateTimeField"", ""DurationFieldType"", ""TestDateTimeFieldType"", ""CopticChronology""]","[0.021957340025094103, 0.016693163751987282, 0.01574344023323615, 0.013687600644122383, 0.012718600953895072]","[0.8456712672521958, 2.1089030206677264, 1.8169096209912536, 1.4661835748792271, 1.1764705882352942]"
org.joda.time.TestDateTimeFieldType.test_minuteOfDay,0.021957340025094103,0.016160029121667,0.012718600953895072,0.080800145608335,0.015593327948385648,0.015863424192849553,0.0032256138317384867,2.1089030206677264,1.4828276144051393,0.8456712672521958,7.414138072025697,1.3372199371517395,1.4108218806120147,0.44803595027723425,"[""DateTimeFieldType"", ""DateTimeField"", ""DurationFieldType"", ""TestDateTimeFieldType"", ""CopticChronology""]","[0.021957340025094103, 0.016693163751987282, 0.01574344023323615, 0.013687600644122383, 0.012718600953895072]","[0.8456712672521958, 2.1089030206677264, 1.8169096209912536, 1.4661835748792271, 1.1764705882352942]"
org.joda.time.TestDateTimeFieldType.test_weekyear,0.021957340025094103,0.016160029121667,0.012718600953895072,0.080800145608335,0.015593327948385648,0.015863424192849553,0.0032256138317384867,2.1089030206677264,1.4828276144051393,0.8456712672521958,7.414138072025697,1.3372199371517395,1.4108218806120147,0.44803595027723425,"[""DateTimeFieldType"", ""DateTimeField"", ""DurationFieldType"", ""TestDateTimeFieldType"", ""CopticChronology""]","[0.021957340025094103, 0.016693163751987282, 0.01574344023323615, 0.013687600644122383, 0.012718600953895072]","[0.8456712672521958, 2.1089030206677264, 1.8169096209912536, 1.4661835748792271, 1.1764705882352942]"
org.joda.time.TestDateTimeFieldType.test_centuryOfEra,0.021957340025094103,0.016160029121667,0.012718600953895072,0.080800145608335,0.015593327948385648,0.015863424192849553,0.0032256138317384867,2.1089030206677264,1.4828276144051393,0.8456712672521958,7.414138072025697,1.3372199371517395,1.4108218806120147,0.44803595027723425,"[""DateTimeFieldType"", ""DateTimeField"", ""DurationFieldType"", ""TestDateTimeFieldType"", ""CopticChronology""]","[0.021957340025094103, 0.016693163751987282, 0.01574344023323615, 0.013687600644122383, 0.012718600953895072]","[0.8456712672521958, 2.1089030206677264, 1.8169096209912536, 1.4661835748792271, 1.1764705882352942]"
org.joda.time.TestMutablePeriod_Basics.testToDurationFrom,0.02516091281451141,0.02014776955926686,0.016152716593245228,0.08059107823706745,0.01963218830609793,0.01988515682254247,0.003298880493299012,3.0537555228276876,1.910099300313063,0.963265306122449,7.640397201252252,1.6105115280261535,1.757134568182397,0.759411901735406,"[""MutablePeriod"", ""Duration"", ""TestMutablePeriod_Basics"", ""Instant""]","[0.02516091281451141, 0.020618556701030927, 0.018658892128279883, 0.016152716593245228]","[1.6079578700994734, 3.0537555228276876, 0.963265306122449, 2.015418502202643]"
org.joda.time.TestYearMonthDay_Basics.testGetFields,0.03763440860215054,0.026862858088537504,0.01924198250728863,0.08058857426561251,0.024852224667969235,0.0257989571220533,0.007832215472470535,3.3669354838709675,2.979188170364061,2.2746355685131197,8.937564511092182,2.884516888661785,2.9334430005671113,0.49903504841159896,"[""YearMonthDay"", ""TestYearMonthDay_Basics"", ""Chronology""]","[0.03763440860215054, 0.023712183156173343, 0.01924198250728863]","[3.3669354838709675, 3.295993458708095, 2.2746355685131197]"
org.joda.time.TestYearMonthDay_Basics.testGetField,0.03763440860215054,0.026862858088537504,0.01924198250728863,0.08058857426561251,0.024852224667969235,0.0257989571220533,0.007832215472470535,3.3669354838709675,2.979188170364061,2.2746355685131197,8.937564511092182,2.884516888661785,2.9334430005671113,0.49903504841159896,"[""YearMonthDay"", ""TestYearMonthDay_Basics"", ""Chronology""]","[0.03763440860215054, 0.023712183156173343, 0.01924198250728863]","[3.3669354838709675, 3.295993458708095, 2.2746355685131197]"
org.joda.time.TestTimeOfDay_Basics.testIsBefore_TOD,0.044386422976501305,0.02685713347111172,0.01574344023323615,0.08057140041333516,0.02222750244228113,0.024263555780763897,0.012542594673313576,4.117493472584856,2.7568046037926695,0.632069970845481,8.270413811378008,1.422480625860051,2.092579092606272,1.522031251083387,"[""TimeOfDay"", ""TestTimeOfDay_Basics"", ""GregorianChronology""]","[0.044386422976501305, 0.02044153720359771, 0.01574344023323615]","[4.117493472584856, 3.5208503679476695, 0.632069970845481]"
org.joda.time.TestTimeOfDay_Basics.testIsAfter_TOD,0.044386422976501305,0.02685713347111172,0.01574344023323615,0.08057140041333516,0.02222750244228113,0.024263555780763897,0.012542594673313576,4.117493472584856,2.7568046037926695,0.632069970845481,8.270413811378008,1.422480625860051,2.092579092606272,1.522031251083387,"[""TimeOfDay"", ""TestTimeOfDay_Basics"", ""GregorianChronology""]","[0.044386422976501305, 0.02044153720359771, 0.01574344023323615]","[4.117493472584856, 3.5208503679476695, 0.632069970845481]"
org.joda.time.TestTimeOfDay_Basics.testIsEqual_TOD,0.044386422976501305,0.02685713347111172,0.01574344023323615,0.08057140041333516,0.02222750244228113,0.024263555780763897,0.012542594673313576,4.117493472584856,2.7568046037926695,0.632069970845481,8.270413811378008,1.422480625860051,2.092579092606272,1.522031251083387,"[""TimeOfDay"", ""TestTimeOfDay_Basics"", ""GregorianChronology""]","[0.044386422976501305, 0.02044153720359771, 0.01574344023323615]","[4.117493472584856, 3.5208503679476695, 0.632069970845481]"
org.joda.time.field.TestPreciseDateTimeField.test_isLeap_long,0.02040816326530612,0.013411744408036164,0.009362200117027502,0.08047046644821698,0.012395246029647757,0.012873607405959662,0.003959949770420197,2.4285714285714284,1.4753107701621586,0.40877914951989025,8.851864620972952,0.8561084100853099,1.1553580584707441,0.8518861001192893,"[""TestPreciseDateTimeField"", ""TestPreciseDateTimeField$MockPreciseDateTimeField"", ""BaseDateTimeField"", ""PreciseDateTimeField"", ""DateTimeFieldType"", ""BaseDurationField"", ""DurationFieldType"", ""TestPreciseDateTimeField$MockCountingDurationField""]","[0.02040816326530612, 0.016693163751987282, 0.012718600953895072, 0.011686143572621035, 0.009602194787379973, 0.009362200117027502]","[2.4285714285714284, 2.1089030206677264, 1.1764705882352942, 2.3113522537562603, 0.40877914951989025, 0.41778818022235226]"
org.joda.time.field.TestPreciseDateTimeField.test_getMinimumValue_long,0.02040816326530612,0.013411744408036164,0.009362200117027502,0.08047046644821698,0.012395246029647757,0.012873607405959662,0.003959949770420197,2.4285714285714284,1.4753107701621586,0.40877914951989025,8.851864620972952,0.8561084100853099,1.1553580584707441,0.8518861001192893,"[""TestPreciseDateTimeField"", ""TestPreciseDateTimeField$MockPreciseDateTimeField"", ""BaseDateTimeField"", ""PreciseDateTimeField"", ""DateTimeFieldType"", ""BaseDurationField"", ""DurationFieldType"", ""TestPreciseDateTimeField$MockCountingDurationField""]","[0.02040816326530612, 0.016693163751987282, 0.012718600953895072, 0.011686143572621035, 0.009602194787379973, 0.009362200117027502]","[2.4285714285714284, 2.1089030206677264, 1.1764705882352942, 2.3113522537562603, 0.40877914951989025, 0.41778818022235226]"
org.joda.time.field.TestPreciseDateTimeField.test_isSupported,0.02040816326530612,0.013411744408036164,0.009362200117027502,0.08047046644821698,0.012395246029647757,0.012873607405959662,0.003959949770420197,2.4285714285714284,1.4753107701621586,0.40877914951989025,8.851864620972952,0.8561084100853099,1.1553580584707441,0.8518861001192893,"[""TestPreciseDateTimeField"", ""TestPreciseDateTimeField$MockPreciseDateTimeField"", ""BaseDateTimeField"", ""PreciseDateTimeField"", ""DateTimeFieldType"", ""BaseDurationField"", ""DurationFieldType"", ""TestPreciseDateTimeField$MockCountingDurationField""]","[0.02040816326530612, 0.016693163751987282, 0.012718600953895072, 0.011686143572621035, 0.009602194787379973, 0.009362200117027502]","[2.4285714285714284, 2.1089030206677264, 1.1764705882352942, 2.3113522537562603, 0.40877914951989025, 0.41778818022235226]"
org.joda.time.field.TestPreciseDateTimeField.test_getMinimumValue,0.02040816326530612,0.013411744408036164,0.009362200117027502,0.08047046644821698,0.012395246029647757,0.012873607405959662,0.003959949770420197,2.4285714285714284,1.4753107701621586,0.40877914951989025,8.851864620972952,0.8561084100853099,1.1553580584707441,0.8518861001192893,"[""TestPreciseDateTimeField"", ""TestPreciseDateTimeField$MockPreciseDateTimeField"", ""BaseDateTimeField"", ""PreciseDateTimeField"", ""DateTimeFieldType"", ""BaseDurationField"", ""DurationFieldType"", ""TestPreciseDateTimeField$MockCountingDurationField""]","[0.02040816326530612, 0.016693163751987282, 0.012718600953895072, 0.011686143572621035, 0.009602194787379973, 0.009362200117027502]","[2.4285714285714284, 2.1089030206677264, 1.1764705882352942, 2.3113522537562603, 0.40877914951989025, 0.41778818022235226]"
org.joda.time.field.TestPreciseDateTimeField.test_set_long_int,0.02040816326530612,0.013411744408036164,0.009362200117027502,0.08047046644821698,0.012395246029647757,0.012873607405959662,0.003959949770420197,2.4285714285714284,1.4753107701621586,0.40877914951989025,8.851864620972952,0.8561084100853099,1.1553580584707441,0.8518861001192893,"[""TestPreciseDateTimeField"", ""TestPreciseDateTimeField$MockPreciseDateTimeField"", ""BaseDateTimeField"", ""PreciseDateTimeField"", ""DateTimeFieldType"", ""BaseDurationField"", ""DurationFieldType"", ""TestPreciseDateTimeField$MockCountingDurationField""]","[0.02040816326530612, 0.016693163751987282, 0.012718600953895072, 0.011686143572621035, 0.009602194787379973, 0.009362200117027502]","[2.4285714285714284, 2.1089030206677264, 1.1764705882352942, 2.3113522537562603, 0.40877914951989025, 0.41778818022235226]"
org.joda.time.field.TestPreciseDateTimeField.test_getMaximumValue_long,0.02040816326530612,0.013411744408036164,0.009362200117027502,0.08047046644821698,0.012395246029647757,0.012873607405959662,0.003959949770420197,2.4285714285714284,1.4753107701621586,0.40877914951989025,8.851864620972952,0.8561084100853099,1.1553580584707441,0.8518861001192893,"[""TestPreciseDateTimeField"", ""TestPreciseDateTimeField$MockPreciseDateTimeField"", ""BaseDateTimeField"", ""PreciseDateTimeField"", ""DateTimeFieldType"", ""BaseDurationField"", ""DurationFieldType"", ""TestPreciseDateTimeField$MockCountingDurationField""]","[0.02040816326530612, 0.016693163751987282, 0.012718600953895072, 0.011686143572621035, 0.009602194787379973, 0.009362200117027502]","[2.4285714285714284, 2.1089030206677264, 1.1764705882352942, 2.3113522537562603, 0.40877914951989025, 0.41778818022235226]"
org.joda.time.field.TestPreciseDateTimeField.test_getMaximumTextLength_Locale,0.02040816326530612,0.013411744408036164,0.009362200117027502,0.08047046644821698,0.012395246029647757,0.012873607405959662,0.003959949770420197,2.4285714285714284,1.4753107701621586,0.40877914951989025,8.851864620972952,0.8561084100853099,1.1553580584707441,0.8518861001192893,"[""TestPreciseDateTimeField"", ""TestPreciseDateTimeField$MockPreciseDateTimeField"", ""BaseDateTimeField"", ""PreciseDateTimeField"", ""DateTimeFieldType"", ""BaseDurationField"", ""DurationFieldType"", ""TestPreciseDateTimeField$MockCountingDurationField""]","[0.02040816326530612, 0.016693163751987282, 0.012718600953895072, 0.011686143572621035, 0.009602194787379973, 0.009362200117027502]","[2.4285714285714284, 2.1089030206677264, 1.1764705882352942, 2.3113522537562603, 0.40877914951989025, 0.41778818022235226]"
org.joda.time.field.TestPreciseDateTimeField.test_getMaximumShortTextLength_Locale,0.02040816326530612,0.013411744408036164,0.009362200117027502,0.08047046644821698,0.012395246029647757,0.012873607405959662,0.003959949770420197,2.4285714285714284,1.4753107701621586,0.40877914951989025,8.851864620972952,0.8561084100853099,1.1553580584707441,0.8518861001192893,"[""TestPreciseDateTimeField"", ""TestPreciseDateTimeField$MockPreciseDateTimeField"", ""BaseDateTimeField"", ""PreciseDateTimeField"", ""DateTimeFieldType"", ""BaseDurationField"", ""DurationFieldType"", ""TestPreciseDateTimeField$MockCountingDurationField""]","[0.02040816326530612, 0.016693163751987282, 0.012718600953895072, 0.011686143572621035, 0.009602194787379973, 0.009362200117027502]","[2.4285714285714284, 2.1089030206677264, 1.1764705882352942, 2.3113522537562603, 0.40877914951989025, 0.41778818022235226]"
org.joda.time.field.TestPreciseDateTimeField.test_getDifferenceAsLong_long_long,0.02040816326530612,0.013411744408036164,0.009362200117027502,0.08047046644821698,0.012395246029647757,0.012873607405959662,0.003959949770420197,2.4285714285714284,1.4753107701621586,0.40877914951989025,8.851864620972952,0.8561084100853099,1.1553580584707441,0.8518861001192893,"[""TestPreciseDateTimeField"", ""TestPreciseDateTimeField$MockPreciseDateTimeField"", ""BaseDateTimeField"", ""PreciseDateTimeField"", ""DateTimeFieldType"", ""BaseDurationField"", ""DurationFieldType"", ""TestPreciseDateTimeField$MockCountingDurationField""]","[0.02040816326530612, 0.016693163751987282, 0.012718600953895072, 0.011686143572621035, 0.009602194787379973, 0.009362200117027502]","[2.4285714285714284, 2.1089030206677264, 1.1764705882352942, 2.3113522537562603, 0.40877914951989025, 0.41778818022235226]"
org.joda.time.field.TestPreciseDateTimeField.test_add_long_int,0.02040816326530612,0.013411744408036164,0.009362200117027502,0.08047046644821698,0.012395246029647757,0.012873607405959662,0.003959949770420197,2.4285714285714284,1.4753107701621586,0.40877914951989025,8.851864620972952,0.8561084100853099,1.1553580584707441,0.8518861001192893,"[""TestPreciseDateTimeField"", ""TestPreciseDateTimeField$MockPreciseDateTimeField"", ""BaseDateTimeField"", ""PreciseDateTimeField"", ""DateTimeFieldType"", ""BaseDurationField"", ""DurationFieldType"", ""TestPreciseDateTimeField$MockCountingDurationField""]","[0.02040816326530612, 0.016693163751987282, 0.012718600953895072, 0.011686143572621035, 0.009602194787379973, 0.009362200117027502]","[2.4285714285714284, 2.1089030206677264, 1.1764705882352942, 2.3113522537562603, 0.40877914951989025, 0.41778818022235226]"
org.joda.time.field.TestPreciseDateTimeField.test_roundHalfEven_long,0.02040816326530612,0.013411744408036164,0.009362200117027502,0.08047046644821698,0.012395246029647757,0.012873607405959662,0.003959949770420197,2.4285714285714284,1.4753107701621586,0.40877914951989025,8.851864620972952,0.8561084100853099,1.1553580584707441,0.8518861001192893,"[""TestPreciseDateTimeField"", ""TestPreciseDateTimeField$MockPreciseDateTimeField"", ""BaseDateTimeField"", ""PreciseDateTimeField"", ""DateTimeFieldType"", ""BaseDurationField"", ""DurationFieldType"", ""TestPreciseDateTimeField$MockCountingDurationField""]","[0.02040816326530612, 0.016693163751987282, 0.012718600953895072, 0.011686143572621035, 0.009602194787379973, 0.009362200117027502]","[2.4285714285714284, 2.1089030206677264, 1.1764705882352942, 2.3113522537562603, 0.40877914951989025, 0.41778818022235226]"
org.joda.time.field.TestPreciseDateTimeField.test_getAsShortText_long_Locale,0.02040816326530612,0.013411744408036164,0.009362200117027502,0.08047046644821698,0.012395246029647757,0.012873607405959662,0.003959949770420197,2.4285714285714284,1.4753107701621586,0.40877914951989025,8.851864620972952,0.8561084100853099,1.1553580584707441,0.8518861001192893,"[""TestPreciseDateTimeField"", ""TestPreciseDateTimeField$MockPreciseDateTimeField"", ""BaseDateTimeField"", ""PreciseDateTimeField"", ""DateTimeFieldType"", ""BaseDurationField"", ""DurationFieldType"", ""TestPreciseDateTimeField$MockCountingDurationField""]","[0.02040816326530612, 0.016693163751987282, 0.012718600953895072, 0.011686143572621035, 0.009602194787379973, 0.009362200117027502]","[2.4285714285714284, 2.1089030206677264, 1.1764705882352942, 2.3113522537562603, 0.40877914951989025, 0.41778818022235226]"
org.joda.time.field.TestPreciseDateTimeField.test_remainder_long,0.02040816326530612,0.013411744408036164,0.009362200117027502,0.08047046644821698,0.012395246029647757,0.012873607405959662,0.003959949770420197,2.4285714285714284,1.4753107701621586,0.40877914951989025,8.851864620972952,0.8561084100853099,1.1553580584707441,0.8518861001192893,"[""TestPreciseDateTimeField"", ""TestPreciseDateTimeField$MockPreciseDateTimeField"", ""BaseDateTimeField"", ""PreciseDateTimeField"", ""DateTimeFieldType"", ""BaseDurationField"", ""DurationFieldType"", ""TestPreciseDateTimeField$MockCountingDurationField""]","[0.02040816326530612, 0.016693163751987282, 0.012718600953895072, 0.011686143572621035, 0.009602194787379973, 0.009362200117027502]","[2.4285714285714284, 2.1089030206677264, 1.1764705882352942, 2.3113522537562603, 0.40877914951989025, 0.41778818022235226]"
org.joda.time.field.TestPreciseDateTimeField.test_getAsText_long,0.02040816326530612,0.013411744408036164,0.009362200117027502,0.08047046644821698,0.012395246029647757,0.012873607405959662,0.003959949770420197,2.4285714285714284,1.4753107701621586,0.40877914951989025,8.851864620972952,0.8561084100853099,1.1553580584707441,0.8518861001192893,"[""TestPreciseDateTimeField"", ""TestPreciseDateTimeField$MockPreciseDateTimeField"", ""BaseDateTimeField"", ""PreciseDateTimeField"", ""DateTimeFieldType"", ""BaseDurationField"", ""DurationFieldType"", ""TestPreciseDateTimeField$MockCountingDurationField""]","[0.02040816326530612, 0.016693163751987282, 0.012718600953895072, 0.011686143572621035, 0.009602194787379973, 0.009362200117027502]","[2.4285714285714284, 2.1089030206677264, 1.1764705882352942, 2.3113522537562603, 0.40877914951989025, 0.41778818022235226]"
org.joda.time.field.TestPreciseDateTimeField.test_roundFloor_long,0.02040816326530612,0.013411744408036164,0.009362200117027502,0.08047046644821698,0.012395246029647757,0.012873607405959662,0.003959949770420197,2.4285714285714284,1.4753107701621586,0.40877914951989025,8.851864620972952,0.8561084100853099,1.1553580584707441,0.8518861001192893,"[""TestPreciseDateTimeField"", ""TestPreciseDateTimeField$MockPreciseDateTimeField"", ""BaseDateTimeField"", ""PreciseDateTimeField"", ""DateTimeFieldType"", ""BaseDurationField"", ""DurationFieldType"", ""TestPreciseDateTimeField$MockCountingDurationField""]","[0.02040816326530612, 0.016693163751987282, 0.012718600953895072, 0.011686143572621035, 0.009602194787379973, 0.009362200117027502]","[2.4285714285714284, 2.1089030206677264, 1.1764705882352942, 2.3113522537562603, 0.40877914951989025, 0.41778818022235226]"
org.joda.time.field.TestPreciseDateTimeField.test_addWrapField_long_int,0.02040816326530612,0.013411744408036164,0.009362200117027502,0.08047046644821698,0.012395246029647757,0.012873607405959662,0.003959949770420197,2.4285714285714284,1.4753107701621586,0.40877914951989025,8.851864620972952,0.8561084100853099,1.1553580584707441,0.8518861001192893,"[""TestPreciseDateTimeField"", ""TestPreciseDateTimeField$MockPreciseDateTimeField"", ""BaseDateTimeField"", ""PreciseDateTimeField"", ""DateTimeFieldType"", ""BaseDurationField"", ""DurationFieldType"", ""TestPreciseDateTimeField$MockCountingDurationField""]","[0.02040816326530612, 0.016693163751987282, 0.012718600953895072, 0.011686143572621035, 0.009602194787379973, 0.009362200117027502]","[2.4285714285714284, 2.1089030206677264, 1.1764705882352942, 2.3113522537562603, 0.40877914951989025, 0.41778818022235226]"
org.joda.time.field.TestPreciseDateTimeField.test_getLeapAmount_long,0.02040816326530612,0.013411744408036164,0.009362200117027502,0.08047046644821698,0.012395246029647757,0.012873607405959662,0.003959949770420197,2.4285714285714284,1.4753107701621586,0.40877914951989025,8.851864620972952,0.8561084100853099,1.1553580584707441,0.8518861001192893,"[""TestPreciseDateTimeField"", ""TestPreciseDateTimeField$MockPreciseDateTimeField"", ""BaseDateTimeField"", ""PreciseDateTimeField"", ""DateTimeFieldType"", ""BaseDurationField"", ""DurationFieldType"", ""TestPreciseDateTimeField$MockCountingDurationField""]","[0.02040816326530612, 0.016693163751987282, 0.012718600953895072, 0.011686143572621035, 0.009602194787379973, 0.009362200117027502]","[2.4285714285714284, 2.1089030206677264, 1.1764705882352942, 2.3113522537562603, 0.40877914951989025, 0.41778818022235226]"
org.joda.time.field.TestPreciseDateTimeField.test_convertText,0.02040816326530612,0.013411744408036164,0.009362200117027502,0.08047046644821698,0.012395246029647757,0.012873607405959662,0.003959949770420197,2.4285714285714284,1.4753107701621586,0.40877914951989025,8.851864620972952,0.8561084100853099,1.1553580584707441,0.8518861001192893,"[""TestPreciseDateTimeField"", ""TestPreciseDateTimeField$MockPreciseDateTimeField"", ""BaseDateTimeField"", ""PreciseDateTimeField"", ""DateTimeFieldType"", ""BaseDurationField"", ""DurationFieldType"", ""TestPreciseDateTimeField$MockCountingDurationField""]","[0.02040816326530612, 0.016693163751987282, 0.012718600953895072, 0.011686143572621035, 0.009602194787379973, 0.009362200117027502]","[2.4285714285714284, 2.1089030206677264, 1.1764705882352942, 2.3113522537562603, 0.40877914951989025, 0.41778818022235226]"
org.joda.time.field.TestPreciseDateTimeField.test_getAsText_long_Locale,0.02040816326530612,0.013411744408036164,0.009362200117027502,0.08047046644821698,0.012395246029647757,0.012873607405959662,0.003959949770420197,2.4285714285714284,1.4753107701621586,0.40877914951989025,8.851864620972952,0.8561084100853099,1.1553580584707441,0.8518861001192893,"[""TestPreciseDateTimeField"", ""TestPreciseDateTimeField$MockPreciseDateTimeField"", ""BaseDateTimeField"", ""PreciseDateTimeField"", ""DateTimeFieldType"", ""BaseDurationField"", ""DurationFieldType"", ""TestPreciseDateTimeField$MockCountingDurationField""]","[0.02040816326530612, 0.016693163751987282, 0.012718600953895072, 0.011686143572621035, 0.009602194787379973, 0.009362200117027502]","[2.4285714285714284, 2.1089030206677264, 1.1764705882352942, 2.3113522537562603, 0.40877914951989025, 0.41778818022235226]"
org.joda.time.field.TestPreciseDateTimeField.test_roundHalfFloor_long,0.02040816326530612,0.013411744408036164,0.009362200117027502,0.08047046644821698,0.012395246029647757,0.012873607405959662,0.003959949770420197,2.4285714285714284,1.4753107701621586,0.40877914951989025,8.851864620972952,0.8561084100853099,1.1553580584707441,0.8518861001192893,"[""TestPreciseDateTimeField"", ""TestPreciseDateTimeField$MockPreciseDateTimeField"", ""BaseDateTimeField"", ""PreciseDateTimeField"", ""DateTimeFieldType"", ""BaseDurationField"", ""DurationFieldType"", ""TestPreciseDateTimeField$MockCountingDurationField""]","[0.02040816326530612, 0.016693163751987282, 0.012718600953895072, 0.011686143572621035, 0.009602194787379973, 0.009362200117027502]","[2.4285714285714284, 2.1089030206677264, 1.1764705882352942, 2.3113522537562603, 0.40877914951989025, 0.41778818022235226]"
org.joda.time.field.TestPreciseDateTimeField.test_getAsShortText_int_Locale,0.02040816326530612,0.013411744408036164,0.009362200117027502,0.08047046644821698,0.012395246029647757,0.012873607405959662,0.003959949770420197,2.4285714285714284,1.4753107701621586,0.40877914951989025,8.851864620972952,0.8561084100853099,1.1553580584707441,0.8518861001192893,"[""TestPreciseDateTimeField"", ""TestPreciseDateTimeField$MockPreciseDateTimeField"", ""BaseDateTimeField"", ""PreciseDateTimeField"", ""DateTimeFieldType"", ""BaseDurationField"", ""DurationFieldType"", ""TestPreciseDateTimeField$MockCountingDurationField""]","[0.02040816326530612, 0.016693163751987282, 0.012718600953895072, 0.011686143572621035, 0.009602194787379973, 0.009362200117027502]","[2.4285714285714284, 2.1089030206677264, 1.1764705882352942, 2.3113522537562603, 0.40877914951989025, 0.41778818022235226]"
org.joda.time.field.TestPreciseDateTimeField.test_getAsShortText_long,0.02040816326530612,0.013411744408036164,0.009362200117027502,0.08047046644821698,0.012395246029647757,0.012873607405959662,0.003959949770420197,2.4285714285714284,1.4753107701621586,0.40877914951989025,8.851864620972952,0.8561084100853099,1.1553580584707441,0.8518861001192893,"[""TestPreciseDateTimeField"", ""TestPreciseDateTimeField$MockPreciseDateTimeField"", ""BaseDateTimeField"", ""PreciseDateTimeField"", ""DateTimeFieldType"", ""BaseDurationField"", ""DurationFieldType"", ""TestPreciseDateTimeField$MockCountingDurationField""]","[0.02040816326530612, 0.016693163751987282, 0.012718600953895072, 0.011686143572621035, 0.009602194787379973, 0.009362200117027502]","[2.4285714285714284, 2.1089030206677264, 1.1764705882352942, 2.3113522537562603, 0.40877914951989025, 0.41778818022235226]"
org.joda.time.field.TestPreciseDateTimeField.test_add_long_long,0.02040816326530612,0.013411744408036164,0.009362200117027502,0.08047046644821698,0.012395246029647757,0.012873607405959662,0.003959949770420197,2.4285714285714284,1.4753107701621586,0.40877914951989025,8.851864620972952,0.8561084100853099,1.1553580584707441,0.8518861001192893,"[""TestPreciseDateTimeField"", ""TestPreciseDateTimeField$MockPreciseDateTimeField"", ""BaseDateTimeField"", ""PreciseDateTimeField"", ""DateTimeFieldType"", ""BaseDurationField"", ""DurationFieldType"", ""TestPreciseDateTimeField$MockCountingDurationField""]","[0.02040816326530612, 0.016693163751987282, 0.012718600953895072, 0.011686143572621035, 0.009602194787379973, 0.009362200117027502]","[2.4285714285714284, 2.1089030206677264, 1.1764705882352942, 2.3113522537562603, 0.40877914951989025, 0.41778818022235226]"
org.joda.time.field.TestPreciseDateTimeField.test_set_long_String_Locale,0.02040816326530612,0.013411744408036164,0.009362200117027502,0.08047046644821698,0.012395246029647757,0.012873607405959662,0.003959949770420197,2.4285714285714284,1.4753107701621586,0.40877914951989025,8.851864620972952,0.8561084100853099,1.1553580584707441,0.8518861001192893,"[""TestPreciseDateTimeField"", ""TestPreciseDateTimeField$MockPreciseDateTimeField"", ""BaseDateTimeField"", ""PreciseDateTimeField"", ""DateTimeFieldType"", ""BaseDurationField"", ""DurationFieldType"", ""TestPreciseDateTimeField$MockCountingDurationField""]","[0.02040816326530612, 0.016693163751987282, 0.012718600953895072, 0.011686143572621035, 0.009602194787379973, 0.009362200117027502]","[2.4285714285714284, 2.1089030206677264, 1.1764705882352942, 2.3113522537562603, 0.40877914951989025, 0.41778818022235226]"
org.joda.time.field.TestPreciseDateTimeField.test_getMaximumValue,0.02040816326530612,0.013411744408036164,0.009362200117027502,0.08047046644821698,0.012395246029647757,0.012873607405959662,0.003959949770420197,2.4285714285714284,1.4753107701621586,0.40877914951989025,8.851864620972952,0.8561084100853099,1.1553580584707441,0.8518861001192893,"[""TestPreciseDateTimeField"", ""TestPreciseDateTimeField$MockPreciseDateTimeField"", ""BaseDateTimeField"", ""PreciseDateTimeField"", ""DateTimeFieldType"", ""BaseDurationField"", ""DurationFieldType"", ""TestPreciseDateTimeField$MockCountingDurationField""]","[0.02040816326530612, 0.016693163751987282, 0.012718600953895072, 0.011686143572621035, 0.009602194787379973, 0.009362200117027502]","[2.4285714285714284, 2.1089030206677264, 1.1764705882352942, 2.3113522537562603, 0.40877914951989025, 0.41778818022235226]"
org.joda.time.field.TestPreciseDateTimeField.test_roundHalfCeiling_long,0.02040816326530612,0.013411744408036164,0.009362200117027502,0.08047046644821698,0.012395246029647757,0.012873607405959662,0.003959949770420197,2.4285714285714284,1.4753107701621586,0.40877914951989025,8.851864620972952,0.8561084100853099,1.1553580584707441,0.8518861001192893,"[""TestPreciseDateTimeField"", ""TestPreciseDateTimeField$MockPreciseDateTimeField"", ""BaseDateTimeField"", ""PreciseDateTimeField"", ""DateTimeFieldType"", ""BaseDurationField"", ""DurationFieldType"", ""TestPreciseDateTimeField$MockCountingDurationField""]","[0.02040816326530612, 0.016693163751987282, 0.012718600953895072, 0.011686143572621035, 0.009602194787379973, 0.009362200117027502]","[2.4285714285714284, 2.1089030206677264, 1.1764705882352942, 2.3113522537562603, 0.40877914951989025, 0.41778818022235226]"
org.joda.time.field.TestPreciseDateTimeField.test_getAsText_int_Locale,0.02040816326530612,0.013411744408036164,0.009362200117027502,0.08047046644821698,0.012395246029647757,0.012873607405959662,0.003959949770420197,2.4285714285714284,1.4753107701621586,0.40877914951989025,8.851864620972952,0.8561084100853099,1.1553580584707441,0.8518861001192893,"[""TestPreciseDateTimeField"", ""TestPreciseDateTimeField$MockPreciseDateTimeField"", ""BaseDateTimeField"", ""PreciseDateTimeField"", ""DateTimeFieldType"", ""BaseDurationField"", ""DurationFieldType"", ""TestPreciseDateTimeField$MockCountingDurationField""]","[0.02040816326530612, 0.016693163751987282, 0.012718600953895072, 0.011686143572621035, 0.009602194787379973, 0.009362200117027502]","[2.4285714285714284, 2.1089030206677264, 1.1764705882352942, 2.3113522537562603, 0.40877914951989025, 0.41778818022235226]"
org.joda.time.field.TestPreciseDateTimeField.test_roundCeiling_long,0.02040816326530612,0.013411744408036164,0.009362200117027502,0.08047046644821698,0.012395246029647757,0.012873607405959662,0.003959949770420197,2.4285714285714284,1.4753107701621586,0.40877914951989025,8.851864620972952,0.8561084100853099,1.1553580584707441,0.8518861001192893,"[""TestPreciseDateTimeField"", ""TestPreciseDateTimeField$MockPreciseDateTimeField"", ""BaseDateTimeField"", ""PreciseDateTimeField"", ""DateTimeFieldType"", ""BaseDurationField"", ""DurationFieldType"", ""TestPreciseDateTimeField$MockCountingDurationField""]","[0.02040816326530612, 0.016693163751987282, 0.012718600953895072, 0.011686143572621035, 0.009602194787379973, 0.009362200117027502]","[2.4285714285714284, 2.1089030206677264, 1.1764705882352942, 2.3113522537562603, 0.40877914951989025, 0.41778818022235226]"
org.joda.time.field.TestPreciseDateTimeField.test_getLeapDurationField,0.02040816326530612,0.013411744408036164,0.009362200117027502,0.08047046644821698,0.012395246029647757,0.012873607405959662,0.003959949770420197,2.4285714285714284,1.4753107701621586,0.40877914951989025,8.851864620972952,0.8561084100853099,1.1553580584707441,0.8518861001192893,"[""TestPreciseDateTimeField"", ""TestPreciseDateTimeField$MockPreciseDateTimeField"", ""BaseDateTimeField"", ""PreciseDateTimeField"", ""DateTimeFieldType"", ""BaseDurationField"", ""DurationFieldType"", ""TestPreciseDateTimeField$MockCountingDurationField""]","[0.02040816326530612, 0.016693163751987282, 0.012718600953895072, 0.011686143572621035, 0.009602194787379973, 0.009362200117027502]","[2.4285714285714284, 2.1089030206677264, 1.1764705882352942, 2.3113522537562603, 0.40877914951989025, 0.41778818022235226]"
org.joda.time.field.TestPreciseDateTimeField.test_getDifference_long_long,0.02040816326530612,0.013411744408036164,0.009362200117027502,0.08047046644821698,0.012395246029647757,0.012873607405959662,0.003959949770420197,2.4285714285714284,1.4753107701621586,0.40877914951989025,8.851864620972952,0.8561084100853099,1.1553580584707441,0.8518861001192893,"[""TestPreciseDateTimeField"", ""TestPreciseDateTimeField$MockPreciseDateTimeField"", ""BaseDateTimeField"", ""PreciseDateTimeField"", ""DateTimeFieldType"", ""BaseDurationField"", ""DurationFieldType"", ""TestPreciseDateTimeField$MockCountingDurationField""]","[0.02040816326530612, 0.016693163751987282, 0.012718600953895072, 0.011686143572621035, 0.009602194787379973, 0.009362200117027502]","[2.4285714285714284, 2.1089030206677264, 1.1764705882352942, 2.3113522537562603, 0.40877914951989025, 0.41778818022235226]"
org.joda.time.field.TestPreciseDateTimeField.test_set_long_String,0.02040816326530612,0.013411744408036164,0.009362200117027502,0.08047046644821698,0.012395246029647757,0.012873607405959662,0.003959949770420197,2.4285714285714284,1.4753107701621586,0.40877914951989025,8.851864620972952,0.8561084100853099,1.1553580584707441,0.8518861001192893,"[""TestPreciseDateTimeField"", ""TestPreciseDateTimeField$MockPreciseDateTimeField"", ""BaseDateTimeField"", ""PreciseDateTimeField"", ""DateTimeFieldType"", ""BaseDurationField"", ""DurationFieldType"", ""TestPreciseDateTimeField$MockCountingDurationField""]","[0.02040816326530612, 0.016693163751987282, 0.012718600953895072, 0.011686143572621035, 0.009602194787379973, 0.009362200117027502]","[2.4285714285714284, 2.1089030206677264, 1.1764705882352942, 2.3113522537562603, 0.40877914951989025, 0.41778818022235226]"
org.joda.time.TestMutableInterval_Basics.testToString,0.04081632653061224,0.02673676520599198,0.01852958756724447,0.08021029561797594,0.023734869476447425,0.02508235987353322,0.010001278285662692,5.746938775510204,2.950616946639601,1.2755528989838614,8.851850839918804,1.9938603043426681,2.3758080073505954,1.9901820977238855,"[""MutableInterval"", ""TestMutableInterval_Basics"", ""DateTime""]","[0.04081632653061224, 0.020864381520119227, 0.01852958756724447]","[5.746938775510204, 1.8293591654247392, 1.2755528989838614]"
org.joda.time.field.TestUnsupportedDateTimeField.testPublicGetNameMethod,0.02142857142857143,0.01603927264858694,0.00994733762434172,0.0801963632429347,0.01507590386800396,0.01557940502245346,0.00365486081171064,4.760714285714286,2.1678495633564556,0.7466354593329433,10.839247816782278,1.5219987435968414,1.8048307190689756,1.3747519871393363,"[""UnsupportedDateTimeField"", ""UnsupportedDurationField"", ""DateTimeFieldType"", ""DateTimeField"", ""TestUnsupportedDateTimeField""]","[0.02142857142857143, 0.016693163751987282, 0.016383850204798128, 0.01574344023323615, 0.00994733762434172]","[4.760714285714286, 2.1089030206677264, 1.406085430076068, 1.8169096209912536, 0.7466354593329433]"
org.joda.time.TestLocalTime_Constructors.testConstructor_long2,0.05013550135501355,0.04001340285141982,0.029891304347826088,0.08002680570283964,0.03745283886997332,0.03871195590038764,0.010122098503593732,7.333333333333333,6.036231884057971,4.739130434782608,12.072463768115941,5.7575030012004795,5.895220368095308,1.2971014492753623,"[""TestLocalTime_Constructors"", ""LocalTime""]","[0.05013550135501355, 0.029891304347826088]","[7.333333333333333, 4.739130434782608]"
org.joda.time.TestLocalTime_Constructors.testConstructor_ObjectStringEx2,0.05013550135501355,0.04001340285141982,0.029891304347826088,0.08002680570283964,0.03745283886997332,0.03871195590038764,0.010122098503593732,7.333333333333333,6.036231884057971,4.739130434782608,12.072463768115941,5.7575030012004795,5.895220368095308,1.2971014492753623,"[""TestLocalTime_Constructors"", ""LocalTime""]","[0.05013550135501355, 0.029891304347826088]","[7.333333333333333, 4.739130434782608]"
org.joda.time.TestLocalTime_Constructors.testConstructor_ObjectStringEx4,0.05013550135501355,0.04001340285141982,0.029891304347826088,0.08002680570283964,0.03745283886997332,0.03871195590038764,0.010122098503593732,7.333333333333333,6.036231884057971,4.739130434782608,12.072463768115941,5.7575030012004795,5.895220368095308,1.2971014492753623,"[""TestLocalTime_Constructors"", ""LocalTime""]","[0.05013550135501355, 0.029891304347826088]","[7.333333333333333, 4.739130434782608]"
org.joda.time.TestLocalTime_Constructors.testConstructor_ObjectStringEx6,0.05013550135501355,0.04001340285141982,0.029891304347826088,0.08002680570283964,0.03745283886997332,0.03871195590038764,0.010122098503593732,7.333333333333333,6.036231884057971,4.739130434782608,12.072463768115941,5.7575030012004795,5.895220368095308,1.2971014492753623,"[""TestLocalTime_Constructors"", ""LocalTime""]","[0.05013550135501355, 0.029891304347826088]","[7.333333333333333, 4.739130434782608]"
org.joda.time.TestLocalTime_Constructors.testConstructor_int_int_int_int,0.05013550135501355,0.04001340285141982,0.029891304347826088,0.08002680570283964,0.03745283886997332,0.03871195590038764,0.010122098503593732,7.333333333333333,6.036231884057971,4.739130434782608,12.072463768115941,5.7575030012004795,5.895220368095308,1.2971014492753623,"[""TestLocalTime_Constructors"", ""LocalTime""]","[0.05013550135501355, 0.029891304347826088]","[7.333333333333333, 4.739130434782608]"
org.joda.time.TestLocalTime_Constructors.testConstructor_int_int_int_int_Chronology,0.05013550135501355,0.04001340285141982,0.029891304347826088,0.08002680570283964,0.03745283886997332,0.03871195590038764,0.010122098503593732,7.333333333333333,6.036231884057971,4.739130434782608,12.072463768115941,5.7575030012004795,5.895220368095308,1.2971014492753623,"[""TestLocalTime_Constructors"", ""LocalTime""]","[0.05013550135501355, 0.029891304347826088]","[7.333333333333333, 4.739130434782608]"
org.joda.time.TestLocalTime_Constructors.testConstructor_ObjectStringEx3,0.05013550135501355,0.04001340285141982,0.029891304347826088,0.08002680570283964,0.03745283886997332,0.03871195590038764,0.010122098503593732,7.333333333333333,6.036231884057971,4.739130434782608,12.072463768115941,5.7575030012004795,5.895220368095308,1.2971014492753623,"[""TestLocalTime_Constructors"", ""LocalTime""]","[0.05013550135501355, 0.029891304347826088]","[7.333333333333333, 4.739130434782608]"
org.joda.time.TestLocalTime_Constructors.testConstructor,0.05013550135501355,0.04001340285141982,0.029891304347826088,0.08002680570283964,0.03745283886997332,0.03871195590038764,0.010122098503593732,7.333333333333333,6.036231884057971,4.739130434782608,12.072463768115941,5.7575030012004795,5.895220368095308,1.2971014492753623,"[""TestLocalTime_Constructors"", ""LocalTime""]","[0.05013550135501355, 0.029891304347826088]","[7.333333333333333, 4.739130434782608]"
org.joda.time.TestLocalTime_Constructors.testConstructor_long_DateTimeZone,0.05013550135501355,0.04001340285141982,0.029891304347826088,0.08002680570283964,0.03745283886997332,0.03871195590038764,0.010122098503593732,7.333333333333333,6.036231884057971,4.739130434782608,12.072463768115941,5.7575030012004795,5.895220368095308,1.2971014492753623,"[""TestLocalTime_Constructors"", ""LocalTime""]","[0.05013550135501355, 0.029891304347826088]","[7.333333333333333, 4.739130434782608]"
org.joda.time.TestLocalTime_Constructors.testConstructor_nullObject_DateTimeZone,0.05013550135501355,0.04001340285141982,0.029891304347826088,0.08002680570283964,0.03745283886997332,0.03871195590038764,0.010122098503593732,7.333333333333333,6.036231884057971,4.739130434782608,12.072463768115941,5.7575030012004795,5.895220368095308,1.2971014492753623,"[""TestLocalTime_Constructors"", ""LocalTime""]","[0.05013550135501355, 0.029891304347826088]","[7.333333333333333, 4.739130434782608]"
org.joda.time.TestLocalTime_Constructors.testConstructor_int_int,0.05013550135501355,0.04001340285141982,0.029891304347826088,0.08002680570283964,0.03745283886997332,0.03871195590038764,0.010122098503593732,7.333333333333333,6.036231884057971,4.739130434782608,12.072463768115941,5.7575030012004795,5.895220368095308,1.2971014492753623,"[""TestLocalTime_Constructors"", ""LocalTime""]","[0.05013550135501355, 0.029891304347826088]","[7.333333333333333, 4.739130434782608]"
org.joda.time.TestLocalTime_Constructors.testConstructor_ObjectLocalTime,0.05013550135501355,0.04001340285141982,0.029891304347826088,0.08002680570283964,0.03745283886997332,0.03871195590038764,0.010122098503593732,7.333333333333333,6.036231884057971,4.739130434782608,12.072463768115941,5.7575030012004795,5.895220368095308,1.2971014492753623,"[""TestLocalTime_Constructors"", ""LocalTime""]","[0.05013550135501355, 0.029891304347826088]","[7.333333333333333, 4.739130434782608]"
org.joda.time.TestLocalTime_Constructors.testConstructor_Object2_Chronology,0.05013550135501355,0.04001340285141982,0.029891304347826088,0.08002680570283964,0.03745283886997332,0.03871195590038764,0.010122098503593732,7.333333333333333,6.036231884057971,4.739130434782608,12.072463768115941,5.7575030012004795,5.895220368095308,1.2971014492753623,"[""TestLocalTime_Constructors"", ""LocalTime""]","[0.05013550135501355, 0.029891304347826088]","[7.333333333333333, 4.739130434782608]"
org.joda.time.TestLocalTime_Constructors.testConstructor_nullChronology,0.05013550135501355,0.04001340285141982,0.029891304347826088,0.08002680570283964,0.03745283886997332,0.03871195590038764,0.010122098503593732,7.333333333333333,6.036231884057971,4.739130434782608,12.072463768115941,5.7575030012004795,5.895220368095308,1.2971014492753623,"[""TestLocalTime_Constructors"", ""LocalTime""]","[0.05013550135501355, 0.029891304347826088]","[7.333333333333333, 4.739130434782608]"
org.joda.time.TestLocalTime_Constructors.testConstructor_nullObject_nullChronology,0.05013550135501355,0.04001340285141982,0.029891304347826088,0.08002680570283964,0.03745283886997332,0.03871195590038764,0.010122098503593732,7.333333333333333,6.036231884057971,4.739130434782608,12.072463768115941,5.7575030012004795,5.895220368095308,1.2971014492753623,"[""TestLocalTime_Constructors"", ""LocalTime""]","[0.05013550135501355, 0.029891304347826088]","[7.333333333333333, 4.739130434782608]"
org.joda.time.TestLocalTime_Constructors.testConstructor_long_nullDateTimeZone,0.05013550135501355,0.04001340285141982,0.029891304347826088,0.08002680570283964,0.03745283886997332,0.03871195590038764,0.010122098503593732,7.333333333333333,6.036231884057971,4.739130434782608,12.072463768115941,5.7575030012004795,5.895220368095308,1.2971014492753623,"[""TestLocalTime_Constructors"", ""LocalTime""]","[0.05013550135501355, 0.029891304347826088]","[7.333333333333333, 4.739130434782608]"
org.joda.time.TestLocalTime_Constructors.testFactoryMillisOfDay_long_nullChronology,0.05013550135501355,0.04001340285141982,0.029891304347826088,0.08002680570283964,0.03745283886997332,0.03871195590038764,0.010122098503593732,7.333333333333333,6.036231884057971,4.739130434782608,12.072463768115941,5.7575030012004795,5.895220368095308,1.2971014492753623,"[""TestLocalTime_Constructors"", ""LocalTime""]","[0.05013550135501355, 0.029891304347826088]","[7.333333333333333, 4.739130434782608]"
org.joda.time.TestLocalTime_Constructors.testConstructor_ObjectString2,0.05013550135501355,0.04001340285141982,0.029891304347826088,0.08002680570283964,0.03745283886997332,0.03871195590038764,0.010122098503593732,7.333333333333333,6.036231884057971,4.739130434782608,12.072463768115941,5.7575030012004795,5.895220368095308,1.2971014492753623,"[""TestLocalTime_Constructors"", ""LocalTime""]","[0.05013550135501355, 0.029891304347826088]","[7.333333333333333, 4.739130434782608]"
org.joda.time.TestLocalTime_Constructors.testConstructor_ObjectString1,0.05013550135501355,0.04001340285141982,0.029891304347826088,0.08002680570283964,0.03745283886997332,0.03871195590038764,0.010122098503593732,7.333333333333333,6.036231884057971,4.739130434782608,12.072463768115941,5.7575030012004795,5.895220368095308,1.2971014492753623,"[""TestLocalTime_Constructors"", ""LocalTime""]","[0.05013550135501355, 0.029891304347826088]","[7.333333333333333, 4.739130434782608]"
org.joda.time.TestLocalTime_Constructors.testConstructor_long_nullChronology,0.05013550135501355,0.04001340285141982,0.029891304347826088,0.08002680570283964,0.03745283886997332,0.03871195590038764,0.010122098503593732,7.333333333333333,6.036231884057971,4.739130434782608,12.072463768115941,5.7575030012004795,5.895220368095308,1.2971014492753623,"[""TestLocalTime_Constructors"", ""LocalTime""]","[0.05013550135501355, 0.029891304347826088]","[7.333333333333333, 4.739130434782608]"
org.joda.time.TestLocalTime_Constructors.testConstructor_int_int_int_int_nullChronology,0.05013550135501355,0.04001340285141982,0.029891304347826088,0.08002680570283964,0.03745283886997332,0.03871195590038764,0.010122098503593732,7.333333333333333,6.036231884057971,4.739130434782608,12.072463768115941,5.7575030012004795,5.895220368095308,1.2971014492753623,"[""TestLocalTime_Constructors"", ""LocalTime""]","[0.05013550135501355, 0.029891304347826088]","[7.333333333333333, 4.739130434782608]"
org.joda.time.TestLocalTime_Constructors.testConstructor_int_int_int,0.05013550135501355,0.04001340285141982,0.029891304347826088,0.08002680570283964,0.03745283886997332,0.03871195590038764,0.010122098503593732,7.333333333333333,6.036231884057971,4.739130434782608,12.072463768115941,5.7575030012004795,5.895220368095308,1.2971014492753623,"[""TestLocalTime_Constructors"", ""LocalTime""]","[0.05013550135501355, 0.029891304347826088]","[7.333333333333333, 4.739130434782608]"
org.joda.time.TestLocalTime_Constructors.testConstructor_ObjectString_DateTimeZoneLondon,0.05013550135501355,0.04001340285141982,0.029891304347826088,0.08002680570283964,0.03745283886997332,0.03871195590038764,0.010122098503593732,7.333333333333333,6.036231884057971,4.739130434782608,12.072463768115941,5.7575030012004795,5.895220368095308,1.2971014492753623,"[""TestLocalTime_Constructors"", ""LocalTime""]","[0.05013550135501355, 0.029891304347826088]","[7.333333333333333, 4.739130434782608]"
org.joda.time.TestLocalTime_Constructors.testConstructor_long1,0.05013550135501355,0.04001340285141982,0.029891304347826088,0.08002680570283964,0.03745283886997332,0.03871195590038764,0.010122098503593732,7.333333333333333,6.036231884057971,4.739130434782608,12.072463768115941,5.7575030012004795,5.895220368095308,1.2971014492753623,"[""TestLocalTime_Constructors"", ""LocalTime""]","[0.05013550135501355, 0.029891304347826088]","[7.333333333333333, 4.739130434782608]"
org.joda.time.TestLocalTime_Constructors.testConstructor_ObjectStringEx5,0.05013550135501355,0.04001340285141982,0.029891304347826088,0.08002680570283964,0.03745283886997332,0.03871195590038764,0.010122098503593732,7.333333333333333,6.036231884057971,4.739130434782608,12.072463768115941,5.7575030012004795,5.895220368095308,1.2971014492753623,"[""TestLocalTime_Constructors"", ""LocalTime""]","[0.05013550135501355, 0.029891304347826088]","[7.333333333333333, 4.739130434782608]"
org.joda.time.TestLocalTime_Constructors.testConstructor_ObjectStringEx1,0.05013550135501355,0.04001340285141982,0.029891304347826088,0.08002680570283964,0.03745283886997332,0.03871195590038764,0.010122098503593732,7.333333333333333,6.036231884057971,4.739130434782608,12.072463768115941,5.7575030012004795,5.895220368095308,1.2971014492753623,"[""TestLocalTime_Constructors"", ""LocalTime""]","[0.05013550135501355, 0.029891304347826088]","[7.333333333333333, 4.739130434782608]"
org.joda.time.TestLocalTime_Constructors.testConstructor_Chronology,0.05013550135501355,0.04001340285141982,0.029891304347826088,0.08002680570283964,0.03745283886997332,0.03871195590038764,0.010122098503593732,7.333333333333333,6.036231884057971,4.739130434782608,12.072463768115941,5.7575030012004795,5.895220368095308,1.2971014492753623,"[""TestLocalTime_Constructors"", ""LocalTime""]","[0.05013550135501355, 0.029891304347826088]","[7.333333333333333, 4.739130434782608]"
org.joda.time.TestLocalTime_Constructors.testConstructor_ObjectString3,0.05013550135501355,0.04001340285141982,0.029891304347826088,0.08002680570283964,0.03745283886997332,0.03871195590038764,0.010122098503593732,7.333333333333333,6.036231884057971,4.739130434782608,12.072463768115941,5.7575030012004795,5.895220368095308,1.2971014492753623,"[""TestLocalTime_Constructors"", ""LocalTime""]","[0.05013550135501355, 0.029891304347826088]","[7.333333333333333, 4.739130434782608]"
org.joda.time.TestLocalTime_Constructors.testConstructor_nullObject_Chronology,0.05013550135501355,0.04001340285141982,0.029891304347826088,0.08002680570283964,0.03745283886997332,0.03871195590038764,0.010122098503593732,7.333333333333333,6.036231884057971,4.739130434782608,12.072463768115941,5.7575030012004795,5.895220368095308,1.2971014492753623,"[""TestLocalTime_Constructors"", ""LocalTime""]","[0.05013550135501355, 0.029891304347826088]","[7.333333333333333, 4.739130434782608]"
org.joda.time.TestLocalTime_Constructors.testConstantMidnight,0.05013550135501355,0.04001340285141982,0.029891304347826088,0.08002680570283964,0.03745283886997332,0.03871195590038764,0.010122098503593732,7.333333333333333,6.036231884057971,4.739130434782608,12.072463768115941,5.7575030012004795,5.895220368095308,1.2971014492753623,"[""TestLocalTime_Constructors"", ""LocalTime""]","[0.05013550135501355, 0.029891304347826088]","[7.333333333333333, 4.739130434782608]"
org.joda.time.TestLocalTime_Constructors.testParse_noFormatter,0.05013550135501355,0.04001340285141982,0.029891304347826088,0.08002680570283964,0.03745283886997332,0.03871195590038764,0.010122098503593732,7.333333333333333,6.036231884057971,4.739130434782608,12.072463768115941,5.7575030012004795,5.895220368095308,1.2971014492753623,"[""TestLocalTime_Constructors"", ""LocalTime""]","[0.05013550135501355, 0.029891304347826088]","[7.333333333333333, 4.739130434782608]"
org.joda.time.TestLocalTime_Constructors.testFactory_FromDateFields_null,0.05013550135501355,0.04001340285141982,0.029891304347826088,0.08002680570283964,0.03745283886997332,0.03871195590038764,0.010122098503593732,7.333333333333333,6.036231884057971,4.739130434782608,12.072463768115941,5.7575030012004795,5.895220368095308,1.2971014492753623,"[""TestLocalTime_Constructors"", ""LocalTime""]","[0.05013550135501355, 0.029891304347826088]","[7.333333333333333, 4.739130434782608]"
org.joda.time.TestLocalTime_Constructors.testFactoryMillisOfDay_long,0.05013550135501355,0.04001340285141982,0.029891304347826088,0.08002680570283964,0.03745283886997332,0.03871195590038764,0.010122098503593732,7.333333333333333,6.036231884057971,4.739130434782608,12.072463768115941,5.7575030012004795,5.895220368095308,1.2971014492753623,"[""TestLocalTime_Constructors"", ""LocalTime""]","[0.05013550135501355, 0.029891304347826088]","[7.333333333333333, 4.739130434782608]"
org.joda.time.TestLocalTime_Constructors.testConstructor_ObjectString_DateTimeZoneTokyo,0.05013550135501355,0.04001340285141982,0.029891304347826088,0.08002680570283964,0.03745283886997332,0.03871195590038764,0.010122098503593732,7.333333333333333,6.036231884057971,4.739130434782608,12.072463768115941,5.7575030012004795,5.895220368095308,1.2971014492753623,"[""TestLocalTime_Constructors"", ""LocalTime""]","[0.05013550135501355, 0.029891304347826088]","[7.333333333333333, 4.739130434782608]"
org.joda.time.TestLocalTime_Constructors.testConstructor_nullObject,0.05013550135501355,0.04001340285141982,0.029891304347826088,0.08002680570283964,0.03745283886997332,0.03871195590038764,0.010122098503593732,7.333333333333333,6.036231884057971,4.739130434782608,12.072463768115941,5.7575030012004795,5.895220368095308,1.2971014492753623,"[""TestLocalTime_Constructors"", ""LocalTime""]","[0.05013550135501355, 0.029891304347826088]","[7.333333333333333, 4.739130434782608]"
org.joda.time.TestLocalTime_Constructors.testConstructor_long2_Chronology,0.05013550135501355,0.04001340285141982,0.029891304347826088,0.08002680570283964,0.03745283886997332,0.03871195590038764,0.010122098503593732,7.333333333333333,6.036231884057971,4.739130434782608,12.072463768115941,5.7575030012004795,5.895220368095308,1.2971014492753623,"[""TestLocalTime_Constructors"", ""LocalTime""]","[0.05013550135501355, 0.029891304347826088]","[7.333333333333333, 4.739130434782608]"
org.joda.time.TestLocalTime_Constructors.testConstructor_nullObject_nullDateTimeZone,0.05013550135501355,0.04001340285141982,0.029891304347826088,0.08002680570283964,0.03745283886997332,0.03871195590038764,0.010122098503593732,7.333333333333333,6.036231884057971,4.739130434782608,12.072463768115941,5.7575030012004795,5.895220368095308,1.2971014492753623,"[""TestLocalTime_Constructors"", ""LocalTime""]","[0.05013550135501355, 0.029891304347826088]","[7.333333333333333, 4.739130434782608]"
org.joda.time.TestLocalTime_Constructors.testConstructor_ObjectString4,0.05013550135501355,0.04001340285141982,0.029891304347826088,0.08002680570283964,0.03745283886997332,0.03871195590038764,0.010122098503593732,7.333333333333333,6.036231884057971,4.739130434782608,12.072463768115941,5.7575030012004795,5.895220368095308,1.2971014492753623,"[""TestLocalTime_Constructors"", ""LocalTime""]","[0.05013550135501355, 0.029891304347826088]","[7.333333333333333, 4.739130434782608]"
org.joda.time.TestLocalTime_Constructors.testConstructor_ObjectString_DateTimeZoneNewYork,0.05013550135501355,0.04001340285141982,0.029891304347826088,0.08002680570283964,0.03745283886997332,0.03871195590038764,0.010122098503593732,7.333333333333333,6.036231884057971,4.739130434782608,12.072463768115941,5.7575030012004795,5.895220368095308,1.2971014492753623,"[""TestLocalTime_Constructors"", ""LocalTime""]","[0.05013550135501355, 0.029891304347826088]","[7.333333333333333, 4.739130434782608]"
org.joda.time.TestLocalTime_Constructors.testFactoryMillisOfDay_long_Chronology,0.05013550135501355,0.04001340285141982,0.029891304347826088,0.08002680570283964,0.03745283886997332,0.03871195590038764,0.010122098503593732,7.333333333333333,6.036231884057971,4.739130434782608,12.072463768115941,5.7575030012004795,5.895220368095308,1.2971014492753623,"[""TestLocalTime_Constructors"", ""LocalTime""]","[0.05013550135501355, 0.029891304347826088]","[7.333333333333333, 4.739130434782608]"
org.joda.time.TestLocalTime_Constructors.testConstructor_long1_Chronology,0.05013550135501355,0.04001340285141982,0.029891304347826088,0.08002680570283964,0.03745283886997332,0.03871195590038764,0.010122098503593732,7.333333333333333,6.036231884057971,4.739130434782608,12.072463768115941,5.7575030012004795,5.895220368095308,1.2971014492753623,"[""TestLocalTime_Constructors"", ""LocalTime""]","[0.05013550135501355, 0.029891304347826088]","[7.333333333333333, 4.739130434782608]"
org.joda.time.TestMutableDateTime_Constructors.testConstructor_badconverterObject,0.03498542274052478,0.019953901653849363,0.012702893436838392,0.07981560661539745,0.017251805620528738,0.018400361157641452,0.008789155236222555,4.066472303206997,1.9579743687810074,0.7008746355685131,7.83189747512403,1.3402058024309735,1.6063119212650356,1.266132014794912,"[""Integer"", ""TestMutableDateTime_Constructors"", ""MutableDateTime"", ""ISOChronology"", ""ConverterManager""]","[0.03498542274052478, 0.016383850204798128, 0.01574344023323615, 0.012702893436838392]","[4.066472303206997, 1.4230544177881803, 0.7008746355685131, 1.6414961185603387]"
org.joda.time.TestInterval_Constructors.testConstructor_RI_RI_instant,0.022713687985654513,0.019944209765155207,0.01574344023323615,0.07977683906062083,0.01948675620108235,0.01971910440635004,0.0029303788099723192,2.722953216374269,1.4842508746926377,0.7008746355685131,5.937003498770551,1.1502942181083875,1.2992216661133795,0.778427734514786,"[""Interval"", ""TestInterval_Constructors"", ""ISOChronology"", ""Instant""]","[0.022713687985654513, 0.02266081871345029, 0.018658892128279883, 0.01574344023323615]","[1.5499103407053199, 2.722953216374269, 0.963265306122449, 0.7008746355685131]"
org.joda.time.chrono.TestISOChronology.testDurationFields,0.037317784256559766,0.019909358971467138,0.00994733762434172,0.07963743588586855,0.015937450674961044,0.017656161643444686,0.010373181796180806,3.358600583090379,1.625168772776277,0.689877121123464,6.500675091105108,1.068073041761722,1.298626193985585,1.0897007379367996,"[""TestISOChronology"", ""DateTimeZone"", ""DurationField"", ""ISOChronology""]","[0.037317784256559766, 0.016628873771730914, 0.01574344023323615, 0.00994733762434172]","[3.358600583090379, 1.7513227513227514, 0.7008746355685131, 0.689877121123464]"
org.joda.time.TestPartial_Basics.testGetField,0.024134312696747113,0.01989347589180445,0.016693163751987282,0.0795739035672178,0.019375629855268205,0.01963112098469351,0.0032451294107794207,3.974816369359916,2.58150820996529,0.8456712672521958,10.32603283986116,1.8159819152814607,2.2151659296136597,1.2085359507464974,"[""Partial"", ""DateTimeFieldType"", ""TestPartial_Basics"", ""CopticChronology""]","[0.024134312696747113, 0.021957340025094103, 0.016789087093389297, 0.016693163751987282]","[3.396642182581322, 0.8456712672521958, 3.974816369359916, 2.1089030206677264]"
org.joda.time.TestPartial_Basics.testGetFields,0.024134312696747113,0.01989347589180445,0.016693163751987282,0.0795739035672178,0.019375629855268205,0.01963112098469351,0.0032451294107794207,3.974816369359916,2.58150820996529,0.8456712672521958,10.32603283986116,1.8159819152814607,2.2151659296136597,1.2085359507464974,"[""Partial"", ""DateTimeFieldType"", ""TestPartial_Basics"", ""CopticChronology""]","[0.024134312696747113, 0.021957340025094103, 0.016789087093389297, 0.016693163751987282]","[3.396642182581322, 0.8456712672521958, 3.974816369359916, 2.1089030206677264]"
org.joda.time.TestYearMonthDay_Basics.testSerialization,0.03763440860215054,0.015876540031175616,0.006006006006006006,0.07938270015587807,0.008806788602366987,0.011416264298258849,0.012858675496399987,3.3669354838709675,1.3782730420343916,0.06927710843373494,6.891365210171958,0.1242296383474751,0.3445117924956115,1.594938886493713,"[""YearMonthDay"", ""ByteArrayOutputStream"", ""Arrays"", ""ObjectInputStream"", ""TestYearMonthDay_Basics"", ""ObjectOutputStream"", ""ByteArrayInputStream""]","[0.03763440860215054, 0.023712183156173343, 0.006024096385542169, 0.006006006006006006, 0.006006006006006006]","[3.3669354838709675, 3.295993458708095, 0.06927710843373494, 0.08408408408408409, 0.07507507507507508]"
org.joda.time.TestChronology.testEqualsHashCode_Lenient,0.04081632653061224,0.01981987736662822,0.008777062609713282,0.07927950946651288,0.014615925945975206,0.016745852194969196,0.01238904175821841,5.746938775510204,2.0643508755213755,0.5330602691632533,8.257403502085502,0.9389387835633243,1.286681475063202,2.143946946160213,"[""Object"", ""TestChronology"", ""LenientChronology"", ""ISOChronology"", ""DateTime""]","[0.04081632653061224, 0.01574344023323615, 0.013942680092951201, 0.008777062609713282]","[5.746938775510204, 0.7008746355685131, 1.2765298218435321, 0.5330602691632533]"
org.joda.time.TestYearMonthDay_Basics.testPlusMonths_int,0.03763440860215054,0.02627976770952876,0.01749271137026239,0.07883930312858628,0.023826446442660687,0.024992205832278076,0.008420861384056252,3.3669354838709675,2.5925992490812617,1.114868804664723,7.777797747243786,2.003511252841231,2.3128544323632245,1.0453145116822267,"[""TestYearMonthDay_Basics"", ""BuddhistChronology"", ""YearMonthDay""]","[0.03763440860215054, 0.023712183156173343, 0.01749271137026239]","[3.3669354838709675, 3.295993458708095, 1.114868804664723]"
org.joda.time.TestYearMonthDay_Basics.testMinusDays_int,0.03763440860215054,0.02627976770952876,0.01749271137026239,0.07883930312858628,0.023826446442660687,0.024992205832278076,0.008420861384056252,3.3669354838709675,2.5925992490812617,1.114868804664723,7.777797747243786,2.003511252841231,2.3128544323632245,1.0453145116822267,"[""TestYearMonthDay_Basics"", ""BuddhistChronology"", ""YearMonthDay""]","[0.03763440860215054, 0.023712183156173343, 0.01749271137026239]","[3.3669354838709675, 3.295993458708095, 1.114868804664723]"
org.joda.time.TestYearMonthDay_Basics.testMinusMonths_int,0.03763440860215054,0.02627976770952876,0.01749271137026239,0.07883930312858628,0.023826446442660687,0.024992205832278076,0.008420861384056252,3.3669354838709675,2.5925992490812617,1.114868804664723,7.777797747243786,2.003511252841231,2.3128544323632245,1.0453145116822267,"[""TestYearMonthDay_Basics"", ""BuddhistChronology"", ""YearMonthDay""]","[0.03763440860215054, 0.023712183156173343, 0.01749271137026239]","[3.3669354838709675, 3.295993458708095, 1.114868804664723]"
org.joda.time.TestYearMonthDay_Basics.testPlusDays_int,0.03763440860215054,0.02627976770952876,0.01749271137026239,0.07883930312858628,0.023826446442660687,0.024992205832278076,0.008420861384056252,3.3669354838709675,2.5925992490812617,1.114868804664723,7.777797747243786,2.003511252841231,2.3128544323632245,1.0453145116822267,"[""TestYearMonthDay_Basics"", ""BuddhistChronology"", ""YearMonthDay""]","[0.03763440860215054, 0.023712183156173343, 0.01749271137026239]","[3.3669354838709675, 3.295993458708095, 1.114868804664723]"
org.joda.time.TestYearMonthDay_Basics.testMinusYears_int,0.03763440860215054,0.02627976770952876,0.01749271137026239,0.07883930312858628,0.023826446442660687,0.024992205832278076,0.008420861384056252,3.3669354838709675,2.5925992490812617,1.114868804664723,7.777797747243786,2.003511252841231,2.3128544323632245,1.0453145116822267,"[""TestYearMonthDay_Basics"", ""BuddhistChronology"", ""YearMonthDay""]","[0.03763440860215054, 0.023712183156173343, 0.01749271137026239]","[3.3669354838709675, 3.295993458708095, 1.114868804664723]"
org.joda.time.TestYearMonthDay_Basics.testPlusYears_int,0.03763440860215054,0.02627976770952876,0.01749271137026239,0.07883930312858628,0.023826446442660687,0.024992205832278076,0.008420861384056252,3.3669354838709675,2.5925992490812617,1.114868804664723,7.777797747243786,2.003511252841231,2.3128544323632245,1.0453145116822267,"[""TestYearMonthDay_Basics"", ""BuddhistChronology"", ""YearMonthDay""]","[0.03763440860215054, 0.023712183156173343, 0.01749271137026239]","[3.3669354838709675, 3.295993458708095, 1.114868804664723]"
org.joda.time.TestChronology.testEqualsHashCode_Strict,0.04081632653061224,0.019673592989799666,0.008191925102399064,0.07869437195919866,0.01419385120863647,0.01645949278195137,0.012521315250159976,5.746938775510204,2.0637657380140615,0.5307197191339965,8.255062952056246,0.9371188800448511,1.2852667599224725,2.1443650729864463,"[""StrictChronology"", ""Object"", ""TestChronology"", ""ISOChronology"", ""DateTime""]","[0.04081632653061224, 0.01574344023323615, 0.013942680092951201, 0.008191925102399064]","[5.746938775510204, 0.7008746355685131, 1.2765298218435321, 0.5307197191339965]"
org.joda.time.convert.TestConverterManager.testGetInstantConverterBadMultipleMatches,0.04081632653061224,0.026214688409063405,0.016383850204798128,0.07864406522719021,0.02269820395957558,0.024295050613651437,0.010529541735546754,5.746938775510204,3.6218299922383697,1.4230544177881803,10.865489976715109,2.6147912746014974,3.1148966068318193,1.7659868028631442,"[""TestConverterManager"", ""TestConverterManager$4"", ""Object"", ""DateTime"", ""ConverterManager""]","[0.04081632653061224, 0.021443888491779844, 0.016383850204798128]","[5.746938775510204, 3.695496783416726, 1.4230544177881803]"
org.joda.time.convert.TestConverterManager.testGetPartialConverterBadMultipleMatches,0.04081632653061224,0.026214688409063405,0.016383850204798128,0.07864406522719021,0.02269820395957558,0.024295050613651437,0.010529541735546754,5.746938775510204,3.6218299922383697,1.4230544177881803,10.865489976715109,2.6147912746014974,3.1148966068318193,1.7659868028631442,"[""TestConverterManager"", ""TestConverterManager$9"", ""Object"", ""DateTime"", ""ConverterManager""]","[0.04081632653061224, 0.021443888491779844, 0.016383850204798128]","[5.746938775510204, 3.695496783416726, 1.4230544177881803]"
org.joda.time.TestSerialization.testSerializedTimeOfDay,0.044386422976501305,0.019660781649049462,0.006006006006006006,0.07864312659619785,0.009987915690241085,0.013737636327435698,0.015739597560387574,4.117493472584856,1.6492946038409584,0.07507507507507508,6.5971784153638335,0.1545197400788099,0.49557252725545087,1.6934143060900249,"[""StringBuilder"", ""TimeOfDay"", ""ByteArrayOutputStream"", ""ObjectInputStream"", ""TestSerialization"", ""FileInputStream"", ""ObjectOutputStream"", ""ByteArrayInputStream""]","[0.044386422976501305, 0.022244691607684528, 0.006006006006006006, 0.006006006006006006]","[4.117493472584856, 2.320525783619818, 0.08408408408408409, 0.07507507507507508]"
org.joda.time.TestStringConvert.testLocalDateTime,0.058186738836265225,0.03917401457942293,0.020161290322580645,0.07834802915884587,0.029946375095758752,0.034250835531445374,0.01901272425684229,11.043301759133964,5.959150879566982,0.875,11.918301759133964,1.621521125161437,3.1085187854092533,5.084150879566982,"[""StringConvert"", ""TestStringConvert"", ""LocalDateTime""]","[0.058186738836265225, 0.020161290322580645]","[11.043301759133964, 0.875]"
org.joda.time.TestInterval_Basics.testOverlap_RInterval_null,0.028210838901262063,0.02602461605129497,0.022713687985654513,0.0780738481538849,0.02579380043743872,0.02591120106852953,0.0023809505684163736,5.182628062360802,2.740839670231263,1.4899806076276665,8.222519010693789,1.9876756353838758,2.2874191081613486,1.7267784662352437,"[""Interval"", ""TestInterval_Basics"", ""DateTimeUtils""]","[0.028210838901262063, 0.027149321266968326, 0.022713687985654513]","[5.182628062360802, 1.4899806076276665, 1.5499103407053199]"
org.joda.time.TestInterval_Basics.testIsBeforeNow,0.028210838901262063,0.02602461605129497,0.022713687985654513,0.0780738481538849,0.02579380043743872,0.02591120106852953,0.0023809505684163736,5.182628062360802,2.740839670231263,1.4899806076276665,8.222519010693789,1.9876756353838758,2.2874191081613486,1.7267784662352437,"[""Interval"", ""TestInterval_Basics"", ""DateTimeUtils""]","[0.028210838901262063, 0.027149321266968326, 0.022713687985654513]","[5.182628062360802, 1.4899806076276665, 1.5499103407053199]"
org.joda.time.TestInterval_Basics.testContainsNow,0.028210838901262063,0.02602461605129497,0.022713687985654513,0.0780738481538849,0.02579380043743872,0.02591120106852953,0.0023809505684163736,5.182628062360802,2.740839670231263,1.4899806076276665,8.222519010693789,1.9876756353838758,2.2874191081613486,1.7267784662352437,"[""Interval"", ""TestInterval_Basics"", ""DateTimeUtils""]","[0.028210838901262063, 0.027149321266968326, 0.022713687985654513]","[5.182628062360802, 1.4899806076276665, 1.5499103407053199]"
org.joda.time.TestInterval_Basics.testIsAfter_RInterval_null,0.028210838901262063,0.02602461605129497,0.022713687985654513,0.0780738481538849,0.02579380043743872,0.02591120106852953,0.0023809505684163736,5.182628062360802,2.740839670231263,1.4899806076276665,8.222519010693789,1.9876756353838758,2.2874191081613486,1.7267784662352437,"[""Interval"", ""TestInterval_Basics"", ""DateTimeUtils""]","[0.028210838901262063, 0.027149321266968326, 0.022713687985654513]","[5.182628062360802, 1.4899806076276665, 1.5499103407053199]"
org.joda.time.TestInterval_Basics.testIsAfter_RI_null,0.028210838901262063,0.02602461605129497,0.022713687985654513,0.0780738481538849,0.02579380043743872,0.02591120106852953,0.0023809505684163736,5.182628062360802,2.740839670231263,1.4899806076276665,8.222519010693789,1.9876756353838758,2.2874191081613486,1.7267784662352437,"[""Interval"", ""TestInterval_Basics"", ""DateTimeUtils""]","[0.028210838901262063, 0.027149321266968326, 0.022713687985654513]","[5.182628062360802, 1.4899806076276665, 1.5499103407053199]"
org.joda.time.TestInterval_Basics.testOverlaps_RInterval_null,0.028210838901262063,0.02602461605129497,0.022713687985654513,0.0780738481538849,0.02579380043743872,0.02591120106852953,0.0023809505684163736,5.182628062360802,2.740839670231263,1.4899806076276665,8.222519010693789,1.9876756353838758,2.2874191081613486,1.7267784662352437,"[""Interval"", ""TestInterval_Basics"", ""DateTimeUtils""]","[0.028210838901262063, 0.027149321266968326, 0.022713687985654513]","[5.182628062360802, 1.4899806076276665, 1.5499103407053199]"
org.joda.time.TestInterval_Basics.testIsBefore_RI_null,0.028210838901262063,0.02602461605129497,0.022713687985654513,0.0780738481538849,0.02579380043743872,0.02591120106852953,0.0023809505684163736,5.182628062360802,2.740839670231263,1.4899806076276665,8.222519010693789,1.9876756353838758,2.2874191081613486,1.7267784662352437,"[""Interval"", ""TestInterval_Basics"", ""DateTimeUtils""]","[0.028210838901262063, 0.027149321266968326, 0.022713687985654513]","[5.182628062360802, 1.4899806076276665, 1.5499103407053199]"
org.joda.time.TestInterval_Basics.testIsAfterNow,0.028210838901262063,0.02602461605129497,0.022713687985654513,0.0780738481538849,0.02579380043743872,0.02591120106852953,0.0023809505684163736,5.182628062360802,2.740839670231263,1.4899806076276665,8.222519010693789,1.9876756353838758,2.2874191081613486,1.7267784662352437,"[""Interval"", ""TestInterval_Basics"", ""DateTimeUtils""]","[0.028210838901262063, 0.027149321266968326, 0.022713687985654513]","[5.182628062360802, 1.4899806076276665, 1.5499103407053199]"
org.joda.time.TestInterval_Basics.testGap_RInterval_null,0.028210838901262063,0.02602461605129497,0.022713687985654513,0.0780738481538849,0.02579380043743872,0.02591120106852953,0.0023809505684163736,5.182628062360802,2.740839670231263,1.4899806076276665,8.222519010693789,1.9876756353838758,2.2874191081613486,1.7267784662352437,"[""Interval"", ""TestInterval_Basics"", ""DateTimeUtils""]","[0.028210838901262063, 0.027149321266968326, 0.022713687985654513]","[5.182628062360802, 1.4899806076276665, 1.5499103407053199]"
org.joda.time.TestInterval_Basics.testContains_RI_null,0.028210838901262063,0.02602461605129497,0.022713687985654513,0.0780738481538849,0.02579380043743872,0.02591120106852953,0.0023809505684163736,5.182628062360802,2.740839670231263,1.4899806076276665,8.222519010693789,1.9876756353838758,2.2874191081613486,1.7267784662352437,"[""Interval"", ""TestInterval_Basics"", ""DateTimeUtils""]","[0.028210838901262063, 0.027149321266968326, 0.022713687985654513]","[5.182628062360802, 1.4899806076276665, 1.5499103407053199]"
org.joda.time.TestInterval_Basics.testContains_RInterval_zeroDuration,0.028210838901262063,0.02602461605129497,0.022713687985654513,0.0780738481538849,0.02579380043743872,0.02591120106852953,0.0023809505684163736,5.182628062360802,2.740839670231263,1.4899806076276665,8.222519010693789,1.9876756353838758,2.2874191081613486,1.7267784662352437,"[""DateTimeUtils"", ""TestInterval_Basics"", ""Interval""]","[0.028210838901262063, 0.027149321266968326, 0.022713687985654513]","[5.182628062360802, 1.4899806076276665, 1.5499103407053199]"
org.joda.time.TestInterval_Basics.testIsBefore_RInterval_null,0.028210838901262063,0.02602461605129497,0.022713687985654513,0.0780738481538849,0.02579380043743872,0.02591120106852953,0.0023809505684163736,5.182628062360802,2.740839670231263,1.4899806076276665,8.222519010693789,1.9876756353838758,2.2874191081613486,1.7267784662352437,"[""Interval"", ""TestInterval_Basics"", ""DateTimeUtils""]","[0.028210838901262063, 0.027149321266968326, 0.022713687985654513]","[5.182628062360802, 1.4899806076276665, 1.5499103407053199]"
org.joda.time.TestInterval_Basics.testAbuts_RInterval_null,0.028210838901262063,0.02602461605129497,0.022713687985654513,0.0780738481538849,0.02579380043743872,0.02591120106852953,0.0023809505684163736,5.182628062360802,2.740839670231263,1.4899806076276665,8.222519010693789,1.9876756353838758,2.2874191081613486,1.7267784662352437,"[""Interval"", ""TestInterval_Basics"", ""DateTimeUtils""]","[0.028210838901262063, 0.027149321266968326, 0.022713687985654513]","[5.182628062360802, 1.4899806076276665, 1.5499103407053199]"
org.joda.time.TestInterval_Basics.testContains_RInterval_null,0.028210838901262063,0.02602461605129497,0.022713687985654513,0.0780738481538849,0.02579380043743872,0.02591120106852953,0.0023809505684163736,5.182628062360802,2.740839670231263,1.4899806076276665,8.222519010693789,1.9876756353838758,2.2874191081613486,1.7267784662352437,"[""Interval"", ""TestInterval_Basics"", ""DateTimeUtils""]","[0.028210838901262063, 0.027149321266968326, 0.022713687985654513]","[5.182628062360802, 1.4899806076276665, 1.5499103407053199]"
org.joda.time.TestYearMonthDay_Basics.testWithField4,0.03763440860215054,0.02601325183677039,0.016693163751987282,0.07803975551031117,0.023319335775460456,0.024605475570831776,0.008702686243271508,3.3669354838709675,2.9239439877489297,2.1089030206677264,8.77183196324679,2.7917758925627267,2.860394372089312,0.5770482511593229,"[""DateTimeFieldType"", ""YearMonthDay"", ""TestYearMonthDay_Basics""]","[0.03763440860215054, 0.023712183156173343, 0.016693163751987282]","[3.3669354838709675, 3.295993458708095, 2.1089030206677264]"
org.joda.time.TestYearMonthDay_Basics.testIsSupported,0.03763440860215054,0.02601325183677039,0.016693163751987282,0.07803975551031117,0.023319335775460456,0.024605475570831776,0.008702686243271508,3.3669354838709675,2.9239439877489297,2.1089030206677264,8.77183196324679,2.7917758925627267,2.860394372089312,0.5770482511593229,"[""DateTimeFieldType"", ""YearMonthDay"", ""TestYearMonthDay_Basics""]","[0.03763440860215054, 0.023712183156173343, 0.016693163751987282]","[3.3669354838709675, 3.295993458708095, 2.1089030206677264]"
org.joda.time.TestYearMonthDay_Basics.testGet,0.03763440860215054,0.02601325183677039,0.016693163751987282,0.07803975551031117,0.023319335775460456,0.024605475570831776,0.008702686243271508,3.3669354838709675,2.9239439877489297,2.1089030206677264,8.77183196324679,2.7917758925627267,2.860394372089312,0.5770482511593229,"[""DateTimeFieldType"", ""YearMonthDay"", ""TestYearMonthDay_Basics""]","[0.03763440860215054, 0.023712183156173343, 0.016693163751987282]","[3.3669354838709675, 3.295993458708095, 2.1089030206677264]"
org.joda.time.TestYearMonthDay_Basics.testWithField3,0.03763440860215054,0.02601325183677039,0.016693163751987282,0.07803975551031117,0.023319335775460456,0.024605475570831776,0.008702686243271508,3.3669354838709675,2.9239439877489297,2.1089030206677264,8.77183196324679,2.7917758925627267,2.860394372089312,0.5770482511593229,"[""DateTimeFieldType"", ""YearMonthDay"", ""TestYearMonthDay_Basics""]","[0.03763440860215054, 0.023712183156173343, 0.016693163751987282]","[3.3669354838709675, 3.295993458708095, 2.1089030206677264]"
org.joda.time.TestYearMonthDay_Basics.testGetFieldType,0.03763440860215054,0.02601325183677039,0.016693163751987282,0.07803975551031117,0.023319335775460456,0.024605475570831776,0.008702686243271508,3.3669354838709675,2.9239439877489297,2.1089030206677264,8.77183196324679,2.7917758925627267,2.860394372089312,0.5770482511593229,"[""DateTimeFieldType"", ""YearMonthDay"", ""TestYearMonthDay_Basics""]","[0.03763440860215054, 0.023712183156173343, 0.016693163751987282]","[3.3669354838709675, 3.295993458708095, 2.1089030206677264]"
org.joda.time.TestYearMonthDay_Basics.testWithField1,0.03763440860215054,0.02601325183677039,0.016693163751987282,0.07803975551031117,0.023319335775460456,0.024605475570831776,0.008702686243271508,3.3669354838709675,2.9239439877489297,2.1089030206677264,8.77183196324679,2.7917758925627267,2.860394372089312,0.5770482511593229,"[""DateTimeFieldType"", ""YearMonthDay"", ""TestYearMonthDay_Basics""]","[0.03763440860215054, 0.023712183156173343, 0.016693163751987282]","[3.3669354838709675, 3.295993458708095, 2.1089030206677264]"
org.joda.time.TestYearMonthDay_Basics.testGetFieldTypes,0.03763440860215054,0.02601325183677039,0.016693163751987282,0.07803975551031117,0.023319335775460456,0.024605475570831776,0.008702686243271508,3.3669354838709675,2.9239439877489297,2.1089030206677264,8.77183196324679,2.7917758925627267,2.860394372089312,0.5770482511593229,"[""DateTimeFieldType"", ""YearMonthDay"", ""TestYearMonthDay_Basics""]","[0.03763440860215054, 0.023712183156173343, 0.016693163751987282]","[3.3669354838709675, 3.295993458708095, 2.1089030206677264]"
org.joda.time.TestYearMonthDay_Basics.testProperty,0.03763440860215054,0.02601325183677039,0.016693163751987282,0.07803975551031117,0.023319335775460456,0.024605475570831776,0.008702686243271508,3.3669354838709675,2.9239439877489297,2.1089030206677264,8.77183196324679,2.7917758925627267,2.860394372089312,0.5770482511593229,"[""DateTimeFieldType"", ""YearMonthDay"", ""TestYearMonthDay_Basics""]","[0.03763440860215054, 0.023712183156173343, 0.016693163751987282]","[3.3669354838709675, 3.295993458708095, 2.1089030206677264]"
org.joda.time.TestPeriod_Constructors.testConstructor_long3,0.030927835051546393,0.025987105724232212,0.019867549668874173,0.07796131717269664,0.025109334941939378,0.025556780804622075,0.004591637509473145,5.272393538913363,4.626210771933807,3.7277409860191315,13.87863231580142,4.525519694326832,4.576989191477003,0.6553494905941629,"[""PeriodType"", ""Period"", ""TestPeriod_Constructors""]","[0.030927835051546393, 0.027165932452276064, 0.019867549668874173]","[4.878497790868925, 5.272393538913363, 3.7277409860191315]"
org.joda.time.TestPeriod_Constructors.testConstructor_long_PeriodType_Chronology4,0.030927835051546393,0.025987105724232212,0.019867549668874173,0.07796131717269664,0.025109334941939378,0.025556780804622075,0.004591637509473145,5.272393538913363,4.626210771933807,3.7277409860191315,13.87863231580142,4.525519694326832,4.576989191477003,0.6553494905941629,"[""PeriodType"", ""Period"", ""TestPeriod_Constructors""]","[0.030927835051546393, 0.027165932452276064, 0.019867549668874173]","[4.878497790868925, 5.272393538913363, 3.7277409860191315]"
org.joda.time.TestPeriod_Constructors.testFactoryYears,0.030927835051546393,0.025987105724232212,0.019867549668874173,0.07796131717269664,0.025109334941939378,0.025556780804622075,0.004591637509473145,5.272393538913363,4.626210771933807,3.7277409860191315,13.87863231580142,4.525519694326832,4.576989191477003,0.6553494905941629,"[""PeriodType"", ""Period"", ""TestPeriod_Constructors""]","[0.030927835051546393, 0.027165932452276064, 0.019867549668874173]","[4.878497790868925, 5.272393538913363, 3.7277409860191315]"
org.joda.time.TestPeriod_Constructors.testConstructor_RP_RP_PeriodType5,0.030927835051546393,0.025987105724232212,0.019867549668874173,0.07796131717269664,0.025109334941939378,0.025556780804622075,0.004591637509473145,5.272393538913363,4.626210771933807,3.7277409860191315,13.87863231580142,4.525519694326832,4.576989191477003,0.6553494905941629,"[""PeriodType"", ""Period"", ""TestPeriod_Constructors""]","[0.030927835051546393, 0.027165932452276064, 0.019867549668874173]","[4.878497790868925, 5.272393538913363, 3.7277409860191315]"
org.joda.time.TestPeriod_Constructors.testConstructor_long_PeriodType3,0.030927835051546393,0.025987105724232212,0.019867549668874173,0.07796131717269664,0.025109334941939378,0.025556780804622075,0.004591637509473145,5.272393538913363,4.626210771933807,3.7277409860191315,13.87863231580142,4.525519694326832,4.576989191477003,0.6553494905941629,"[""PeriodType"", ""Period"", ""TestPeriod_Constructors""]","[0.030927835051546393, 0.027165932452276064, 0.019867549668874173]","[4.878497790868925, 5.272393538913363, 3.7277409860191315]"
org.joda.time.TestPeriod_Constructors.testConstructor_long_PeriodType4,0.030927835051546393,0.025987105724232212,0.019867549668874173,0.07796131717269664,0.025109334941939378,0.025556780804622075,0.004591637509473145,5.272393538913363,4.626210771933807,3.7277409860191315,13.87863231580142,4.525519694326832,4.576989191477003,0.6553494905941629,"[""PeriodType"", ""Period"", ""TestPeriod_Constructors""]","[0.030927835051546393, 0.027165932452276064, 0.019867549668874173]","[4.878497790868925, 5.272393538913363, 3.7277409860191315]"
org.joda.time.TestPeriod_Constructors.testConstructor_Object2,0.030927835051546393,0.025987105724232212,0.019867549668874173,0.07796131717269664,0.025109334941939378,0.025556780804622075,0.004591637509473145,5.272393538913363,4.626210771933807,3.7277409860191315,13.87863231580142,4.525519694326832,4.576989191477003,0.6553494905941629,"[""PeriodType"", ""Period"", ""TestPeriod_Constructors""]","[0.030927835051546393, 0.027165932452276064, 0.019867549668874173]","[4.878497790868925, 5.272393538913363, 3.7277409860191315]"
org.joda.time.TestPeriod_Constructors.testConstructor_Object_PeriodType2,0.030927835051546393,0.025987105724232212,0.019867549668874173,0.07796131717269664,0.025109334941939378,0.025556780804622075,0.004591637509473145,5.272393538913363,4.626210771933807,3.7277409860191315,13.87863231580142,4.525519694326832,4.576989191477003,0.6553494905941629,"[""PeriodType"", ""Period"", ""TestPeriod_Constructors""]","[0.030927835051546393, 0.027165932452276064, 0.019867549668874173]","[4.878497790868925, 5.272393538913363, 3.7277409860191315]"
org.joda.time.TestPeriod_Constructors.testFactoryMillis,0.030927835051546393,0.025987105724232212,0.019867549668874173,0.07796131717269664,0.025109334941939378,0.025556780804622075,0.004591637509473145,5.272393538913363,4.626210771933807,3.7277409860191315,13.87863231580142,4.525519694326832,4.576989191477003,0.6553494905941629,"[""PeriodType"", ""Period"", ""TestPeriod_Constructors""]","[0.030927835051546393, 0.027165932452276064, 0.019867549668874173]","[4.878497790868925, 5.272393538913363, 3.7277409860191315]"
org.joda.time.TestPeriod_Constructors.testConstructor_RI_RI_PeriodType5,0.030927835051546393,0.025987105724232212,0.019867549668874173,0.07796131717269664,0.025109334941939378,0.025556780804622075,0.004591637509473145,5.272393538913363,4.626210771933807,3.7277409860191315,13.87863231580142,4.525519694326832,4.576989191477003,0.6553494905941629,"[""PeriodType"", ""Period"", ""TestPeriod_Constructors""]","[0.030927835051546393, 0.027165932452276064, 0.019867549668874173]","[4.878497790868925, 5.272393538913363, 3.7277409860191315]"
org.joda.time.TestPeriod_Constructors.testFactoryMinutes,0.030927835051546393,0.025987105724232212,0.019867549668874173,0.07796131717269664,0.025109334941939378,0.025556780804622075,0.004591637509473145,5.272393538913363,4.626210771933807,3.7277409860191315,13.87863231580142,4.525519694326832,4.576989191477003,0.6553494905941629,"[""PeriodType"", ""Period"", ""TestPeriod_Constructors""]","[0.030927835051546393, 0.027165932452276064, 0.019867549668874173]","[4.878497790868925, 5.272393538913363, 3.7277409860191315]"
org.joda.time.TestPeriod_Constructors.testConstructor_8int__PeriodType3,0.030927835051546393,0.025987105724232212,0.019867549668874173,0.07796131717269664,0.025109334941939378,0.025556780804622075,0.004591637509473145,5.272393538913363,4.626210771933807,3.7277409860191315,13.87863231580142,4.525519694326832,4.576989191477003,0.6553494905941629,"[""PeriodType"", ""Period"", ""TestPeriod_Constructors""]","[0.030927835051546393, 0.027165932452276064, 0.019867549668874173]","[4.878497790868925, 5.272393538913363, 3.7277409860191315]"
org.joda.time.TestPeriod_Constructors.testFactoryDays,0.030927835051546393,0.025987105724232212,0.019867549668874173,0.07796131717269664,0.025109334941939378,0.025556780804622075,0.004591637509473145,5.272393538913363,4.626210771933807,3.7277409860191315,13.87863231580142,4.525519694326832,4.576989191477003,0.6553494905941629,"[""PeriodType"", ""Period"", ""TestPeriod_Constructors""]","[0.030927835051546393, 0.027165932452276064, 0.019867549668874173]","[4.878497790868925, 5.272393538913363, 3.7277409860191315]"
org.joda.time.TestPeriod_Constructors.testConstructor_Object_PeriodType4,0.030927835051546393,0.025987105724232212,0.019867549668874173,0.07796131717269664,0.025109334941939378,0.025556780804622075,0.004591637509473145,5.272393538913363,4.626210771933807,3.7277409860191315,13.87863231580142,4.525519694326832,4.576989191477003,0.6553494905941629,"[""PeriodType"", ""Period"", ""TestPeriod_Constructors""]","[0.030927835051546393, 0.027165932452276064, 0.019867549668874173]","[4.878497790868925, 5.272393538913363, 3.7277409860191315]"
org.joda.time.TestPeriod_Constructors.testConstructor_4int1,0.030927835051546393,0.025987105724232212,0.019867549668874173,0.07796131717269664,0.025109334941939378,0.025556780804622075,0.004591637509473145,5.272393538913363,4.626210771933807,3.7277409860191315,13.87863231580142,4.525519694326832,4.576989191477003,0.6553494905941629,"[""PeriodType"", ""Period"", ""TestPeriod_Constructors""]","[0.030927835051546393, 0.027165932452276064, 0.019867549668874173]","[4.878497790868925, 5.272393538913363, 3.7277409860191315]"
org.joda.time.TestPeriod_Constructors.testConstructor_long_PeriodType_Chronology3,0.030927835051546393,0.025987105724232212,0.019867549668874173,0.07796131717269664,0.025109334941939378,0.025556780804622075,0.004591637509473145,5.272393538913363,4.626210771933807,3.7277409860191315,13.87863231580142,4.525519694326832,4.576989191477003,0.6553494905941629,"[""PeriodType"", ""Period"", ""TestPeriod_Constructors""]","[0.030927835051546393, 0.027165932452276064, 0.019867549668874173]","[4.878497790868925, 5.272393538913363, 3.7277409860191315]"
org.joda.time.TestPeriod_Constructors.testConstructor_8int__PeriodType2,0.030927835051546393,0.025987105724232212,0.019867549668874173,0.07796131717269664,0.025109334941939378,0.025556780804622075,0.004591637509473145,5.272393538913363,4.626210771933807,3.7277409860191315,13.87863231580142,4.525519694326832,4.576989191477003,0.6553494905941629,"[""PeriodType"", ""Period"", ""TestPeriod_Constructors""]","[0.030927835051546393, 0.027165932452276064, 0.019867549668874173]","[4.878497790868925, 5.272393538913363, 3.7277409860191315]"
org.joda.time.TestPeriod_Constructors.testConstructor1,0.030927835051546393,0.025987105724232212,0.019867549668874173,0.07796131717269664,0.025109334941939378,0.025556780804622075,0.004591637509473145,5.272393538913363,4.626210771933807,3.7277409860191315,13.87863231580142,4.525519694326832,4.576989191477003,0.6553494905941629,"[""PeriodType"", ""Period"", ""TestPeriod_Constructors""]","[0.030927835051546393, 0.027165932452276064, 0.019867549668874173]","[4.878497790868925, 5.272393538913363, 3.7277409860191315]"
org.joda.time.TestPeriod_Constructors.testConstructor_Object_PeriodType3,0.030927835051546393,0.025987105724232212,0.019867549668874173,0.07796131717269664,0.025109334941939378,0.025556780804622075,0.004591637509473145,5.272393538913363,4.626210771933807,3.7277409860191315,13.87863231580142,4.525519694326832,4.576989191477003,0.6553494905941629,"[""PeriodType"", ""Period"", ""TestPeriod_Constructors""]","[0.030927835051546393, 0.027165932452276064, 0.019867549668874173]","[4.878497790868925, 5.272393538913363, 3.7277409860191315]"
org.joda.time.TestPeriod_Constructors.testConstructor_RI_RI5,0.030927835051546393,0.025987105724232212,0.019867549668874173,0.07796131717269664,0.025109334941939378,0.025556780804622075,0.004591637509473145,5.272393538913363,4.626210771933807,3.7277409860191315,13.87863231580142,4.525519694326832,4.576989191477003,0.6553494905941629,"[""PeriodType"", ""Period"", ""TestPeriod_Constructors""]","[0.030927835051546393, 0.027165932452276064, 0.019867549668874173]","[4.878497790868925, 5.272393538913363, 3.7277409860191315]"
org.joda.time.TestPeriod_Constructors.testConstructor_8int__PeriodType1,0.030927835051546393,0.025987105724232212,0.019867549668874173,0.07796131717269664,0.025109334941939378,0.025556780804622075,0.004591637509473145,5.272393538913363,4.626210771933807,3.7277409860191315,13.87863231580142,4.525519694326832,4.576989191477003,0.6553494905941629,"[""PeriodType"", ""Period"", ""TestPeriod_Constructors""]","[0.030927835051546393, 0.027165932452276064, 0.019867549668874173]","[4.878497790868925, 5.272393538913363, 3.7277409860191315]"
org.joda.time.TestPeriod_Constructors.testConstructor_Object1,0.030927835051546393,0.025987105724232212,0.019867549668874173,0.07796131717269664,0.025109334941939378,0.025556780804622075,0.004591637509473145,5.272393538913363,4.626210771933807,3.7277409860191315,13.87863231580142,4.525519694326832,4.576989191477003,0.6553494905941629,"[""PeriodType"", ""Period"", ""TestPeriod_Constructors""]","[0.030927835051546393, 0.027165932452276064, 0.019867549668874173]","[4.878497790868925, 5.272393538913363, 3.7277409860191315]"
org.joda.time.TestPeriod_Constructors.testFactoryMonths,0.030927835051546393,0.025987105724232212,0.019867549668874173,0.07796131717269664,0.025109334941939378,0.025556780804622075,0.004591637509473145,5.272393538913363,4.626210771933807,3.7277409860191315,13.87863231580142,4.525519694326832,4.576989191477003,0.6553494905941629,"[""PeriodType"", ""Period"", ""TestPeriod_Constructors""]","[0.030927835051546393, 0.027165932452276064, 0.019867549668874173]","[4.878497790868925, 5.272393538913363, 3.7277409860191315]"
org.joda.time.TestPeriod_Constructors.testConstructor_Object4,0.030927835051546393,0.025987105724232212,0.019867549668874173,0.07796131717269664,0.025109334941939378,0.025556780804622075,0.004591637509473145,5.272393538913363,4.626210771933807,3.7277409860191315,13.87863231580142,4.525519694326832,4.576989191477003,0.6553494905941629,"[""PeriodType"", ""Period"", ""TestPeriod_Constructors""]","[0.030927835051546393, 0.027165932452276064, 0.019867549668874173]","[4.878497790868925, 5.272393538913363, 3.7277409860191315]"
org.joda.time.TestPeriod_Constructors.testConstructor_Object_PeriodType1,0.030927835051546393,0.025987105724232212,0.019867549668874173,0.07796131717269664,0.025109334941939378,0.025556780804622075,0.004591637509473145,5.272393538913363,4.626210771933807,3.7277409860191315,13.87863231580142,4.525519694326832,4.576989191477003,0.6553494905941629,"[""PeriodType"", ""Period"", ""TestPeriod_Constructors""]","[0.030927835051546393, 0.027165932452276064, 0.019867549668874173]","[4.878497790868925, 5.272393538913363, 3.7277409860191315]"
org.joda.time.TestPeriod_Constructors.testConstructor_long_Chronology3,0.030927835051546393,0.025987105724232212,0.019867549668874173,0.07796131717269664,0.025109334941939378,0.025556780804622075,0.004591637509473145,5.272393538913363,4.626210771933807,3.7277409860191315,13.87863231580142,4.525519694326832,4.576989191477003,0.6553494905941629,"[""PeriodType"", ""Period"", ""TestPeriod_Constructors""]","[0.030927835051546393, 0.027165932452276064, 0.019867549668874173]","[4.878497790868925, 5.272393538913363, 3.7277409860191315]"
org.joda.time.TestPeriod_Constructors.testConstructor_long1,0.030927835051546393,0.025987105724232212,0.019867549668874173,0.07796131717269664,0.025109334941939378,0.025556780804622075,0.004591637509473145,5.272393538913363,4.626210771933807,3.7277409860191315,13.87863231580142,4.525519694326832,4.576989191477003,0.6553494905941629,"[""PeriodType"", ""Period"", ""TestPeriod_Constructors""]","[0.030927835051546393, 0.027165932452276064, 0.019867549668874173]","[4.878497790868925, 5.272393538913363, 3.7277409860191315]"
org.joda.time.TestPeriod_Constructors.testConstants,0.030927835051546393,0.025987105724232212,0.019867549668874173,0.07796131717269664,0.025109334941939378,0.025556780804622075,0.004591637509473145,5.272393538913363,4.626210771933807,3.7277409860191315,13.87863231580142,4.525519694326832,4.576989191477003,0.6553494905941629,"[""PeriodType"", ""Period"", ""TestPeriod_Constructors""]","[0.030927835051546393, 0.027165932452276064, 0.019867549668874173]","[4.878497790868925, 5.272393538913363, 3.7277409860191315]"
org.joda.time.TestPeriod_Constructors.testConstructor_Object3,0.030927835051546393,0.025987105724232212,0.019867549668874173,0.07796131717269664,0.025109334941939378,0.025556780804622075,0.004591637509473145,5.272393538913363,4.626210771933807,3.7277409860191315,13.87863231580142,4.525519694326832,4.576989191477003,0.6553494905941629,"[""PeriodType"", ""Period"", ""TestPeriod_Constructors""]","[0.030927835051546393, 0.027165932452276064, 0.019867549668874173]","[4.878497790868925, 5.272393538913363, 3.7277409860191315]"
org.joda.time.TestPeriod_Constructors.testFactorySeconds,0.030927835051546393,0.025987105724232212,0.019867549668874173,0.07796131717269664,0.025109334941939378,0.025556780804622075,0.004591637509473145,5.272393538913363,4.626210771933807,3.7277409860191315,13.87863231580142,4.525519694326832,4.576989191477003,0.6553494905941629,"[""PeriodType"", ""Period"", ""TestPeriod_Constructors""]","[0.030927835051546393, 0.027165932452276064, 0.019867549668874173]","[4.878497790868925, 5.272393538913363, 3.7277409860191315]"
org.joda.time.TestPeriod_Constructors.testFactoryHours,0.030927835051546393,0.025987105724232212,0.019867549668874173,0.07796131717269664,0.025109334941939378,0.025556780804622075,0.004591637509473145,5.272393538913363,4.626210771933807,3.7277409860191315,13.87863231580142,4.525519694326832,4.576989191477003,0.6553494905941629,"[""PeriodType"", ""Period"", ""TestPeriod_Constructors""]","[0.030927835051546393, 0.027165932452276064, 0.019867549668874173]","[4.878497790868925, 5.272393538913363, 3.7277409860191315]"
org.joda.time.TestPeriod_Constructors.testConstructor_long_PeriodType1,0.030927835051546393,0.025987105724232212,0.019867549668874173,0.07796131717269664,0.025109334941939378,0.025556780804622075,0.004591637509473145,5.272393538913363,4.626210771933807,3.7277409860191315,13.87863231580142,4.525519694326832,4.576989191477003,0.6553494905941629,"[""PeriodType"", ""Period"", ""TestPeriod_Constructors""]","[0.030927835051546393, 0.027165932452276064, 0.019867549668874173]","[4.878497790868925, 5.272393538913363, 3.7277409860191315]"
org.joda.time.TestPeriod_Constructors.testConstructor_8int1,0.030927835051546393,0.025987105724232212,0.019867549668874173,0.07796131717269664,0.025109334941939378,0.025556780804622075,0.004591637509473145,5.272393538913363,4.626210771933807,3.7277409860191315,13.87863231580142,4.525519694326832,4.576989191477003,0.6553494905941629,"[""PeriodType"", ""Period"", ""TestPeriod_Constructors""]","[0.030927835051546393, 0.027165932452276064, 0.019867549668874173]","[4.878497790868925, 5.272393538913363, 3.7277409860191315]"
org.joda.time.TestPeriod_Constructors.testConstructor_long_PeriodType2,0.030927835051546393,0.025987105724232212,0.019867549668874173,0.07796131717269664,0.025109334941939378,0.025556780804622075,0.004591637509473145,5.272393538913363,4.626210771933807,3.7277409860191315,13.87863231580142,4.525519694326832,4.576989191477003,0.6553494905941629,"[""PeriodType"", ""Period"", ""TestPeriod_Constructors""]","[0.030927835051546393, 0.027165932452276064, 0.019867549668874173]","[4.878497790868925, 5.272393538913363, 3.7277409860191315]"
org.joda.time.TestPeriod_Constructors.testFactoryWeeks,0.030927835051546393,0.025987105724232212,0.019867549668874173,0.07796131717269664,0.025109334941939378,0.025556780804622075,0.004591637509473145,5.272393538913363,4.626210771933807,3.7277409860191315,13.87863231580142,4.525519694326832,4.576989191477003,0.6553494905941629,"[""PeriodType"", ""Period"", ""TestPeriod_Constructors""]","[0.030927835051546393, 0.027165932452276064, 0.019867549668874173]","[4.878497790868925, 5.272393538913363, 3.7277409860191315]"
org.joda.time.TestPeriod_Constructors.testConstructor_long2,0.030927835051546393,0.025987105724232212,0.019867549668874173,0.07796131717269664,0.025109334941939378,0.025556780804622075,0.004591637509473145,5.272393538913363,4.626210771933807,3.7277409860191315,13.87863231580142,4.525519694326832,4.576989191477003,0.6553494905941629,"[""PeriodType"", ""Period"", ""TestPeriod_Constructors""]","[0.030927835051546393, 0.027165932452276064, 0.019867549668874173]","[4.878497790868925, 5.272393538913363, 3.7277409860191315]"
org.joda.time.TestDateTimeUtils.testGetDurationMillis_RI,0.027149321266968326,0.025983753240835128,0.02516091281451141,0.07795125972250538,0.025956604849257183,0.025970097942413128,0.0008471673188549808,1.9423076923076923,1.6800820566782775,1.4899806076276665,5.040246170034832,1.659376471679593,1.6695179929325608,0.19157482715816881,"[""Duration"", ""TestDateTimeUtils"", ""DateTimeUtils""]","[0.027149321266968326, 0.02564102564102564, 0.02516091281451141]","[1.4899806076276665, 1.9423076923076923, 1.6079578700994734]"
org.joda.time.TestDateTimeZone.testSerialization2,0.037317784256559766,0.019440632146199812,0.006006006006006006,0.07776252858479925,0.010127412810752657,0.013987061761545924,0.013796999602253349,3.550624133148405,1.7670959688494858,0.07507507507507508,7.068383875397943,0.15508540058175296,0.5238032131293733,1.688884495697402,"[""TestDateTimeZone"", ""ByteArrayOutputStream"", ""DateTimeZone"", ""ObjectInputStream"", ""ObjectOutputStream"", ""ByteArrayInputStream""]","[0.037317784256559766, 0.028432732316227463, 0.006006006006006006, 0.006006006006006006]","[3.358600583090379, 3.550624133148405, 0.08408408408408409, 0.07507507507507508]"
org.joda.time.TestDateTimeZone.testSerialization1,0.037317784256559766,0.019440632146199812,0.006006006006006006,0.07776252858479925,0.010127412810752657,0.013987061761545924,0.013796999602253349,3.550624133148405,1.7670959688494858,0.07507507507507508,7.068383875397943,0.15508540058175296,0.5238032131293733,1.688884495697402,"[""TestDateTimeZone"", ""ByteArrayOutputStream"", ""DateTimeZone"", ""ObjectInputStream"", ""ObjectOutputStream"", ""ByteArrayInputStream""]","[0.037317784256559766, 0.028432732316227463, 0.006006006006006006, 0.006006006006006006]","[3.358600583090379, 3.550624133148405, 0.08408408408408409, 0.07507507507507508]"
org.joda.time.TestTimeOfDay_Basics.testWithFieldAdded8,0.044386422976501305,0.02584885371133136,0.012718600953895072,0.07754656113399408,0.019990083350808326,0.022597879068039853,0.013481890119093655,4.117493472584856,2.93827147625594,1.1764705882352942,8.81481442876782,2.178825669943872,2.574070993611159,1.2693705855923314,"[""TimeOfDay"", ""TestTimeOfDay_Basics"", ""DurationFieldType""]","[0.044386422976501305, 0.02044153720359771, 0.012718600953895072]","[4.117493472584856, 3.5208503679476695, 1.1764705882352942]"
org.joda.time.TestTimeOfDay_Basics.testWithFieldAdded7,0.044386422976501305,0.02584885371133136,0.012718600953895072,0.07754656113399408,0.019990083350808326,0.022597879068039853,0.013481890119093655,4.117493472584856,2.93827147625594,1.1764705882352942,8.81481442876782,2.178825669943872,2.574070993611159,1.2693705855923314,"[""TimeOfDay"", ""TestTimeOfDay_Basics"", ""DurationFieldType""]","[0.044386422976501305, 0.02044153720359771, 0.012718600953895072]","[4.117493472584856, 3.5208503679476695, 1.1764705882352942]"
org.joda.time.TestTimeOfDay_Basics.testWithFieldAdded6,0.044386422976501305,0.02584885371133136,0.012718600953895072,0.07754656113399408,0.019990083350808326,0.022597879068039853,0.013481890119093655,4.117493472584856,2.93827147625594,1.1764705882352942,8.81481442876782,2.178825669943872,2.574070993611159,1.2693705855923314,"[""TimeOfDay"", ""TestTimeOfDay_Basics"", ""DurationFieldType""]","[0.044386422976501305, 0.02044153720359771, 0.012718600953895072]","[4.117493472584856, 3.5208503679476695, 1.1764705882352942]"
org.joda.time.TestTimeOfDay_Basics.testWithFieldAdded4,0.044386422976501305,0.02584885371133136,0.012718600953895072,0.07754656113399408,0.019990083350808326,0.022597879068039853,0.013481890119093655,4.117493472584856,2.93827147625594,1.1764705882352942,8.81481442876782,2.178825669943872,2.574070993611159,1.2693705855923314,"[""TimeOfDay"", ""TestTimeOfDay_Basics"", ""DurationFieldType""]","[0.044386422976501305, 0.02044153720359771, 0.012718600953895072]","[4.117493472584856, 3.5208503679476695, 1.1764705882352942]"
org.joda.time.TestTimeOfDay_Basics.testWithFieldAdded5,0.044386422976501305,0.02584885371133136,0.012718600953895072,0.07754656113399408,0.019990083350808326,0.022597879068039853,0.013481890119093655,4.117493472584856,2.93827147625594,1.1764705882352942,8.81481442876782,2.178825669943872,2.574070993611159,1.2693705855923314,"[""TimeOfDay"", ""TestTimeOfDay_Basics"", ""DurationFieldType""]","[0.044386422976501305, 0.02044153720359771, 0.012718600953895072]","[4.117493472584856, 3.5208503679476695, 1.1764705882352942]"
org.joda.time.TestTimeOfDay_Basics.testWithFieldAdded1,0.044386422976501305,0.02584885371133136,0.012718600953895072,0.07754656113399408,0.019990083350808326,0.022597879068039853,0.013481890119093655,4.117493472584856,2.93827147625594,1.1764705882352942,8.81481442876782,2.178825669943872,2.574070993611159,1.2693705855923314,"[""TimeOfDay"", ""TestTimeOfDay_Basics"", ""DurationFieldType""]","[0.044386422976501305, 0.02044153720359771, 0.012718600953895072]","[4.117493472584856, 3.5208503679476695, 1.1764705882352942]"
org.joda.time.TestTimeOfDay_Properties.testPropertyGetMilli,0.044386422976501305,0.025842883594078794,0.013900245298446443,0.07752865078223638,0.020486166056017434,0.0228125662174025,0.013292370712120877,4.117493472584856,3.0135115337320317,2.2746355685131197,9.040534601196095,2.8299677812493025,2.9163730665119925,0.7954068529741216,"[""TimeOfDay$Property"", ""TestTimeOfDay_Properties"", ""Chronology"", ""TimeOfDay""]","[0.044386422976501305, 0.01924198250728863, 0.013900245298446443]","[4.117493472584856, 2.2746355685131197, 2.6484055600981193]"
org.joda.time.TestTimeOfDay_Properties.testPropertyGetSecond,0.044386422976501305,0.025842883594078794,0.013900245298446443,0.07752865078223638,0.020486166056017434,0.0228125662174025,0.013292370712120877,4.117493472584856,3.0135115337320317,2.2746355685131197,9.040534601196095,2.8299677812493025,2.9163730665119925,0.7954068529741216,"[""TimeOfDay$Property"", ""TestTimeOfDay_Properties"", ""Chronology"", ""TimeOfDay""]","[0.044386422976501305, 0.01924198250728863, 0.013900245298446443]","[4.117493472584856, 2.2746355685131197, 2.6484055600981193]"
org.joda.time.TestTimeOfDay_Properties.testPropertyGetHour,0.044386422976501305,0.025842883594078794,0.013900245298446443,0.07752865078223638,0.020486166056017434,0.0228125662174025,0.013292370712120877,4.117493472584856,3.0135115337320317,2.2746355685131197,9.040534601196095,2.8299677812493025,2.9163730665119925,0.7954068529741216,"[""TimeOfDay$Property"", ""TestTimeOfDay_Properties"", ""Chronology"", ""TimeOfDay""]","[0.044386422976501305, 0.01924198250728863, 0.013900245298446443]","[4.117493472584856, 2.2746355685131197, 2.6484055600981193]"
org.joda.time.TestTimeOfDay_Properties.testPropertyGetMinute,0.044386422976501305,0.025842883594078794,0.013900245298446443,0.07752865078223638,0.020486166056017434,0.0228125662174025,0.013292370712120877,4.117493472584856,3.0135115337320317,2.2746355685131197,9.040534601196095,2.8299677812493025,2.9163730665119925,0.7954068529741216,"[""TimeOfDay$Property"", ""TestTimeOfDay_Properties"", ""Chronology"", ""TimeOfDay""]","[0.044386422976501305, 0.01924198250728863, 0.013900245298446443]","[4.117493472584856, 2.2746355685131197, 2.6484055600981193]"
org.joda.time.TestDateMidnight_Basics.testToInstant,0.03319502074688797,0.02581981640244926,0.018658892128279883,0.07745944920734778,0.024435379016668615,0.025124507565673502,0.005936283672779641,3.8485477178423237,2.801169508564959,0.963265306122449,8.403508525694876,1.903077642758626,2.370176939463484,1.3038180236641712,"[""TestDateMidnight_Basics"", ""DateMidnight"", ""Instant""]","[0.03319502074688797, 0.02560553633217993, 0.018658892128279883]","[3.8485477178423237, 3.5916955017301038, 0.963265306122449]"
org.joda.time.TestPeriod_Basics.testToStandardSeconds,0.030927835051546393,0.025797370628519212,0.020766773162939296,0.07739211188555764,0.02512531981863139,0.025460669851777248,0.004148837165031364,6.045521292217328,4.420892410017037,2.3386581469648564,13.26267723005111,3.7594528243627634,4.101054465124193,1.5475271904657468,"[""Seconds"", ""TestPeriod_Basics"", ""Period""]","[0.030927835051546393, 0.02569750367107195, 0.020766773162939296]","[4.878497790868925, 6.045521292217328, 2.3386581469648564]"
org.joda.time.TestPeriod_Basics.testToStandardSeconds_months,0.030927835051546393,0.025797370628519212,0.020766773162939296,0.07739211188555764,0.02512531981863139,0.025460669851777248,0.004148837165031364,6.045521292217328,4.420892410017037,2.3386581469648564,13.26267723005111,3.7594528243627634,4.101054465124193,1.5475271904657468,"[""Seconds"", ""TestPeriod_Basics"", ""Period""]","[0.030927835051546393, 0.02569750367107195, 0.020766773162939296]","[4.878497790868925, 6.045521292217328, 2.3386581469648564]"
org.joda.time.TestPeriod_Basics.testToStandardHours_years,0.030927835051546393,0.025797370628519212,0.020766773162939296,0.07739211188555764,0.02512531981863139,0.025460669851777248,0.004148837165031364,6.045521292217328,4.4523088104430215,2.4329073482428116,13.356926431329065,3.839146420652165,4.155422107431713,1.5053178318497238,"[""Hours"", ""TestPeriod_Basics"", ""Period""]","[0.030927835051546393, 0.02569750367107195, 0.020766773162939296]","[4.878497790868925, 6.045521292217328, 2.4329073482428116]"
org.joda.time.TestPeriod_Basics.testToStandardDays_months,0.030927835051546393,0.025797370628519212,0.020766773162939296,0.07739211188555764,0.02512531981863139,0.025460669851777248,0.004148837165031364,6.045521292217328,4.452841291806174,2.4345047923322682,13.358523875418522,3.8404719443023945,4.156331390197591,1.5046035207558401,"[""Days"", ""TestPeriod_Basics"", ""Period""]","[0.030927835051546393, 0.02569750367107195, 0.020766773162939296]","[4.878497790868925, 6.045521292217328, 2.4345047923322682]"
org.joda.time.TestPeriod_Basics.testToStandardDays_years,0.030927835051546393,0.025797370628519212,0.020766773162939296,0.07739211188555764,0.02512531981863139,0.025460669851777248,0.004148837165031364,6.045521292217328,4.452841291806174,2.4345047923322682,13.358523875418522,3.8404719443023945,4.156331390197591,1.5046035207558401,"[""Days"", ""TestPeriod_Basics"", ""Period""]","[0.030927835051546393, 0.02569750367107195, 0.020766773162939296]","[4.878497790868925, 6.045521292217328, 2.4345047923322682]"
org.joda.time.TestPeriod_Basics.testToStandardHours_months,0.030927835051546393,0.025797370628519212,0.020766773162939296,0.07739211188555764,0.02512531981863139,0.025460669851777248,0.004148837165031364,6.045521292217328,4.4523088104430215,2.4329073482428116,13.356926431329065,3.839146420652165,4.155422107431713,1.5053178318497238,"[""Hours"", ""TestPeriod_Basics"", ""Period""]","[0.030927835051546393, 0.02569750367107195, 0.020766773162939296]","[4.878497790868925, 6.045521292217328, 2.4329073482428116]"
org.joda.time.TestPeriod_Basics.testToStandardWeeks_years,0.030927835051546393,0.025797370628519212,0.020766773162939296,0.07739211188555764,0.02512531981863139,0.025460669851777248,0.004148837165031364,6.045521292217328,4.430477074553778,2.36741214057508,13.291431223661334,3.784080379242687,4.117793648477642,1.53463647259631,"[""TestPeriod_Basics"", ""Weeks"", ""Period""]","[0.030927835051546393, 0.02569750367107195, 0.020766773162939296]","[4.878497790868925, 6.045521292217328, 2.36741214057508]"
org.joda.time.TestPeriod_Basics.testToStandardSeconds_years,0.030927835051546393,0.025797370628519212,0.020766773162939296,0.07739211188555764,0.02512531981863139,0.025460669851777248,0.004148837165031364,6.045521292217328,4.420892410017037,2.3386581469648564,13.26267723005111,3.7594528243627634,4.101054465124193,1.5475271904657468,"[""Seconds"", ""TestPeriod_Basics"", ""Period""]","[0.030927835051546393, 0.02569750367107195, 0.020766773162939296]","[4.878497790868925, 6.045521292217328, 2.3386581469648564]"
org.joda.time.TestPeriod_Basics.testToStandardMinutes_years,0.030927835051546393,0.025797370628519212,0.020766773162939296,0.07739211188555764,0.02512531981863139,0.025460669851777248,0.004148837165031364,6.045521292217328,4.420892410017037,2.3386581469648564,13.26267723005111,3.7594528243627634,4.101054465124193,1.5475271904657468,"[""TestPeriod_Basics"", ""Minutes"", ""Period""]","[0.030927835051546393, 0.02569750367107195, 0.020766773162939296]","[4.878497790868925, 6.045521292217328, 2.3386581469648564]"
org.joda.time.TestPeriod_Basics.testToStandardWeeks_months,0.030927835051546393,0.025797370628519212,0.020766773162939296,0.07739211188555764,0.02512531981863139,0.025460669851777248,0.004148837165031364,6.045521292217328,4.430477074553778,2.36741214057508,13.291431223661334,3.784080379242687,4.117793648477642,1.53463647259631,"[""TestPeriod_Basics"", ""Weeks"", ""Period""]","[0.030927835051546393, 0.02569750367107195, 0.020766773162939296]","[4.878497790868925, 6.045521292217328, 2.36741214057508]"
org.joda.time.TestPeriod_Basics.testToStandardDays,0.030927835051546393,0.025797370628519212,0.020766773162939296,0.07739211188555764,0.02512531981863139,0.025460669851777248,0.004148837165031364,6.045521292217328,4.452841291806174,2.4345047923322682,13.358523875418522,3.8404719443023945,4.156331390197591,1.5046035207558401,"[""Days"", ""BigInteger"", ""TestPeriod_Basics"", ""Period""]","[0.030927835051546393, 0.02569750367107195, 0.020766773162939296]","[4.878497790868925, 6.045521292217328, 2.4345047923322682]"
org.joda.time.TestPeriod_Basics.testToStandardHours,0.030927835051546393,0.025797370628519212,0.020766773162939296,0.07739211188555764,0.02512531981863139,0.025460669851777248,0.004148837165031364,6.045521292217328,4.4523088104430215,2.4329073482428116,13.356926431329065,3.839146420652165,4.155422107431713,1.5053178318497238,"[""Hours"", ""TestPeriod_Basics"", ""BigInteger"", ""Period""]","[0.030927835051546393, 0.02569750367107195, 0.020766773162939296]","[4.878497790868925, 6.045521292217328, 2.4329073482428116]"
org.joda.time.TestPeriod_Basics.testToStandardWeeks,0.030927835051546393,0.025797370628519212,0.020766773162939296,0.07739211188555764,0.02512531981863139,0.025460669851777248,0.004148837165031364,6.045521292217328,4.430477074553778,2.36741214057508,13.291431223661334,3.784080379242687,4.117793648477642,1.53463647259631,"[""BigInteger"", ""TestPeriod_Basics"", ""Weeks"", ""Period""]","[0.030927835051546393, 0.02569750367107195, 0.020766773162939296]","[4.878497790868925, 6.045521292217328, 2.36741214057508]"
org.joda.time.TestPeriod_Basics.testToStandardMinutes,0.030927835051546393,0.025797370628519212,0.020766773162939296,0.07739211188555764,0.02512531981863139,0.025460669851777248,0.004148837165031364,6.045521292217328,4.420892410017037,2.3386581469648564,13.26267723005111,3.7594528243627634,4.101054465124193,1.5475271904657468,"[""BigInteger"", ""TestPeriod_Basics"", ""Minutes"", ""Period""]","[0.030927835051546393, 0.02569750367107195, 0.020766773162939296]","[4.878497790868925, 6.045521292217328, 2.3386581469648564]"
org.joda.time.TestPeriod_Basics.testToStandardMinutes_months,0.030927835051546393,0.025797370628519212,0.020766773162939296,0.07739211188555764,0.02512531981863139,0.025460669851777248,0.004148837165031364,6.045521292217328,4.420892410017037,2.3386581469648564,13.26267723005111,3.7594528243627634,4.101054465124193,1.5475271904657468,"[""TestPeriod_Basics"", ""Minutes"", ""Period""]","[0.030927835051546393, 0.02569750367107195, 0.020766773162939296]","[4.878497790868925, 6.045521292217328, 2.3386581469648564]"
org.joda.time.TestDays.testFactory_standardDaysIn_RPeriod,0.030927835051546393,0.02575123788193186,0.020766773162939296,0.07725371364579559,0.0250810579061604,0.025414879972995606,0.004150460282503809,4.878497790868925,3.3689774318870858,2.4345047923322682,10.106932295661258,3.081154220033979,3.2134440366490957,1.077430695044996,"[""Days"", ""TestDays"", ""Period""]","[0.030927835051546393, 0.025559105431309903, 0.020766773162939296]","[4.878497790868925, 2.7939297124600637, 2.4345047923322682]"
org.joda.time.format.TestPeriodFormat.test_wordBased_en_from_nl,0.030927835051546393,0.015447228640934554,0.006006006006006006,0.07723614320467277,0.011244543089383094,0.013123901494431992,0.00886923031650773,4.878497790868925,1.538497724761425,0.0960960960960961,7.692488623807126,0.34144144813702026,0.7677106333412039,1.7189076459264794,"[""PeriodFormat"", ""TestPeriodFormat"", ""Locale"", ""PeriodFormatter"", ""Period""]","[0.030927835051546393, 0.018947368421052633, 0.012518409425625921, 0.008836524300441826, 0.006006006006006006]","[4.878497790868925, 1.2178947368421054, 0.4410898379970545, 1.0589101620029455, 0.0960960960960961]"
org.joda.time.format.TestPeriodFormat.test_wordBased_fr_from_de,0.030927835051546393,0.015447228640934554,0.006006006006006006,0.07723614320467277,0.011244543089383094,0.013123901494431992,0.00886923031650773,4.878497790868925,1.538497724761425,0.0960960960960961,7.692488623807126,0.34144144813702026,0.7677106333412039,1.7189076459264794,"[""PeriodFormat"", ""TestPeriodFormat"", ""Locale"", ""PeriodFormatter"", ""Period""]","[0.030927835051546393, 0.018947368421052633, 0.012518409425625921, 0.008836524300441826, 0.006006006006006006]","[4.878497790868925, 1.2178947368421054, 0.4410898379970545, 1.0589101620029455, 0.0960960960960961]"
org.joda.time.format.TestPeriodFormat.test_wordBased_en_from_de,0.030927835051546393,0.015447228640934554,0.006006006006006006,0.07723614320467277,0.011244543089383094,0.013123901494431992,0.00886923031650773,4.878497790868925,1.538497724761425,0.0960960960960961,7.692488623807126,0.34144144813702026,0.7677106333412039,1.7189076459264794,"[""PeriodFormat"", ""TestPeriodFormat"", ""Locale"", ""PeriodFormatter"", ""Period""]","[0.030927835051546393, 0.018947368421052633, 0.012518409425625921, 0.008836524300441826, 0.006006006006006006]","[4.878497790868925, 1.2178947368421054, 0.4410898379970545, 1.0589101620029455, 0.0960960960960961]"
org.joda.time.format.TestPeriodFormat.test_wordBased_fr_from_nl,0.030927835051546393,0.015447228640934554,0.006006006006006006,0.07723614320467277,0.011244543089383094,0.013123901494431992,0.00886923031650773,4.878497790868925,1.538497724761425,0.0960960960960961,7.692488623807126,0.34144144813702026,0.7677106333412039,1.7189076459264794,"[""PeriodFormat"", ""TestPeriodFormat"", ""Locale"", ""PeriodFormatter"", ""Period""]","[0.030927835051546393, 0.018947368421052633, 0.012518409425625921, 0.008836524300441826, 0.006006006006006006]","[4.878497790868925, 1.2178947368421054, 0.4410898379970545, 1.0589101620029455, 0.0960960960960961]"
org.joda.time.TestYearMonthDay_Basics.testIsEqual_YMD,0.03763440860215054,0.025696677330520012,0.01574344023323615,0.07709003199156003,0.022682190004552162,0.024129709428943394,0.00904644633279516,3.3669354838709675,2.431666304474848,0.632069970845481,7.294998913424544,1.3745654274842596,1.914235787054154,1.2728363120063126,"[""YearMonthDay"", ""TestYearMonthDay_Basics"", ""GregorianChronology""]","[0.03763440860215054, 0.023712183156173343, 0.01574344023323615]","[3.3669354838709675, 3.295993458708095, 0.632069970845481]"
org.joda.time.TestYearMonthDay_Basics.testIsBefore_YMD,0.03763440860215054,0.025696677330520012,0.01574344023323615,0.07709003199156003,0.022682190004552162,0.024129709428943394,0.00904644633279516,3.3669354838709675,2.431666304474848,0.632069970845481,7.294998913424544,1.3745654274842596,1.914235787054154,1.2728363120063126,"[""YearMonthDay"", ""TestYearMonthDay_Basics"", ""GregorianChronology""]","[0.03763440860215054, 0.023712183156173343, 0.01574344023323615]","[3.3669354838709675, 3.295993458708095, 0.632069970845481]"
org.joda.time.TestYearMonthDay_Basics.testIsAfter_YMD,0.03763440860215054,0.025696677330520012,0.01574344023323615,0.07709003199156003,0.022682190004552162,0.024129709428943394,0.00904644633279516,3.3669354838709675,2.431666304474848,0.632069970845481,7.294998913424544,1.3745654274842596,1.914235787054154,1.2728363120063126,"[""YearMonthDay"", ""TestYearMonthDay_Basics"", ""GregorianChronology""]","[0.03763440860215054, 0.023712183156173343, 0.01574344023323615]","[3.3669354838709675, 3.295993458708095, 0.632069970845481]"
org.joda.time.TestDateMidnight_Constructors.testConstructor_badconverterObject,0.03319502074688797,0.019269720258194598,0.011756569847856155,0.07707888103277839,0.016684877074473237,0.01781218902676208,0.008232926569092608,3.8485477178423237,1.9153183629242356,0.7008746355685131,7.6612734516969425,1.3416163076736698,1.5956367248367942,1.173231133443111,"[""Integer"", ""DateMidnight"", ""TestDateMidnight_Constructors"", ""ISOChronology"", ""ConverterManager""]","[0.03319502074688797, 0.016383850204798128, 0.01574344023323615, 0.011756569847856155]","[3.8485477178423237, 1.4230544177881803, 0.7008746355685131, 1.6887966804979253]"
org.joda.time.TestDateTimeFieldType.test_other,0.021957340025094103,0.012844786231185144,0.006006006006006006,0.07706871738711087,0.010167226429757316,0.011490601465598759,0.00565851474895668,2.1089030206677264,0.9593979350322672,0.07507507507507508,5.756387610193603,0.21125590673204955,0.5184491859201684,0.7287488338120393,"[""Constructor"", ""Byte"", ""ByteArrayOutputStream"", ""DateTimeFieldType"", ""ObjectInputStream"", ""DurationFieldType"", ""Class"", ""TestDateTimeFieldType"", ""ByteArrayInputStream"", ""CopticChronology"", ""ObjectOutputStream""]","[0.021957340025094103, 0.016693163751987282, 0.013687600644122383, 0.012718600953895072, 0.006006006006006006, 0.006006006006006006]","[0.8456712672521958, 2.1089030206677264, 1.4661835748792271, 1.1764705882352942, 0.08408408408408409, 0.07507507507507508]"
org.joda.time.TestIllegalFieldValueException.testVerifyValueBounds,0.016938519447929738,0.015368412275643862,0.013224821973550356,0.0768420613782193,0.015230437070772252,0.015300147533172732,0.0014299910295827308,2.1089030206677264,1.2507439813226195,0.7008746355685131,6.253719906613098,1.0799043001401667,1.1596990809043126,0.496323920087559,"[""IllegalFieldValueException"", ""DateTimeFieldType"", ""TestIllegalFieldValueException"", ""ISOChronology"", ""Integer"", ""FieldUtils""]","[0.016938519447929738, 0.016693163751987282, 0.01574344023323615, 0.014242115971515769, 0.013224821973550356]","[0.8569636135508155, 2.1089030206677264, 0.7008746355685131, 1.1627670396744658, 1.4242115971515767]"
org.joda.time.TestDuration_Basics.testToStandardMinutes,0.030913012221423435,0.025613566066291383,0.020766773162939296,0.07684069819887415,0.02494867446219762,0.025278167028990887,0.0041545327039862944,3.7361610352264556,2.560925684096928,1.6079578700994734,7.682777052290785,2.277633008205085,2.41299079587367,0.8829361326699284,"[""TestDuration_Basics"", ""Minutes"", ""Duration""]","[0.030913012221423435, 0.02516091281451141, 0.020766773162939296]","[3.7361610352264556, 1.6079578700994734, 2.3386581469648564]"
org.joda.time.TestDuration_Basics.testToStandardHours,0.030913012221423435,0.025613566066291383,0.020766773162939296,0.07684069819887415,0.02494867446219762,0.025278167028990887,0.0041545327039862944,3.7361610352264556,2.5923420845229135,1.6079578700994734,7.77702625356874,2.3066416900812157,2.4449797932393573,0.8761190004269418,"[""Hours"", ""TestDuration_Basics"", ""Duration""]","[0.030913012221423435, 0.02516091281451141, 0.020766773162939296]","[3.7361610352264556, 1.6079578700994734, 2.4329073482428116]"
org.joda.time.TestDuration_Basics.testToStandardSeconds,0.030913012221423435,0.025613566066291383,0.020766773162939296,0.07684069819887415,0.02494867446219762,0.025278167028990887,0.0041545327039862944,3.7361610352264556,2.560925684096928,1.6079578700994734,7.682777052290785,2.277633008205085,2.41299079587367,0.8829361326699284,"[""Seconds"", ""TestDuration_Basics"", ""Duration""]","[0.030913012221423435, 0.02516091281451141, 0.020766773162939296]","[3.7361610352264556, 1.6079578700994734, 2.3386581469648564]"
org.joda.time.TestDuration_Basics.testToStandardDays,0.030913012221423435,0.025613566066291383,0.020766773162939296,0.07684069819887415,0.02494867446219762,0.025278167028990887,0.0041545327039862944,3.7361610352264556,2.5928745658860657,1.6079578700994734,7.7786236976581975,2.3071201202438916,2.4455147997757423,0.8760224186232287,"[""Days"", ""TestDuration_Basics"", ""Duration""]","[0.030913012221423435, 0.02516091281451141, 0.020766773162939296]","[3.7361610352264556, 1.6079578700994734, 2.4345047923322682]"
org.joda.time.TestYearMonthDay_Properties.testPropertyEquals,0.03763440860215054,0.025587546626088906,0.017170891251022075,0.07676263987826672,0.023014539343902976,0.02420950372925249,0.008739667635534493,3.3669354838709675,2.0646001789652844,0.8456712672521958,6.193800536895853,1.511910260520242,1.7801411613920797,1.0309900685973703,"[""CopticChronology"", ""YearMonthDay"", ""TestYearMonthDay_Properties"", ""YearMonthDay$Property""]","[0.03763440860215054, 0.021957340025094103, 0.017170891251022075]","[3.3669354838709675, 0.8456712672521958, 1.98119378577269]"
org.joda.time.TestStringConvert.testDateTime,0.04081632653061224,0.025573685695476345,0.01574344023323615,0.07672105708642904,0.021799391770056784,0.023486445418096212,0.01092803503455507,5.746938775510204,2.4409378036929055,0.7008746355685131,7.322813411078717,1.0934333273914636,1.5218142820397929,2.3387762797208413,"[""StringConvert"", ""TestStringConvert"", ""DateTime"", ""ISOChronology""]","[0.04081632653061224, 0.020161290322580645, 0.01574344023323615]","[5.746938775510204, 0.875, 0.7008746355685131]"
org.joda.time.TestLocalDateTime_Properties.testPropertyAddToCopyHour,0.058186738836265225,0.03833945761158923,0.01849217638691323,0.07667891522317846,0.028065066773772466,0.03280243036635351,0.019847281224675998,11.043301759133964,8.857355004744791,6.6714082503556185,17.714710009489583,8.317875305617362,8.583377800554574,2.185946754389173,"[""LocalDateTime$Property"", ""LocalDateTime"", ""TestLocalDateTime_Properties""]","[0.058186738836265225, 0.01849217638691323]","[11.043301759133964, 6.6714082503556185]"
org.joda.time.TestLocalDateTime_Properties.testPropertyAddToCopyMinute,0.058186738836265225,0.03833945761158923,0.01849217638691323,0.07667891522317846,0.028065066773772466,0.03280243036635351,0.019847281224675998,11.043301759133964,8.857355004744791,6.6714082503556185,17.714710009489583,8.317875305617362,8.583377800554574,2.185946754389173,"[""LocalDateTime$Property"", ""LocalDateTime"", ""TestLocalDateTime_Properties""]","[0.058186738836265225, 0.01849217638691323]","[11.043301759133964, 6.6714082503556185]"
org.joda.time.TestLocalDateTime_Properties.testPropertySetCopyYear,0.058186738836265225,0.03833945761158923,0.01849217638691323,0.07667891522317846,0.028065066773772466,0.03280243036635351,0.019847281224675998,11.043301759133964,8.857355004744791,6.6714082503556185,17.714710009489583,8.317875305617362,8.583377800554574,2.185946754389173,"[""LocalDateTime$Property"", ""LocalDateTime"", ""TestLocalDateTime_Properties""]","[0.058186738836265225, 0.01849217638691323]","[11.043301759133964, 6.6714082503556185]"
org.joda.time.TestLocalDateTime_Properties.testPropertyGetMaxMinValuesMilli,0.058186738836265225,0.03833945761158923,0.01849217638691323,0.07667891522317846,0.028065066773772466,0.03280243036635351,0.019847281224675998,11.043301759133964,8.857355004744791,6.6714082503556185,17.714710009489583,8.317875305617362,8.583377800554574,2.185946754389173,"[""LocalDateTime$Property"", ""LocalDateTime"", ""TestLocalDateTime_Properties""]","[0.058186738836265225, 0.01849217638691323]","[11.043301759133964, 6.6714082503556185]"
org.joda.time.TestLocalDateTime_Properties.testPropertySetMilli,0.058186738836265225,0.03833945761158923,0.01849217638691323,0.07667891522317846,0.028065066773772466,0.03280243036635351,0.019847281224675998,11.043301759133964,8.857355004744791,6.6714082503556185,17.714710009489583,8.317875305617362,8.583377800554574,2.185946754389173,"[""LocalDateTime$Property"", ""LocalDateTime"", ""TestLocalDateTime_Properties""]","[0.058186738836265225, 0.01849217638691323]","[11.043301759133964, 6.6714082503556185]"
org.joda.time.TestLocalDateTime_Properties.testPropertyRoundHour,0.058186738836265225,0.03833945761158923,0.01849217638691323,0.07667891522317846,0.028065066773772466,0.03280243036635351,0.019847281224675998,11.043301759133964,8.857355004744791,6.6714082503556185,17.714710009489583,8.317875305617362,8.583377800554574,2.185946754389173,"[""LocalDateTime$Property"", ""LocalDateTime"", ""TestLocalDateTime_Properties""]","[0.058186738836265225, 0.01849217638691323]","[11.043301759133964, 6.6714082503556185]"
org.joda.time.TestLocalDateTime_Properties.testPropertyAddToCopyDay,0.058186738836265225,0.03833945761158923,0.01849217638691323,0.07667891522317846,0.028065066773772466,0.03280243036635351,0.019847281224675998,11.043301759133964,8.857355004744791,6.6714082503556185,17.714710009489583,8.317875305617362,8.583377800554574,2.185946754389173,"[""LocalDateTime$Property"", ""LocalDateTime"", ""TestLocalDateTime_Properties""]","[0.058186738836265225, 0.01849217638691323]","[11.043301759133964, 6.6714082503556185]"
org.joda.time.TestLocalDateTime_Properties.testPropertyWithMaxMinValueHour,0.058186738836265225,0.03833945761158923,0.01849217638691323,0.07667891522317846,0.028065066773772466,0.03280243036635351,0.019847281224675998,11.043301759133964,8.857355004744791,6.6714082503556185,17.714710009489583,8.317875305617362,8.583377800554574,2.185946754389173,"[""LocalDateTime$Property"", ""LocalDateTime"", ""TestLocalDateTime_Properties""]","[0.058186738836265225, 0.01849217638691323]","[11.043301759133964, 6.6714082503556185]"
org.joda.time.TestLocalDateTime_Properties.testPropertyWithMaximumValueDayOfMonth,0.058186738836265225,0.03833945761158923,0.01849217638691323,0.07667891522317846,0.028065066773772466,0.03280243036635351,0.019847281224675998,11.043301759133964,8.857355004744791,6.6714082503556185,17.714710009489583,8.317875305617362,8.583377800554574,2.185946754389173,"[""LocalDateTime$Property"", ""LocalDateTime"", ""TestLocalDateTime_Properties""]","[0.058186738836265225, 0.01849217638691323]","[11.043301759133964, 6.6714082503556185]"
org.joda.time.TestLocalDateTime_Properties.testPropertyAddToCopyYear,0.058186738836265225,0.03833945761158923,0.01849217638691323,0.07667891522317846,0.028065066773772466,0.03280243036635351,0.019847281224675998,11.043301759133964,8.857355004744791,6.6714082503556185,17.714710009489583,8.317875305617362,8.583377800554574,2.185946754389173,"[""LocalDateTime$Property"", ""LocalDateTime"", ""TestLocalDateTime_Properties""]","[0.058186738836265225, 0.01849217638691323]","[11.043301759133964, 6.6714082503556185]"
org.joda.time.TestLocalDateTime_Properties.testPropertyAddWrapFieldToCopySecond,0.058186738836265225,0.03833945761158923,0.01849217638691323,0.07667891522317846,0.028065066773772466,0.03280243036635351,0.019847281224675998,11.043301759133964,8.857355004744791,6.6714082503556185,17.714710009489583,8.317875305617362,8.583377800554574,2.185946754389173,"[""LocalDateTime$Property"", ""LocalDateTime"", ""TestLocalDateTime_Properties""]","[0.058186738836265225, 0.01849217638691323]","[11.043301759133964, 6.6714082503556185]"
org.joda.time.TestLocalDateTime_Properties.testPropertyWithMaximumValueHour,0.058186738836265225,0.03833945761158923,0.01849217638691323,0.07667891522317846,0.028065066773772466,0.03280243036635351,0.019847281224675998,11.043301759133964,8.857355004744791,6.6714082503556185,17.714710009489583,8.317875305617362,8.583377800554574,2.185946754389173,"[""LocalDateTime$Property"", ""LocalDateTime"", ""TestLocalDateTime_Properties""]","[0.058186738836265225, 0.01849217638691323]","[11.043301759133964, 6.6714082503556185]"
org.joda.time.TestLocalDateTime_Properties.testPropertyAddWrapFieldToCopyMilli,0.058186738836265225,0.03833945761158923,0.01849217638691323,0.07667891522317846,0.028065066773772466,0.03280243036635351,0.019847281224675998,11.043301759133964,8.857355004744791,6.6714082503556185,17.714710009489583,8.317875305617362,8.583377800554574,2.185946754389173,"[""LocalDateTime$Property"", ""LocalDateTime"", ""TestLocalDateTime_Properties""]","[0.058186738836265225, 0.01849217638691323]","[11.043301759133964, 6.6714082503556185]"
org.joda.time.TestLocalDateTime_Properties.testPropertyAddWrapFieldToCopyDay,0.058186738836265225,0.03833945761158923,0.01849217638691323,0.07667891522317846,0.028065066773772466,0.03280243036635351,0.019847281224675998,11.043301759133964,8.857355004744791,6.6714082503556185,17.714710009489583,8.317875305617362,8.583377800554574,2.185946754389173,"[""LocalDateTime$Property"", ""LocalDateTime"", ""TestLocalDateTime_Properties""]","[0.058186738836265225, 0.01849217638691323]","[11.043301759133964, 6.6714082503556185]"
org.joda.time.TestLocalDateTime_Properties.testPropertySetSecond,0.058186738836265225,0.03833945761158923,0.01849217638691323,0.07667891522317846,0.028065066773772466,0.03280243036635351,0.019847281224675998,11.043301759133964,8.857355004744791,6.6714082503556185,17.714710009489583,8.317875305617362,8.583377800554574,2.185946754389173,"[""LocalDateTime$Property"", ""LocalDateTime"", ""TestLocalDateTime_Properties""]","[0.058186738836265225, 0.01849217638691323]","[11.043301759133964, 6.6714082503556185]"
org.joda.time.TestLocalDateTime_Properties.testPropertyWithMaxMinValueMinute,0.058186738836265225,0.03833945761158923,0.01849217638691323,0.07667891522317846,0.028065066773772466,0.03280243036635351,0.019847281224675998,11.043301759133964,8.857355004744791,6.6714082503556185,17.714710009489583,8.317875305617362,8.583377800554574,2.185946754389173,"[""LocalDateTime$Property"", ""LocalDateTime"", ""TestLocalDateTime_Properties""]","[0.058186738836265225, 0.01849217638691323]","[11.043301759133964, 6.6714082503556185]"
org.joda.time.TestLocalDateTime_Properties.testPropertySetTextHour,0.058186738836265225,0.03833945761158923,0.01849217638691323,0.07667891522317846,0.028065066773772466,0.03280243036635351,0.019847281224675998,11.043301759133964,8.857355004744791,6.6714082503556185,17.714710009489583,8.317875305617362,8.583377800554574,2.185946754389173,"[""LocalDateTime$Property"", ""LocalDateTime"", ""TestLocalDateTime_Properties""]","[0.058186738836265225, 0.01849217638691323]","[11.043301759133964, 6.6714082503556185]"
org.joda.time.TestLocalDateTime_Properties.testPropertySetCopyTextYear,0.058186738836265225,0.03833945761158923,0.01849217638691323,0.07667891522317846,0.028065066773772466,0.03280243036635351,0.019847281224675998,11.043301759133964,8.857355004744791,6.6714082503556185,17.714710009489583,8.317875305617362,8.583377800554574,2.185946754389173,"[""LocalDateTime$Property"", ""LocalDateTime"", ""TestLocalDateTime_Properties""]","[0.058186738836265225, 0.01849217638691323]","[11.043301759133964, 6.6714082503556185]"
org.joda.time.TestLocalDateTime_Properties.testPropertyWithMaxMinValueSecond,0.058186738836265225,0.03833945761158923,0.01849217638691323,0.07667891522317846,0.028065066773772466,0.03280243036635351,0.019847281224675998,11.043301759133964,8.857355004744791,6.6714082503556185,17.714710009489583,8.317875305617362,8.583377800554574,2.185946754389173,"[""LocalDateTime$Property"", ""LocalDateTime"", ""TestLocalDateTime_Properties""]","[0.058186738836265225, 0.01849217638691323]","[11.043301759133964, 6.6714082503556185]"
org.joda.time.TestLocalDateTime_Properties.testPropertyHashCode,0.058186738836265225,0.03833945761158923,0.01849217638691323,0.07667891522317846,0.028065066773772466,0.03280243036635351,0.019847281224675998,11.043301759133964,8.857355004744791,6.6714082503556185,17.714710009489583,8.317875305617362,8.583377800554574,2.185946754389173,"[""LocalDateTime$Property"", ""LocalDateTime"", ""TestLocalDateTime_Properties""]","[0.058186738836265225, 0.01849217638691323]","[11.043301759133964, 6.6714082503556185]"
org.joda.time.TestLocalDateTime_Properties.testPropertyGetMaxMinValuesSecond,0.058186738836265225,0.03833945761158923,0.01849217638691323,0.07667891522317846,0.028065066773772466,0.03280243036635351,0.019847281224675998,11.043301759133964,8.857355004744791,6.6714082503556185,17.714710009489583,8.317875305617362,8.583377800554574,2.185946754389173,"[""LocalDateTime$Property"", ""LocalDateTime"", ""TestLocalDateTime_Properties""]","[0.058186738836265225, 0.01849217638691323]","[11.043301759133964, 6.6714082503556185]"
org.joda.time.TestLocalDateTime_Properties.testPropertySetCopyDay,0.058186738836265225,0.03833945761158923,0.01849217638691323,0.07667891522317846,0.028065066773772466,0.03280243036635351,0.019847281224675998,11.043301759133964,8.857355004744791,6.6714082503556185,17.714710009489583,8.317875305617362,8.583377800554574,2.185946754389173,"[""LocalDateTime$Property"", ""LocalDateTime"", ""TestLocalDateTime_Properties""]","[0.058186738836265225, 0.01849217638691323]","[11.043301759133964, 6.6714082503556185]"
org.joda.time.TestLocalDateTime_Properties.testPropertySetMinute,0.058186738836265225,0.03833945761158923,0.01849217638691323,0.07667891522317846,0.028065066773772466,0.03280243036635351,0.019847281224675998,11.043301759133964,8.857355004744791,6.6714082503556185,17.714710009489583,8.317875305617362,8.583377800554574,2.185946754389173,"[""LocalDateTime$Property"", ""LocalDateTime"", ""TestLocalDateTime_Properties""]","[0.058186738836265225, 0.01849217638691323]","[11.043301759133964, 6.6714082503556185]"
org.joda.time.TestLocalDateTime_Properties.testPropertyAddToCopySecond,0.058186738836265225,0.03833945761158923,0.01849217638691323,0.07667891522317846,0.028065066773772466,0.03280243036635351,0.019847281224675998,11.043301759133964,8.857355004744791,6.6714082503556185,17.714710009489583,8.317875305617362,8.583377800554574,2.185946754389173,"[""LocalDateTime$Property"", ""LocalDateTime"", ""TestLocalDateTime_Properties""]","[0.058186738836265225, 0.01849217638691323]","[11.043301759133964, 6.6714082503556185]"
org.joda.time.TestLocalDateTime_Properties.testPropertyGetMaxMinValuesYear,0.058186738836265225,0.03833945761158923,0.01849217638691323,0.07667891522317846,0.028065066773772466,0.03280243036635351,0.019847281224675998,11.043301759133964,8.857355004744791,6.6714082503556185,17.714710009489583,8.317875305617362,8.583377800554574,2.185946754389173,"[""LocalDateTime$Property"", ""LocalDateTime"", ""TestLocalDateTime_Properties""]","[0.058186738836265225, 0.01849217638691323]","[11.043301759133964, 6.6714082503556185]"
org.joda.time.TestLocalDateTime_Properties.testPropertyGetMaxMinValuesMonth,0.058186738836265225,0.03833945761158923,0.01849217638691323,0.07667891522317846,0.028065066773772466,0.03280243036635351,0.019847281224675998,11.043301759133964,8.857355004744791,6.6714082503556185,17.714710009489583,8.317875305617362,8.583377800554574,2.185946754389173,"[""LocalDateTime$Property"", ""LocalDateTime"", ""TestLocalDateTime_Properties""]","[0.058186738836265225, 0.01849217638691323]","[11.043301759133964, 6.6714082503556185]"
org.joda.time.TestLocalDateTime_Properties.testPropertySetCopyMonth,0.058186738836265225,0.03833945761158923,0.01849217638691323,0.07667891522317846,0.028065066773772466,0.03280243036635351,0.019847281224675998,11.043301759133964,8.857355004744791,6.6714082503556185,17.714710009489583,8.317875305617362,8.583377800554574,2.185946754389173,"[""LocalDateTime$Property"", ""LocalDateTime"", ""TestLocalDateTime_Properties""]","[0.058186738836265225, 0.01849217638691323]","[11.043301759133964, 6.6714082503556185]"
org.joda.time.TestLocalDateTime_Properties.testPropertyAddToCopyMonth,0.058186738836265225,0.03833945761158923,0.01849217638691323,0.07667891522317846,0.028065066773772466,0.03280243036635351,0.019847281224675998,11.043301759133964,8.857355004744791,6.6714082503556185,17.714710009489583,8.317875305617362,8.583377800554574,2.185946754389173,"[""LocalDateTime$Property"", ""LocalDateTime"", ""TestLocalDateTime_Properties""]","[0.058186738836265225, 0.01849217638691323]","[11.043301759133964, 6.6714082503556185]"
org.joda.time.TestLocalDateTime_Properties.testPropertySetCopyTextMonth,0.058186738836265225,0.03833945761158923,0.01849217638691323,0.07667891522317846,0.028065066773772466,0.03280243036635351,0.019847281224675998,11.043301759133964,8.857355004744791,6.6714082503556185,17.714710009489583,8.317875305617362,8.583377800554574,2.185946754389173,"[""LocalDateTime$Property"", ""LocalDateTime"", ""TestLocalDateTime_Properties""]","[0.058186738836265225, 0.01849217638691323]","[11.043301759133964, 6.6714082503556185]"
org.joda.time.TestLocalDateTime_Properties.testPropertySetTextSecond,0.058186738836265225,0.03833945761158923,0.01849217638691323,0.07667891522317846,0.028065066773772466,0.03280243036635351,0.019847281224675998,11.043301759133964,8.857355004744791,6.6714082503556185,17.714710009489583,8.317875305617362,8.583377800554574,2.185946754389173,"[""LocalDateTime$Property"", ""LocalDateTime"", ""TestLocalDateTime_Properties""]","[0.058186738836265225, 0.01849217638691323]","[11.043301759133964, 6.6714082503556185]"
org.joda.time.TestLocalDateTime_Properties.testPropertyWithMaxMinValueMilli,0.058186738836265225,0.03833945761158923,0.01849217638691323,0.07667891522317846,0.028065066773772466,0.03280243036635351,0.019847281224675998,11.043301759133964,8.857355004744791,6.6714082503556185,17.714710009489583,8.317875305617362,8.583377800554574,2.185946754389173,"[""LocalDateTime$Property"", ""LocalDateTime"", ""TestLocalDateTime_Properties""]","[0.058186738836265225, 0.01849217638691323]","[11.043301759133964, 6.6714082503556185]"
org.joda.time.TestLocalDateTime_Properties.testPropertyAddWrapFieldToCopyMinute,0.058186738836265225,0.03833945761158923,0.01849217638691323,0.07667891522317846,0.028065066773772466,0.03280243036635351,0.019847281224675998,11.043301759133964,8.857355004744791,6.6714082503556185,17.714710009489583,8.317875305617362,8.583377800554574,2.185946754389173,"[""LocalDateTime$Property"", ""LocalDateTime"", ""TestLocalDateTime_Properties""]","[0.058186738836265225, 0.01849217638691323]","[11.043301759133964, 6.6714082503556185]"
org.joda.time.TestLocalDateTime_Properties.testPropertySetCopyTextDay,0.058186738836265225,0.03833945761158923,0.01849217638691323,0.07667891522317846,0.028065066773772466,0.03280243036635351,0.019847281224675998,11.043301759133964,8.857355004744791,6.6714082503556185,17.714710009489583,8.317875305617362,8.583377800554574,2.185946754389173,"[""LocalDateTime$Property"", ""LocalDateTime"", ""TestLocalDateTime_Properties""]","[0.058186738836265225, 0.01849217638691323]","[11.043301759133964, 6.6714082503556185]"
org.joda.time.TestLocalDateTime_Properties.testPropertyGetMaxMinValuesHour,0.058186738836265225,0.03833945761158923,0.01849217638691323,0.07667891522317846,0.028065066773772466,0.03280243036635351,0.019847281224675998,11.043301759133964,8.857355004744791,6.6714082503556185,17.714710009489583,8.317875305617362,8.583377800554574,2.185946754389173,"[""LocalDateTime$Property"", ""LocalDateTime"", ""TestLocalDateTime_Properties""]","[0.058186738836265225, 0.01849217638691323]","[11.043301759133964, 6.6714082503556185]"
org.joda.time.TestLocalDateTime_Properties.testPropertySetTextMinute,0.058186738836265225,0.03833945761158923,0.01849217638691323,0.07667891522317846,0.028065066773772466,0.03280243036635351,0.019847281224675998,11.043301759133964,8.857355004744791,6.6714082503556185,17.714710009489583,8.317875305617362,8.583377800554574,2.185946754389173,"[""LocalDateTime$Property"", ""LocalDateTime"", ""TestLocalDateTime_Properties""]","[0.058186738836265225, 0.01849217638691323]","[11.043301759133964, 6.6714082503556185]"
org.joda.time.TestLocalDateTime_Properties.testPropertyAddWrapFieldToCopyYear,0.058186738836265225,0.03833945761158923,0.01849217638691323,0.07667891522317846,0.028065066773772466,0.03280243036635351,0.019847281224675998,11.043301759133964,8.857355004744791,6.6714082503556185,17.714710009489583,8.317875305617362,8.583377800554574,2.185946754389173,"[""LocalDateTime$Property"", ""LocalDateTime"", ""TestLocalDateTime_Properties""]","[0.058186738836265225, 0.01849217638691323]","[11.043301759133964, 6.6714082503556185]"
org.joda.time.TestLocalDateTime_Properties.testPropertyEquals,0.058186738836265225,0.03833945761158923,0.01849217638691323,0.07667891522317846,0.028065066773772466,0.03280243036635351,0.019847281224675998,11.043301759133964,8.857355004744791,6.6714082503556185,17.714710009489583,8.317875305617362,8.583377800554574,2.185946754389173,"[""LocalDateTime$Property"", ""LocalDateTime"", ""TestLocalDateTime_Properties""]","[0.058186738836265225, 0.01849217638691323]","[11.043301759133964, 6.6714082503556185]"
org.joda.time.TestLocalDateTime_Properties.testPropertySetTextMilli,0.058186738836265225,0.03833945761158923,0.01849217638691323,0.07667891522317846,0.028065066773772466,0.03280243036635351,0.019847281224675998,11.043301759133964,8.857355004744791,6.6714082503556185,17.714710009489583,8.317875305617362,8.583377800554574,2.185946754389173,"[""LocalDateTime$Property"", ""LocalDateTime"", ""TestLocalDateTime_Properties""]","[0.058186738836265225, 0.01849217638691323]","[11.043301759133964, 6.6714082503556185]"
org.joda.time.TestLocalDateTime_Properties.testPropertyGetMaxMinValuesDay,0.058186738836265225,0.03833945761158923,0.01849217638691323,0.07667891522317846,0.028065066773772466,0.03280243036635351,0.019847281224675998,11.043301759133964,8.857355004744791,6.6714082503556185,17.714710009489583,8.317875305617362,8.583377800554574,2.185946754389173,"[""LocalDateTime$Property"", ""LocalDateTime"", ""TestLocalDateTime_Properties""]","[0.058186738836265225, 0.01849217638691323]","[11.043301759133964, 6.6714082503556185]"
org.joda.time.TestLocalDateTime_Properties.testPropertyAddToCopyMilli,0.058186738836265225,0.03833945761158923,0.01849217638691323,0.07667891522317846,0.028065066773772466,0.03280243036635351,0.019847281224675998,11.043301759133964,8.857355004744791,6.6714082503556185,17.714710009489583,8.317875305617362,8.583377800554574,2.185946754389173,"[""LocalDateTime$Property"", ""LocalDateTime"", ""TestLocalDateTime_Properties""]","[0.058186738836265225, 0.01849217638691323]","[11.043301759133964, 6.6714082503556185]"
org.joda.time.TestLocalDateTime_Properties.testPropertyGetMaxMinValuesMinute,0.058186738836265225,0.03833945761158923,0.01849217638691323,0.07667891522317846,0.028065066773772466,0.03280243036635351,0.019847281224675998,11.043301759133964,8.857355004744791,6.6714082503556185,17.714710009489583,8.317875305617362,8.583377800554574,2.185946754389173,"[""LocalDateTime$Property"", ""LocalDateTime"", ""TestLocalDateTime_Properties""]","[0.058186738836265225, 0.01849217638691323]","[11.043301759133964, 6.6714082503556185]"
org.joda.time.TestLocalDateTime_Properties.testPropertyWithMinimumValueHour,0.058186738836265225,0.03833945761158923,0.01849217638691323,0.07667891522317846,0.028065066773772466,0.03280243036635351,0.019847281224675998,11.043301759133964,8.857355004744791,6.6714082503556185,17.714710009489583,8.317875305617362,8.583377800554574,2.185946754389173,"[""LocalDateTime$Property"", ""LocalDateTime"", ""TestLocalDateTime_Properties""]","[0.058186738836265225, 0.01849217638691323]","[11.043301759133964, 6.6714082503556185]"
org.joda.time.TestLocalDateTime_Properties.testPropertySetHour,0.058186738836265225,0.03833945761158923,0.01849217638691323,0.07667891522317846,0.028065066773772466,0.03280243036635351,0.019847281224675998,11.043301759133964,8.857355004744791,6.6714082503556185,17.714710009489583,8.317875305617362,8.583377800554574,2.185946754389173,"[""LocalDateTime$Property"", ""LocalDateTime"", ""TestLocalDateTime_Properties""]","[0.058186738836265225, 0.01849217638691323]","[11.043301759133964, 6.6714082503556185]"
org.joda.time.TestLocalDateTime_Properties.testPropertyWithMinimumValueDayOfMonth,0.058186738836265225,0.03833945761158923,0.01849217638691323,0.07667891522317846,0.028065066773772466,0.03280243036635351,0.019847281224675998,11.043301759133964,8.857355004744791,6.6714082503556185,17.714710009489583,8.317875305617362,8.583377800554574,2.185946754389173,"[""LocalDateTime$Property"", ""LocalDateTime"", ""TestLocalDateTime_Properties""]","[0.058186738836265225, 0.01849217638691323]","[11.043301759133964, 6.6714082503556185]"
org.joda.time.TestLocalDateTime_Properties.testPropertyAddWrapFieldToCopyMonth,0.058186738836265225,0.03833945761158923,0.01849217638691323,0.07667891522317846,0.028065066773772466,0.03280243036635351,0.019847281224675998,11.043301759133964,8.857355004744791,6.6714082503556185,17.714710009489583,8.317875305617362,8.583377800554574,2.185946754389173,"[""LocalDateTime$Property"", ""LocalDateTime"", ""TestLocalDateTime_Properties""]","[0.058186738836265225, 0.01849217638691323]","[11.043301759133964, 6.6714082503556185]"
org.joda.time.TestLocalDateTime_Properties.testPropertyAddWrapFieldToCopyHour,0.058186738836265225,0.03833945761158923,0.01849217638691323,0.07667891522317846,0.028065066773772466,0.03280243036635351,0.019847281224675998,11.043301759133964,8.857355004744791,6.6714082503556185,17.714710009489583,8.317875305617362,8.583377800554574,2.185946754389173,"[""LocalDateTime$Property"", ""LocalDateTime"", ""TestLocalDateTime_Properties""]","[0.058186738836265225, 0.01849217638691323]","[11.043301759133964, 6.6714082503556185]"
org.joda.time.TestMutableDateTime_Sets.testSetZoneRetainFields_DateTimeZone4,0.03498542274052478,0.019163888024010332,0.007623007623007623,0.07665555209604133,0.014414191996942443,0.01666453749791212,0.009923830940056763,4.066472303206997,2.039279416135188,0.16493416493416493,8.157117664540753,0.5457935472999148,1.2675896988086213,1.382143712622121,"[""BaseChronology"", ""MockNullZoneChronology"", ""TestMutableDateTime_Sets"", ""MutableDateTime""]","[0.03498542274052478, 0.017815646785437646, 0.016231474947071278, 0.007623007623007623]","[4.066472303206997, 2.021688613477924, 1.9040225829216655, 0.16493416493416493]"
org.joda.time.convert.TestReadableIntervalConverter.testGetPeriodType_Object,0.022713687985654513,0.019128192839963042,0.013157894736842105,0.07651277135985217,0.018306838900094553,0.018740567482299846,0.0035970257283699006,3.7277409860191315,1.5952226471484086,0.35825358851674644,6.380890588593634,0.7925368155120042,1.114352761672252,1.304097679849651,"[""PeriodType"", ""ReadableIntervalConverter"", ""TestReadableIntervalConverter"", ""Interval""]","[0.022713687985654513, 0.020773638968481375, 0.019867549668874173, 0.013157894736842105]","[1.5499103407053199, 0.7449856733524355, 3.7277409860191315, 0.35825358851674644]"
org.joda.time.TestPeriod_Basics.testNormalizedStandard_periodType_months1,0.030927835051546393,0.02549762946383084,0.019867549668874173,0.07649288839149251,0.024674917750274167,0.025087742776064098,0.004517553944380254,6.045521292217328,4.883920023035128,3.7277409860191315,14.651760069105386,4.697395201900337,4.790584799690921,0.9462376154720332,"[""PeriodType"", ""TestPeriod_Basics"", ""Period""]","[0.030927835051546393, 0.02569750367107195, 0.019867549668874173]","[4.878497790868925, 6.045521292217328, 3.7277409860191315]"
org.joda.time.TestPeriod_Basics.testGetPeriodType,0.030927835051546393,0.02549762946383084,0.019867549668874173,0.07649288839149251,0.024674917750274167,0.025087742776064098,0.004517553944380254,6.045521292217328,4.883920023035128,3.7277409860191315,14.651760069105386,4.697395201900337,4.790584799690921,0.9462376154720332,"[""PeriodType"", ""TestPeriod_Basics"", ""Period""]","[0.030927835051546393, 0.02569750367107195, 0.019867549668874173]","[4.878497790868925, 6.045521292217328, 3.7277409860191315]"
org.joda.time.TestPeriod_Basics.testPlusFields,0.030927835051546393,0.02549762946383084,0.019867549668874173,0.07649288839149251,0.024674917750274167,0.025087742776064098,0.004517553944380254,6.045521292217328,4.883920023035128,3.7277409860191315,14.651760069105386,4.697395201900337,4.790584799690921,0.9462376154720332,"[""PeriodType"", ""TestPeriod_Basics"", ""Period""]","[0.030927835051546393, 0.02569750367107195, 0.019867549668874173]","[4.878497790868925, 6.045521292217328, 3.7277409860191315]"
org.joda.time.TestPeriod_Basics.testNormalizedStandard_periodType_yearMonthWeekDay,0.030927835051546393,0.02549762946383084,0.019867549668874173,0.07649288839149251,0.024674917750274167,0.025087742776064098,0.004517553944380254,6.045521292217328,4.883920023035128,3.7277409860191315,14.651760069105386,4.697395201900337,4.790584799690921,0.9462376154720332,"[""PeriodType"", ""TestPeriod_Basics"", ""Period""]","[0.030927835051546393, 0.02569750367107195, 0.019867549668874173]","[4.878497790868925, 6.045521292217328, 3.7277409860191315]"
org.joda.time.TestPeriod_Basics.testWithPeriodType3,0.030927835051546393,0.02549762946383084,0.019867549668874173,0.07649288839149251,0.024674917750274167,0.025087742776064098,0.004517553944380254,6.045521292217328,4.883920023035128,3.7277409860191315,14.651760069105386,4.697395201900337,4.790584799690921,0.9462376154720332,"[""Period"", ""PeriodType"", ""TestPeriod_Basics""]","[0.030927835051546393, 0.02569750367107195, 0.019867549668874173]","[4.878497790868925, 6.045521292217328, 3.7277409860191315]"
org.joda.time.TestPeriod_Basics.testWithFields1,0.030927835051546393,0.02549762946383084,0.019867549668874173,0.07649288839149251,0.024674917750274167,0.025087742776064098,0.004517553944380254,6.045521292217328,4.883920023035128,3.7277409860191315,14.651760069105386,4.697395201900337,4.790584799690921,0.9462376154720332,"[""PeriodType"", ""TestPeriod_Basics"", ""Period""]","[0.030927835051546393, 0.02569750367107195, 0.019867549668874173]","[4.878497790868925, 6.045521292217328, 3.7277409860191315]"
org.joda.time.TestPeriod_Basics.testWithPeriodType2,0.030927835051546393,0.02549762946383084,0.019867549668874173,0.07649288839149251,0.024674917750274167,0.025087742776064098,0.004517553944380254,6.045521292217328,4.883920023035128,3.7277409860191315,14.651760069105386,4.697395201900337,4.790584799690921,0.9462376154720332,"[""PeriodType"", ""TestPeriod_Basics"", ""Period""]","[0.030927835051546393, 0.02569750367107195, 0.019867549668874173]","[4.878497790868925, 6.045521292217328, 3.7277409860191315]"
org.joda.time.TestPeriod_Basics.testNormalizedStandard_periodType_yearMonthDay,0.030927835051546393,0.02549762946383084,0.019867549668874173,0.07649288839149251,0.024674917750274167,0.025087742776064098,0.004517553944380254,6.045521292217328,4.883920023035128,3.7277409860191315,14.651760069105386,4.697395201900337,4.790584799690921,0.9462376154720332,"[""PeriodType"", ""TestPeriod_Basics"", ""Period""]","[0.030927835051546393, 0.02569750367107195, 0.019867549668874173]","[4.878497790868925, 6.045521292217328, 3.7277409860191315]"
org.joda.time.TestPeriod_Basics.testNormalizedStandard_periodType_months3,0.030927835051546393,0.02549762946383084,0.019867549668874173,0.07649288839149251,0.024674917750274167,0.025087742776064098,0.004517553944380254,6.045521292217328,4.883920023035128,3.7277409860191315,14.651760069105386,4.697395201900337,4.790584799690921,0.9462376154720332,"[""PeriodType"", ""TestPeriod_Basics"", ""Period""]","[0.030927835051546393, 0.02569750367107195, 0.019867549668874173]","[4.878497790868925, 6.045521292217328, 3.7277409860191315]"
org.joda.time.TestPeriod_Basics.testNormalizedStandard_periodType_years,0.030927835051546393,0.02549762946383084,0.019867549668874173,0.07649288839149251,0.024674917750274167,0.025087742776064098,0.004517553944380254,6.045521292217328,4.883920023035128,3.7277409860191315,14.651760069105386,4.697395201900337,4.790584799690921,0.9462376154720332,"[""PeriodType"", ""TestPeriod_Basics"", ""Period""]","[0.030927835051546393, 0.02569750367107195, 0.019867549668874173]","[4.878497790868925, 6.045521292217328, 3.7277409860191315]"
org.joda.time.TestPeriod_Basics.testWithPeriodType4,0.030927835051546393,0.02549762946383084,0.019867549668874173,0.07649288839149251,0.024674917750274167,0.025087742776064098,0.004517553944380254,6.045521292217328,4.883920023035128,3.7277409860191315,14.651760069105386,4.697395201900337,4.790584799690921,0.9462376154720332,"[""PeriodType"", ""TestPeriod_Basics"", ""Period""]","[0.030927835051546393, 0.02569750367107195, 0.019867549668874173]","[4.878497790868925, 6.045521292217328, 3.7277409860191315]"
org.joda.time.TestPeriod_Basics.testWith,0.030927835051546393,0.02549762946383084,0.019867549668874173,0.07649288839149251,0.024674917750274167,0.025087742776064098,0.004517553944380254,6.045521292217328,4.883920023035128,3.7277409860191315,14.651760069105386,4.697395201900337,4.790584799690921,0.9462376154720332,"[""PeriodType"", ""TestPeriod_Basics"", ""Period""]","[0.030927835051546393, 0.02569750367107195, 0.019867549668874173]","[4.878497790868925, 6.045521292217328, 3.7277409860191315]"
org.joda.time.TestPeriod_Basics.testWithFields3,0.030927835051546393,0.02549762946383084,0.019867549668874173,0.07649288839149251,0.024674917750274167,0.025087742776064098,0.004517553944380254,6.045521292217328,4.883920023035128,3.7277409860191315,14.651760069105386,4.697395201900337,4.790584799690921,0.9462376154720332,"[""Period"", ""PeriodType"", ""TestPeriod_Basics""]","[0.030927835051546393, 0.02569750367107195, 0.019867549668874173]","[4.878497790868925, 6.045521292217328, 3.7277409860191315]"
org.joda.time.TestPeriod_Basics.testNormalizedStandard_periodType_months2,0.030927835051546393,0.02549762946383084,0.019867549668874173,0.07649288839149251,0.024674917750274167,0.025087742776064098,0.004517553944380254,6.045521292217328,4.883920023035128,3.7277409860191315,14.651760069105386,4.697395201900337,4.790584799690921,0.9462376154720332,"[""PeriodType"", ""TestPeriod_Basics"", ""Period""]","[0.030927835051546393, 0.02569750367107195, 0.019867549668874173]","[4.878497790868925, 6.045521292217328, 3.7277409860191315]"
org.joda.time.TestPeriod_Basics.testNormalizedStandard_periodType_weekDay3,0.030927835051546393,0.02549762946383084,0.019867549668874173,0.07649288839149251,0.024674917750274167,0.025087742776064098,0.004517553944380254,6.045521292217328,4.883920023035128,3.7277409860191315,14.651760069105386,4.697395201900337,4.790584799690921,0.9462376154720332,"[""PeriodType"", ""TestPeriod_Basics"", ""Period""]","[0.030927835051546393, 0.02569750367107195, 0.019867549668874173]","[4.878497790868925, 6.045521292217328, 3.7277409860191315]"
org.joda.time.TestPeriod_Basics.testWithPeriodType5,0.030927835051546393,0.02549762946383084,0.019867549668874173,0.07649288839149251,0.024674917750274167,0.025087742776064098,0.004517553944380254,6.045521292217328,4.883920023035128,3.7277409860191315,14.651760069105386,4.697395201900337,4.790584799690921,0.9462376154720332,"[""Period"", ""PeriodType"", ""TestPeriod_Basics""]","[0.030927835051546393, 0.02569750367107195, 0.019867549668874173]","[4.878497790868925, 6.045521292217328, 3.7277409860191315]"
org.joda.time.TestPeriod_Basics.testNormalizedStandard_periodType_yearMonth3,0.030927835051546393,0.02549762946383084,0.019867549668874173,0.07649288839149251,0.024674917750274167,0.025087742776064098,0.004517553944380254,6.045521292217328,4.883920023035128,3.7277409860191315,14.651760069105386,4.697395201900337,4.790584799690921,0.9462376154720332,"[""PeriodType"", ""TestPeriod_Basics"", ""Period""]","[0.030927835051546393, 0.02569750367107195, 0.019867549668874173]","[4.878497790868925, 6.045521292217328, 3.7277409860191315]"
org.joda.time.TestPeriod_Basics.testWithPeriodType1,0.030927835051546393,0.02549762946383084,0.019867549668874173,0.07649288839149251,0.024674917750274167,0.025087742776064098,0.004517553944380254,6.045521292217328,4.883920023035128,3.7277409860191315,14.651760069105386,4.697395201900337,4.790584799690921,0.9462376154720332,"[""PeriodType"", ""TestPeriod_Basics"", ""Period""]","[0.030927835051546393, 0.02569750367107195, 0.019867549668874173]","[4.878497790868925, 6.045521292217328, 3.7277409860191315]"
org.joda.time.TestPeriod_Basics.testMinusFields,0.030927835051546393,0.02549762946383084,0.019867549668874173,0.07649288839149251,0.024674917750274167,0.025087742776064098,0.004517553944380254,6.045521292217328,4.883920023035128,3.7277409860191315,14.651760069105386,4.697395201900337,4.790584799690921,0.9462376154720332,"[""PeriodType"", ""TestPeriod_Basics"", ""Period""]","[0.030927835051546393, 0.02569750367107195, 0.019867549668874173]","[4.878497790868925, 6.045521292217328, 3.7277409860191315]"
org.joda.time.TestPeriod_Basics.testPeriodStatics,0.030927835051546393,0.02549762946383084,0.019867549668874173,0.07649288839149251,0.024674917750274167,0.025087742776064098,0.004517553944380254,6.045521292217328,4.883920023035128,3.7277409860191315,14.651760069105386,4.697395201900337,4.790584799690921,0.9462376154720332,"[""PeriodType"", ""TestPeriod_Basics"", ""Period""]","[0.030927835051546393, 0.02569750367107195, 0.019867549668874173]","[4.878497790868925, 6.045521292217328, 3.7277409860191315]"
org.joda.time.convert.TestReadableDurationConverter.testGetPeriodType_Object,0.02516091281451141,0.019103985215010028,0.012287887653598596,0.07641594086004011,0.017871854056421027,0.01850729716518406,0.004575166879443985,3.7277409860191315,1.5430350375955257,0.3200702165008777,6.172140150382103,0.6721477995237297,0.9976584649137804,1.3534065257076928,"[""PeriodType"", ""ReadableDurationConverter"", ""Duration"", ""TestReadableDurationConverter""]","[0.02516091281451141, 0.019867549668874173, 0.019099590723055934, 0.012287887653598596]","[1.6079578700994734, 3.7277409860191315, 0.5163710777626194, 0.3200702165008777]"
org.joda.time.TestMutableDateTime_Adds.testAdd_RD_int1,0.03498542274052478,0.025459270167369156,0.016231474947071278,0.07637781050210747,0.023088251410592037,0.024265570232690704,0.007659173249222055,4.066472303206997,2.2266919679076143,1.0056457304163726,6.680075903722843,1.6109923819653118,1.873466073170294,1.3239558754022334,"[""Duration"", ""TestMutableDateTime_Adds"", ""MutableDateTime""]","[0.03498542274052478, 0.02516091281451141, 0.016231474947071278]","[4.066472303206997, 1.6079578700994734, 1.0056457304163726]"
org.joda.time.TestMutableDateTime_Adds.testAdd_RD1,0.03498542274052478,0.025459270167369156,0.016231474947071278,0.07637781050210747,0.023088251410592037,0.024265570232690704,0.007659173249222055,4.066472303206997,2.2266919679076143,1.0056457304163726,6.680075903722843,1.6109923819653118,1.873466073170294,1.3239558754022334,"[""Duration"", ""TestMutableDateTime_Adds"", ""MutableDateTime""]","[0.03498542274052478, 0.02516091281451141, 0.016231474947071278]","[4.066472303206997, 1.6079578700994734, 1.0056457304163726]"
org.joda.time.TestInterval_Basics.testWithDurationAfterStart1,0.028210838901262063,0.02536181323380933,0.022713687985654513,0.07608543970142799,0.025164012689808113,0.025262520743811436,0.0022486941071203663,5.182628062360802,2.7801654243885316,1.5499103407053199,8.340496273165595,2.0547132438556717,2.346265175267777,1.6989629040597485,"[""TestInterval_Basics"", ""Duration"", ""Interval""]","[0.028210838901262063, 0.02516091281451141, 0.022713687985654513]","[5.182628062360802, 1.6079578700994734, 1.5499103407053199]"
org.joda.time.TestInterval_Basics.testWithDurationBeforeEnd1,0.028210838901262063,0.02536181323380933,0.022713687985654513,0.07608543970142799,0.025164012689808113,0.025262520743811436,0.0022486941071203663,5.182628062360802,2.7801654243885316,1.5499103407053199,8.340496273165595,2.0547132438556717,2.346265175267777,1.6989629040597485,"[""TestInterval_Basics"", ""Duration"", ""Interval""]","[0.028210838901262063, 0.02516091281451141, 0.022713687985654513]","[5.182628062360802, 1.6079578700994734, 1.5499103407053199]"
org.joda.time.TestInterval_Basics.testWithDurationAfterStart3,0.028210838901262063,0.02536181323380933,0.022713687985654513,0.07608543970142799,0.025164012689808113,0.025262520743811436,0.0022486941071203663,5.182628062360802,2.7801654243885316,1.5499103407053199,8.340496273165595,2.0547132438556717,2.346265175267777,1.6989629040597485,"[""TestInterval_Basics"", ""Duration"", ""Interval""]","[0.028210838901262063, 0.02516091281451141, 0.022713687985654513]","[5.182628062360802, 1.6079578700994734, 1.5499103407053199]"
org.joda.time.TestInterval_Basics.testGetDuration1,0.028210838901262063,0.02536181323380933,0.022713687985654513,0.07608543970142799,0.025164012689808113,0.025262520743811436,0.0022486941071203663,5.182628062360802,2.7801654243885316,1.5499103407053199,8.340496273165595,2.0547132438556717,2.346265175267777,1.6989629040597485,"[""Duration"", ""TestInterval_Basics"", ""Interval""]","[0.028210838901262063, 0.02516091281451141, 0.022713687985654513]","[5.182628062360802, 1.6079578700994734, 1.5499103407053199]"
org.joda.time.TestInterval_Basics.testWithDurationBeforeEnd3,0.028210838901262063,0.02536181323380933,0.022713687985654513,0.07608543970142799,0.025164012689808113,0.025262520743811436,0.0022486941071203663,5.182628062360802,2.7801654243885316,1.5499103407053199,8.340496273165595,2.0547132438556717,2.346265175267777,1.6989629040597485,"[""TestInterval_Basics"", ""Duration"", ""Interval""]","[0.028210838901262063, 0.02516091281451141, 0.022713687985654513]","[5.182628062360802, 1.6079578700994734, 1.5499103407053199]"
org.joda.time.TestMutablePeriod_Updates.testAdd_long_Chronology2,0.020618556701030927,0.01901333378734919,0.01574344023323615,0.07605333514939676,0.018797319641458532,0.018909159113953432,0.0019141229157451133,5.674008810572687,3.2890949887470047,0.7008746355685131,13.156379954988019,1.8192108789577823,2.593896157539587,1.7772516359033563,"[""PeriodType"", ""TestMutablePeriod_Updates"", ""MutablePeriod"", ""ISOChronology""]","[0.020618556701030927, 0.019867549668874173, 0.019823788546255508, 0.01574344023323615]","[3.0537555228276876, 3.7277409860191315, 5.674008810572687, 0.7008746355685131]"
org.joda.time.TestMutablePeriod_Updates.testAdd_long_Chronology3,0.020618556701030927,0.01901333378734919,0.01574344023323615,0.07605333514939676,0.018797319641458532,0.018909159113953432,0.0019141229157451133,5.674008810572687,3.2890949887470047,0.7008746355685131,13.156379954988019,1.8192108789577823,2.593896157539587,1.7772516359033563,"[""PeriodType"", ""TestMutablePeriod_Updates"", ""MutablePeriod"", ""ISOChronology""]","[0.020618556701030927, 0.019867549668874173, 0.019823788546255508, 0.01574344023323615]","[3.0537555228276876, 3.7277409860191315, 5.674008810572687, 0.7008746355685131]"
org.joda.time.TestMutableInterval_Constructors.testConstructor_RI_RI6,0.04081632653061224,0.02524645224026918,0.01639344262295082,0.07573935672080753,0.02151035041054701,0.023144969412136285,0.011044048710159763,5.746938775510204,3.1075965790290696,1.2755528989838614,9.32278973708721,2.1540803453822184,2.564324919421237,1.9126109702323237,"[""MutableInterval"", ""TestMutableInterval_Constructors"", ""DateTime""]","[0.04081632653061224, 0.01852958756724447, 0.01639344262295082]","[5.746938775510204, 1.2755528989838614, 2.3002980625931446]"
org.joda.time.TestMutableInterval_Constructors.testConstructor_RI_RI1,0.04081632653061224,0.02524645224026918,0.01639344262295082,0.07573935672080753,0.02151035041054701,0.023144969412136285,0.011044048710159763,5.746938775510204,3.1075965790290696,1.2755528989838614,9.32278973708721,2.1540803453822184,2.564324919421237,1.9126109702323237,"[""MutableInterval"", ""TestMutableInterval_Constructors"", ""DateTime""]","[0.04081632653061224, 0.01852958756724447, 0.01639344262295082]","[5.746938775510204, 1.2755528989838614, 2.3002980625931446]"
org.joda.time.TestMutableInterval_Constructors.testConstructor_Object2,0.04081632653061224,0.02524645224026918,0.01639344262295082,0.07573935672080753,0.02151035041054701,0.023144969412136285,0.011044048710159763,5.746938775510204,3.1075965790290696,1.2755528989838614,9.32278973708721,2.1540803453822184,2.564324919421237,1.9126109702323237,"[""MutableInterval"", ""TestMutableInterval_Constructors"", ""DateTime""]","[0.04081632653061224, 0.01852958756724447, 0.01639344262295082]","[5.746938775510204, 1.2755528989838614, 2.3002980625931446]"
org.joda.time.TestMutableInterval_Constructors.testConstructor_RD_RI3,0.04081632653061224,0.02524645224026918,0.01639344262295082,0.07573935672080753,0.02151035041054701,0.023144969412136285,0.011044048710159763,5.746938775510204,3.1075965790290696,1.2755528989838614,9.32278973708721,2.1540803453822184,2.564324919421237,1.9126109702323237,"[""MutableInterval"", ""TestMutableInterval_Constructors"", ""DateTime""]","[0.04081632653061224, 0.01852958756724447, 0.01639344262295082]","[5.746938775510204, 1.2755528989838614, 2.3002980625931446]"
org.joda.time.TestMutableInterval_Constructors.testConstructor_Object1,0.04081632653061224,0.02524645224026918,0.01639344262295082,0.07573935672080753,0.02151035041054701,0.023144969412136285,0.011044048710159763,5.746938775510204,3.1075965790290696,1.2755528989838614,9.32278973708721,2.1540803453822184,2.564324919421237,1.9126109702323237,"[""MutableInterval"", ""StringBuilder"", ""TestMutableInterval_Constructors"", ""DateTime""]","[0.04081632653061224, 0.01852958756724447, 0.01639344262295082]","[5.746938775510204, 1.2755528989838614, 2.3002980625931446]"
org.joda.time.TestMutableInterval_Constructors.testConstructor_RI_RI7,0.04081632653061224,0.02524645224026918,0.01639344262295082,0.07573935672080753,0.02151035041054701,0.023144969412136285,0.011044048710159763,5.746938775510204,3.1075965790290696,1.2755528989838614,9.32278973708721,2.1540803453822184,2.564324919421237,1.9126109702323237,"[""MutableInterval"", ""TestMutableInterval_Constructors"", ""DateTime""]","[0.04081632653061224, 0.01852958756724447, 0.01639344262295082]","[5.746938775510204, 1.2755528989838614, 2.3002980625931446]"
org.joda.time.TestMutableInterval_Constructors.testConstructor_RI_RP6,0.04081632653061224,0.02524645224026918,0.01639344262295082,0.07573935672080753,0.02151035041054701,0.023144969412136285,0.011044048710159763,5.746938775510204,3.1075965790290696,1.2755528989838614,9.32278973708721,2.1540803453822184,2.564324919421237,1.9126109702323237,"[""MutableInterval"", ""TestMutableInterval_Constructors"", ""DateTime""]","[0.04081632653061224, 0.01852958756724447, 0.01639344262295082]","[5.746938775510204, 1.2755528989838614, 2.3002980625931446]"
org.joda.time.TestMutableInterval_Constructors.testConstructor_RP_RI6,0.04081632653061224,0.02524645224026918,0.01639344262295082,0.07573935672080753,0.02151035041054701,0.023144969412136285,0.011044048710159763,5.746938775510204,3.1075965790290696,1.2755528989838614,9.32278973708721,2.1540803453822184,2.564324919421237,1.9126109702323237,"[""MutableInterval"", ""TestMutableInterval_Constructors"", ""DateTime""]","[0.04081632653061224, 0.01852958756724447, 0.01639344262295082]","[5.746938775510204, 1.2755528989838614, 2.3002980625931446]"
org.joda.time.TestMutableInterval_Constructors.testConstructor_RI_RD3,0.04081632653061224,0.02524645224026918,0.01639344262295082,0.07573935672080753,0.02151035041054701,0.023144969412136285,0.011044048710159763,5.746938775510204,3.1075965790290696,1.2755528989838614,9.32278973708721,2.1540803453822184,2.564324919421237,1.9126109702323237,"[""MutableInterval"", ""TestMutableInterval_Constructors"", ""DateTime""]","[0.04081632653061224, 0.01852958756724447, 0.01639344262295082]","[5.746938775510204, 1.2755528989838614, 2.3002980625931446]"
org.joda.time.TestMutableInterval_Constructors.testConstructor_RI_RI4,0.04081632653061224,0.02524645224026918,0.01639344262295082,0.07573935672080753,0.02151035041054701,0.023144969412136285,0.011044048710159763,5.746938775510204,3.1075965790290696,1.2755528989838614,9.32278973708721,2.1540803453822184,2.564324919421237,1.9126109702323237,"[""MutableInterval"", ""TestMutableInterval_Constructors"", ""DateTime""]","[0.04081632653061224, 0.01852958756724447, 0.01639344262295082]","[5.746938775510204, 1.2755528989838614, 2.3002980625931446]"
org.joda.time.TestMutableInterval_Constructors.testConstructor_RI_RI5,0.04081632653061224,0.02524645224026918,0.01639344262295082,0.07573935672080753,0.02151035041054701,0.023144969412136285,0.011044048710159763,5.746938775510204,3.1075965790290696,1.2755528989838614,9.32278973708721,2.1540803453822184,2.564324919421237,1.9126109702323237,"[""MutableInterval"", ""TestMutableInterval_Constructors"", ""DateTime""]","[0.04081632653061224, 0.01852958756724447, 0.01639344262295082]","[5.746938775510204, 1.2755528989838614, 2.3002980625931446]"
org.joda.time.TestMutableInterval_Constructors.testConstructor_long_long3,0.04081632653061224,0.02524645224026918,0.01639344262295082,0.07573935672080753,0.02151035041054701,0.023144969412136285,0.011044048710159763,5.746938775510204,3.1075965790290696,1.2755528989838614,9.32278973708721,2.1540803453822184,2.564324919421237,1.9126109702323237,"[""MutableInterval"", ""TestMutableInterval_Constructors"", ""DateTime""]","[0.04081632653061224, 0.01852958756724447, 0.01639344262295082]","[5.746938775510204, 1.2755528989838614, 2.3002980625931446]"
org.joda.time.TestBaseSingleFieldPeriod.testCompareTo,0.022364217252396165,0.018929285259526175,0.012718600953895072,0.0757171410381047,0.018032113509842736,0.018508728829123428,0.0036955398535563444,3.7277409860191315,2.210477813691402,1.1764705882352942,8.841911254765607,1.858300514625994,2.0214427630942575,0.9521203729232083,"[""BaseSingleFieldPeriod"", ""TestBaseSingleFieldPeriod$Single"", ""TestBaseSingleFieldPeriod"", ""PeriodType"", ""DurationFieldType""]","[0.022364217252396165, 0.020766773162939296, 0.019867549668874173, 0.012718600953895072]","[2.231629392971246, 1.706070287539936, 3.7277409860191315, 1.1764705882352942]"
org.joda.time.TestBaseSingleFieldPeriod.testGetSetValue,0.022364217252396165,0.018929285259526175,0.012718600953895072,0.0757171410381047,0.018032113509842736,0.018508728829123428,0.0036955398535563444,3.7277409860191315,2.210477813691402,1.1764705882352942,8.841911254765607,1.858300514625994,2.0214427630942575,0.9521203729232083,"[""BaseSingleFieldPeriod"", ""TestBaseSingleFieldPeriod$Single"", ""TestBaseSingleFieldPeriod"", ""PeriodType"", ""DurationFieldType""]","[0.022364217252396165, 0.020766773162939296, 0.019867549668874173, 0.012718600953895072]","[2.231629392971246, 1.706070287539936, 3.7277409860191315, 1.1764705882352942]"
org.joda.time.TestBaseSingleFieldPeriod.testGet,0.022364217252396165,0.018929285259526175,0.012718600953895072,0.0757171410381047,0.018032113509842736,0.018508728829123428,0.0036955398535563444,3.7277409860191315,2.210477813691402,1.1764705882352942,8.841911254765607,1.858300514625994,2.0214427630942575,0.9521203729232083,"[""BaseSingleFieldPeriod"", ""TestBaseSingleFieldPeriod$Single"", ""TestBaseSingleFieldPeriod"", ""PeriodType"", ""DurationFieldType""]","[0.022364217252396165, 0.020766773162939296, 0.019867549668874173, 0.012718600953895072]","[2.231629392971246, 1.706070287539936, 3.7277409860191315, 1.1764705882352942]"
org.joda.time.TestBaseSingleFieldPeriod.testFieldTypeIndexMethods,0.022364217252396165,0.018929285259526175,0.012718600953895072,0.0757171410381047,0.018032113509842736,0.018508728829123428,0.0036955398535563444,3.7277409860191315,2.210477813691402,1.1764705882352942,8.841911254765607,1.858300514625994,2.0214427630942575,0.9521203729232083,"[""BaseSingleFieldPeriod"", ""TestBaseSingleFieldPeriod$Single"", ""TestBaseSingleFieldPeriod"", ""PeriodType"", ""DurationFieldType""]","[0.022364217252396165, 0.020766773162939296, 0.019867549668874173, 0.012718600953895072]","[2.231629392971246, 1.706070287539936, 3.7277409860191315, 1.1764705882352942]"
org.joda.time.TestBaseSingleFieldPeriod.testIsSupported,0.022364217252396165,0.018929285259526175,0.012718600953895072,0.0757171410381047,0.018032113509842736,0.018508728829123428,0.0036955398535563444,3.7277409860191315,2.210477813691402,1.1764705882352942,8.841911254765607,1.858300514625994,2.0214427630942575,0.9521203729232083,"[""BaseSingleFieldPeriod"", ""TestBaseSingleFieldPeriod$Single"", ""TestBaseSingleFieldPeriod"", ""PeriodType"", ""DurationFieldType""]","[0.022364217252396165, 0.020766773162939296, 0.019867549668874173, 0.012718600953895072]","[2.231629392971246, 1.706070287539936, 3.7277409860191315, 1.1764705882352942]"
org.joda.time.TestBaseSingleFieldPeriod.testValueIndexMethods,0.022364217252396165,0.018929285259526175,0.012718600953895072,0.0757171410381047,0.018032113509842736,0.018508728829123428,0.0036955398535563444,3.7277409860191315,2.210477813691402,1.1764705882352942,8.841911254765607,1.858300514625994,2.0214427630942575,0.9521203729232083,"[""BaseSingleFieldPeriod"", ""TestBaseSingleFieldPeriod$Single"", ""TestBaseSingleFieldPeriod"", ""PeriodType"", ""DurationFieldType""]","[0.022364217252396165, 0.020766773162939296, 0.019867549668874173, 0.012718600953895072]","[2.231629392971246, 1.706070287539936, 3.7277409860191315, 1.1764705882352942]"
org.joda.time.TestMonths.testFactory_monthsBetween_RPartial_YearMonth,0.029333333333333333,0.02521973730919418,0.020766773162939296,0.07565921192758254,0.02471785490503936,0.024970392101998258,0.003505506747007879,5.344,3.220630457933973,1.987220447284345,9.661891373801918,2.6800019196237796,2.914279167322512,1.5079817012708636,"[""YearMonth"", ""Months"", ""TestMonths""]","[0.029333333333333333, 0.025559105431309903, 0.020766773162939296]","[5.344, 2.330670926517572, 1.987220447284345]"
org.joda.time.TestDays.testFactory_daysBetween_RPartial_YearMonth,0.029333333333333333,0.02521973730919418,0.020766773162939296,0.07565921192758254,0.02471785490503936,0.024970392101998258,0.003505506747007879,5.344,3.524144834930777,2.4345047923322682,10.572434504792332,3.138713187962967,3.31256330398411,1.2951708213395545,"[""Days"", ""YearMonth"", ""TestDays""]","[0.029333333333333333, 0.025559105431309903, 0.020766773162939296]","[5.344, 2.7939297124600637, 2.4345047923322682]"
org.joda.time.TestHours.testFactory_standardHoursIn_RPeriod,0.030927835051546393,0.025218756518779573,0.020766773162939296,0.07565626955633872,0.02454579784332648,0.02487397280261777,0.004242405833872637,4.878497790868925,3.339158475550558,2.4329073482428116,10.017475426651673,3.043980824290206,3.1787051962373236,1.094175075453338,"[""TestHours"", ""Hours"", ""Period""]","[0.030927835051546393, 0.023961661341853034, 0.020766773162939296]","[4.878497790868925, 2.7060702875399363, 2.4329073482428116]"
org.joda.time.TestWeeks.testFactory_standardWeeksIn_RPeriod,0.030927835051546393,0.025218756518779573,0.020766773162939296,0.07565626955633872,0.02454579784332648,0.02487397280261777,0.004242405833872637,4.878497790868925,3.3237165160191413,2.36741214057508,9.971149548057424,3.017126712725719,3.157341506651275,1.1090592815894713,"[""TestWeeks"", ""Weeks"", ""Period""]","[0.030927835051546393, 0.023961661341853034, 0.020766773162939296]","[4.878497790868925, 2.7252396166134187, 2.36741214057508]"
org.joda.time.TestMinutes.testFactory_standardMinutesIn_RPeriod,0.030927835051546393,0.025218756518779573,0.020766773162939296,0.07565626955633872,0.02454579784332648,0.02487397280261777,0.004242405833872637,4.878497790868925,3.271533342430217,2.3386581469648564,9.81460002729065,2.948198355231999,3.094565561362297,1.141196329856615,"[""TestMinutes"", ""Minutes"", ""Period""]","[0.030927835051546393, 0.023961661341853034, 0.020766773162939296]","[4.878497790868925, 2.597444089456869, 2.3386581469648564]"
org.joda.time.TestSeconds.testFactory_standardSecondsIn_RPeriod,0.030927835051546393,0.025218756518779573,0.020766773162939296,0.07565626955633872,0.02454579784332648,0.02487397280261777,0.004242405833872637,4.878497790868925,3.2544939388093437,2.3386581469648564,9.763481816428031,2.925974396618729,3.074130359891906,1.151469454021916,"[""Seconds"", ""Period"", ""TestSeconds""]","[0.030927835051546393, 0.023961661341853034, 0.020766773162939296]","[4.878497790868925, 2.5463258785942493, 2.3386581469648564]"
org.joda.time.TestPartial_Basics.testSerialization,0.024134312696747113,0.01260877865661298,0.006006006006006006,0.07565267193967788,0.009092258540316799,0.010662949471366222,0.007042092126472439,3.974816369359916,1.6181329733669765,0.06927710843373494,9.708797840201859,0.1475368273837295,0.48143441665223574,1.6376403267132982,"[""ByteArrayOutputStream"", ""Arrays"", ""DateTimeFieldType"", ""TestPartial_Basics"", ""ObjectInputStream"", ""Partial"", ""ObjectOutputStream"", ""ByteArrayInputStream""]","[0.024134312696747113, 0.016789087093389297, 0.016693163751987282, 0.006024096385542169, 0.006006006006006006, 0.006006006006006006]","[3.396642182581322, 3.974816369359916, 2.1089030206677264, 0.06927710843373494, 0.08408408408408409, 0.07507507507507508]"
org.joda.time.TestIllegalFieldValueException.testSetText,0.016693163751987282,0.015129396432705142,0.013224821973550356,0.07564698216352571,0.015025326573057515,0.015077886059052007,0.0012340290348342013,2.1089030206677264,1.442733182810707,0.7008746355685131,7.213665914053536,1.2457909945327603,1.347781532898969,0.4925177061414416,"[""IllegalFieldValueException"", ""DateTimeFieldType"", ""DateTimeField"", ""TestIllegalFieldValueException"", ""ISOChronology""]","[0.016693163751987282, 0.01574344023323615, 0.01574344023323615, 0.014242115971515769, 0.013224821973550356]","[2.1089030206677264, 0.7008746355685131, 1.8169096209912536, 1.1627670396744658, 1.4242115971515767]"
org.joda.time.TestDateTimeUtils.testGetReadableInterval_ReadableInterval,0.027149321266968326,0.025168011631216163,0.022713687985654513,0.07550403489364849,0.025029274004683837,0.02509924599773221,0.001841469945755604,1.9423076923076923,1.6607328802135595,1.4899806076276665,4.982198640640679,1.6382701913952231,1.649181321331188,0.20060105405351908,"[""DateTimeUtils"", ""TestDateTimeUtils"", ""Interval""]","[0.027149321266968326, 0.02564102564102564, 0.022713687985654513]","[1.4899806076276665, 1.9423076923076923, 1.5499103407053199]"
org.joda.time.TestDateMidnight_Basics.testWithField1,0.03319502074688797,0.025164573610351727,0.016693163751987282,0.07549372083105518,0.023240713622512885,0.024209277300697583,0.006744066881912811,3.8485477178423237,3.1830487467467177,2.1089030206677264,9.549146240240153,2.9631429849269404,3.0776389176407206,0.7667398715213057,"[""DateTimeFieldType"", ""TestDateMidnight_Basics"", ""DateMidnight""]","[0.03319502074688797, 0.02560553633217993, 0.016693163751987282]","[3.8485477178423237, 3.5916955017301038, 2.1089030206677264]"
org.joda.time.TestDateMidnight_Basics.testGet_DateTimeFieldType,0.03319502074688797,0.025164573610351727,0.016693163751987282,0.07549372083105518,0.023240713622512885,0.024209277300697583,0.006744066881912811,3.8485477178423237,3.1830487467467177,2.1089030206677264,9.549146240240153,2.9631429849269404,3.0776389176407206,0.7667398715213057,"[""DateTimeFieldType"", ""TestDateMidnight_Basics"", ""DateMidnight""]","[0.03319502074688797, 0.02560553633217993, 0.016693163751987282]","[3.8485477178423237, 3.5916955017301038, 2.1089030206677264]"
org.joda.time.TestMonthDay_Properties.testPropertyEquals,0.03459119496855346,0.025138819840649817,0.018867924528301886,0.07541645952194945,0.023538282826224298,0.024289755372670373,0.006801797247635536,6.022012578616352,3.015643042962472,0.8456712672521958,9.046929128887417,1.6598203854848477,2.230573043087889,2.1944320833361886,"[""MonthDay"", ""MonthDay$Property"", ""TestMonthDay_Properties"", ""CopticChronology""]","[0.03459119496855346, 0.021957340025094103, 0.018867924528301886]","[6.022012578616352, 0.8456712672521958, 2.1792452830188678]"
org.joda.time.TestMutablePeriod_Constructors.testConstructor_long_Chronology2,0.020618556701030927,0.018829780189698674,0.01574344023323615,0.0753191207587947,0.0186274834986235,0.01873158866042413,0.0018621005699884863,3.7277409860191315,2.792949614297666,0.7008746355685131,11.171798457190665,1.7440151323450535,2.3292699506110575,1.2371645617157672,"[""MutablePeriod"", ""PeriodType"", ""TestMutablePeriod_Constructors"", ""ISOChronology""]","[0.020618556701030927, 0.019867549668874173, 0.01908957415565345, 0.01574344023323615]","[3.0537555228276876, 3.7277409860191315, 3.6894273127753303, 0.7008746355685131]"
org.joda.time.TestMutablePeriod_Constructors.testConstructor_long_PeriodType_Chronology2,0.020618556701030927,0.018829780189698674,0.01574344023323615,0.0753191207587947,0.0186274834986235,0.01873158866042413,0.0018621005699884863,3.7277409860191315,2.792949614297666,0.7008746355685131,11.171798457190665,1.7440151323450535,2.3292699506110575,1.2371645617157672,"[""PeriodType"", ""ISOChronology"", ""MutablePeriod"", ""TestMutablePeriod_Constructors""]","[0.020618556701030927, 0.019867549668874173, 0.01908957415565345, 0.01574344023323615]","[3.0537555228276876, 3.7277409860191315, 3.6894273127753303, 0.7008746355685131]"
org.joda.time.TestMutablePeriod_Constructors.testConstructor_long_PeriodType_Chronology1,0.020618556701030927,0.018829780189698674,0.01574344023323615,0.0753191207587947,0.0186274834986235,0.01873158866042413,0.0018621005699884863,3.7277409860191315,2.792949614297666,0.7008746355685131,11.171798457190665,1.7440151323450535,2.3292699506110575,1.2371645617157672,"[""PeriodType"", ""ISOChronology"", ""MutablePeriod"", ""TestMutablePeriod_Constructors""]","[0.020618556701030927, 0.019867549668874173, 0.01908957415565345, 0.01574344023323615]","[3.0537555228276876, 3.7277409860191315, 3.6894273127753303, 0.7008746355685131]"
org.joda.time.TestMutablePeriod_Constructors.testConstructor_long_Chronology1,0.020618556701030927,0.018829780189698674,0.01574344023323615,0.0753191207587947,0.0186274834986235,0.01873158866042413,0.0018621005699884863,3.7277409860191315,2.792949614297666,0.7008746355685131,11.171798457190665,1.7440151323450535,2.3292699506110575,1.2371645617157672,"[""MutablePeriod"", ""PeriodType"", ""TestMutablePeriod_Constructors"", ""ISOChronology""]","[0.020618556701030927, 0.019867549668874173, 0.01908957415565345, 0.01574344023323615]","[3.0537555228276876, 3.7277409860191315, 3.6894273127753303, 0.7008746355685131]"
org.joda.time.TestMutableInterval_Updates.testSetInterval_RInterval2,0.028093245666467422,0.018794281252946507,0.01281085154483798,0.07517712501178603,0.01730546707440444,0.018000572880238083,0.005736938728769071,2.3735803945008964,1.4202073326777866,0.7008746355685131,5.680829330711147,1.1822138772790887,1.2963301888616026,0.6031737879732672,"[""MutableInterval"", ""ISOChronology"", ""TestMutableInterval_Updates"", ""AbstractInterval"", ""TestMutableInterval_Updates$MockBadInterval""]","[0.028093245666467422, 0.01852958756724447, 0.01574344023323615, 0.01281085154483798]","[2.3735803945008964, 1.2755528989838614, 0.7008746355685131, 1.330821401657875]"
org.joda.time.TestSerialization.testSerializedDateTime,0.04081632653061224,0.018768257537577198,0.006006006006006006,0.07507303015030879,0.00993901061667043,0.013452653533406826,0.014352291354306624,5.746938775510204,2.0566559295722953,0.07507507507507508,8.226623718289181,0.15493187084799567,0.5386518247736174,2.318702069662107,"[""StringBuilder"", ""ByteArrayOutputStream"", ""ObjectInputStream"", ""TestSerialization"", ""FileInputStream"", ""DateTime"", ""ObjectOutputStream"", ""ByteArrayInputStream""]","[0.04081632653061224, 0.022244691607684528, 0.006006006006006006, 0.006006006006006006]","[5.746938775510204, 2.320525783619818, 0.08408408408408409, 0.07507507507507508]"
org.joda.time.TestSerialization.testSerializedDateTimeProperty,0.04081632653061224,0.018768257537577198,0.006006006006006006,0.07507303015030879,0.00993901061667043,0.013452653533406826,0.014352291354306624,5.746938775510204,2.0566559295722953,0.07507507507507508,8.226623718289181,0.15493187084799567,0.5386518247736174,2.318702069662107,"[""StringBuilder"", ""ByteArrayOutputStream"", ""ObjectInputStream"", ""TestSerialization"", ""FileInputStream"", ""DateTime"", ""ObjectOutputStream"", ""ByteArrayInputStream""]","[0.04081632653061224, 0.022244691607684528, 0.006006006006006006, 0.006006006006006006]","[5.746938775510204, 2.320525783619818, 0.08408408408408409, 0.07507507507507508]"
org.joda.time.TestLocalTime_Basics.testGetValues,0.05013550135501355,0.037296011547071996,0.024456521739130436,0.07459202309414399,0.032875900878665223,0.03501628162428289,0.012839489807941558,7.333333333333333,5.975769927536232,4.618206521739131,11.951539855072465,5.667361400583577,5.8195229895659795,1.357563405797101,"[""TestLocalTime_Basics"", ""LocalTime""]","[0.05013550135501355, 0.024456521739130436]","[7.333333333333333, 4.618206521739131]"
org.joda.time.TestLocalTime_Basics.testToString_String,0.05013550135501355,0.037296011547071996,0.024456521739130436,0.07459202309414399,0.032875900878665223,0.03501628162428289,0.012839489807941558,7.333333333333333,5.975769927536232,4.618206521739131,11.951539855072465,5.667361400583577,5.8195229895659795,1.357563405797101,"[""TestLocalTime_Basics"", ""LocalTime""]","[0.05013550135501355, 0.024456521739130436]","[7.333333333333333, 4.618206521739131]"
org.joda.time.TestLocalTime_Basics.testMinusMillis_int,0.05013550135501355,0.037296011547071996,0.024456521739130436,0.07459202309414399,0.032875900878665223,0.03501628162428289,0.012839489807941558,7.333333333333333,5.975769927536232,4.618206521739131,11.951539855072465,5.667361400583577,5.8195229895659795,1.357563405797101,"[""TestLocalTime_Basics"", ""LocalTime""]","[0.05013550135501355, 0.024456521739130436]","[7.333333333333333, 4.618206521739131]"
org.joda.time.TestLocalTime_Basics.testWithers,0.05013550135501355,0.037296011547071996,0.024456521739130436,0.07459202309414399,0.032875900878665223,0.03501628162428289,0.012839489807941558,7.333333333333333,5.975769927536232,4.618206521739131,11.951539855072465,5.667361400583577,5.8195229895659795,1.357563405797101,"[""TestLocalTime_Basics"", ""LocalTime""]","[0.05013550135501355, 0.024456521739130436]","[7.333333333333333, 4.618206521739131]"
org.joda.time.TestLocalTime_Basics.testToString_String_Locale,0.05013550135501355,0.037296011547071996,0.024456521739130436,0.07459202309414399,0.032875900878665223,0.03501628162428289,0.012839489807941558,7.333333333333333,5.975769927536232,4.618206521739131,11.951539855072465,5.667361400583577,5.8195229895659795,1.357563405797101,"[""TestLocalTime_Basics"", ""LocalTime""]","[0.05013550135501355, 0.024456521739130436]","[7.333333333333333, 4.618206521739131]"
org.joda.time.TestLocalTime_Basics.testPlusHours_int,0.05013550135501355,0.037296011547071996,0.024456521739130436,0.07459202309414399,0.032875900878665223,0.03501628162428289,0.012839489807941558,7.333333333333333,5.975769927536232,4.618206521739131,11.951539855072465,5.667361400583577,5.8195229895659795,1.357563405797101,"[""TestLocalTime_Basics"", ""LocalTime""]","[0.05013550135501355, 0.024456521739130436]","[7.333333333333333, 4.618206521739131]"
org.joda.time.TestLocalTime_Basics.testSize,0.05013550135501355,0.037296011547071996,0.024456521739130436,0.07459202309414399,0.032875900878665223,0.03501628162428289,0.012839489807941558,7.333333333333333,5.975769927536232,4.618206521739131,11.951539855072465,5.667361400583577,5.8195229895659795,1.357563405797101,"[""TestLocalTime_Basics"", ""LocalTime""]","[0.05013550135501355, 0.024456521739130436]","[7.333333333333333, 4.618206521739131]"
org.joda.time.TestLocalTime_Basics.testPlusSeconds_int,0.05013550135501355,0.037296011547071996,0.024456521739130436,0.07459202309414399,0.032875900878665223,0.03501628162428289,0.012839489807941558,7.333333333333333,5.975769927536232,4.618206521739131,11.951539855072465,5.667361400583577,5.8195229895659795,1.357563405797101,"[""TestLocalTime_Basics"", ""LocalTime""]","[0.05013550135501355, 0.024456521739130436]","[7.333333333333333, 4.618206521739131]"
org.joda.time.TestLocalTime_Basics.testMinusSeconds_int,0.05013550135501355,0.037296011547071996,0.024456521739130436,0.07459202309414399,0.032875900878665223,0.03501628162428289,0.012839489807941558,7.333333333333333,5.975769927536232,4.618206521739131,11.951539855072465,5.667361400583577,5.8195229895659795,1.357563405797101,"[""TestLocalTime_Basics"", ""LocalTime""]","[0.05013550135501355, 0.024456521739130436]","[7.333333333333333, 4.618206521739131]"
org.joda.time.TestLocalTime_Basics.testWithFieldAdded_DurationFieldType_int_3,0.05013550135501355,0.037296011547071996,0.024456521739130436,0.07459202309414399,0.032875900878665223,0.03501628162428289,0.012839489807941558,7.333333333333333,5.975769927536232,4.618206521739131,11.951539855072465,5.667361400583577,5.8195229895659795,1.357563405797101,"[""TestLocalTime_Basics"", ""LocalTime""]","[0.05013550135501355, 0.024456521739130436]","[7.333333333333333, 4.618206521739131]"
org.joda.time.TestLocalTime_Basics.testWithField_DateTimeFieldType_int_2,0.05013550135501355,0.037296011547071996,0.024456521739130436,0.07459202309414399,0.032875900878665223,0.03501628162428289,0.012839489807941558,7.333333333333333,5.975769927536232,4.618206521739131,11.951539855072465,5.667361400583577,5.8195229895659795,1.357563405797101,"[""TestLocalTime_Basics"", ""LocalTime""]","[0.05013550135501355, 0.024456521739130436]","[7.333333333333333, 4.618206521739131]"
org.joda.time.TestLocalTime_Basics.testToString,0.05013550135501355,0.037296011547071996,0.024456521739130436,0.07459202309414399,0.032875900878665223,0.03501628162428289,0.012839489807941558,7.333333333333333,5.975769927536232,4.618206521739131,11.951539855072465,5.667361400583577,5.8195229895659795,1.357563405797101,"[""TestLocalTime_Basics"", ""LocalTime""]","[0.05013550135501355, 0.024456521739130436]","[7.333333333333333, 4.618206521739131]"
org.joda.time.TestLocalTime_Basics.testGetValue_int,0.05013550135501355,0.037296011547071996,0.024456521739130436,0.07459202309414399,0.032875900878665223,0.03501628162428289,0.012839489807941558,7.333333333333333,5.975769927536232,4.618206521739131,11.951539855072465,5.667361400583577,5.8195229895659795,1.357563405797101,"[""TestLocalTime_Basics"", ""LocalTime""]","[0.05013550135501355, 0.024456521739130436]","[7.333333333333333, 4.618206521739131]"
org.joda.time.TestLocalTime_Basics.testPlusMillis_int,0.05013550135501355,0.037296011547071996,0.024456521739130436,0.07459202309414399,0.032875900878665223,0.03501628162428289,0.012839489807941558,7.333333333333333,5.975769927536232,4.618206521739131,11.951539855072465,5.667361400583577,5.8195229895659795,1.357563405797101,"[""TestLocalTime_Basics"", ""LocalTime""]","[0.05013550135501355, 0.024456521739130436]","[7.333333333333333, 4.618206521739131]"
org.joda.time.TestLocalTime_Basics.testMinusHours_int,0.05013550135501355,0.037296011547071996,0.024456521739130436,0.07459202309414399,0.032875900878665223,0.03501628162428289,0.012839489807941558,7.333333333333333,5.975769927536232,4.618206521739131,11.951539855072465,5.667361400583577,5.8195229895659795,1.357563405797101,"[""TestLocalTime_Basics"", ""LocalTime""]","[0.05013550135501355, 0.024456521739130436]","[7.333333333333333, 4.618206521739131]"
org.joda.time.TestLocalTime_Basics.testGetters,0.05013550135501355,0.037296011547071996,0.024456521739130436,0.07459202309414399,0.032875900878665223,0.03501628162428289,0.012839489807941558,7.333333333333333,5.975769927536232,4.618206521739131,11.951539855072465,5.667361400583577,5.8195229895659795,1.357563405797101,"[""TestLocalTime_Basics"", ""LocalTime""]","[0.05013550135501355, 0.024456521739130436]","[7.333333333333333, 4.618206521739131]"
org.joda.time.TestLocalTime_Basics.testMinusMinutes_int,0.05013550135501355,0.037296011547071996,0.024456521739130436,0.07459202309414399,0.032875900878665223,0.03501628162428289,0.012839489807941558,7.333333333333333,5.975769927536232,4.618206521739131,11.951539855072465,5.667361400583577,5.8195229895659795,1.357563405797101,"[""TestLocalTime_Basics"", ""LocalTime""]","[0.05013550135501355, 0.024456521739130436]","[7.333333333333333, 4.618206521739131]"
org.joda.time.TestLocalTime_Basics.testWithFieldAdded_DurationFieldType_int_2,0.05013550135501355,0.037296011547071996,0.024456521739130436,0.07459202309414399,0.032875900878665223,0.03501628162428289,0.012839489807941558,7.333333333333333,5.975769927536232,4.618206521739131,11.951539855072465,5.667361400583577,5.8195229895659795,1.357563405797101,"[""TestLocalTime_Basics"", ""LocalTime""]","[0.05013550135501355, 0.024456521739130436]","[7.333333333333333, 4.618206521739131]"
org.joda.time.TestLocalTime_Basics.testPlusMinutes_int,0.05013550135501355,0.037296011547071996,0.024456521739130436,0.07459202309414399,0.032875900878665223,0.03501628162428289,0.012839489807941558,7.333333333333333,5.975769927536232,4.618206521739131,11.951539855072465,5.667361400583577,5.8195229895659795,1.357563405797101,"[""TestLocalTime_Basics"", ""LocalTime""]","[0.05013550135501355, 0.024456521739130436]","[7.333333333333333, 4.618206521739131]"
org.joda.time.TestDateMidnight_Basics.testGet_DateTimeField,0.03319502074688797,0.024847999104101348,0.01574344023323615,0.07454399731230404,0.022607798634442188,0.023741171962676267,0.00714468625833501,3.8485477178423237,2.713705951713647,0.7008746355685131,8.14111785514094,1.5266810419996595,2.131795674071091,1.4271441636292046,"[""TestDateMidnight_Basics"", ""DateMidnight"", ""ISOChronology""]","[0.03319502074688797, 0.02560553633217993, 0.01574344023323615]","[3.8485477178423237, 3.5916955017301038, 0.7008746355685131]"
org.joda.time.convert.TestNullConverter.testSetInto_Object,0.020618556701030927,0.01857304543132018,0.0133422281521014,0.07429218172528072,0.01796541657309679,0.01828750904829277,0.003033003392882919,3.7277409860191315,1.9643094428882768,0.3322214809873249,7.857237771553107,0.8079634643087764,1.2949412276391956,1.4534976849486299,"[""PeriodType"", ""MutablePeriod"", ""TestNullConverter"", ""NullConverter""]","[0.020618556701030927, 0.020463847203274217, 0.019867549668874173, 0.0133422281521014]","[3.0537555228276876, 0.7435197817189632, 3.7277409860191315, 0.3322214809873249]"
org.joda.time.TestYearMonthDay_Basics.testWithFieldAdded5,0.03763440860215054,0.02468839757073965,0.012718600953895072,0.07406519271221895,0.020357084658229118,0.022473221177849806,0.010195231356819772,3.3669354838709675,2.613133176938119,1.1764705882352942,7.839399530814357,2.0683882965329907,2.354691792438563,1.0162866190425084,"[""YearMonthDay"", ""TestYearMonthDay_Basics"", ""DurationFieldType""]","[0.03763440860215054, 0.023712183156173343, 0.012718600953895072]","[3.3669354838709675, 3.295993458708095, 1.1764705882352942]"
org.joda.time.TestYearMonthDay_Basics.testWithFieldAdded4,0.03763440860215054,0.02468839757073965,0.012718600953895072,0.07406519271221895,0.020357084658229118,0.022473221177849806,0.010195231356819772,3.3669354838709675,2.613133176938119,1.1764705882352942,7.839399530814357,2.0683882965329907,2.354691792438563,1.0162866190425084,"[""YearMonthDay"", ""TestYearMonthDay_Basics"", ""DurationFieldType""]","[0.03763440860215054, 0.023712183156173343, 0.012718600953895072]","[3.3669354838709675, 3.295993458708095, 1.1764705882352942]"
org.joda.time.TestYearMonthDay_Basics.testWithFieldAdded1,0.03763440860215054,0.02468839757073965,0.012718600953895072,0.07406519271221895,0.020357084658229118,0.022473221177849806,0.010195231356819772,3.3669354838709675,2.613133176938119,1.1764705882352942,7.839399530814357,2.0683882965329907,2.354691792438563,1.0162866190425084,"[""YearMonthDay"", ""TestYearMonthDay_Basics"", ""DurationFieldType""]","[0.03763440860215054, 0.023712183156173343, 0.012718600953895072]","[3.3669354838709675, 3.295993458708095, 1.1764705882352942]"
org.joda.time.TestYearMonthDay_Properties.testPropertyGetYear,0.03763440860215054,0.024682427453487078,0.017170891251022075,0.07404728236046124,0.021933156095708315,0.02316732634290198,0.009197380659892472,3.3669354838709675,2.540921612718926,1.98119378577269,7.622764838156777,2.4166594169984577,2.475661099447113,0.5962388819179534,"[""YearMonthDay"", ""Chronology"", ""TestYearMonthDay_Properties"", ""YearMonthDay$Property""]","[0.03763440860215054, 0.01924198250728863, 0.017170891251022075]","[3.3669354838709675, 2.2746355685131197, 1.98119378577269]"
org.joda.time.TestYearMonthDay_Properties.testPropertyGetMonth,0.03763440860215054,0.024682427453487078,0.017170891251022075,0.07404728236046124,0.021933156095708315,0.02316732634290198,0.009197380659892472,3.3669354838709675,2.540921612718926,1.98119378577269,7.622764838156777,2.4166594169984577,2.475661099447113,0.5962388819179534,"[""YearMonthDay"", ""Chronology"", ""TestYearMonthDay_Properties"", ""YearMonthDay$Property""]","[0.03763440860215054, 0.01924198250728863, 0.017170891251022075]","[3.3669354838709675, 2.2746355685131197, 1.98119378577269]"
org.joda.time.TestYearMonthDay_Properties.testPropertyGetDay,0.03763440860215054,0.024682427453487078,0.017170891251022075,0.07404728236046124,0.021933156095708315,0.02316732634290198,0.009197380659892472,3.3669354838709675,2.540921612718926,1.98119378577269,7.622764838156777,2.4166594169984577,2.475661099447113,0.5962388819179534,"[""YearMonthDay"", ""Chronology"", ""TestYearMonthDay_Properties"", ""YearMonthDay$Property""]","[0.03763440860215054, 0.01924198250728863, 0.017170891251022075]","[3.3669354838709675, 2.2746355685131197, 1.98119378577269]"
org.joda.time.field.TestPreciseDateTimeField.test_toString,0.02040816326530612,0.014778622188035617,0.009362200117027502,0.07389311094017809,0.013705869502355469,0.014246174844939483,0.00387786353651645,2.4285714285714284,1.593497903757256,0.41778818022235226,7.96748951878628,0.9729636456648237,1.282253886417607,0.8552630878416333,"[""TestPreciseDateTimeField"", ""PreciseDateTimeField"", ""BaseDateTimeField"", ""DateTimeFieldType"", ""ISOChronology""]","[0.02040816326530612, 0.016693163751987282, 0.01574344023323615, 0.011686143572621035, 0.009362200117027502]","[2.4285714285714284, 2.1089030206677264, 0.7008746355685131, 2.3113522537562603, 0.41778818022235226]"
org.joda.time.field.TestPreciseDateTimeField.test_getName,0.02040816326530612,0.014778622188035617,0.009362200117027502,0.07389311094017809,0.013705869502355469,0.014246174844939483,0.00387786353651645,2.4285714285714284,1.593497903757256,0.41778818022235226,7.96748951878628,0.9729636456648237,1.282253886417607,0.8552630878416333,"[""TestPreciseDateTimeField"", ""PreciseDateTimeField"", ""BaseDateTimeField"", ""DateTimeFieldType"", ""ISOChronology""]","[0.02040816326530612, 0.016693163751987282, 0.01574344023323615, 0.011686143572621035, 0.009362200117027502]","[2.4285714285714284, 2.1089030206677264, 0.7008746355685131, 2.3113522537562603, 0.41778818022235226]"
org.joda.time.field.TestPreciseDateTimeField.test_getType,0.02040816326530612,0.014778622188035617,0.009362200117027502,0.07389311094017809,0.013705869502355469,0.014246174844939483,0.00387786353651645,2.4285714285714284,1.593497903757256,0.41778818022235226,7.96748951878628,0.9729636456648237,1.282253886417607,0.8552630878416333,"[""TestPreciseDateTimeField"", ""PreciseDateTimeField"", ""BaseDateTimeField"", ""DateTimeFieldType"", ""ISOChronology""]","[0.02040816326530612, 0.016693163751987282, 0.01574344023323615, 0.011686143572621035, 0.009362200117027502]","[2.4285714285714284, 2.1089030206677264, 0.7008746355685131, 2.3113522537562603, 0.41778818022235226]"
org.joda.time.TestYearMonth_Basics.testEqualsHashCode,0.029333333333333333,0.018350725511879627,0.011494252873563218,0.07340290204751851,0.016125091619838747,0.017149745487246057,0.006956965123260298,5.344,2.8542261673142164,0.30493576741041245,11.416904669256866,0.954108499440558,1.8969534241691788,1.833182922736037,"[""Object"", ""YearMonth"", ""TestYearMonth_Basics"", ""MockPartial"", ""TestYearMonth_Basics$MockYM"", ""Chronology""]","[0.029333333333333333, 0.01924198250728863, 0.013333333333333334, 0.011494252873563218]","[5.344, 2.2746355685131197, 3.493333333333333, 0.30493576741041245]"
org.joda.time.TestDateTime_Constructors.testConstructor_Object_nullDateTimeZone,0.04081632653061224,0.018325249367186016,0.00243605359317905,0.07330099746874406,0.007037009457144985,0.012232871346764523,0.013974457177823179,5.746938775510204,2.1697119262512112,0.04506699147381242,8.678847705004845,0.16496582134077964,0.7936788101470921,2.2061513577772836,"[""TestDateTime_Constructors"", ""Date"", ""ISOChronology"", ""DateTime""]","[0.04081632653061224, 0.01574344023323615, 0.01430517711171662, 0.00243605359317905]","[5.746938775510204, 0.7008746355685131, 2.1859673024523163, 0.04506699147381242]"
org.joda.time.TestDateTime_Constructors.testConstructor_Object_nullChronology,0.04081632653061224,0.018325249367186016,0.00243605359317905,0.07330099746874406,0.007037009457144985,0.012232871346764523,0.013974457177823179,5.746938775510204,2.1697119262512112,0.04506699147381242,8.678847705004845,0.16496582134077964,0.7936788101470921,2.2061513577772836,"[""TestDateTime_Constructors"", ""Date"", ""ISOChronology"", ""DateTime""]","[0.04081632653061224, 0.01574344023323615, 0.01430517711171662, 0.00243605359317905]","[5.746938775510204, 0.7008746355685131, 2.1859673024523163, 0.04506699147381242]"
org.joda.time.TestDateTime_Constructors.testConstructor_Object_Chronology,0.04081632653061224,0.018325249367186016,0.00243605359317905,0.07330099746874406,0.007037009457144985,0.012232871346764523,0.013974457177823179,5.746938775510204,2.152510760070453,0.04506699147381242,8.610043040281813,0.16391587433650648,0.7734388610269225,2.2177743082729453,"[""TestDateTime_Constructors"", ""DateTime"", ""Date"", ""GregorianChronology""]","[0.04081632653061224, 0.01574344023323615, 0.01430517711171662, 0.00243605359317905]","[5.746938775510204, 0.632069970845481, 2.1859673024523163, 0.04506699147381242]"
org.joda.time.TestDateTime_Constructors.testConstructor_Object,0.04081632653061224,0.018325249367186016,0.00243605359317905,0.07330099746874406,0.007037009457144985,0.012232871346764523,0.013974457177823179,5.746938775510204,2.1697119262512112,0.04506699147381242,8.678847705004845,0.16496582134077964,0.7936788101470921,2.2061513577772836,"[""TestDateTime_Constructors"", ""Date"", ""ISOChronology"", ""DateTime""]","[0.04081632653061224, 0.01574344023323615, 0.01430517711171662, 0.00243605359317905]","[5.746938775510204, 0.7008746355685131, 2.1859673024523163, 0.04506699147381242]"
org.joda.time.TestDateTime_Constructors.testConstructor_Object_DateTimeZone,0.04081632653061224,0.018325249367186016,0.00243605359317905,0.07330099746874406,0.007037009457144985,0.012232871346764523,0.013974457177823179,5.746938775510204,2.1697119262512112,0.04506699147381242,8.678847705004845,0.16496582134077964,0.7936788101470921,2.2061513577772836,"[""TestDateTime_Constructors"", ""Date"", ""ISOChronology"", ""DateTime""]","[0.04081632653061224, 0.01574344023323615, 0.01430517711171662, 0.00243605359317905]","[5.746938775510204, 0.7008746355685131, 2.1859673024523163, 0.04506699147381242]"
org.joda.time.TestDateMidnight_Basics.testToGregorianCalendar,0.03319502074688797,0.014649724536851793,0.00243605359317905,0.07324862268425897,0.00615249030359214,0.009433069557548617,0.012349569398273955,3.8485477178423237,1.5415064866536923,0.04506699147381242,7.707532433268462,0.12276733030405972,0.37774087928121963,1.7808485204208562,"[""TestDateMidnight_Basics"", ""TimeZone"", ""DateMidnight"", ""GregorianCalendar"", ""Date""]","[0.03319502074688797, 0.02560553633217993, 0.006006006006006006, 0.006006006006006006, 0.00243605359317905]","[3.8485477178423237, 3.5916955017301038, 0.1111111111111111, 0.1111111111111111, 0.04506699147381242]"
org.joda.time.TestDateMidnight_Basics.testToCalendar_Locale,0.03319502074688797,0.014649724536851793,0.00243605359317905,0.07324862268425897,0.00615249030359214,0.009433069557548617,0.012349569398273955,3.8485477178423237,1.5505154956627014,0.04506699147381242,7.752577478313507,0.13112589478451145,0.4043470796543283,1.773689153151993,"[""TestDateMidnight_Basics"", ""TimeZone"", ""Calendar"", ""DateMidnight"", ""Date""]","[0.03319502074688797, 0.02560553633217993, 0.006006006006006006, 0.006006006006006006, 0.00243605359317905]","[3.8485477178423237, 3.5916955017301038, 0.1111111111111111, 0.15615615615615616, 0.04506699147381242]"
org.joda.time.TestDateTime_Basics.testToDate,0.04081632653061224,0.02440837738912934,0.00243605359317905,0.07322513216738802,0.00640527950310559,0.014390717851298971,0.016155144416138283,5.746938775510204,3.4093243564787774,0.04506699147381242,10.227973069436333,0.13281020958091463,1.0473564008865364,2.438350844906656,"[""Date"", ""TestDateTime_Basics"", ""DateTime""]","[0.04081632653061224, 0.02997275204359673, 0.00243605359317905]","[5.746938775510204, 4.435967302452316, 0.04506699147381242]"
org.joda.time.TestMutablePeriod_Updates.testAdd_Field,0.020618556701030927,0.01825712396751392,0.012718600953895072,0.07302849587005568,0.017551343774757755,0.01792698032074406,0.0032132347630229427,5.674008810572687,3.4079939769137,1.1764705882352942,13.6319759076548,2.4661416396877573,2.9524854669903142,1.6079678862438795,"[""PeriodType"", ""MutablePeriod"", ""TestMutablePeriod_Updates"", ""DurationFieldType""]","[0.020618556701030927, 0.019867549668874173, 0.019823788546255508, 0.012718600953895072]","[3.0537555228276876, 3.7277409860191315, 5.674008810572687, 1.1764705882352942]"
org.joda.time.format.TestPeriodFormatter.testParsePeriod_parseType,0.030927835051546393,0.018250861686925246,0.008836524300441826,0.07300344674770098,0.014780925567481965,0.016414934892273577,0.00830296459784557,4.878497790868925,2.6622280179128177,0.9837631327602674,10.64891207165127,1.6433096597457564,2.0862693373771615,1.690786955051644,"[""Period"", ""PeriodType"", ""PeriodFormatter"", ""TestPeriodFormatter""]","[0.030927835051546393, 0.019867549668874173, 0.013371537726838587, 0.008836524300441826]","[4.878497790868925, 3.7277409860191315, 0.9837631327602674, 1.0589101620029455]"
org.joda.time.format.TestPeriodFormatterBuilder.testBug2495455,0.030927835051546393,0.018188802430624006,0.008836524300441826,0.07275520972249602,0.014586375599171678,0.016268122864896508,0.008472255013220237,5.75699558173785,2.826377662843691,0.6045655375552282,11.305510651374764,1.320329439769305,1.9452411847828037,2.107704704383208,"[""ISOPeriodFormat"", ""PeriodFormatterBuilder"", ""PeriodFormatter"", ""TestPeriodFormatterBuilder""]","[0.030927835051546393, 0.02047244094488189, 0.012518409425625921, 0.008836524300441826]","[5.75699558173785, 3.88503937007874, 0.6045655375552282, 1.0589101620029455]"
org.joda.time.TestDateTime_Properties.testPropertyEqualsHashCodeLenient,0.04081632653061224,0.024251384027701606,0.008777062609713282,0.07275415208310482,0.016518931991664956,0.02024473009796734,0.013102689263694744,5.746938775510204,3.892379336417038,0.5330602691632533,11.677138009251113,1.342132042570872,2.547566298500775,2.379686033022457,"[""LenientChronology"", ""DateTime$Property"", ""TestDateTime_Properties"", ""DateTime""]","[0.04081632653061224, 0.02316076294277929, 0.008777062609713282]","[5.746938775510204, 5.397138964577657, 0.5330602691632533]"
org.joda.time.field.TestBaseDateTimeField.test_getMinimumValue,0.02040816326530612,0.014544441176817599,0.009602194787379973,0.072722205884088,0.013629172920131424,0.014079957906226742,0.0036961646145552926,2.4285714285714284,1.6750851532758422,0.40877914951989025,8.37542576637921,1.0808088240021838,1.4087573429630125,0.7670368471536645,"[""BaseDateTimeField"", ""DateTimeFieldType"", ""TestBaseDateTimeField"", ""BaseDurationField"", ""DurationFieldType"", ""TestBaseDateTimeField$MockBaseDateTimeField"", ""TestBaseDateTimeField$MockCountingDurationField""]","[0.02040816326530612, 0.016693163751987282, 0.013300083125519535, 0.012718600953895072, 0.009602194787379973]","[2.4285714285714284, 2.1089030206677264, 2.2527015793848713, 1.1764705882352942, 0.40877914951989025]"
org.joda.time.field.TestBaseDateTimeField.test_getLeapDurationField,0.02040816326530612,0.014544441176817599,0.009602194787379973,0.072722205884088,0.013629172920131424,0.014079957906226742,0.0036961646145552926,2.4285714285714284,1.6750851532758422,0.40877914951989025,8.37542576637921,1.0808088240021838,1.4087573429630125,0.7670368471536645,"[""BaseDateTimeField"", ""DateTimeFieldType"", ""TestBaseDateTimeField"", ""BaseDurationField"", ""DurationFieldType"", ""TestBaseDateTimeField$MockBaseDateTimeField"", ""TestBaseDateTimeField$MockCountingDurationField""]","[0.02040816326530612, 0.016693163751987282, 0.013300083125519535, 0.012718600953895072, 0.009602194787379973]","[2.4285714285714284, 2.1089030206677264, 2.2527015793848713, 1.1764705882352942, 0.40877914951989025]"
org.joda.time.field.TestBaseDateTimeField.test_getAsText_long,0.02040816326530612,0.014544441176817599,0.009602194787379973,0.072722205884088,0.013629172920131424,0.014079957906226742,0.0036961646145552926,2.4285714285714284,1.6750851532758422,0.40877914951989025,8.37542576637921,1.0808088240021838,1.4087573429630125,0.7670368471536645,"[""BaseDateTimeField"", ""DateTimeFieldType"", ""TestBaseDateTimeField"", ""BaseDurationField"", ""DurationFieldType"", ""TestBaseDateTimeField$MockBaseDateTimeField"", ""TestBaseDateTimeField$MockCountingDurationField""]","[0.02040816326530612, 0.016693163751987282, 0.013300083125519535, 0.012718600953895072, 0.009602194787379973]","[2.4285714285714284, 2.1089030206677264, 2.2527015793848713, 1.1764705882352942, 0.40877914951989025]"
org.joda.time.field.TestBaseDateTimeField.test_add_long_int,0.02040816326530612,0.014544441176817599,0.009602194787379973,0.072722205884088,0.013629172920131424,0.014079957906226742,0.0036961646145552926,2.4285714285714284,1.6750851532758422,0.40877914951989025,8.37542576637921,1.0808088240021838,1.4087573429630125,0.7670368471536645,"[""BaseDateTimeField"", ""DateTimeFieldType"", ""TestBaseDateTimeField"", ""BaseDurationField"", ""DurationFieldType"", ""TestBaseDateTimeField$MockBaseDateTimeField"", ""TestBaseDateTimeField$MockCountingDurationField""]","[0.02040816326530612, 0.016693163751987282, 0.013300083125519535, 0.012718600953895072, 0.009602194787379973]","[2.4285714285714284, 2.1089030206677264, 2.2527015793848713, 1.1764705882352942, 0.40877914951989025]"
org.joda.time.field.TestBaseDateTimeField.test_set_long_String_Locale,0.02040816326530612,0.014544441176817599,0.009602194787379973,0.072722205884088,0.013629172920131424,0.014079957906226742,0.0036961646145552926,2.4285714285714284,1.6750851532758422,0.40877914951989025,8.37542576637921,1.0808088240021838,1.4087573429630125,0.7670368471536645,"[""BaseDateTimeField"", ""DateTimeFieldType"", ""TestBaseDateTimeField"", ""BaseDurationField"", ""DurationFieldType"", ""TestBaseDateTimeField$MockBaseDateTimeField"", ""TestBaseDateTimeField$MockCountingDurationField""]","[0.02040816326530612, 0.016693163751987282, 0.013300083125519535, 0.012718600953895072, 0.009602194787379973]","[2.4285714285714284, 2.1089030206677264, 2.2527015793848713, 1.1764705882352942, 0.40877914951989025]"
org.joda.time.field.TestBaseDateTimeField.test_get,0.02040816326530612,0.014544441176817599,0.009602194787379973,0.072722205884088,0.013629172920131424,0.014079957906226742,0.0036961646145552926,2.4285714285714284,1.6750851532758422,0.40877914951989025,8.37542576637921,1.0808088240021838,1.4087573429630125,0.7670368471536645,"[""BaseDateTimeField"", ""DateTimeFieldType"", ""TestBaseDateTimeField"", ""BaseDurationField"", ""DurationFieldType"", ""TestBaseDateTimeField$MockBaseDateTimeField"", ""TestBaseDateTimeField$MockCountingDurationField""]","[0.02040816326530612, 0.016693163751987282, 0.013300083125519535, 0.012718600953895072, 0.009602194787379973]","[2.4285714285714284, 2.1089030206677264, 2.2527015793848713, 1.1764705882352942, 0.40877914951989025]"
org.joda.time.field.TestBaseDateTimeField.test_addWrapField_long_int,0.02040816326530612,0.014544441176817599,0.009602194787379973,0.072722205884088,0.013629172920131424,0.014079957906226742,0.0036961646145552926,2.4285714285714284,1.6750851532758422,0.40877914951989025,8.37542576637921,1.0808088240021838,1.4087573429630125,0.7670368471536645,"[""BaseDateTimeField"", ""DateTimeFieldType"", ""TestBaseDateTimeField"", ""BaseDurationField"", ""DurationFieldType"", ""TestBaseDateTimeField$MockBaseDateTimeField"", ""TestBaseDateTimeField$MockCountingDurationField""]","[0.02040816326530612, 0.016693163751987282, 0.013300083125519535, 0.012718600953895072, 0.009602194787379973]","[2.4285714285714284, 2.1089030206677264, 2.2527015793848713, 1.1764705882352942, 0.40877914951989025]"
org.joda.time.field.TestBaseDateTimeField.test_roundHalfCeiling_long,0.02040816326530612,0.014544441176817599,0.009602194787379973,0.072722205884088,0.013629172920131424,0.014079957906226742,0.0036961646145552926,2.4285714285714284,1.6750851532758422,0.40877914951989025,8.37542576637921,1.0808088240021838,1.4087573429630125,0.7670368471536645,"[""BaseDateTimeField"", ""DateTimeFieldType"", ""TestBaseDateTimeField"", ""BaseDurationField"", ""DurationFieldType"", ""TestBaseDateTimeField$MockBaseDateTimeField"", ""TestBaseDateTimeField$MockCountingDurationField""]","[0.02040816326530612, 0.016693163751987282, 0.013300083125519535, 0.012718600953895072, 0.009602194787379973]","[2.4285714285714284, 2.1089030206677264, 2.2527015793848713, 1.1764705882352942, 0.40877914951989025]"
org.joda.time.field.TestBaseDateTimeField.test_getDifferenceAsLong_long_long,0.02040816326530612,0.014544441176817599,0.009602194787379973,0.072722205884088,0.013629172920131424,0.014079957906226742,0.0036961646145552926,2.4285714285714284,1.6750851532758422,0.40877914951989025,8.37542576637921,1.0808088240021838,1.4087573429630125,0.7670368471536645,"[""BaseDateTimeField"", ""DateTimeFieldType"", ""TestBaseDateTimeField"", ""BaseDurationField"", ""DurationFieldType"", ""TestBaseDateTimeField$MockBaseDateTimeField"", ""TestBaseDateTimeField$MockCountingDurationField""]","[0.02040816326530612, 0.016693163751987282, 0.013300083125519535, 0.012718600953895072, 0.009602194787379973]","[2.4285714285714284, 2.1089030206677264, 2.2527015793848713, 1.1764705882352942, 0.40877914951989025]"
org.joda.time.field.TestBaseDateTimeField.test_set_long_int,0.02040816326530612,0.014544441176817599,0.009602194787379973,0.072722205884088,0.013629172920131424,0.014079957906226742,0.0036961646145552926,2.4285714285714284,1.6750851532758422,0.40877914951989025,8.37542576637921,1.0808088240021838,1.4087573429630125,0.7670368471536645,"[""BaseDateTimeField"", ""DateTimeFieldType"", ""TestBaseDateTimeField"", ""BaseDurationField"", ""DurationFieldType"", ""TestBaseDateTimeField$MockBaseDateTimeField"", ""TestBaseDateTimeField$MockCountingDurationField""]","[0.02040816326530612, 0.016693163751987282, 0.013300083125519535, 0.012718600953895072, 0.009602194787379973]","[2.4285714285714284, 2.1089030206677264, 2.2527015793848713, 1.1764705882352942, 0.40877914951989025]"
org.joda.time.field.TestBaseDateTimeField.test_toString,0.02040816326530612,0.014544441176817599,0.009602194787379973,0.072722205884088,0.013629172920131424,0.014079957906226742,0.0036961646145552926,2.4285714285714284,1.6750851532758422,0.40877914951989025,8.37542576637921,1.0808088240021838,1.4087573429630125,0.7670368471536645,"[""BaseDateTimeField"", ""DateTimeFieldType"", ""TestBaseDateTimeField"", ""BaseDurationField"", ""DurationFieldType"", ""TestBaseDateTimeField$MockBaseDateTimeField"", ""TestBaseDateTimeField$MockCountingDurationField""]","[0.02040816326530612, 0.016693163751987282, 0.013300083125519535, 0.012718600953895072, 0.009602194787379973]","[2.4285714285714284, 2.1089030206677264, 2.2527015793848713, 1.1764705882352942, 0.40877914951989025]"
org.joda.time.field.TestBaseDateTimeField.test_getMaximumShortTextLength_Locale,0.02040816326530612,0.014544441176817599,0.009602194787379973,0.072722205884088,0.013629172920131424,0.014079957906226742,0.0036961646145552926,2.4285714285714284,1.6750851532758422,0.40877914951989025,8.37542576637921,1.0808088240021838,1.4087573429630125,0.7670368471536645,"[""BaseDateTimeField"", ""DateTimeFieldType"", ""TestBaseDateTimeField"", ""BaseDurationField"", ""DurationFieldType"", ""TestBaseDateTimeField$MockBaseDateTimeField"", ""TestBaseDateTimeField$MockCountingDurationField""]","[0.02040816326530612, 0.016693163751987282, 0.013300083125519535, 0.012718600953895072, 0.009602194787379973]","[2.4285714285714284, 2.1089030206677264, 2.2527015793848713, 1.1764705882352942, 0.40877914951989025]"
org.joda.time.field.TestBaseDateTimeField.test_set_long_String,0.02040816326530612,0.014544441176817599,0.009602194787379973,0.072722205884088,0.013629172920131424,0.014079957906226742,0.0036961646145552926,2.4285714285714284,1.6750851532758422,0.40877914951989025,8.37542576637921,1.0808088240021838,1.4087573429630125,0.7670368471536645,"[""BaseDateTimeField"", ""DateTimeFieldType"", ""TestBaseDateTimeField"", ""BaseDurationField"", ""DurationFieldType"", ""TestBaseDateTimeField$MockBaseDateTimeField"", ""TestBaseDateTimeField$MockCountingDurationField""]","[0.02040816326530612, 0.016693163751987282, 0.013300083125519535, 0.012718600953895072, 0.009602194787379973]","[2.4285714285714284, 2.1089030206677264, 2.2527015793848713, 1.1764705882352942, 0.40877914951989025]"
org.joda.time.field.TestBaseDateTimeField.test_remainder_long,0.02040816326530612,0.014544441176817599,0.009602194787379973,0.072722205884088,0.013629172920131424,0.014079957906226742,0.0036961646145552926,2.4285714285714284,1.6750851532758422,0.40877914951989025,8.37542576637921,1.0808088240021838,1.4087573429630125,0.7670368471536645,"[""BaseDateTimeField"", ""DateTimeFieldType"", ""TestBaseDateTimeField"", ""BaseDurationField"", ""DurationFieldType"", ""TestBaseDateTimeField$MockBaseDateTimeField"", ""TestBaseDateTimeField$MockCountingDurationField""]","[0.02040816326530612, 0.016693163751987282, 0.013300083125519535, 0.012718600953895072, 0.009602194787379973]","[2.4285714285714284, 2.1089030206677264, 2.2527015793848713, 1.1764705882352942, 0.40877914951989025]"
org.joda.time.field.TestBaseDateTimeField.test_roundFloor_long,0.02040816326530612,0.014544441176817599,0.009602194787379973,0.072722205884088,0.013629172920131424,0.014079957906226742,0.0036961646145552926,2.4285714285714284,1.6750851532758422,0.40877914951989025,8.37542576637921,1.0808088240021838,1.4087573429630125,0.7670368471536645,"[""BaseDateTimeField"", ""DateTimeFieldType"", ""TestBaseDateTimeField"", ""BaseDurationField"", ""DurationFieldType"", ""TestBaseDateTimeField$MockBaseDateTimeField"", ""TestBaseDateTimeField$MockCountingDurationField""]","[0.02040816326530612, 0.016693163751987282, 0.013300083125519535, 0.012718600953895072, 0.009602194787379973]","[2.4285714285714284, 2.1089030206677264, 2.2527015793848713, 1.1764705882352942, 0.40877914951989025]"
org.joda.time.field.TestBaseDateTimeField.test_getAsShortText_long_Locale,0.02040816326530612,0.014544441176817599,0.009602194787379973,0.072722205884088,0.013629172920131424,0.014079957906226742,0.0036961646145552926,2.4285714285714284,1.6750851532758422,0.40877914951989025,8.37542576637921,1.0808088240021838,1.4087573429630125,0.7670368471536645,"[""BaseDateTimeField"", ""DateTimeFieldType"", ""TestBaseDateTimeField"", ""BaseDurationField"", ""DurationFieldType"", ""TestBaseDateTimeField$MockBaseDateTimeField"", ""TestBaseDateTimeField$MockCountingDurationField""]","[0.02040816326530612, 0.016693163751987282, 0.013300083125519535, 0.012718600953895072, 0.009602194787379973]","[2.4285714285714284, 2.1089030206677264, 2.2527015793848713, 1.1764705882352942, 0.40877914951989025]"
org.joda.time.field.TestBaseDateTimeField.test_getAsText_int_Locale,0.02040816326530612,0.014544441176817599,0.009602194787379973,0.072722205884088,0.013629172920131424,0.014079957906226742,0.0036961646145552926,2.4285714285714284,1.6750851532758422,0.40877914951989025,8.37542576637921,1.0808088240021838,1.4087573429630125,0.7670368471536645,"[""BaseDateTimeField"", ""DateTimeFieldType"", ""TestBaseDateTimeField"", ""BaseDurationField"", ""DurationFieldType"", ""TestBaseDateTimeField$MockBaseDateTimeField"", ""TestBaseDateTimeField$MockCountingDurationField""]","[0.02040816326530612, 0.016693163751987282, 0.013300083125519535, 0.012718600953895072, 0.009602194787379973]","[2.4285714285714284, 2.1089030206677264, 2.2527015793848713, 1.1764705882352942, 0.40877914951989025]"
org.joda.time.field.TestBaseDateTimeField.test_getDifference_long_long,0.02040816326530612,0.014544441176817599,0.009602194787379973,0.072722205884088,0.013629172920131424,0.014079957906226742,0.0036961646145552926,2.4285714285714284,1.6750851532758422,0.40877914951989025,8.37542576637921,1.0808088240021838,1.4087573429630125,0.7670368471536645,"[""BaseDateTimeField"", ""DateTimeFieldType"", ""TestBaseDateTimeField"", ""BaseDurationField"", ""DurationFieldType"", ""TestBaseDateTimeField$MockBaseDateTimeField"", ""TestBaseDateTimeField$MockCountingDurationField""]","[0.02040816326530612, 0.016693163751987282, 0.013300083125519535, 0.012718600953895072, 0.009602194787379973]","[2.4285714285714284, 2.1089030206677264, 2.2527015793848713, 1.1764705882352942, 0.40877914951989025]"
org.joda.time.field.TestBaseDateTimeField.test_convertText,0.02040816326530612,0.014544441176817599,0.009602194787379973,0.072722205884088,0.013629172920131424,0.014079957906226742,0.0036961646145552926,2.4285714285714284,1.6750851532758422,0.40877914951989025,8.37542576637921,1.0808088240021838,1.4087573429630125,0.7670368471536645,"[""BaseDateTimeField"", ""DateTimeFieldType"", ""TestBaseDateTimeField"", ""BaseDurationField"", ""DurationFieldType"", ""TestBaseDateTimeField$MockBaseDateTimeField"", ""TestBaseDateTimeField$MockCountingDurationField""]","[0.02040816326530612, 0.016693163751987282, 0.013300083125519535, 0.012718600953895072, 0.009602194787379973]","[2.4285714285714284, 2.1089030206677264, 2.2527015793848713, 1.1764705882352942, 0.40877914951989025]"
org.joda.time.field.TestBaseDateTimeField.test_getMaximumTextLength_Locale,0.02040816326530612,0.014544441176817599,0.009602194787379973,0.072722205884088,0.013629172920131424,0.014079957906226742,0.0036961646145552926,2.4285714285714284,1.6750851532758422,0.40877914951989025,8.37542576637921,1.0808088240021838,1.4087573429630125,0.7670368471536645,"[""BaseDateTimeField"", ""TestBaseDateTimeField$2"", ""TestBaseDateTimeField$3"", ""TestBaseDateTimeField$1"", ""TestBaseDateTimeField$4"", ""TestBaseDateTimeField"", ""DateTimeFieldType"", ""BaseDurationField"", ""DurationFieldType"", ""TestBaseDateTimeField$MockBaseDateTimeField"", ""TestBaseDateTimeField$MockCountingDurationField""]","[0.02040816326530612, 0.016693163751987282, 0.013300083125519535, 0.012718600953895072, 0.009602194787379973]","[2.4285714285714284, 2.1089030206677264, 2.2527015793848713, 1.1764705882352942, 0.40877914951989025]"
org.joda.time.field.TestBaseDateTimeField.test_roundCeiling_long,0.02040816326530612,0.014544441176817599,0.009602194787379973,0.072722205884088,0.013629172920131424,0.014079957906226742,0.0036961646145552926,2.4285714285714284,1.6750851532758422,0.40877914951989025,8.37542576637921,1.0808088240021838,1.4087573429630125,0.7670368471536645,"[""BaseDateTimeField"", ""DateTimeFieldType"", ""TestBaseDateTimeField"", ""BaseDurationField"", ""DurationFieldType"", ""TestBaseDateTimeField$MockBaseDateTimeField"", ""TestBaseDateTimeField$MockCountingDurationField""]","[0.02040816326530612, 0.016693163751987282, 0.013300083125519535, 0.012718600953895072, 0.009602194787379973]","[2.4285714285714284, 2.1089030206677264, 2.2527015793848713, 1.1764705882352942, 0.40877914951989025]"
org.joda.time.field.TestBaseDateTimeField.test_getType,0.02040816326530612,0.014544441176817599,0.009602194787379973,0.072722205884088,0.013629172920131424,0.014079957906226742,0.0036961646145552926,2.4285714285714284,1.6750851532758422,0.40877914951989025,8.37542576637921,1.0808088240021838,1.4087573429630125,0.7670368471536645,"[""BaseDateTimeField"", ""DateTimeFieldType"", ""TestBaseDateTimeField"", ""BaseDurationField"", ""DurationFieldType"", ""TestBaseDateTimeField$MockBaseDateTimeField"", ""TestBaseDateTimeField$MockCountingDurationField""]","[0.02040816326530612, 0.016693163751987282, 0.013300083125519535, 0.012718600953895072, 0.009602194787379973]","[2.4285714285714284, 2.1089030206677264, 2.2527015793848713, 1.1764705882352942, 0.40877914951989025]"
org.joda.time.field.TestBaseDateTimeField.test_isSupported,0.02040816326530612,0.014544441176817599,0.009602194787379973,0.072722205884088,0.013629172920131424,0.014079957906226742,0.0036961646145552926,2.4285714285714284,1.6750851532758422,0.40877914951989025,8.37542576637921,1.0808088240021838,1.4087573429630125,0.7670368471536645,"[""BaseDateTimeField"", ""DateTimeFieldType"", ""TestBaseDateTimeField"", ""BaseDurationField"", ""DurationFieldType"", ""TestBaseDateTimeField$MockBaseDateTimeField"", ""TestBaseDateTimeField$MockCountingDurationField""]","[0.02040816326530612, 0.016693163751987282, 0.013300083125519535, 0.012718600953895072, 0.009602194787379973]","[2.4285714285714284, 2.1089030206677264, 2.2527015793848713, 1.1764705882352942, 0.40877914951989025]"
org.joda.time.field.TestBaseDateTimeField.test_getAsText_long_Locale,0.02040816326530612,0.014544441176817599,0.009602194787379973,0.072722205884088,0.013629172920131424,0.014079957906226742,0.0036961646145552926,2.4285714285714284,1.6750851532758422,0.40877914951989025,8.37542576637921,1.0808088240021838,1.4087573429630125,0.7670368471536645,"[""BaseDateTimeField"", ""DateTimeFieldType"", ""TestBaseDateTimeField"", ""BaseDurationField"", ""DurationFieldType"", ""TestBaseDateTimeField$MockBaseDateTimeField"", ""TestBaseDateTimeField$MockCountingDurationField""]","[0.02040816326530612, 0.016693163751987282, 0.013300083125519535, 0.012718600953895072, 0.009602194787379973]","[2.4285714285714284, 2.1089030206677264, 2.2527015793848713, 1.1764705882352942, 0.40877914951989025]"
org.joda.time.field.TestBaseDateTimeField.test_getMaximumValue_long,0.02040816326530612,0.014544441176817599,0.009602194787379973,0.072722205884088,0.013629172920131424,0.014079957906226742,0.0036961646145552926,2.4285714285714284,1.6750851532758422,0.40877914951989025,8.37542576637921,1.0808088240021838,1.4087573429630125,0.7670368471536645,"[""BaseDateTimeField"", ""DateTimeFieldType"", ""TestBaseDateTimeField"", ""BaseDurationField"", ""DurationFieldType"", ""TestBaseDateTimeField$MockBaseDateTimeField"", ""TestBaseDateTimeField$MockCountingDurationField""]","[0.02040816326530612, 0.016693163751987282, 0.013300083125519535, 0.012718600953895072, 0.009602194787379973]","[2.4285714285714284, 2.1089030206677264, 2.2527015793848713, 1.1764705882352942, 0.40877914951989025]"
org.joda.time.field.TestBaseDateTimeField.test_roundHalfEven_long,0.02040816326530612,0.014544441176817599,0.009602194787379973,0.072722205884088,0.013629172920131424,0.014079957906226742,0.0036961646145552926,2.4285714285714284,1.6750851532758422,0.40877914951989025,8.37542576637921,1.0808088240021838,1.4087573429630125,0.7670368471536645,"[""BaseDateTimeField"", ""DateTimeFieldType"", ""TestBaseDateTimeField"", ""BaseDurationField"", ""DurationFieldType"", ""TestBaseDateTimeField$MockBaseDateTimeField"", ""TestBaseDateTimeField$MockCountingDurationField""]","[0.02040816326530612, 0.016693163751987282, 0.013300083125519535, 0.012718600953895072, 0.009602194787379973]","[2.4285714285714284, 2.1089030206677264, 2.2527015793848713, 1.1764705882352942, 0.40877914951989025]"
org.joda.time.field.TestBaseDateTimeField.test_getLeapAmount_long,0.02040816326530612,0.014544441176817599,0.009602194787379973,0.072722205884088,0.013629172920131424,0.014079957906226742,0.0036961646145552926,2.4285714285714284,1.6750851532758422,0.40877914951989025,8.37542576637921,1.0808088240021838,1.4087573429630125,0.7670368471536645,"[""BaseDateTimeField"", ""DateTimeFieldType"", ""TestBaseDateTimeField"", ""BaseDurationField"", ""DurationFieldType"", ""TestBaseDateTimeField$MockBaseDateTimeField"", ""TestBaseDateTimeField$MockCountingDurationField""]","[0.02040816326530612, 0.016693163751987282, 0.013300083125519535, 0.012718600953895072, 0.009602194787379973]","[2.4285714285714284, 2.1089030206677264, 2.2527015793848713, 1.1764705882352942, 0.40877914951989025]"
org.joda.time.field.TestBaseDateTimeField.test_getName,0.02040816326530612,0.014544441176817599,0.009602194787379973,0.072722205884088,0.013629172920131424,0.014079957906226742,0.0036961646145552926,2.4285714285714284,1.6750851532758422,0.40877914951989025,8.37542576637921,1.0808088240021838,1.4087573429630125,0.7670368471536645,"[""BaseDateTimeField"", ""DateTimeFieldType"", ""TestBaseDateTimeField"", ""BaseDurationField"", ""DurationFieldType"", ""TestBaseDateTimeField$MockBaseDateTimeField"", ""TestBaseDateTimeField$MockCountingDurationField""]","[0.02040816326530612, 0.016693163751987282, 0.013300083125519535, 0.012718600953895072, 0.009602194787379973]","[2.4285714285714284, 2.1089030206677264, 2.2527015793848713, 1.1764705882352942, 0.40877914951989025]"
org.joda.time.field.TestBaseDateTimeField.test_getMaximumValue,0.02040816326530612,0.014544441176817599,0.009602194787379973,0.072722205884088,0.013629172920131424,0.014079957906226742,0.0036961646145552926,2.4285714285714284,1.6750851532758422,0.40877914951989025,8.37542576637921,1.0808088240021838,1.4087573429630125,0.7670368471536645,"[""BaseDateTimeField"", ""DateTimeFieldType"", ""TestBaseDateTimeField"", ""BaseDurationField"", ""DurationFieldType"", ""TestBaseDateTimeField$MockBaseDateTimeField"", ""TestBaseDateTimeField$MockCountingDurationField""]","[0.02040816326530612, 0.016693163751987282, 0.013300083125519535, 0.012718600953895072, 0.009602194787379973]","[2.4285714285714284, 2.1089030206677264, 2.2527015793848713, 1.1764705882352942, 0.40877914951989025]"
org.joda.time.field.TestBaseDateTimeField.test_add_long_long,0.02040816326530612,0.014544441176817599,0.009602194787379973,0.072722205884088,0.013629172920131424,0.014079957906226742,0.0036961646145552926,2.4285714285714284,1.6750851532758422,0.40877914951989025,8.37542576637921,1.0808088240021838,1.4087573429630125,0.7670368471536645,"[""BaseDateTimeField"", ""DateTimeFieldType"", ""TestBaseDateTimeField"", ""BaseDurationField"", ""DurationFieldType"", ""TestBaseDateTimeField$MockBaseDateTimeField"", ""TestBaseDateTimeField$MockCountingDurationField""]","[0.02040816326530612, 0.016693163751987282, 0.013300083125519535, 0.012718600953895072, 0.009602194787379973]","[2.4285714285714284, 2.1089030206677264, 2.2527015793848713, 1.1764705882352942, 0.40877914951989025]"
org.joda.time.field.TestBaseDateTimeField.test_getAsShortText_long,0.02040816326530612,0.014544441176817599,0.009602194787379973,0.072722205884088,0.013629172920131424,0.014079957906226742,0.0036961646145552926,2.4285714285714284,1.6750851532758422,0.40877914951989025,8.37542576637921,1.0808088240021838,1.4087573429630125,0.7670368471536645,"[""BaseDateTimeField"", ""DateTimeFieldType"", ""TestBaseDateTimeField"", ""BaseDurationField"", ""DurationFieldType"", ""TestBaseDateTimeField$MockBaseDateTimeField"", ""TestBaseDateTimeField$MockCountingDurationField""]","[0.02040816326530612, 0.016693163751987282, 0.013300083125519535, 0.012718600953895072, 0.009602194787379973]","[2.4285714285714284, 2.1089030206677264, 2.2527015793848713, 1.1764705882352942, 0.40877914951989025]"
org.joda.time.field.TestBaseDateTimeField.test_isLeap_long,0.02040816326530612,0.014544441176817599,0.009602194787379973,0.072722205884088,0.013629172920131424,0.014079957906226742,0.0036961646145552926,2.4285714285714284,1.6750851532758422,0.40877914951989025,8.37542576637921,1.0808088240021838,1.4087573429630125,0.7670368471536645,"[""BaseDateTimeField"", ""DateTimeFieldType"", ""TestBaseDateTimeField"", ""BaseDurationField"", ""DurationFieldType"", ""TestBaseDateTimeField$MockBaseDateTimeField"", ""TestBaseDateTimeField$MockCountingDurationField""]","[0.02040816326530612, 0.016693163751987282, 0.013300083125519535, 0.012718600953895072, 0.009602194787379973]","[2.4285714285714284, 2.1089030206677264, 2.2527015793848713, 1.1764705882352942, 0.40877914951989025]"
org.joda.time.field.TestBaseDateTimeField.test_constructor,0.02040816326530612,0.014544441176817599,0.009602194787379973,0.072722205884088,0.013629172920131424,0.014079957906226742,0.0036961646145552926,2.4285714285714284,1.6750851532758422,0.40877914951989025,8.37542576637921,1.0808088240021838,1.4087573429630125,0.7670368471536645,"[""BaseDateTimeField"", ""DateTimeFieldType"", ""TestBaseDateTimeField"", ""BaseDurationField"", ""DurationFieldType"", ""TestBaseDateTimeField$MockBaseDateTimeField"", ""TestBaseDateTimeField$MockCountingDurationField""]","[0.02040816326530612, 0.016693163751987282, 0.013300083125519535, 0.012718600953895072, 0.009602194787379973]","[2.4285714285714284, 2.1089030206677264, 2.2527015793848713, 1.1764705882352942, 0.40877914951989025]"
org.joda.time.field.TestBaseDateTimeField.test_getAsShortText_int_Locale,0.02040816326530612,0.014544441176817599,0.009602194787379973,0.072722205884088,0.013629172920131424,0.014079957906226742,0.0036961646145552926,2.4285714285714284,1.6750851532758422,0.40877914951989025,8.37542576637921,1.0808088240021838,1.4087573429630125,0.7670368471536645,"[""BaseDateTimeField"", ""DateTimeFieldType"", ""TestBaseDateTimeField"", ""BaseDurationField"", ""DurationFieldType"", ""TestBaseDateTimeField$MockBaseDateTimeField"", ""TestBaseDateTimeField$MockCountingDurationField""]","[0.02040816326530612, 0.016693163751987282, 0.013300083125519535, 0.012718600953895072, 0.009602194787379973]","[2.4285714285714284, 2.1089030206677264, 2.2527015793848713, 1.1764705882352942, 0.40877914951989025]"
org.joda.time.field.TestBaseDateTimeField.test_roundHalfFloor_long,0.02040816326530612,0.014544441176817599,0.009602194787379973,0.072722205884088,0.013629172920131424,0.014079957906226742,0.0036961646145552926,2.4285714285714284,1.6750851532758422,0.40877914951989025,8.37542576637921,1.0808088240021838,1.4087573429630125,0.7670368471536645,"[""BaseDateTimeField"", ""DateTimeFieldType"", ""TestBaseDateTimeField"", ""BaseDurationField"", ""DurationFieldType"", ""TestBaseDateTimeField$MockBaseDateTimeField"", ""TestBaseDateTimeField$MockCountingDurationField""]","[0.02040816326530612, 0.016693163751987282, 0.013300083125519535, 0.012718600953895072, 0.009602194787379973]","[2.4285714285714284, 2.1089030206677264, 2.2527015793848713, 1.1764705882352942, 0.40877914951989025]"
org.joda.time.field.TestBaseDateTimeField.test_getMinimumValue_long,0.02040816326530612,0.014544441176817599,0.009602194787379973,0.072722205884088,0.013629172920131424,0.014079957906226742,0.0036961646145552926,2.4285714285714284,1.6750851532758422,0.40877914951989025,8.37542576637921,1.0808088240021838,1.4087573429630125,0.7670368471536645,"[""BaseDateTimeField"", ""DateTimeFieldType"", ""TestBaseDateTimeField"", ""BaseDurationField"", ""DurationFieldType"", ""TestBaseDateTimeField$MockBaseDateTimeField"", ""TestBaseDateTimeField$MockCountingDurationField""]","[0.02040816326530612, 0.016693163751987282, 0.013300083125519535, 0.012718600953895072, 0.009602194787379973]","[2.4285714285714284, 2.1089030206677264, 2.2527015793848713, 1.1764705882352942, 0.40877914951989025]"
org.joda.time.TestMonthDay_Basics.testGetField,0.03459119496855346,0.02423370066804799,0.018867924528301886,0.07270110200414397,0.022408329560887282,0.023244123291464372,0.007325446333690225,6.022012578616352,4.235151059525338,2.2746355685131197,12.705453178576013,3.6035727172981695,3.9233596926550867,1.5347801993413843,"[""MonthDay"", ""Chronology"", ""TestMonthDay_Basics""]","[0.03459119496855346, 0.01924198250728863, 0.018867924528301886]","[6.022012578616352, 2.2746355685131197, 4.408805031446541]"
org.joda.time.TestMonthDay_Basics.testGetFields,0.03459119496855346,0.02423370066804799,0.018867924528301886,0.07270110200414397,0.022408329560887282,0.023244123291464372,0.007325446333690225,6.022012578616352,4.235151059525338,2.2746355685131197,12.705453178576013,3.6035727172981695,3.9233596926550867,1.5347801993413843,"[""MonthDay"", ""Chronology"", ""TestMonthDay_Basics""]","[0.03459119496855346, 0.01924198250728863, 0.018867924528301886]","[6.022012578616352, 2.2746355685131197, 4.408805031446541]"
org.joda.time.TestMonthDay_Properties.testPropertyGetDayOfMonth,0.03459119496855346,0.02423370066804799,0.018867924528301886,0.07270110200414397,0.022408329560887282,0.023244123291464372,0.007325446333690225,6.022012578616352,3.491964476716113,2.1792452830188678,10.47589343014834,2.8180583629499,3.102081470847914,1.789437970441822,"[""MonthDay"", ""Chronology"", ""TestMonthDay_Properties"", ""MonthDay$Property""]","[0.03459119496855346, 0.01924198250728863, 0.018867924528301886]","[6.022012578616352, 2.2746355685131197, 2.1792452830188678]"
org.joda.time.TestMonthDay_Properties.testPropertyGetMonthOfYear,0.03459119496855346,0.02423370066804799,0.018867924528301886,0.07270110200414397,0.022408329560887282,0.023244123291464372,0.007325446333690225,6.022012578616352,3.491964476716113,2.1792452830188678,10.47589343014834,2.8180583629499,3.102081470847914,1.789437970441822,"[""MonthDay"", ""Chronology"", ""TestMonthDay_Properties"", ""MonthDay$Property""]","[0.03459119496855346, 0.01924198250728863, 0.018867924528301886]","[6.022012578616352, 2.2746355685131197, 2.1792452830188678]"
org.joda.time.TestMutableDateTime_Basics.testToInstant,0.03498542274052478,0.02423288500802075,0.018658892128279883,0.07269865502406225,0.022278568051914565,0.0231698006905783,0.007604906116106994,4.066472303206997,2.5017967989696133,0.963265306122449,7.505390396908839,1.7772692404662878,2.1324776620136885,1.2670138248883485,"[""TestMutableDateTime_Basics"", ""MutableDateTime"", ""Instant""]","[0.03498542274052478, 0.019054340155257588, 0.018658892128279883]","[4.066472303206997, 2.475652787579393, 0.963265306122449]"
org.joda.time.TestPartial_Properties.testPropertyGetMinute,0.024134312696747113,0.01816531856901625,0.012591815320041973,0.072661274276065,0.01718760077810045,0.017675753543450756,0.004183876026022107,3.396642182581322,2.3941532726887056,1.7964323189926548,9.576613090754822,2.2664452035059646,2.3259869475234107,0.6037190035178697,"[""TestPartial_Properties"", ""DateTimeFieldType"", ""Partial$Property"", ""Partial"", ""Chronology""]","[0.024134312696747113, 0.01924198250728863, 0.016693163751987282, 0.012591815320041973]","[3.396642182581322, 2.2746355685131197, 2.1089030206677264, 1.7964323189926548]"
org.joda.time.TestPartial_Properties.testPropertyGetHour,0.024134312696747113,0.01816531856901625,0.012591815320041973,0.072661274276065,0.01718760077810045,0.017675753543450756,0.004183876026022107,3.396642182581322,2.3941532726887056,1.7964323189926548,9.576613090754822,2.2664452035059646,2.3259869475234107,0.6037190035178697,"[""TestPartial_Properties"", ""DateTimeFieldType"", ""Partial$Property"", ""Partial"", ""Chronology""]","[0.024134312696747113, 0.01924198250728863, 0.016693163751987282, 0.012591815320041973]","[3.396642182581322, 2.2746355685131197, 2.1089030206677264, 1.7964323189926548]"
org.joda.time.TestDateTimeUtils.testGetPeriodType_PeriodType,0.027149321266968326,0.024219298858956045,0.019867549668874173,0.07265789657686814,0.023778071334214,0.024003775651650707,0.003138155475630352,3.7277409860191315,2.3866764286514965,1.4899806076276665,7.16002928595449,2.062904644760448,2.209605751234882,0.966088525327612,"[""PeriodType"", ""TestDateTimeUtils"", ""DateTimeUtils""]","[0.027149321266968326, 0.02564102564102564, 0.019867549668874173]","[1.4899806076276665, 1.9423076923076923, 3.7277409860191315]"
org.joda.time.TestDateMidnight_Properties.testPropertyToIntervalYear,0.03319502074688797,0.02418024178818637,0.016632016632016633,0.0725407253645591,0.02234198922097011,0.023232815144039125,0.006840875254385786,3.8485477178423237,2.4095576295874914,1.5499103407053199,7.228672888762474,2.0669401552913906,2.2183760806803585,1.0239342450507698,"[""TestDateMidnight_Properties"", ""DateMidnight"", ""Interval"", ""DateMidnight$Property""]","[0.03319502074688797, 0.022713687985654513, 0.016632016632016633]","[3.8485477178423237, 1.5499103407053199, 1.8302148302148302]"
org.joda.time.TestDateMidnight_Properties.testPropertyToIntervalYearOfCentury,0.03319502074688797,0.02418024178818637,0.016632016632016633,0.0725407253645591,0.02234198922097011,0.023232815144039125,0.006840875254385786,3.8485477178423237,2.4095576295874914,1.5499103407053199,7.228672888762474,2.0669401552913906,2.2183760806803585,1.0239342450507698,"[""TestDateMidnight_Properties"", ""DateMidnight"", ""Interval"", ""DateMidnight$Property""]","[0.03319502074688797, 0.022713687985654513, 0.016632016632016633]","[3.8485477178423237, 1.5499103407053199, 1.8302148302148302]"
org.joda.time.TestDateMidnight_Properties.testPropertyToIntervalYearOfEra,0.03319502074688797,0.02418024178818637,0.016632016632016633,0.0725407253645591,0.02234198922097011,0.023232815144039125,0.006840875254385786,3.8485477178423237,2.4095576295874914,1.5499103407053199,7.228672888762474,2.0669401552913906,2.2183760806803585,1.0239342450507698,"[""TestDateMidnight_Properties"", ""DateMidnight"", ""Interval"", ""DateMidnight$Property""]","[0.03319502074688797, 0.022713687985654513, 0.016632016632016633]","[3.8485477178423237, 1.5499103407053199, 1.8302148302148302]"
org.joda.time.TestDateMidnight_Properties.testPropertyToIntervalMonthOfYear,0.03319502074688797,0.02418024178818637,0.016632016632016633,0.0725407253645591,0.02234198922097011,0.023232815144039125,0.006840875254385786,3.8485477178423237,2.4095576295874914,1.5499103407053199,7.228672888762474,2.0669401552913906,2.2183760806803585,1.0239342450507698,"[""TestDateMidnight_Properties"", ""DateMidnight"", ""Interval"", ""DateMidnight$Property""]","[0.03319502074688797, 0.022713687985654513, 0.016632016632016633]","[3.8485477178423237, 1.5499103407053199, 1.8302148302148302]"
org.joda.time.TestDateMidnight_Properties.testPropertyToIntervalDayOfMonth,0.03319502074688797,0.02418024178818637,0.016632016632016633,0.0725407253645591,0.02234198922097011,0.023232815144039125,0.006840875254385786,3.8485477178423237,2.4095576295874914,1.5499103407053199,7.228672888762474,2.0669401552913906,2.2183760806803585,1.0239342450507698,"[""TestDateMidnight_Properties"", ""DateMidnight"", ""Interval"", ""DateMidnight$Property""]","[0.03319502074688797, 0.022713687985654513, 0.016632016632016633]","[3.8485477178423237, 1.5499103407053199, 1.8302148302148302]"
org.joda.time.TestTimeOfDay_Constructors.testFactory_FromDateFields_after1970,0.044386422976501305,0.024156429720797613,0.006006006006006006,0.07246928916239284,0.012802692563374258,0.018054733080045033,0.015737588947355476,4.117493472584856,2.3730126480948943,0.1111111111111111,7.119037944284683,0.31286386444660164,1.097617755331426,1.676020694357162,"[""GregorianCalendar"", ""TestTimeOfDay_Constructors"", ""TimeOfDay""]","[0.044386422976501305, 0.022076860179885527, 0.006006006006006006]","[4.117493472584856, 2.8904333605887165, 0.1111111111111111]"
org.joda.time.TestTimeOfDay_Constructors.testFactory_FromDateFields_before1970,0.044386422976501305,0.024156429720797613,0.006006006006006006,0.07246928916239284,0.012802692563374258,0.018054733080045033,0.015737588947355476,4.117493472584856,2.3730126480948943,0.1111111111111111,7.119037944284683,0.31286386444660164,1.097617755331426,1.676020694357162,"[""GregorianCalendar"", ""TestTimeOfDay_Constructors"", ""TimeOfDay""]","[0.044386422976501305, 0.022076860179885527, 0.006006006006006006]","[4.117493472584856, 2.8904333605887165, 0.1111111111111111]"
org.joda.time.TestTimeOfDay_Constructors.testFactory_FromCalendarFields,0.044386422976501305,0.024156429720797613,0.006006006006006006,0.07246928916239284,0.012802692563374258,0.018054733080045033,0.015737588947355476,4.117493472584856,2.3730126480948943,0.1111111111111111,7.119037944284683,0.31286386444660164,1.097617755331426,1.676020694357162,"[""GregorianCalendar"", ""TestTimeOfDay_Constructors"", ""TimeOfDay""]","[0.044386422976501305, 0.022076860179885527, 0.006006006006006006]","[4.117493472584856, 2.8904333605887165, 0.1111111111111111]"
org.joda.time.TestDateTime_Properties.testPropertyEqualsHashCodeStrict,0.04081632653061224,0.0240563381919302,0.008191925102399064,0.0721690145757906,0.015810451727192205,0.01978446223006906,0.013333902489705663,5.746938775510204,3.8915991530739524,0.5307197191339965,11.674797459221857,1.3371827724990073,2.5438322274858063,2.3807873913256135,"[""StrictChronology"", ""DateTime$Property"", ""TestDateTime_Properties"", ""DateTime""]","[0.04081632653061224, 0.02316076294277929, 0.008191925102399064]","[5.746938775510204, 5.397138964577657, 0.5307197191339965]"
org.joda.time.TestDateTimeZone.testGetShortNameProviderName,0.037317784256559766,0.02405483691396115,0.00641399416909621,0.07216451074188344,0.013769255881056985,0.018950514361641295,0.012990651422141772,3.550624133148405,2.3485559549756103,0.13644314868804663,7.0456678649268305,0.3793413958577926,1.1761740615101899,1.566163159178145,"[""NameProvider"", ""DateTimeZone"", ""TestDateTimeZone""]","[0.037317784256559766, 0.028432732316227463, 0.00641399416909621]","[3.358600583090379, 3.550624133148405, 0.13644314868804663]"
org.joda.time.TestDateTimeZone.testGetNameProviderName,0.037317784256559766,0.02405483691396115,0.00641399416909621,0.07216451074188344,0.013769255881056985,0.018950514361641295,0.012990651422141772,3.550624133148405,2.3485559549756103,0.13644314868804663,7.0456678649268305,0.3793413958577926,1.1761740615101899,1.566163159178145,"[""NameProvider"", ""DateTimeZone"", ""TestDateTimeZone""]","[0.037317784256559766, 0.028432732316227463, 0.00641399416909621]","[3.358600583090379, 3.550624133148405, 0.13644314868804663]"
org.joda.time.convert.TestReadablePeriodConverter.testGetPeriodType_Object,0.030927835051546393,0.018027307098056954,0.007363770250368188,0.07210922839222782,0.013785931094530373,0.015850488005180727,0.008662346199990702,4.878497790868925,2.3354833726901774,0.2540500736377025,9.34193349076071,0.6167422539250094,1.221362199191165,2.0108696015215104,"[""TestReadablePeriodConverter"", ""PeriodType"", ""ReadablePeriodConverter"", ""Period""]","[0.030927835051546393, 0.019867549668874173, 0.013950073421439061, 0.007363770250368188]","[4.878497790868925, 3.7277409860191315, 0.48164464023494863, 0.2540500736377025]"
org.joda.time.TestSerialization.testSerializedYearMonthDay,0.03763440860215054,0.017972778055461772,0.006006006006006006,0.07189111222184709,0.009888116602725653,0.013182438452617642,0.013145685867609008,3.3669354838709675,1.4616551066624863,0.07507507507507508,5.846620426649945,0.1541972494179693,0.4712568668128532,1.4307391675072616,"[""YearMonthDay"", ""StringBuilder"", ""ByteArrayOutputStream"", ""ObjectInputStream"", ""TestSerialization"", ""FileInputStream"", ""ObjectOutputStream"", ""ByteArrayInputStream""]","[0.03763440860215054, 0.022244691607684528, 0.006006006006006006, 0.006006006006006006]","[3.3669354838709675, 2.320525783619818, 0.08408408408408409, 0.07507507507507508]"
org.joda.time.TestDateTimeZone.testTimeZoneConversion,0.037317784256559766,0.023918840859597747,0.006006006006006006,0.07175652257879324,0.013130964355236623,0.018539872196383214,0.013175438673649262,3.550624133148405,2.340111942449965,0.1111111111111111,7.020335827349895,0.3131725484687983,1.098348556003193,1.5780899405137843,"[""TimeZone"", ""TestDateTimeZone"", ""DateTimeZone""]","[0.037317784256559766, 0.028432732316227463, 0.006006006006006006]","[3.358600583090379, 3.550624133148405, 0.1111111111111111]"
org.joda.time.TestDateTimeZone.testForTimeZone_TimeZone,0.037317784256559766,0.023918840859597747,0.006006006006006006,0.07175652257879324,0.013130964355236623,0.018539872196383214,0.013175438673649262,3.550624133148405,2.340111942449965,0.1111111111111111,7.020335827349895,0.3131725484687983,1.098348556003193,1.5780899405137843,"[""DateTimeZone"", ""TimeZone"", ""TestDateTimeZone""]","[0.037317784256559766, 0.028432732316227463, 0.006006006006006006]","[3.358600583090379, 3.550624133148405, 0.1111111111111111]"
org.joda.time.TestDateTimeZone.testToTimeZone,0.037317784256559766,0.023918840859597747,0.006006006006006006,0.07175652257879324,0.013130964355236623,0.018539872196383214,0.013175438673649262,3.550624133148405,2.340111942449965,0.1111111111111111,7.020335827349895,0.3131725484687983,1.098348556003193,1.5780899405137843,"[""DateTimeZone"", ""TimeZone"", ""TestDateTimeZone""]","[0.037317784256559766, 0.028432732316227463, 0.006006006006006006]","[3.358600583090379, 3.550624133148405, 0.1111111111111111]"
org.joda.time.TestDateTimeZone.testForID_String_old,0.037317784256559766,0.023918840859597747,0.006006006006006006,0.07175652257879324,0.013130964355236623,0.018539872196383214,0.013175438673649262,3.550624133148405,2.340111942449965,0.1111111111111111,7.020335827349895,0.3131725484687983,1.098348556003193,1.5780899405137843,"[""TestDateTimeZone"", ""Map"", ""LinkedHashMap"", ""DateTimeZone"", ""Set"", ""Iterator"", ""TimeZone""]","[0.037317784256559766, 0.028432732316227463, 0.006006006006006006]","[3.358600583090379, 3.550624133148405, 0.1111111111111111]"
org.joda.time.format.TestISODateTimeFormatParsing.test_localDateOptionalTimeParser,0.026822157434402333,0.023885206442175417,0.02092675635276532,0.07165561932652625,0.023641110677358475,0.02376321072310726,0.002406835423916154,5.811659192825112,4.440621091485922,2.464723032069971,13.321863274457765,3.866028410086557,4.1654022481464255,1.4317558201281058,"[""DateTimeFormatter"", ""TestISODateTimeFormatParsing"", ""ISODateTimeFormat""]","[0.026822157434402333, 0.0239067055393586, 0.02092675635276532]","[2.464723032069971, 5.0454810495626825, 5.811659192825112]"
org.joda.time.format.TestISODateTimeFormatParsing.test_localTimeParser,0.026822157434402333,0.023885206442175417,0.02092675635276532,0.07165561932652625,0.023641110677358475,0.02376321072310726,0.002406835423916154,5.811659192825112,4.440621091485922,2.464723032069971,13.321863274457765,3.866028410086557,4.1654022481464255,1.4317558201281058,"[""DateTimeFormatter"", ""TestISODateTimeFormatParsing"", ""ISODateTimeFormat""]","[0.026822157434402333, 0.0239067055393586, 0.02092675635276532]","[2.464723032069971, 5.0454810495626825, 5.811659192825112]"
org.joda.time.format.TestISODateTimeFormatParsing.test_localDateParser,0.026822157434402333,0.023885206442175417,0.02092675635276532,0.07165561932652625,0.023641110677358475,0.02376321072310726,0.002406835423916154,5.811659192825112,4.440621091485922,2.464723032069971,13.321863274457765,3.866028410086557,4.1654022481464255,1.4317558201281058,"[""DateTimeFormatter"", ""TestISODateTimeFormatParsing"", ""ISODateTimeFormat""]","[0.026822157434402333, 0.0239067055393586, 0.02092675635276532]","[2.464723032069971, 5.0454810495626825, 5.811659192825112]"
org.joda.time.TestSerialization.testSerializedDateTimeZone,0.037317784256559766,0.017893621969064077,0.006006006006006006,0.07157448787625631,0.009882608924529294,0.013154624050645635,0.013027477827091096,3.358600583090379,1.459571381467339,0.07507507507507508,5.838285525869356,0.15419286826715575,0.47096494476367295,1.427966186476354,"[""StringBuilder"", ""ByteArrayOutputStream"", ""ObjectInputStream"", ""DateTimeZone"", ""TestSerialization"", ""FileInputStream"", ""ObjectOutputStream"", ""ByteArrayInputStream""]","[0.037317784256559766, 0.022244691607684528, 0.006006006006006006, 0.006006006006006006]","[3.358600583090379, 2.320525783619818, 0.08408408408408409, 0.07507507507507508]"
org.joda.time.TestDateMidnight_Basics.testWithFieldAdded4,0.03319502074688797,0.023839719344320987,0.012718600953895072,0.07151915803296297,0.020297142857142857,0.022111356546159356,0.008452199875798656,3.8485477178423237,2.872237935935907,1.1764705882352942,8.616713807807722,2.1609811163350114,2.5335286526119036,1.2036648033889719,"[""TestDateMidnight_Basics"", ""DateMidnight"", ""DurationFieldType""]","[0.03319502074688797, 0.02560553633217993, 0.012718600953895072]","[3.8485477178423237, 3.5916955017301038, 1.1764705882352942]"
org.joda.time.TestDateMidnight_Basics.testWithFieldAdded1,0.03319502074688797,0.023839719344320987,0.012718600953895072,0.07151915803296297,0.020297142857142857,0.022111356546159356,0.008452199875798656,3.8485477178423237,2.872237935935907,1.1764705882352942,8.616713807807722,2.1609811163350114,2.5335286526119036,1.2036648033889719,"[""TestDateMidnight_Basics"", ""DateMidnight"", ""DurationFieldType""]","[0.03319502074688797, 0.02560553633217993, 0.012718600953895072]","[3.8485477178423237, 3.5916955017301038, 1.1764705882352942]"
org.joda.time.TestMonthDay_Basics.testSerialization,0.03459119496855346,0.014299045578881906,0.006006006006006006,0.07149522789440953,0.00860719874804382,0.010723847424969277,0.011301944758085894,6.022012578616352,2.131850775531157,0.06927710843373494,10.659253877655786,0.12487351554415142,0.4101780116102512,2.568881638943478,"[""TestMonthDay_Basics"", ""ByteArrayOutputStream"", ""Arrays"", ""ObjectInputStream"", ""MonthDay"", ""ObjectOutputStream"", ""ByteArrayInputStream""]","[0.03459119496855346, 0.018867924528301886, 0.006024096385542169, 0.006006006006006006, 0.006006006006006006]","[6.022012578616352, 4.408805031446541, 0.06927710843373494, 0.08408408408408409, 0.07507507507507508]"
org.joda.time.TestDays.testToStandardDuration,0.025559105431309903,0.023828930469586868,0.020766773162939296,0.0714867914087606,0.023617764023047386,0.02372540786423179,0.0021713659092852974,2.7939297124600637,2.278797458297268,1.6079578700994734,6.836392374891805,2.157362622038199,2.2197305465667556,0.4965318943245294,"[""Days"", ""TestDays"", ""Duration""]","[0.025559105431309903, 0.02516091281451141, 0.020766773162939296]","[2.7939297124600637, 1.6079578700994734, 2.4345047923322682]"
org.joda.time.TestDateTimeUtils.testGetInstantMillis_RI,0.027149321266968326,0.02381641301209128,0.018658892128279883,0.07144923903627384,0.02317907444668008,0.023506794348504445,0.0036985362126137154,1.9423076923076923,1.4651845353526027,0.963265306122449,4.395553606057808,1.3488379237328796,1.4073912769371864,0.40007676962222005,"[""DateTimeUtils"", ""TestDateTimeUtils"", ""Instant""]","[0.027149321266968326, 0.02564102564102564, 0.018658892128279883]","[1.4899806076276665, 1.9423076923076923, 0.963265306122449]"
org.joda.time.TestMutablePeriod_Updates.testAdd_RP1,0.030927835051546393,0.023790060099610943,0.019823788546255508,0.07137018029883282,0.022852306390181973,0.023295112535747918,0.005057587537770626,5.674008810572687,4.535420708089767,3.0537555228276876,13.6062621242693,4.233168533699076,4.388709094911942,1.0968768501312602,"[""MutablePeriod"", ""TestMutablePeriod_Updates"", ""Period""]","[0.030927835051546393, 0.020618556701030927, 0.019823788546255508]","[4.878497790868925, 3.0537555228276876, 5.674008810572687]"
org.joda.time.TestInterval_Constructors.testConstructor_Object6,0.022713687985654513,0.01783050375078147,0.009563658099222952,0.07132201500312588,0.015763325500616352,0.016851975365832855,0.00542242967725477,2.722953216374269,1.5178228888155676,0.3753735803945009,6.07129155526227,0.9134143715843809,1.2253438955480247,0.8317962786017924,"[""TestInterval_Constructors$2"", ""TestInterval_Constructors"", ""Object"", ""Interval"", ""ConverterManager"", ""ReadWritableInterval""]","[0.022713687985654513, 0.02266081871345029, 0.016383850204798128, 0.009563658099222952]","[1.5499103407053199, 2.722953216374269, 1.4230544177881803, 0.3753735803945009]"
org.joda.time.format.TestPeriodFormat.test_wordBased_nl_FormatOneField,0.030927835051546393,0.01780753429966669,0.008836524300441826,0.07123013719866676,0.014380206069292856,0.015956302531935487,0.008394870099999166,4.878497790868925,1.8990981319277576,0.4410898379970545,7.59639252771103,0.9439418459217606,1.2906857307637454,1.7444601172821395,"[""PeriodFormat"", ""PeriodFormatter"", ""TestPeriodFormat"", ""Period""]","[0.030927835051546393, 0.018947368421052633, 0.012518409425625921, 0.008836524300441826]","[4.878497790868925, 1.2178947368421054, 0.4410898379970545, 1.0589101620029455]"
org.joda.time.format.TestPeriodFormat.test_wordBased_es_parseOneField,0.030927835051546393,0.01780753429966669,0.008836524300441826,0.07123013719866676,0.014380206069292856,0.015956302531935487,0.008394870099999166,4.878497790868925,1.8990981319277576,0.4410898379970545,7.59639252771103,0.9439418459217606,1.2906857307637454,1.7444601172821395,"[""PeriodFormat"", ""PeriodFormatter"", ""TestPeriodFormat"", ""Period""]","[0.030927835051546393, 0.018947368421052633, 0.012518409425625921, 0.008836524300441826]","[4.878497790868925, 1.2178947368421054, 0.4410898379970545, 1.0589101620029455]"
org.joda.time.format.TestPeriodFormat.test_getDefault_parseOneField,0.030927835051546393,0.01780753429966669,0.008836524300441826,0.07123013719866676,0.014380206069292856,0.015956302531935487,0.008394870099999166,4.878497790868925,1.8990981319277576,0.4410898379970545,7.59639252771103,0.9439418459217606,1.2906857307637454,1.7444601172821395,"[""PeriodFormat"", ""PeriodFormatter"", ""TestPeriodFormat"", ""Period""]","[0.030927835051546393, 0.018947368421052633, 0.012518409425625921, 0.008836524300441826]","[4.878497790868925, 1.2178947368421054, 0.4410898379970545, 1.0589101620029455]"
org.joda.time.format.TestPeriodFormat.test_wordBased_de_formatStandard,0.030927835051546393,0.01780753429966669,0.008836524300441826,0.07123013719866676,0.014380206069292856,0.015956302531935487,0.008394870099999166,4.878497790868925,1.8990981319277576,0.4410898379970545,7.59639252771103,0.9439418459217606,1.2906857307637454,1.7444601172821395,"[""PeriodFormat"", ""PeriodFormatter"", ""TestPeriodFormat"", ""Period""]","[0.030927835051546393, 0.018947368421052633, 0.012518409425625921, 0.008836524300441826]","[4.878497790868925, 1.2178947368421054, 0.4410898379970545, 1.0589101620029455]"
org.joda.time.format.TestPeriodFormat.test_wordBased_de_formatTwoFields,0.030927835051546393,0.01780753429966669,0.008836524300441826,0.07123013719866676,0.014380206069292856,0.015956302531935487,0.008394870099999166,4.878497790868925,1.8990981319277576,0.4410898379970545,7.59639252771103,0.9439418459217606,1.2906857307637454,1.7444601172821395,"[""PeriodFormat"", ""PeriodFormatter"", ""TestPeriodFormat"", ""Period""]","[0.030927835051546393, 0.018947368421052633, 0.012518409425625921, 0.008836524300441826]","[4.878497790868925, 1.2178947368421054, 0.4410898379970545, 1.0589101620029455]"
org.joda.time.format.TestPeriodFormat.test_wordBased_ja_formatSingular,0.030927835051546393,0.01780753429966669,0.008836524300441826,0.07123013719866676,0.014380206069292856,0.015956302531935487,0.008394870099999166,4.878497790868925,1.8990981319277576,0.4410898379970545,7.59639252771103,0.9439418459217606,1.2906857307637454,1.7444601172821395,"[""PeriodFormat"", ""PeriodFormatter"", ""TestPeriodFormat"", ""Period""]","[0.030927835051546393, 0.018947368421052633, 0.012518409425625921, 0.008836524300441826]","[4.878497790868925, 1.2178947368421054, 0.4410898379970545, 1.0589101620029455]"
org.joda.time.format.TestPeriodFormat.test_wordBased_es_formatStandard,0.030927835051546393,0.01780753429966669,0.008836524300441826,0.07123013719866676,0.014380206069292856,0.015956302531935487,0.008394870099999166,4.878497790868925,1.8990981319277576,0.4410898379970545,7.59639252771103,0.9439418459217606,1.2906857307637454,1.7444601172821395,"[""PeriodFormat"", ""PeriodFormatter"", ""TestPeriodFormat"", ""Period""]","[0.030927835051546393, 0.018947368421052633, 0.012518409425625921, 0.008836524300441826]","[4.878497790868925, 1.2178947368421054, 0.4410898379970545, 1.0589101620029455]"
org.joda.time.format.TestPeriodFormat.test_wordBased_pt_formatStandard,0.030927835051546393,0.01780753429966669,0.008836524300441826,0.07123013719866676,0.014380206069292856,0.015956302531935487,0.008394870099999166,4.878497790868925,1.8990981319277576,0.4410898379970545,7.59639252771103,0.9439418459217606,1.2906857307637454,1.7444601172821395,"[""PeriodFormat"", ""PeriodFormatter"", ""TestPeriodFormat"", ""Period""]","[0.030927835051546393, 0.018947368421052633, 0.012518409425625921, 0.008836524300441826]","[4.878497790868925, 1.2178947368421054, 0.4410898379970545, 1.0589101620029455]"
org.joda.time.format.TestPeriodFormat.test_wordBased_nl_formatTwoFields,0.030927835051546393,0.01780753429966669,0.008836524300441826,0.07123013719866676,0.014380206069292856,0.015956302531935487,0.008394870099999166,4.878497790868925,1.8990981319277576,0.4410898379970545,7.59639252771103,0.9439418459217606,1.2906857307637454,1.7444601172821395,"[""PeriodFormat"", ""PeriodFormatter"", ""TestPeriodFormat"", ""Period""]","[0.030927835051546393, 0.018947368421052633, 0.012518409425625921, 0.008836524300441826]","[4.878497790868925, 1.2178947368421054, 0.4410898379970545, 1.0589101620029455]"
org.joda.time.format.TestPeriodFormat.test_wordBased_ja_formatMultiple,0.030927835051546393,0.01780753429966669,0.008836524300441826,0.07123013719866676,0.014380206069292856,0.015956302531935487,0.008394870099999166,4.878497790868925,1.8990981319277576,0.4410898379970545,7.59639252771103,0.9439418459217606,1.2906857307637454,1.7444601172821395,"[""PeriodFormat"", ""PeriodFormatter"", ""TestPeriodFormat"", ""Period""]","[0.030927835051546393, 0.018947368421052633, 0.012518409425625921, 0.008836524300441826]","[4.878497790868925, 1.2178947368421054, 0.4410898379970545, 1.0589101620029455]"
org.joda.time.format.TestPeriodFormat.test_wordBased_pt_formatTwoFields,0.030927835051546393,0.01780753429966669,0.008836524300441826,0.07123013719866676,0.014380206069292856,0.015956302531935487,0.008394870099999166,4.878497790868925,1.8990981319277576,0.4410898379970545,7.59639252771103,0.9439418459217606,1.2906857307637454,1.7444601172821395,"[""PeriodFormat"", ""PeriodFormatter"", ""TestPeriodFormat"", ""Period""]","[0.030927835051546393, 0.018947368421052633, 0.012518409425625921, 0.008836524300441826]","[4.878497790868925, 1.2178947368421054, 0.4410898379970545, 1.0589101620029455]"
org.joda.time.format.TestPeriodFormat.test_wordBased_da_formatSinglular,0.030927835051546393,0.01780753429966669,0.008836524300441826,0.07123013719866676,0.014380206069292856,0.015956302531935487,0.008394870099999166,4.878497790868925,1.8990981319277576,0.4410898379970545,7.59639252771103,0.9439418459217606,1.2906857307637454,1.7444601172821395,"[""PeriodFormat"", ""PeriodFormatter"", ""TestPeriodFormat"", ""Period""]","[0.030927835051546393, 0.018947368421052633, 0.012518409425625921, 0.008836524300441826]","[4.878497790868925, 1.2178947368421054, 0.4410898379970545, 1.0589101620029455]"
org.joda.time.format.TestPeriodFormat.test_wordBased_es_formatTwoFields,0.030927835051546393,0.01780753429966669,0.008836524300441826,0.07123013719866676,0.014380206069292856,0.015956302531935487,0.008394870099999166,4.878497790868925,1.8990981319277576,0.4410898379970545,7.59639252771103,0.9439418459217606,1.2906857307637454,1.7444601172821395,"[""PeriodFormat"", ""PeriodFormatter"", ""TestPeriodFormat"", ""Period""]","[0.030927835051546393, 0.018947368421052633, 0.012518409425625921, 0.008836524300441826]","[4.878497790868925, 1.2178947368421054, 0.4410898379970545, 1.0589101620029455]"
org.joda.time.format.TestPeriodFormat.test_wordBased_da_formatMultiple,0.030927835051546393,0.01780753429966669,0.008836524300441826,0.07123013719866676,0.014380206069292856,0.015956302531935487,0.008394870099999166,4.878497790868925,1.8990981319277576,0.4410898379970545,7.59639252771103,0.9439418459217606,1.2906857307637454,1.7444601172821395,"[""PeriodFormat"", ""PeriodFormatter"", ""TestPeriodFormat"", ""Period""]","[0.030927835051546393, 0.018947368421052633, 0.012518409425625921, 0.008836524300441826]","[4.878497790868925, 1.2178947368421054, 0.4410898379970545, 1.0589101620029455]"
org.joda.time.format.TestPeriodFormat.test_wordBased_nl_parseOneField,0.030927835051546393,0.01780753429966669,0.008836524300441826,0.07123013719866676,0.014380206069292856,0.015956302531935487,0.008394870099999166,4.878497790868925,1.8990981319277576,0.4410898379970545,7.59639252771103,0.9439418459217606,1.2906857307637454,1.7444601172821395,"[""PeriodFormat"", ""PeriodFormatter"", ""TestPeriodFormat"", ""Period""]","[0.030927835051546393, 0.018947368421052633, 0.012518409425625921, 0.008836524300441826]","[4.878497790868925, 1.2178947368421054, 0.4410898379970545, 1.0589101620029455]"
org.joda.time.format.TestPeriodFormat.test_wordBased_de_parseOneField,0.030927835051546393,0.01780753429966669,0.008836524300441826,0.07123013719866676,0.014380206069292856,0.015956302531935487,0.008394870099999166,4.878497790868925,1.8990981319277576,0.4410898379970545,7.59639252771103,0.9439418459217606,1.2906857307637454,1.7444601172821395,"[""PeriodFormat"", ""PeriodFormatter"", ""TestPeriodFormat"", ""Period""]","[0.030927835051546393, 0.018947368421052633, 0.012518409425625921, 0.008836524300441826]","[4.878497790868925, 1.2178947368421054, 0.4410898379970545, 1.0589101620029455]"
org.joda.time.format.TestPeriodFormat.test_getDefault_formatStandard,0.030927835051546393,0.01780753429966669,0.008836524300441826,0.07123013719866676,0.014380206069292856,0.015956302531935487,0.008394870099999166,4.878497790868925,1.8990981319277576,0.4410898379970545,7.59639252771103,0.9439418459217606,1.2906857307637454,1.7444601172821395,"[""PeriodFormat"", ""PeriodFormatter"", ""TestPeriodFormat"", ""Period""]","[0.030927835051546393, 0.018947368421052633, 0.012518409425625921, 0.008836524300441826]","[4.878497790868925, 1.2178947368421054, 0.4410898379970545, 1.0589101620029455]"
org.joda.time.format.TestPeriodFormat.test_wordBased_pt_parseOneField,0.030927835051546393,0.01780753429966669,0.008836524300441826,0.07123013719866676,0.014380206069292856,0.015956302531935487,0.008394870099999166,4.878497790868925,1.8990981319277576,0.4410898379970545,7.59639252771103,0.9439418459217606,1.2906857307637454,1.7444601172821395,"[""PeriodFormat"", ""PeriodFormatter"", ""TestPeriodFormat"", ""Period""]","[0.030927835051546393, 0.018947368421052633, 0.012518409425625921, 0.008836524300441826]","[4.878497790868925, 1.2178947368421054, 0.4410898379970545, 1.0589101620029455]"
org.joda.time.format.TestPeriodFormat.test_wordBased_es_FormatOneField,0.030927835051546393,0.01780753429966669,0.008836524300441826,0.07123013719866676,0.014380206069292856,0.015956302531935487,0.008394870099999166,4.878497790868925,1.8990981319277576,0.4410898379970545,7.59639252771103,0.9439418459217606,1.2906857307637454,1.7444601172821395,"[""PeriodFormat"", ""PeriodFormatter"", ""TestPeriodFormat"", ""Period""]","[0.030927835051546393, 0.018947368421052633, 0.012518409425625921, 0.008836524300441826]","[4.878497790868925, 1.2178947368421054, 0.4410898379970545, 1.0589101620029455]"
org.joda.time.format.TestPeriodFormat.test_wordBased_fr_formatTwoFields,0.030927835051546393,0.01780753429966669,0.008836524300441826,0.07123013719866676,0.014380206069292856,0.015956302531935487,0.008394870099999166,4.878497790868925,1.8990981319277576,0.4410898379970545,7.59639252771103,0.9439418459217606,1.2906857307637454,1.7444601172821395,"[""PeriodFormat"", ""PeriodFormatter"", ""TestPeriodFormat"", ""Period""]","[0.030927835051546393, 0.018947368421052633, 0.012518409425625921, 0.008836524300441826]","[4.878497790868925, 1.2178947368421054, 0.4410898379970545, 1.0589101620029455]"
org.joda.time.format.TestPeriodFormat.test_wordBased_fr_formatStandard,0.030927835051546393,0.01780753429966669,0.008836524300441826,0.07123013719866676,0.014380206069292856,0.015956302531935487,0.008394870099999166,4.878497790868925,1.8990981319277576,0.4410898379970545,7.59639252771103,0.9439418459217606,1.2906857307637454,1.7444601172821395,"[""PeriodFormat"", ""PeriodFormatter"", ""TestPeriodFormat"", ""Period""]","[0.030927835051546393, 0.018947368421052633, 0.012518409425625921, 0.008836524300441826]","[4.878497790868925, 1.2178947368421054, 0.4410898379970545, 1.0589101620029455]"
org.joda.time.format.TestPeriodFormat.test_wordBased_fr_parseTwoFields,0.030927835051546393,0.01780753429966669,0.008836524300441826,0.07123013719866676,0.014380206069292856,0.015956302531935487,0.008394870099999166,4.878497790868925,1.8990981319277576,0.4410898379970545,7.59639252771103,0.9439418459217606,1.2906857307637454,1.7444601172821395,"[""PeriodFormat"", ""PeriodFormatter"", ""TestPeriodFormat"", ""Period""]","[0.030927835051546393, 0.018947368421052633, 0.012518409425625921, 0.008836524300441826]","[4.878497790868925, 1.2178947368421054, 0.4410898379970545, 1.0589101620029455]"
org.joda.time.format.TestPeriodFormat.test_wordBased_es_parseTwoFields,0.030927835051546393,0.01780753429966669,0.008836524300441826,0.07123013719866676,0.014380206069292856,0.015956302531935487,0.008394870099999166,4.878497790868925,1.8990981319277576,0.4410898379970545,7.59639252771103,0.9439418459217606,1.2906857307637454,1.7444601172821395,"[""PeriodFormat"", ""PeriodFormatter"", ""TestPeriodFormat"", ""Period""]","[0.030927835051546393, 0.018947368421052633, 0.012518409425625921, 0.008836524300441826]","[4.878497790868925, 1.2178947368421054, 0.4410898379970545, 1.0589101620029455]"
org.joda.time.format.TestPeriodFormat.test_getDefault_formatTwoFields,0.030927835051546393,0.01780753429966669,0.008836524300441826,0.07123013719866676,0.014380206069292856,0.015956302531935487,0.008394870099999166,4.878497790868925,1.8990981319277576,0.4410898379970545,7.59639252771103,0.9439418459217606,1.2906857307637454,1.7444601172821395,"[""PeriodFormat"", ""PeriodFormatter"", ""TestPeriodFormat"", ""Period""]","[0.030927835051546393, 0.018947368421052633, 0.012518409425625921, 0.008836524300441826]","[4.878497790868925, 1.2178947368421054, 0.4410898379970545, 1.0589101620029455]"
org.joda.time.format.TestPeriodFormat.test_wordBased_pt_parseTwoFields,0.030927835051546393,0.01780753429966669,0.008836524300441826,0.07123013719866676,0.014380206069292856,0.015956302531935487,0.008394870099999166,4.878497790868925,1.8990981319277576,0.4410898379970545,7.59639252771103,0.9439418459217606,1.2906857307637454,1.7444601172821395,"[""PeriodFormat"", ""PeriodFormatter"", ""TestPeriodFormat"", ""Period""]","[0.030927835051546393, 0.018947368421052633, 0.012518409425625921, 0.008836524300441826]","[4.878497790868925, 1.2178947368421054, 0.4410898379970545, 1.0589101620029455]"
org.joda.time.format.TestPeriodFormat.test_wordBased_ja_parseTwoFields,0.030927835051546393,0.01780753429966669,0.008836524300441826,0.07123013719866676,0.014380206069292856,0.015956302531935487,0.008394870099999166,4.878497790868925,1.8990981319277576,0.4410898379970545,7.59639252771103,0.9439418459217606,1.2906857307637454,1.7444601172821395,"[""PeriodFormat"", ""PeriodFormatter"", ""TestPeriodFormat"", ""Period""]","[0.030927835051546393, 0.018947368421052633, 0.012518409425625921, 0.008836524300441826]","[4.878497790868925, 1.2178947368421054, 0.4410898379970545, 1.0589101620029455]"
org.joda.time.format.TestPeriodFormat.test_wordBased_default,0.030927835051546393,0.01780753429966669,0.008836524300441826,0.07123013719866676,0.014380206069292856,0.015956302531935487,0.008394870099999166,4.878497790868925,1.8990981319277576,0.4410898379970545,7.59639252771103,0.9439418459217606,1.2906857307637454,1.7444601172821395,"[""PeriodFormat"", ""PeriodFormatter"", ""TestPeriodFormat"", ""Period""]","[0.030927835051546393, 0.018947368421052633, 0.012518409425625921, 0.008836524300441826]","[4.878497790868925, 1.2178947368421054, 0.4410898379970545, 1.0589101620029455]"
org.joda.time.format.TestPeriodFormat.test_wordBased_nl_parseTwoFields,0.030927835051546393,0.01780753429966669,0.008836524300441826,0.07123013719866676,0.014380206069292856,0.015956302531935487,0.008394870099999166,4.878497790868925,1.8990981319277576,0.4410898379970545,7.59639252771103,0.9439418459217606,1.2906857307637454,1.7444601172821395,"[""PeriodFormat"", ""PeriodFormatter"", ""TestPeriodFormat"", ""Period""]","[0.030927835051546393, 0.018947368421052633, 0.012518409425625921, 0.008836524300441826]","[4.878497790868925, 1.2178947368421054, 0.4410898379970545, 1.0589101620029455]"
org.joda.time.format.TestPeriodFormat.test_wordBased_fr_FormatOneField,0.030927835051546393,0.01780753429966669,0.008836524300441826,0.07123013719866676,0.014380206069292856,0.015956302531935487,0.008394870099999166,4.878497790868925,1.8990981319277576,0.4410898379970545,7.59639252771103,0.9439418459217606,1.2906857307637454,1.7444601172821395,"[""PeriodFormat"", ""PeriodFormatter"", ""TestPeriodFormat"", ""Period""]","[0.030927835051546393, 0.018947368421052633, 0.012518409425625921, 0.008836524300441826]","[4.878497790868925, 1.2178947368421054, 0.4410898379970545, 1.0589101620029455]"
org.joda.time.format.TestPeriodFormat.test_wordBased_de_FormatOneField,0.030927835051546393,0.01780753429966669,0.008836524300441826,0.07123013719866676,0.014380206069292856,0.015956302531935487,0.008394870099999166,4.878497790868925,1.8990981319277576,0.4410898379970545,7.59639252771103,0.9439418459217606,1.2906857307637454,1.7444601172821395,"[""PeriodFormat"", ""PeriodFormatter"", ""TestPeriodFormat"", ""Period""]","[0.030927835051546393, 0.018947368421052633, 0.012518409425625921, 0.008836524300441826]","[4.878497790868925, 1.2178947368421054, 0.4410898379970545, 1.0589101620029455]"
org.joda.time.format.TestPeriodFormat.test_wordBased_de_parseTwoFields,0.030927835051546393,0.01780753429966669,0.008836524300441826,0.07123013719866676,0.014380206069292856,0.015956302531935487,0.008394870099999166,4.878497790868925,1.8990981319277576,0.4410898379970545,7.59639252771103,0.9439418459217606,1.2906857307637454,1.7444601172821395,"[""PeriodFormat"", ""PeriodFormatter"", ""TestPeriodFormat"", ""Period""]","[0.030927835051546393, 0.018947368421052633, 0.012518409425625921, 0.008836524300441826]","[4.878497790868925, 1.2178947368421054, 0.4410898379970545, 1.0589101620029455]"
org.joda.time.format.TestPeriodFormat.test_wordBased_fr_parseOneField,0.030927835051546393,0.01780753429966669,0.008836524300441826,0.07123013719866676,0.014380206069292856,0.015956302531935487,0.008394870099999166,4.878497790868925,1.8990981319277576,0.4410898379970545,7.59639252771103,0.9439418459217606,1.2906857307637454,1.7444601172821395,"[""PeriodFormat"", ""PeriodFormatter"", ""TestPeriodFormat"", ""Period""]","[0.030927835051546393, 0.018947368421052633, 0.012518409425625921, 0.008836524300441826]","[4.878497790868925, 1.2178947368421054, 0.4410898379970545, 1.0589101620029455]"
org.joda.time.format.TestPeriodFormat.test_wordBased_nl_formatStandard,0.030927835051546393,0.01780753429966669,0.008836524300441826,0.07123013719866676,0.014380206069292856,0.015956302531935487,0.008394870099999166,4.878497790868925,1.8990981319277576,0.4410898379970545,7.59639252771103,0.9439418459217606,1.2906857307637454,1.7444601172821395,"[""PeriodFormat"", ""PeriodFormatter"", ""TestPeriodFormat"", ""Period""]","[0.030927835051546393, 0.018947368421052633, 0.012518409425625921, 0.008836524300441826]","[4.878497790868925, 1.2178947368421054, 0.4410898379970545, 1.0589101620029455]"
org.joda.time.format.TestPeriodFormat.test_wordBased_pt_FormatOneField,0.030927835051546393,0.01780753429966669,0.008836524300441826,0.07123013719866676,0.014380206069292856,0.015956302531935487,0.008394870099999166,4.878497790868925,1.8990981319277576,0.4410898379970545,7.59639252771103,0.9439418459217606,1.2906857307637454,1.7444601172821395,"[""PeriodFormat"", ""PeriodFormatter"", ""TestPeriodFormat"", ""Period""]","[0.030927835051546393, 0.018947368421052633, 0.012518409425625921, 0.008836524300441826]","[4.878497790868925, 1.2178947368421054, 0.4410898379970545, 1.0589101620029455]"
org.joda.time.format.TestPeriodFormat.test_wordBased_ja_parseOneField,0.030927835051546393,0.01780753429966669,0.008836524300441826,0.07123013719866676,0.014380206069292856,0.015956302531935487,0.008394870099999166,4.878497790868925,1.8990981319277576,0.4410898379970545,7.59639252771103,0.9439418459217606,1.2906857307637454,1.7444601172821395,"[""PeriodFormat"", ""PeriodFormatter"", ""TestPeriodFormat"", ""Period""]","[0.030927835051546393, 0.018947368421052633, 0.012518409425625921, 0.008836524300441826]","[4.878497790868925, 1.2178947368421054, 0.4410898379970545, 1.0589101620029455]"
org.joda.time.format.TestPeriodFormat.test_getDefault_FormatOneField,0.030927835051546393,0.01780753429966669,0.008836524300441826,0.07123013719866676,0.014380206069292856,0.015956302531935487,0.008394870099999166,4.878497790868925,1.8990981319277576,0.4410898379970545,7.59639252771103,0.9439418459217606,1.2906857307637454,1.7444601172821395,"[""PeriodFormat"", ""PeriodFormatter"", ""TestPeriodFormat"", ""Period""]","[0.030927835051546393, 0.018947368421052633, 0.012518409425625921, 0.008836524300441826]","[4.878497790868925, 1.2178947368421054, 0.4410898379970545, 1.0589101620029455]"
org.joda.time.format.TestPeriodFormat.test_getDefault_parseTwoFields,0.030927835051546393,0.01780753429966669,0.008836524300441826,0.07123013719866676,0.014380206069292856,0.015956302531935487,0.008394870099999166,4.878497790868925,1.8990981319277576,0.4410898379970545,7.59639252771103,0.9439418459217606,1.2906857307637454,1.7444601172821395,"[""PeriodFormat"", ""PeriodFormatter"", ""TestPeriodFormat"", ""Period""]","[0.030927835051546393, 0.018947368421052633, 0.012518409425625921, 0.008836524300441826]","[4.878497790868925, 1.2178947368421054, 0.4410898379970545, 1.0589101620029455]"
org.joda.time.TestMutableDateTime_Properties.testPropertyToIntervalMillisOfSecond,0.03498542274052478,0.023734339917492128,0.013503909026297086,0.07120301975247638,0.020455157151828704,0.022056914601848526,0.008799437695599686,4.066472303206997,2.6712272873690193,1.5499103407053199,8.013681862107058,2.293143047296224,2.47219209121403,1.0454818563988362,"[""TestMutableDateTime_Properties"", ""MutableDateTime$Property"", ""MutableDateTime"", ""Interval""]","[0.03498542274052478, 0.022713687985654513, 0.013503909026297086]","[4.066472303206997, 1.5499103407053199, 2.397299218194741]"
org.joda.time.TestMutableDateTime_Properties.testPropertyToIntervalSecondOfMinute,0.03498542274052478,0.023734339917492128,0.013503909026297086,0.07120301975247638,0.020455157151828704,0.022056914601848526,0.008799437695599686,4.066472303206997,2.6712272873690193,1.5499103407053199,8.013681862107058,2.293143047296224,2.47219209121403,1.0454818563988362,"[""TestMutableDateTime_Properties"", ""MutableDateTime$Property"", ""MutableDateTime"", ""Interval""]","[0.03498542274052478, 0.022713687985654513, 0.013503909026297086]","[4.066472303206997, 1.5499103407053199, 2.397299218194741]"
org.joda.time.TestMutableDateTime_Properties.testPropertyToIntervalDayOfMonth,0.03498542274052478,0.023734339917492128,0.013503909026297086,0.07120301975247638,0.020455157151828704,0.022056914601848526,0.008799437695599686,4.066472303206997,2.6712272873690193,1.5499103407053199,8.013681862107058,2.293143047296224,2.47219209121403,1.0454818563988362,"[""TestMutableDateTime_Properties"", ""MutableDateTime$Property"", ""MutableDateTime"", ""Interval""]","[0.03498542274052478, 0.022713687985654513, 0.013503909026297086]","[4.066472303206997, 1.5499103407053199, 2.397299218194741]"
org.joda.time.TestMutableDateTime_Properties.testPropertyToIntervalYear,0.03498542274052478,0.023734339917492128,0.013503909026297086,0.07120301975247638,0.020455157151828704,0.022056914601848526,0.008799437695599686,4.066472303206997,2.6712272873690193,1.5499103407053199,8.013681862107058,2.293143047296224,2.47219209121403,1.0454818563988362,"[""TestMutableDateTime_Properties"", ""MutableDateTime$Property"", ""MutableDateTime"", ""Interval""]","[0.03498542274052478, 0.022713687985654513, 0.013503909026297086]","[4.066472303206997, 1.5499103407053199, 2.397299218194741]"
org.joda.time.TestMutableDateTime_Properties.testPropertyToIntervalYearOfEra,0.03498542274052478,0.023734339917492128,0.013503909026297086,0.07120301975247638,0.020455157151828704,0.022056914601848526,0.008799437695599686,4.066472303206997,2.6712272873690193,1.5499103407053199,8.013681862107058,2.293143047296224,2.47219209121403,1.0454818563988362,"[""TestMutableDateTime_Properties"", ""MutableDateTime$Property"", ""MutableDateTime"", ""Interval""]","[0.03498542274052478, 0.022713687985654513, 0.013503909026297086]","[4.066472303206997, 1.5499103407053199, 2.397299218194741]"
org.joda.time.TestMutableDateTime_Properties.testPropertyToIntervalMonthOfYear,0.03498542274052478,0.023734339917492128,0.013503909026297086,0.07120301975247638,0.020455157151828704,0.022056914601848526,0.008799437695599686,4.066472303206997,2.6712272873690193,1.5499103407053199,8.013681862107058,2.293143047296224,2.47219209121403,1.0454818563988362,"[""TestMutableDateTime_Properties"", ""MutableDateTime$Property"", ""MutableDateTime"", ""Interval""]","[0.03498542274052478, 0.022713687985654513, 0.013503909026297086]","[4.066472303206997, 1.5499103407053199, 2.397299218194741]"
org.joda.time.TestMutableDateTime_Properties.testPropertyToIntervalMinuteOfHour,0.03498542274052478,0.023734339917492128,0.013503909026297086,0.07120301975247638,0.020455157151828704,0.022056914601848526,0.008799437695599686,4.066472303206997,2.6712272873690193,1.5499103407053199,8.013681862107058,2.293143047296224,2.47219209121403,1.0454818563988362,"[""TestMutableDateTime_Properties"", ""MutableDateTime$Property"", ""MutableDateTime"", ""Interval""]","[0.03498542274052478, 0.022713687985654513, 0.013503909026297086]","[4.066472303206997, 1.5499103407053199, 2.397299218194741]"
org.joda.time.TestMutableDateTime_Properties.testPropertyToIntervalYearOfCentury,0.03498542274052478,0.023734339917492128,0.013503909026297086,0.07120301975247638,0.020455157151828704,0.022056914601848526,0.008799437695599686,4.066472303206997,2.6712272873690193,1.5499103407053199,8.013681862107058,2.293143047296224,2.47219209121403,1.0454818563988362,"[""TestMutableDateTime_Properties"", ""MutableDateTime$Property"", ""MutableDateTime"", ""Interval""]","[0.03498542274052478, 0.022713687985654513, 0.013503909026297086]","[4.066472303206997, 1.5499103407053199, 2.397299218194741]"
org.joda.time.TestMutableDateTime_Properties.testPropertyToIntervalHourOfDay,0.03498542274052478,0.023734339917492128,0.013503909026297086,0.07120301975247638,0.020455157151828704,0.022056914601848526,0.008799437695599686,4.066472303206997,2.6712272873690193,1.5499103407053199,8.013681862107058,2.293143047296224,2.47219209121403,1.0454818563988362,"[""TestMutableDateTime_Properties"", ""MutableDateTime$Property"", ""MutableDateTime"", ""Interval""]","[0.03498542274052478, 0.022713687985654513, 0.013503909026297086]","[4.066472303206997, 1.5499103407053199, 2.397299218194741]"
org.joda.time.TestMonthDay_Basics.testMinusDays_int,0.03459119496855346,0.023650610289039243,0.01749271137026239,0.07095183086711773,0.021570977230635148,0.022517263428239363,0.007756506844996962,6.022012578616352,3.8485621382425386,1.114868804664723,11.545686414727616,2.325864828676206,3.093347937273116,2.0421261924927254,"[""MonthDay"", ""BuddhistChronology"", ""TestMonthDay_Basics""]","[0.03459119496855346, 0.018867924528301886, 0.01749271137026239]","[6.022012578616352, 4.408805031446541, 1.114868804664723]"
org.joda.time.TestMonthDay_Basics.testPlusMonths_int,0.03459119496855346,0.023650610289039243,0.01749271137026239,0.07095183086711773,0.021570977230635148,0.022517263428239363,0.007756506844996962,6.022012578616352,3.8485621382425386,1.114868804664723,11.545686414727616,2.325864828676206,3.093347937273116,2.0421261924927254,"[""MonthDay"", ""BuddhistChronology"", ""TestMonthDay_Basics""]","[0.03459119496855346, 0.018867924528301886, 0.01749271137026239]","[6.022012578616352, 4.408805031446541, 1.114868804664723]"
org.joda.time.TestMonthDay_Basics.testPlusDays_same,0.03459119496855346,0.023650610289039243,0.01749271137026239,0.07095183086711773,0.021570977230635148,0.022517263428239363,0.007756506844996962,6.022012578616352,3.8485621382425386,1.114868804664723,11.545686414727616,2.325864828676206,3.093347937273116,2.0421261924927254,"[""MonthDay"", ""BuddhistChronology"", ""TestMonthDay_Basics""]","[0.03459119496855346, 0.018867924528301886, 0.01749271137026239]","[6.022012578616352, 4.408805031446541, 1.114868804664723]"
org.joda.time.TestMonthDay_Basics.testMinusMonths_int,0.03459119496855346,0.023650610289039243,0.01749271137026239,0.07095183086711773,0.021570977230635148,0.022517263428239363,0.007756506844996962,6.022012578616352,3.8485621382425386,1.114868804664723,11.545686414727616,2.325864828676206,3.093347937273116,2.0421261924927254,"[""MonthDay"", ""BuddhistChronology"", ""TestMonthDay_Basics""]","[0.03459119496855346, 0.018867924528301886, 0.01749271137026239]","[6.022012578616352, 4.408805031446541, 1.114868804664723]"
org.joda.time.TestMonthDay_Basics.testMinusDays_same,0.03459119496855346,0.023650610289039243,0.01749271137026239,0.07095183086711773,0.021570977230635148,0.022517263428239363,0.007756506844996962,6.022012578616352,3.8485621382425386,1.114868804664723,11.545686414727616,2.325864828676206,3.093347937273116,2.0421261924927254,"[""MonthDay"", ""BuddhistChronology"", ""TestMonthDay_Basics""]","[0.03459119496855346, 0.018867924528301886, 0.01749271137026239]","[6.022012578616352, 4.408805031446541, 1.114868804664723]"
org.joda.time.TestMonthDay_Basics.testPlusDays_int,0.03459119496855346,0.023650610289039243,0.01749271137026239,0.07095183086711773,0.021570977230635148,0.022517263428239363,0.007756506844996962,6.022012578616352,3.8485621382425386,1.114868804664723,11.545686414727616,2.325864828676206,3.093347937273116,2.0421261924927254,"[""MonthDay"", ""BuddhistChronology"", ""TestMonthDay_Basics""]","[0.03459119496855346, 0.018867924528301886, 0.01749271137026239]","[6.022012578616352, 4.408805031446541, 1.114868804664723]"
org.joda.time.TestStringConvert.testMutableDateTime,0.03498542274052478,0.023630051098780525,0.01574344023323615,0.07089015329634157,0.021171212378624914,0.022310109221910634,0.008229528082645546,4.066472303206997,1.8807823129251702,0.7008746355685131,5.6423469387755105,1.065507689429203,1.3560907022354745,1.547150167425737,"[""StringConvert"", ""TestStringConvert"", ""MutableDateTime"", ""ISOChronology""]","[0.03498542274052478, 0.020161290322580645, 0.01574344023323615]","[4.066472303206997, 0.875, 0.7008746355685131]"
org.joda.time.TestDateTime_Constructors.testConstructor_ObjectString5,0.04081632653061224,0.02362164795852167,0.01430517711171662,0.07086494387556501,0.01899656587653907,0.02094798551165078,0.012172643607691628,5.746938775510204,2.8779269045103444,0.7008746355685131,8.633780713531033,1.457543399365604,2.0649372486078907,2.117356353925274,"[""TestDateTime_Constructors"", ""ISOChronology"", ""DateTime""]","[0.04081632653061224, 0.01574344023323615, 0.01430517711171662]","[5.746938775510204, 0.7008746355685131, 2.1859673024523163]"
org.joda.time.TestDateTime_Constructors.testConstructor_long_nullChronology,0.04081632653061224,0.02362164795852167,0.01430517711171662,0.07086494387556501,0.01899656587653907,0.02094798551165078,0.012172643607691628,5.746938775510204,2.8779269045103444,0.7008746355685131,8.633780713531033,1.457543399365604,2.0649372486078907,2.117356353925274,"[""TestDateTime_Constructors"", ""ISOChronology"", ""DateTime""]","[0.04081632653061224, 0.01574344023323615, 0.01430517711171662]","[5.746938775510204, 0.7008746355685131, 2.1859673024523163]"
org.joda.time.TestDateTime_Constructors.test_now,0.04081632653061224,0.02362164795852167,0.01430517711171662,0.07086494387556501,0.01899656587653907,0.02094798551165078,0.012172643607691628,5.746938775510204,2.8779269045103444,0.7008746355685131,8.633780713531033,1.457543399365604,2.0649372486078907,2.117356353925274,"[""TestDateTime_Constructors"", ""ISOChronology"", ""DateTime""]","[0.04081632653061224, 0.01574344023323615, 0.01430517711171662]","[5.746938775510204, 0.7008746355685131, 2.1859673024523163]"
org.joda.time.TestDateTime_Constructors.testConstructor_int_int_int_int_int_nullChronology,0.04081632653061224,0.02362164795852167,0.01430517711171662,0.07086494387556501,0.01899656587653907,0.02094798551165078,0.012172643607691628,5.746938775510204,2.8779269045103444,0.7008746355685131,8.633780713531033,1.457543399365604,2.0649372486078907,2.117356353925274,"[""TestDateTime_Constructors"", ""ISOChronology"", ""DateTime""]","[0.04081632653061224, 0.01574344023323615, 0.01430517711171662]","[5.746938775510204, 0.7008746355685131, 2.1859673024523163]"
org.joda.time.TestDateTime_Constructors.testConstructor_int_int_int_int_int_int,0.04081632653061224,0.02362164795852167,0.01430517711171662,0.07086494387556501,0.01899656587653907,0.02094798551165078,0.012172643607691628,5.746938775510204,2.8779269045103444,0.7008746355685131,8.633780713531033,1.457543399365604,2.0649372486078907,2.117356353925274,"[""TestDateTime_Constructors"", ""ISOChronology"", ""DateTime""]","[0.04081632653061224, 0.01574344023323615, 0.01430517711171662]","[5.746938775510204, 0.7008746355685131, 2.1859673024523163]"
org.joda.time.TestDateTime_Constructors.testConstructor_int_int_int_int_int_int_DateTimeZone,0.04081632653061224,0.02362164795852167,0.01430517711171662,0.07086494387556501,0.01899656587653907,0.02094798551165078,0.012172643607691628,5.746938775510204,2.8779269045103444,0.7008746355685131,8.633780713531033,1.457543399365604,2.0649372486078907,2.117356353925274,"[""TestDateTime_Constructors"", ""ISOChronology"", ""DateTime""]","[0.04081632653061224, 0.01574344023323615, 0.01430517711171662]","[5.746938775510204, 0.7008746355685131, 2.1859673024523163]"
org.joda.time.TestDateTime_Constructors.testConstructor_long2,0.04081632653061224,0.02362164795852167,0.01430517711171662,0.07086494387556501,0.01899656587653907,0.02094798551165078,0.012172643607691628,5.746938775510204,2.8779269045103444,0.7008746355685131,8.633780713531033,1.457543399365604,2.0649372486078907,2.117356353925274,"[""TestDateTime_Constructors"", ""ISOChronology"", ""DateTime""]","[0.04081632653061224, 0.01574344023323615, 0.01430517711171662]","[5.746938775510204, 0.7008746355685131, 2.1859673024523163]"
org.joda.time.TestDateTime_Constructors.testConstructor_int_int_int_int_int_DateTimeZone,0.04081632653061224,0.02362164795852167,0.01430517711171662,0.07086494387556501,0.01899656587653907,0.02094798551165078,0.012172643607691628,5.746938775510204,2.8779269045103444,0.7008746355685131,8.633780713531033,1.457543399365604,2.0649372486078907,2.117356353925274,"[""TestDateTime_Constructors"", ""ISOChronology"", ""DateTime""]","[0.04081632653061224, 0.01574344023323615, 0.01430517711171662]","[5.746938775510204, 0.7008746355685131, 2.1859673024523163]"
org.joda.time.TestDateTime_Constructors.test_now_Chronology,0.04081632653061224,0.02362164795852167,0.01430517711171662,0.07086494387556501,0.01899656587653907,0.02094798551165078,0.012172643607691628,5.746938775510204,2.8549920162693336,0.632069970845481,8.564976048808001,1.355275308594273,1.995025555769696,2.1410536772045266,"[""TestDateTime_Constructors"", ""DateTime"", ""GregorianChronology""]","[0.04081632653061224, 0.01574344023323615, 0.01430517711171662]","[5.746938775510204, 0.632069970845481, 2.1859673024523163]"
org.joda.time.TestDateTime_Constructors.testConstructor_ObjectString4,0.04081632653061224,0.02362164795852167,0.01430517711171662,0.07086494387556501,0.01899656587653907,0.02094798551165078,0.012172643607691628,5.746938775510204,2.8779269045103444,0.7008746355685131,8.633780713531033,1.457543399365604,2.0649372486078907,2.117356353925274,"[""TestDateTime_Constructors"", ""ISOChronology"", ""DateTime""]","[0.04081632653061224, 0.01574344023323615, 0.01430517711171662]","[5.746938775510204, 0.7008746355685131, 2.1859673024523163]"
org.joda.time.TestDateTime_Constructors.testConstructor_nullObject_DateTimeZone,0.04081632653061224,0.02362164795852167,0.01430517711171662,0.07086494387556501,0.01899656587653907,0.02094798551165078,0.012172643607691628,5.746938775510204,2.8779269045103444,0.7008746355685131,8.633780713531033,1.457543399365604,2.0649372486078907,2.117356353925274,"[""TestDateTime_Constructors"", ""ISOChronology"", ""DateTime""]","[0.04081632653061224, 0.01574344023323615, 0.01430517711171662]","[5.746938775510204, 0.7008746355685131, 2.1859673024523163]"
org.joda.time.TestDateTime_Constructors.testConstructor_nullDateTimeZone,0.04081632653061224,0.02362164795852167,0.01430517711171662,0.07086494387556501,0.01899656587653907,0.02094798551165078,0.012172643607691628,5.746938775510204,2.8779269045103444,0.7008746355685131,8.633780713531033,1.457543399365604,2.0649372486078907,2.117356353925274,"[""TestDateTime_Constructors"", ""ISOChronology"", ""DateTime""]","[0.04081632653061224, 0.01574344023323615, 0.01430517711171662]","[5.746938775510204, 0.7008746355685131, 2.1859673024523163]"
org.joda.time.TestDateTime_Constructors.testConstructor_DateTimeZone,0.04081632653061224,0.02362164795852167,0.01430517711171662,0.07086494387556501,0.01899656587653907,0.02094798551165078,0.012172643607691628,5.746938775510204,2.8779269045103444,0.7008746355685131,8.633780713531033,1.457543399365604,2.0649372486078907,2.117356353925274,"[""TestDateTime_Constructors"", ""ISOChronology"", ""DateTime""]","[0.04081632653061224, 0.01574344023323615, 0.01430517711171662]","[5.746938775510204, 0.7008746355685131, 2.1859673024523163]"
org.joda.time.TestDateTime_Constructors.testConstructor_int_int_int_int_int_int_Chronology,0.04081632653061224,0.02362164795852167,0.01430517711171662,0.07086494387556501,0.01899656587653907,0.02094798551165078,0.012172643607691628,5.746938775510204,2.8549920162693336,0.632069970845481,8.564976048808001,1.355275308594273,1.995025555769696,2.1410536772045266,"[""TestDateTime_Constructors"", ""DateTime"", ""GregorianChronology""]","[0.04081632653061224, 0.01574344023323615, 0.01430517711171662]","[5.746938775510204, 0.632069970845481, 2.1859673024523163]"
org.joda.time.TestDateTime_Constructors.testConstructor,0.04081632653061224,0.02362164795852167,0.01430517711171662,0.07086494387556501,0.01899656587653907,0.02094798551165078,0.012172643607691628,5.746938775510204,2.8779269045103444,0.7008746355685131,8.633780713531033,1.457543399365604,2.0649372486078907,2.117356353925274,"[""TestDateTime_Constructors"", ""ISOChronology"", ""DateTime""]","[0.04081632653061224, 0.01574344023323615, 0.01430517711171662]","[5.746938775510204, 0.7008746355685131, 2.1859673024523163]"
org.joda.time.TestDateTime_Constructors.test_now_DateTimeZone,0.04081632653061224,0.02362164795852167,0.01430517711171662,0.07086494387556501,0.01899656587653907,0.02094798551165078,0.012172643607691628,5.746938775510204,2.8779269045103444,0.7008746355685131,8.633780713531033,1.457543399365604,2.0649372486078907,2.117356353925274,"[""TestDateTime_Constructors"", ""ISOChronology"", ""DateTime""]","[0.04081632653061224, 0.01574344023323615, 0.01430517711171662]","[5.746938775510204, 0.7008746355685131, 2.1859673024523163]"
org.joda.time.TestDateTime_Constructors.testConstructor_int_int_int_int_int_int_int,0.04081632653061224,0.02362164795852167,0.01430517711171662,0.07086494387556501,0.01899656587653907,0.02094798551165078,0.012172643607691628,5.746938775510204,2.8779269045103444,0.7008746355685131,8.633780713531033,1.457543399365604,2.0649372486078907,2.117356353925274,"[""TestDateTime_Constructors"", ""ISOChronology"", ""DateTime""]","[0.04081632653061224, 0.01574344023323615, 0.01430517711171662]","[5.746938775510204, 0.7008746355685131, 2.1859673024523163]"
org.joda.time.TestDateTime_Constructors.testConstructor_int_int_int_int_int_int_int_nullDateTimeZone,0.04081632653061224,0.02362164795852167,0.01430517711171662,0.07086494387556501,0.01899656587653907,0.02094798551165078,0.012172643607691628,5.746938775510204,2.8779269045103444,0.7008746355685131,8.633780713531033,1.457543399365604,2.0649372486078907,2.117356353925274,"[""TestDateTime_Constructors"", ""ISOChronology"", ""DateTime""]","[0.04081632653061224, 0.01574344023323615, 0.01430517711171662]","[5.746938775510204, 0.7008746355685131, 2.1859673024523163]"
org.joda.time.TestDateTime_Constructors.testConstructor_nullObject_nullChronology,0.04081632653061224,0.02362164795852167,0.01430517711171662,0.07086494387556501,0.01899656587653907,0.02094798551165078,0.012172643607691628,5.746938775510204,2.8779269045103444,0.7008746355685131,8.633780713531033,1.457543399365604,2.0649372486078907,2.117356353925274,"[""TestDateTime_Constructors"", ""ISOChronology"", ""DateTime""]","[0.04081632653061224, 0.01574344023323615, 0.01430517711171662]","[5.746938775510204, 0.7008746355685131, 2.1859673024523163]"
org.joda.time.TestDateTime_Constructors.testConstructor_nullObject,0.04081632653061224,0.02362164795852167,0.01430517711171662,0.07086494387556501,0.01899656587653907,0.02094798551165078,0.012172643607691628,5.746938775510204,2.8779269045103444,0.7008746355685131,8.633780713531033,1.457543399365604,2.0649372486078907,2.117356353925274,"[""TestDateTime_Constructors"", ""ISOChronology"", ""DateTime""]","[0.04081632653061224, 0.01574344023323615, 0.01430517711171662]","[5.746938775510204, 0.7008746355685131, 2.1859673024523163]"
org.joda.time.TestDateTime_Constructors.testConstructor_long2_Chronology,0.04081632653061224,0.02362164795852167,0.01430517711171662,0.07086494387556501,0.01899656587653907,0.02094798551165078,0.012172643607691628,5.746938775510204,2.8549920162693336,0.632069970845481,8.564976048808001,1.355275308594273,1.995025555769696,2.1410536772045266,"[""TestDateTime_Constructors"", ""DateTime"", ""GregorianChronology""]","[0.04081632653061224, 0.01574344023323615, 0.01430517711171662]","[5.746938775510204, 0.632069970845481, 2.1859673024523163]"
org.joda.time.TestDateTime_Constructors.testConstructor_int_int_int_int_int_nullDateTimeZone,0.04081632653061224,0.02362164795852167,0.01430517711171662,0.07086494387556501,0.01899656587653907,0.02094798551165078,0.012172643607691628,5.746938775510204,2.8779269045103444,0.7008746355685131,8.633780713531033,1.457543399365604,2.0649372486078907,2.117356353925274,"[""TestDateTime_Constructors"", ""ISOChronology"", ""DateTime""]","[0.04081632653061224, 0.01574344023323615, 0.01430517711171662]","[5.746938775510204, 0.7008746355685131, 2.1859673024523163]"
org.joda.time.TestDateTime_Constructors.testConstructor_long1_DateTimeZone,0.04081632653061224,0.02362164795852167,0.01430517711171662,0.07086494387556501,0.01899656587653907,0.02094798551165078,0.012172643607691628,5.746938775510204,2.8779269045103444,0.7008746355685131,8.633780713531033,1.457543399365604,2.0649372486078907,2.117356353925274,"[""TestDateTime_Constructors"", ""ISOChronology"", ""DateTime""]","[0.04081632653061224, 0.01574344023323615, 0.01430517711171662]","[5.746938775510204, 0.7008746355685131, 2.1859673024523163]"
org.joda.time.TestDateTime_Constructors.testConstructor_int_int_int_int_int,0.04081632653061224,0.02362164795852167,0.01430517711171662,0.07086494387556501,0.01899656587653907,0.02094798551165078,0.012172643607691628,5.746938775510204,2.8779269045103444,0.7008746355685131,8.633780713531033,1.457543399365604,2.0649372486078907,2.117356353925274,"[""TestDateTime_Constructors"", ""ISOChronology"", ""DateTime""]","[0.04081632653061224, 0.01574344023323615, 0.01430517711171662]","[5.746938775510204, 0.7008746355685131, 2.1859673024523163]"
org.joda.time.TestDateTime_Constructors.testConstructor_ObjectString2,0.04081632653061224,0.02362164795852167,0.01430517711171662,0.07086494387556501,0.01899656587653907,0.02094798551165078,0.012172643607691628,5.746938775510204,2.8779269045103444,0.7008746355685131,8.633780713531033,1.457543399365604,2.0649372486078907,2.117356353925274,"[""TestDateTime_Constructors"", ""ISOChronology"", ""DateTime""]","[0.04081632653061224, 0.01574344023323615, 0.01430517711171662]","[5.746938775510204, 0.7008746355685131, 2.1859673024523163]"
org.joda.time.TestDateTime_Constructors.testConstructor_ObjectString7,0.04081632653061224,0.02362164795852167,0.01430517711171662,0.07086494387556501,0.01899656587653907,0.02094798551165078,0.012172643607691628,5.746938775510204,2.8779269045103444,0.7008746355685131,8.633780713531033,1.457543399365604,2.0649372486078907,2.117356353925274,"[""TestDateTime_Constructors"", ""ISOChronology"", ""DateTime""]","[0.04081632653061224, 0.01574344023323615, 0.01430517711171662]","[5.746938775510204, 0.7008746355685131, 2.1859673024523163]"
org.joda.time.TestDateTime_Constructors.testConstructor_nullObject_Chronology,0.04081632653061224,0.02362164795852167,0.01430517711171662,0.07086494387556501,0.01899656587653907,0.02094798551165078,0.012172643607691628,5.746938775510204,2.8549920162693336,0.632069970845481,8.564976048808001,1.355275308594273,1.995025555769696,2.1410536772045266,"[""TestDateTime_Constructors"", ""DateTime"", ""GregorianChronology""]","[0.04081632653061224, 0.01574344023323615, 0.01430517711171662]","[5.746938775510204, 0.632069970845481, 2.1859673024523163]"
org.joda.time.TestDateTime_Constructors.testConstructor_long2_DateTimeZone,0.04081632653061224,0.02362164795852167,0.01430517711171662,0.07086494387556501,0.01899656587653907,0.02094798551165078,0.012172643607691628,5.746938775510204,2.8779269045103444,0.7008746355685131,8.633780713531033,1.457543399365604,2.0649372486078907,2.117356353925274,"[""TestDateTime_Constructors"", ""ISOChronology"", ""DateTime""]","[0.04081632653061224, 0.01574344023323615, 0.01430517711171662]","[5.746938775510204, 0.7008746355685131, 2.1859673024523163]"
org.joda.time.TestDateTime_Constructors.testConstructor_int_int_int_int_int_Chronology,0.04081632653061224,0.02362164795852167,0.01430517711171662,0.07086494387556501,0.01899656587653907,0.02094798551165078,0.012172643607691628,5.746938775510204,2.8549920162693336,0.632069970845481,8.564976048808001,1.355275308594273,1.995025555769696,2.1410536772045266,"[""TestDateTime_Constructors"", ""DateTime"", ""GregorianChronology""]","[0.04081632653061224, 0.01574344023323615, 0.01430517711171662]","[5.746938775510204, 0.632069970845481, 2.1859673024523163]"
org.joda.time.TestDateTime_Constructors.testConstructor_ObjectString6,0.04081632653061224,0.02362164795852167,0.01430517711171662,0.07086494387556501,0.01899656587653907,0.02094798551165078,0.012172643607691628,5.746938775510204,2.8779269045103444,0.7008746355685131,8.633780713531033,1.457543399365604,2.0649372486078907,2.117356353925274,"[""TestDateTime_Constructors"", ""ISOChronology"", ""DateTime""]","[0.04081632653061224, 0.01574344023323615, 0.01430517711171662]","[5.746938775510204, 0.7008746355685131, 2.1859673024523163]"
org.joda.time.TestDateTime_Constructors.testConstructor_long_nullDateTimeZone,0.04081632653061224,0.02362164795852167,0.01430517711171662,0.07086494387556501,0.01899656587653907,0.02094798551165078,0.012172643607691628,5.746938775510204,2.8779269045103444,0.7008746355685131,8.633780713531033,1.457543399365604,2.0649372486078907,2.117356353925274,"[""TestDateTime_Constructors"", ""ISOChronology"", ""DateTime""]","[0.04081632653061224, 0.01574344023323615, 0.01430517711171662]","[5.746938775510204, 0.7008746355685131, 2.1859673024523163]"
org.joda.time.TestDateTime_Constructors.testConstructor_long1,0.04081632653061224,0.02362164795852167,0.01430517711171662,0.07086494387556501,0.01899656587653907,0.02094798551165078,0.012172643607691628,5.746938775510204,2.8779269045103444,0.7008746355685131,8.633780713531033,1.457543399365604,2.0649372486078907,2.117356353925274,"[""TestDateTime_Constructors"", ""ISOChronology"", ""DateTime""]","[0.04081632653061224, 0.01574344023323615, 0.01430517711171662]","[5.746938775510204, 0.7008746355685131, 2.1859673024523163]"
org.joda.time.TestDateTime_Constructors.testConstructor_nullObject_nullDateTimeZone,0.04081632653061224,0.02362164795852167,0.01430517711171662,0.07086494387556501,0.01899656587653907,0.02094798551165078,0.012172643607691628,5.746938775510204,2.8779269045103444,0.7008746355685131,8.633780713531033,1.457543399365604,2.0649372486078907,2.117356353925274,"[""TestDateTime_Constructors"", ""ISOChronology"", ""DateTime""]","[0.04081632653061224, 0.01574344023323615, 0.01430517711171662]","[5.746938775510204, 0.7008746355685131, 2.1859673024523163]"
org.joda.time.TestDateTime_Constructors.testConstructor_nullChronology,0.04081632653061224,0.02362164795852167,0.01430517711171662,0.07086494387556501,0.01899656587653907,0.02094798551165078,0.012172643607691628,5.746938775510204,2.8779269045103444,0.7008746355685131,8.633780713531033,1.457543399365604,2.0649372486078907,2.117356353925274,"[""TestDateTime_Constructors"", ""ISOChronology"", ""DateTime""]","[0.04081632653061224, 0.01574344023323615, 0.01430517711171662]","[5.746938775510204, 0.7008746355685131, 2.1859673024523163]"
org.joda.time.TestDateTime_Constructors.testConstructor_long1_Chronology,0.04081632653061224,0.02362164795852167,0.01430517711171662,0.07086494387556501,0.01899656587653907,0.02094798551165078,0.012172643607691628,5.746938775510204,2.8549920162693336,0.632069970845481,8.564976048808001,1.355275308594273,1.995025555769696,2.1410536772045266,"[""TestDateTime_Constructors"", ""DateTime"", ""GregorianChronology""]","[0.04081632653061224, 0.01574344023323615, 0.01430517711171662]","[5.746938775510204, 0.632069970845481, 2.1859673024523163]"
org.joda.time.TestDateTime_Constructors.testConstructor_int_int_int_int_int_int_nullChronology,0.04081632653061224,0.02362164795852167,0.01430517711171662,0.07086494387556501,0.01899656587653907,0.02094798551165078,0.012172643607691628,5.746938775510204,2.8779269045103444,0.7008746355685131,8.633780713531033,1.457543399365604,2.0649372486078907,2.117356353925274,"[""TestDateTime_Constructors"", ""ISOChronology"", ""DateTime""]","[0.04081632653061224, 0.01574344023323615, 0.01430517711171662]","[5.746938775510204, 0.7008746355685131, 2.1859673024523163]"
org.joda.time.TestDateTime_Constructors.testConstructor_int_int_int_int_int_int_int_DateTimeZone,0.04081632653061224,0.02362164795852167,0.01430517711171662,0.07086494387556501,0.01899656587653907,0.02094798551165078,0.012172643607691628,5.746938775510204,2.8779269045103444,0.7008746355685131,8.633780713531033,1.457543399365604,2.0649372486078907,2.117356353925274,"[""TestDateTime_Constructors"", ""ISOChronology"", ""DateTime""]","[0.04081632653061224, 0.01574344023323615, 0.01430517711171662]","[5.746938775510204, 0.7008746355685131, 2.1859673024523163]"
org.joda.time.TestDateTime_Constructors.testConstructor_int_int_int_int_int_int_nullDateTimeZone,0.04081632653061224,0.02362164795852167,0.01430517711171662,0.07086494387556501,0.01899656587653907,0.02094798551165078,0.012172643607691628,5.746938775510204,2.8779269045103444,0.7008746355685131,8.633780713531033,1.457543399365604,2.0649372486078907,2.117356353925274,"[""TestDateTime_Constructors"", ""ISOChronology"", ""DateTime""]","[0.04081632653061224, 0.01574344023323615, 0.01430517711171662]","[5.746938775510204, 0.7008746355685131, 2.1859673024523163]"
org.joda.time.TestDateTime_Constructors.testConstructor_int_int_int_int_int_int_int_nullChronology,0.04081632653061224,0.02362164795852167,0.01430517711171662,0.07086494387556501,0.01899656587653907,0.02094798551165078,0.012172643607691628,5.746938775510204,2.8779269045103444,0.7008746355685131,8.633780713531033,1.457543399365604,2.0649372486078907,2.117356353925274,"[""TestDateTime_Constructors"", ""ISOChronology"", ""DateTime""]","[0.04081632653061224, 0.01574344023323615, 0.01430517711171662]","[5.746938775510204, 0.7008746355685131, 2.1859673024523163]"
org.joda.time.TestDateTime_Constructors.testConstructor_ObjectString3,0.04081632653061224,0.02362164795852167,0.01430517711171662,0.07086494387556501,0.01899656587653907,0.02094798551165078,0.012172643607691628,5.746938775510204,2.8779269045103444,0.7008746355685131,8.633780713531033,1.457543399365604,2.0649372486078907,2.117356353925274,"[""TestDateTime_Constructors"", ""ISOChronology"", ""DateTime""]","[0.04081632653061224, 0.01574344023323615, 0.01430517711171662]","[5.746938775510204, 0.7008746355685131, 2.1859673024523163]"
org.joda.time.TestDateTime_Constructors.testConstructor_Chronology,0.04081632653061224,0.02362164795852167,0.01430517711171662,0.07086494387556501,0.01899656587653907,0.02094798551165078,0.012172643607691628,5.746938775510204,2.8549920162693336,0.632069970845481,8.564976048808001,1.355275308594273,1.995025555769696,2.1410536772045266,"[""TestDateTime_Constructors"", ""DateTime"", ""GregorianChronology""]","[0.04081632653061224, 0.01574344023323615, 0.01430517711171662]","[5.746938775510204, 0.632069970845481, 2.1859673024523163]"
org.joda.time.TestDateTime_Constructors.testConstructor_int_int_int_int_int_int_int_Chronology,0.04081632653061224,0.02362164795852167,0.01430517711171662,0.07086494387556501,0.01899656587653907,0.02094798551165078,0.012172643607691628,5.746938775510204,2.8549920162693336,0.632069970845481,8.564976048808001,1.355275308594273,1.995025555769696,2.1410536772045266,"[""TestDateTime_Constructors"", ""DateTime"", ""GregorianChronology""]","[0.04081632653061224, 0.01574344023323615, 0.01430517711171662]","[5.746938775510204, 0.632069970845481, 2.1859673024523163]"
org.joda.time.TestDateTime_Constructors.testConstructor_ObjectString1,0.04081632653061224,0.02362164795852167,0.01430517711171662,0.07086494387556501,0.01899656587653907,0.02094798551165078,0.012172643607691628,5.746938775510204,2.8779269045103444,0.7008746355685131,8.633780713531033,1.457543399365604,2.0649372486078907,2.117356353925274,"[""TestDateTime_Constructors"", ""ISOChronology"", ""DateTime""]","[0.04081632653061224, 0.01574344023323615, 0.01430517711171662]","[5.746938775510204, 0.7008746355685131, 2.1859673024523163]"
org.joda.time.TestDateTime_Constructors.testConstructor_invalidObject_Chronology,0.04081632653061224,0.02362164795852167,0.01430517711171662,0.07086494387556501,0.01899656587653907,0.02094798551165078,0.012172643607691628,5.746938775510204,2.8549920162693336,0.632069970845481,8.564976048808001,1.355275308594273,1.995025555769696,2.1410536772045266,"[""TestDateTime_Constructors"", ""DateTime"", ""Object"", ""GregorianChronology""]","[0.04081632653061224, 0.01574344023323615, 0.01430517711171662]","[5.746938775510204, 0.632069970845481, 2.1859673024523163]"
org.joda.time.TestDateMidnight_Basics.testSerialization,0.03319502074688797,0.01770314227276998,0.006006006006006006,0.07081256909107991,0.009945818808013776,0.013232581771724978,0.012000959588857133,3.8485477178423237,1.8998505946828967,0.07507507507507508,7.599402378731587,0.15533307699948415,0.5435024296366264,1.8225376117712622,"[""TestDateMidnight_Basics"", ""ByteArrayOutputStream"", ""DateMidnight"", ""ObjectInputStream"", ""ObjectOutputStream"", ""ByteArrayInputStream""]","[0.03319502074688797, 0.02560553633217993, 0.006006006006006006, 0.006006006006006006]","[3.8485477178423237, 3.5916955017301038, 0.08408408408408409, 0.07507507507507508]"
org.joda.time.TestDateTime_Basics.testIsAfterNow,0.04081632653061224,0.03539453928710448,0.02997275204359673,0.07078907857420896,0.03456402199528672,0.03497681567027677,0.0054217872435077565,5.746938775510204,5.0914530389812604,4.435967302452316,10.182906077962521,5.007064251045221,5.049082342105208,0.6554857365289437,"[""TestDateTime_Basics"", ""DateTime""]","[0.04081632653061224, 0.02997275204359673]","[5.746938775510204, 4.435967302452316]"
org.joda.time.TestDateTime_Basics.testToString_String_Locale,0.04081632653061224,0.03539453928710448,0.02997275204359673,0.07078907857420896,0.03456402199528672,0.03497681567027677,0.0054217872435077565,5.746938775510204,5.0914530389812604,4.435967302452316,10.182906077962521,5.007064251045221,5.049082342105208,0.6554857365289437,"[""TestDateTime_Basics"", ""DateTime""]","[0.04081632653061224, 0.02997275204359673]","[5.746938775510204, 4.435967302452316]"
org.joda.time.TestDateTime_Basics.testMinusWeeks_int,0.04081632653061224,0.03539453928710448,0.02997275204359673,0.07078907857420896,0.03456402199528672,0.03497681567027677,0.0054217872435077565,5.746938775510204,5.0914530389812604,4.435967302452316,10.182906077962521,5.007064251045221,5.049082342105208,0.6554857365289437,"[""TestDateTime_Basics"", ""DateTime""]","[0.04081632653061224, 0.02997275204359673]","[5.746938775510204, 4.435967302452316]"
org.joda.time.TestDateTime_Basics.testPlusMinutes_int,0.04081632653061224,0.03539453928710448,0.02997275204359673,0.07078907857420896,0.03456402199528672,0.03497681567027677,0.0054217872435077565,5.746938775510204,5.0914530389812604,4.435967302452316,10.182906077962521,5.007064251045221,5.049082342105208,0.6554857365289437,"[""TestDateTime_Basics"", ""DateTime""]","[0.04081632653061224, 0.02997275204359673]","[5.746938775510204, 4.435967302452316]"
org.joda.time.TestDateTime_Basics.testMinusMillis_int,0.04081632653061224,0.03539453928710448,0.02997275204359673,0.07078907857420896,0.03456402199528672,0.03497681567027677,0.0054217872435077565,5.746938775510204,5.0914530389812604,4.435967302452316,10.182906077962521,5.007064251045221,5.049082342105208,0.6554857365289437,"[""TestDateTime_Basics"", ""DateTime""]","[0.04081632653061224, 0.02997275204359673]","[5.746938775510204, 4.435967302452316]"
org.joda.time.TestDateTime_Basics.testWithField2,0.04081632653061224,0.03539453928710448,0.02997275204359673,0.07078907857420896,0.03456402199528672,0.03497681567027677,0.0054217872435077565,5.746938775510204,5.0914530389812604,4.435967302452316,10.182906077962521,5.007064251045221,5.049082342105208,0.6554857365289437,"[""TestDateTime_Basics"", ""DateTime""]","[0.04081632653061224, 0.02997275204359673]","[5.746938775510204, 4.435967302452316]"
org.joda.time.TestDateTime_Basics.testToDateTime_DateTimeZone,0.04081632653061224,0.03539453928710448,0.02997275204359673,0.07078907857420896,0.03456402199528672,0.03497681567027677,0.0054217872435077565,5.746938775510204,5.0914530389812604,4.435967302452316,10.182906077962521,5.007064251045221,5.049082342105208,0.6554857365289437,"[""TestDateTime_Basics"", ""DateTime""]","[0.04081632653061224, 0.02997275204359673]","[5.746938775510204, 4.435967302452316]"
org.joda.time.TestDateTime_Basics.testMinusMonths_int,0.04081632653061224,0.03539453928710448,0.02997275204359673,0.07078907857420896,0.03456402199528672,0.03497681567027677,0.0054217872435077565,5.746938775510204,5.0914530389812604,4.435967302452316,10.182906077962521,5.007064251045221,5.049082342105208,0.6554857365289437,"[""TestDateTime_Basics"", ""DateTime""]","[0.04081632653061224, 0.02997275204359673]","[5.746938775510204, 4.435967302452316]"
org.joda.time.TestDateTime_Basics.testPlusDays_int,0.04081632653061224,0.03539453928710448,0.02997275204359673,0.07078907857420896,0.03456402199528672,0.03497681567027677,0.0054217872435077565,5.746938775510204,5.0914530389812604,4.435967302452316,10.182906077962521,5.007064251045221,5.049082342105208,0.6554857365289437,"[""TestDateTime_Basics"", ""DateTime""]","[0.04081632653061224, 0.02997275204359673]","[5.746938775510204, 4.435967302452316]"
org.joda.time.TestDateTime_Basics.testWithMillis_long,0.04081632653061224,0.03539453928710448,0.02997275204359673,0.07078907857420896,0.03456402199528672,0.03497681567027677,0.0054217872435077565,5.746938775510204,5.0914530389812604,4.435967302452316,10.182906077962521,5.007064251045221,5.049082342105208,0.6554857365289437,"[""TestDateTime_Basics"", ""DateTime""]","[0.04081632653061224, 0.02997275204359673]","[5.746938775510204, 4.435967302452316]"
org.joda.time.TestDateTime_Basics.testWithDurationAdded_long_int,0.04081632653061224,0.03539453928710448,0.02997275204359673,0.07078907857420896,0.03456402199528672,0.03497681567027677,0.0054217872435077565,5.746938775510204,5.0914530389812604,4.435967302452316,10.182906077962521,5.007064251045221,5.049082342105208,0.6554857365289437,"[""TestDateTime_Basics"", ""DateTime""]","[0.04081632653061224, 0.02997275204359673]","[5.746938775510204, 4.435967302452316]"
org.joda.time.TestDateTime_Basics.testWithDate_int_int_int,0.04081632653061224,0.03539453928710448,0.02997275204359673,0.07078907857420896,0.03456402199528672,0.03497681567027677,0.0054217872435077565,5.746938775510204,5.0914530389812604,4.435967302452316,10.182906077962521,5.007064251045221,5.049082342105208,0.6554857365289437,"[""TestDateTime_Basics"", ""DateTime""]","[0.04081632653061224, 0.02997275204359673]","[5.746938775510204, 4.435967302452316]"
org.joda.time.TestDateTime_Basics.testPlusMonths_int,0.04081632653061224,0.03539453928710448,0.02997275204359673,0.07078907857420896,0.03456402199528672,0.03497681567027677,0.0054217872435077565,5.746938775510204,5.0914530389812604,4.435967302452316,10.182906077962521,5.007064251045221,5.049082342105208,0.6554857365289437,"[""TestDateTime_Basics"", ""DateTime""]","[0.04081632653061224, 0.02997275204359673]","[5.746938775510204, 4.435967302452316]"
org.joda.time.TestDateTime_Basics.testMinusYears_int,0.04081632653061224,0.03539453928710448,0.02997275204359673,0.07078907857420896,0.03456402199528672,0.03497681567027677,0.0054217872435077565,5.746938775510204,5.0914530389812604,4.435967302452316,10.182906077962521,5.007064251045221,5.049082342105208,0.6554857365289437,"[""TestDateTime_Basics"", ""DateTime""]","[0.04081632653061224, 0.02997275204359673]","[5.746938775510204, 4.435967302452316]"
org.joda.time.TestDateTime_Basics.testPlus_long,0.04081632653061224,0.03539453928710448,0.02997275204359673,0.07078907857420896,0.03456402199528672,0.03497681567027677,0.0054217872435077565,5.746938775510204,5.0914530389812604,4.435967302452316,10.182906077962521,5.007064251045221,5.049082342105208,0.6554857365289437,"[""TestDateTime_Basics"", ""DateTime""]","[0.04081632653061224, 0.02997275204359673]","[5.746938775510204, 4.435967302452316]"
org.joda.time.TestDateTime_Basics.testWithZone_DateTimeZone,0.04081632653061224,0.03539453928710448,0.02997275204359673,0.07078907857420896,0.03456402199528672,0.03497681567027677,0.0054217872435077565,5.746938775510204,5.0914530389812604,4.435967302452316,10.182906077962521,5.007064251045221,5.049082342105208,0.6554857365289437,"[""TestDateTime_Basics"", ""DateTime""]","[0.04081632653061224, 0.02997275204359673]","[5.746938775510204, 4.435967302452316]"
org.joda.time.TestDateTime_Basics.testToDateTime,0.04081632653061224,0.03539453928710448,0.02997275204359673,0.07078907857420896,0.03456402199528672,0.03497681567027677,0.0054217872435077565,5.746938775510204,5.0914530389812604,4.435967302452316,10.182906077962521,5.007064251045221,5.049082342105208,0.6554857365289437,"[""TestDateTime_Basics"", ""DateTime""]","[0.04081632653061224, 0.02997275204359673]","[5.746938775510204, 4.435967302452316]"
org.joda.time.TestDateTime_Basics.testWithChronology_Chronology,0.04081632653061224,0.03539453928710448,0.02997275204359673,0.07078907857420896,0.03456402199528672,0.03497681567027677,0.0054217872435077565,5.746938775510204,5.0914530389812604,4.435967302452316,10.182906077962521,5.007064251045221,5.049082342105208,0.6554857365289437,"[""TestDateTime_Basics"", ""DateTime""]","[0.04081632653061224, 0.02997275204359673]","[5.746938775510204, 4.435967302452316]"
org.joda.time.TestDateTime_Basics.testWithers,0.04081632653061224,0.03539453928710448,0.02997275204359673,0.07078907857420896,0.03456402199528672,0.03497681567027677,0.0054217872435077565,5.746938775510204,5.0914530389812604,4.435967302452316,10.182906077962521,5.007064251045221,5.049082342105208,0.6554857365289437,"[""TestDateTime_Basics"", ""DateTime""]","[0.04081632653061224, 0.02997275204359673]","[5.746938775510204, 4.435967302452316]"
org.joda.time.TestDateTime_Basics.testWithTime_int_int_int,0.04081632653061224,0.03539453928710448,0.02997275204359673,0.07078907857420896,0.03456402199528672,0.03497681567027677,0.0054217872435077565,5.746938775510204,5.0914530389812604,4.435967302452316,10.182906077962521,5.007064251045221,5.049082342105208,0.6554857365289437,"[""TestDateTime_Basics"", ""DateTime""]","[0.04081632653061224, 0.02997275204359673]","[5.746938775510204, 4.435967302452316]"
org.joda.time.TestDateTime_Basics.testMinusDays_int,0.04081632653061224,0.03539453928710448,0.02997275204359673,0.07078907857420896,0.03456402199528672,0.03497681567027677,0.0054217872435077565,5.746938775510204,5.0914530389812604,4.435967302452316,10.182906077962521,5.007064251045221,5.049082342105208,0.6554857365289437,"[""TestDateTime_Basics"", ""DateTime""]","[0.04081632653061224, 0.02997275204359673]","[5.746938775510204, 4.435967302452316]"
org.joda.time.TestDateTime_Basics.testPlusMillis_int,0.04081632653061224,0.03539453928710448,0.02997275204359673,0.07078907857420896,0.03456402199528672,0.03497681567027677,0.0054217872435077565,5.746938775510204,5.0914530389812604,4.435967302452316,10.182906077962521,5.007064251045221,5.049082342105208,0.6554857365289437,"[""TestDateTime_Basics"", ""DateTime""]","[0.04081632653061224, 0.02997275204359673]","[5.746938775510204, 4.435967302452316]"
org.joda.time.TestDateTime_Basics.testWithFieldAdded2,0.04081632653061224,0.03539453928710448,0.02997275204359673,0.07078907857420896,0.03456402199528672,0.03497681567027677,0.0054217872435077565,5.746938775510204,5.0914530389812604,4.435967302452316,10.182906077962521,5.007064251045221,5.049082342105208,0.6554857365289437,"[""TestDateTime_Basics"", ""DateTime""]","[0.04081632653061224, 0.02997275204359673]","[5.746938775510204, 4.435967302452316]"
org.joda.time.TestDateTime_Basics.testPlusWeeks_int,0.04081632653061224,0.03539453928710448,0.02997275204359673,0.07078907857420896,0.03456402199528672,0.03497681567027677,0.0054217872435077565,5.746938775510204,5.0914530389812604,4.435967302452316,10.182906077962521,5.007064251045221,5.049082342105208,0.6554857365289437,"[""TestDateTime_Basics"", ""DateTime""]","[0.04081632653061224, 0.02997275204359673]","[5.746938775510204, 4.435967302452316]"
org.joda.time.TestDateTime_Basics.testPlusSeconds_int,0.04081632653061224,0.03539453928710448,0.02997275204359673,0.07078907857420896,0.03456402199528672,0.03497681567027677,0.0054217872435077565,5.746938775510204,5.0914530389812604,4.435967302452316,10.182906077962521,5.007064251045221,5.049082342105208,0.6554857365289437,"[""TestDateTime_Basics"", ""DateTime""]","[0.04081632653061224, 0.02997275204359673]","[5.746938775510204, 4.435967302452316]"
org.joda.time.TestDateTime_Basics.testGetters,0.04081632653061224,0.03539453928710448,0.02997275204359673,0.07078907857420896,0.03456402199528672,0.03497681567027677,0.0054217872435077565,5.746938775510204,5.0914530389812604,4.435967302452316,10.182906077962521,5.007064251045221,5.049082342105208,0.6554857365289437,"[""TestDateTime_Basics"", ""DateTime""]","[0.04081632653061224, 0.02997275204359673]","[5.746938775510204, 4.435967302452316]"
org.joda.time.TestDateTime_Basics.testIsEqualNow,0.04081632653061224,0.03539453928710448,0.02997275204359673,0.07078907857420896,0.03456402199528672,0.03497681567027677,0.0054217872435077565,5.746938775510204,5.0914530389812604,4.435967302452316,10.182906077962521,5.007064251045221,5.049082342105208,0.6554857365289437,"[""TestDateTime_Basics"", ""DateTime""]","[0.04081632653061224, 0.02997275204359673]","[5.746938775510204, 4.435967302452316]"
org.joda.time.TestDateTime_Basics.testToDateTime_Chronology,0.04081632653061224,0.03539453928710448,0.02997275204359673,0.07078907857420896,0.03456402199528672,0.03497681567027677,0.0054217872435077565,5.746938775510204,5.0914530389812604,4.435967302452316,10.182906077962521,5.007064251045221,5.049082342105208,0.6554857365289437,"[""TestDateTime_Basics"", ""DateTime""]","[0.04081632653061224, 0.02997275204359673]","[5.746938775510204, 4.435967302452316]"
org.joda.time.TestDateTime_Basics.testIsBefore_long,0.04081632653061224,0.03539453928710448,0.02997275204359673,0.07078907857420896,0.03456402199528672,0.03497681567027677,0.0054217872435077565,5.746938775510204,5.0914530389812604,4.435967302452316,10.182906077962521,5.007064251045221,5.049082342105208,0.6554857365289437,"[""TestDateTime_Basics"", ""DateTime""]","[0.04081632653061224, 0.02997275204359673]","[5.746938775510204, 4.435967302452316]"
org.joda.time.TestDateTime_Basics.testMinusMinutes_int,0.04081632653061224,0.03539453928710448,0.02997275204359673,0.07078907857420896,0.03456402199528672,0.03497681567027677,0.0054217872435077565,5.746938775510204,5.0914530389812604,4.435967302452316,10.182906077962521,5.007064251045221,5.049082342105208,0.6554857365289437,"[""TestDateTime_Basics"", ""DateTime""]","[0.04081632653061224, 0.02997275204359673]","[5.746938775510204, 4.435967302452316]"
org.joda.time.TestDateTime_Basics.testMinusSeconds_int,0.04081632653061224,0.03539453928710448,0.02997275204359673,0.07078907857420896,0.03456402199528672,0.03497681567027677,0.0054217872435077565,5.746938775510204,5.0914530389812604,4.435967302452316,10.182906077962521,5.007064251045221,5.049082342105208,0.6554857365289437,"[""TestDateTime_Basics"", ""DateTime""]","[0.04081632653061224, 0.02997275204359673]","[5.746938775510204, 4.435967302452316]"
org.joda.time.TestDateTime_Basics.testWithFieldAdded3,0.04081632653061224,0.03539453928710448,0.02997275204359673,0.07078907857420896,0.03456402199528672,0.03497681567027677,0.0054217872435077565,5.746938775510204,5.0914530389812604,4.435967302452316,10.182906077962521,5.007064251045221,5.049082342105208,0.6554857365289437,"[""TestDateTime_Basics"", ""DateTime""]","[0.04081632653061224, 0.02997275204359673]","[5.746938775510204, 4.435967302452316]"
org.joda.time.TestDateTime_Basics.testPlusHours_int,0.04081632653061224,0.03539453928710448,0.02997275204359673,0.07078907857420896,0.03456402199528672,0.03497681567027677,0.0054217872435077565,5.746938775510204,5.0914530389812604,4.435967302452316,10.182906077962521,5.007064251045221,5.049082342105208,0.6554857365289437,"[""TestDateTime_Basics"", ""DateTime""]","[0.04081632653061224, 0.02997275204359673]","[5.746938775510204, 4.435967302452316]"
org.joda.time.TestDateTime_Basics.testIsBeforeNow,0.04081632653061224,0.03539453928710448,0.02997275204359673,0.07078907857420896,0.03456402199528672,0.03497681567027677,0.0054217872435077565,5.746938775510204,5.0914530389812604,4.435967302452316,10.182906077962521,5.007064251045221,5.049082342105208,0.6554857365289437,"[""TestDateTime_Basics"", ""DateTime""]","[0.04081632653061224, 0.02997275204359673]","[5.746938775510204, 4.435967302452316]"
org.joda.time.TestDateTime_Basics.testPlusYears_int,0.04081632653061224,0.03539453928710448,0.02997275204359673,0.07078907857420896,0.03456402199528672,0.03497681567027677,0.0054217872435077565,5.746938775510204,5.0914530389812604,4.435967302452316,10.182906077962521,5.007064251045221,5.049082342105208,0.6554857365289437,"[""TestDateTime_Basics"", ""DateTime""]","[0.04081632653061224, 0.02997275204359673]","[5.746938775510204, 4.435967302452316]"
org.joda.time.TestDateTime_Basics.testIsAfter_long,0.04081632653061224,0.03539453928710448,0.02997275204359673,0.07078907857420896,0.03456402199528672,0.03497681567027677,0.0054217872435077565,5.746938775510204,5.0914530389812604,4.435967302452316,10.182906077962521,5.007064251045221,5.049082342105208,0.6554857365289437,"[""TestDateTime_Basics"", ""DateTime""]","[0.04081632653061224, 0.02997275204359673]","[5.746938775510204, 4.435967302452316]"
org.joda.time.TestDateTime_Basics.testMinusHours_int,0.04081632653061224,0.03539453928710448,0.02997275204359673,0.07078907857420896,0.03456402199528672,0.03497681567027677,0.0054217872435077565,5.746938775510204,5.0914530389812604,4.435967302452316,10.182906077962521,5.007064251045221,5.049082342105208,0.6554857365289437,"[""TestDateTime_Basics"", ""DateTime""]","[0.04081632653061224, 0.02997275204359673]","[5.746938775510204, 4.435967302452316]"
org.joda.time.TestDateTime_Basics.testIsEqual_long,0.04081632653061224,0.03539453928710448,0.02997275204359673,0.07078907857420896,0.03456402199528672,0.03497681567027677,0.0054217872435077565,5.746938775510204,5.0914530389812604,4.435967302452316,10.182906077962521,5.007064251045221,5.049082342105208,0.6554857365289437,"[""TestDateTime_Basics"", ""DateTime""]","[0.04081632653061224, 0.02997275204359673]","[5.746938775510204, 4.435967302452316]"
org.joda.time.TestDateTime_Basics.testToString_String,0.04081632653061224,0.03539453928710448,0.02997275204359673,0.07078907857420896,0.03456402199528672,0.03497681567027677,0.0054217872435077565,5.746938775510204,5.0914530389812604,4.435967302452316,10.182906077962521,5.007064251045221,5.049082342105208,0.6554857365289437,"[""TestDateTime_Basics"", ""DateTime""]","[0.04081632653061224, 0.02997275204359673]","[5.746938775510204, 4.435967302452316]"
org.joda.time.TestDateTime_Basics.testMinus_long,0.04081632653061224,0.03539453928710448,0.02997275204359673,0.07078907857420896,0.03456402199528672,0.03497681567027677,0.0054217872435077565,5.746938775510204,5.0914530389812604,4.435967302452316,10.182906077962521,5.007064251045221,5.049082342105208,0.6554857365289437,"[""TestDateTime_Basics"", ""DateTime""]","[0.04081632653061224, 0.02997275204359673]","[5.746938775510204, 4.435967302452316]"
org.joda.time.TestDateTime_Basics.testToString,0.04081632653061224,0.03539453928710448,0.02997275204359673,0.07078907857420896,0.03456402199528672,0.03497681567027677,0.0054217872435077565,5.746938775510204,5.0914530389812604,4.435967302452316,10.182906077962521,5.007064251045221,5.049082342105208,0.6554857365289437,"[""TestDateTime_Basics"", ""DateTime""]","[0.04081632653061224, 0.02997275204359673]","[5.746938775510204, 4.435967302452316]"
org.joda.time.TestMutableDateTime_Basics.testGet_DateTimeFieldType,0.03498542274052478,0.023577642215923216,0.016693163751987282,0.07073292664776965,0.021281187542811032,0.02232577607556656,0.008123910424376888,4.066472303206997,2.8836760371513726,2.1089030206677264,8.651028111454117,2.6689740090741343,2.768990000003303,0.8496593839607287,"[""DateTimeFieldType"", ""TestMutableDateTime_Basics"", ""MutableDateTime""]","[0.03498542274052478, 0.019054340155257588, 0.016693163751987282]","[4.066472303206997, 2.475652787579393, 2.1089030206677264]"
org.joda.time.TestYearMonth_Basics.testToString_DTFormatter,0.029333333333333333,0.023551668286362164,0.013333333333333334,0.07065500485908649,0.02071535996861309,0.02220372069810079,0.007246287780258628,5.344,3.910986718496923,2.8956268221574346,11.732960155490769,3.6641952673743203,3.7810842645580536,1.0422599058771858,"[""YearMonth"", ""TestYearMonth_Basics"", ""DateTimeFormat""]","[0.029333333333333333, 0.027988338192419825, 0.013333333333333334]","[5.344, 2.8956268221574346, 3.493333333333333]"
org.joda.time.TestAbstractPartial.testGetValues,0.0196078431372549,0.017648579621872502,0.014251781472684086,0.07059431848749001,0.01736842105263158,0.017512634391554253,0.0021177924152375556,2.2746355685131197,1.5839742955207192,0.88756927949327,6.335897182082877,1.3563992228936141,1.4671997476388836,0.5931978373270237,"[""TestAbstractPartial$MockPartial"", ""TestAbstractPartial"", ""IndexOutOfBoundsException"", ""AbstractPartial"", ""BuddhistChronology"", ""Chronology""]","[0.0196078431372549, 0.01924198250728863, 0.01749271137026239, 0.014251781472684086]","[2.0588235294117645, 2.2746355685131197, 1.114868804664723, 0.88756927949327]"
org.joda.time.TestAbstractPartial.testGetValue,0.0196078431372549,0.017648579621872502,0.014251781472684086,0.07059431848749001,0.01736842105263158,0.017512634391554253,0.0021177924152375556,2.2746355685131197,1.5839742955207192,0.88756927949327,6.335897182082877,1.3563992228936141,1.4671997476388836,0.5931978373270237,"[""TestAbstractPartial$MockPartial"", ""TestAbstractPartial"", ""IndexOutOfBoundsException"", ""AbstractPartial"", ""BuddhistChronology"", ""Chronology""]","[0.0196078431372549, 0.01924198250728863, 0.01749271137026239, 0.014251781472684086]","[2.0588235294117645, 2.2746355685131197, 1.114868804664723, 0.88756927949327]"
org.joda.time.TestAbstractPartial.testGetField,0.0196078431372549,0.017648579621872502,0.014251781472684086,0.07059431848749001,0.01736842105263158,0.017512634391554253,0.0021177924152375556,2.2746355685131197,1.5839742955207192,0.88756927949327,6.335897182082877,1.3563992228936141,1.4671997476388836,0.5931978373270237,"[""IndexOutOfBoundsException"", ""BuddhistChronology"", ""TestAbstractPartial$MockPartial"", ""TestAbstractPartial"", ""AbstractPartial"", ""Chronology""]","[0.0196078431372549, 0.01924198250728863, 0.01749271137026239, 0.014251781472684086]","[2.0588235294117645, 2.2746355685131197, 1.114868804664723, 0.88756927949327]"
org.joda.time.TestDateTimeComparator.testBasicComps2,0.04081632653061224,0.023517978620019437,0.014577259475218658,0.07055393586005831,0.018860624818647836,0.02081643434962552,0.012234095223989282,5.746938775510204,3.1275024295432456,0.6017492711370263,9.382507288629737,1.3853965891243523,2.1891756806349054,2.1015591297417946,"[""System"", ""TestDateTimeComparator"", ""Comparator"", ""DateTime"", ""ReadableInstant""]","[0.04081632653061224, 0.015160349854227406, 0.014577259475218658]","[5.746938775510204, 0.6017492711370263, 3.033819241982507]"
org.joda.time.TestChronology.testEqualsHashCode_ISO,0.04081632653061224,0.0235008156189332,0.013942680092951201,0.0705024468567996,0.01878043125434732,0.020769526997613464,0.012265965728254388,5.746938775510204,2.5747810776407496,0.7008746355685131,7.724343232922249,1.258300508410566,1.7259807973830334,2.255331914742729,"[""DateTime"", ""Object"", ""TestChronology"", ""ISOChronology""]","[0.04081632653061224, 0.01574344023323615, 0.013942680092951201]","[5.746938775510204, 0.7008746355685131, 1.2765298218435321]"
org.joda.time.TestPartial_Basics.testWithFieldAdded7,0.024134312696747113,0.017583791124004693,0.012718600953895072,0.07033516449601877,0.016699575649693554,0.017126160239378716,0.004123232344846641,3.974816369359916,2.6642080402110646,1.1764705882352942,10.656832160844258,2.138840104516917,2.405753564290537,1.0926893835950573,"[""Partial"", ""DateTimeFieldType"", ""TestPartial_Basics"", ""DurationFieldType""]","[0.024134312696747113, 0.016789087093389297, 0.016693163751987282, 0.012718600953895072]","[3.396642182581322, 3.974816369359916, 2.1089030206677264, 1.1764705882352942]"
org.joda.time.TestPartial_Basics.testWithFieldAddWrapped8,0.024134312696747113,0.017583791124004693,0.012718600953895072,0.07033516449601877,0.016699575649693554,0.017126160239378716,0.004123232344846641,3.974816369359916,2.6642080402110646,1.1764705882352942,10.656832160844258,2.138840104516917,2.405753564290537,1.0926893835950573,"[""Partial"", ""DateTimeFieldType"", ""TestPartial_Basics"", ""DurationFieldType""]","[0.024134312696747113, 0.016789087093389297, 0.016693163751987282, 0.012718600953895072]","[3.396642182581322, 3.974816369359916, 2.1089030206677264, 1.1764705882352942]"
org.joda.time.TestPartial_Basics.testWithFieldAddWrapped5,0.024134312696747113,0.017583791124004693,0.012718600953895072,0.07033516449601877,0.016699575649693554,0.017126160239378716,0.004123232344846641,3.974816369359916,2.6642080402110646,1.1764705882352942,10.656832160844258,2.138840104516917,2.405753564290537,1.0926893835950573,"[""Partial"", ""DateTimeFieldType"", ""TestPartial_Basics"", ""DurationFieldType""]","[0.024134312696747113, 0.016789087093389297, 0.016693163751987282, 0.012718600953895072]","[3.396642182581322, 3.974816369359916, 2.1089030206677264, 1.1764705882352942]"
org.joda.time.TestPartial_Basics.testWithFieldAdded4,0.024134312696747113,0.017583791124004693,0.012718600953895072,0.07033516449601877,0.016699575649693554,0.017126160239378716,0.004123232344846641,3.974816369359916,2.6642080402110646,1.1764705882352942,10.656832160844258,2.138840104516917,2.405753564290537,1.0926893835950573,"[""Partial"", ""DateTimeFieldType"", ""TestPartial_Basics"", ""DurationFieldType""]","[0.024134312696747113, 0.016789087093389297, 0.016693163751987282, 0.012718600953895072]","[3.396642182581322, 3.974816369359916, 2.1089030206677264, 1.1764705882352942]"
org.joda.time.TestPartial_Basics.testWithFieldAddWrapped4,0.024134312696747113,0.017583791124004693,0.012718600953895072,0.07033516449601877,0.016699575649693554,0.017126160239378716,0.004123232344846641,3.974816369359916,2.6642080402110646,1.1764705882352942,10.656832160844258,2.138840104516917,2.405753564290537,1.0926893835950573,"[""Partial"", ""DateTimeFieldType"", ""TestPartial_Basics"", ""DurationFieldType""]","[0.024134312696747113, 0.016789087093389297, 0.016693163751987282, 0.012718600953895072]","[3.396642182581322, 3.974816369359916, 2.1089030206677264, 1.1764705882352942]"
org.joda.time.TestPartial_Basics.testWithFieldAdded1,0.024134312696747113,0.017583791124004693,0.012718600953895072,0.07033516449601877,0.016699575649693554,0.017126160239378716,0.004123232344846641,3.974816369359916,2.6642080402110646,1.1764705882352942,10.656832160844258,2.138840104516917,2.405753564290537,1.0926893835950573,"[""Partial"", ""DateTimeFieldType"", ""TestPartial_Basics"", ""DurationFieldType""]","[0.024134312696747113, 0.016789087093389297, 0.016693163751987282, 0.012718600953895072]","[3.396642182581322, 3.974816369359916, 2.1089030206677264, 1.1764705882352942]"
org.joda.time.TestPartial_Basics.testWithFieldAddWrapped1,0.024134312696747113,0.017583791124004693,0.012718600953895072,0.07033516449601877,0.016699575649693554,0.017126160239378716,0.004123232344846641,3.974816369359916,2.6642080402110646,1.1764705882352942,10.656832160844258,2.138840104516917,2.405753564290537,1.0926893835950573,"[""Partial"", ""DateTimeFieldType"", ""TestPartial_Basics"", ""DurationFieldType""]","[0.024134312696747113, 0.016789087093389297, 0.016693163751987282, 0.012718600953895072]","[3.396642182581322, 3.974816369359916, 2.1089030206677264, 1.1764705882352942]"
org.joda.time.TestPartial_Basics.testWithFieldAddWrapped7,0.024134312696747113,0.017583791124004693,0.012718600953895072,0.07033516449601877,0.016699575649693554,0.017126160239378716,0.004123232344846641,3.974816369359916,2.6642080402110646,1.1764705882352942,10.656832160844258,2.138840104516917,2.405753564290537,1.0926893835950573,"[""Partial"", ""DateTimeFieldType"", ""TestPartial_Basics"", ""DurationFieldType""]","[0.024134312696747113, 0.016789087093389297, 0.016693163751987282, 0.012718600953895072]","[3.396642182581322, 3.974816369359916, 2.1089030206677264, 1.1764705882352942]"
org.joda.time.TestPartial_Basics.testWithFieldAdded5,0.024134312696747113,0.017583791124004693,0.012718600953895072,0.07033516449601877,0.016699575649693554,0.017126160239378716,0.004123232344846641,3.974816369359916,2.6642080402110646,1.1764705882352942,10.656832160844258,2.138840104516917,2.405753564290537,1.0926893835950573,"[""Partial"", ""DateTimeFieldType"", ""TestPartial_Basics"", ""DurationFieldType""]","[0.024134312696747113, 0.016789087093389297, 0.016693163751987282, 0.012718600953895072]","[3.396642182581322, 3.974816369359916, 2.1089030206677264, 1.1764705882352942]"
org.joda.time.TestPartial_Basics.testWithFieldAddWrapped6,0.024134312696747113,0.017583791124004693,0.012718600953895072,0.07033516449601877,0.016699575649693554,0.017126160239378716,0.004123232344846641,3.974816369359916,2.6642080402110646,1.1764705882352942,10.656832160844258,2.138840104516917,2.405753564290537,1.0926893835950573,"[""Partial"", ""DateTimeFieldType"", ""TestPartial_Basics"", ""DurationFieldType""]","[0.024134312696747113, 0.016789087093389297, 0.016693163751987282, 0.012718600953895072]","[3.396642182581322, 3.974816369359916, 2.1089030206677264, 1.1764705882352942]"
org.joda.time.TestPartial_Basics.testWithFieldAdded8,0.024134312696747113,0.017583791124004693,0.012718600953895072,0.07033516449601877,0.016699575649693554,0.017126160239378716,0.004123232344846641,3.974816369359916,2.6642080402110646,1.1764705882352942,10.656832160844258,2.138840104516917,2.405753564290537,1.0926893835950573,"[""Partial"", ""DateTimeFieldType"", ""TestPartial_Basics"", ""DurationFieldType""]","[0.024134312696747113, 0.016789087093389297, 0.016693163751987282, 0.012718600953895072]","[3.396642182581322, 3.974816369359916, 2.1089030206677264, 1.1764705882352942]"
org.joda.time.TestPartial_Basics.testWithFieldAdded6,0.024134312696747113,0.017583791124004693,0.012718600953895072,0.07033516449601877,0.016699575649693554,0.017126160239378716,0.004123232344846641,3.974816369359916,2.6642080402110646,1.1764705882352942,10.656832160844258,2.138840104516917,2.405753564290537,1.0926893835950573,"[""Partial"", ""DateTimeFieldType"", ""TestPartial_Basics"", ""DurationFieldType""]","[0.024134312696747113, 0.016789087093389297, 0.016693163751987282, 0.012718600953895072]","[3.396642182581322, 3.974816369359916, 2.1089030206677264, 1.1764705882352942]"
org.joda.time.TestStringConvert.testLocalTime,0.05013550135501355,0.0351483958387971,0.020161290322580645,0.0702967916775942,0.02875796673402767,0.031793024365205695,0.014987105516216454,7.333333333333333,4.104166666666666,0.875,8.208333333333332,1.5634517766497462,2.5331140255951103,3.2291666666666665,"[""StringConvert"", ""TestStringConvert"", ""LocalTime""]","[0.05013550135501355, 0.020161290322580645]","[7.333333333333333, 0.875]"
org.joda.time.chrono.TestISOChronology.testPartialDayOfYearAdd,0.024134312696747113,0.017543737793590097,0.012718600953895072,0.07017495117436039,0.016659662101336285,0.017085155733134082,0.004131527425016265,3.396642182581322,2.1083346357017736,1.1764705882352942,8.433338542807094,1.8268297352961338,1.9600331556379247,0.8147951808517185,"[""TestISOChronology"", ""DateTimeFieldType"", ""Partial"", ""DurationFieldType""]","[0.024134312696747113, 0.016693163751987282, 0.016628873771730914, 0.012718600953895072]","[3.396642182581322, 2.1089030206677264, 1.7513227513227514, 1.1764705882352942]"
org.joda.time.TestMonthDay_Basics.testWithField_unknownField,0.03459119496855346,0.023384094416280875,0.016693163751987282,0.07015228324884262,0.021154491895357005,0.022168830511549335,0.007974196854024881,6.022012578616352,4.179906876910207,2.1089030206677264,12.539720630730619,3.459982354897327,3.8256601482909622,1.6056986801160893,"[""MonthDay"", ""DateTimeFieldType"", ""TestMonthDay_Basics""]","[0.03459119496855346, 0.018867924528301886, 0.016693163751987282]","[6.022012578616352, 4.408805031446541, 2.1089030206677264]"
org.joda.time.TestMonthDay_Basics.testGetFieldType,0.03459119496855346,0.023384094416280875,0.016693163751987282,0.07015228324884262,0.021154491895357005,0.022168830511549335,0.007974196854024881,6.022012578616352,4.179906876910207,2.1089030206677264,12.539720630730619,3.459982354897327,3.8256601482909622,1.6056986801160893,"[""MonthDay"", ""DateTimeFieldType"", ""TestMonthDay_Basics""]","[0.03459119496855346, 0.018867924528301886, 0.016693163751987282]","[6.022012578616352, 4.408805031446541, 2.1089030206677264]"
org.joda.time.TestMonthDay_Basics.testGet,0.03459119496855346,0.023384094416280875,0.016693163751987282,0.07015228324884262,0.021154491895357005,0.022168830511549335,0.007974196854024881,6.022012578616352,4.179906876910207,2.1089030206677264,12.539720630730619,3.459982354897327,3.8256601482909622,1.6056986801160893,"[""MonthDay"", ""DateTimeFieldType"", ""TestMonthDay_Basics""]","[0.03459119496855346, 0.018867924528301886, 0.016693163751987282]","[6.022012578616352, 4.408805031446541, 2.1089030206677264]"
org.joda.time.TestMonthDay_Basics.testGetFieldTypes,0.03459119496855346,0.023384094416280875,0.016693163751987282,0.07015228324884262,0.021154491895357005,0.022168830511549335,0.007974196854024881,6.022012578616352,4.179906876910207,2.1089030206677264,12.539720630730619,3.459982354897327,3.8256601482909622,1.6056986801160893,"[""MonthDay"", ""DateTimeFieldType"", ""TestMonthDay_Basics""]","[0.03459119496855346, 0.018867924528301886, 0.016693163751987282]","[6.022012578616352, 4.408805031446541, 2.1089030206677264]"
org.joda.time.TestMonthDay_Basics.testWithField,0.03459119496855346,0.023384094416280875,0.016693163751987282,0.07015228324884262,0.021154491895357005,0.022168830511549335,0.007974196854024881,6.022012578616352,4.179906876910207,2.1089030206677264,12.539720630730619,3.459982354897327,3.8256601482909622,1.6056986801160893,"[""MonthDay"", ""DateTimeFieldType"", ""TestMonthDay_Basics""]","[0.03459119496855346, 0.018867924528301886, 0.016693163751987282]","[6.022012578616352, 4.408805031446541, 2.1089030206677264]"
org.joda.time.TestMonthDay_Basics.testIsSupported,0.03459119496855346,0.023384094416280875,0.016693163751987282,0.07015228324884262,0.021154491895357005,0.022168830511549335,0.007974196854024881,6.022012578616352,4.179906876910207,2.1089030206677264,12.539720630730619,3.459982354897327,3.8256601482909622,1.6056986801160893,"[""MonthDay"", ""DateTimeFieldType"", ""TestMonthDay_Basics""]","[0.03459119496855346, 0.018867924528301886, 0.016693163751987282]","[6.022012578616352, 4.408805031446541, 2.1089030206677264]"
org.joda.time.TestMonthDay_Basics.testWithField_same,0.03459119496855346,0.023384094416280875,0.016693163751987282,0.07015228324884262,0.021154491895357005,0.022168830511549335,0.007974196854024881,6.022012578616352,4.179906876910207,2.1089030206677264,12.539720630730619,3.459982354897327,3.8256601482909622,1.6056986801160893,"[""MonthDay"", ""DateTimeFieldType"", ""TestMonthDay_Basics""]","[0.03459119496855346, 0.018867924528301886, 0.016693163751987282]","[6.022012578616352, 4.408805031446541, 2.1089030206677264]"
org.joda.time.TestMonthDay_Basics.testProperty,0.03459119496855346,0.023384094416280875,0.016693163751987282,0.07015228324884262,0.021154491895357005,0.022168830511549335,0.007974196854024881,6.022012578616352,4.179906876910207,2.1089030206677264,12.539720630730619,3.459982354897327,3.8256601482909622,1.6056986801160893,"[""MonthDay"", ""DateTimeFieldType"", ""TestMonthDay_Basics""]","[0.03459119496855346, 0.018867924528301886, 0.016693163751987282]","[6.022012578616352, 4.408805031446541, 2.1089030206677264]"
org.joda.time.TestWeeks.testToStandardDuration,0.02516091281451141,0.02329644910643458,0.020766773162939296,0.06988934731930374,0.023142547234992303,0.023220457880303573,0.001854543305505408,2.7252396166134187,2.233536542429324,1.6079578700994734,6.700609627287973,2.125776209711138,2.1809769544221416,0.4658480668683556,"[""TestWeeks"", ""Weeks"", ""Duration""]","[0.02516091281451141, 0.023961661341853034, 0.020766773162939296]","[1.6079578700994734, 2.7252396166134187, 2.36741214057508]"
org.joda.time.TestMinutes.testToStandardDuration,0.02516091281451141,0.02329644910643458,0.020766773162939296,0.06988934731930374,0.023142547234992303,0.023220457880303573,0.001854543305505408,2.597444089456869,2.1813533688403997,1.6079578700994734,6.544060106521199,2.0913263832159084,2.1376136091270874,0.4189903256561233,"[""TestMinutes"", ""Minutes"", ""Duration""]","[0.02516091281451141, 0.023961661341853034, 0.020766773162939296]","[1.6079578700994734, 2.597444089456869, 2.3386581469648564]"
org.joda.time.TestSeconds.testToStandardDuration,0.02516091281451141,0.02329644910643458,0.020766773162939296,0.06988934731930374,0.023142547234992303,0.023220457880303573,0.001854543305505408,2.5463258785942493,2.164313965219526,1.6079578700994734,6.4929418956585785,2.0801190006760724,2.12349771340532,0.4024347153041923,"[""Seconds"", ""Duration"", ""TestSeconds""]","[0.02516091281451141, 0.023961661341853034, 0.020766773162939296]","[1.6079578700994734, 2.5463258785942493, 2.3386581469648564]"
org.joda.time.TestHours.testToStandardDuration,0.02516091281451141,0.02329644910643458,0.020766773162939296,0.06988934731930374,0.023142547234992303,0.023220457880303573,0.001854543305505408,2.7060702875399363,2.2489785019607402,1.6079578700994734,6.746935505882221,2.1390721267829247,2.1957342160457087,0.4667869504782845,"[""TestHours"", ""Hours"", ""Duration""]","[0.02516091281451141, 0.023961661341853034, 0.020766773162939296]","[1.6079578700994734, 2.7060702875399363, 2.4329073482428116]"
org.joda.time.format.TestPeriodFormatterBuilder.testFormatAppendFormatter,0.030927835051546393,0.01745242540558719,0.008836524300441826,0.06980970162234876,0.013386536233749517,0.015212866406677818,0.009041955133800534,5.75699558173785,2.7540286201338238,0.31516936671575846,11.016114480535295,0.879437140980448,1.652907723082444,2.1862328863855747,"[""PeriodFormatterBuilder"", ""PeriodPrinter"", ""PeriodFormatter"", ""TestPeriodFormatterBuilder""]","[0.030927835051546393, 0.02047244094488189, 0.009572901325478646, 0.008836524300441826]","[5.75699558173785, 3.88503937007874, 0.31516936671575846, 1.0589101620029455]"
org.joda.time.format.TestPeriodFormatterBuilder.testFormatSeparatorSimple,0.030927835051546393,0.01745242540558719,0.008836524300441826,0.06980970162234876,0.013386536233749517,0.015212866406677818,0.009041955133800534,5.75699558173785,2.7540286201338238,0.31516936671575846,11.016114480535295,0.879437140980448,1.652907723082444,2.1862328863855747,"[""PeriodFormatterBuilder"", ""PeriodPrinter"", ""PeriodFormatter"", ""TestPeriodFormatterBuilder""]","[0.030927835051546393, 0.02047244094488189, 0.009572901325478646, 0.008836524300441826]","[5.75699558173785, 3.88503937007874, 0.31516936671575846, 1.0589101620029455]"
org.joda.time.format.TestPeriodFormatterBuilder.testFormatPrintZeroDefault,0.030927835051546393,0.01745242540558719,0.008836524300441826,0.06980970162234876,0.013386536233749517,0.015212866406677818,0.009041955133800534,5.75699558173785,2.7540286201338238,0.31516936671575846,11.016114480535295,0.879437140980448,1.652907723082444,2.1862328863855747,"[""PeriodFormatterBuilder"", ""PeriodPrinter"", ""PeriodFormatter"", ""TestPeriodFormatterBuilder""]","[0.030927835051546393, 0.02047244094488189, 0.009572901325478646, 0.008836524300441826]","[5.75699558173785, 3.88503937007874, 0.31516936671575846, 1.0589101620029455]"
org.joda.time.format.TestPeriodFormatterBuilder.testFormatLiteral,0.030927835051546393,0.01745242540558719,0.008836524300441826,0.06980970162234876,0.013386536233749517,0.015212866406677818,0.009041955133800534,5.75699558173785,2.7540286201338238,0.31516936671575846,11.016114480535295,0.879437140980448,1.652907723082444,2.1862328863855747,"[""PeriodFormatterBuilder"", ""PeriodPrinter"", ""PeriodFormatter"", ""TestPeriodFormatterBuilder""]","[0.030927835051546393, 0.02047244094488189, 0.009572901325478646, 0.008836524300441826]","[5.75699558173785, 3.88503937007874, 0.31516936671575846, 1.0589101620029455]"
org.joda.time.format.TestPeriodFormatterBuilder.testFormatSeparatorIfFieldsBefore,0.030927835051546393,0.01745242540558719,0.008836524300441826,0.06980970162234876,0.013386536233749517,0.015212866406677818,0.009041955133800534,5.75699558173785,2.7540286201338238,0.31516936671575846,11.016114480535295,0.879437140980448,1.652907723082444,2.1862328863855747,"[""PeriodFormatterBuilder"", ""PeriodPrinter"", ""PeriodFormatter"", ""TestPeriodFormatterBuilder""]","[0.030927835051546393, 0.02047244094488189, 0.009572901325478646, 0.008836524300441826]","[5.75699558173785, 3.88503937007874, 0.31516936671575846, 1.0589101620029455]"
org.joda.time.format.TestPeriodFormatterBuilder.testFormatSeparatorIfFieldsAfter,0.030927835051546393,0.01745242540558719,0.008836524300441826,0.06980970162234876,0.013386536233749517,0.015212866406677818,0.009041955133800534,5.75699558173785,2.7540286201338238,0.31516936671575846,11.016114480535295,0.879437140980448,1.652907723082444,2.1862328863855747,"[""PeriodFormatterBuilder"", ""PeriodPrinter"", ""PeriodFormatter"", ""TestPeriodFormatterBuilder""]","[0.030927835051546393, 0.02047244094488189, 0.009572901325478646, 0.008836524300441826]","[5.75699558173785, 3.88503937007874, 0.31516936671575846, 1.0589101620029455]"
org.joda.time.format.TestPeriodFormatterBuilder.testFormatPrintZeroNever,0.030927835051546393,0.01745242540558719,0.008836524300441826,0.06980970162234876,0.013386536233749517,0.015212866406677818,0.009041955133800534,5.75699558173785,2.7540286201338238,0.31516936671575846,11.016114480535295,0.879437140980448,1.652907723082444,2.1862328863855747,"[""PeriodFormatterBuilder"", ""PeriodPrinter"", ""PeriodFormatter"", ""TestPeriodFormatterBuilder""]","[0.030927835051546393, 0.02047244094488189, 0.009572901325478646, 0.008836524300441826]","[5.75699558173785, 3.88503937007874, 0.31516936671575846, 1.0589101620029455]"
org.joda.time.format.TestPeriodFormatterBuilder.testFormatPrintZeroRarelyLast,0.030927835051546393,0.01745242540558719,0.008836524300441826,0.06980970162234876,0.013386536233749517,0.015212866406677818,0.009041955133800534,5.75699558173785,2.7540286201338238,0.31516936671575846,11.016114480535295,0.879437140980448,1.652907723082444,2.1862328863855747,"[""PeriodFormatterBuilder"", ""PeriodPrinter"", ""PeriodFormatter"", ""TestPeriodFormatterBuilder""]","[0.030927835051546393, 0.02047244094488189, 0.009572901325478646, 0.008836524300441826]","[5.75699558173785, 3.88503937007874, 0.31516936671575846, 1.0589101620029455]"
org.joda.time.format.TestPeriodFormatterBuilder.testFormatSeparatorComplex,0.030927835051546393,0.01745242540558719,0.008836524300441826,0.06980970162234876,0.013386536233749517,0.015212866406677818,0.009041955133800534,5.75699558173785,2.7540286201338238,0.31516936671575846,11.016114480535295,0.879437140980448,1.652907723082444,2.1862328863855747,"[""PeriodFormatterBuilder"", ""PeriodPrinter"", ""PeriodFormatter"", ""TestPeriodFormatterBuilder""]","[0.030927835051546393, 0.02047244094488189, 0.009572901325478646, 0.008836524300441826]","[5.75699558173785, 3.88503937007874, 0.31516936671575846, 1.0589101620029455]"
org.joda.time.format.TestPeriodFormatterBuilder.testFormatPrintZeroAlways,0.030927835051546393,0.01745242540558719,0.008836524300441826,0.06980970162234876,0.013386536233749517,0.015212866406677818,0.009041955133800534,5.75699558173785,2.7540286201338238,0.31516936671575846,11.016114480535295,0.879437140980448,1.652907723082444,2.1862328863855747,"[""PeriodFormatterBuilder"", ""PeriodPrinter"", ""PeriodFormatter"", ""TestPeriodFormatterBuilder""]","[0.030927835051546393, 0.02047244094488189, 0.009572901325478646, 0.008836524300441826]","[5.75699558173785, 3.88503937007874, 0.31516936671575846, 1.0589101620029455]"
org.joda.time.format.TestPeriodFormatterBuilder.testFormatPrintZeroIfSupported,0.030927835051546393,0.01745242540558719,0.008836524300441826,0.06980970162234876,0.013386536233749517,0.015212866406677818,0.009041955133800534,5.75699558173785,2.7540286201338238,0.31516936671575846,11.016114480535295,0.879437140980448,1.652907723082444,2.1862328863855747,"[""PeriodFormatterBuilder"", ""PeriodPrinter"", ""PeriodFormatter"", ""TestPeriodFormatterBuilder""]","[0.030927835051546393, 0.02047244094488189, 0.009572901325478646, 0.008836524300441826]","[5.75699558173785, 3.88503937007874, 0.31516936671575846, 1.0589101620029455]"
org.joda.time.format.TestPeriodFormatterBuilder.testFormatMinDigits,0.030927835051546393,0.01745242540558719,0.008836524300441826,0.06980970162234876,0.013386536233749517,0.015212866406677818,0.009041955133800534,5.75699558173785,2.7540286201338238,0.31516936671575846,11.016114480535295,0.879437140980448,1.652907723082444,2.1862328863855747,"[""PeriodFormatterBuilder"", ""PeriodPrinter"", ""PeriodFormatter"", ""TestPeriodFormatterBuilder""]","[0.030927835051546393, 0.02047244094488189, 0.009572901325478646, 0.008836524300441826]","[5.75699558173785, 3.88503937007874, 0.31516936671575846, 1.0589101620029455]"
org.joda.time.format.TestPeriodFormatterBuilder.testFormatPrintZeroRarelyFirst,0.030927835051546393,0.01745242540558719,0.008836524300441826,0.06980970162234876,0.013386536233749517,0.015212866406677818,0.009041955133800534,5.75699558173785,2.7540286201338238,0.31516936671575846,11.016114480535295,0.879437140980448,1.652907723082444,2.1862328863855747,"[""PeriodFormatterBuilder"", ""PeriodPrinter"", ""PeriodFormatter"", ""TestPeriodFormatterBuilder""]","[0.030927835051546393, 0.02047244094488189, 0.009572901325478646, 0.008836524300441826]","[5.75699558173785, 3.88503937007874, 0.31516936671575846, 1.0589101620029455]"
org.joda.time.TestMutableDateTime_Basics.testRounding4,0.03498542274052478,0.02326106770967284,0.01574344023323615,0.06978320312901852,0.020749279538904895,0.021894089708946293,0.008399836912722685,4.066472303206997,2.414333242118301,0.7008746355685131,7.2429997263549035,1.4446441656184128,1.918003073628357,1.3746834738937947,"[""TestMutableDateTime_Basics"", ""MutableDateTime"", ""ISOChronology""]","[0.03498542274052478, 0.019054340155257588, 0.01574344023323615]","[4.066472303206997, 2.475652787579393, 0.7008746355685131]"
org.joda.time.TestMutableDateTime_Basics.testRounding8,0.03498542274052478,0.02326106770967284,0.01574344023323615,0.06978320312901852,0.020749279538904895,0.021894089708946293,0.008399836912722685,4.066472303206997,2.414333242118301,0.7008746355685131,7.2429997263549035,1.4446441656184128,1.918003073628357,1.3746834738937947,"[""TestMutableDateTime_Basics"", ""MutableDateTime"", ""ISOChronology""]","[0.03498542274052478, 0.019054340155257588, 0.01574344023323615]","[4.066472303206997, 2.475652787579393, 0.7008746355685131]"
org.joda.time.TestMutableDateTime_Basics.testRounding1,0.03498542274052478,0.02326106770967284,0.01574344023323615,0.06978320312901852,0.020749279538904895,0.021894089708946293,0.008399836912722685,4.066472303206997,2.414333242118301,0.7008746355685131,7.2429997263549035,1.4446441656184128,1.918003073628357,1.3746834738937947,"[""TestMutableDateTime_Basics"", ""MutableDateTime"", ""ISOChronology""]","[0.03498542274052478, 0.019054340155257588, 0.01574344023323615]","[4.066472303206997, 2.475652787579393, 0.7008746355685131]"
org.joda.time.TestMutableDateTime_Basics.testRounding3,0.03498542274052478,0.02326106770967284,0.01574344023323615,0.06978320312901852,0.020749279538904895,0.021894089708946293,0.008399836912722685,4.066472303206997,2.414333242118301,0.7008746355685131,7.2429997263549035,1.4446441656184128,1.918003073628357,1.3746834738937947,"[""TestMutableDateTime_Basics"", ""MutableDateTime"", ""ISOChronology""]","[0.03498542274052478, 0.019054340155257588, 0.01574344023323615]","[4.066472303206997, 2.475652787579393, 0.7008746355685131]"
org.joda.time.TestMutableDateTime_Basics.testRounding2,0.03498542274052478,0.02326106770967284,0.01574344023323615,0.06978320312901852,0.020749279538904895,0.021894089708946293,0.008399836912722685,4.066472303206997,2.414333242118301,0.7008746355685131,7.2429997263549035,1.4446441656184128,1.918003073628357,1.3746834738937947,"[""TestMutableDateTime_Basics"", ""MutableDateTime"", ""ISOChronology""]","[0.03498542274052478, 0.019054340155257588, 0.01574344023323615]","[4.066472303206997, 2.475652787579393, 0.7008746355685131]"
org.joda.time.TestMutableDateTime_Basics.testToMutableDateTime,0.03498542274052478,0.02326106770967284,0.01574344023323615,0.06978320312901852,0.020749279538904895,0.021894089708946293,0.008399836912722685,4.066472303206997,2.414333242118301,0.7008746355685131,7.2429997263549035,1.4446441656184128,1.918003073628357,1.3746834738937947,"[""TestMutableDateTime_Basics"", ""MutableDateTime"", ""ISOChronology""]","[0.03498542274052478, 0.019054340155257588, 0.01574344023323615]","[4.066472303206997, 2.475652787579393, 0.7008746355685131]"
org.joda.time.TestMutableDateTime_Basics.testRounding5,0.03498542274052478,0.02326106770967284,0.01574344023323615,0.06978320312901852,0.020749279538904895,0.021894089708946293,0.008399836912722685,4.066472303206997,2.414333242118301,0.7008746355685131,7.2429997263549035,1.4446441656184128,1.918003073628357,1.3746834738937947,"[""TestMutableDateTime_Basics"", ""MutableDateTime"", ""ISOChronology""]","[0.03498542274052478, 0.019054340155257588, 0.01574344023323615]","[4.066472303206997, 2.475652787579393, 0.7008746355685131]"
org.joda.time.TestMutableDateTime_Basics.testRounding7,0.03498542274052478,0.02326106770967284,0.01574344023323615,0.06978320312901852,0.020749279538904895,0.021894089708946293,0.008399836912722685,4.066472303206997,2.414333242118301,0.7008746355685131,7.2429997263549035,1.4446441656184128,1.918003073628357,1.3746834738937947,"[""TestMutableDateTime_Basics"", ""MutableDateTime"", ""ISOChronology""]","[0.03498542274052478, 0.019054340155257588, 0.01574344023323615]","[4.066472303206997, 2.475652787579393, 0.7008746355685131]"
org.joda.time.TestMutableDateTime_Basics.testToMutableDateTime_DateTimeZone,0.03498542274052478,0.02326106770967284,0.01574344023323615,0.06978320312901852,0.020749279538904895,0.021894089708946293,0.008399836912722685,4.066472303206997,2.414333242118301,0.7008746355685131,7.2429997263549035,1.4446441656184128,1.918003073628357,1.3746834738937947,"[""TestMutableDateTime_Basics"", ""MutableDateTime"", ""ISOChronology""]","[0.03498542274052478, 0.019054340155257588, 0.01574344023323615]","[4.066472303206997, 2.475652787579393, 0.7008746355685131]"
org.joda.time.TestMutableDateTime_Basics.testGetMethods,0.03498542274052478,0.02326106770967284,0.01574344023323615,0.06978320312901852,0.020749279538904895,0.021894089708946293,0.008399836912722685,4.066472303206997,2.414333242118301,0.7008746355685131,7.2429997263549035,1.4446441656184128,1.918003073628357,1.3746834738937947,"[""TestMutableDateTime_Basics"", ""MutableDateTime"", ""ISOChronology""]","[0.03498542274052478, 0.019054340155257588, 0.01574344023323615]","[4.066472303206997, 2.475652787579393, 0.7008746355685131]"
org.joda.time.TestMutableDateTime_Basics.testToMutableDateTimeISO,0.03498542274052478,0.02326106770967284,0.01574344023323615,0.06978320312901852,0.020749279538904895,0.021894089708946293,0.008399836912722685,4.066472303206997,2.414333242118301,0.7008746355685131,7.2429997263549035,1.4446441656184128,1.918003073628357,1.3746834738937947,"[""TestMutableDateTime_Basics"", ""Object"", ""MutableDateTime"", ""ISOChronology""]","[0.03498542274052478, 0.019054340155257588, 0.01574344023323615]","[4.066472303206997, 2.475652787579393, 0.7008746355685131]"
org.joda.time.TestMutableDateTime_Basics.testRounding6,0.03498542274052478,0.02326106770967284,0.01574344023323615,0.06978320312901852,0.020749279538904895,0.021894089708946293,0.008399836912722685,4.066472303206997,2.414333242118301,0.7008746355685131,7.2429997263549035,1.4446441656184128,1.918003073628357,1.3746834738937947,"[""TestMutableDateTime_Basics"", ""MutableDateTime"", ""ISOChronology""]","[0.03498542274052478, 0.019054340155257588, 0.01574344023323615]","[4.066472303206997, 2.475652787579393, 0.7008746355685131]"
org.joda.time.TestMutableDateTime_Basics.testGet_DateTimeField,0.03498542274052478,0.02326106770967284,0.01574344023323615,0.06978320312901852,0.020749279538904895,0.021894089708946293,0.008399836912722685,4.066472303206997,2.414333242118301,0.7008746355685131,7.2429997263549035,1.4446441656184128,1.918003073628357,1.3746834738937947,"[""TestMutableDateTime_Basics"", ""MutableDateTime"", ""ISOChronology""]","[0.03498542274052478, 0.019054340155257588, 0.01574344023323615]","[4.066472303206997, 2.475652787579393, 0.7008746355685131]"
org.joda.time.TestInterval_Basics.testContains_RI,0.028210838901262063,0.023194473005065486,0.018658892128279883,0.06958341901519646,0.02254496013843397,0.02286633193168556,0.003914357117470563,5.182628062360802,2.565267903062857,0.963265306122449,7.695803709188571,1.5989029360180018,1.977884128851527,1.8661848339612217,"[""Interval"", ""TestInterval_Basics"", ""Instant""]","[0.028210838901262063, 0.022713687985654513, 0.018658892128279883]","[5.182628062360802, 1.5499103407053199, 0.963265306122449]"
org.joda.time.TestInterval_Basics.testIsBefore_RI,0.028210838901262063,0.023194473005065486,0.018658892128279883,0.06958341901519646,0.02254496013843397,0.02286633193168556,0.003914357117470563,5.182628062360802,2.565267903062857,0.963265306122449,7.695803709188571,1.5989029360180018,1.977884128851527,1.8661848339612217,"[""Interval"", ""TestInterval_Basics"", ""Instant""]","[0.028210838901262063, 0.022713687985654513, 0.018658892128279883]","[5.182628062360802, 1.5499103407053199, 0.963265306122449]"
org.joda.time.TestInterval_Basics.testWithEndInstant_RI2,0.028210838901262063,0.023194473005065486,0.018658892128279883,0.06958341901519646,0.02254496013843397,0.02286633193168556,0.003914357117470563,5.182628062360802,2.565267903062857,0.963265306122449,7.695803709188571,1.5989029360180018,1.977884128851527,1.8661848339612217,"[""Instant"", ""TestInterval_Basics"", ""Interval""]","[0.028210838901262063, 0.022713687985654513, 0.018658892128279883]","[5.182628062360802, 1.5499103407053199, 0.963265306122449]"
org.joda.time.TestInterval_Basics.testWithStartInstant_RI2,0.028210838901262063,0.023194473005065486,0.018658892128279883,0.06958341901519646,0.02254496013843397,0.02286633193168556,0.003914357117470563,5.182628062360802,2.565267903062857,0.963265306122449,7.695803709188571,1.5989029360180018,1.977884128851527,1.8661848339612217,"[""Instant"", ""TestInterval_Basics"", ""Interval""]","[0.028210838901262063, 0.022713687985654513, 0.018658892128279883]","[5.182628062360802, 1.5499103407053199, 0.963265306122449]"
org.joda.time.TestInterval_Basics.testContains_RI_zeroDuration,0.028210838901262063,0.023194473005065486,0.018658892128279883,0.06958341901519646,0.02254496013843397,0.02286633193168556,0.003914357117470563,5.182628062360802,2.565267903062857,0.963265306122449,7.695803709188571,1.5989029360180018,1.977884128851527,1.8661848339612217,"[""Interval"", ""TestInterval_Basics"", ""Instant""]","[0.028210838901262063, 0.022713687985654513, 0.018658892128279883]","[5.182628062360802, 1.5499103407053199, 0.963265306122449]"
org.joda.time.TestInterval_Basics.testIsAfter_RI,0.028210838901262063,0.023194473005065486,0.018658892128279883,0.06958341901519646,0.02254496013843397,0.02286633193168556,0.003914357117470563,5.182628062360802,2.565267903062857,0.963265306122449,7.695803709188571,1.5989029360180018,1.977884128851527,1.8661848339612217,"[""Interval"", ""TestInterval_Basics"", ""Instant""]","[0.028210838901262063, 0.022713687985654513, 0.018658892128279883]","[5.182628062360802, 1.5499103407053199, 0.963265306122449]"
org.joda.time.TestInterval_Basics.testWithStartInstant_RI1,0.028210838901262063,0.023194473005065486,0.018658892128279883,0.06958341901519646,0.02254496013843397,0.02286633193168556,0.003914357117470563,5.182628062360802,2.565267903062857,0.963265306122449,7.695803709188571,1.5989029360180018,1.977884128851527,1.8661848339612217,"[""Instant"", ""TestInterval_Basics"", ""Interval""]","[0.028210838901262063, 0.022713687985654513, 0.018658892128279883]","[5.182628062360802, 1.5499103407053199, 0.963265306122449]"
org.joda.time.TestInterval_Basics.testWithEndInstant_RI1,0.028210838901262063,0.023194473005065486,0.018658892128279883,0.06958341901519646,0.02254496013843397,0.02286633193168556,0.003914357117470563,5.182628062360802,2.565267903062857,0.963265306122449,7.695803709188571,1.5989029360180018,1.977884128851527,1.8661848339612217,"[""Instant"", ""TestInterval_Basics"", ""Interval""]","[0.028210838901262063, 0.022713687985654513, 0.018658892128279883]","[5.182628062360802, 1.5499103407053199, 0.963265306122449]"
org.joda.time.field.TestUnsupportedDateTimeField.testUnsupportedMethods,0.02142857142857143,0.013901841099390688,0.006006006006006006,0.06950920549695344,0.011409005017938201,0.012698730009225523,0.0053700248709557105,4.760714285714286,1.7652881784421293,0.0960960960960961,8.826440892210647,0.37829427195490917,0.9731197826235152,1.607987843350032,"[""UnsupportedDateTimeField"", ""UnsupportedDurationField"", ""DateTimeField"", ""System"", ""Locale"", ""TestUnsupportedDateTimeField""]","[0.02142857142857143, 0.016383850204798128, 0.01574344023323615, 0.00994733762434172, 0.006006006006006006]","[4.760714285714286, 1.406085430076068, 1.8169096209912536, 0.7466354593329433, 0.0960960960960961]"
org.joda.time.TestPeriod_Basics.testWithField1,0.030927835051546393,0.02311464655883781,0.012718600953895072,0.06934393967651342,0.020016998562271134,0.02162187071710607,0.007654951110335095,6.045521292217328,4.033496557107182,1.1764705882352942,12.100489671321547,2.4582248457887816,3.2616221466492905,2.075641909270661,"[""TestPeriod_Basics"", ""Period"", ""DurationFieldType""]","[0.030927835051546393, 0.02569750367107195, 0.012718600953895072]","[4.878497790868925, 6.045521292217328, 1.1764705882352942]"
org.joda.time.TestPeriod_Basics.testWithFieldAdded1,0.030927835051546393,0.02311464655883781,0.012718600953895072,0.06934393967651342,0.020016998562271134,0.02162187071710607,0.007654951110335095,6.045521292217328,4.033496557107182,1.1764705882352942,12.100489671321547,2.4582248457887816,3.2616221466492905,2.075641909270661,"[""TestPeriod_Basics"", ""Period"", ""DurationFieldType""]","[0.030927835051546393, 0.02569750367107195, 0.012718600953895072]","[4.878497790868925, 6.045521292217328, 1.1764705882352942]"
org.joda.time.tz.TestBuilder.testID,0.037317784256559766,0.023094158298239926,0.013888888888888888,0.06928247489471978,0.01946542042626393,0.02108111808162117,0.010201836807711017,3.7236151603498544,2.8113558650973616,1.3518518518518519,8.434067595292085,2.2970458541210315,2.5665560301246475,1.042728115382206,"[""TestBuilder"", ""DateTimeZone"", ""DateTimeZoneBuilder""]","[0.037317784256559766, 0.018075801749271137, 0.013888888888888888]","[3.358600583090379, 3.7236151603498544, 1.3518518518518519]"
org.joda.time.TestSerialization.testSerializedMutableDateTime,0.03498542274052478,0.01731053159005533,0.006006006006006006,0.06924212636022133,0.009839181558988502,0.012944082130525215,0.01216893904189438,4.066472303206997,1.6365393114964937,0.07507507507507508,6.546157245985975,0.15450155327014944,0.4940301424242714,1.6748656388643621,"[""StringBuilder"", ""ByteArrayOutputStream"", ""ObjectInputStream"", ""MutableDateTime"", ""TestSerialization"", ""FileInputStream"", ""ObjectOutputStream"", ""ByteArrayInputStream""]","[0.03498542274052478, 0.022244691607684528, 0.006006006006006006, 0.006006006006006006]","[4.066472303206997, 2.320525783619818, 0.08408408408408409, 0.07507507507507508]"
org.joda.time.TestSerialization.testSerializedMutableDateTimeProperty,0.03498542274052478,0.01731053159005533,0.006006006006006006,0.06924212636022133,0.009839181558988502,0.012944082130525215,0.01216893904189438,4.066472303206997,1.6365393114964937,0.07507507507507508,6.546157245985975,0.15450155327014944,0.4940301424242714,1.6748656388643621,"[""StringBuilder"", ""ByteArrayOutputStream"", ""ObjectInputStream"", ""MutableDateTime"", ""TestSerialization"", ""FileInputStream"", ""ObjectOutputStream"", ""ByteArrayInputStream""]","[0.03498542274052478, 0.022244691607684528, 0.006006006006006006, 0.006006006006006006]","[4.066472303206997, 2.320525783619818, 0.08408408408408409, 0.07507507507507508]"
org.joda.time.TestMonthDay_Basics.testMinusMonths_int_negativeFromLeap,0.03459119496855346,0.0230675199100305,0.01574344023323615,0.0692025597300915,0.020628820151879976,0.021740178810333688,0.008247703343692967,6.022012578616352,3.7105640818771355,0.7008746355685131,11.131692245631406,1.6486551485352314,2.649929368856814,2.2277466298149102,"[""MonthDay"", ""TestMonthDay_Basics"", ""ISOChronology""]","[0.03459119496855346, 0.018867924528301886, 0.01574344023323615]","[6.022012578616352, 4.408805031446541, 0.7008746355685131]"
org.joda.time.TestMonthDay_Basics.testMinusDays_int_negativeFromLeap,0.03459119496855346,0.0230675199100305,0.01574344023323615,0.0692025597300915,0.020628820151879976,0.021740178810333688,0.008247703343692967,6.022012578616352,3.7105640818771355,0.7008746355685131,11.131692245631406,1.6486551485352314,2.649929368856814,2.2277466298149102,"[""MonthDay"", ""TestMonthDay_Basics"", ""ISOChronology""]","[0.03459119496855346, 0.018867924528301886, 0.01574344023323615]","[6.022012578616352, 4.408805031446541, 0.7008746355685131]"
org.joda.time.TestMonthDay_Basics.testPlusMonths_int_endOfMonthAdjust,0.03459119496855346,0.0230675199100305,0.01574344023323615,0.0692025597300915,0.020628820151879976,0.021740178810333688,0.008247703343692967,6.022012578616352,3.7105640818771355,0.7008746355685131,11.131692245631406,1.6486551485352314,2.649929368856814,2.2277466298149102,"[""MonthDay"", ""TestMonthDay_Basics"", ""ISOChronology""]","[0.03459119496855346, 0.018867924528301886, 0.01574344023323615]","[6.022012578616352, 4.408805031446541, 0.7008746355685131]"
org.joda.time.TestMonthDay_Basics.testIsBefore_MD,0.03459119496855346,0.0230675199100305,0.01574344023323615,0.0692025597300915,0.020628820151879976,0.021740178810333688,0.008247703343692967,6.022012578616352,3.6876291936361247,0.632069970845481,11.062887580908374,1.51900303747365,2.5602118492550314,2.258752055235683,"[""MonthDay"", ""TestMonthDay_Basics"", ""GregorianChronology""]","[0.03459119496855346, 0.018867924528301886, 0.01574344023323615]","[6.022012578616352, 4.408805031446541, 0.632069970845481]"
org.joda.time.TestMonthDay_Basics.testMinusDays_int_fromLeap,0.03459119496855346,0.0230675199100305,0.01574344023323615,0.0692025597300915,0.020628820151879976,0.021740178810333688,0.008247703343692967,6.022012578616352,3.7105640818771355,0.7008746355685131,11.131692245631406,1.6486551485352314,2.649929368856814,2.2277466298149102,"[""MonthDay"", ""TestMonthDay_Basics"", ""ISOChronology""]","[0.03459119496855346, 0.018867924528301886, 0.01574344023323615]","[6.022012578616352, 4.408805031446541, 0.7008746355685131]"
org.joda.time.TestMonthDay_Basics.testMinusMonths_int_negativeEndOfMonthAdjust,0.03459119496855346,0.0230675199100305,0.01574344023323615,0.0692025597300915,0.020628820151879976,0.021740178810333688,0.008247703343692967,6.022012578616352,3.7105640818771355,0.7008746355685131,11.131692245631406,1.6486551485352314,2.649929368856814,2.2277466298149102,"[""MonthDay"", ""TestMonthDay_Basics"", ""ISOChronology""]","[0.03459119496855346, 0.018867924528301886, 0.01574344023323615]","[6.022012578616352, 4.408805031446541, 0.7008746355685131]"
org.joda.time.TestMonthDay_Basics.testPlusDays_int_fromLeap,0.03459119496855346,0.0230675199100305,0.01574344023323615,0.0692025597300915,0.020628820151879976,0.021740178810333688,0.008247703343692967,6.022012578616352,3.7105640818771355,0.7008746355685131,11.131692245631406,1.6486551485352314,2.649929368856814,2.2277466298149102,"[""MonthDay"", ""TestMonthDay_Basics"", ""ISOChronology""]","[0.03459119496855346, 0.018867924528301886, 0.01574344023323615]","[6.022012578616352, 4.408805031446541, 0.7008746355685131]"
org.joda.time.TestMonthDay_Basics.testIsAfter_MD,0.03459119496855346,0.0230675199100305,0.01574344023323615,0.0692025597300915,0.020628820151879976,0.021740178810333688,0.008247703343692967,6.022012578616352,3.6876291936361247,0.632069970845481,11.062887580908374,1.51900303747365,2.5602118492550314,2.258752055235683,"[""MonthDay"", ""TestMonthDay_Basics"", ""GregorianChronology""]","[0.03459119496855346, 0.018867924528301886, 0.01574344023323615]","[6.022012578616352, 4.408805031446541, 0.632069970845481]"
org.joda.time.TestMonthDay_Basics.testPlusMonths_int_negativeEndOfMonthAdjust,0.03459119496855346,0.0230675199100305,0.01574344023323615,0.0692025597300915,0.020628820151879976,0.021740178810333688,0.008247703343692967,6.022012578616352,3.7105640818771355,0.7008746355685131,11.131692245631406,1.6486551485352314,2.649929368856814,2.2277466298149102,"[""MonthDay"", ""TestMonthDay_Basics"", ""ISOChronology""]","[0.03459119496855346, 0.018867924528301886, 0.01574344023323615]","[6.022012578616352, 4.408805031446541, 0.7008746355685131]"
org.joda.time.TestMonthDay_Basics.testIsEqual_MD,0.03459119496855346,0.0230675199100305,0.01574344023323615,0.0692025597300915,0.020628820151879976,0.021740178810333688,0.008247703343692967,6.022012578616352,3.6876291936361247,0.632069970845481,11.062887580908374,1.51900303747365,2.5602118492550314,2.258752055235683,"[""MonthDay"", ""TestMonthDay_Basics"", ""GregorianChronology""]","[0.03459119496855346, 0.018867924528301886, 0.01574344023323615]","[6.022012578616352, 4.408805031446541, 0.632069970845481]"
org.joda.time.TestMonthDay_Basics.testPlusMonths_int_negativeFromLeap,0.03459119496855346,0.0230675199100305,0.01574344023323615,0.0692025597300915,0.020628820151879976,0.021740178810333688,0.008247703343692967,6.022012578616352,3.7105640818771355,0.7008746355685131,11.131692245631406,1.6486551485352314,2.649929368856814,2.2277466298149102,"[""MonthDay"", ""TestMonthDay_Basics"", ""ISOChronology""]","[0.03459119496855346, 0.018867924528301886, 0.01574344023323615]","[6.022012578616352, 4.408805031446541, 0.7008746355685131]"
org.joda.time.TestMonthDay_Basics.testPlusMonths_int_fromLeap,0.03459119496855346,0.0230675199100305,0.01574344023323615,0.0692025597300915,0.020628820151879976,0.021740178810333688,0.008247703343692967,6.022012578616352,3.7105640818771355,0.7008746355685131,11.131692245631406,1.6486551485352314,2.649929368856814,2.2277466298149102,"[""MonthDay"", ""TestMonthDay_Basics"", ""ISOChronology""]","[0.03459119496855346, 0.018867924528301886, 0.01574344023323615]","[6.022012578616352, 4.408805031446541, 0.7008746355685131]"
org.joda.time.TestMonthDay_Basics.testPlusDays_int_negativeFromLeap,0.03459119496855346,0.0230675199100305,0.01574344023323615,0.0692025597300915,0.020628820151879976,0.021740178810333688,0.008247703343692967,6.022012578616352,3.7105640818771355,0.7008746355685131,11.131692245631406,1.6486551485352314,2.649929368856814,2.2277466298149102,"[""MonthDay"", ""TestMonthDay_Basics"", ""ISOChronology""]","[0.03459119496855346, 0.018867924528301886, 0.01574344023323615]","[6.022012578616352, 4.408805031446541, 0.7008746355685131]"
org.joda.time.TestMonthDay_Basics.testMinusMonths_int_endOfMonthAdjust,0.03459119496855346,0.0230675199100305,0.01574344023323615,0.0692025597300915,0.020628820151879976,0.021740178810333688,0.008247703343692967,6.022012578616352,3.7105640818771355,0.7008746355685131,11.131692245631406,1.6486551485352314,2.649929368856814,2.2277466298149102,"[""MonthDay"", ""TestMonthDay_Basics"", ""ISOChronology""]","[0.03459119496855346, 0.018867924528301886, 0.01574344023323615]","[6.022012578616352, 4.408805031446541, 0.7008746355685131]"
org.joda.time.TestMonthDay_Basics.testMinusMonths_int_fromLeap,0.03459119496855346,0.0230675199100305,0.01574344023323615,0.0692025597300915,0.020628820151879976,0.021740178810333688,0.008247703343692967,6.022012578616352,3.7105640818771355,0.7008746355685131,11.131692245631406,1.6486551485352314,2.649929368856814,2.2277466298149102,"[""MonthDay"", ""TestMonthDay_Basics"", ""ISOChronology""]","[0.03459119496855346, 0.018867924528301886, 0.01574344023323615]","[6.022012578616352, 4.408805031446541, 0.7008746355685131]"
org.joda.time.TestPeriod_Basics.testToString_PeriodFormatter,0.030927835051546393,0.023047916049414755,0.012518409425625921,0.06914374814824427,0.01985046354817305,0.02150782708344674,0.007745621296048652,6.045521292217328,3.7883696403611027,0.4410898379970545,11.365108921083309,1.1374387345292056,2.351882605393008,2.4143594760875464,"[""PeriodFormat"", ""TestPeriod_Basics"", ""Period""]","[0.030927835051546393, 0.02569750367107195, 0.012518409425625921]","[4.878497790868925, 6.045521292217328, 0.4410898379970545]"
org.joda.time.TestStringConvert.testDateMidnight,0.03319502074688797,0.02303325043423492,0.01574344023323615,0.06909975130270476,0.02094335597887565,0.021922847823645338,0.0074083525729776965,3.8485477178423237,1.808140784470279,0.7008746355685131,5.424422353410837,1.0602639528832867,1.331420043627019,1.4445357387869486,"[""StringConvert"", ""TestStringConvert"", ""DateMidnight"", ""ISOChronology""]","[0.03319502074688797, 0.020161290322580645, 0.01574344023323615]","[3.8485477178423237, 0.875, 0.7008746355685131]"
org.joda.time.TestDateMidnight_Properties.testPropertyGetWeekOfWeekyear,0.03319502074688797,0.023023006628731076,0.016632016632016633,0.06906901988619323,0.021094124540563575,0.02198311457893465,0.00727119356926167,3.8485477178423237,2.6511327055234246,1.8302148302148302,7.953398116570273,2.4079885805414962,2.5209849747196205,0.8659212750792847,"[""TestDateMidnight_Properties"", ""DateMidnight"", ""Chronology"", ""DateMidnight$Property""]","[0.03319502074688797, 0.01924198250728863, 0.016632016632016633]","[3.8485477178423237, 2.2746355685131197, 1.8302148302148302]"
org.joda.time.TestDateMidnight_Properties.testPropertyGetDayOfYear,0.03319502074688797,0.023023006628731076,0.016632016632016633,0.06906901988619323,0.021094124540563575,0.02198311457893465,0.00727119356926167,3.8485477178423237,2.6511327055234246,1.8302148302148302,7.953398116570273,2.4079885805414962,2.5209849747196205,0.8659212750792847,"[""TestDateMidnight_Properties"", ""DateMidnight"", ""Chronology"", ""DateMidnight$Property""]","[0.03319502074688797, 0.01924198250728863, 0.016632016632016633]","[3.8485477178423237, 2.2746355685131197, 1.8302148302148302]"
org.joda.time.TestDateMidnight_Properties.testPropertyGetWeekyear,0.03319502074688797,0.023023006628731076,0.016632016632016633,0.06906901988619323,0.021094124540563575,0.02198311457893465,0.00727119356926167,3.8485477178423237,2.6511327055234246,1.8302148302148302,7.953398116570273,2.4079885805414962,2.5209849747196205,0.8659212750792847,"[""TestDateMidnight_Properties"", ""DateMidnight"", ""Chronology"", ""DateMidnight$Property""]","[0.03319502074688797, 0.01924198250728863, 0.016632016632016633]","[3.8485477178423237, 2.2746355685131197, 1.8302148302148302]"
org.joda.time.TestDateMidnight_Properties.testPropertyGetDayOfMonth,0.03319502074688797,0.023023006628731076,0.016632016632016633,0.06906901988619323,0.021094124540563575,0.02198311457893465,0.00727119356926167,3.8485477178423237,2.6511327055234246,1.8302148302148302,7.953398116570273,2.4079885805414962,2.5209849747196205,0.8659212750792847,"[""TestDateMidnight_Properties"", ""DateMidnight"", ""Chronology"", ""DateMidnight$Property""]","[0.03319502074688797, 0.01924198250728863, 0.016632016632016633]","[3.8485477178423237, 2.2746355685131197, 1.8302148302148302]"
org.joda.time.TestDateMidnight_Properties.testPropertyGetEra,0.03319502074688797,0.023023006628731076,0.016632016632016633,0.06906901988619323,0.021094124540563575,0.02198311457893465,0.00727119356926167,3.8485477178423237,2.6511327055234246,1.8302148302148302,7.953398116570273,2.4079885805414962,2.5209849747196205,0.8659212750792847,"[""TestDateMidnight_Properties"", ""DateMidnight"", ""Chronology"", ""DateMidnight$Property""]","[0.03319502074688797, 0.01924198250728863, 0.016632016632016633]","[3.8485477178423237, 2.2746355685131197, 1.8302148302148302]"
org.joda.time.TestDateMidnight_Properties.testPropertyGetYear,0.03319502074688797,0.023023006628731076,0.016632016632016633,0.06906901988619323,0.021094124540563575,0.02198311457893465,0.00727119356926167,3.8485477178423237,2.6511327055234246,1.8302148302148302,7.953398116570273,2.4079885805414962,2.5209849747196205,0.8659212750792847,"[""TestDateMidnight_Properties"", ""DateMidnight"", ""Chronology"", ""DateMidnight$Property""]","[0.03319502074688797, 0.01924198250728863, 0.016632016632016633]","[3.8485477178423237, 2.2746355685131197, 1.8302148302148302]"
org.joda.time.TestDateMidnight_Properties.testPropertyGetMonthOfYear,0.03319502074688797,0.023023006628731076,0.016632016632016633,0.06906901988619323,0.021094124540563575,0.02198311457893465,0.00727119356926167,3.8485477178423237,2.6511327055234246,1.8302148302148302,7.953398116570273,2.4079885805414962,2.5209849747196205,0.8659212750792847,"[""TestDateMidnight_Properties"", ""DateMidnight"", ""Chronology"", ""DateMidnight$Property""]","[0.03319502074688797, 0.01924198250728863, 0.016632016632016633]","[3.8485477178423237, 2.2746355685131197, 1.8302148302148302]"
org.joda.time.TestDateMidnight_Properties.testPropertyGetYearOfEra,0.03319502074688797,0.023023006628731076,0.016632016632016633,0.06906901988619323,0.021094124540563575,0.02198311457893465,0.00727119356926167,3.8485477178423237,2.6511327055234246,1.8302148302148302,7.953398116570273,2.4079885805414962,2.5209849747196205,0.8659212750792847,"[""TestDateMidnight_Properties"", ""DateMidnight"", ""Chronology"", ""DateMidnight$Property""]","[0.03319502074688797, 0.01924198250728863, 0.016632016632016633]","[3.8485477178423237, 2.2746355685131197, 1.8302148302148302]"
org.joda.time.TestDateMidnight_Properties.testPropertyGetDayOfWeek,0.03319502074688797,0.023023006628731076,0.016632016632016633,0.06906901988619323,0.021094124540563575,0.02198311457893465,0.00727119356926167,3.8485477178423237,2.6511327055234246,1.8302148302148302,7.953398116570273,2.4079885805414962,2.5209849747196205,0.8659212750792847,"[""TestDateMidnight_Properties"", ""DateMidnight"", ""Chronology"", ""DateMidnight$Property""]","[0.03319502074688797, 0.01924198250728863, 0.016632016632016633]","[3.8485477178423237, 2.2746355685131197, 1.8302148302148302]"
org.joda.time.TestDateMidnight_Properties.testPropertyGetCenturyOfEra,0.03319502074688797,0.023023006628731076,0.016632016632016633,0.06906901988619323,0.021094124540563575,0.02198311457893465,0.00727119356926167,3.8485477178423237,2.6511327055234246,1.8302148302148302,7.953398116570273,2.4079885805414962,2.5209849747196205,0.8659212750792847,"[""TestDateMidnight_Properties"", ""DateMidnight"", ""Chronology"", ""DateMidnight$Property""]","[0.03319502074688797, 0.01924198250728863, 0.016632016632016633]","[3.8485477178423237, 2.2746355685131197, 1.8302148302148302]"
org.joda.time.TestDateMidnight_Properties.testPropertyGetYearOfCentury,0.03319502074688797,0.023023006628731076,0.016632016632016633,0.06906901988619323,0.021094124540563575,0.02198311457893465,0.00727119356926167,3.8485477178423237,2.6511327055234246,1.8302148302148302,7.953398116570273,2.4079885805414962,2.5209849747196205,0.8659212750792847,"[""TestDateMidnight_Properties"", ""DateMidnight"", ""Chronology"", ""DateMidnight$Property""]","[0.03319502074688797, 0.01924198250728863, 0.016632016632016633]","[3.8485477178423237, 2.2746355685131197, 1.8302148302148302]"
org.joda.time.convert.TestStringConverter.testSetIntoPeriod_Object8,0.024303073624017155,0.022970756041643683,0.020618556701030927,0.06891226812493105,0.022843221866567617,0.022907995334003874,0.001668139750247746,3.0537555228276876,2.020318728558937,0.8513750731421884,6.06095618567681,1.5260221097647222,1.7763270919842682,0.9042092284985309,"[""MutablePeriod"", ""StringConverter"", ""TestStringConverter""]","[0.024303073624017155, 0.02399063779988297, 0.020618556701030927]","[2.1558255897069336, 0.8513750731421884, 3.0537555228276876]"
org.joda.time.TestTimeOfDay_Constructors.testConstructor_Object1,0.044386422976501305,0.022966445583188628,0.00243605359317905,0.06889933674956589,0.006271876985581971,0.013364665631814416,0.017137714637442625,4.117493472584856,2.3509979415491284,0.04506699147381242,7.052993824647385,0.13170589178351394,0.8124902332541495,1.7057563893083585,"[""TestTimeOfDay_Constructors"", ""Date"", ""TimeOfDay""]","[0.044386422976501305, 0.022076860179885527, 0.00243605359317905]","[4.117493472584856, 2.8904333605887165, 0.04506699147381242]"
org.joda.time.TestTimeOfDay_Constructors.testConstructor_Object_nullChronology,0.044386422976501305,0.022966445583188628,0.00243605359317905,0.06889933674956589,0.006271876985581971,0.013364665631814416,0.017137714637442625,4.117493472584856,2.3509979415491284,0.04506699147381242,7.052993824647385,0.13170589178351394,0.8124902332541495,1.7057563893083585,"[""TestTimeOfDay_Constructors"", ""Date"", ""TimeOfDay""]","[0.044386422976501305, 0.022076860179885527, 0.00243605359317905]","[4.117493472584856, 2.8904333605887165, 0.04506699147381242]"
org.joda.time.TestMonthDay_Constructors.testFactory_FromDateFields,0.03459119496855346,0.0229663625890041,0.006006006006006006,0.0688990877670123,0.013001510276446254,0.018049100878271582,0.012264559263730232,6.022012578616352,2.939552760307477,0.1111111111111111,8.818658280922431,0.3145174070108067,1.21574726116208,2.4197910326194636,"[""TestMonthDay_Constructors"", ""GregorianCalendar"", ""MonthDay""]","[0.03459119496855346, 0.02830188679245283, 0.006006006006006006]","[6.022012578616352, 2.6855345911949686, 0.1111111111111111]"
org.joda.time.TestMonthDay_Constructors.testFactory_FromCalendarFields,0.03459119496855346,0.0229663625890041,0.006006006006006006,0.0688990877670123,0.013001510276446254,0.018049100878271582,0.012264559263730232,6.022012578616352,2.939552760307477,0.1111111111111111,8.818658280922431,0.3145174070108067,1.21574726116208,2.4197910326194636,"[""TestMonthDay_Constructors"", ""GregorianCalendar"", ""MonthDay""]","[0.03459119496855346, 0.02830188679245283, 0.006006006006006006]","[6.022012578616352, 2.6855345911949686, 0.1111111111111111]"
org.joda.time.TestMutableDateTime_Sets.testSetMillis_RI2,0.03498542274052478,0.02290320301928615,0.016231474947071278,0.06870960905785845,0.020358486390794423,0.021496483120358355,0.008558921441903443,4.066472303206997,2.3617878969311286,1.114868804664723,7.085363690793386,1.7984708237392715,2.051341151682942,1.2477052577123025,"[""BuddhistChronology"", ""TestMutableDateTime_Sets"", ""MutableDateTime""]","[0.03498542274052478, 0.01749271137026239, 0.016231474947071278]","[4.066472303206997, 1.114868804664723, 1.9040225829216655]"
org.joda.time.TestPeriod_Basics.testSerialization,0.030927835051546393,0.01715933768365759,0.006006006006006006,0.06863735073463036,0.009894925316873204,0.01301226787946056,0.011305589471823361,6.045521292217328,2.7707945605613533,0.07507507507507508,11.083178242245413,0.15635230092885977,0.6568744355545142,2.7226625205354735,"[""ByteArrayOutputStream"", ""ObjectInputStream"", ""TestPeriod_Basics"", ""ObjectOutputStream"", ""ByteArrayInputStream"", ""Period""]","[0.030927835051546393, 0.02569750367107195, 0.006006006006006006, 0.006006006006006006]","[4.878497790868925, 6.045521292217328, 0.08408408408408409, 0.07507507507507508]"
org.joda.time.TestMutableDateTime_Basics.testToCalendar_Locale,0.03498542274052478,0.013697565700194689,0.00243605359317905,0.06848782850097344,0.00606380470057157,0.008985616526809983,0.012058272893967374,4.066472303206997,1.370891869905494,0.04506699147381242,6.8544593495274695,0.13074328240774152,0.37950416288172806,1.63138545907291,"[""Calendar"", ""MutableDateTime"", ""TestMutableDateTime_Basics"", ""TimeZone"", ""Date""]","[0.03498542274052478, 0.019054340155257588, 0.006006006006006006, 0.006006006006006006, 0.00243605359317905]","[4.066472303206997, 2.475652787579393, 0.1111111111111111, 0.15615615615615616, 0.04506699147381242]"
org.joda.time.TestMutableDateTime_Basics.testToGregorianCalendar,0.03498542274052478,0.013697565700194689,0.00243605359317905,0.06848782850097344,0.00606380470057157,0.008985616526809983,0.012058272893967374,4.066472303206997,1.3618828608964848,0.04506699147381242,6.8094143044824245,0.12243187976433831,0.35453263641814614,1.6381789569596148,"[""MutableDateTime"", ""TestMutableDateTime_Basics"", ""GregorianCalendar"", ""TimeZone"", ""Date""]","[0.03498542274052478, 0.019054340155257588, 0.006006006006006006, 0.006006006006006006, 0.00243605359317905]","[4.066472303206997, 2.475652787579393, 0.1111111111111111, 0.1111111111111111, 0.04506699147381242]"
org.joda.time.TestInterval_Basics.testWithChronology1,0.028210838901262063,0.02280574608572632,0.01749271137026239,0.06841723825717896,0.021955447133594402,0.02237966573789553,0.004376141410194976,5.182628062360802,2.615802402576948,1.114868804664723,7.8474072077308445,1.7289895971307199,2.076634798197233,1.8236887088743614,"[""BuddhistChronology"", ""TestInterval_Basics"", ""Interval""]","[0.028210838901262063, 0.022713687985654513, 0.01749271137026239]","[5.182628062360802, 1.5499103407053199, 1.114868804664723]"
org.joda.time.convert.TestStringConverter.testGetPeriodType_Object,0.024303073624017155,0.0227204203642581,0.019867549668874173,0.0681612610927743,0.022528726550533406,0.022626416019233535,0.0020213126823075277,3.7277409860191315,2.2449805496227513,0.8513750731421884,6.734941648868253,1.573408271861233,1.89842492548777,1.1759624912805953,"[""PeriodType"", ""StringConverter"", ""TestStringConverter""]","[0.024303073624017155, 0.02399063779988297, 0.019867549668874173]","[2.1558255897069336, 0.8513750731421884, 3.7277409860191315]"
org.joda.time.TestDuration_Basics.testSerialization,0.030913012221423435,0.017021484261986717,0.006006006006006006,0.06808593704794687,0.009874275216717378,0.012942250775989496,0.011201633459293269,3.7361610352264556,1.375819516121272,0.07507507507507508,5.503278064485088,0.15324250568171505,0.44129342459301213,1.4988009231959694,"[""ByteArrayOutputStream"", ""ObjectInputStream"", ""Duration"", ""TestDuration_Basics"", ""ByteArrayInputStream"", ""ObjectOutputStream""]","[0.030913012221423435, 0.02516091281451141, 0.006006006006006006, 0.006006006006006006]","[3.7361610352264556, 1.6079578700994734, 0.08408408408408409, 0.07507507507507508]"
org.joda.time.format.TestISOPeriodFormat.testFormatStandard_negative,0.030927835051546393,0.017013909860018675,0.008836524300441826,0.0680556394400747,0.013851261890697247,0.015241324951651442,0.008399652541488051,4.878497790868925,1.8555249183480995,0.6045655375552282,7.422099673392398,1.0153239247430317,1.2876071785206824,1.752802193874405,"[""TestISOPeriodFormat"", ""ISOPeriodFormat"", ""PeriodFormatter"", ""Period""]","[0.030927835051546393, 0.015772870662460567, 0.012518409425625921, 0.008836524300441826]","[4.878497790868925, 0.8801261829652997, 0.6045655375552282, 1.0589101620029455]"
org.joda.time.TestMutableDateTime_Sets.testSet_DateTimeFieldType_int1,0.03498542274052478,0.02263668714652778,0.016231474947071278,0.06791006143958334,0.01998710287012866,0.021163845793621263,0.008733908717024796,4.066472303206997,2.6931326355987966,1.9040225829216655,8.07939790679639,2.409063048023605,2.53697102740429,0.9746932441927245,"[""DateTimeFieldType"", ""TestMutableDateTime_Sets"", ""MutableDateTime""]","[0.03498542274052478, 0.016693163751987282, 0.016231474947071278]","[4.066472303206997, 2.1089030206677264, 1.9040225829216655]"
org.joda.time.TestMutableDateTime_Sets.testSet_DateTimeFieldType_int3,0.03498542274052478,0.02263668714652778,0.016231474947071278,0.06791006143958334,0.01998710287012866,0.021163845793621263,0.008733908717024796,4.066472303206997,2.6931326355987966,1.9040225829216655,8.07939790679639,2.409063048023605,2.53697102740429,0.9746932441927245,"[""DateTimeFieldType"", ""TestMutableDateTime_Sets"", ""MutableDateTime""]","[0.03498542274052478, 0.016693163751987282, 0.016231474947071278]","[4.066472303206997, 2.1089030206677264, 1.9040225829216655]"
org.joda.time.TestLocalTime_Properties.testPropertyPlusWrapFieldSecond,0.05013550135501355,0.03389927241663721,0.017663043478260868,0.06779854483327442,0.02612284798783468,0.0297581172159465,0.016236228938376344,7.333333333333333,6.032155797101449,4.730978260869565,12.064311594202898,5.751482844057361,5.8901477553377335,1.3011775362318838,"[""LocalTime$Property"", ""LocalTime"", ""TestLocalTime_Properties""]","[0.05013550135501355, 0.017663043478260868]","[7.333333333333333, 4.730978260869565]"
org.joda.time.TestLocalTime_Properties.testPropertyPlusWrapFieldMilli,0.05013550135501355,0.03389927241663721,0.017663043478260868,0.06779854483327442,0.02612284798783468,0.0297581172159465,0.016236228938376344,7.333333333333333,6.032155797101449,4.730978260869565,12.064311594202898,5.751482844057361,5.8901477553377335,1.3011775362318838,"[""LocalTime$Property"", ""LocalTime"", ""TestLocalTime_Properties""]","[0.05013550135501355, 0.017663043478260868]","[7.333333333333333, 4.730978260869565]"
org.joda.time.TestLocalTime_Properties.testPropertyWithMaxMinValueMinute,0.05013550135501355,0.03389927241663721,0.017663043478260868,0.06779854483327442,0.02612284798783468,0.0297581172159465,0.016236228938376344,7.333333333333333,6.032155797101449,4.730978260869565,12.064311594202898,5.751482844057361,5.8901477553377335,1.3011775362318838,"[""LocalTime$Property"", ""LocalTime"", ""TestLocalTime_Properties""]","[0.05013550135501355, 0.017663043478260868]","[7.333333333333333, 4.730978260869565]"
org.joda.time.TestLocalTime_Properties.testPropertyRoundHour,0.05013550135501355,0.03389927241663721,0.017663043478260868,0.06779854483327442,0.02612284798783468,0.0297581172159465,0.016236228938376344,7.333333333333333,6.032155797101449,4.730978260869565,12.064311594202898,5.751482844057361,5.8901477553377335,1.3011775362318838,"[""LocalTime$Property"", ""LocalTime"", ""TestLocalTime_Properties""]","[0.05013550135501355, 0.017663043478260868]","[7.333333333333333, 4.730978260869565]"
org.joda.time.TestLocalTime_Properties.testPropertyPlusNoWrapHour,0.05013550135501355,0.03389927241663721,0.017663043478260868,0.06779854483327442,0.02612284798783468,0.0297581172159465,0.016236228938376344,7.333333333333333,6.032155797101449,4.730978260869565,12.064311594202898,5.751482844057361,5.8901477553377335,1.3011775362318838,"[""LocalTime$Property"", ""LocalTime"", ""TestLocalTime_Properties""]","[0.05013550135501355, 0.017663043478260868]","[7.333333333333333, 4.730978260869565]"
org.joda.time.TestLocalTime_Properties.testPropertyGetMaxMinValuesSecond,0.05013550135501355,0.03389927241663721,0.017663043478260868,0.06779854483327442,0.02612284798783468,0.0297581172159465,0.016236228938376344,7.333333333333333,6.032155797101449,4.730978260869565,12.064311594202898,5.751482844057361,5.8901477553377335,1.3011775362318838,"[""LocalTime$Property"", ""LocalTime"", ""TestLocalTime_Properties""]","[0.05013550135501355, 0.017663043478260868]","[7.333333333333333, 4.730978260869565]"
org.joda.time.TestLocalTime_Properties.testPropertyGetMaxMinValuesMinute,0.05013550135501355,0.03389927241663721,0.017663043478260868,0.06779854483327442,0.02612284798783468,0.0297581172159465,0.016236228938376344,7.333333333333333,6.032155797101449,4.730978260869565,12.064311594202898,5.751482844057361,5.8901477553377335,1.3011775362318838,"[""LocalTime$Property"", ""LocalTime"", ""TestLocalTime_Properties""]","[0.05013550135501355, 0.017663043478260868]","[7.333333333333333, 4.730978260869565]"
org.joda.time.TestLocalTime_Properties.testPropertyWithMaxMinValueMilli,0.05013550135501355,0.03389927241663721,0.017663043478260868,0.06779854483327442,0.02612284798783468,0.0297581172159465,0.016236228938376344,7.333333333333333,6.032155797101449,4.730978260869565,12.064311594202898,5.751482844057361,5.8901477553377335,1.3011775362318838,"[""LocalTime$Property"", ""LocalTime"", ""TestLocalTime_Properties""]","[0.05013550135501355, 0.017663043478260868]","[7.333333333333333, 4.730978260869565]"
org.joda.time.TestLocalTime_Properties.testPropertyWithMaximumValueHour,0.05013550135501355,0.03389927241663721,0.017663043478260868,0.06779854483327442,0.02612284798783468,0.0297581172159465,0.016236228938376344,7.333333333333333,6.032155797101449,4.730978260869565,12.064311594202898,5.751482844057361,5.8901477553377335,1.3011775362318838,"[""LocalTime$Property"", ""LocalTime"", ""TestLocalTime_Properties""]","[0.05013550135501355, 0.017663043478260868]","[7.333333333333333, 4.730978260869565]"
org.joda.time.TestLocalTime_Properties.testPropertySetSecond,0.05013550135501355,0.03389927241663721,0.017663043478260868,0.06779854483327442,0.02612284798783468,0.0297581172159465,0.016236228938376344,7.333333333333333,6.032155797101449,4.730978260869565,12.064311594202898,5.751482844057361,5.8901477553377335,1.3011775362318838,"[""LocalTime$Property"", ""LocalTime"", ""TestLocalTime_Properties""]","[0.05013550135501355, 0.017663043478260868]","[7.333333333333333, 4.730978260869565]"
org.joda.time.TestLocalTime_Properties.testPropertyPlusMilli,0.05013550135501355,0.03389927241663721,0.017663043478260868,0.06779854483327442,0.02612284798783468,0.0297581172159465,0.016236228938376344,7.333333333333333,6.032155797101449,4.730978260869565,12.064311594202898,5.751482844057361,5.8901477553377335,1.3011775362318838,"[""LocalTime$Property"", ""LocalTime"", ""TestLocalTime_Properties""]","[0.05013550135501355, 0.017663043478260868]","[7.333333333333333, 4.730978260869565]"
org.joda.time.TestLocalTime_Properties.testPropertySetTextMinute,0.05013550135501355,0.03389927241663721,0.017663043478260868,0.06779854483327442,0.02612284798783468,0.0297581172159465,0.016236228938376344,7.333333333333333,6.032155797101449,4.730978260869565,12.064311594202898,5.751482844057361,5.8901477553377335,1.3011775362318838,"[""LocalTime$Property"", ""LocalTime"", ""TestLocalTime_Properties""]","[0.05013550135501355, 0.017663043478260868]","[7.333333333333333, 4.730978260869565]"
org.joda.time.TestLocalTime_Properties.testPropertyPlusNoWrapMilli,0.05013550135501355,0.03389927241663721,0.017663043478260868,0.06779854483327442,0.02612284798783468,0.0297581172159465,0.016236228938376344,7.333333333333333,6.032155797101449,4.730978260869565,12.064311594202898,5.751482844057361,5.8901477553377335,1.3011775362318838,"[""LocalTime$Property"", ""LocalTime"", ""TestLocalTime_Properties""]","[0.05013550135501355, 0.017663043478260868]","[7.333333333333333, 4.730978260869565]"
org.joda.time.TestLocalTime_Properties.testPropertyPlusHour,0.05013550135501355,0.03389927241663721,0.017663043478260868,0.06779854483327442,0.02612284798783468,0.0297581172159465,0.016236228938376344,7.333333333333333,6.032155797101449,4.730978260869565,12.064311594202898,5.751482844057361,5.8901477553377335,1.3011775362318838,"[""LocalTime$Property"", ""LocalTime"", ""TestLocalTime_Properties""]","[0.05013550135501355, 0.017663043478260868]","[7.333333333333333, 4.730978260869565]"
org.joda.time.TestLocalTime_Properties.testPropertyWithMinimumValueHour,0.05013550135501355,0.03389927241663721,0.017663043478260868,0.06779854483327442,0.02612284798783468,0.0297581172159465,0.016236228938376344,7.333333333333333,6.032155797101449,4.730978260869565,12.064311594202898,5.751482844057361,5.8901477553377335,1.3011775362318838,"[""LocalTime$Property"", ""LocalTime"", ""TestLocalTime_Properties""]","[0.05013550135501355, 0.017663043478260868]","[7.333333333333333, 4.730978260869565]"
org.joda.time.TestLocalTime_Properties.testPropertyPlusMinute,0.05013550135501355,0.03389927241663721,0.017663043478260868,0.06779854483327442,0.02612284798783468,0.0297581172159465,0.016236228938376344,7.333333333333333,6.032155797101449,4.730978260869565,12.064311594202898,5.751482844057361,5.8901477553377335,1.3011775362318838,"[""LocalTime$Property"", ""LocalTime"", ""TestLocalTime_Properties""]","[0.05013550135501355, 0.017663043478260868]","[7.333333333333333, 4.730978260869565]"
org.joda.time.TestLocalTime_Properties.testPropertySetTextSecond,0.05013550135501355,0.03389927241663721,0.017663043478260868,0.06779854483327442,0.02612284798783468,0.0297581172159465,0.016236228938376344,7.333333333333333,6.032155797101449,4.730978260869565,12.064311594202898,5.751482844057361,5.8901477553377335,1.3011775362318838,"[""LocalTime$Property"", ""LocalTime"", ""TestLocalTime_Properties""]","[0.05013550135501355, 0.017663043478260868]","[7.333333333333333, 4.730978260869565]"
org.joda.time.TestLocalTime_Properties.testPropertyPlusNoWrapMinute,0.05013550135501355,0.03389927241663721,0.017663043478260868,0.06779854483327442,0.02612284798783468,0.0297581172159465,0.016236228938376344,7.333333333333333,6.032155797101449,4.730978260869565,12.064311594202898,5.751482844057361,5.8901477553377335,1.3011775362318838,"[""LocalTime$Property"", ""LocalTime"", ""TestLocalTime_Properties""]","[0.05013550135501355, 0.017663043478260868]","[7.333333333333333, 4.730978260869565]"
org.joda.time.TestLocalTime_Properties.testPropertyGetMaxMinValuesMilli,0.05013550135501355,0.03389927241663721,0.017663043478260868,0.06779854483327442,0.02612284798783468,0.0297581172159465,0.016236228938376344,7.333333333333333,6.032155797101449,4.730978260869565,12.064311594202898,5.751482844057361,5.8901477553377335,1.3011775362318838,"[""LocalTime$Property"", ""LocalTime"", ""TestLocalTime_Properties""]","[0.05013550135501355, 0.017663043478260868]","[7.333333333333333, 4.730978260869565]"
org.joda.time.TestLocalTime_Properties.testPropertyPlusNoWrapSecond,0.05013550135501355,0.03389927241663721,0.017663043478260868,0.06779854483327442,0.02612284798783468,0.0297581172159465,0.016236228938376344,7.333333333333333,6.032155797101449,4.730978260869565,12.064311594202898,5.751482844057361,5.8901477553377335,1.3011775362318838,"[""LocalTime$Property"", ""LocalTime"", ""TestLocalTime_Properties""]","[0.05013550135501355, 0.017663043478260868]","[7.333333333333333, 4.730978260869565]"
org.joda.time.TestLocalTime_Properties.testPropertySetMilli,0.05013550135501355,0.03389927241663721,0.017663043478260868,0.06779854483327442,0.02612284798783468,0.0297581172159465,0.016236228938376344,7.333333333333333,6.032155797101449,4.730978260869565,12.064311594202898,5.751482844057361,5.8901477553377335,1.3011775362318838,"[""LocalTime$Property"", ""LocalTime"", ""TestLocalTime_Properties""]","[0.05013550135501355, 0.017663043478260868]","[7.333333333333333, 4.730978260869565]"
org.joda.time.TestLocalTime_Properties.testPropertyWithMaxMinValueHour,0.05013550135501355,0.03389927241663721,0.017663043478260868,0.06779854483327442,0.02612284798783468,0.0297581172159465,0.016236228938376344,7.333333333333333,6.032155797101449,4.730978260869565,12.064311594202898,5.751482844057361,5.8901477553377335,1.3011775362318838,"[""LocalTime$Property"", ""LocalTime"", ""TestLocalTime_Properties""]","[0.05013550135501355, 0.017663043478260868]","[7.333333333333333, 4.730978260869565]"
org.joda.time.TestLocalTime_Properties.testPropertySetTextMilli,0.05013550135501355,0.03389927241663721,0.017663043478260868,0.06779854483327442,0.02612284798783468,0.0297581172159465,0.016236228938376344,7.333333333333333,6.032155797101449,4.730978260869565,12.064311594202898,5.751482844057361,5.8901477553377335,1.3011775362318838,"[""LocalTime$Property"", ""LocalTime"", ""TestLocalTime_Properties""]","[0.05013550135501355, 0.017663043478260868]","[7.333333333333333, 4.730978260869565]"
org.joda.time.TestLocalTime_Properties.testPropertyPlusWrapFieldMinute,0.05013550135501355,0.03389927241663721,0.017663043478260868,0.06779854483327442,0.02612284798783468,0.0297581172159465,0.016236228938376344,7.333333333333333,6.032155797101449,4.730978260869565,12.064311594202898,5.751482844057361,5.8901477553377335,1.3011775362318838,"[""LocalTime$Property"", ""LocalTime"", ""TestLocalTime_Properties""]","[0.05013550135501355, 0.017663043478260868]","[7.333333333333333, 4.730978260869565]"
org.joda.time.TestLocalTime_Properties.testPropertySetTextHour,0.05013550135501355,0.03389927241663721,0.017663043478260868,0.06779854483327442,0.02612284798783468,0.0297581172159465,0.016236228938376344,7.333333333333333,6.032155797101449,4.730978260869565,12.064311594202898,5.751482844057361,5.8901477553377335,1.3011775362318838,"[""LocalTime$Property"", ""LocalTime"", ""TestLocalTime_Properties""]","[0.05013550135501355, 0.017663043478260868]","[7.333333333333333, 4.730978260869565]"
org.joda.time.TestLocalTime_Properties.testPropertyWithMaxMinValueSecond,0.05013550135501355,0.03389927241663721,0.017663043478260868,0.06779854483327442,0.02612284798783468,0.0297581172159465,0.016236228938376344,7.333333333333333,6.032155797101449,4.730978260869565,12.064311594202898,5.751482844057361,5.8901477553377335,1.3011775362318838,"[""LocalTime$Property"", ""LocalTime"", ""TestLocalTime_Properties""]","[0.05013550135501355, 0.017663043478260868]","[7.333333333333333, 4.730978260869565]"
org.joda.time.TestLocalTime_Properties.testPropertyPlusWrapFieldHour,0.05013550135501355,0.03389927241663721,0.017663043478260868,0.06779854483327442,0.02612284798783468,0.0297581172159465,0.016236228938376344,7.333333333333333,6.032155797101449,4.730978260869565,12.064311594202898,5.751482844057361,5.8901477553377335,1.3011775362318838,"[""LocalTime$Property"", ""LocalTime"", ""TestLocalTime_Properties""]","[0.05013550135501355, 0.017663043478260868]","[7.333333333333333, 4.730978260869565]"
org.joda.time.TestLocalTime_Properties.testPropertyGetMaxMinValuesHour,0.05013550135501355,0.03389927241663721,0.017663043478260868,0.06779854483327442,0.02612284798783468,0.0297581172159465,0.016236228938376344,7.333333333333333,6.032155797101449,4.730978260869565,12.064311594202898,5.751482844057361,5.8901477553377335,1.3011775362318838,"[""LocalTime$Property"", ""LocalTime"", ""TestLocalTime_Properties""]","[0.05013550135501355, 0.017663043478260868]","[7.333333333333333, 4.730978260869565]"
org.joda.time.TestLocalTime_Properties.testPropertyPlusSecond,0.05013550135501355,0.03389927241663721,0.017663043478260868,0.06779854483327442,0.02612284798783468,0.0297581172159465,0.016236228938376344,7.333333333333333,6.032155797101449,4.730978260869565,12.064311594202898,5.751482844057361,5.8901477553377335,1.3011775362318838,"[""LocalTime$Property"", ""LocalTime"", ""TestLocalTime_Properties""]","[0.05013550135501355, 0.017663043478260868]","[7.333333333333333, 4.730978260869565]"
org.joda.time.TestLocalTime_Properties.testPropertySetMinute,0.05013550135501355,0.03389927241663721,0.017663043478260868,0.06779854483327442,0.02612284798783468,0.0297581172159465,0.016236228938376344,7.333333333333333,6.032155797101449,4.730978260869565,12.064311594202898,5.751482844057361,5.8901477553377335,1.3011775362318838,"[""LocalTime$Property"", ""LocalTime"", ""TestLocalTime_Properties""]","[0.05013550135501355, 0.017663043478260868]","[7.333333333333333, 4.730978260869565]"
org.joda.time.TestLocalTime_Properties.testPropertySetHour,0.05013550135501355,0.03389927241663721,0.017663043478260868,0.06779854483327442,0.02612284798783468,0.0297581172159465,0.016236228938376344,7.333333333333333,6.032155797101449,4.730978260869565,12.064311594202898,5.751482844057361,5.8901477553377335,1.3011775362318838,"[""LocalTime$Property"", ""LocalTime"", ""TestLocalTime_Properties""]","[0.05013550135501355, 0.017663043478260868]","[7.333333333333333, 4.730978260869565]"
org.joda.time.TestMutableDateTime_Properties.testPropertyGetYearOfEra,0.03498542274052478,0.022577104758036832,0.013503909026297086,0.0677313142741105,0.019404205276066344,0.020870466103399415,0.009081341243972536,4.066472303206997,2.912802363304953,2.2746355685131197,8.738407089914858,2.7206434167753297,2.8094240516061775,0.8173034281152847,"[""TestMutableDateTime_Properties"", ""MutableDateTime$Property"", ""Chronology"", ""MutableDateTime""]","[0.03498542274052478, 0.01924198250728863, 0.013503909026297086]","[4.066472303206997, 2.2746355685131197, 2.397299218194741]"
org.joda.time.TestMutableDateTime_Properties.testPropertyGetMillisOfDay,0.03498542274052478,0.022577104758036832,0.013503909026297086,0.0677313142741105,0.019404205276066344,0.020870466103399415,0.009081341243972536,4.066472303206997,2.912802363304953,2.2746355685131197,8.738407089914858,2.7206434167753297,2.8094240516061775,0.8173034281152847,"[""TestMutableDateTime_Properties"", ""MutableDateTime$Property"", ""Chronology"", ""MutableDateTime""]","[0.03498542274052478, 0.01924198250728863, 0.013503909026297086]","[4.066472303206997, 2.2746355685131197, 2.397299218194741]"
org.joda.time.TestMutableDateTime_Properties.testPropertyGetMinuteOfHour,0.03498542274052478,0.022577104758036832,0.013503909026297086,0.0677313142741105,0.019404205276066344,0.020870466103399415,0.009081341243972536,4.066472303206997,2.912802363304953,2.2746355685131197,8.738407089914858,2.7206434167753297,2.8094240516061775,0.8173034281152847,"[""TestMutableDateTime_Properties"", ""MutableDateTime$Property"", ""Chronology"", ""MutableDateTime""]","[0.03498542274052478, 0.01924198250728863, 0.013503909026297086]","[4.066472303206997, 2.2746355685131197, 2.397299218194741]"
org.joda.time.TestMutableDateTime_Properties.testPropertyGetMinuteOfDay,0.03498542274052478,0.022577104758036832,0.013503909026297086,0.0677313142741105,0.019404205276066344,0.020870466103399415,0.009081341243972536,4.066472303206997,2.912802363304953,2.2746355685131197,8.738407089914858,2.7206434167753297,2.8094240516061775,0.8173034281152847,"[""TestMutableDateTime_Properties"", ""MutableDateTime$Property"", ""Chronology"", ""MutableDateTime""]","[0.03498542274052478, 0.01924198250728863, 0.013503909026297086]","[4.066472303206997, 2.2746355685131197, 2.397299218194741]"
org.joda.time.TestMutableDateTime_Properties.testPropertyGetEra,0.03498542274052478,0.022577104758036832,0.013503909026297086,0.0677313142741105,0.019404205276066344,0.020870466103399415,0.009081341243972536,4.066472303206997,2.912802363304953,2.2746355685131197,8.738407089914858,2.7206434167753297,2.8094240516061775,0.8173034281152847,"[""TestMutableDateTime_Properties"", ""MutableDateTime$Property"", ""Chronology"", ""MutableDateTime""]","[0.03498542274052478, 0.01924198250728863, 0.013503909026297086]","[4.066472303206997, 2.2746355685131197, 2.397299218194741]"
org.joda.time.TestMutableDateTime_Properties.testPropertyGetWeekyear,0.03498542274052478,0.022577104758036832,0.013503909026297086,0.0677313142741105,0.019404205276066344,0.020870466103399415,0.009081341243972536,4.066472303206997,2.912802363304953,2.2746355685131197,8.738407089914858,2.7206434167753297,2.8094240516061775,0.8173034281152847,"[""TestMutableDateTime_Properties"", ""MutableDateTime$Property"", ""Chronology"", ""MutableDateTime""]","[0.03498542274052478, 0.01924198250728863, 0.013503909026297086]","[4.066472303206997, 2.2746355685131197, 2.397299218194741]"
org.joda.time.TestMutableDateTime_Properties.testPropertyGetDayOfMonth,0.03498542274052478,0.022577104758036832,0.013503909026297086,0.0677313142741105,0.019404205276066344,0.020870466103399415,0.009081341243972536,4.066472303206997,2.912802363304953,2.2746355685131197,8.738407089914858,2.7206434167753297,2.8094240516061775,0.8173034281152847,"[""TestMutableDateTime_Properties"", ""MutableDateTime$Property"", ""Chronology"", ""MutableDateTime""]","[0.03498542274052478, 0.01924198250728863, 0.013503909026297086]","[4.066472303206997, 2.2746355685131197, 2.397299218194741]"
org.joda.time.TestMutableDateTime_Properties.testPropertyGetDayOfYear,0.03498542274052478,0.022577104758036832,0.013503909026297086,0.0677313142741105,0.019404205276066344,0.020870466103399415,0.009081341243972536,4.066472303206997,2.912802363304953,2.2746355685131197,8.738407089914858,2.7206434167753297,2.8094240516061775,0.8173034281152847,"[""TestMutableDateTime_Properties"", ""MutableDateTime$Property"", ""Chronology"", ""MutableDateTime""]","[0.03498542274052478, 0.01924198250728863, 0.013503909026297086]","[4.066472303206997, 2.2746355685131197, 2.397299218194741]"
org.joda.time.TestMutableDateTime_Properties.testPropertyGetYear,0.03498542274052478,0.022577104758036832,0.013503909026297086,0.0677313142741105,0.019404205276066344,0.020870466103399415,0.009081341243972536,4.066472303206997,2.912802363304953,2.2746355685131197,8.738407089914858,2.7206434167753297,2.8094240516061775,0.8173034281152847,"[""TestMutableDateTime_Properties"", ""MutableDateTime$Property"", ""Chronology"", ""MutableDateTime""]","[0.03498542274052478, 0.01924198250728863, 0.013503909026297086]","[4.066472303206997, 2.2746355685131197, 2.397299218194741]"
org.joda.time.TestMutableDateTime_Properties.testPropertyGetSecondOfDay,0.03498542274052478,0.022577104758036832,0.013503909026297086,0.0677313142741105,0.019404205276066344,0.020870466103399415,0.009081341243972536,4.066472303206997,2.912802363304953,2.2746355685131197,8.738407089914858,2.7206434167753297,2.8094240516061775,0.8173034281152847,"[""TestMutableDateTime_Properties"", ""MutableDateTime$Property"", ""Chronology"", ""MutableDateTime""]","[0.03498542274052478, 0.01924198250728863, 0.013503909026297086]","[4.066472303206997, 2.2746355685131197, 2.397299218194741]"
org.joda.time.TestMutableDateTime_Properties.testPropertyGetMillisOfSecond,0.03498542274052478,0.022577104758036832,0.013503909026297086,0.0677313142741105,0.019404205276066344,0.020870466103399415,0.009081341243972536,4.066472303206997,2.912802363304953,2.2746355685131197,8.738407089914858,2.7206434167753297,2.8094240516061775,0.8173034281152847,"[""TestMutableDateTime_Properties"", ""MutableDateTime$Property"", ""Chronology"", ""MutableDateTime""]","[0.03498542274052478, 0.01924198250728863, 0.013503909026297086]","[4.066472303206997, 2.2746355685131197, 2.397299218194741]"
org.joda.time.TestMutableDateTime_Properties.testPropertyGetHourOfDay,0.03498542274052478,0.022577104758036832,0.013503909026297086,0.0677313142741105,0.019404205276066344,0.020870466103399415,0.009081341243972536,4.066472303206997,2.912802363304953,2.2746355685131197,8.738407089914858,2.7206434167753297,2.8094240516061775,0.8173034281152847,"[""TestMutableDateTime_Properties"", ""MutableDateTime$Property"", ""Chronology"", ""MutableDateTime""]","[0.03498542274052478, 0.01924198250728863, 0.013503909026297086]","[4.066472303206997, 2.2746355685131197, 2.397299218194741]"
org.joda.time.TestMutableDateTime_Properties.testPropertyGetYearOfCentury,0.03498542274052478,0.022577104758036832,0.013503909026297086,0.0677313142741105,0.019404205276066344,0.020870466103399415,0.009081341243972536,4.066472303206997,2.912802363304953,2.2746355685131197,8.738407089914858,2.7206434167753297,2.8094240516061775,0.8173034281152847,"[""TestMutableDateTime_Properties"", ""MutableDateTime$Property"", ""Chronology"", ""MutableDateTime""]","[0.03498542274052478, 0.01924198250728863, 0.013503909026297086]","[4.066472303206997, 2.2746355685131197, 2.397299218194741]"
org.joda.time.TestMutableDateTime_Properties.testPropertyGetDayOfWeek,0.03498542274052478,0.022577104758036832,0.013503909026297086,0.0677313142741105,0.019404205276066344,0.020870466103399415,0.009081341243972536,4.066472303206997,2.912802363304953,2.2746355685131197,8.738407089914858,2.7206434167753297,2.8094240516061775,0.8173034281152847,"[""TestMutableDateTime_Properties"", ""MutableDateTime$Property"", ""Chronology"", ""MutableDateTime""]","[0.03498542274052478, 0.01924198250728863, 0.013503909026297086]","[4.066472303206997, 2.2746355685131197, 2.397299218194741]"
org.joda.time.TestMutableDateTime_Properties.testPropertyGetCenturyOfEra,0.03498542274052478,0.022577104758036832,0.013503909026297086,0.0677313142741105,0.019404205276066344,0.020870466103399415,0.009081341243972536,4.066472303206997,2.912802363304953,2.2746355685131197,8.738407089914858,2.7206434167753297,2.8094240516061775,0.8173034281152847,"[""TestMutableDateTime_Properties"", ""MutableDateTime$Property"", ""Chronology"", ""MutableDateTime""]","[0.03498542274052478, 0.01924198250728863, 0.013503909026297086]","[4.066472303206997, 2.2746355685131197, 2.397299218194741]"
org.joda.time.TestMutableDateTime_Properties.testPropertyGetWeekOfWeekyear,0.03498542274052478,0.022577104758036832,0.013503909026297086,0.0677313142741105,0.019404205276066344,0.020870466103399415,0.009081341243972536,4.066472303206997,2.912802363304953,2.2746355685131197,8.738407089914858,2.7206434167753297,2.8094240516061775,0.8173034281152847,"[""TestMutableDateTime_Properties"", ""MutableDateTime$Property"", ""Chronology"", ""MutableDateTime""]","[0.03498542274052478, 0.01924198250728863, 0.013503909026297086]","[4.066472303206997, 2.2746355685131197, 2.397299218194741]"
org.joda.time.TestMutableDateTime_Properties.testPropertyGetMonthOfYear,0.03498542274052478,0.022577104758036832,0.013503909026297086,0.0677313142741105,0.019404205276066344,0.020870466103399415,0.009081341243972536,4.066472303206997,2.912802363304953,2.2746355685131197,8.738407089914858,2.7206434167753297,2.8094240516061775,0.8173034281152847,"[""TestMutableDateTime_Properties"", ""MutableDateTime$Property"", ""Chronology"", ""MutableDateTime""]","[0.03498542274052478, 0.01924198250728863, 0.013503909026297086]","[4.066472303206997, 2.2746355685131197, 2.397299218194741]"
org.joda.time.TestMutableDateTime_Properties.testPropertyGetSecondOfMinute,0.03498542274052478,0.022577104758036832,0.013503909026297086,0.0677313142741105,0.019404205276066344,0.020870466103399415,0.009081341243972536,4.066472303206997,2.912802363304953,2.2746355685131197,8.738407089914858,2.7206434167753297,2.8094240516061775,0.8173034281152847,"[""TestMutableDateTime_Properties"", ""MutableDateTime$Property"", ""Chronology"", ""MutableDateTime""]","[0.03498542274052478, 0.01924198250728863, 0.013503909026297086]","[4.066472303206997, 2.2746355685131197, 2.397299218194741]"
org.joda.time.chrono.TestGJChronology.testFactory_Zone_long_int,0.02507288629737609,0.02254616132167152,0.018658892128279883,0.06763848396501457,0.02217184463412094,0.022363338585913103,0.002789640445948945,2.896209912536443,2.101457725947522,0.963265306122449,6.304373177842566,1.6737060337812097,1.8964681966687227,0.8256440347672898,"[""TestGJChronology"", ""Object"", ""GJChronology"", ""Instant""]","[0.02507288629737609, 0.0239067055393586, 0.018658892128279883]","[2.896209912536443, 2.4448979591836735, 0.963265306122449]"
org.joda.time.TestSerialization.testSerializedDateMidnight,0.03319502074688797,0.01686293109164613,0.006006006006006006,0.06745172436658452,0.009802010526022666,0.012775200194292437,0.011526557849042043,3.8485477178423237,1.5820581651553254,0.07507507507507508,6.3282326606213015,0.15441849866492482,0.48727396955274305,1.5966553868406435,"[""StringBuilder"", ""ByteArrayOutputStream"", ""DateMidnight"", ""ObjectInputStream"", ""TestSerialization"", ""FileInputStream"", ""ObjectOutputStream"", ""ByteArrayInputStream""]","[0.03319502074688797, 0.022244691607684528, 0.006006006006006006, 0.006006006006006006]","[3.8485477178423237, 2.320525783619818, 0.08408408408408409, 0.07507507507507508]"
org.joda.time.TestSerialization.testSerializedDateMidnightProperty,0.03319502074688797,0.01686293109164613,0.006006006006006006,0.06745172436658452,0.009802010526022666,0.012775200194292437,0.011526557849042043,3.8485477178423237,1.5820581651553254,0.07507507507507508,6.3282326606213015,0.15441849866492482,0.48727396955274305,1.5966553868406435,"[""StringBuilder"", ""ByteArrayOutputStream"", ""DateMidnight"", ""ObjectInputStream"", ""TestSerialization"", ""FileInputStream"", ""ObjectOutputStream"", ""ByteArrayInputStream""]","[0.03319502074688797, 0.022244691607684528, 0.006006006006006006, 0.006006006006006006]","[3.8485477178423237, 2.320525783619818, 0.08408408408408409, 0.07507507507507508]"
org.joda.time.TestYearMonth_Properties.testPropertyEquals,0.029333333333333333,0.022430224452809146,0.016,0.06729067335842744,0.021106877552698664,0.021761410552185254,0.005453571258415655,5.344,2.7156682001951764,0.8456712672521958,8.147004600585529,1.595305536796537,2.0681289100830793,1.9131203437821842,"[""YearMonth$Property"", ""TestYearMonth_Properties"", ""YearMonth"", ""CopticChronology""]","[0.029333333333333333, 0.021957340025094103, 0.016]","[5.344, 0.8456712672521958, 1.9573333333333334]"
org.joda.time.convert.TestConverterManager.testGetIntervalConverter,0.022713687985654513,0.016787008322209772,0.006606606606606606,0.06714803328883909,0.01319875008829051,0.015152922532349799,0.006336702224057779,3.695496783416726,1.7046529230150942,0.15015015015015015,6.818611692060377,0.4831786171703627,1.0517963776371655,1.2731045844970477,"[""TestConverterManager"", ""IntervalConverter"", ""Interval"", ""ConverterManager"", ""Long""]","[0.022713687985654513, 0.021443888491779844, 0.016383850204798128, 0.006606606606606606]","[1.5499103407053199, 3.695496783416726, 1.4230544177881803, 0.15015015015015015]"
org.joda.time.TestDays.testToStandardWeeks,0.025559105431309903,0.022364217252396165,0.020766773162939296,0.0670926517571885,0.022151224707135247,0.022255015232851807,0.002259127096442644,2.7939297124600637,2.531948881789137,2.36741214057508,7.595846645367411,2.518718010633029,2.5252244956420604,0.18726242319131425,"[""Days"", ""Weeks"", ""TestDays""]","[0.025559105431309903, 0.020766773162939296, 0.020766773162939296]","[2.7939297124600637, 2.36741214057508, 2.4345047923322682]"
org.joda.time.TestDays.testToStandardSeconds,0.025559105431309903,0.022364217252396165,0.020766773162939296,0.0670926517571885,0.022151224707135247,0.022255015232851807,0.002259127096442644,2.7939297124600637,2.5223642172523957,2.3386581469648564,7.5670926517571875,2.5077833360445427,2.514959242098625,0.1959719512202123,"[""Days"", ""Seconds"", ""TestDays""]","[0.025559105431309903, 0.020766773162939296, 0.020766773162939296]","[2.7939297124600637, 2.3386581469648564, 2.4345047923322682]"
org.joda.time.TestDays.testToStandardMinutes,0.025559105431309903,0.022364217252396165,0.020766773162939296,0.0670926517571885,0.022151224707135247,0.022255015232851807,0.002259127096442644,2.7939297124600637,2.5223642172523957,2.3386581469648564,7.5670926517571875,2.5077833360445427,2.514959242098625,0.1959719512202123,"[""Days"", ""TestDays"", ""Minutes""]","[0.025559105431309903, 0.020766773162939296, 0.020766773162939296]","[2.7939297124600637, 2.3386581469648564, 2.4345047923322682]"
org.joda.time.TestDays.testToStandardHours,0.025559105431309903,0.022364217252396165,0.020766773162939296,0.0670926517571885,0.022151224707135247,0.022255015232851807,0.002259127096442644,2.7939297124600637,2.5537806176783815,2.4329073482428116,7.661341853035144,2.542996075411155,2.548300034242498,0.16981230569906858,"[""Days"", ""Hours"", ""TestDays""]","[0.025559105431309903, 0.020766773162939296, 0.020766773162939296]","[2.7939297124600637, 2.4345047923322682, 2.4329073482428116]"
org.joda.time.TestMutableDateTime_Sets.testSetZoneRetainFields_DateTimeZone3,0.03498542274052478,0.022320112640277404,0.01574344023323615,0.06696033792083221,0.019517203267533926,0.02075462625906011,0.008957942636641824,4.066472303206997,2.2008549523247143,0.632069970845481,6.602564856974143,1.2748486225047524,1.6977941149526228,1.4177122267410565,"[""TestMutableDateTime_Sets"", ""MutableDateTime"", ""GregorianChronology""]","[0.03498542274052478, 0.016231474947071278, 0.01574344023323615]","[4.066472303206997, 1.9040225829216655, 0.632069970845481]"
org.joda.time.TestMutableDateTime_Sets.testSetZoneRetainFields_DateTimeZone1,0.03498542274052478,0.022320112640277404,0.01574344023323615,0.06696033792083221,0.019517203267533926,0.02075462625906011,0.008957942636641824,4.066472303206997,2.223789840565725,0.7008746355685131,6.671369521697176,1.3649355758068988,1.7572899245796172,1.3924798596746508,"[""TestMutableDateTime_Sets"", ""MutableDateTime"", ""ISOChronology""]","[0.03498542274052478, 0.016231474947071278, 0.01574344023323615]","[4.066472303206997, 1.9040225829216655, 0.7008746355685131]"
org.joda.time.TestMutableDateTime_Sets.testSetZone_DateTimeZone1,0.03498542274052478,0.022320112640277404,0.01574344023323615,0.06696033792083221,0.019517203267533926,0.02075462625906011,0.008957942636641824,4.066472303206997,2.223789840565725,0.7008746355685131,6.671369521697176,1.3649355758068988,1.7572899245796172,1.3924798596746508,"[""TestMutableDateTime_Sets"", ""MutableDateTime"", ""ISOChronology""]","[0.03498542274052478, 0.016231474947071278, 0.01574344023323615]","[4.066472303206997, 1.9040225829216655, 0.7008746355685131]"
org.joda.time.TestMutableDateTime_Sets.testSetMillis_long1,0.03498542274052478,0.022320112640277404,0.01574344023323615,0.06696033792083221,0.019517203267533926,0.02075462625906011,0.008957942636641824,4.066472303206997,2.223789840565725,0.7008746355685131,6.671369521697176,1.3649355758068988,1.7572899245796172,1.3924798596746508,"[""TestMutableDateTime_Sets"", ""MutableDateTime"", ""ISOChronology""]","[0.03498542274052478, 0.016231474947071278, 0.01574344023323615]","[4.066472303206997, 1.9040225829216655, 0.7008746355685131]"
org.joda.time.TestMutableDateTime_Sets.testSetChronology_Chronology2,0.03498542274052478,0.022320112640277404,0.01574344023323615,0.06696033792083221,0.019517203267533926,0.02075462625906011,0.008957942636641824,4.066472303206997,2.223789840565725,0.7008746355685131,6.671369521697176,1.3649355758068988,1.7572899245796172,1.3924798596746508,"[""TestMutableDateTime_Sets"", ""MutableDateTime"", ""ISOChronology""]","[0.03498542274052478, 0.016231474947071278, 0.01574344023323615]","[4.066472303206997, 1.9040225829216655, 0.7008746355685131]"
org.joda.time.TestMutableDateTime_Sets.testSetChronology_Chronology1,0.03498542274052478,0.022320112640277404,0.01574344023323615,0.06696033792083221,0.019517203267533926,0.02075462625906011,0.008957942636641824,4.066472303206997,2.2008549523247143,0.632069970845481,6.602564856974143,1.2748486225047524,1.6977941149526228,1.4177122267410565,"[""TestMutableDateTime_Sets"", ""MutableDateTime"", ""GregorianChronology""]","[0.03498542274052478, 0.016231474947071278, 0.01574344023323615]","[4.066472303206997, 1.9040225829216655, 0.632069970845481]"
org.joda.time.TestMutableDateTime_Sets.testSetZone_DateTimeZone2,0.03498542274052478,0.022320112640277404,0.01574344023323615,0.06696033792083221,0.019517203267533926,0.02075462625906011,0.008957942636641824,4.066472303206997,2.223789840565725,0.7008746355685131,6.671369521697176,1.3649355758068988,1.7572899245796172,1.3924798596746508,"[""TestMutableDateTime_Sets"", ""MutableDateTime"", ""ISOChronology""]","[0.03498542274052478, 0.016231474947071278, 0.01574344023323615]","[4.066472303206997, 1.9040225829216655, 0.7008746355685131]"
org.joda.time.TestMutableDateTime_Adds.testAdd_long1,0.03498542274052478,0.022320112640277404,0.01574344023323615,0.06696033792083221,0.019517203267533926,0.02075462625906011,0.008957942636641824,4.066472303206997,1.924330889730628,0.7008746355685131,5.772992669191884,1.1248222599293558,1.4204776079857309,1.5198242730793132,"[""TestMutableDateTime_Adds"", ""MutableDateTime"", ""ISOChronology""]","[0.03498542274052478, 0.016231474947071278, 0.01574344023323615]","[4.066472303206997, 1.0056457304163726, 0.7008746355685131]"
org.joda.time.TestMutableDateTime_Sets.testSetZoneRetainFields_DateTimeZone2,0.03498542274052478,0.022320112640277404,0.01574344023323615,0.06696033792083221,0.019517203267533926,0.02075462625906011,0.008957942636641824,4.066472303206997,2.223789840565725,0.7008746355685131,6.671369521697176,1.3649355758068988,1.7572899245796172,1.3924798596746508,"[""TestMutableDateTime_Sets"", ""MutableDateTime"", ""ISOChronology""]","[0.03498542274052478, 0.016231474947071278, 0.01574344023323615]","[4.066472303206997, 1.9040225829216655, 0.7008746355685131]"
org.joda.time.convert.TestStringConverter.testSetIntoIntervalEx_Object_Chronology2,0.024303073624017155,0.0222744329970482,0.01852958756724447,0.0668232989911446,0.021930188848085713,0.022106649036661125,0.0026510758201017193,2.1558255897069336,1.4275845206109945,0.8513750731421884,4.282753561832983,1.238439363911203,1.3278357049859686,0.543282000451846,"[""MutableInterval"", ""StringConverter"", ""TestStringConverter""]","[0.024303073624017155, 0.02399063779988297, 0.01852958756724447]","[2.1558255897069336, 0.8513750731421884, 1.2755528989838614]"
org.joda.time.convert.TestStringConverter.testSetIntoIntervalEx_Object_Chronology5,0.024303073624017155,0.0222744329970482,0.01852958756724447,0.0668232989911446,0.021930188848085713,0.022106649036661125,0.0026510758201017193,2.1558255897069336,1.4275845206109945,0.8513750731421884,4.282753561832983,1.238439363911203,1.3278357049859686,0.543282000451846,"[""MutableInterval"", ""StringConverter"", ""TestStringConverter""]","[0.024303073624017155, 0.02399063779988297, 0.01852958756724447]","[2.1558255897069336, 0.8513750731421884, 1.2755528989838614]"
org.joda.time.convert.TestStringConverter.testSetIntoIntervalEx_Object_Chronology4,0.024303073624017155,0.0222744329970482,0.01852958756724447,0.0668232989911446,0.021930188848085713,0.022106649036661125,0.0026510758201017193,2.1558255897069336,1.4275845206109945,0.8513750731421884,4.282753561832983,1.238439363911203,1.3278357049859686,0.543282000451846,"[""MutableInterval"", ""StringConverter"", ""TestStringConverter""]","[0.024303073624017155, 0.02399063779988297, 0.01852958756724447]","[2.1558255897069336, 0.8513750731421884, 1.2755528989838614]"
org.joda.time.convert.TestStringConverter.testSetIntoIntervalEx_Object_Chronology3,0.024303073624017155,0.0222744329970482,0.01852958756724447,0.0668232989911446,0.021930188848085713,0.022106649036661125,0.0026510758201017193,2.1558255897069336,1.4275845206109945,0.8513750731421884,4.282753561832983,1.238439363911203,1.3278357049859686,0.543282000451846,"[""MutableInterval"", ""StringConverter"", ""TestStringConverter""]","[0.024303073624017155, 0.02399063779988297, 0.01852958756724447]","[2.1558255897069336, 0.8513750731421884, 1.2755528989838614]"
org.joda.time.convert.TestStringConverter.testSetIntoIntervalEx_Object_Chronology1,0.024303073624017155,0.0222744329970482,0.01852958756724447,0.0668232989911446,0.021930188848085713,0.022106649036661125,0.0026510758201017193,2.1558255897069336,1.4275845206109945,0.8513750731421884,4.282753561832983,1.238439363911203,1.3278357049859686,0.543282000451846,"[""MutableInterval"", ""StringConverter"", ""TestStringConverter""]","[0.024303073624017155, 0.02399063779988297, 0.01852958756724447]","[2.1558255897069336, 0.8513750731421884, 1.2755528989838614]"
org.joda.time.TestInterval_Basics.testWithChronology2,0.028210838901262063,0.022222655706717578,0.01574344023323615,0.06666796712015273,0.0209801649512644,0.021607329700960447,0.0051016233959457835,5.182628062360802,2.477804346211545,0.7008746355685131,7.433413038634635,1.324538634470705,1.7789578320064126,1.9437539125331507,"[""TestInterval_Basics"", ""ISOChronology"", ""Interval""]","[0.028210838901262063, 0.022713687985654513, 0.01574344023323615]","[5.182628062360802, 1.5499103407053199, 0.7008746355685131]"
org.joda.time.TestMutableInterval_Basics.testContainsNow,0.027149321266968326,0.02218109678477734,0.01852958756724447,0.06654329035433203,0.02162479377276804,0.02189492263808453,0.0036400784405171407,1.8293591654247392,1.5316308906787555,1.2755528989838614,4.594892672036266,1.498678956445982,1.5149304335777443,0.22800059173311082,"[""MutableInterval"", ""TestMutableInterval_Basics"", ""DateTimeUtils""]","[0.027149321266968326, 0.020864381520119227, 0.01852958756724447]","[1.4899806076276665, 1.8293591654247392, 1.2755528989838614]"
org.joda.time.TestMutableInterval_Basics.testIsBeforeNow,0.027149321266968326,0.02218109678477734,0.01852958756724447,0.06654329035433203,0.02162479377276804,0.02189492263808453,0.0036400784405171407,1.8293591654247392,1.5316308906787555,1.2755528989838614,4.594892672036266,1.498678956445982,1.5149304335777443,0.22800059173311082,"[""MutableInterval"", ""TestMutableInterval_Basics"", ""DateTimeUtils""]","[0.027149321266968326, 0.020864381520119227, 0.01852958756724447]","[1.4899806076276665, 1.8293591654247392, 1.2755528989838614]"
org.joda.time.TestMutableInterval_Basics.testIsAfterNow,0.027149321266968326,0.02218109678477734,0.01852958756724447,0.06654329035433203,0.02162479377276804,0.02189492263808453,0.0036400784405171407,1.8293591654247392,1.5316308906787555,1.2755528989838614,4.594892672036266,1.498678956445982,1.5149304335777443,0.22800059173311082,"[""MutableInterval"", ""TestMutableInterval_Basics"", ""DateTimeUtils""]","[0.027149321266968326, 0.020864381520119227, 0.01852958756724447]","[1.4899806076276665, 1.8293591654247392, 1.2755528989838614]"
org.joda.time.TestTimeOfDay_Constructors.testConstructor_ObjectString1,0.044386422976501305,0.033231641578193416,0.022076860179885527,0.06646328315638683,0.029487344211743538,0.03130355976462545,0.01115478139830789,4.117493472584856,3.503963416586786,2.8904333605887165,7.007926833173572,3.3965367443130035,3.4498319517283087,0.6135300559980699,"[""TestTimeOfDay_Constructors"", ""TimeOfDay""]","[0.044386422976501305, 0.022076860179885527]","[4.117493472584856, 2.8904333605887165]"
org.joda.time.TestTimeOfDay_Constructors.testConstructor_ObjectString3,0.044386422976501305,0.033231641578193416,0.022076860179885527,0.06646328315638683,0.029487344211743538,0.03130355976462545,0.01115478139830789,4.117493472584856,3.503963416586786,2.8904333605887165,7.007926833173572,3.3965367443130035,3.4498319517283087,0.6135300559980699,"[""TestTimeOfDay_Constructors"", ""TimeOfDay""]","[0.044386422976501305, 0.022076860179885527]","[4.117493472584856, 2.8904333605887165]"
org.joda.time.TestTimeOfDay_Constructors.testConstructor_long1,0.044386422976501305,0.033231641578193416,0.022076860179885527,0.06646328315638683,0.029487344211743538,0.03130355976462545,0.01115478139830789,4.117493472584856,3.503963416586786,2.8904333605887165,7.007926833173572,3.3965367443130035,3.4498319517283087,0.6135300559980699,"[""TestTimeOfDay_Constructors"", ""TimeOfDay""]","[0.044386422976501305, 0.022076860179885527]","[4.117493472584856, 2.8904333605887165]"
org.joda.time.TestTimeOfDay_Constructors.testConstructor_int_int_int,0.044386422976501305,0.033231641578193416,0.022076860179885527,0.06646328315638683,0.029487344211743538,0.03130355976462545,0.01115478139830789,4.117493472584856,3.503963416586786,2.8904333605887165,7.007926833173572,3.3965367443130035,3.4498319517283087,0.6135300559980699,"[""TestTimeOfDay_Constructors"", ""TimeOfDay""]","[0.044386422976501305, 0.022076860179885527]","[4.117493472584856, 2.8904333605887165]"
org.joda.time.TestTimeOfDay_Constructors.testConstructor_ObjectString6,0.044386422976501305,0.033231641578193416,0.022076860179885527,0.06646328315638683,0.029487344211743538,0.03130355976462545,0.01115478139830789,4.117493472584856,3.503963416586786,2.8904333605887165,7.007926833173572,3.3965367443130035,3.4498319517283087,0.6135300559980699,"[""TestTimeOfDay_Constructors"", ""TimeOfDay""]","[0.044386422976501305, 0.022076860179885527]","[4.117493472584856, 2.8904333605887165]"
org.joda.time.TestTimeOfDay_Constructors.testConstructor_nullChronology,0.044386422976501305,0.033231641578193416,0.022076860179885527,0.06646328315638683,0.029487344211743538,0.03130355976462545,0.01115478139830789,4.117493472584856,3.503963416586786,2.8904333605887165,7.007926833173572,3.3965367443130035,3.4498319517283087,0.6135300559980699,"[""TestTimeOfDay_Constructors"", ""TimeOfDay""]","[0.044386422976501305, 0.022076860179885527]","[4.117493472584856, 2.8904333605887165]"
org.joda.time.TestTimeOfDay_Constructors.testFactoryMillisOfDay_long_nullChronology,0.044386422976501305,0.033231641578193416,0.022076860179885527,0.06646328315638683,0.029487344211743538,0.03130355976462545,0.01115478139830789,4.117493472584856,3.503963416586786,2.8904333605887165,7.007926833173572,3.3965367443130035,3.4498319517283087,0.6135300559980699,"[""TestTimeOfDay_Constructors"", ""TimeOfDay""]","[0.044386422976501305, 0.022076860179885527]","[4.117493472584856, 2.8904333605887165]"
org.joda.time.TestTimeOfDay_Constructors.testConstructor_int_int_int_int_nullChronology,0.044386422976501305,0.033231641578193416,0.022076860179885527,0.06646328315638683,0.029487344211743538,0.03130355976462545,0.01115478139830789,4.117493472584856,3.503963416586786,2.8904333605887165,7.007926833173572,3.3965367443130035,3.4498319517283087,0.6135300559980699,"[""TestTimeOfDay_Constructors"", ""TimeOfDay""]","[0.044386422976501305, 0.022076860179885527]","[4.117493472584856, 2.8904333605887165]"
org.joda.time.TestTimeOfDay_Constructors.testConstantMidnight,0.044386422976501305,0.033231641578193416,0.022076860179885527,0.06646328315638683,0.029487344211743538,0.03130355976462545,0.01115478139830789,4.117493472584856,3.503963416586786,2.8904333605887165,7.007926833173572,3.3965367443130035,3.4498319517283087,0.6135300559980699,"[""TestTimeOfDay_Constructors"", ""TimeOfDay""]","[0.044386422976501305, 0.022076860179885527]","[4.117493472584856, 2.8904333605887165]"
org.joda.time.TestTimeOfDay_Constructors.testConstructor_int_int_nullChronology,0.044386422976501305,0.033231641578193416,0.022076860179885527,0.06646328315638683,0.029487344211743538,0.03130355976462545,0.01115478139830789,4.117493472584856,3.503963416586786,2.8904333605887165,7.007926833173572,3.3965367443130035,3.4498319517283087,0.6135300559980699,"[""TestTimeOfDay_Constructors"", ""TimeOfDay""]","[0.044386422976501305, 0.022076860179885527]","[4.117493472584856, 2.8904333605887165]"
org.joda.time.TestTimeOfDay_Constructors.testFactory_FromDateFields_null,0.044386422976501305,0.033231641578193416,0.022076860179885527,0.06646328315638683,0.029487344211743538,0.03130355976462545,0.01115478139830789,4.117493472584856,3.503963416586786,2.8904333605887165,7.007926833173572,3.3965367443130035,3.4498319517283087,0.6135300559980699,"[""TestTimeOfDay_Constructors"", ""TimeOfDay""]","[0.044386422976501305, 0.022076860179885527]","[4.117493472584856, 2.8904333605887165]"
org.joda.time.TestTimeOfDay_Constructors.testConstructor_long_nullChronology,0.044386422976501305,0.033231641578193416,0.022076860179885527,0.06646328315638683,0.029487344211743538,0.03130355976462545,0.01115478139830789,4.117493472584856,3.503963416586786,2.8904333605887165,7.007926833173572,3.3965367443130035,3.4498319517283087,0.6135300559980699,"[""TestTimeOfDay_Constructors"", ""TimeOfDay""]","[0.044386422976501305, 0.022076860179885527]","[4.117493472584856, 2.8904333605887165]"
org.joda.time.TestTimeOfDay_Constructors.testFactoryMillisOfDay_long1,0.044386422976501305,0.033231641578193416,0.022076860179885527,0.06646328315638683,0.029487344211743538,0.03130355976462545,0.01115478139830789,4.117493472584856,3.503963416586786,2.8904333605887165,7.007926833173572,3.3965367443130035,3.4498319517283087,0.6135300559980699,"[""TestTimeOfDay_Constructors"", ""TimeOfDay""]","[0.044386422976501305, 0.022076860179885527]","[4.117493472584856, 2.8904333605887165]"
org.joda.time.TestTimeOfDay_Constructors.testConstructor_ObjectString5,0.044386422976501305,0.033231641578193416,0.022076860179885527,0.06646328315638683,0.029487344211743538,0.03130355976462545,0.01115478139830789,4.117493472584856,3.503963416586786,2.8904333605887165,7.007926833173572,3.3965367443130035,3.4498319517283087,0.6135300559980699,"[""TestTimeOfDay_Constructors"", ""TimeOfDay""]","[0.044386422976501305, 0.022076860179885527]","[4.117493472584856, 2.8904333605887165]"
org.joda.time.TestTimeOfDay_Constructors.testConstructor_ObjectString2,0.044386422976501305,0.033231641578193416,0.022076860179885527,0.06646328315638683,0.029487344211743538,0.03130355976462545,0.01115478139830789,4.117493472584856,3.503963416586786,2.8904333605887165,7.007926833173572,3.3965367443130035,3.4498319517283087,0.6135300559980699,"[""TestTimeOfDay_Constructors"", ""TimeOfDay""]","[0.044386422976501305, 0.022076860179885527]","[4.117493472584856, 2.8904333605887165]"
org.joda.time.TestTimeOfDay_Constructors.testConstructor2_Object_Chronology,0.044386422976501305,0.033231641578193416,0.022076860179885527,0.06646328315638683,0.029487344211743538,0.03130355976462545,0.01115478139830789,4.117493472584856,3.503963416586786,2.8904333605887165,7.007926833173572,3.3965367443130035,3.4498319517283087,0.6135300559980699,"[""TestTimeOfDay_Constructors"", ""TimeOfDay""]","[0.044386422976501305, 0.022076860179885527]","[4.117493472584856, 2.8904333605887165]"
org.joda.time.TestTimeOfDay_Constructors.testConstructor_ObjectStringEx4,0.044386422976501305,0.033231641578193416,0.022076860179885527,0.06646328315638683,0.029487344211743538,0.03130355976462545,0.01115478139830789,4.117493472584856,3.503963416586786,2.8904333605887165,7.007926833173572,3.3965367443130035,3.4498319517283087,0.6135300559980699,"[""TestTimeOfDay_Constructors"", ""TimeOfDay""]","[0.044386422976501305, 0.022076860179885527]","[4.117493472584856, 2.8904333605887165]"
org.joda.time.TestTimeOfDay_Constructors.testConstructor,0.044386422976501305,0.033231641578193416,0.022076860179885527,0.06646328315638683,0.029487344211743538,0.03130355976462545,0.01115478139830789,4.117493472584856,3.503963416586786,2.8904333605887165,7.007926833173572,3.3965367443130035,3.4498319517283087,0.6135300559980699,"[""TestTimeOfDay_Constructors"", ""TimeOfDay""]","[0.044386422976501305, 0.022076860179885527]","[4.117493472584856, 2.8904333605887165]"
org.joda.time.TestTimeOfDay_Constructors.testConstructor_ObjectString4,0.044386422976501305,0.033231641578193416,0.022076860179885527,0.06646328315638683,0.029487344211743538,0.03130355976462545,0.01115478139830789,4.117493472584856,3.503963416586786,2.8904333605887165,7.007926833173572,3.3965367443130035,3.4498319517283087,0.6135300559980699,"[""TestTimeOfDay_Constructors"", ""TimeOfDay""]","[0.044386422976501305, 0.022076860179885527]","[4.117493472584856, 2.8904333605887165]"
org.joda.time.TestTimeOfDay_Constructors.testConstructor_ObjectStringEx1,0.044386422976501305,0.033231641578193416,0.022076860179885527,0.06646328315638683,0.029487344211743538,0.03130355976462545,0.01115478139830789,4.117493472584856,3.503963416586786,2.8904333605887165,7.007926833173572,3.3965367443130035,3.4498319517283087,0.6135300559980699,"[""TestTimeOfDay_Constructors"", ""TimeOfDay""]","[0.044386422976501305, 0.022076860179885527]","[4.117493472584856, 2.8904333605887165]"
org.joda.time.TestTimeOfDay_Constructors.testConstructor_long2,0.044386422976501305,0.033231641578193416,0.022076860179885527,0.06646328315638683,0.029487344211743538,0.03130355976462545,0.01115478139830789,4.117493472584856,3.503963416586786,2.8904333605887165,7.007926833173572,3.3965367443130035,3.4498319517283087,0.6135300559980699,"[""TestTimeOfDay_Constructors"", ""TimeOfDay""]","[0.044386422976501305, 0.022076860179885527]","[4.117493472584856, 2.8904333605887165]"
org.joda.time.TestTimeOfDay_Constructors.testConstructor_nullObject,0.044386422976501305,0.033231641578193416,0.022076860179885527,0.06646328315638683,0.029487344211743538,0.03130355976462545,0.01115478139830789,4.117493472584856,3.503963416586786,2.8904333605887165,7.007926833173572,3.3965367443130035,3.4498319517283087,0.6135300559980699,"[""TestTimeOfDay_Constructors"", ""TimeOfDay""]","[0.044386422976501305, 0.022076860179885527]","[4.117493472584856, 2.8904333605887165]"
org.joda.time.TestTimeOfDay_Constructors.testConstructor_int_int,0.044386422976501305,0.033231641578193416,0.022076860179885527,0.06646328315638683,0.029487344211743538,0.03130355976462545,0.01115478139830789,4.117493472584856,3.503963416586786,2.8904333605887165,7.007926833173572,3.3965367443130035,3.4498319517283087,0.6135300559980699,"[""TestTimeOfDay_Constructors"", ""TimeOfDay""]","[0.044386422976501305, 0.022076860179885527]","[4.117493472584856, 2.8904333605887165]"
org.joda.time.TestTimeOfDay_Constructors.testConstructor_int_int_int_int,0.044386422976501305,0.033231641578193416,0.022076860179885527,0.06646328315638683,0.029487344211743538,0.03130355976462545,0.01115478139830789,4.117493472584856,3.503963416586786,2.8904333605887165,7.007926833173572,3.3965367443130035,3.4498319517283087,0.6135300559980699,"[""TestTimeOfDay_Constructors"", ""TimeOfDay""]","[0.044386422976501305, 0.022076860179885527]","[4.117493472584856, 2.8904333605887165]"
org.joda.time.TestTimeOfDay_Constructors.testConstructor_nullObject_nullChronology,0.044386422976501305,0.033231641578193416,0.022076860179885527,0.06646328315638683,0.029487344211743538,0.03130355976462545,0.01115478139830789,4.117493472584856,3.503963416586786,2.8904333605887165,7.007926833173572,3.3965367443130035,3.4498319517283087,0.6135300559980699,"[""TestTimeOfDay_Constructors"", ""TimeOfDay""]","[0.044386422976501305, 0.022076860179885527]","[4.117493472584856, 2.8904333605887165]"
org.joda.time.TestTimeOfDay_Constructors.testConstructor_int_int_int_nullChronology,0.044386422976501305,0.033231641578193416,0.022076860179885527,0.06646328315638683,0.029487344211743538,0.03130355976462545,0.01115478139830789,4.117493472584856,3.503963416586786,2.8904333605887165,7.007926833173572,3.3965367443130035,3.4498319517283087,0.6135300559980699,"[""TestTimeOfDay_Constructors"", ""TimeOfDay""]","[0.044386422976501305, 0.022076860179885527]","[4.117493472584856, 2.8904333605887165]"
org.joda.time.TestTimeOfDay_Constructors.testConstructor_ObjectStringEx3,0.044386422976501305,0.033231641578193416,0.022076860179885527,0.06646328315638683,0.029487344211743538,0.03130355976462545,0.01115478139830789,4.117493472584856,3.503963416586786,2.8904333605887165,7.007926833173572,3.3965367443130035,3.4498319517283087,0.6135300559980699,"[""TestTimeOfDay_Constructors"", ""TimeOfDay""]","[0.044386422976501305, 0.022076860179885527]","[4.117493472584856, 2.8904333605887165]"
org.joda.time.TestTimeOfDay_Constructors.testConstructor_ObjectStringEx2,0.044386422976501305,0.033231641578193416,0.022076860179885527,0.06646328315638683,0.029487344211743538,0.03130355976462545,0.01115478139830789,4.117493472584856,3.503963416586786,2.8904333605887165,7.007926833173572,3.3965367443130035,3.4498319517283087,0.6135300559980699,"[""TestTimeOfDay_Constructors"", ""TimeOfDay""]","[0.044386422976501305, 0.022076860179885527]","[4.117493472584856, 2.8904333605887165]"
org.joda.time.format.TestISOPeriodFormatParsing.testParseStandard8,0.030927835051546393,0.01655501275189482,0.008836524300441826,0.06622005100757929,0.01346201435288295,0.014777111852614044,0.008504407156463965,4.878497790868925,1.8645874492618268,0.6045655375552282,7.458349797047307,1.0270411061607752,1.3006654884319044,1.747822289841098,"[""ISOPeriodFormat"", ""Period"", ""PeriodFormatter"", ""TestISOPeriodFormatParsing""]","[0.030927835051546393, 0.013937282229965157, 0.012518409425625921, 0.008836524300441826]","[4.878497790868925, 0.9163763066202091, 0.6045655375552282, 1.0589101620029455]"
org.joda.time.format.TestISOPeriodFormatParsing.testParseStandard6,0.030927835051546393,0.01655501275189482,0.008836524300441826,0.06622005100757929,0.01346201435288295,0.014777111852614044,0.008504407156463965,4.878497790868925,1.8645874492618268,0.6045655375552282,7.458349797047307,1.0270411061607752,1.3006654884319044,1.747822289841098,"[""ISOPeriodFormat"", ""Period"", ""PeriodFormatter"", ""TestISOPeriodFormatParsing""]","[0.030927835051546393, 0.013937282229965157, 0.012518409425625921, 0.008836524300441826]","[4.878497790868925, 0.9163763066202091, 0.6045655375552282, 1.0589101620029455]"
org.joda.time.format.TestISOPeriodFormatParsing.testParseStandard7,0.030927835051546393,0.01655501275189482,0.008836524300441826,0.06622005100757929,0.01346201435288295,0.014777111852614044,0.008504407156463965,4.878497790868925,1.8645874492618268,0.6045655375552282,7.458349797047307,1.0270411061607752,1.3006654884319044,1.747822289841098,"[""ISOPeriodFormat"", ""Period"", ""PeriodFormatter"", ""TestISOPeriodFormatParsing""]","[0.030927835051546393, 0.013937282229965157, 0.012518409425625921, 0.008836524300441826]","[4.878497790868925, 0.9163763066202091, 0.6045655375552282, 1.0589101620029455]"
org.joda.time.format.TestISOPeriodFormatParsing.testParseStandard9,0.030927835051546393,0.01655501275189482,0.008836524300441826,0.06622005100757929,0.01346201435288295,0.014777111852614044,0.008504407156463965,4.878497790868925,1.8645874492618268,0.6045655375552282,7.458349797047307,1.0270411061607752,1.3006654884319044,1.747822289841098,"[""ISOPeriodFormat"", ""Period"", ""PeriodFormatter"", ""TestISOPeriodFormatParsing""]","[0.030927835051546393, 0.013937282229965157, 0.012518409425625921, 0.008836524300441826]","[4.878497790868925, 0.9163763066202091, 0.6045655375552282, 1.0589101620029455]"
org.joda.time.format.TestISOPeriodFormatParsing.testParseStandard3,0.030927835051546393,0.01655501275189482,0.008836524300441826,0.06622005100757929,0.01346201435288295,0.014777111852614044,0.008504407156463965,4.878497790868925,1.8645874492618268,0.6045655375552282,7.458349797047307,1.0270411061607752,1.3006654884319044,1.747822289841098,"[""ISOPeriodFormat"", ""Period"", ""PeriodFormatter"", ""TestISOPeriodFormatParsing""]","[0.030927835051546393, 0.013937282229965157, 0.012518409425625921, 0.008836524300441826]","[4.878497790868925, 0.9163763066202091, 0.6045655375552282, 1.0589101620029455]"
org.joda.time.format.TestISOPeriodFormatParsing.testParseStandard4,0.030927835051546393,0.01655501275189482,0.008836524300441826,0.06622005100757929,0.01346201435288295,0.014777111852614044,0.008504407156463965,4.878497790868925,1.8645874492618268,0.6045655375552282,7.458349797047307,1.0270411061607752,1.3006654884319044,1.747822289841098,"[""ISOPeriodFormat"", ""Period"", ""PeriodFormatter"", ""TestISOPeriodFormatParsing""]","[0.030927835051546393, 0.013937282229965157, 0.012518409425625921, 0.008836524300441826]","[4.878497790868925, 0.9163763066202091, 0.6045655375552282, 1.0589101620029455]"
org.joda.time.format.TestISOPeriodFormatParsing.testParseStandard5,0.030927835051546393,0.01655501275189482,0.008836524300441826,0.06622005100757929,0.01346201435288295,0.014777111852614044,0.008504407156463965,4.878497790868925,1.8645874492618268,0.6045655375552282,7.458349797047307,1.0270411061607752,1.3006654884319044,1.747822289841098,"[""ISOPeriodFormat"", ""Period"", ""PeriodFormatter"", ""TestISOPeriodFormatParsing""]","[0.030927835051546393, 0.013937282229965157, 0.012518409425625921, 0.008836524300441826]","[4.878497790868925, 0.9163763066202091, 0.6045655375552282, 1.0589101620029455]"
org.joda.time.format.TestISOPeriodFormatParsing.testParseStandard2,0.030927835051546393,0.01655501275189482,0.008836524300441826,0.06622005100757929,0.01346201435288295,0.014777111852614044,0.008504407156463965,4.878497790868925,1.8645874492618268,0.6045655375552282,7.458349797047307,1.0270411061607752,1.3006654884319044,1.747822289841098,"[""ISOPeriodFormat"", ""Period"", ""PeriodFormatter"", ""TestISOPeriodFormatParsing""]","[0.030927835051546393, 0.013937282229965157, 0.012518409425625921, 0.008836524300441826]","[4.878497790868925, 0.9163763066202091, 0.6045655375552282, 1.0589101620029455]"
org.joda.time.format.TestISOPeriodFormatParsing.testParseStandard1,0.030927835051546393,0.01655501275189482,0.008836524300441826,0.06622005100757929,0.01346201435288295,0.014777111852614044,0.008504407156463965,4.878497790868925,1.8645874492618268,0.6045655375552282,7.458349797047307,1.0270411061607752,1.3006654884319044,1.747822289841098,"[""ISOPeriodFormat"", ""Period"", ""PeriodFormatter"", ""TestISOPeriodFormatParsing""]","[0.030927835051546393, 0.013937282229965157, 0.012518409425625921, 0.008836524300441826]","[4.878497790868925, 0.9163763066202091, 0.6045655375552282, 1.0589101620029455]"
org.joda.time.format.TestISOPeriodFormatParsing.testParseStandard10,0.030927835051546393,0.01655501275189482,0.008836524300441826,0.06622005100757929,0.01346201435288295,0.014777111852614044,0.008504407156463965,4.878497790868925,1.8645874492618268,0.6045655375552282,7.458349797047307,1.0270411061607752,1.3006654884319044,1.747822289841098,"[""ISOPeriodFormat"", ""Period"", ""PeriodFormatter"", ""TestISOPeriodFormatParsing""]","[0.030927835051546393, 0.013937282229965157, 0.012518409425625921, 0.008836524300441826]","[4.878497790868925, 0.9163763066202091, 0.6045655375552282, 1.0589101620029455]"
org.joda.time.format.TestISOPeriodFormatParsing.testParseStandard11,0.030927835051546393,0.01655501275189482,0.008836524300441826,0.06622005100757929,0.01346201435288295,0.014777111852614044,0.008504407156463965,4.878497790868925,1.8645874492618268,0.6045655375552282,7.458349797047307,1.0270411061607752,1.3006654884319044,1.747822289841098,"[""ISOPeriodFormat"", ""Period"", ""PeriodFormatter"", ""TestISOPeriodFormatParsing""]","[0.030927835051546393, 0.013937282229965157, 0.012518409425625921, 0.008836524300441826]","[4.878497790868925, 0.9163763066202091, 0.6045655375552282, 1.0589101620029455]"
org.joda.time.TestMonths.testGetPeriodType,0.025559105431309903,0.02206447608770779,0.019867549668874173,0.06619342826312337,0.02180039594736229,0.021929041965099795,0.0024981962039230584,3.7277409860191315,2.681877453273683,1.987220447284345,8.045632359821049,2.4988850470242316,2.5845855475648714,0.752711744191837,"[""PeriodType"", ""Months"", ""TestMonths""]","[0.025559105431309903, 0.020766773162939296, 0.019867549668874173]","[2.330670926517572, 1.987220447284345, 3.7277409860191315]"
org.joda.time.TestDays.testGetPeriodType,0.025559105431309903,0.02206447608770779,0.019867549668874173,0.06619342826312337,0.02180039594736229,0.021929041965099795,0.0024981962039230584,3.7277409860191315,2.9853918302704883,2.4345047923322682,8.956175490811464,2.893130794764707,2.937811633446574,0.5450432827355769,"[""Days"", ""PeriodType"", ""TestDays""]","[0.025559105431309903, 0.020766773162939296, 0.019867549668874173]","[2.7939297124600637, 2.4345047923322682, 3.7277409860191315]"
org.joda.time.TestMonthDay_Basics.testWithFieldAdded_unknownField,0.03459119496855346,0.02205924015025014,0.012718600953895072,0.06617772045075042,0.018687619452112975,0.0202477302219228,0.009210174221359248,6.022012578616352,3.869096066099395,1.1764705882352942,11.607288198298185,2.4137559536715316,3.14930369033699,2.014660206353017,"[""MonthDay"", ""TestMonthDay_Basics"", ""DurationFieldType""]","[0.03459119496855346, 0.018867924528301886, 0.012718600953895072]","[6.022012578616352, 4.408805031446541, 1.1764705882352942]"
org.joda.time.TestMonthDay_Basics.testWithFieldAdded_zero,0.03459119496855346,0.02205924015025014,0.012718600953895072,0.06617772045075042,0.018687619452112975,0.0202477302219228,0.009210174221359248,6.022012578616352,3.869096066099395,1.1764705882352942,11.607288198298185,2.4137559536715316,3.14930369033699,2.014660206353017,"[""MonthDay"", ""TestMonthDay_Basics"", ""DurationFieldType""]","[0.03459119496855346, 0.018867924528301886, 0.012718600953895072]","[6.022012578616352, 4.408805031446541, 1.1764705882352942]"
org.joda.time.TestMonthDay_Basics.testWithFieldAdded,0.03459119496855346,0.02205924015025014,0.012718600953895072,0.06617772045075042,0.018687619452112975,0.0202477302219228,0.009210174221359248,6.022012578616352,3.869096066099395,1.1764705882352942,11.607288198298185,2.4137559536715316,3.14930369033699,2.014660206353017,"[""MonthDay"", ""TestMonthDay_Basics"", ""DurationFieldType""]","[0.03459119496855346, 0.018867924528301886, 0.012718600953895072]","[6.022012578616352, 4.408805031446541, 1.1764705882352942]"
org.joda.time.TestMutableDateTime_Basics.testSerialization,0.03498542274052478,0.016512943726948597,0.006006006006006006,0.06605177490779439,0.009660323352489994,0.012452688974852135,0.011921437174858227,4.066472303206997,1.6753210624863875,0.07507507507507508,6.70128424994555,0.15466286657397932,0.5020873522961199,1.6919631695053943,"[""ByteArrayOutputStream"", ""ObjectInputStream"", ""MutableDateTime"", ""TestMutableDateTime_Basics"", ""ObjectOutputStream"", ""ByteArrayInputStream""]","[0.03498542274052478, 0.019054340155257588, 0.006006006006006006, 0.006006006006006006]","[4.066472303206997, 2.475652787579393, 0.08408408408408409, 0.07507507507507508]"
org.joda.time.TestMutableDateTime_Constructors.testConstructor_Object_nullDateTimeZone,0.03498542274052478,0.016466952500944595,0.00243605359317905,0.06586781000377838,0.006880843540448847,0.011425995923943232,0.011773821329688995,4.066472303206997,1.6134775122024154,0.04506699147381242,6.453910048809662,0.16345817602025925,0.6776245739971056,1.5256739542715618,"[""TestMutableDateTime_Constructors"", ""Date"", ""MutableDateTime"", ""ISOChronology""]","[0.03498542274052478, 0.01574344023323615, 0.012702893436838392, 0.00243605359317905]","[4.066472303206997, 0.7008746355685131, 1.6414961185603387, 0.04506699147381242]"
org.joda.time.TestMutableDateTime_Constructors.testConstructor_Object_DateTimeZone,0.03498542274052478,0.016466952500944595,0.00243605359317905,0.06586781000377838,0.006880843540448847,0.011425995923943232,0.011773821329688995,4.066472303206997,1.6134775122024154,0.04506699147381242,6.453910048809662,0.16345817602025925,0.6776245739971056,1.5256739542715618,"[""TestMutableDateTime_Constructors"", ""Date"", ""MutableDateTime"", ""ISOChronology""]","[0.03498542274052478, 0.01574344023323615, 0.012702893436838392, 0.00243605359317905]","[4.066472303206997, 0.7008746355685131, 1.6414961185603387, 0.04506699147381242]"
org.joda.time.TestMutableDateTime_Constructors.testConstructor_Object,0.03498542274052478,0.016466952500944595,0.00243605359317905,0.06586781000377838,0.006880843540448847,0.011425995923943232,0.011773821329688995,4.066472303206997,1.6134775122024154,0.04506699147381242,6.453910048809662,0.16345817602025925,0.6776245739971056,1.5256739542715618,"[""TestMutableDateTime_Constructors"", ""Date"", ""MutableDateTime"", ""ISOChronology""]","[0.03498542274052478, 0.01574344023323615, 0.012702893436838392, 0.00243605359317905]","[4.066472303206997, 0.7008746355685131, 1.6414961185603387, 0.04506699147381242]"
org.joda.time.TestMutableDateTime_Constructors.testConstructor_Object_nullChronology,0.03498542274052478,0.016466952500944595,0.00243605359317905,0.06586781000377838,0.006880843540448847,0.011425995923943232,0.011773821329688995,4.066472303206997,1.6134775122024154,0.04506699147381242,6.453910048809662,0.16345817602025925,0.6776245739971056,1.5256739542715618,"[""TestMutableDateTime_Constructors"", ""Date"", ""MutableDateTime"", ""ISOChronology""]","[0.03498542274052478, 0.01574344023323615, 0.012702893436838392, 0.00243605359317905]","[4.066472303206997, 0.7008746355685131, 1.6414961185603387, 0.04506699147381242]"
org.joda.time.TestMutableDateTime_Constructors.testConstructor_Object_Chronology,0.03498542274052478,0.016466952500944595,0.00243605359317905,0.06586781000377838,0.006880843540448847,0.011425995923943232,0.011773821329688995,4.066472303206997,1.5962763460216574,0.04506699147381242,6.385105384086629,0.1624272725755918,0.660344174514428,1.5362175375162832,"[""TestMutableDateTime_Constructors"", ""Date"", ""MutableDateTime"", ""GregorianChronology""]","[0.03498542274052478, 0.01574344023323615, 0.012702893436838392, 0.00243605359317905]","[4.066472303206997, 0.632069970845481, 1.6414961185603387, 0.04506699147381242]"
org.joda.time.TestDateTimeZone.testForOffsetHours_int,0.037317784256559766,0.032875258286393615,0.028432732316227463,0.06575051657278723,0.03227492727686451,0.032573709804096476,0.0044425259701661515,3.550624133148405,3.454612358119392,3.358600583090379,6.909224716238784,3.4519439658401385,3.453277904242143,0.09601177502901304,"[""DateTimeZone"", ""TestDateTimeZone""]","[0.037317784256559766, 0.028432732316227463]","[3.358600583090379, 3.550624133148405]"
org.joda.time.TestDateTimeZone.testConstructor,0.037317784256559766,0.032875258286393615,0.028432732316227463,0.06575051657278723,0.03227492727686451,0.032573709804096476,0.0044425259701661515,3.550624133148405,3.454612358119392,3.358600583090379,6.909224716238784,3.4519439658401385,3.453277904242143,0.09601177502901304,"[""Constructor"", ""Modifier"", ""TestDateTimeZone"", ""DateTimeZone"", ""Class"", ""TestDateTimeZone$3""]","[0.037317784256559766, 0.028432732316227463]","[3.358600583090379, 3.550624133148405]"
org.joda.time.TestDateTimeZone.testForID_String,0.037317784256559766,0.032875258286393615,0.028432732316227463,0.06575051657278723,0.03227492727686451,0.032573709804096476,0.0044425259701661515,3.550624133148405,3.454612358119392,3.358600583090379,6.909224716238784,3.4519439658401385,3.453277904242143,0.09601177502901304,"[""DateTimeZone"", ""TestDateTimeZone""]","[0.037317784256559766, 0.028432732316227463]","[3.358600583090379, 3.550624133148405]"
org.joda.time.TestDateTimeZone.testGetShortNameNullKey,0.037317784256559766,0.032875258286393615,0.028432732316227463,0.06575051657278723,0.03227492727686451,0.032573709804096476,0.0044425259701661515,3.550624133148405,3.454612358119392,3.358600583090379,6.909224716238784,3.4519439658401385,3.453277904242143,0.09601177502901304,"[""TestDateTimeZone$MockDateTimeZone"", ""TestDateTimeZone"", ""DateTimeZone""]","[0.037317784256559766, 0.028432732316227463]","[3.358600583090379, 3.550624133148405]"
org.joda.time.TestDateTimeZone.testGetNameNullKey,0.037317784256559766,0.032875258286393615,0.028432732316227463,0.06575051657278723,0.03227492727686451,0.032573709804096476,0.0044425259701661515,3.550624133148405,3.454612358119392,3.358600583090379,6.909224716238784,3.4519439658401385,3.453277904242143,0.09601177502901304,"[""TestDateTimeZone$MockDateTimeZone"", ""TestDateTimeZone"", ""DateTimeZone""]","[0.037317784256559766, 0.028432732316227463]","[3.358600583090379, 3.550624133148405]"
org.joda.time.TestDateTimeZone.testToString,0.037317784256559766,0.032875258286393615,0.028432732316227463,0.06575051657278723,0.03227492727686451,0.032573709804096476,0.0044425259701661515,3.550624133148405,3.454612358119392,3.358600583090379,6.909224716238784,3.4519439658401385,3.453277904242143,0.09601177502901304,"[""DateTimeZone"", ""TestDateTimeZone""]","[0.037317784256559766, 0.028432732316227463]","[3.358600583090379, 3.550624133148405]"
org.joda.time.TestDateTimeZone.testForOffsetMillis_int,0.037317784256559766,0.032875258286393615,0.028432732316227463,0.06575051657278723,0.03227492727686451,0.032573709804096476,0.0044425259701661515,3.550624133148405,3.454612358119392,3.358600583090379,6.909224716238784,3.4519439658401385,3.453277904242143,0.09601177502901304,"[""DateTimeZone"", ""TestDateTimeZone""]","[0.037317784256559766, 0.028432732316227463]","[3.358600583090379, 3.550624133148405]"
org.joda.time.TestDateTimeZone.testProvider,0.037317784256559766,0.032875258286393615,0.028432732316227463,0.06575051657278723,0.03227492727686451,0.032573709804096476,0.0044425259701661515,3.550624133148405,3.454612358119392,3.358600583090379,6.909224716238784,3.4519439658401385,3.453277904242143,0.09601177502901304,"[""HashSet"", ""Object"", ""TestDateTimeZone"", ""Properties"", ""System"", ""DateTimeZone"", ""TestDateTimeZone$MockNoUTCProvider"", ""TestDateTimeZone$MockBadUTCProvider"", ""TestDateTimeZone$MockEmptyIDSProvider"", ""Set"", ""TestDateTimeZone$MockOKProvider"", ""TestDateTimeZone$MockNullIDSProvider""]","[0.037317784256559766, 0.028432732316227463]","[3.358600583090379, 3.550624133148405]"
org.joda.time.TestDateTimeZone.testGetMillisKeepLocal,0.037317784256559766,0.032875258286393615,0.028432732316227463,0.06575051657278723,0.03227492727686451,0.032573709804096476,0.0044425259701661515,3.550624133148405,3.454612358119392,3.358600583090379,6.909224716238784,3.4519439658401385,3.453277904242143,0.09601177502901304,"[""DateTimeZone"", ""TestDateTimeZone""]","[0.037317784256559766, 0.028432732316227463]","[3.358600583090379, 3.550624133148405]"
org.joda.time.TestDateTimeZone.testForOffsetHoursMinutes_int_int,0.037317784256559766,0.032875258286393615,0.028432732316227463,0.06575051657278723,0.03227492727686451,0.032573709804096476,0.0044425259701661515,3.550624133148405,3.454612358119392,3.358600583090379,6.909224716238784,3.4519439658401385,3.453277904242143,0.09601177502901304,"[""DateTimeZone"", ""TestDateTimeZone""]","[0.037317784256559766, 0.028432732316227463]","[3.358600583090379, 3.550624133148405]"
org.joda.time.TestDateTimeZone.testEqualsHashCode,0.037317784256559766,0.032875258286393615,0.028432732316227463,0.06575051657278723,0.03227492727686451,0.032573709804096476,0.0044425259701661515,3.550624133148405,3.454612358119392,3.358600583090379,6.909224716238784,3.4519439658401385,3.453277904242143,0.09601177502901304,"[""DateTimeZone"", ""TestDateTimeZone""]","[0.037317784256559766, 0.028432732316227463]","[3.358600583090379, 3.550624133148405]"
org.joda.time.TestDateTimeZone.testProviderSecurity,0.037317784256559766,0.032875258286393615,0.028432732316227463,0.06575051657278723,0.03227492727686451,0.032573709804096476,0.0044425259701661515,3.550624133148405,3.454612358119392,3.358600583090379,6.909224716238784,3.4519439658401385,3.453277904242143,0.09601177502901304,"[""SecurityManager"", ""TestDateTimeZone"", ""Object"", ""System"", ""DateTimeZone"", ""Policy"", ""Set"", ""TestDateTimeZone$MockOKProvider"", ""HashSet""]","[0.037317784256559766, 0.028432732316227463]","[3.358600583090379, 3.550624133148405]"
org.joda.time.TestDateTimeZone.testNameProvider,0.037317784256559766,0.032875258286393615,0.028432732316227463,0.06575051657278723,0.03227492727686451,0.032573709804096476,0.0044425259701661515,3.550624133148405,3.454612358119392,3.358600583090379,6.909224716238784,3.4519439658401385,3.453277904242143,0.09601177502901304,"[""Object"", ""TestDateTimeZone$MockOKButNullNameProvider"", ""TestDateTimeZone"", ""Properties"", ""System"", ""DateTimeZone""]","[0.037317784256559766, 0.028432732316227463]","[3.358600583090379, 3.550624133148405]"
org.joda.time.TestDateTimeZone.testNameProviderSecurity,0.037317784256559766,0.032875258286393615,0.028432732316227463,0.06575051657278723,0.03227492727686451,0.032573709804096476,0.0044425259701661515,3.550624133148405,3.454612358119392,3.358600583090379,6.909224716238784,3.4519439658401385,3.453277904242143,0.09601177502901304,"[""SecurityManager"", ""TestDateTimeZone"", ""TestDateTimeZone$MockOKButNullNameProvider"", ""Object"", ""System"", ""DateTimeZone"", ""Policy""]","[0.037317784256559766, 0.028432732316227463]","[3.358600583090379, 3.550624133148405]"
org.joda.time.TestDateTimeZone.testIsFixed,0.037317784256559766,0.032875258286393615,0.028432732316227463,0.06575051657278723,0.03227492727686451,0.032573709804096476,0.0044425259701661515,3.550624133148405,3.454612358119392,3.358600583090379,6.909224716238784,3.4519439658401385,3.453277904242143,0.09601177502901304,"[""DateTimeZone"", ""TestDateTimeZone""]","[0.037317784256559766, 0.028432732316227463]","[3.358600583090379, 3.550624133148405]"
org.joda.time.TestDateTimeZone.testNameProvider_badClassName,0.037317784256559766,0.032875258286393615,0.028432732316227463,0.06575051657278723,0.03227492727686451,0.032573709804096476,0.0044425259701661515,3.550624133148405,3.454612358119392,3.358600583090379,6.909224716238784,3.4519439658401385,3.453277904242143,0.09601177502901304,"[""Object"", ""TestDateTimeZone"", ""Properties"", ""System"", ""DateTimeZone""]","[0.037317784256559766, 0.028432732316227463]","[3.358600583090379, 3.550624133148405]"
org.joda.time.TestDateTimeZone.testGetNameKey,0.037317784256559766,0.032875258286393615,0.028432732316227463,0.06575051657278723,0.03227492727686451,0.032573709804096476,0.0044425259701661515,3.550624133148405,3.454612358119392,3.358600583090379,6.909224716238784,3.4519439658401385,3.453277904242143,0.09601177502901304,"[""DateTimeZone"", ""TestDateTimeZone""]","[0.037317784256559766, 0.028432732316227463]","[3.358600583090379, 3.550624133148405]"
org.joda.time.TestDateTimeZone.testGetAvailableIDs,0.037317784256559766,0.032875258286393615,0.028432732316227463,0.06575051657278723,0.03227492727686451,0.032573709804096476,0.0044425259701661515,3.550624133148405,3.454612358119392,3.358600583090379,6.909224716238784,3.4519439658401385,3.453277904242143,0.09601177502901304,"[""Set"", ""DateTimeZone"", ""TestDateTimeZone""]","[0.037317784256559766, 0.028432732316227463]","[3.358600583090379, 3.550624133148405]"
org.joda.time.TestDateTimeZone.testTransitionFixed,0.037317784256559766,0.032875258286393615,0.028432732316227463,0.06575051657278723,0.03227492727686451,0.032573709804096476,0.0044425259701661515,3.550624133148405,3.454612358119392,3.358600583090379,6.909224716238784,3.4519439658401385,3.453277904242143,0.09601177502901304,"[""DateTimeZone"", ""TestDateTimeZone""]","[0.037317784256559766, 0.028432732316227463]","[3.358600583090379, 3.550624133148405]"
org.joda.time.TestDateTimeZone.testDefaultSecurity,0.037317784256559766,0.032875258286393615,0.028432732316227463,0.06575051657278723,0.03227492727686451,0.032573709804096476,0.0044425259701661515,3.550624133148405,3.454612358119392,3.358600583090379,6.909224716238784,3.4519439658401385,3.453277904242143,0.09601177502901304,"[""SecurityManager"", ""TestDateTimeZone"", ""System"", ""DateTimeZone"", ""Policy""]","[0.037317784256559766, 0.028432732316227463]","[3.358600583090379, 3.550624133148405]"
org.joda.time.TestDateTimeZone.testGetID,0.037317784256559766,0.032875258286393615,0.028432732316227463,0.06575051657278723,0.03227492727686451,0.032573709804096476,0.0044425259701661515,3.550624133148405,3.454612358119392,3.358600583090379,6.909224716238784,3.4519439658401385,3.453277904242143,0.09601177502901304,"[""DateTimeZone"", ""TestDateTimeZone""]","[0.037317784256559766, 0.028432732316227463]","[3.358600583090379, 3.550624133148405]"
org.joda.time.TestDateTimeZone.testGetOffset_long,0.037317784256559766,0.032875258286393615,0.028432732316227463,0.06575051657278723,0.03227492727686451,0.032573709804096476,0.0044425259701661515,3.550624133148405,3.454612358119392,3.358600583090379,6.909224716238784,3.4519439658401385,3.453277904242143,0.09601177502901304,"[""DateTimeZone"", ""TestDateTimeZone""]","[0.037317784256559766, 0.028432732316227463]","[3.358600583090379, 3.550624133148405]"
org.joda.time.TestDateTimeZone.testGetOffsetFixed,0.037317784256559766,0.032875258286393615,0.028432732316227463,0.06575051657278723,0.03227492727686451,0.032573709804096476,0.0044425259701661515,3.550624133148405,3.454612358119392,3.358600583090379,6.909224716238784,3.4519439658401385,3.453277904242143,0.09601177502901304,"[""DateTimeZone"", ""TestDateTimeZone""]","[0.037317784256559766, 0.028432732316227463]","[3.358600583090379, 3.550624133148405]"
org.joda.time.TestDateTimeZone.testDefault,0.037317784256559766,0.032875258286393615,0.028432732316227463,0.06575051657278723,0.03227492727686451,0.032573709804096476,0.0044425259701661515,3.550624133148405,3.454612358119392,3.358600583090379,6.909224716238784,3.4519439658401385,3.453277904242143,0.09601177502901304,"[""DateTimeZone"", ""TestDateTimeZone""]","[0.037317784256559766, 0.028432732316227463]","[3.358600583090379, 3.550624133148405]"
org.joda.time.TestDateTimeZone.testProvider_badClassName,0.037317784256559766,0.032875258286393615,0.028432732316227463,0.06575051657278723,0.03227492727686451,0.032573709804096476,0.0044425259701661515,3.550624133148405,3.454612358119392,3.358600583090379,6.909224716238784,3.4519439658401385,3.453277904242143,0.09601177502901304,"[""Object"", ""TestDateTimeZone"", ""Properties"", ""System"", ""DateTimeZone""]","[0.037317784256559766, 0.028432732316227463]","[3.358600583090379, 3.550624133148405]"
org.joda.time.TestMutablePeriod_Updates.testAdd_RD1,0.02516091281451141,0.021867752687265946,0.019823788546255508,0.06560325806179784,0.021631189156458147,0.021746553465570202,0.0023511120521603943,5.674008810572687,3.4452407344999494,1.6079578700994734,10.335722203499849,2.6652103597766232,3.031561006467643,1.682882064762577,"[""MutablePeriod"", ""Duration"", ""TestMutablePeriod_Updates""]","[0.02516091281451141, 0.020618556701030927, 0.019823788546255508]","[1.6079578700994734, 3.0537555228276876, 5.674008810572687]"
org.joda.time.TestMutablePeriod_Updates.testSetPeriod_RD2,0.02516091281451141,0.021867752687265946,0.019823788546255508,0.06560325806179784,0.021631189156458147,0.021746553465570202,0.0023511120521603943,5.674008810572687,3.4452407344999494,1.6079578700994734,10.335722203499849,2.6652103597766232,3.031561006467643,1.682882064762577,"[""MutablePeriod"", ""Duration"", ""TestMutablePeriod_Updates""]","[0.02516091281451141, 0.020618556701030927, 0.019823788546255508]","[1.6079578700994734, 3.0537555228276876, 5.674008810572687]"
org.joda.time.TestMutablePeriod_Updates.testSetPeriod_RD1,0.02516091281451141,0.021867752687265946,0.019823788546255508,0.06560325806179784,0.021631189156458147,0.021746553465570202,0.0023511120521603943,5.674008810572687,3.4452407344999494,1.6079578700994734,10.335722203499849,2.6652103597766232,3.031561006467643,1.682882064762577,"[""MutablePeriod"", ""Duration"", ""TestMutablePeriod_Updates""]","[0.02516091281451141, 0.020618556701030927, 0.019823788546255508]","[1.6079578700994734, 3.0537555228276876, 5.674008810572687]"
org.joda.time.TestWeeks.testToStandardMinutes,0.023961661341853034,0.021831735889243874,0.020766773162939296,0.06549520766773162,0.02173266958912252,0.021781359747202914,0.0015060847309617625,2.7252396166134187,2.4771033013844517,2.3386581469648564,7.4313099041533555,2.4652036531485697,2.4710513430613457,0.17585111361355507,"[""TestWeeks"", ""Weeks"", ""Minutes""]","[0.023961661341853034, 0.020766773162939296, 0.020766773162939296]","[2.7252396166134187, 2.3386581469648564, 2.36741214057508]"
org.joda.time.TestSeconds.testToStandardWeeks,0.023961661341853034,0.021831735889243874,0.020766773162939296,0.06549520766773162,0.02173266958912252,0.021781359747202914,0.0015060847309617625,2.5463258785942493,2.4174653887113955,2.3386581469648564,7.2523961661341865,2.414058515375087,2.415747465666439,0.0918711685886675,"[""Seconds"", ""Weeks"", ""TestSeconds""]","[0.023961661341853034, 0.020766773162939296, 0.020766773162939296]","[2.5463258785942493, 2.36741214057508, 2.3386581469648564]"
org.joda.time.TestMinutes.testToStandardSeconds,0.023961661341853034,0.021831735889243874,0.020766773162939296,0.06549520766773162,0.02173266958912252,0.021781359747202914,0.0015060847309617625,2.597444089456869,2.4249201277955272,2.3386581469648564,7.274760383386582,2.418993732165939,2.4219205842911933,0.12199286320790262,"[""Seconds"", ""TestMinutes"", ""Minutes""]","[0.023961661341853034, 0.020766773162939296, 0.020766773162939296]","[2.597444089456869, 2.3386581469648564, 2.3386581469648564]"
org.joda.time.TestSeconds.testToStandardMinutes,0.023961661341853034,0.021831735889243874,0.020766773162939296,0.06549520766773162,0.02173266958912252,0.021781359747202914,0.0015060847309617625,2.5463258785942493,2.4078807241746545,2.3386581469648564,7.223642172523963,2.4040118785008477,2.405927245612826,0.09789550751251452,"[""Seconds"", ""Minutes"", ""TestSeconds""]","[0.023961661341853034, 0.020766773162939296, 0.020766773162939296]","[2.5463258785942493, 2.3386581469648564, 2.3386581469648564]"
org.joda.time.TestSeconds.testToStandardDays,0.023961661341853034,0.021831735889243874,0.020766773162939296,0.06549520766773162,0.02173266958912252,0.021781359747202914,0.0015060847309617625,2.5463258785942493,2.439829605963791,2.3386581469648564,7.319488817891374,2.436885689348622,2.4383560419672197,0.08486356469919713,"[""Days"", ""Seconds"", ""TestSeconds""]","[0.023961661341853034, 0.020766773162939296, 0.020766773162939296]","[2.5463258785942493, 2.3386581469648564, 2.4345047923322682]"
org.joda.time.TestWeeks.testToStandardHours,0.023961661341853034,0.021831735889243874,0.020766773162939296,0.06549520766773162,0.02173266958912252,0.021781359747202914,0.0015060847309617625,2.7252396166134187,2.5085197018104366,2.36741214057508,7.52555910543131,2.499222678415365,2.5038100485810024,0.15555930629188483,"[""TestWeeks"", ""Hours"", ""Weeks""]","[0.023961661341853034, 0.020766773162939296, 0.020766773162939296]","[2.7252396166134187, 2.36741214057508, 2.4329073482428116]"
org.joda.time.TestHours.testToStandardSeconds,0.023961661341853034,0.021831735889243874,0.020766773162939296,0.06549520766773162,0.02173266958912252,0.021781359747202914,0.0015060847309617625,2.7060702875399363,2.492545260915868,2.3386581469648564,7.477635782747604,2.483102405531025,2.487771350616164,0.15581063449262142,"[""TestHours"", ""Seconds"", ""Hours""]","[0.023961661341853034, 0.020766773162939296, 0.020766773162939296]","[2.7060702875399363, 2.3386581469648564, 2.4329073482428116]"
org.joda.time.TestMinutes.testToStandardDays,0.023961661341853034,0.021831735889243874,0.020766773162939296,0.06549520766773162,0.02173266958912252,0.021781359747202914,0.0015060847309617625,2.597444089456869,2.4568690095846644,2.3386581469648564,7.370607028753993,2.452281397140853,2.4545649502244147,0.10682590094121708,"[""Days"", ""TestMinutes"", ""Minutes""]","[0.023961661341853034, 0.020766773162939296, 0.020766773162939296]","[2.597444089456869, 2.3386581469648564, 2.4345047923322682]"
org.joda.time.TestHours.testToStandardWeeks,0.023961661341853034,0.021831735889243874,0.020766773162939296,0.06549520766773162,0.02173266958912252,0.021781359747202914,0.0015060847309617625,2.7060702875399363,2.5021299254526093,2.36741214057508,7.506389776357827,2.4938224469561163,2.4979256319439442,0.14666551292673266,"[""TestHours"", ""Hours"", ""Weeks""]","[0.023961661341853034, 0.020766773162939296, 0.020766773162939296]","[2.7060702875399363, 2.36741214057508, 2.4329073482428116]"
org.joda.time.TestMinutes.testToStandardWeeks,0.023961661341853034,0.021831735889243874,0.020766773162939296,0.06549520766773162,0.02173266958912252,0.021781359747202914,0.0015060847309617625,2.597444089456869,2.4345047923322682,2.3386581469648564,7.303514376996805,2.4291662458821994,2.4318060840017446,0.1158119422389255,"[""Weeks"", ""TestMinutes"", ""Minutes""]","[0.023961661341853034, 0.020766773162939296, 0.020766773162939296]","[2.597444089456869, 2.3386581469648564, 2.36741214057508]"
org.joda.time.TestMinutes.testToStandardHours,0.023961661341853034,0.021831735889243874,0.020766773162939296,0.06549520766773162,0.02173266958912252,0.021781359747202914,0.0015060847309617625,2.597444089456869,2.456336528221512,2.3386581469648564,7.3690095846645365,2.4517408755087367,2.45402796378194,0.10693997027530776,"[""Hours"", ""TestMinutes"", ""Minutes""]","[0.023961661341853034, 0.020766773162939296, 0.020766773162939296]","[2.597444089456869, 2.3386581469648564, 2.4329073482428116]"
org.joda.time.TestWeeks.testToStandardSeconds,0.023961661341853034,0.021831735889243874,0.020766773162939296,0.06549520766773162,0.02173266958912252,0.021781359747202914,0.0015060847309617625,2.7252396166134187,2.4771033013844517,2.3386581469648564,7.4313099041533555,2.4652036531485697,2.4710513430613457,0.17585111361355507,"[""TestWeeks"", ""Seconds"", ""Weeks""]","[0.023961661341853034, 0.020766773162939296, 0.020766773162939296]","[2.7252396166134187, 2.36741214057508, 2.3386581469648564]"
org.joda.time.TestHours.testToStandardDays,0.023961661341853034,0.021831735889243874,0.020766773162939296,0.06549520766773162,0.02173266958912252,0.021781359747202914,0.0015060847309617625,2.7060702875399363,2.5244941427050054,2.4329073482428116,7.573482428115017,2.5181906403871124,2.5213032999519287,0.1283953795553448,"[""TestHours"", ""Hours"", ""Days""]","[0.023961661341853034, 0.020766773162939296, 0.020766773162939296]","[2.7060702875399363, 2.4345047923322682, 2.4329073482428116]"
org.joda.time.TestWeeks.testToStandardDays,0.023961661341853034,0.021831735889243874,0.020766773162939296,0.06549520766773162,0.02173266958912252,0.021781359747202914,0.0015060847309617625,2.7252396166134187,2.509052183173589,2.36741214057508,7.527156549520766,2.4997843412720853,2.5043579282590107,0.15530209434717543,"[""TestWeeks"", ""Days"", ""Weeks""]","[0.023961661341853034, 0.020766773162939296, 0.020766773162939296]","[2.7252396166134187, 2.36741214057508, 2.4345047923322682]"
org.joda.time.TestHours.testToStandardMinutes,0.023961661341853034,0.021831735889243874,0.020766773162939296,0.06549520766773162,0.02173266958912252,0.021781359747202914,0.0015060847309617625,2.7060702875399363,2.492545260915868,2.3386581469648564,7.477635782747604,2.483102405531025,2.487771350616164,0.15581063449262142,"[""TestHours"", ""Hours"", ""Minutes""]","[0.023961661341853034, 0.020766773162939296, 0.020766773162939296]","[2.7060702875399363, 2.3386581469648564, 2.4329073482428116]"
org.joda.time.TestSeconds.testToStandardHours,0.023961661341853034,0.021831735889243874,0.020766773162939296,0.06549520766773162,0.02173266958912252,0.021781359747202914,0.0015060847309617625,2.5463258785942493,2.4392971246006394,2.3386581469648564,7.317891373801918,2.4363519325887024,2.4378226015559794,0.08490030868201315,"[""Seconds"", ""Hours"", ""TestSeconds""]","[0.023961661341853034, 0.020766773162939296, 0.020766773162939296]","[2.5463258785942493, 2.3386581469648564, 2.4329073482428116]"
org.joda.time.TestMonthDay_Constructors.testConstructor_Object_nullChronology,0.03459119496855346,0.021776378451395115,0.00243605359317905,0.06532913535418534,0.006319216161874063,0.013360496503800208,0.013914619974436701,6.022012578616352,2.9175380537617106,0.04506699147381242,8.752614161285132,0.1319980297075285,0.8999333064737192,2.4455863431766067,"[""TestMonthDay_Constructors"", ""MonthDay"", ""Date""]","[0.03459119496855346, 0.02830188679245283, 0.00243605359317905]","[6.022012578616352, 2.6855345911949686, 0.04506699147381242]"
org.joda.time.TestMonthDay_Constructors.testConstructor_Object_Chronology,0.03459119496855346,0.021776378451395115,0.00243605359317905,0.06532913535418534,0.006319216161874063,0.013360496503800208,0.013914619974436701,6.022012578616352,2.9175380537617106,0.04506699147381242,8.752614161285132,0.1319980297075285,0.8999333064737192,2.4455863431766067,"[""TestMonthDay_Constructors"", ""MonthDay"", ""Date""]","[0.03459119496855346, 0.02830188679245283, 0.00243605359317905]","[6.022012578616352, 2.6855345911949686, 0.04506699147381242]"
org.joda.time.TestMonthDay_Constructors.testConstructor_Object,0.03459119496855346,0.021776378451395115,0.00243605359317905,0.06532913535418534,0.006319216161874063,0.013360496503800208,0.013914619974436701,6.022012578616352,2.9175380537617106,0.04506699147381242,8.752614161285132,0.1319980297075285,0.8999333064737192,2.4455863431766067,"[""TestMonthDay_Constructors"", ""MonthDay"", ""Date""]","[0.03459119496855346, 0.02830188679245283, 0.00243605359317905]","[6.022012578616352, 2.6855345911949686, 0.04506699147381242]"
org.joda.time.convert.TestStringConverter.testGetDateTime1,0.04081632653061224,0.0325597000773147,0.024303073624017155,0.0651194001546294,0.030465949820788527,0.031495431235901414,0.008256626453297543,5.746938775510204,3.951382182608569,2.1558255897069336,7.902764365217138,3.1354592145639697,3.5198576213710586,1.795556592901635,"[""TestStringConverter"", ""DateTime""]","[0.04081632653061224, 0.024303073624017155]","[5.746938775510204, 2.1558255897069336]"
org.joda.time.convert.TestStringConverter.testGetDateTime4,0.04081632653061224,0.0325597000773147,0.024303073624017155,0.0651194001546294,0.030465949820788527,0.031495431235901414,0.008256626453297543,5.746938775510204,3.951382182608569,2.1558255897069336,7.902764365217138,3.1354592145639697,3.5198576213710586,1.795556592901635,"[""TestStringConverter"", ""DateTime""]","[0.04081632653061224, 0.024303073624017155]","[5.746938775510204, 2.1558255897069336]"
org.joda.time.convert.TestStringConverter.testGetDateTime3,0.04081632653061224,0.0325597000773147,0.024303073624017155,0.0651194001546294,0.030465949820788527,0.031495431235901414,0.008256626453297543,5.746938775510204,3.951382182608569,2.1558255897069336,7.902764365217138,3.1354592145639697,3.5198576213710586,1.795556592901635,"[""TestStringConverter"", ""DateTime""]","[0.04081632653061224, 0.024303073624017155]","[5.746938775510204, 2.1558255897069336]"
org.joda.time.convert.TestStringConverter.testGetDateTime,0.04081632653061224,0.0325597000773147,0.024303073624017155,0.0651194001546294,0.030465949820788527,0.031495431235901414,0.008256626453297543,5.746938775510204,3.951382182608569,2.1558255897069336,7.902764365217138,3.1354592145639697,3.5198576213710586,1.795556592901635,"[""TestStringConverter"", ""DateTime""]","[0.04081632653061224, 0.024303073624017155]","[5.746938775510204, 2.1558255897069336]"
org.joda.time.convert.TestStringConverter.testGetDateTime2,0.04081632653061224,0.0325597000773147,0.024303073624017155,0.0651194001546294,0.030465949820788527,0.031495431235901414,0.008256626453297543,5.746938775510204,3.951382182608569,2.1558255897069336,7.902764365217138,3.1354592145639697,3.5198576213710586,1.795556592901635,"[""TestStringConverter"", ""DateTime""]","[0.04081632653061224, 0.024303073624017155]","[5.746938775510204, 2.1558255897069336]"
org.joda.time.TestTimeOfDay_Basics.testWithers,0.044386422976501305,0.032413980090049505,0.02044153720359771,0.06482796018009901,0.02799183297108608,0.030121864427833406,0.011972442886451797,4.117493472584856,3.819171920266263,3.5208503679476695,7.638343840532526,3.7958695525185524,3.807502909778602,0.29832155231859336,"[""TimeOfDay"", ""TestTimeOfDay_Basics""]","[0.044386422976501305, 0.02044153720359771]","[4.117493472584856, 3.5208503679476695]"
org.joda.time.TestTimeOfDay_Basics.testToString,0.044386422976501305,0.032413980090049505,0.02044153720359771,0.06482796018009901,0.02799183297108608,0.030121864427833406,0.011972442886451797,4.117493472584856,3.819171920266263,3.5208503679476695,7.638343840532526,3.7958695525185524,3.807502909778602,0.29832155231859336,"[""TimeOfDay"", ""TestTimeOfDay_Basics""]","[0.044386422976501305, 0.02044153720359771]","[4.117493472584856, 3.5208503679476695]"
org.joda.time.TestTimeOfDay_Basics.testWithFieldAdded2,0.044386422976501305,0.032413980090049505,0.02044153720359771,0.06482796018009901,0.02799183297108608,0.030121864427833406,0.011972442886451797,4.117493472584856,3.819171920266263,3.5208503679476695,7.638343840532526,3.7958695525185524,3.807502909778602,0.29832155231859336,"[""TimeOfDay"", ""TestTimeOfDay_Basics""]","[0.044386422976501305, 0.02044153720359771]","[4.117493472584856, 3.5208503679476695]"
org.joda.time.TestTimeOfDay_Basics.testWithChronologyRetainFields_nullChrono,0.044386422976501305,0.032413980090049505,0.02044153720359771,0.06482796018009901,0.02799183297108608,0.030121864427833406,0.011972442886451797,4.117493472584856,3.819171920266263,3.5208503679476695,7.638343840532526,3.7958695525185524,3.807502909778602,0.29832155231859336,"[""TimeOfDay"", ""TestTimeOfDay_Basics""]","[0.044386422976501305, 0.02044153720359771]","[4.117493472584856, 3.5208503679476695]"
org.joda.time.TestTimeOfDay_Basics.testGetValue,0.044386422976501305,0.032413980090049505,0.02044153720359771,0.06482796018009901,0.02799183297108608,0.030121864427833406,0.011972442886451797,4.117493472584856,3.819171920266263,3.5208503679476695,7.638343840532526,3.7958695525185524,3.807502909778602,0.29832155231859336,"[""TimeOfDay"", ""TestTimeOfDay_Basics""]","[0.044386422976501305, 0.02044153720359771]","[4.117493472584856, 3.5208503679476695]"
org.joda.time.TestTimeOfDay_Basics.testWithChronologyRetainFields_Chrono,0.044386422976501305,0.032413980090049505,0.02044153720359771,0.06482796018009901,0.02799183297108608,0.030121864427833406,0.011972442886451797,4.117493472584856,3.819171920266263,3.5208503679476695,7.638343840532526,3.7958695525185524,3.807502909778602,0.29832155231859336,"[""TimeOfDay"", ""TestTimeOfDay_Basics""]","[0.044386422976501305, 0.02044153720359771]","[4.117493472584856, 3.5208503679476695]"
org.joda.time.TestTimeOfDay_Basics.testWithChronologyRetainFields_sameChrono,0.044386422976501305,0.032413980090049505,0.02044153720359771,0.06482796018009901,0.02799183297108608,0.030121864427833406,0.011972442886451797,4.117493472584856,3.819171920266263,3.5208503679476695,7.638343840532526,3.7958695525185524,3.807502909778602,0.29832155231859336,"[""TimeOfDay"", ""TestTimeOfDay_Basics""]","[0.044386422976501305, 0.02044153720359771]","[4.117493472584856, 3.5208503679476695]"
org.joda.time.TestTimeOfDay_Basics.testToString_String_Locale,0.044386422976501305,0.032413980090049505,0.02044153720359771,0.06482796018009901,0.02799183297108608,0.030121864427833406,0.011972442886451797,4.117493472584856,3.819171920266263,3.5208503679476695,7.638343840532526,3.7958695525185524,3.807502909778602,0.29832155231859336,"[""TimeOfDay"", ""TestTimeOfDay_Basics""]","[0.044386422976501305, 0.02044153720359771]","[4.117493472584856, 3.5208503679476695]"
org.joda.time.TestTimeOfDay_Basics.testGetValues,0.044386422976501305,0.032413980090049505,0.02044153720359771,0.06482796018009901,0.02799183297108608,0.030121864427833406,0.011972442886451797,4.117493472584856,3.819171920266263,3.5208503679476695,7.638343840532526,3.7958695525185524,3.807502909778602,0.29832155231859336,"[""TimeOfDay"", ""TestTimeOfDay_Basics""]","[0.044386422976501305, 0.02044153720359771]","[4.117493472584856, 3.5208503679476695]"
org.joda.time.TestTimeOfDay_Basics.testWithField2,0.044386422976501305,0.032413980090049505,0.02044153720359771,0.06482796018009901,0.02799183297108608,0.030121864427833406,0.011972442886451797,4.117493472584856,3.819171920266263,3.5208503679476695,7.638343840532526,3.7958695525185524,3.807502909778602,0.29832155231859336,"[""TimeOfDay"", ""TestTimeOfDay_Basics""]","[0.044386422976501305, 0.02044153720359771]","[4.117493472584856, 3.5208503679476695]"
org.joda.time.TestTimeOfDay_Basics.testSize,0.044386422976501305,0.032413980090049505,0.02044153720359771,0.06482796018009901,0.02799183297108608,0.030121864427833406,0.011972442886451797,4.117493472584856,3.819171920266263,3.5208503679476695,7.638343840532526,3.7958695525185524,3.807502909778602,0.29832155231859336,"[""TimeOfDay"", ""TestTimeOfDay_Basics""]","[0.044386422976501305, 0.02044153720359771]","[4.117493472584856, 3.5208503679476695]"
org.joda.time.TestTimeOfDay_Basics.testWithFieldAdded3,0.044386422976501305,0.032413980090049505,0.02044153720359771,0.06482796018009901,0.02799183297108608,0.030121864427833406,0.011972442886451797,4.117493472584856,3.819171920266263,3.5208503679476695,7.638343840532526,3.7958695525185524,3.807502909778602,0.29832155231859336,"[""TimeOfDay"", ""TestTimeOfDay_Basics""]","[0.044386422976501305, 0.02044153720359771]","[4.117493472584856, 3.5208503679476695]"
org.joda.time.TestTimeOfDay_Basics.testToString_String,0.044386422976501305,0.032413980090049505,0.02044153720359771,0.06482796018009901,0.02799183297108608,0.030121864427833406,0.011972442886451797,4.117493472584856,3.819171920266263,3.5208503679476695,7.638343840532526,3.7958695525185524,3.807502909778602,0.29832155231859336,"[""TimeOfDay"", ""TestTimeOfDay_Basics""]","[0.044386422976501305, 0.02044153720359771]","[4.117493472584856, 3.5208503679476695]"
org.joda.time.chrono.TestGJChronology.testTimeFields,0.02507288629737609,0.021574344023323616,0.01574344023323615,0.06472303206997085,0.020656674620090795,0.02113203077273863,0.00415046773645532,2.896209912536443,2.38600583090379,1.8169096209912536,7.1580174927113704,2.299416223170521,2.343192846123274,0.44258595542740503,"[""TestGJChronology"", ""GJChronology"", ""DateTimeField""]","[0.02507288629737609, 0.0239067055393586, 0.01574344023323615]","[2.896209912536443, 2.4448979591836735, 1.8169096209912536]"
org.joda.time.chrono.TestGJChronology.testDateFields,0.02507288629737609,0.021574344023323616,0.01574344023323615,0.06472303206997085,0.020656674620090795,0.02113203077273863,0.00415046773645532,2.896209912536443,2.38600583090379,1.8169096209912536,7.1580174927113704,2.299416223170521,2.343192846123274,0.44258595542740503,"[""TestGJChronology"", ""GJChronology"", ""DateTimeField""]","[0.02507288629737609, 0.0239067055393586, 0.01574344023323615]","[2.896209912536443, 2.4448979591836735, 1.8169096209912536]"
org.joda.time.tz.TestCachedDateTimeZone.testSerialization,0.037317784256559766,0.012929453256961506,0.005988023952095809,0.06464726628480753,0.007886629698089957,0.009445943688183963,0.012262156622734086,3.358600583090379,0.8046598201700244,0.0,4.023299100850122,0.14551441511072283,0.3217590168786307,1.3694652611692784,"[""ByteArrayOutputStream"", ""TestCachedDateTimeZone"", ""DateTimeZone"", ""ObjectInputStream"", ""CachedDateTimeZone"", ""ObjectOutputStream"", ""ByteArrayInputStream""]","[0.037317784256559766, 0.009329446064139942, 0.006006006006006006, 0.006006006006006006, 0.005988023952095809]","[3.358600583090379, 0.5055393586005831, 0.08408408408408409, 0.07507507507507508, 0.0]"
org.joda.time.TestMinutes.testGetPeriodType,0.023961661341853034,0.0215319947245555,0.019867549668874173,0.0645959841736665,0.021394872545075525,0.021462324197750796,0.0017568173167174022,3.7277409860191315,2.887947740813619,2.3386581469648564,8.663843222440857,2.7755972382646994,2.8291299312974583,0.6031484405614008,"[""PeriodType"", ""TestMinutes"", ""Minutes""]","[0.023961661341853034, 0.020766773162939296, 0.019867549668874173]","[2.597444089456869, 2.3386581469648564, 3.7277409860191315]"
org.joda.time.TestSeconds.testGetPeriodType,0.023961661341853034,0.0215319947245555,0.019867549668874173,0.0645959841736665,0.021394872545075525,0.021462324197750796,0.0017568173167174022,3.7277409860191315,2.870908337192746,2.3386581469648564,8.612725011578238,2.7558905966694947,2.810447554406233,0.6117750745500913,"[""Seconds"", ""PeriodType"", ""TestSeconds""]","[0.023961661341853034, 0.020766773162939296, 0.019867549668874173]","[2.5463258785942493, 2.3386581469648564, 3.7277409860191315]"
org.joda.time.TestYears.testGetPeriodType,0.023961661341853034,0.0215319947245555,0.019867549668874173,0.0645959841736665,0.021394872545075525,0.021462324197750796,0.0017568173167174022,3.7277409860191315,2.5716538111011586,1.817891373801917,7.714961433303476,2.344997845571886,2.4497007290116644,0.829972000008252,"[""Years"", ""PeriodType"", ""TestYears""]","[0.023961661341853034, 0.020766773162939296, 0.019867549668874173]","[2.169329073482428, 1.817891373801917, 3.7277409860191315]"
org.joda.time.TestHours.testGetPeriodType,0.023961661341853034,0.0215319947245555,0.019867549668874173,0.0645959841736665,0.021394872545075525,0.021462324197750796,0.0017568173167174022,3.7277409860191315,2.95557287393396,2.4329073482428116,8.86671862180188,2.860331737624441,2.906052508865531,0.557277425131771,"[""TestHours"", ""Hours"", ""PeriodType""]","[0.023961661341853034, 0.020766773162939296, 0.019867549668874173]","[2.7060702875399363, 2.4329073482428116, 3.7277409860191315]"
org.joda.time.TestWeeks.testGetPeriodType,0.023961661341853034,0.0215319947245555,0.019867549668874173,0.0645959841736665,0.021394872545075525,0.021462324197750796,0.0017568173167174022,3.7277409860191315,2.9401309144025434,2.36741214057508,8.82039274320763,2.836607569716031,2.886521284707452,0.5757646187670254,"[""TestWeeks"", ""PeriodType"", ""Weeks""]","[0.023961661341853034, 0.020766773162939296, 0.019867549668874173]","[2.7252396166134187, 2.36741214057508, 3.7277409860191315]"
org.joda.time.chrono.TestLenientChronology.test_MockTurkIsCorrect,0.04081632653061224,0.032291161437152556,0.02376599634369287,0.06458232287430511,0.030040439052570766,0.031145475868727793,0.008525165093459686,5.746938775510204,3.620270119016528,1.493601462522852,7.240540238033056,2.370993289987747,2.92978431972924,2.126668656493676,"[""TestLenientChronology"", ""DateTime""]","[0.04081632653061224, 0.02376599634369287]","[5.746938775510204, 1.493601462522852]"
org.joda.time.TestYearMonth_Properties.testPropertyGetMonth,0.029333333333333333,0.02152510528020732,0.016,0.06457531584062196,0.020193778684344722,0.020824619355380453,0.005677671567442026,5.344,3.191989633948818,1.9573333333333334,9.575968901846453,2.637001466813687,2.8761687007623484,1.5272047753562346,"[""YearMonth$Property"", ""TestYearMonth_Properties"", ""YearMonth"", ""Chronology""]","[0.029333333333333333, 0.01924198250728863, 0.016]","[5.344, 2.2746355685131197, 1.9573333333333334]"
org.joda.time.TestYearMonth_Properties.testPropertyGetYear,0.029333333333333333,0.02152510528020732,0.016,0.06457531584062196,0.020193778684344722,0.020824619355380453,0.005677671567442026,5.344,3.191989633948818,1.9573333333333334,9.575968901846453,2.637001466813687,2.8761687007623484,1.5272047753562346,"[""YearMonth$Property"", ""TestYearMonth_Properties"", ""YearMonth"", ""Chronology""]","[0.029333333333333333, 0.01924198250728863, 0.016]","[5.344, 2.2746355685131197, 1.9573333333333334]"
org.joda.time.TestMutableInterval_Basics.testGetDuration1,0.02516091281451141,0.021518293967291702,0.01852958756724447,0.06455488190187511,0.02118038281765751,0.021346788821786825,0.0027464303802311957,1.8293591654247392,1.5709566448360246,1.2755528989838614,4.712869934508074,1.536475851642285,1.5539034830017933,0.22759930168396608,"[""MutableInterval"", ""Duration"", ""TestMutableInterval_Basics""]","[0.02516091281451141, 0.020864381520119227, 0.01852958756724447]","[1.6079578700994734, 1.8293591654247392, 1.2755528989838614]"
org.joda.time.convert.TestStringConverter.testGetChronology_Object_Zone,0.024303073624017155,0.021345717219045424,0.01574344023323615,0.06403715165713628,0.020499013754784853,0.02093795259082849,0.003963460996431174,2.1558255897069336,1.236025099472545,0.7008746355685131,3.708075298417635,0.9787230346975762,1.087572703438338,0.653292839801587,"[""TestStringConverter"", ""StringConverter"", ""ISOChronology""]","[0.024303073624017155, 0.02399063779988297, 0.01574344023323615]","[2.1558255897069336, 0.8513750731421884, 0.7008746355685131]"
org.joda.time.TestDateTime_Properties.testPropertyCompareToMonthOfYear,0.04081632653061224,0.03198854473669577,0.02316076294277929,0.06397708947339154,0.029552368535419378,0.03074633739115251,0.008827781793916476,5.746938775510204,5.57203887004393,5.397138964577657,11.14407774008786,5.566548962732521,5.569293239931644,0.17489990546627343,"[""DateTime$Property"", ""TestDateTime_Properties"", ""DateTime""]","[0.04081632653061224, 0.02316076294277929]","[5.746938775510204, 5.397138964577657]"
org.joda.time.TestDateTime_Properties.testPropertySetTextMonthOfYear,0.04081632653061224,0.03198854473669577,0.02316076294277929,0.06397708947339154,0.029552368535419378,0.03074633739115251,0.008827781793916476,5.746938775510204,5.57203887004393,5.397138964577657,11.14407774008786,5.566548962732521,5.569293239931644,0.17489990546627343,"[""DateTime$Property"", ""TestDateTime_Properties"", ""DateTime""]","[0.04081632653061224, 0.02316076294277929]","[5.746938775510204, 5.397138964577657]"
org.joda.time.TestDateTime_Properties.testPropertyCompareToDayOfWeek,0.04081632653061224,0.03198854473669577,0.02316076294277929,0.06397708947339154,0.029552368535419378,0.03074633739115251,0.008827781793916476,5.746938775510204,5.57203887004393,5.397138964577657,11.14407774008786,5.566548962732521,5.569293239931644,0.17489990546627343,"[""DateTime$Property"", ""TestDateTime_Properties"", ""DateTime""]","[0.04081632653061224, 0.02316076294277929]","[5.746938775510204, 5.397138964577657]"
org.joda.time.TestDateTime_Properties.testPropertySetDayOfWeek,0.04081632653061224,0.03198854473669577,0.02316076294277929,0.06397708947339154,0.029552368535419378,0.03074633739115251,0.008827781793916476,5.746938775510204,5.57203887004393,5.397138964577657,11.14407774008786,5.566548962732521,5.569293239931644,0.17489990546627343,"[""DateTime$Property"", ""TestDateTime_Properties"", ""DateTime""]","[0.04081632653061224, 0.02316076294277929]","[5.746938775510204, 5.397138964577657]"
org.joda.time.TestDateTime_Properties.testPropertyWithMaximumValueDayOfMonth,0.04081632653061224,0.03198854473669577,0.02316076294277929,0.06397708947339154,0.029552368535419378,0.03074633739115251,0.008827781793916476,5.746938775510204,5.57203887004393,5.397138964577657,11.14407774008786,5.566548962732521,5.569293239931644,0.17489990546627343,"[""DateTime$Property"", ""TestDateTime_Properties"", ""DateTime""]","[0.04081632653061224, 0.02316076294277929]","[5.746938775510204, 5.397138964577657]"
org.joda.time.TestDateTime_Properties.testPropertyGetDifferenceHourOfDay,0.04081632653061224,0.03198854473669577,0.02316076294277929,0.06397708947339154,0.029552368535419378,0.03074633739115251,0.008827781793916476,5.746938775510204,5.57203887004393,5.397138964577657,11.14407774008786,5.566548962732521,5.569293239931644,0.17489990546627343,"[""DateTime$Property"", ""TestDateTime_Properties"", ""DateTime""]","[0.04081632653061224, 0.02316076294277929]","[5.746938775510204, 5.397138964577657]"
org.joda.time.TestDateTime_Properties.testPropertyCompareToDayOfMonth,0.04081632653061224,0.03198854473669577,0.02316076294277929,0.06397708947339154,0.029552368535419378,0.03074633739115251,0.008827781793916476,5.746938775510204,5.57203887004393,5.397138964577657,11.14407774008786,5.566548962732521,5.569293239931644,0.17489990546627343,"[""DateTime$Property"", ""TestDateTime_Properties"", ""DateTime""]","[0.04081632653061224, 0.02316076294277929]","[5.746938775510204, 5.397138964577657]"
org.joda.time.TestDateTime_Properties.testPropertySetMonthOfYear,0.04081632653061224,0.03198854473669577,0.02316076294277929,0.06397708947339154,0.029552368535419378,0.03074633739115251,0.008827781793916476,5.746938775510204,5.57203887004393,5.397138964577657,11.14407774008786,5.566548962732521,5.569293239931644,0.17489990546627343,"[""DateTime$Property"", ""TestDateTime_Properties"", ""DateTime""]","[0.04081632653061224, 0.02316076294277929]","[5.746938775510204, 5.397138964577657]"
org.joda.time.TestDateTime_Properties.testPropertyAddWrapFieldDayOfYear,0.04081632653061224,0.03198854473669577,0.02316076294277929,0.06397708947339154,0.029552368535419378,0.03074633739115251,0.008827781793916476,5.746938775510204,5.57203887004393,5.397138964577657,11.14407774008786,5.566548962732521,5.569293239931644,0.17489990546627343,"[""DateTime$Property"", ""TestDateTime_Properties"", ""DateTime""]","[0.04081632653061224, 0.02316076294277929]","[5.746938775510204, 5.397138964577657]"
org.joda.time.TestDateTime_Properties.testPropertyAddWrapFieldDayOfWeek,0.04081632653061224,0.03198854473669577,0.02316076294277929,0.06397708947339154,0.029552368535419378,0.03074633739115251,0.008827781793916476,5.746938775510204,5.57203887004393,5.397138964577657,11.14407774008786,5.566548962732521,5.569293239931644,0.17489990546627343,"[""DateTime$Property"", ""TestDateTime_Properties"", ""DateTime""]","[0.04081632653061224, 0.02316076294277929]","[5.746938775510204, 5.397138964577657]"
org.joda.time.TestDateTime_Properties.testPropertyCompareToDayOfYear,0.04081632653061224,0.03198854473669577,0.02316076294277929,0.06397708947339154,0.029552368535419378,0.03074633739115251,0.008827781793916476,5.746938775510204,5.57203887004393,5.397138964577657,11.14407774008786,5.566548962732521,5.569293239931644,0.17489990546627343,"[""DateTime$Property"", ""TestDateTime_Properties"", ""DateTime""]","[0.04081632653061224, 0.02316076294277929]","[5.746938775510204, 5.397138964577657]"
org.joda.time.TestDateTime_Properties.testPropertyAddDayOfYear,0.04081632653061224,0.03198854473669577,0.02316076294277929,0.06397708947339154,0.029552368535419378,0.03074633739115251,0.008827781793916476,5.746938775510204,5.57203887004393,5.397138964577657,11.14407774008786,5.566548962732521,5.569293239931644,0.17489990546627343,"[""DateTime$Property"", ""TestDateTime_Properties"", ""DateTime""]","[0.04081632653061224, 0.02316076294277929]","[5.746938775510204, 5.397138964577657]"
org.joda.time.TestDateTime_Properties.testPropertySetTextDayOfMonth,0.04081632653061224,0.03198854473669577,0.02316076294277929,0.06397708947339154,0.029552368535419378,0.03074633739115251,0.008827781793916476,5.746938775510204,5.57203887004393,5.397138964577657,11.14407774008786,5.566548962732521,5.569293239931644,0.17489990546627343,"[""DateTime$Property"", ""TestDateTime_Properties"", ""DateTime""]","[0.04081632653061224, 0.02316076294277929]","[5.746938775510204, 5.397138964577657]"
org.joda.time.TestDateTime_Properties.testPropertySetTextWeekOfWeekyear,0.04081632653061224,0.03198854473669577,0.02316076294277929,0.06397708947339154,0.029552368535419378,0.03074633739115251,0.008827781793916476,5.746938775510204,5.57203887004393,5.397138964577657,11.14407774008786,5.566548962732521,5.569293239931644,0.17489990546627343,"[""DateTime$Property"", ""TestDateTime_Properties"", ""DateTime""]","[0.04081632653061224, 0.02316076294277929]","[5.746938775510204, 5.397138964577657]"
org.joda.time.TestDateTime_Properties.testPropertyAddYear,0.04081632653061224,0.03198854473669577,0.02316076294277929,0.06397708947339154,0.029552368535419378,0.03074633739115251,0.008827781793916476,5.746938775510204,5.57203887004393,5.397138964577657,11.14407774008786,5.566548962732521,5.569293239931644,0.17489990546627343,"[""DateTime$Property"", ""TestDateTime_Properties"", ""DateTime""]","[0.04081632653061224, 0.02316076294277929]","[5.746938775510204, 5.397138964577657]"
org.joda.time.TestDateTime_Properties.testPropertyGetMaxMinValuesWeekOfWeekyear,0.04081632653061224,0.03198854473669577,0.02316076294277929,0.06397708947339154,0.029552368535419378,0.03074633739115251,0.008827781793916476,5.746938775510204,5.57203887004393,5.397138964577657,11.14407774008786,5.566548962732521,5.569293239931644,0.17489990546627343,"[""DateTime$Property"", ""TestDateTime_Properties"", ""DateTime""]","[0.04081632653061224, 0.02316076294277929]","[5.746938775510204, 5.397138964577657]"
org.joda.time.TestDateTime_Properties.testPropertyAddWrapFieldYear,0.04081632653061224,0.03198854473669577,0.02316076294277929,0.06397708947339154,0.029552368535419378,0.03074633739115251,0.008827781793916476,5.746938775510204,5.57203887004393,5.397138964577657,11.14407774008786,5.566548962732521,5.569293239931644,0.17489990546627343,"[""DateTime$Property"", ""TestDateTime_Properties"", ""DateTime""]","[0.04081632653061224, 0.02316076294277929]","[5.746938775510204, 5.397138964577657]"
org.joda.time.TestDateTime_Properties.testPropertySetDayOfYear,0.04081632653061224,0.03198854473669577,0.02316076294277929,0.06397708947339154,0.029552368535419378,0.03074633739115251,0.008827781793916476,5.746938775510204,5.57203887004393,5.397138964577657,11.14407774008786,5.566548962732521,5.569293239931644,0.17489990546627343,"[""DateTime$Property"", ""TestDateTime_Properties"", ""DateTime""]","[0.04081632653061224, 0.02316076294277929]","[5.746938775510204, 5.397138964577657]"
org.joda.time.TestDateTime_Properties.testPropertySetYear,0.04081632653061224,0.03198854473669577,0.02316076294277929,0.06397708947339154,0.029552368535419378,0.03074633739115251,0.008827781793916476,5.746938775510204,5.57203887004393,5.397138964577657,11.14407774008786,5.566548962732521,5.569293239931644,0.17489990546627343,"[""DateTime$Property"", ""TestDateTime_Properties"", ""DateTime""]","[0.04081632653061224, 0.02316076294277929]","[5.746938775510204, 5.397138964577657]"
org.joda.time.TestDateTime_Properties.testPropertySetDayOfMonth,0.04081632653061224,0.03198854473669577,0.02316076294277929,0.06397708947339154,0.029552368535419378,0.03074633739115251,0.008827781793916476,5.746938775510204,5.57203887004393,5.397138964577657,11.14407774008786,5.566548962732521,5.569293239931644,0.17489990546627343,"[""DateTime$Property"", ""TestDateTime_Properties"", ""DateTime""]","[0.04081632653061224, 0.02316076294277929]","[5.746938775510204, 5.397138964577657]"
org.joda.time.TestDateTime_Properties.testPropertySetTextDayOfWeek,0.04081632653061224,0.03198854473669577,0.02316076294277929,0.06397708947339154,0.029552368535419378,0.03074633739115251,0.008827781793916476,5.746938775510204,5.57203887004393,5.397138964577657,11.14407774008786,5.566548962732521,5.569293239931644,0.17489990546627343,"[""DateTime$Property"", ""TestDateTime_Properties"", ""DateTime""]","[0.04081632653061224, 0.02316076294277929]","[5.746938775510204, 5.397138964577657]"
org.joda.time.TestDateTime_Properties.testPropertyWithMinimumValueDayOfMonth,0.04081632653061224,0.03198854473669577,0.02316076294277929,0.06397708947339154,0.029552368535419378,0.03074633739115251,0.008827781793916476,5.746938775510204,5.57203887004393,5.397138964577657,11.14407774008786,5.566548962732521,5.569293239931644,0.17489990546627343,"[""DateTime$Property"", ""TestDateTime_Properties"", ""DateTime""]","[0.04081632653061224, 0.02316076294277929]","[5.746938775510204, 5.397138964577657]"
org.joda.time.TestDateTime_Properties.testPropertyRoundHalfFloorHourOfDay,0.04081632653061224,0.03198854473669577,0.02316076294277929,0.06397708947339154,0.029552368535419378,0.03074633739115251,0.008827781793916476,5.746938775510204,5.57203887004393,5.397138964577657,11.14407774008786,5.566548962732521,5.569293239931644,0.17489990546627343,"[""DateTime$Property"", ""TestDateTime_Properties"", ""DateTime""]","[0.04081632653061224, 0.02316076294277929]","[5.746938775510204, 5.397138964577657]"
org.joda.time.TestDateTime_Properties.testPropertySetTextYear,0.04081632653061224,0.03198854473669577,0.02316076294277929,0.06397708947339154,0.029552368535419378,0.03074633739115251,0.008827781793916476,5.746938775510204,5.57203887004393,5.397138964577657,11.14407774008786,5.566548962732521,5.569293239931644,0.17489990546627343,"[""DateTime$Property"", ""TestDateTime_Properties"", ""DateTime""]","[0.04081632653061224, 0.02316076294277929]","[5.746938775510204, 5.397138964577657]"
org.joda.time.TestDateTime_Properties.testPropertyAddWrapFieldDayOfMonth,0.04081632653061224,0.03198854473669577,0.02316076294277929,0.06397708947339154,0.029552368535419378,0.03074633739115251,0.008827781793916476,5.746938775510204,5.57203887004393,5.397138964577657,11.14407774008786,5.566548962732521,5.569293239931644,0.17489990546627343,"[""DateTime$Property"", ""TestDateTime_Properties"", ""DateTime""]","[0.04081632653061224, 0.02316076294277929]","[5.746938775510204, 5.397138964577657]"
org.joda.time.TestDateTime_Properties.testPropertyCompareToYear,0.04081632653061224,0.03198854473669577,0.02316076294277929,0.06397708947339154,0.029552368535419378,0.03074633739115251,0.008827781793916476,5.746938775510204,5.57203887004393,5.397138964577657,11.14407774008786,5.566548962732521,5.569293239931644,0.17489990546627343,"[""DateTime$Property"", ""TestDateTime_Properties"", ""DateTime""]","[0.04081632653061224, 0.02316076294277929]","[5.746938775510204, 5.397138964577657]"
org.joda.time.TestDateTime_Properties.testPropertySetWeekOfWeekyear,0.04081632653061224,0.03198854473669577,0.02316076294277929,0.06397708947339154,0.029552368535419378,0.03074633739115251,0.008827781793916476,5.746938775510204,5.57203887004393,5.397138964577657,11.14407774008786,5.566548962732521,5.569293239931644,0.17489990546627343,"[""DateTime$Property"", ""TestDateTime_Properties"", ""DateTime""]","[0.04081632653061224, 0.02316076294277929]","[5.746938775510204, 5.397138964577657]"
org.joda.time.TestDateTime_Properties.testPropertyRoundCeilingHourOfDay,0.04081632653061224,0.03198854473669577,0.02316076294277929,0.06397708947339154,0.029552368535419378,0.03074633739115251,0.008827781793916476,5.746938775510204,5.57203887004393,5.397138964577657,11.14407774008786,5.566548962732521,5.569293239931644,0.17489990546627343,"[""DateTime$Property"", ""TestDateTime_Properties"", ""DateTime""]","[0.04081632653061224, 0.02316076294277929]","[5.746938775510204, 5.397138964577657]"
org.joda.time.TestDateTime_Properties.testPropertyAddDayOfWeek,0.04081632653061224,0.03198854473669577,0.02316076294277929,0.06397708947339154,0.029552368535419378,0.03074633739115251,0.008827781793916476,5.746938775510204,5.57203887004393,5.397138964577657,11.14407774008786,5.566548962732521,5.569293239931644,0.17489990546627343,"[""DateTime$Property"", ""TestDateTime_Properties"", ""DateTime""]","[0.04081632653061224, 0.02316076294277929]","[5.746938775510204, 5.397138964577657]"
org.joda.time.TestDateTime_Properties.testPropertyRoundHalfCeilingHourOfDay,0.04081632653061224,0.03198854473669577,0.02316076294277929,0.06397708947339154,0.029552368535419378,0.03074633739115251,0.008827781793916476,5.746938775510204,5.57203887004393,5.397138964577657,11.14407774008786,5.566548962732521,5.569293239931644,0.17489990546627343,"[""DateTime$Property"", ""TestDateTime_Properties"", ""DateTime""]","[0.04081632653061224, 0.02316076294277929]","[5.746938775510204, 5.397138964577657]"
org.joda.time.TestDateTime_Properties.testPropertySetTextDayOfYear,0.04081632653061224,0.03198854473669577,0.02316076294277929,0.06397708947339154,0.029552368535419378,0.03074633739115251,0.008827781793916476,5.746938775510204,5.57203887004393,5.397138964577657,11.14407774008786,5.566548962732521,5.569293239931644,0.17489990546627343,"[""DateTime$Property"", ""TestDateTime_Properties"", ""DateTime""]","[0.04081632653061224, 0.02316076294277929]","[5.746938775510204, 5.397138964577657]"
org.joda.time.TestDateTime_Properties.testPropertyAddDayOfMonth,0.04081632653061224,0.03198854473669577,0.02316076294277929,0.06397708947339154,0.029552368535419378,0.03074633739115251,0.008827781793916476,5.746938775510204,5.57203887004393,5.397138964577657,11.14407774008786,5.566548962732521,5.569293239931644,0.17489990546627343,"[""DateTime$Property"", ""TestDateTime_Properties"", ""DateTime""]","[0.04081632653061224, 0.02316076294277929]","[5.746938775510204, 5.397138964577657]"
org.joda.time.TestDateTime_Properties.testPropertyAddWrapFieldMonthOfYear,0.04081632653061224,0.03198854473669577,0.02316076294277929,0.06397708947339154,0.029552368535419378,0.03074633739115251,0.008827781793916476,5.746938775510204,5.57203887004393,5.397138964577657,11.14407774008786,5.566548962732521,5.569293239931644,0.17489990546627343,"[""DateTime$Property"", ""TestDateTime_Properties"", ""DateTime""]","[0.04081632653061224, 0.02316076294277929]","[5.746938775510204, 5.397138964577657]"
org.joda.time.TestDateTime_Properties.testPropertyGetMaxMinValuesDayOfYear,0.04081632653061224,0.03198854473669577,0.02316076294277929,0.06397708947339154,0.029552368535419378,0.03074633739115251,0.008827781793916476,5.746938775510204,5.57203887004393,5.397138964577657,11.14407774008786,5.566548962732521,5.569293239931644,0.17489990546627343,"[""DateTime$Property"", ""TestDateTime_Properties"", ""DateTime""]","[0.04081632653061224, 0.02316076294277929]","[5.746938775510204, 5.397138964577657]"
org.joda.time.TestDateTime_Properties.testPropertyCompareToWeekOfWeekyear,0.04081632653061224,0.03198854473669577,0.02316076294277929,0.06397708947339154,0.029552368535419378,0.03074633739115251,0.008827781793916476,5.746938775510204,5.57203887004393,5.397138964577657,11.14407774008786,5.566548962732521,5.569293239931644,0.17489990546627343,"[""DateTime$Property"", ""TestDateTime_Properties"", ""DateTime""]","[0.04081632653061224, 0.02316076294277929]","[5.746938775510204, 5.397138964577657]"
org.joda.time.TestDateTime_Properties.testPropertyGetMaxMinValuesDayOfMonth,0.04081632653061224,0.03198854473669577,0.02316076294277929,0.06397708947339154,0.029552368535419378,0.03074633739115251,0.008827781793916476,5.746938775510204,5.57203887004393,5.397138964577657,11.14407774008786,5.566548962732521,5.569293239931644,0.17489990546627343,"[""DateTime$Property"", ""TestDateTime_Properties"", ""DateTime""]","[0.04081632653061224, 0.02316076294277929]","[5.746938775510204, 5.397138964577657]"
org.joda.time.TestDateTime_Properties.testPropertyAddWrapFieldWeekOfWeekyear,0.04081632653061224,0.03198854473669577,0.02316076294277929,0.06397708947339154,0.029552368535419378,0.03074633739115251,0.008827781793916476,5.746938775510204,5.57203887004393,5.397138964577657,11.14407774008786,5.566548962732521,5.569293239931644,0.17489990546627343,"[""DateTime$Property"", ""TestDateTime_Properties"", ""DateTime""]","[0.04081632653061224, 0.02316076294277929]","[5.746938775510204, 5.397138964577657]"
org.joda.time.TestDateTime_Properties.testPropertyRoundHalfEvenHourOfDay,0.04081632653061224,0.03198854473669577,0.02316076294277929,0.06397708947339154,0.029552368535419378,0.03074633739115251,0.008827781793916476,5.746938775510204,5.57203887004393,5.397138964577657,11.14407774008786,5.566548962732521,5.569293239931644,0.17489990546627343,"[""DateTime$Property"", ""TestDateTime_Properties"", ""DateTime""]","[0.04081632653061224, 0.02316076294277929]","[5.746938775510204, 5.397138964577657]"
org.joda.time.TestDateTime_Properties.testPropertyAddWeekOfWeekyear,0.04081632653061224,0.03198854473669577,0.02316076294277929,0.06397708947339154,0.029552368535419378,0.03074633739115251,0.008827781793916476,5.746938775510204,5.57203887004393,5.397138964577657,11.14407774008786,5.566548962732521,5.569293239931644,0.17489990546627343,"[""DateTime$Property"", ""TestDateTime_Properties"", ""DateTime""]","[0.04081632653061224, 0.02316076294277929]","[5.746938775510204, 5.397138964577657]"
org.joda.time.TestDateTime_Properties.testPropertyAddLongDayOfWeek,0.04081632653061224,0.03198854473669577,0.02316076294277929,0.06397708947339154,0.029552368535419378,0.03074633739115251,0.008827781793916476,5.746938775510204,5.57203887004393,5.397138964577657,11.14407774008786,5.566548962732521,5.569293239931644,0.17489990546627343,"[""DateTime$Property"", ""TestDateTime_Properties"", ""DateTime""]","[0.04081632653061224, 0.02316076294277929]","[5.746938775510204, 5.397138964577657]"
org.joda.time.TestDateTime_Properties.testPropertyAddMonthOfYear,0.04081632653061224,0.03198854473669577,0.02316076294277929,0.06397708947339154,0.029552368535419378,0.03074633739115251,0.008827781793916476,5.746938775510204,5.57203887004393,5.397138964577657,11.14407774008786,5.566548962732521,5.569293239931644,0.17489990546627343,"[""DateTime$Property"", ""TestDateTime_Properties"", ""DateTime""]","[0.04081632653061224, 0.02316076294277929]","[5.746938775510204, 5.397138964577657]"
org.joda.time.TestDateTime_Properties.testPropertyRemainderHourOfDay,0.04081632653061224,0.03198854473669577,0.02316076294277929,0.06397708947339154,0.029552368535419378,0.03074633739115251,0.008827781793916476,5.746938775510204,5.57203887004393,5.397138964577657,11.14407774008786,5.566548962732521,5.569293239931644,0.17489990546627343,"[""DateTime$Property"", ""TestDateTime_Properties"", ""DateTime""]","[0.04081632653061224, 0.02316076294277929]","[5.746938775510204, 5.397138964577657]"
org.joda.time.TestDateTime_Properties.testPropertyRoundFloorHourOfDay,0.04081632653061224,0.03198854473669577,0.02316076294277929,0.06397708947339154,0.029552368535419378,0.03074633739115251,0.008827781793916476,5.746938775510204,5.57203887004393,5.397138964577657,11.14407774008786,5.566548962732521,5.569293239931644,0.17489990546627343,"[""DateTime$Property"", ""TestDateTime_Properties"", ""DateTime""]","[0.04081632653061224, 0.02316076294277929]","[5.746938775510204, 5.397138964577657]"
org.joda.time.TestMutableDateTime_Adds.testAdd_DurationFieldType_int1,0.03498542274052478,0.021311832880497043,0.012718600953895072,0.06393549864149113,0.0177707190917188,0.019329835187488677,0.009774468976818244,4.066472303206997,2.0828628739528883,1.0056457304163726,6.248588621858665,1.435201130028004,1.6881640037071655,1.4043563315345038,"[""TestMutableDateTime_Adds"", ""MutableDateTime"", ""DurationFieldType""]","[0.03498542274052478, 0.016231474947071278, 0.012718600953895072]","[4.066472303206997, 1.0056457304163726, 1.1764705882352942]"
org.joda.time.TestInstant_Constructors.testConstructor_badconverterObject,0.018658892128279883,0.015932240464466823,0.012942779291553134,0.06372896185786729,0.015661023982953208,0.015798187063705747,0.0020378361247293587,1.4230544177881803,0.9150206607144723,0.5728882833787466,3.660082642857889,0.8141368154189654,0.8613297096547674,0.3253225045413312,"[""Integer"", ""Instant"", ""ISOChronology"", ""ConverterManager"", ""TestInstant_Constructors""]","[0.018658892128279883, 0.016383850204798128, 0.01574344023323615, 0.012942779291553134]","[0.963265306122449, 1.4230544177881803, 0.7008746355685131, 0.5728882833787466]"
org.joda.time.TestYearMonthDay_Properties.testPropertyEqualsHashCodeLenient,0.03763440860215054,0.021194120820961965,0.008777062609713282,0.0635823624628859,0.015094882116158713,0.01783373777776687,0.012119581581367613,3.3669354838709675,1.960396512935637,0.5330602691632533,5.881189538806911,1.1203591976753802,1.52632150070341,1.1570181727330437,"[""LenientChronology"", ""YearMonthDay"", ""TestYearMonthDay_Properties"", ""YearMonthDay$Property""]","[0.03763440860215054, 0.017170891251022075, 0.008777062609713282]","[3.3669354838709675, 1.98119378577269, 0.5330602691632533]"
org.joda.time.field.TestUnsupportedDateTimeField.testMethodsThatShouldAlwaysReturnNull,0.02142857142857143,0.015875799872736858,0.00994733762434172,0.06350319949094743,0.014719394365410797,0.01531277571618793,0.004069876251067351,4.760714285714286,2.1825861990286377,0.7466354593329433,8.73034479611455,1.4229944817371198,1.7359269301979618,1.5366661773217922,"[""DateTimeField"", ""TestUnsupportedDateTimeField"", ""UnsupportedDurationField"", ""UnsupportedDateTimeField""]","[0.02142857142857143, 0.016383850204798128, 0.01574344023323615, 0.00994733762434172]","[4.760714285714286, 1.406085430076068, 1.8169096209912536, 0.7466354593329433]"
org.joda.time.field.TestUnsupportedDateTimeField.testAlwaysFalseReturnTypes,0.02142857142857143,0.015875799872736858,0.00994733762434172,0.06350319949094743,0.014719394365410797,0.01531277571618793,0.004069876251067351,4.760714285714286,2.1825861990286377,0.7466354593329433,8.73034479611455,1.4229944817371198,1.7359269301979618,1.5366661773217922,"[""DateTimeField"", ""TestUnsupportedDateTimeField"", ""UnsupportedDurationField"", ""UnsupportedDateTimeField""]","[0.02142857142857143, 0.016383850204798128, 0.01574344023323615, 0.00994733762434172]","[4.760714285714286, 1.406085430076068, 1.8169096209912536, 0.7466354593329433]"
org.joda.time.field.TestUnsupportedDateTimeField.testToString,0.02142857142857143,0.015875799872736858,0.00994733762434172,0.06350319949094743,0.014719394365410797,0.01531277571618793,0.004069876251067351,4.760714285714286,2.1825861990286377,0.7466354593329433,8.73034479611455,1.4229944817371198,1.7359269301979618,1.5366661773217922,"[""UnsupportedDateTimeField"", ""UnsupportedDurationField"", ""String"", ""DateTimeField"", ""TestUnsupportedDateTimeField""]","[0.02142857142857143, 0.016383850204798128, 0.01574344023323615, 0.00994733762434172]","[4.760714285714286, 1.406085430076068, 1.8169096209912536, 0.7466354593329433]"
org.joda.time.TestMutableDateTime_Constructors.testConstructor_long1_DateTimeZone,0.03498542274052478,0.02114391880353311,0.012702893436838392,0.06343175641059932,0.017561927475743942,0.019126249062919515,0.009865821629362257,4.066472303206997,2.1362810191119497,0.7008746355685131,6.408843057335849,1.3146924999919083,1.672499541432819,1.417843665209909,"[""TestMutableDateTime_Constructors"", ""MutableDateTime"", ""ISOChronology""]","[0.03498542274052478, 0.01574344023323615, 0.012702893436838392]","[4.066472303206997, 0.7008746355685131, 1.6414961185603387]"
org.joda.time.TestMutableDateTime_Constructors.testConstructor_long1,0.03498542274052478,0.02114391880353311,0.012702893436838392,0.06343175641059932,0.017561927475743942,0.019126249062919515,0.009865821629362257,4.066472303206997,2.1362810191119497,0.7008746355685131,6.408843057335849,1.3146924999919083,1.672499541432819,1.417843665209909,"[""TestMutableDateTime_Constructors"", ""MutableDateTime"", ""ISOChronology""]","[0.03498542274052478, 0.01574344023323615, 0.012702893436838392]","[4.066472303206997, 0.7008746355685131, 1.6414961185603387]"
org.joda.time.TestMutableDateTime_Constructors.testConstructor_long_nullDateTimeZone,0.03498542274052478,0.02114391880353311,0.012702893436838392,0.06343175641059932,0.017561927475743942,0.019126249062919515,0.009865821629362257,4.066472303206997,2.1362810191119497,0.7008746355685131,6.408843057335849,1.3146924999919083,1.672499541432819,1.417843665209909,"[""TestMutableDateTime_Constructors"", ""MutableDateTime"", ""ISOChronology""]","[0.03498542274052478, 0.01574344023323615, 0.012702893436838392]","[4.066472303206997, 0.7008746355685131, 1.6414961185603387]"
org.joda.time.TestMutableDateTime_Constructors.testConstructor_nullObject,0.03498542274052478,0.02114391880353311,0.012702893436838392,0.06343175641059932,0.017561927475743942,0.019126249062919515,0.009865821629362257,4.066472303206997,2.1362810191119497,0.7008746355685131,6.408843057335849,1.3146924999919083,1.672499541432819,1.417843665209909,"[""TestMutableDateTime_Constructors"", ""MutableDateTime"", ""ISOChronology""]","[0.03498542274052478, 0.01574344023323615, 0.012702893436838392]","[4.066472303206997, 0.7008746355685131, 1.6414961185603387]"
org.joda.time.TestMutableDateTime_Constructors.testConstructor_nullObject_nullChronology,0.03498542274052478,0.02114391880353311,0.012702893436838392,0.06343175641059932,0.017561927475743942,0.019126249062919515,0.009865821629362257,4.066472303206997,2.1362810191119497,0.7008746355685131,6.408843057335849,1.3146924999919083,1.672499541432819,1.417843665209909,"[""TestMutableDateTime_Constructors"", ""MutableDateTime"", ""ISOChronology""]","[0.03498542274052478, 0.01574344023323615, 0.012702893436838392]","[4.066472303206997, 0.7008746355685131, 1.6414961185603387]"
org.joda.time.TestMutableDateTime_Constructors.testConstructor_invalidObject_Chronology,0.03498542274052478,0.02114391880353311,0.012702893436838392,0.06343175641059932,0.017561927475743942,0.019126249062919515,0.009865821629362257,4.066472303206997,2.113346130870939,0.632069970845481,6.340038392612817,1.2309121137483638,1.6158744433619205,1.441240593081921,"[""TestMutableDateTime_Constructors"", ""Object"", ""MutableDateTime"", ""GregorianChronology""]","[0.03498542274052478, 0.01574344023323615, 0.012702893436838392]","[4.066472303206997, 0.632069970845481, 1.6414961185603387]"
org.joda.time.TestMutableDateTime_Constructors.testConstructor_nullObject_nullDateTimeZone,0.03498542274052478,0.02114391880353311,0.012702893436838392,0.06343175641059932,0.017561927475743942,0.019126249062919515,0.009865821629362257,4.066472303206997,2.1362810191119497,0.7008746355685131,6.408843057335849,1.3146924999919083,1.672499541432819,1.417843665209909,"[""TestMutableDateTime_Constructors"", ""MutableDateTime"", ""ISOChronology""]","[0.03498542274052478, 0.01574344023323615, 0.012702893436838392]","[4.066472303206997, 0.7008746355685131, 1.6414961185603387]"
org.joda.time.TestMutableDateTime_Constructors.testConstructor_long1_Chronology,0.03498542274052478,0.02114391880353311,0.012702893436838392,0.06343175641059932,0.017561927475743942,0.019126249062919515,0.009865821629362257,4.066472303206997,2.113346130870939,0.632069970845481,6.340038392612817,1.2309121137483638,1.6158744433619205,1.441240593081921,"[""TestMutableDateTime_Constructors"", ""MutableDateTime"", ""GregorianChronology""]","[0.03498542274052478, 0.01574344023323615, 0.012702893436838392]","[4.066472303206997, 0.632069970845481, 1.6414961185603387]"
org.joda.time.TestMutableDateTime_Constructors.testConstructor_int_int_int_int_int_int_int,0.03498542274052478,0.02114391880353311,0.012702893436838392,0.06343175641059932,0.017561927475743942,0.019126249062919515,0.009865821629362257,4.066472303206997,2.1362810191119497,0.7008746355685131,6.408843057335849,1.3146924999919083,1.672499541432819,1.417843665209909,"[""TestMutableDateTime_Constructors"", ""MutableDateTime"", ""ISOChronology""]","[0.03498542274052478, 0.01574344023323615, 0.012702893436838392]","[4.066472303206997, 0.7008746355685131, 1.6414961185603387]"
org.joda.time.TestMutableDateTime_Constructors.testConstructor_nullDateTimeZone,0.03498542274052478,0.02114391880353311,0.012702893436838392,0.06343175641059932,0.017561927475743942,0.019126249062919515,0.009865821629362257,4.066472303206997,2.1362810191119497,0.7008746355685131,6.408843057335849,1.3146924999919083,1.672499541432819,1.417843665209909,"[""TestMutableDateTime_Constructors"", ""MutableDateTime"", ""ISOChronology""]","[0.03498542274052478, 0.01574344023323615, 0.012702893436838392]","[4.066472303206997, 0.7008746355685131, 1.6414961185603387]"
org.joda.time.TestMutableDateTime_Constructors.testConstructor_int_int_int_int_int_int_int_DateTimeZone,0.03498542274052478,0.02114391880353311,0.012702893436838392,0.06343175641059932,0.017561927475743942,0.019126249062919515,0.009865821629362257,4.066472303206997,2.1362810191119497,0.7008746355685131,6.408843057335849,1.3146924999919083,1.672499541432819,1.417843665209909,"[""TestMutableDateTime_Constructors"", ""MutableDateTime"", ""ISOChronology""]","[0.03498542274052478, 0.01574344023323615, 0.012702893436838392]","[4.066472303206997, 0.7008746355685131, 1.6414961185603387]"
org.joda.time.TestMutableDateTime_Constructors.test_now_Chronology,0.03498542274052478,0.02114391880353311,0.012702893436838392,0.06343175641059932,0.017561927475743942,0.019126249062919515,0.009865821629362257,4.066472303206997,2.113346130870939,0.632069970845481,6.340038392612817,1.2309121137483638,1.6158744433619205,1.441240593081921,"[""TestMutableDateTime_Constructors"", ""MutableDateTime"", ""GregorianChronology""]","[0.03498542274052478, 0.01574344023323615, 0.012702893436838392]","[4.066472303206997, 0.632069970845481, 1.6414961185603387]"
org.joda.time.TestMutableDateTime_Constructors.testConstructor_DateTimeZone,0.03498542274052478,0.02114391880353311,0.012702893436838392,0.06343175641059932,0.017561927475743942,0.019126249062919515,0.009865821629362257,4.066472303206997,2.1362810191119497,0.7008746355685131,6.408843057335849,1.3146924999919083,1.672499541432819,1.417843665209909,"[""TestMutableDateTime_Constructors"", ""MutableDateTime"", ""ISOChronology""]","[0.03498542274052478, 0.01574344023323615, 0.012702893436838392]","[4.066472303206997, 0.7008746355685131, 1.6414961185603387]"
org.joda.time.TestMutableDateTime_Constructors.testConstructor_long2_Chronology,0.03498542274052478,0.02114391880353311,0.012702893436838392,0.06343175641059932,0.017561927475743942,0.019126249062919515,0.009865821629362257,4.066472303206997,2.113346130870939,0.632069970845481,6.340038392612817,1.2309121137483638,1.6158744433619205,1.441240593081921,"[""TestMutableDateTime_Constructors"", ""MutableDateTime"", ""GregorianChronology""]","[0.03498542274052478, 0.01574344023323615, 0.012702893436838392]","[4.066472303206997, 0.632069970845481, 1.6414961185603387]"
org.joda.time.TestMutableDateTime_Constructors.testConstructor_long_nullChronology,0.03498542274052478,0.02114391880353311,0.012702893436838392,0.06343175641059932,0.017561927475743942,0.019126249062919515,0.009865821629362257,4.066472303206997,2.1362810191119497,0.7008746355685131,6.408843057335849,1.3146924999919083,1.672499541432819,1.417843665209909,"[""TestMutableDateTime_Constructors"", ""MutableDateTime"", ""ISOChronology""]","[0.03498542274052478, 0.01574344023323615, 0.012702893436838392]","[4.066472303206997, 0.7008746355685131, 1.6414961185603387]"
org.joda.time.TestMutableDateTime_Constructors.testConstructor_int_int_int_int_int_int_int_nullDateTimeZone,0.03498542274052478,0.02114391880353311,0.012702893436838392,0.06343175641059932,0.017561927475743942,0.019126249062919515,0.009865821629362257,4.066472303206997,2.1362810191119497,0.7008746355685131,6.408843057335849,1.3146924999919083,1.672499541432819,1.417843665209909,"[""TestMutableDateTime_Constructors"", ""MutableDateTime"", ""ISOChronology""]","[0.03498542274052478, 0.01574344023323615, 0.012702893436838392]","[4.066472303206997, 0.7008746355685131, 1.6414961185603387]"
org.joda.time.TestMutableDateTime_Constructors.testConstructor_int_int_int_int_int_int_int_Chronology,0.03498542274052478,0.02114391880353311,0.012702893436838392,0.06343175641059932,0.017561927475743942,0.019126249062919515,0.009865821629362257,4.066472303206997,2.113346130870939,0.632069970845481,6.340038392612817,1.2309121137483638,1.6158744433619205,1.441240593081921,"[""TestMutableDateTime_Constructors"", ""MutableDateTime"", ""GregorianChronology""]","[0.03498542274052478, 0.01574344023323615, 0.012702893436838392]","[4.066472303206997, 0.632069970845481, 1.6414961185603387]"
org.joda.time.TestMutableDateTime_Constructors.test_now_DateTimeZone,0.03498542274052478,0.02114391880353311,0.012702893436838392,0.06343175641059932,0.017561927475743942,0.019126249062919515,0.009865821629362257,4.066472303206997,2.1362810191119497,0.7008746355685131,6.408843057335849,1.3146924999919083,1.672499541432819,1.417843665209909,"[""TestMutableDateTime_Constructors"", ""MutableDateTime"", ""ISOChronology""]","[0.03498542274052478, 0.01574344023323615, 0.012702893436838392]","[4.066472303206997, 0.7008746355685131, 1.6414961185603387]"
org.joda.time.TestMutableDateTime_Constructors.testConstructor_int_int_int_int_int_int_int_nullChronology,0.03498542274052478,0.02114391880353311,0.012702893436838392,0.06343175641059932,0.017561927475743942,0.019126249062919515,0.009865821629362257,4.066472303206997,2.1362810191119497,0.7008746355685131,6.408843057335849,1.3146924999919083,1.672499541432819,1.417843665209909,"[""TestMutableDateTime_Constructors"", ""MutableDateTime"", ""ISOChronology""]","[0.03498542274052478, 0.01574344023323615, 0.012702893436838392]","[4.066472303206997, 0.7008746355685131, 1.6414961185603387]"
org.joda.time.TestMutableDateTime_Constructors.testConstructor_Chronology,0.03498542274052478,0.02114391880353311,0.012702893436838392,0.06343175641059932,0.017561927475743942,0.019126249062919515,0.009865821629362257,4.066472303206997,2.113346130870939,0.632069970845481,6.340038392612817,1.2309121137483638,1.6158744433619205,1.441240593081921,"[""TestMutableDateTime_Constructors"", ""MutableDateTime"", ""GregorianChronology""]","[0.03498542274052478, 0.01574344023323615, 0.012702893436838392]","[4.066472303206997, 0.632069970845481, 1.6414961185603387]"
org.joda.time.TestMutableDateTime_Constructors.testConstructor_long2,0.03498542274052478,0.02114391880353311,0.012702893436838392,0.06343175641059932,0.017561927475743942,0.019126249062919515,0.009865821629362257,4.066472303206997,2.1362810191119497,0.7008746355685131,6.408843057335849,1.3146924999919083,1.672499541432819,1.417843665209909,"[""TestMutableDateTime_Constructors"", ""MutableDateTime"", ""ISOChronology""]","[0.03498542274052478, 0.01574344023323615, 0.012702893436838392]","[4.066472303206997, 0.7008746355685131, 1.6414961185603387]"
org.joda.time.TestMutableDateTime_Constructors.testConstructor,0.03498542274052478,0.02114391880353311,0.012702893436838392,0.06343175641059932,0.017561927475743942,0.019126249062919515,0.009865821629362257,4.066472303206997,2.1362810191119497,0.7008746355685131,6.408843057335849,1.3146924999919083,1.672499541432819,1.417843665209909,"[""TestMutableDateTime_Constructors"", ""MutableDateTime"", ""ISOChronology""]","[0.03498542274052478, 0.01574344023323615, 0.012702893436838392]","[4.066472303206997, 0.7008746355685131, 1.6414961185603387]"
org.joda.time.TestMutableDateTime_Constructors.testConstructor_nullObject_DateTimeZone,0.03498542274052478,0.02114391880353311,0.012702893436838392,0.06343175641059932,0.017561927475743942,0.019126249062919515,0.009865821629362257,4.066472303206997,2.1362810191119497,0.7008746355685131,6.408843057335849,1.3146924999919083,1.672499541432819,1.417843665209909,"[""TestMutableDateTime_Constructors"", ""MutableDateTime"", ""ISOChronology""]","[0.03498542274052478, 0.01574344023323615, 0.012702893436838392]","[4.066472303206997, 0.7008746355685131, 1.6414961185603387]"
org.joda.time.TestMutableDateTime_Constructors.testConstructor_nullChronology,0.03498542274052478,0.02114391880353311,0.012702893436838392,0.06343175641059932,0.017561927475743942,0.019126249062919515,0.009865821629362257,4.066472303206997,2.1362810191119497,0.7008746355685131,6.408843057335849,1.3146924999919083,1.672499541432819,1.417843665209909,"[""TestMutableDateTime_Constructors"", ""MutableDateTime"", ""ISOChronology""]","[0.03498542274052478, 0.01574344023323615, 0.012702893436838392]","[4.066472303206997, 0.7008746355685131, 1.6414961185603387]"
org.joda.time.TestMutableDateTime_Constructors.test_now,0.03498542274052478,0.02114391880353311,0.012702893436838392,0.06343175641059932,0.017561927475743942,0.019126249062919515,0.009865821629362257,4.066472303206997,2.1362810191119497,0.7008746355685131,6.408843057335849,1.3146924999919083,1.672499541432819,1.417843665209909,"[""TestMutableDateTime_Constructors"", ""MutableDateTime"", ""ISOChronology""]","[0.03498542274052478, 0.01574344023323615, 0.012702893436838392]","[4.066472303206997, 0.7008746355685131, 1.6414961185603387]"
org.joda.time.TestMutableDateTime_Constructors.testConstructor_long2_DateTimeZone,0.03498542274052478,0.02114391880353311,0.012702893436838392,0.06343175641059932,0.017561927475743942,0.019126249062919515,0.009865821629362257,4.066472303206997,2.1362810191119497,0.7008746355685131,6.408843057335849,1.3146924999919083,1.672499541432819,1.417843665209909,"[""TestMutableDateTime_Constructors"", ""MutableDateTime"", ""ISOChronology""]","[0.03498542274052478, 0.01574344023323615, 0.012702893436838392]","[4.066472303206997, 0.7008746355685131, 1.6414961185603387]"
org.joda.time.TestMutableDateTime_Constructors.testConstructor_nullObject_Chronology,0.03498542274052478,0.02114391880353311,0.012702893436838392,0.06343175641059932,0.017561927475743942,0.019126249062919515,0.009865821629362257,4.066472303206997,2.113346130870939,0.632069970845481,6.340038392612817,1.2309121137483638,1.6158744433619205,1.441240593081921,"[""TestMutableDateTime_Constructors"", ""MutableDateTime"", ""GregorianChronology""]","[0.03498542274052478, 0.01574344023323615, 0.012702893436838392]","[4.066472303206997, 0.632069970845481, 1.6414961185603387]"
org.joda.time.TestMutablePeriod_Updates.testAdd_RInterval1,0.022713687985654513,0.02105201107764698,0.019823788546255508,0.06315603323294094,0.02098331151832461,0.021017329093078695,0.0012189590408528581,5.674008810572687,3.425891558035231,1.5499103407053199,10.277674674105693,2.6111785753748946,2.994633066254332,1.7040952572779067,"[""MutablePeriod"", ""TestMutablePeriod_Updates"", ""Interval""]","[0.022713687985654513, 0.020618556701030927, 0.019823788546255508]","[1.5499103407053199, 3.0537555228276876, 5.674008810572687]"
org.joda.time.TestDateMidnight_Constructors.testConstructor_Object_Chronology,0.03319502074688797,0.01578277110528983,0.00243605359317905,0.06313108442115932,0.006788839273952867,0.01106076111618981,0.011152725557148307,3.8485477178423237,1.5536203401648858,0.04506699147381242,6.214481360659543,0.1624479715165989,0.6559556720823256,1.4499959138596787,"[""TestDateMidnight_Constructors"", ""DateMidnight"", ""Date"", ""GregorianChronology""]","[0.03319502074688797, 0.01574344023323615, 0.011756569847856155, 0.00243605359317905]","[3.8485477178423237, 0.632069970845481, 1.6887966804979253, 0.04506699147381242]"
org.joda.time.TestDateMidnight_Constructors.testConstructor_Object_nullDateTimeZone,0.03319502074688797,0.01578277110528983,0.00243605359317905,0.06313108442115932,0.006788839273952867,0.01106076111618981,0.011152725557148307,3.8485477178423237,1.5708215063456437,0.04506699147381242,6.283286025382575,0.1634791385586636,0.6731212298232507,1.4393305070311317,"[""TestDateMidnight_Constructors"", ""DateMidnight"", ""Date"", ""ISOChronology""]","[0.03319502074688797, 0.01574344023323615, 0.011756569847856155, 0.00243605359317905]","[3.8485477178423237, 0.7008746355685131, 1.6887966804979253, 0.04506699147381242]"
org.joda.time.TestDateMidnight_Constructors.testConstructor_Object_DateTimeZone,0.03319502074688797,0.01578277110528983,0.00243605359317905,0.06313108442115932,0.006788839273952867,0.01106076111618981,0.011152725557148307,3.8485477178423237,1.5708215063456437,0.04506699147381242,6.283286025382575,0.1634791385586636,0.6731212298232507,1.4393305070311317,"[""TestDateMidnight_Constructors"", ""DateMidnight"", ""Date"", ""ISOChronology""]","[0.03319502074688797, 0.01574344023323615, 0.011756569847856155, 0.00243605359317905]","[3.8485477178423237, 0.7008746355685131, 1.6887966804979253, 0.04506699147381242]"
org.joda.time.TestDateMidnight_Constructors.testConstructor_Object,0.03319502074688797,0.01578277110528983,0.00243605359317905,0.06313108442115932,0.006788839273952867,0.01106076111618981,0.011152725557148307,3.8485477178423237,1.5708215063456437,0.04506699147381242,6.283286025382575,0.1634791385586636,0.6731212298232507,1.4393305070311317,"[""TestDateMidnight_Constructors"", ""DateMidnight"", ""Date"", ""ISOChronology""]","[0.03319502074688797, 0.01574344023323615, 0.011756569847856155, 0.00243605359317905]","[3.8485477178423237, 0.7008746355685131, 1.6887966804979253, 0.04506699147381242]"
org.joda.time.TestDateMidnight_Constructors.testConstructor_Object_nullChronology,0.03319502074688797,0.01578277110528983,0.00243605359317905,0.06313108442115932,0.006788839273952867,0.01106076111618981,0.011152725557148307,3.8485477178423237,1.5708215063456437,0.04506699147381242,6.283286025382575,0.1634791385586636,0.6731212298232507,1.4393305070311317,"[""TestDateMidnight_Constructors"", ""DateMidnight"", ""Date"", ""ISOChronology""]","[0.03319502074688797, 0.01574344023323615, 0.011756569847856155, 0.00243605359317905]","[3.8485477178423237, 0.7008746355685131, 1.6887966804979253, 0.04506699147381242]"
org.joda.time.TestYearMonthDay_Properties.testPropertyEqualsHashCodeStrict,0.03763440860215054,0.02099907498519056,0.008191925102399064,0.06299722495557168,0.014501093336402348,0.017428284288196556,0.01232088204865216,3.3669354838709675,1.9596163295925513,0.5307197191339965,5.878848988777654,1.1169083169875431,1.5240843095148415,1.1579807586187936,"[""YearMonthDay"", ""StrictChronology"", ""TestYearMonthDay_Properties"", ""YearMonthDay$Property""]","[0.03763440860215054, 0.017170891251022075, 0.008191925102399064]","[3.3669354838709675, 1.98119378577269, 0.5307197191339965]"
org.joda.time.TestInterval_Basics.testSerialization,0.028210838901262063,0.01573413472473215,0.006006006006006006,0.0629365388989286,0.009697588362893965,0.012330162357694439,0.009920374080231295,5.182628062360802,1.7229243905563203,0.07507507507507508,6.891697562225281,0.15354492201490905,0.47453314010947717,2.085706611366594,"[""ByteArrayOutputStream"", ""Interval"", ""ObjectInputStream"", ""TestInterval_Basics"", ""ObjectOutputStream"", ""ByteArrayInputStream""]","[0.028210838901262063, 0.022713687985654513, 0.006006006006006006, 0.006006006006006006]","[5.182628062360802, 1.5499103407053199, 0.08408408408408409, 0.07507507507507508]"
org.joda.time.TestMonthDay_Constructors.testConstructor_long1,0.03459119496855346,0.031446540880503145,0.02830188679245283,0.06289308176100629,0.03113207547169811,0.03128891311656039,0.0031446540880503138,6.022012578616352,4.35377358490566,2.6855345911949686,8.70754716981132,3.7145530820789925,4.021482697772728,1.6682389937106918,"[""MonthDay"", ""TestMonthDay_Constructors""]","[0.03459119496855346, 0.02830188679245283]","[6.022012578616352, 2.6855345911949686]"
org.joda.time.TestMonthDay_Constructors.testParse_noFormatter,0.03459119496855346,0.031446540880503145,0.02830188679245283,0.06289308176100629,0.03113207547169811,0.03128891311656039,0.0031446540880503138,6.022012578616352,4.35377358490566,2.6855345911949686,8.70754716981132,3.7145530820789925,4.021482697772728,1.6682389937106918,"[""MonthDay"", ""TestMonthDay_Constructors""]","[0.03459119496855346, 0.02830188679245283]","[6.022012578616352, 2.6855345911949686]"
org.joda.time.TestMonthDay_Constructors.testConstructor_ObjectStringEx4,0.03459119496855346,0.031446540880503145,0.02830188679245283,0.06289308176100629,0.03113207547169811,0.03128891311656039,0.0031446540880503138,6.022012578616352,4.35377358490566,2.6855345911949686,8.70754716981132,3.7145530820789925,4.021482697772728,1.6682389937106918,"[""MonthDay"", ""TestMonthDay_Constructors""]","[0.03459119496855346, 0.02830188679245283]","[6.022012578616352, 2.6855345911949686]"
org.joda.time.TestMonthDay_Constructors.testConstructor_nullObject_Chronology,0.03459119496855346,0.031446540880503145,0.02830188679245283,0.06289308176100629,0.03113207547169811,0.03128891311656039,0.0031446540880503138,6.022012578616352,4.35377358490566,2.6855345911949686,8.70754716981132,3.7145530820789925,4.021482697772728,1.6682389937106918,"[""MonthDay"", ""TestMonthDay_Constructors""]","[0.03459119496855346, 0.02830188679245283]","[6.022012578616352, 2.6855345911949686]"
org.joda.time.TestMonthDay_Constructors.testConstructor_int_int_nullChronology,0.03459119496855346,0.031446540880503145,0.02830188679245283,0.06289308176100629,0.03113207547169811,0.03128891311656039,0.0031446540880503138,6.022012578616352,4.35377358490566,2.6855345911949686,8.70754716981132,3.7145530820789925,4.021482697772728,1.6682389937106918,"[""MonthDay"", ""TestMonthDay_Constructors""]","[0.03459119496855346, 0.02830188679245283]","[6.022012578616352, 2.6855345911949686]"
org.joda.time.TestMonthDay_Constructors.testConstructor_long2_Chronology,0.03459119496855346,0.031446540880503145,0.02830188679245283,0.06289308176100629,0.03113207547169811,0.03128891311656039,0.0031446540880503138,6.022012578616352,4.35377358490566,2.6855345911949686,8.70754716981132,3.7145530820789925,4.021482697772728,1.6682389937106918,"[""MonthDay"", ""TestMonthDay_Constructors""]","[0.03459119496855346, 0.02830188679245283]","[6.022012578616352, 2.6855345911949686]"
org.joda.time.TestMonthDay_Constructors.testConstructor_nullObject_nullChronology,0.03459119496855346,0.031446540880503145,0.02830188679245283,0.06289308176100629,0.03113207547169811,0.03128891311656039,0.0031446540880503138,6.022012578616352,4.35377358490566,2.6855345911949686,8.70754716981132,3.7145530820789925,4.021482697772728,1.6682389937106918,"[""MonthDay"", ""TestMonthDay_Constructors""]","[0.03459119496855346, 0.02830188679245283]","[6.022012578616352, 2.6855345911949686]"
org.joda.time.TestMonthDay_Constructors.testConstructor_Chronology,0.03459119496855346,0.031446540880503145,0.02830188679245283,0.06289308176100629,0.03113207547169811,0.03128891311656039,0.0031446540880503138,6.022012578616352,4.35377358490566,2.6855345911949686,8.70754716981132,3.7145530820789925,4.021482697772728,1.6682389937106918,"[""MonthDay"", ""TestMonthDay_Constructors""]","[0.03459119496855346, 0.02830188679245283]","[6.022012578616352, 2.6855345911949686]"
org.joda.time.TestMonthDay_Constructors.testConstructor,0.03459119496855346,0.031446540880503145,0.02830188679245283,0.06289308176100629,0.03113207547169811,0.03128891311656039,0.0031446540880503138,6.022012578616352,4.35377358490566,2.6855345911949686,8.70754716981132,3.7145530820789925,4.021482697772728,1.6682389937106918,"[""MonthDay"", ""TestMonthDay_Constructors""]","[0.03459119496855346, 0.02830188679245283]","[6.022012578616352, 2.6855345911949686]"
org.joda.time.TestMonthDay_Constructors.testConstructor_ObjectStringEx3,0.03459119496855346,0.031446540880503145,0.02830188679245283,0.06289308176100629,0.03113207547169811,0.03128891311656039,0.0031446540880503138,6.022012578616352,4.35377358490566,2.6855345911949686,8.70754716981132,3.7145530820789925,4.021482697772728,1.6682389937106918,"[""MonthDay"", ""TestMonthDay_Constructors""]","[0.03459119496855346, 0.02830188679245283]","[6.022012578616352, 2.6855345911949686]"
org.joda.time.TestMonthDay_Constructors.testConstructor_nullChronology,0.03459119496855346,0.031446540880503145,0.02830188679245283,0.06289308176100629,0.03113207547169811,0.03128891311656039,0.0031446540880503138,6.022012578616352,4.35377358490566,2.6855345911949686,8.70754716981132,3.7145530820789925,4.021482697772728,1.6682389937106918,"[""MonthDay"", ""TestMonthDay_Constructors""]","[0.03459119496855346, 0.02830188679245283]","[6.022012578616352, 2.6855345911949686]"
org.joda.time.TestMonthDay_Constructors.testConstructor_long2,0.03459119496855346,0.031446540880503145,0.02830188679245283,0.06289308176100629,0.03113207547169811,0.03128891311656039,0.0031446540880503138,6.022012578616352,4.35377358490566,2.6855345911949686,8.70754716981132,3.7145530820789925,4.021482697772728,1.6682389937106918,"[""MonthDay"", ""TestMonthDay_Constructors""]","[0.03459119496855346, 0.02830188679245283]","[6.022012578616352, 2.6855345911949686]"
org.joda.time.TestMonthDay_Constructors.testConstructor_nullObject,0.03459119496855346,0.031446540880503145,0.02830188679245283,0.06289308176100629,0.03113207547169811,0.03128891311656039,0.0031446540880503138,6.022012578616352,4.35377358490566,2.6855345911949686,8.70754716981132,3.7145530820789925,4.021482697772728,1.6682389937106918,"[""MonthDay"", ""TestMonthDay_Constructors""]","[0.03459119496855346, 0.02830188679245283]","[6.022012578616352, 2.6855345911949686]"
org.joda.time.TestMonthDay_Constructors.testConstructor_int_int_Chronology,0.03459119496855346,0.031446540880503145,0.02830188679245283,0.06289308176100629,0.03113207547169811,0.03128891311656039,0.0031446540880503138,6.022012578616352,4.35377358490566,2.6855345911949686,8.70754716981132,3.7145530820789925,4.021482697772728,1.6682389937106918,"[""MonthDay"", ""TestMonthDay_Constructors""]","[0.03459119496855346, 0.02830188679245283]","[6.022012578616352, 2.6855345911949686]"
org.joda.time.TestMonthDay_Constructors.testConstructor_ObjectString1,0.03459119496855346,0.031446540880503145,0.02830188679245283,0.06289308176100629,0.03113207547169811,0.03128891311656039,0.0031446540880503138,6.022012578616352,4.35377358490566,2.6855345911949686,8.70754716981132,3.7145530820789925,4.021482697772728,1.6682389937106918,"[""MonthDay"", ""TestMonthDay_Constructors""]","[0.03459119496855346, 0.02830188679245283]","[6.022012578616352, 2.6855345911949686]"
org.joda.time.TestMonthDay_Constructors.testConstructor_ObjectStringEx2,0.03459119496855346,0.031446540880503145,0.02830188679245283,0.06289308176100629,0.03113207547169811,0.03128891311656039,0.0031446540880503138,6.022012578616352,4.35377358490566,2.6855345911949686,8.70754716981132,3.7145530820789925,4.021482697772728,1.6682389937106918,"[""MonthDay"", ""TestMonthDay_Constructors""]","[0.03459119496855346, 0.02830188679245283]","[6.022012578616352, 2.6855345911949686]"
org.joda.time.TestMonthDay_Constructors.testConstructor_ObjectString5,0.03459119496855346,0.031446540880503145,0.02830188679245283,0.06289308176100629,0.03113207547169811,0.03128891311656039,0.0031446540880503138,6.022012578616352,4.35377358490566,2.6855345911949686,8.70754716981132,3.7145530820789925,4.021482697772728,1.6682389937106918,"[""MonthDay"", ""TestMonthDay_Constructors""]","[0.03459119496855346, 0.02830188679245283]","[6.022012578616352, 2.6855345911949686]"
org.joda.time.TestMonthDay_Constructors.testConstructor_ObjectStringEx1,0.03459119496855346,0.031446540880503145,0.02830188679245283,0.06289308176100629,0.03113207547169811,0.03128891311656039,0.0031446540880503138,6.022012578616352,4.35377358490566,2.6855345911949686,8.70754716981132,3.7145530820789925,4.021482697772728,1.6682389937106918,"[""MonthDay"", ""TestMonthDay_Constructors""]","[0.03459119496855346, 0.02830188679245283]","[6.022012578616352, 2.6855345911949686]"
org.joda.time.TestMonthDay_Constructors.testConstructor_long_nullChronology,0.03459119496855346,0.031446540880503145,0.02830188679245283,0.06289308176100629,0.03113207547169811,0.03128891311656039,0.0031446540880503138,6.022012578616352,4.35377358490566,2.6855345911949686,8.70754716981132,3.7145530820789925,4.021482697772728,1.6682389937106918,"[""MonthDay"", ""TestMonthDay_Constructors""]","[0.03459119496855346, 0.02830188679245283]","[6.022012578616352, 2.6855345911949686]"
org.joda.time.TestMonthDay_Constructors.testConstructor_int_int,0.03459119496855346,0.031446540880503145,0.02830188679245283,0.06289308176100629,0.03113207547169811,0.03128891311656039,0.0031446540880503138,6.022012578616352,4.35377358490566,2.6855345911949686,8.70754716981132,3.7145530820789925,4.021482697772728,1.6682389937106918,"[""MonthDay"", ""TestMonthDay_Constructors""]","[0.03459119496855346, 0.02830188679245283]","[6.022012578616352, 2.6855345911949686]"
org.joda.time.TestMonthDay_Constructors.testConstructor_long1_Chronology,0.03459119496855346,0.031446540880503145,0.02830188679245283,0.06289308176100629,0.03113207547169811,0.03128891311656039,0.0031446540880503138,6.022012578616352,4.35377358490566,2.6855345911949686,8.70754716981132,3.7145530820789925,4.021482697772728,1.6682389937106918,"[""MonthDay"", ""TestMonthDay_Constructors""]","[0.03459119496855346, 0.02830188679245283]","[6.022012578616352, 2.6855345911949686]"
org.joda.time.TestMutableInterval_Updates.testSePeriodAfterStart_RI2,0.030927835051546393,0.02075609138787628,0.01281085154483798,0.062268274163628845,0.018252627447056604,0.01943559126976902,0.007561933716233003,4.878497790868925,2.494957363836887,1.2755528989838614,7.4848720915106615,1.723770868080716,2.023181232426265,1.6855686236043135,"[""MutableInterval"", ""TestMutableInterval_Updates"", ""Period""]","[0.030927835051546393, 0.01852958756724447, 0.01281085154483798]","[4.878497790868925, 1.2755528989838614, 1.330821401657875]"
org.joda.time.TestMutableInterval_Updates.testSePeriodBeforeEnd_RI2,0.030927835051546393,0.02075609138787628,0.01281085154483798,0.062268274163628845,0.018252627447056604,0.01943559126976902,0.007561933716233003,4.878497790868925,2.494957363836887,1.2755528989838614,7.4848720915106615,1.723770868080716,2.023181232426265,1.6855686236043135,"[""MutableInterval"", ""TestMutableInterval_Updates"", ""Period""]","[0.030927835051546393, 0.01852958756724447, 0.01281085154483798]","[4.878497790868925, 1.2755528989838614, 1.330821401657875]"
org.joda.time.TestMutableInterval_Updates.testSetPeriodBeforeEnd_RI1,0.030927835051546393,0.02075609138787628,0.01281085154483798,0.062268274163628845,0.018252627447056604,0.01943559126976902,0.007561933716233003,4.878497790868925,2.494957363836887,1.2755528989838614,7.4848720915106615,1.723770868080716,2.023181232426265,1.6855686236043135,"[""MutableInterval"", ""TestMutableInterval_Updates"", ""Period""]","[0.030927835051546393, 0.01852958756724447, 0.01281085154483798]","[4.878497790868925, 1.2755528989838614, 1.330821401657875]"
org.joda.time.TestMutableInterval_Updates.testSetPeriodAfterStart_RI1,0.030927835051546393,0.02075609138787628,0.01281085154483798,0.062268274163628845,0.018252627447056604,0.01943559126976902,0.007561933716233003,4.878497790868925,2.494957363836887,1.2755528989838614,7.4848720915106615,1.723770868080716,2.023181232426265,1.6855686236043135,"[""MutableInterval"", ""TestMutableInterval_Updates"", ""Period""]","[0.030927835051546393, 0.01852958756724447, 0.01281085154483798]","[4.878497790868925, 1.2755528989838614, 1.330821401657875]"
org.joda.time.TestMonthDay_Properties.testPropertyEqualsHashCodeLenient,0.03459119496855346,0.020745394035522877,0.008777062609713282,0.06223618210656863,0.015318437828804852,0.017892854510639836,0.010621865064505333,6.022012578616352,2.9114393769328246,0.5330602691632533,8.734318130798474,1.1995718089497276,1.9125289996058994,2.2998884766055485,"[""LenientChronology"", ""MonthDay"", ""MonthDay$Property"", ""TestMonthDay_Properties""]","[0.03459119496855346, 0.018867924528301886, 0.008777062609713282]","[6.022012578616352, 2.1792452830188678, 0.5330602691632533]"
org.joda.time.TestMutableInterval_Basics.testContains_RInterval,0.022713687985654513,0.020702552357672738,0.01852958756724447,0.06210765707301821,0.020558840101788614,0.020630969705533683,0.0017119804489145259,1.8293591654247392,1.5516074683713068,1.2755528989838614,4.65482240511392,1.5183631745383268,1.5349751306463162,0.22609364633418627,"[""MutableInterval"", ""TestMutableInterval_Basics"", ""Interval""]","[0.022713687985654513, 0.020864381520119227, 0.01852958756724447]","[1.5499103407053199, 1.8293591654247392, 1.2755528989838614]"
org.joda.time.TestMutableInterval_Basics.testIsBefore_RInterval,0.022713687985654513,0.020702552357672738,0.01852958756724447,0.06210765707301821,0.020558840101788614,0.020630969705533683,0.0017119804489145259,1.8293591654247392,1.5516074683713068,1.2755528989838614,4.65482240511392,1.5183631745383268,1.5349751306463162,0.22609364633418627,"[""MutableInterval"", ""TestMutableInterval_Basics"", ""Interval""]","[0.022713687985654513, 0.020864381520119227, 0.01852958756724447]","[1.5499103407053199, 1.8293591654247392, 1.2755528989838614]"
org.joda.time.TestMutableInterval_Basics.testIsAfter_RInterval,0.022713687985654513,0.020702552357672738,0.01852958756724447,0.06210765707301821,0.020558840101788614,0.020630969705533683,0.0017119804489145259,1.8293591654247392,1.5516074683713068,1.2755528989838614,4.65482240511392,1.5183631745383268,1.5349751306463162,0.22609364633418627,"[""MutableInterval"", ""TestMutableInterval_Basics"", ""Interval""]","[0.022713687985654513, 0.020864381520119227, 0.01852958756724447]","[1.5499103407053199, 1.8293591654247392, 1.2755528989838614]"
org.joda.time.TestMutableInterval_Basics.testOverlaps_RInterval,0.022713687985654513,0.020702552357672738,0.01852958756724447,0.06210765707301821,0.020558840101788614,0.020630969705533683,0.0017119804489145259,1.8293591654247392,1.5516074683713068,1.2755528989838614,4.65482240511392,1.5183631745383268,1.5349751306463162,0.22609364633418627,"[""MutableInterval"", ""TestMutableInterval_Basics"", ""Interval""]","[0.022713687985654513, 0.020864381520119227, 0.01852958756724447]","[1.5499103407053199, 1.8293591654247392, 1.2755528989838614]"
org.joda.time.TestYearMonth_Basics.testGetField,0.029333333333333333,0.02063621639131843,0.013333333333333334,0.0619086491739553,0.018626528692380056,0.019596717101146233,0.006605952673790138,5.344,3.7039896339488174,2.2746355685131197,11.111968901846453,3.2858126174931277,3.488773443037401,1.2618852459873802,"[""YearMonth"", ""TestYearMonth_Basics"", ""Chronology""]","[0.029333333333333333, 0.01924198250728863, 0.013333333333333334]","[5.344, 2.2746355685131197, 3.493333333333333]"
org.joda.time.TestYearMonth_Basics.testGetFields,0.029333333333333333,0.02063621639131843,0.013333333333333334,0.0619086491739553,0.018626528692380056,0.019596717101146233,0.006605952673790138,5.344,3.7039896339488174,2.2746355685131197,11.111968901846453,3.2858126174931277,3.488773443037401,1.2618852459873802,"[""YearMonth"", ""TestYearMonth_Basics"", ""Chronology""]","[0.029333333333333333, 0.01924198250728863, 0.013333333333333334]","[5.344, 2.2746355685131197, 3.493333333333333]"
org.joda.time.field.TestMillisDurationField.test_compareTo,0.01574344023323615,0.012359596313752894,0.009362200117027502,0.06179798156876447,0.011882706810713205,0.01212031793741672,0.00241499081894522,1.1764705882352942,0.7634768156958421,0.42012873025160913,3.817384078479211,0.6838713749253921,0.7235927061028434,0.24585257291347376,"[""PreciseDurationField"", ""DurationField"", ""DurationFieldType"", ""ISOChronology"", ""TestMillisDurationField""]","[0.01574344023323615, 0.014026402640264026, 0.012718600953895072, 0.00994733762434172, 0.009362200117027502]","[0.7008746355685131, 0.83003300330033, 1.1764705882352942, 0.689877121123464, 0.42012873025160913]"
org.joda.time.TestMonthDay_Properties.testPropertyEqualsHashCodeStrict,0.03459119496855346,0.020550348199751472,0.008191925102399064,0.06165104459925441,0.014707286792092444,0.017486056990674223,0.010842917025235177,6.022012578616352,2.910659193589739,0.5307197191339965,8.731977580769216,1.1956165646844228,1.9097257284576992,2.30069540915827,"[""TestMonthDay_Properties"", ""StrictChronology"", ""MonthDay$Property"", ""MonthDay""]","[0.03459119496855346, 0.018867924528301886, 0.008191925102399064]","[6.022012578616352, 2.1792452830188678, 0.5307197191339965]"
org.joda.time.TestInstant_Basics.testMinus_RD,0.02516091281451141,0.020510325534972212,0.017711171662125342,0.06153097660491663,0.02002677252274862,0.02025908592392694,0.003311144319209589,1.957765667574932,1.509662947932285,0.963265306122449,4.528988843796855,1.381960662611722,1.4474173167114877,0.41190950545410665,"[""TestInstant_Basics"", ""Duration"", ""Instant""]","[0.02516091281451141, 0.018658892128279883, 0.017711171662125342]","[1.6079578700994734, 0.963265306122449, 1.957765667574932]"
org.joda.time.TestInstant_Basics.testWithDurationAdded_RD_int,0.02516091281451141,0.020510325534972212,0.017711171662125342,0.06153097660491663,0.02002677252274862,0.02025908592392694,0.003311144319209589,1.957765667574932,1.509662947932285,0.963265306122449,4.528988843796855,1.381960662611722,1.4474173167114877,0.41190950545410665,"[""TestInstant_Basics"", ""Duration"", ""Instant""]","[0.02516091281451141, 0.018658892128279883, 0.017711171662125342]","[1.6079578700994734, 0.963265306122449, 1.957765667574932]"
org.joda.time.TestInstant_Basics.testPlus_RD,0.02516091281451141,0.020510325534972212,0.017711171662125342,0.06153097660491663,0.02002677252274862,0.02025908592392694,0.003311144319209589,1.957765667574932,1.509662947932285,0.963265306122449,4.528988843796855,1.381960662611722,1.4474173167114877,0.41190950545410665,"[""TestInstant_Basics"", ""Duration"", ""Instant""]","[0.02516091281451141, 0.018658892128279883, 0.017711171662125342]","[1.6079578700994734, 0.963265306122449, 1.957765667574932]"
org.joda.time.TestYearMonthDay_Basics.testWithChronologyRetainFields_Chrono,0.03763440860215054,0.03067329587916194,0.023712183156173343,0.06134659175832388,0.029093514869222504,0.02987296419420844,0.006961112722988598,3.3669354838709675,3.3314644712895314,3.295993458708095,6.662928942579063,3.331086801725772,3.3312756311555614,0.03547101258143637,"[""YearMonthDay"", ""TestYearMonthDay_Basics""]","[0.03763440860215054, 0.023712183156173343]","[3.3669354838709675, 3.295993458708095]"
org.joda.time.TestYearMonthDay_Basics.testWithChronologyRetainFields_invalidInNewChrono,0.03763440860215054,0.03067329587916194,0.023712183156173343,0.06134659175832388,0.029093514869222504,0.02987296419420844,0.006961112722988598,3.3669354838709675,3.3314644712895314,3.295993458708095,6.662928942579063,3.331086801725772,3.3312756311555614,0.03547101258143637,"[""YearMonthDay"", ""TestYearMonthDay_Basics""]","[0.03763440860215054, 0.023712183156173343]","[3.3669354838709675, 3.295993458708095]"
org.joda.time.TestYearMonthDay_Basics.testWithField2,0.03763440860215054,0.03067329587916194,0.023712183156173343,0.06134659175832388,0.029093514869222504,0.02987296419420844,0.006961112722988598,3.3669354838709675,3.3314644712895314,3.295993458708095,6.662928942579063,3.331086801725772,3.3312756311555614,0.03547101258143637,"[""YearMonthDay"", ""TestYearMonthDay_Basics""]","[0.03763440860215054, 0.023712183156173343]","[3.3669354838709675, 3.295993458708095]"
org.joda.time.TestYearMonthDay_Basics.testToString,0.03763440860215054,0.03067329587916194,0.023712183156173343,0.06134659175832388,0.029093514869222504,0.02987296419420844,0.006961112722988598,3.3669354838709675,3.3314644712895314,3.295993458708095,6.662928942579063,3.331086801725772,3.3312756311555614,0.03547101258143637,"[""YearMonthDay"", ""TestYearMonthDay_Basics""]","[0.03763440860215054, 0.023712183156173343]","[3.3669354838709675, 3.295993458708095]"
org.joda.time.TestYearMonthDay_Basics.testWithChronologyRetainFields_sameChrono,0.03763440860215054,0.03067329587916194,0.023712183156173343,0.06134659175832388,0.029093514869222504,0.02987296419420844,0.006961112722988598,3.3669354838709675,3.3314644712895314,3.295993458708095,6.662928942579063,3.331086801725772,3.3312756311555614,0.03547101258143637,"[""YearMonthDay"", ""TestYearMonthDay_Basics""]","[0.03763440860215054, 0.023712183156173343]","[3.3669354838709675, 3.295993458708095]"
org.joda.time.TestYearMonthDay_Basics.testWithFieldAdded2,0.03763440860215054,0.03067329587916194,0.023712183156173343,0.06134659175832388,0.029093514869222504,0.02987296419420844,0.006961112722988598,3.3669354838709675,3.3314644712895314,3.295993458708095,6.662928942579063,3.331086801725772,3.3312756311555614,0.03547101258143637,"[""YearMonthDay"", ""TestYearMonthDay_Basics""]","[0.03763440860215054, 0.023712183156173343]","[3.3669354838709675, 3.295993458708095]"
org.joda.time.TestYearMonthDay_Basics.testToString_String,0.03763440860215054,0.03067329587916194,0.023712183156173343,0.06134659175832388,0.029093514869222504,0.02987296419420844,0.006961112722988598,3.3669354838709675,3.3314644712895314,3.295993458708095,6.662928942579063,3.331086801725772,3.3312756311555614,0.03547101258143637,"[""YearMonthDay"", ""TestYearMonthDay_Basics""]","[0.03763440860215054, 0.023712183156173343]","[3.3669354838709675, 3.295993458708095]"
org.joda.time.TestYearMonthDay_Basics.testToString_String_Locale,0.03763440860215054,0.03067329587916194,0.023712183156173343,0.06134659175832388,0.029093514869222504,0.02987296419420844,0.006961112722988598,3.3669354838709675,3.3314644712895314,3.295993458708095,6.662928942579063,3.331086801725772,3.3312756311555614,0.03547101258143637,"[""YearMonthDay"", ""TestYearMonthDay_Basics""]","[0.03763440860215054, 0.023712183156173343]","[3.3669354838709675, 3.295993458708095]"
org.joda.time.TestYearMonthDay_Basics.testWithFieldAdded3,0.03763440860215054,0.03067329587916194,0.023712183156173343,0.06134659175832388,0.029093514869222504,0.02987296419420844,0.006961112722988598,3.3669354838709675,3.3314644712895314,3.295993458708095,6.662928942579063,3.331086801725772,3.3312756311555614,0.03547101258143637,"[""YearMonthDay"", ""TestYearMonthDay_Basics""]","[0.03763440860215054, 0.023712183156173343]","[3.3669354838709675, 3.295993458708095]"
org.joda.time.TestYearMonthDay_Basics.testGetValues,0.03763440860215054,0.03067329587916194,0.023712183156173343,0.06134659175832388,0.029093514869222504,0.02987296419420844,0.006961112722988598,3.3669354838709675,3.3314644712895314,3.295993458708095,6.662928942579063,3.331086801725772,3.3312756311555614,0.03547101258143637,"[""YearMonthDay"", ""TestYearMonthDay_Basics""]","[0.03763440860215054, 0.023712183156173343]","[3.3669354838709675, 3.295993458708095]"
org.joda.time.TestYearMonthDay_Basics.testWithers,0.03763440860215054,0.03067329587916194,0.023712183156173343,0.06134659175832388,0.029093514869222504,0.02987296419420844,0.006961112722988598,3.3669354838709675,3.3314644712895314,3.295993458708095,6.662928942579063,3.331086801725772,3.3312756311555614,0.03547101258143637,"[""YearMonthDay"", ""TestYearMonthDay_Basics""]","[0.03763440860215054, 0.023712183156173343]","[3.3669354838709675, 3.295993458708095]"
org.joda.time.TestYearMonthDay_Basics.testSize,0.03763440860215054,0.03067329587916194,0.023712183156173343,0.06134659175832388,0.029093514869222504,0.02987296419420844,0.006961112722988598,3.3669354838709675,3.3314644712895314,3.295993458708095,6.662928942579063,3.331086801725772,3.3312756311555614,0.03547101258143637,"[""YearMonthDay"", ""TestYearMonthDay_Basics""]","[0.03763440860215054, 0.023712183156173343]","[3.3669354838709675, 3.295993458708095]"
org.joda.time.TestYearMonthDay_Basics.testGetValue,0.03763440860215054,0.03067329587916194,0.023712183156173343,0.06134659175832388,0.029093514869222504,0.02987296419420844,0.006961112722988598,3.3669354838709675,3.3314644712895314,3.295993458708095,6.662928942579063,3.331086801725772,3.3312756311555614,0.03547101258143637,"[""YearMonthDay"", ""TestYearMonthDay_Basics""]","[0.03763440860215054, 0.023712183156173343]","[3.3669354838709675, 3.295993458708095]"
org.joda.time.TestYearMonthDay_Basics.testWithChronologyRetainFields_nullChrono,0.03763440860215054,0.03067329587916194,0.023712183156173343,0.06134659175832388,0.029093514869222504,0.02987296419420844,0.006961112722988598,3.3669354838709675,3.3314644712895314,3.295993458708095,6.662928942579063,3.331086801725772,3.3312756311555614,0.03547101258143637,"[""YearMonthDay"", ""TestYearMonthDay_Basics""]","[0.03763440860215054, 0.023712183156173343]","[3.3669354838709675, 3.295993458708095]"
org.joda.time.TestDateMidnight_Basics.testToDate,0.03319502074688797,0.02041220355741565,0.00243605359317905,0.06123661067224694,0.0062541817797654685,0.012745725274251293,0.013083234668149837,3.8485477178423237,2.49510340368208,0.04506699147381242,7.48531021104624,0.1319989849123717,0.8540533184149703,1.7356078821919445,"[""TestDateMidnight_Basics"", ""DateMidnight"", ""Date""]","[0.03319502074688797, 0.02560553633217993, 0.00243605359317905]","[3.8485477178423237, 3.5916955017301038, 0.04506699147381242]"
org.joda.time.chrono.TestISOChronology.testTimeOfDayAdd,0.044386422976501305,0.03050764837411611,0.016628873771730914,0.06101529674823222,0.024193809231167318,0.027167926399614992,0.013878774602385196,4.117493472584856,2.934408111953804,1.7513227513227514,5.868816223907608,2.457415506583872,2.685341690913985,1.1830853606310523,"[""TestISOChronology"", ""TimeOfDay""]","[0.044386422976501305, 0.016628873771730914]","[4.117493472584856, 1.7513227513227514]"
org.joda.time.TestYearMonth_Basics.testSerialization,0.029333333333333333,0.012140555012844171,0.006006006006006006,0.06070277506422085,0.008222454776498729,0.009679941173971475,0.009051969903544822,5.344,1.8131539201852456,0.06927710843373494,9.065769600926227,0.12462293759346343,0.3822796331241563,2.2064262418766183,"[""ByteArrayOutputStream"", ""Arrays"", ""YearMonth"", ""TestYearMonth_Basics"", ""ObjectInputStream"", ""ObjectOutputStream"", ""ByteArrayInputStream""]","[0.029333333333333333, 0.013333333333333334, 0.006024096385542169, 0.006006006006006006, 0.006006006006006006]","[5.344, 3.493333333333333, 0.06927710843373494, 0.08408408408408409, 0.07507507507507508]"
org.joda.time.TestDateMidnight_Constructors.testConstructor_long_nullDateTimeZone,0.03319502074688797,0.02023167694266009,0.011756569847856155,0.06069503082798027,0.01678769268281532,0.01831545607472818,0.009309851262951339,3.8485477178423237,2.079406344636254,0.7008746355685131,6.238219033908762,1.3165028377260624,1.6576958944855527,1.3143803078527085,"[""TestDateMidnight_Constructors"", ""DateMidnight"", ""ISOChronology""]","[0.03319502074688797, 0.01574344023323615, 0.011756569847856155]","[3.8485477178423237, 0.7008746355685131, 1.6887966804979253]"
org.joda.time.TestDateMidnight_Constructors.test_now_Chronology,0.03319502074688797,0.02023167694266009,0.011756569847856155,0.06069503082798027,0.01678769268281532,0.01831545607472818,0.009309851262951339,3.8485477178423237,2.0564714563952435,0.632069970845481,6.169414369185731,1.2324989321064515,1.6015719971261817,1.3386114272769944,"[""TestDateMidnight_Constructors"", ""DateMidnight"", ""GregorianChronology""]","[0.03319502074688797, 0.01574344023323615, 0.011756569847856155]","[3.8485477178423237, 0.632069970845481, 1.6887966804979253]"
org.joda.time.TestDateMidnight_Constructors.testConstructor_long1_Chronology,0.03319502074688797,0.02023167694266009,0.011756569847856155,0.06069503082798027,0.01678769268281532,0.01831545607472818,0.009309851262951339,3.8485477178423237,2.0564714563952435,0.632069970845481,6.169414369185731,1.2324989321064515,1.6015719971261817,1.3386114272769944,"[""TestDateMidnight_Constructors"", ""DateMidnight"", ""GregorianChronology""]","[0.03319502074688797, 0.01574344023323615, 0.011756569847856155]","[3.8485477178423237, 0.632069970845481, 1.6887966804979253]"
org.joda.time.TestDateMidnight_Constructors.testConstructor_nullDateTimeZone,0.03319502074688797,0.02023167694266009,0.011756569847856155,0.06069503082798027,0.01678769268281532,0.01831545607472818,0.009309851262951339,3.8485477178423237,2.079406344636254,0.7008746355685131,6.238219033908762,1.3165028377260624,1.6576958944855527,1.3143803078527085,"[""TestDateMidnight_Constructors"", ""DateMidnight"", ""ISOChronology""]","[0.03319502074688797, 0.01574344023323615, 0.011756569847856155]","[3.8485477178423237, 0.7008746355685131, 1.6887966804979253]"
org.joda.time.TestDateMidnight_Constructors.testParse_noFormatter,0.03319502074688797,0.02023167694266009,0.011756569847856155,0.06069503082798027,0.01678769268281532,0.01831545607472818,0.009309851262951339,3.8485477178423237,2.079406344636254,0.7008746355685131,6.238219033908762,1.3165028377260624,1.6576958944855527,1.3143803078527085,"[""TestDateMidnight_Constructors"", ""DateMidnight"", ""ISOChronology""]","[0.03319502074688797, 0.01574344023323615, 0.011756569847856155]","[3.8485477178423237, 0.7008746355685131, 1.6887966804979253]"
org.joda.time.TestDateMidnight_Constructors.testConstructor_DateTimeZone,0.03319502074688797,0.02023167694266009,0.011756569847856155,0.06069503082798027,0.01678769268281532,0.01831545607472818,0.009309851262951339,3.8485477178423237,2.079406344636254,0.7008746355685131,6.238219033908762,1.3165028377260624,1.6576958944855527,1.3143803078527085,"[""TestDateMidnight_Constructors"", ""DateMidnight"", ""ISOChronology""]","[0.03319502074688797, 0.01574344023323615, 0.011756569847856155]","[3.8485477178423237, 0.7008746355685131, 1.6887966804979253]"
org.joda.time.TestDateMidnight_Constructors.testConstructor_long2_Chronology,0.03319502074688797,0.02023167694266009,0.011756569847856155,0.06069503082798027,0.01678769268281532,0.01831545607472818,0.009309851262951339,3.8485477178423237,2.0564714563952435,0.632069970845481,6.169414369185731,1.2324989321064515,1.6015719971261817,1.3386114272769944,"[""TestDateMidnight_Constructors"", ""DateMidnight"", ""GregorianChronology""]","[0.03319502074688797, 0.01574344023323615, 0.011756569847856155]","[3.8485477178423237, 0.632069970845481, 1.6887966804979253]"
org.joda.time.TestDateMidnight_Constructors.testConstructor_nullObject_nullChronology,0.03319502074688797,0.02023167694266009,0.011756569847856155,0.06069503082798027,0.01678769268281532,0.01831545607472818,0.009309851262951339,3.8485477178423237,2.079406344636254,0.7008746355685131,6.238219033908762,1.3165028377260624,1.6576958944855527,1.3143803078527085,"[""TestDateMidnight_Constructors"", ""DateMidnight"", ""ISOChronology""]","[0.03319502074688797, 0.01574344023323615, 0.011756569847856155]","[3.8485477178423237, 0.7008746355685131, 1.6887966804979253]"
org.joda.time.TestDateMidnight_Constructors.testConstructor_long1,0.03319502074688797,0.02023167694266009,0.011756569847856155,0.06069503082798027,0.01678769268281532,0.01831545607472818,0.009309851262951339,3.8485477178423237,2.079406344636254,0.7008746355685131,6.238219033908762,1.3165028377260624,1.6576958944855527,1.3143803078527085,"[""TestDateMidnight_Constructors"", ""DateMidnight"", ""ISOChronology""]","[0.03319502074688797, 0.01574344023323615, 0.011756569847856155]","[3.8485477178423237, 0.7008746355685131, 1.6887966804979253]"
org.joda.time.TestDateMidnight_Constructors.test_now_DateTimeZone,0.03319502074688797,0.02023167694266009,0.011756569847856155,0.06069503082798027,0.01678769268281532,0.01831545607472818,0.009309851262951339,3.8485477178423237,2.079406344636254,0.7008746355685131,6.238219033908762,1.3165028377260624,1.6576958944855527,1.3143803078527085,"[""TestDateMidnight_Constructors"", ""DateMidnight"", ""ISOChronology""]","[0.03319502074688797, 0.01574344023323615, 0.011756569847856155]","[3.8485477178423237, 0.7008746355685131, 1.6887966804979253]"
org.joda.time.TestDateMidnight_Constructors.testConstructor_nullObject_DateTimeZone,0.03319502074688797,0.02023167694266009,0.011756569847856155,0.06069503082798027,0.01678769268281532,0.01831545607472818,0.009309851262951339,3.8485477178423237,2.079406344636254,0.7008746355685131,6.238219033908762,1.3165028377260624,1.6576958944855527,1.3143803078527085,"[""TestDateMidnight_Constructors"", ""DateMidnight"", ""ISOChronology""]","[0.03319502074688797, 0.01574344023323615, 0.011756569847856155]","[3.8485477178423237, 0.7008746355685131, 1.6887966804979253]"
org.joda.time.TestDateMidnight_Constructors.testConstructor_nullObject,0.03319502074688797,0.02023167694266009,0.011756569847856155,0.06069503082798027,0.01678769268281532,0.01831545607472818,0.009309851262951339,3.8485477178423237,2.079406344636254,0.7008746355685131,6.238219033908762,1.3165028377260624,1.6576958944855527,1.3143803078527085,"[""TestDateMidnight_Constructors"", ""DateMidnight"", ""ISOChronology""]","[0.03319502074688797, 0.01574344023323615, 0.011756569847856155]","[3.8485477178423237, 0.7008746355685131, 1.6887966804979253]"
org.joda.time.TestDateMidnight_Constructors.testConstructor_Chronology,0.03319502074688797,0.02023167694266009,0.011756569847856155,0.06069503082798027,0.01678769268281532,0.01831545607472818,0.009309851262951339,3.8485477178423237,2.0564714563952435,0.632069970845481,6.169414369185731,1.2324989321064515,1.6015719971261817,1.3386114272769944,"[""TestDateMidnight_Constructors"", ""DateMidnight"", ""GregorianChronology""]","[0.03319502074688797, 0.01574344023323615, 0.011756569847856155]","[3.8485477178423237, 0.632069970845481, 1.6887966804979253]"
org.joda.time.TestDateMidnight_Constructors.testConstructor_int_int_int_Chronology,0.03319502074688797,0.02023167694266009,0.011756569847856155,0.06069503082798027,0.01678769268281532,0.01831545607472818,0.009309851262951339,3.8485477178423237,2.0564714563952435,0.632069970845481,6.169414369185731,1.2324989321064515,1.6015719971261817,1.3386114272769944,"[""TestDateMidnight_Constructors"", ""DateMidnight"", ""GregorianChronology""]","[0.03319502074688797, 0.01574344023323615, 0.011756569847856155]","[3.8485477178423237, 0.632069970845481, 1.6887966804979253]"
org.joda.time.TestDateMidnight_Constructors.testConstructor_invalidObject_Chronology,0.03319502074688797,0.02023167694266009,0.011756569847856155,0.06069503082798027,0.01678769268281532,0.01831545607472818,0.009309851262951339,3.8485477178423237,2.0564714563952435,0.632069970845481,6.169414369185731,1.2324989321064515,1.6015719971261817,1.3386114272769944,"[""TestDateMidnight_Constructors"", ""DateMidnight"", ""Object"", ""GregorianChronology""]","[0.03319502074688797, 0.01574344023323615, 0.011756569847856155]","[3.8485477178423237, 0.632069970845481, 1.6887966804979253]"
org.joda.time.TestDateMidnight_Constructors.testConstructor_nullObject_nullDateTimeZone,0.03319502074688797,0.02023167694266009,0.011756569847856155,0.06069503082798027,0.01678769268281532,0.01831545607472818,0.009309851262951339,3.8485477178423237,2.079406344636254,0.7008746355685131,6.238219033908762,1.3165028377260624,1.6576958944855527,1.3143803078527085,"[""TestDateMidnight_Constructors"", ""DateMidnight"", ""ISOChronology""]","[0.03319502074688797, 0.01574344023323615, 0.011756569847856155]","[3.8485477178423237, 0.7008746355685131, 1.6887966804979253]"
org.joda.time.TestDateMidnight_Constructors.testConstructor_int_int_int_nullDateTimeZone,0.03319502074688797,0.02023167694266009,0.011756569847856155,0.06069503082798027,0.01678769268281532,0.01831545607472818,0.009309851262951339,3.8485477178423237,2.079406344636254,0.7008746355685131,6.238219033908762,1.3165028377260624,1.6576958944855527,1.3143803078527085,"[""TestDateMidnight_Constructors"", ""DateMidnight"", ""ISOChronology""]","[0.03319502074688797, 0.01574344023323615, 0.011756569847856155]","[3.8485477178423237, 0.7008746355685131, 1.6887966804979253]"
org.joda.time.TestDateMidnight_Constructors.testConstructor,0.03319502074688797,0.02023167694266009,0.011756569847856155,0.06069503082798027,0.01678769268281532,0.01831545607472818,0.009309851262951339,3.8485477178423237,2.079406344636254,0.7008746355685131,6.238219033908762,1.3165028377260624,1.6576958944855527,1.3143803078527085,"[""TestDateMidnight_Constructors"", ""DateMidnight"", ""ISOChronology""]","[0.03319502074688797, 0.01574344023323615, 0.011756569847856155]","[3.8485477178423237, 0.7008746355685131, 1.6887966804979253]"
org.joda.time.TestDateMidnight_Constructors.testConstructor_nullChronology,0.03319502074688797,0.02023167694266009,0.011756569847856155,0.06069503082798027,0.01678769268281532,0.01831545607472818,0.009309851262951339,3.8485477178423237,2.079406344636254,0.7008746355685131,6.238219033908762,1.3165028377260624,1.6576958944855527,1.3143803078527085,"[""TestDateMidnight_Constructors"", ""DateMidnight"", ""ISOChronology""]","[0.03319502074688797, 0.01574344023323615, 0.011756569847856155]","[3.8485477178423237, 0.7008746355685131, 1.6887966804979253]"
org.joda.time.TestDateMidnight_Constructors.testConstructor_long1_DateTimeZone,0.03319502074688797,0.02023167694266009,0.011756569847856155,0.06069503082798027,0.01678769268281532,0.01831545607472818,0.009309851262951339,3.8485477178423237,2.079406344636254,0.7008746355685131,6.238219033908762,1.3165028377260624,1.6576958944855527,1.3143803078527085,"[""TestDateMidnight_Constructors"", ""DateMidnight"", ""ISOChronology""]","[0.03319502074688797, 0.01574344023323615, 0.011756569847856155]","[3.8485477178423237, 0.7008746355685131, 1.6887966804979253]"
org.joda.time.TestDateMidnight_Constructors.testConstructor_nullObject_Chronology,0.03319502074688797,0.02023167694266009,0.011756569847856155,0.06069503082798027,0.01678769268281532,0.01831545607472818,0.009309851262951339,3.8485477178423237,2.0564714563952435,0.632069970845481,6.169414369185731,1.2324989321064515,1.6015719971261817,1.3386114272769944,"[""TestDateMidnight_Constructors"", ""DateMidnight"", ""GregorianChronology""]","[0.03319502074688797, 0.01574344023323615, 0.011756569847856155]","[3.8485477178423237, 0.632069970845481, 1.6887966804979253]"
org.joda.time.TestDateMidnight_Constructors.testConstructor_int_int_int_nullChronology,0.03319502074688797,0.02023167694266009,0.011756569847856155,0.06069503082798027,0.01678769268281532,0.01831545607472818,0.009309851262951339,3.8485477178423237,2.079406344636254,0.7008746355685131,6.238219033908762,1.3165028377260624,1.6576958944855527,1.3143803078527085,"[""TestDateMidnight_Constructors"", ""DateMidnight"", ""ISOChronology""]","[0.03319502074688797, 0.01574344023323615, 0.011756569847856155]","[3.8485477178423237, 0.7008746355685131, 1.6887966804979253]"
org.joda.time.TestDateMidnight_Constructors.testConstructor_long2,0.03319502074688797,0.02023167694266009,0.011756569847856155,0.06069503082798027,0.01678769268281532,0.01831545607472818,0.009309851262951339,3.8485477178423237,2.079406344636254,0.7008746355685131,6.238219033908762,1.3165028377260624,1.6576958944855527,1.3143803078527085,"[""TestDateMidnight_Constructors"", ""DateMidnight"", ""ISOChronology""]","[0.03319502074688797, 0.01574344023323615, 0.011756569847856155]","[3.8485477178423237, 0.7008746355685131, 1.6887966804979253]"
org.joda.time.TestDateMidnight_Constructors.testConstructor_long_nullChronology,0.03319502074688797,0.02023167694266009,0.011756569847856155,0.06069503082798027,0.01678769268281532,0.01831545607472818,0.009309851262951339,3.8485477178423237,2.079406344636254,0.7008746355685131,6.238219033908762,1.3165028377260624,1.6576958944855527,1.3143803078527085,"[""TestDateMidnight_Constructors"", ""DateMidnight"", ""ISOChronology""]","[0.03319502074688797, 0.01574344023323615, 0.011756569847856155]","[3.8485477178423237, 0.7008746355685131, 1.6887966804979253]"
org.joda.time.TestDateMidnight_Constructors.test_now,0.03319502074688797,0.02023167694266009,0.011756569847856155,0.06069503082798027,0.01678769268281532,0.01831545607472818,0.009309851262951339,3.8485477178423237,2.079406344636254,0.7008746355685131,6.238219033908762,1.3165028377260624,1.6576958944855527,1.3143803078527085,"[""TestDateMidnight_Constructors"", ""DateMidnight"", ""ISOChronology""]","[0.03319502074688797, 0.01574344023323615, 0.011756569847856155]","[3.8485477178423237, 0.7008746355685131, 1.6887966804979253]"
org.joda.time.TestDateMidnight_Constructors.testConstructor_long2_DateTimeZone,0.03319502074688797,0.02023167694266009,0.011756569847856155,0.06069503082798027,0.01678769268281532,0.01831545607472818,0.009309851262951339,3.8485477178423237,2.079406344636254,0.7008746355685131,6.238219033908762,1.3165028377260624,1.6576958944855527,1.3143803078527085,"[""TestDateMidnight_Constructors"", ""DateMidnight"", ""ISOChronology""]","[0.03319502074688797, 0.01574344023323615, 0.011756569847856155]","[3.8485477178423237, 0.7008746355685131, 1.6887966804979253]"
org.joda.time.TestDateMidnight_Constructors.testConstructor_int_int_int_DateTimeZone,0.03319502074688797,0.02023167694266009,0.011756569847856155,0.06069503082798027,0.01678769268281532,0.01831545607472818,0.009309851262951339,3.8485477178423237,2.079406344636254,0.7008746355685131,6.238219033908762,1.3165028377260624,1.6576958944855527,1.3143803078527085,"[""TestDateMidnight_Constructors"", ""DateMidnight"", ""ISOChronology""]","[0.03319502074688797, 0.01574344023323615, 0.011756569847856155]","[3.8485477178423237, 0.7008746355685131, 1.6887966804979253]"
org.joda.time.TestDateMidnight_Constructors.testConstructor_int_int_int,0.03319502074688797,0.02023167694266009,0.011756569847856155,0.06069503082798027,0.01678769268281532,0.01831545607472818,0.009309851262951339,3.8485477178423237,2.079406344636254,0.7008746355685131,6.238219033908762,1.3165028377260624,1.6576958944855527,1.3143803078527085,"[""TestDateMidnight_Constructors"", ""DateMidnight"", ""ISOChronology""]","[0.03319502074688797, 0.01574344023323615, 0.011756569847856155]","[3.8485477178423237, 0.7008746355685131, 1.6887966804979253]"
org.joda.time.TestPartial_Constructors.testConstructor_TypeArray_intArray_Chrono,0.024134312696747113,0.015123176524413843,0.006024096385542169,0.06049270609765537,0.01174235269696352,0.01348897619249969,0.0064933648174938,3.396642182581322,1.8931809189490274,0.06927710843373494,7.57272367579611,0.25471385568175997,0.9978552597140753,1.1879102741853402,"[""DateTimeFieldType"", ""Arrays"", ""TestPartial_Constructors"", ""Partial""]","[0.024134312696747113, 0.016693163751987282, 0.013641133263378805, 0.006024096385542169]","[3.396642182581322, 2.1089030206677264, 1.9979013641133263, 0.06927710843373494]"
org.joda.time.TestPartial_Constructors.testConstructor_TypeArray_intArray,0.024134312696747113,0.015123176524413843,0.006024096385542169,0.06049270609765537,0.01174235269696352,0.01348897619249969,0.0064933648174938,3.396642182581322,1.8931809189490274,0.06927710843373494,7.57272367579611,0.25471385568175997,0.9978552597140753,1.1879102741853402,"[""DateTimeFieldType"", ""Arrays"", ""TestPartial_Constructors"", ""Partial""]","[0.024134312696747113, 0.016693163751987282, 0.013641133263378805, 0.006024096385542169]","[3.396642182581322, 2.1089030206677264, 1.9979013641133263, 0.06927710843373494]"
org.joda.time.TestMutablePeriod_Updates.testMergePeriod_RP1,0.020618556701030927,0.02010329830538687,0.019823788546255508,0.06030989491616061,0.020096762188314105,0.020100016247211375,0.00036478045422279034,5.674008810572687,4.151835106473169,3.0537555228276876,12.455505319419506,3.886177210174326,4.012268608943884,1.1109526513274939,"[""PeriodType"", ""MutablePeriod"", ""TestMutablePeriod_Updates""]","[0.020618556701030927, 0.019867549668874173, 0.019823788546255508]","[3.0537555228276876, 3.7277409860191315, 5.674008810572687]"
org.joda.time.TestMutablePeriod_Updates.testSetPeriod_RP2,0.020618556701030927,0.02010329830538687,0.019823788546255508,0.06030989491616061,0.020096762188314105,0.020100016247211375,0.00036478045422279034,5.674008810572687,4.151835106473169,3.0537555228276876,12.455505319419506,3.886177210174326,4.012268608943884,1.1109526513274939,"[""PeriodType"", ""TestMutablePeriod_Updates"", ""MutablePeriod""]","[0.020618556701030927, 0.019867549668874173, 0.019823788546255508]","[3.0537555228276876, 3.7277409860191315, 5.674008810572687]"
org.joda.time.TestMutablePeriod_Updates.testSetPeriod_8ints3,0.020618556701030927,0.02010329830538687,0.019823788546255508,0.06030989491616061,0.020096762188314105,0.020100016247211375,0.00036478045422279034,5.674008810572687,4.151835106473169,3.0537555228276876,12.455505319419506,3.886177210174326,4.012268608943884,1.1109526513274939,"[""PeriodType"", ""TestMutablePeriod_Updates"", ""MutablePeriod""]","[0.020618556701030927, 0.019867549668874173, 0.019823788546255508]","[3.0537555228276876, 3.7277409860191315, 5.674008810572687]"
org.joda.time.TestMutablePeriod_Updates.testClear,0.020618556701030927,0.02010329830538687,0.019823788546255508,0.06030989491616061,0.020096762188314105,0.020100016247211375,0.00036478045422279034,5.674008810572687,4.151835106473169,3.0537555228276876,12.455505319419506,3.886177210174326,4.012268608943884,1.1109526513274939,"[""PeriodType"", ""MutablePeriod"", ""TestMutablePeriod_Updates""]","[0.020618556701030927, 0.019867549668874173, 0.019823788546255508]","[3.0537555228276876, 3.7277409860191315, 5.674008810572687]"
org.joda.time.TestMutablePeriod_Updates.testMergePeriod_RP3,0.020618556701030927,0.02010329830538687,0.019823788546255508,0.06030989491616061,0.020096762188314105,0.020100016247211375,0.00036478045422279034,5.674008810572687,4.151835106473169,3.0537555228276876,12.455505319419506,3.886177210174326,4.012268608943884,1.1109526513274939,"[""PeriodType"", ""TestMutablePeriod_Updates"", ""MutablePeriod""]","[0.020618556701030927, 0.019867549668874173, 0.019823788546255508]","[3.0537555228276876, 3.7277409860191315, 5.674008810572687]"
org.joda.time.TestMutablePeriod_Updates.testSetPeriod_RP3,0.020618556701030927,0.02010329830538687,0.019823788546255508,0.06030989491616061,0.020096762188314105,0.020100016247211375,0.00036478045422279034,5.674008810572687,4.151835106473169,3.0537555228276876,12.455505319419506,3.886177210174326,4.012268608943884,1.1109526513274939,"[""PeriodType"", ""TestMutablePeriod_Updates"", ""MutablePeriod""]","[0.020618556701030927, 0.019867549668874173, 0.019823788546255508]","[3.0537555228276876, 3.7277409860191315, 5.674008810572687]"
org.joda.time.TestMutablePeriod_Updates.testMergePeriod_RP2,0.020618556701030927,0.02010329830538687,0.019823788546255508,0.06030989491616061,0.020096762188314105,0.020100016247211375,0.00036478045422279034,5.674008810572687,4.151835106473169,3.0537555228276876,12.455505319419506,3.886177210174326,4.012268608943884,1.1109526513274939,"[""PeriodType"", ""TestMutablePeriod_Updates"", ""MutablePeriod""]","[0.020618556701030927, 0.019867549668874173, 0.019823788546255508]","[3.0537555228276876, 3.7277409860191315, 5.674008810572687]"
org.joda.time.TestMutablePeriod_Updates.testSetPeriod_8ints2,0.020618556701030927,0.02010329830538687,0.019823788546255508,0.06030989491616061,0.020096762188314105,0.020100016247211375,0.00036478045422279034,5.674008810572687,4.151835106473169,3.0537555228276876,12.455505319419506,3.886177210174326,4.012268608943884,1.1109526513274939,"[""PeriodType"", ""TestMutablePeriod_Updates"", ""MutablePeriod""]","[0.020618556701030927, 0.019867549668874173, 0.019823788546255508]","[3.0537555228276876, 3.7277409860191315, 5.674008810572687]"
org.joda.time.TestMutablePeriod_Updates.testSetYears,0.020618556701030927,0.02010329830538687,0.019823788546255508,0.06030989491616061,0.020096762188314105,0.020100016247211375,0.00036478045422279034,5.674008810572687,4.151835106473169,3.0537555228276876,12.455505319419506,3.886177210174326,4.012268608943884,1.1109526513274939,"[""PeriodType"", ""MutablePeriod"", ""TestMutablePeriod_Updates""]","[0.020618556701030927, 0.019867549668874173, 0.019823788546255508]","[3.0537555228276876, 3.7277409860191315, 5.674008810572687]"
org.joda.time.TestMutablePeriod_Updates.testAdd_8ints2,0.020618556701030927,0.02010329830538687,0.019823788546255508,0.06030989491616061,0.020096762188314105,0.020100016247211375,0.00036478045422279034,5.674008810572687,4.151835106473169,3.0537555228276876,12.455505319419506,3.886177210174326,4.012268608943884,1.1109526513274939,"[""PeriodType"", ""TestMutablePeriod_Updates"", ""MutablePeriod""]","[0.020618556701030927, 0.019867549668874173, 0.019823788546255508]","[3.0537555228276876, 3.7277409860191315, 5.674008810572687]"
org.joda.time.TestMutablePeriod_Updates.testAdd_long2,0.020618556701030927,0.02010329830538687,0.019823788546255508,0.06030989491616061,0.020096762188314105,0.020100016247211375,0.00036478045422279034,5.674008810572687,4.151835106473169,3.0537555228276876,12.455505319419506,3.886177210174326,4.012268608943884,1.1109526513274939,"[""PeriodType"", ""TestMutablePeriod_Updates"", ""MutablePeriod""]","[0.020618556701030927, 0.019867549668874173, 0.019823788546255508]","[3.0537555228276876, 3.7277409860191315, 5.674008810572687]"
org.joda.time.format.TestPeriodFormatterBuilder.testFormatPrintZeroRarelyFirstWeeks,0.030927835051546393,0.020078933432290034,0.008836524300441826,0.060236800296870105,0.01543637443103107,0.017752800576791152,0.009023031227450367,5.75699558173785,3.566981704606512,1.0589101620029455,10.700945113819536,2.1810781386842715,2.8717732477748843,1.931126124261119,"[""PeriodFormatterBuilder"", ""PeriodFormatter"", ""TestPeriodFormatterBuilder""]","[0.030927835051546393, 0.02047244094488189, 0.008836524300441826]","[5.75699558173785, 3.88503937007874, 1.0589101620029455]"
org.joda.time.format.TestPeriodFormatterBuilder.testFormatPrintZeroRarelyFirstHours,0.030927835051546393,0.020078933432290034,0.008836524300441826,0.060236800296870105,0.01543637443103107,0.017752800576791152,0.009023031227450367,5.75699558173785,3.566981704606512,1.0589101620029455,10.700945113819536,2.1810781386842715,2.8717732477748843,1.931126124261119,"[""PeriodFormatterBuilder"", ""PeriodFormatter"", ""TestPeriodFormatterBuilder""]","[0.030927835051546393, 0.02047244094488189, 0.008836524300441826]","[5.75699558173785, 3.88503937007874, 1.0589101620029455]"
org.joda.time.format.TestPeriodFormatterBuilder.testFormatPrintZeroRarelyFirstSeconds,0.030927835051546393,0.020078933432290034,0.008836524300441826,0.060236800296870105,0.01543637443103107,0.017752800576791152,0.009023031227450367,5.75699558173785,3.566981704606512,1.0589101620029455,10.700945113819536,2.1810781386842715,2.8717732477748843,1.931126124261119,"[""PeriodFormatterBuilder"", ""PeriodFormatter"", ""TestPeriodFormatterBuilder""]","[0.030927835051546393, 0.02047244094488189, 0.008836524300441826]","[5.75699558173785, 3.88503937007874, 1.0589101620029455]"
org.joda.time.format.TestPeriodFormatterBuilder.testFormatAppend_PrinterParser_Printer_null,0.030927835051546393,0.020078933432290034,0.008836524300441826,0.060236800296870105,0.01543637443103107,0.017752800576791152,0.009023031227450367,5.75699558173785,3.566981704606512,1.0589101620029455,10.700945113819536,2.1810781386842715,2.8717732477748843,1.931126124261119,"[""PeriodFormatterBuilder"", ""PeriodFormatter"", ""TestPeriodFormatterBuilder""]","[0.030927835051546393, 0.02047244094488189, 0.008836524300441826]","[5.75699558173785, 3.88503937007874, 1.0589101620029455]"
org.joda.time.format.TestPeriodFormatterBuilder.testFormatPrintZeroRarelyFirstMonths,0.030927835051546393,0.020078933432290034,0.008836524300441826,0.060236800296870105,0.01543637443103107,0.017752800576791152,0.009023031227450367,5.75699558173785,3.566981704606512,1.0589101620029455,10.700945113819536,2.1810781386842715,2.8717732477748843,1.931126124261119,"[""PeriodFormatterBuilder"", ""PeriodFormatter"", ""TestPeriodFormatterBuilder""]","[0.030927835051546393, 0.02047244094488189, 0.008836524300441826]","[5.75699558173785, 3.88503937007874, 1.0589101620029455]"
org.joda.time.format.TestPeriodFormatterBuilder.testFormatPrintZeroRarelyFirstYears,0.030927835051546393,0.020078933432290034,0.008836524300441826,0.060236800296870105,0.01543637443103107,0.017752800576791152,0.009023031227450367,5.75699558173785,3.566981704606512,1.0589101620029455,10.700945113819536,2.1810781386842715,2.8717732477748843,1.931126124261119,"[""PeriodFormatterBuilder"", ""PeriodFormatter"", ""TestPeriodFormatterBuilder""]","[0.030927835051546393, 0.02047244094488189, 0.008836524300441826]","[5.75699558173785, 3.88503937007874, 1.0589101620029455]"
org.joda.time.format.TestPeriodFormatterBuilder.testFormatPrintZeroRarelyFirstDays,0.030927835051546393,0.020078933432290034,0.008836524300441826,0.060236800296870105,0.01543637443103107,0.017752800576791152,0.009023031227450367,5.75699558173785,3.566981704606512,1.0589101620029455,10.700945113819536,2.1810781386842715,2.8717732477748843,1.931126124261119,"[""PeriodFormatterBuilder"", ""PeriodFormatter"", ""TestPeriodFormatterBuilder""]","[0.030927835051546393, 0.02047244094488189, 0.008836524300441826]","[5.75699558173785, 3.88503937007874, 1.0589101620029455]"
org.joda.time.format.TestPeriodFormatterBuilder.testFormatPrintZeroRarelyFirstMinutes,0.030927835051546393,0.020078933432290034,0.008836524300441826,0.060236800296870105,0.01543637443103107,0.017752800576791152,0.009023031227450367,5.75699558173785,3.566981704606512,1.0589101620029455,10.700945113819536,2.1810781386842715,2.8717732477748843,1.931126124261119,"[""PeriodFormatterBuilder"", ""PeriodFormatter"", ""TestPeriodFormatterBuilder""]","[0.030927835051546393, 0.02047244094488189, 0.008836524300441826]","[5.75699558173785, 3.88503937007874, 1.0589101620029455]"
org.joda.time.TestYearMonth_Basics.testMinusMonths_int,0.029333333333333333,0.020053126012309685,0.013333333333333334,0.060159378036929056,0.01804429053130411,0.018983914160239937,0.006778239316833815,5.344,3.317400712666019,1.114868804664723,9.952202137998057,2.1892188278112403,2.7507011793582516,1.7310116275559118,"[""BuddhistChronology"", ""TestYearMonth_Basics"", ""YearMonth""]","[0.029333333333333333, 0.01749271137026239, 0.013333333333333334]","[5.344, 1.114868804664723, 3.493333333333333]"
org.joda.time.TestYearMonth_Basics.testPlusYears_int,0.029333333333333333,0.020053126012309685,0.013333333333333334,0.060159378036929056,0.01804429053130411,0.018983914160239937,0.006778239316833815,5.344,3.317400712666019,1.114868804664723,9.952202137998057,2.1892188278112403,2.7507011793582516,1.7310116275559118,"[""BuddhistChronology"", ""TestYearMonth_Basics"", ""YearMonth""]","[0.029333333333333333, 0.01749271137026239, 0.013333333333333334]","[5.344, 1.114868804664723, 3.493333333333333]"
org.joda.time.TestYearMonth_Basics.testPlusMonths_int,0.029333333333333333,0.020053126012309685,0.013333333333333334,0.060159378036929056,0.01804429053130411,0.018983914160239937,0.006778239316833815,5.344,3.317400712666019,1.114868804664723,9.952202137998057,2.1892188278112403,2.7507011793582516,1.7310116275559118,"[""BuddhistChronology"", ""TestYearMonth_Basics"", ""YearMonth""]","[0.029333333333333333, 0.01749271137026239, 0.013333333333333334]","[5.344, 1.114868804664723, 3.493333333333333]"
org.joda.time.TestYearMonth_Basics.testMinusYears_int,0.029333333333333333,0.020053126012309685,0.013333333333333334,0.060159378036929056,0.01804429053130411,0.018983914160239937,0.006778239316833815,5.344,3.317400712666019,1.114868804664723,9.952202137998057,2.1892188278112403,2.7507011793582516,1.7310116275559118,"[""BuddhistChronology"", ""TestYearMonth_Basics"", ""YearMonth""]","[0.029333333333333333, 0.01749271137026239, 0.013333333333333334]","[5.344, 1.114868804664723, 3.493333333333333]"
org.joda.time.field.TestPreciseDateTimeField.test_get,0.016693163751987282,0.012012460636582173,0.009362200117027502,0.060062303182910864,0.011492758877814188,0.011740309037177038,0.0026588479051600777,2.3113522537562603,1.2846586384803047,0.40877914951989025,6.423293192401523,0.7579554833699446,0.9958404001191385,0.8079371888969665,"[""TestPreciseDateTimeField"", ""TestPreciseDateTimeField$MockPreciseDateTimeField"", ""PreciseDateTimeField"", ""DateTimeFieldType"", ""BaseDurationField"", ""DurationFieldType"", ""TestPreciseDateTimeField$MockCountingDurationField""]","[0.016693163751987282, 0.012718600953895072, 0.011686143572621035, 0.009602194787379973, 0.009362200117027502]","[2.1089030206677264, 1.1764705882352942, 2.3113522537562603, 0.40877914951989025, 0.41778818022235226]"
org.joda.time.field.TestPreciseDateTimeField.test_getRange,0.016693163751987282,0.012012460636582173,0.009362200117027502,0.060062303182910864,0.011492758877814188,0.011740309037177038,0.0026588479051600777,2.3113522537562603,1.2846586384803047,0.40877914951989025,6.423293192401523,0.7579554833699446,0.9958404001191385,0.8079371888969665,"[""TestPreciseDateTimeField"", ""TestPreciseDateTimeField$MockPreciseDateTimeField"", ""PreciseDateTimeField"", ""DateTimeFieldType"", ""BaseDurationField"", ""DurationFieldType"", ""TestPreciseDateTimeField$MockCountingDurationField""]","[0.016693163751987282, 0.012718600953895072, 0.011686143572621035, 0.009602194787379973, 0.009362200117027502]","[2.1089030206677264, 1.1764705882352942, 2.3113522537562603, 0.40877914951989025, 0.41778818022235226]"
org.joda.time.chrono.TestEthiopicChronology.testEpoch,0.04081632653061224,0.029943324171146406,0.01907032181168057,0.05988664834229281,0.025995125913891144,0.027899471000529936,0.010873002359465835,5.746938775510204,4.479548052832575,3.2121573301549464,8.95909610566515,4.120967404743843,4.296518534081611,1.2673907226776286,"[""TestEthiopicChronology"", ""DateTime""]","[0.04081632653061224, 0.01907032181168057]","[5.746938775510204, 3.2121573301549464]"
org.joda.time.chrono.TestEthiopicChronology.testSampleDateWithZone,0.04081632653061224,0.029943324171146406,0.01907032181168057,0.05988664834229281,0.025995125913891144,0.027899471000529936,0.010873002359465835,5.746938775510204,4.479548052832575,3.2121573301549464,8.95909610566515,4.120967404743843,4.296518534081611,1.2673907226776286,"[""TestEthiopicChronology"", ""DateTime""]","[0.04081632653061224, 0.01907032181168057]","[5.746938775510204, 3.2121573301549464]"
org.joda.time.chrono.TestEthiopicChronology.testEra,0.04081632653061224,0.029943324171146406,0.01907032181168057,0.05988664834229281,0.025995125913891144,0.027899471000529936,0.010873002359465835,5.746938775510204,4.479548052832575,3.2121573301549464,8.95909610566515,4.120967404743843,4.296518534081611,1.2673907226776286,"[""TestEthiopicChronology"", ""DateTime""]","[0.04081632653061224, 0.01907032181168057]","[5.746938775510204, 3.2121573301549464]"
org.joda.time.TestMutablePeriod_Constructors.testConstructor_8int__PeriodType1,0.020618556701030927,0.019858560175186182,0.01908957415565345,0.05957568052555855,0.019838914794404406,0.019848739702429313,0.0006242368750534914,3.7277409860191315,3.490307940540717,3.0537555228276876,10.47092382162215,3.4611282031973274,3.475999064430784,0.30908520340695306,"[""MutablePeriod"", ""PeriodType"", ""TestMutablePeriod_Constructors""]","[0.020618556701030927, 0.019867549668874173, 0.01908957415565345]","[3.0537555228276876, 3.7277409860191315, 3.6894273127753303]"
org.joda.time.TestMutablePeriod_Constructors.testConstructor_PeriodType1,0.020618556701030927,0.019858560175186182,0.01908957415565345,0.05957568052555855,0.019838914794404406,0.019848739702429313,0.0006242368750534914,3.7277409860191315,3.490307940540717,3.0537555228276876,10.47092382162215,3.4611282031973274,3.475999064430784,0.30908520340695306,"[""PeriodType"", ""MutablePeriod"", ""TestMutablePeriod_Constructors""]","[0.020618556701030927, 0.019867549668874173, 0.01908957415565345]","[3.0537555228276876, 3.7277409860191315, 3.6894273127753303]"
org.joda.time.TestMutablePeriod_Constructors.testConstructor_long3,0.020618556701030927,0.019858560175186182,0.01908957415565345,0.05957568052555855,0.019838914794404406,0.019848739702429313,0.0006242368750534914,3.7277409860191315,3.490307940540717,3.0537555228276876,10.47092382162215,3.4611282031973274,3.475999064430784,0.30908520340695306,"[""MutablePeriod"", ""PeriodType"", ""TestMutablePeriod_Constructors""]","[0.020618556701030927, 0.019867549668874173, 0.01908957415565345]","[3.0537555228276876, 3.7277409860191315, 3.6894273127753303]"
org.joda.time.TestMutablePeriod_Constructors.testConstructor_RI_RI5,0.020618556701030927,0.019858560175186182,0.01908957415565345,0.05957568052555855,0.019838914794404406,0.019848739702429313,0.0006242368750534914,3.7277409860191315,3.490307940540717,3.0537555228276876,10.47092382162215,3.4611282031973274,3.475999064430784,0.30908520340695306,"[""MutablePeriod"", ""PeriodType"", ""TestMutablePeriod_Constructors""]","[0.020618556701030927, 0.019867549668874173, 0.01908957415565345]","[3.0537555228276876, 3.7277409860191315, 3.6894273127753303]"
org.joda.time.TestMutablePeriod_Constructors.testConstructor1,0.020618556701030927,0.019858560175186182,0.01908957415565345,0.05957568052555855,0.019838914794404406,0.019848739702429313,0.0006242368750534914,3.7277409860191315,3.490307940540717,3.0537555228276876,10.47092382162215,3.4611282031973274,3.475999064430784,0.30908520340695306,"[""MutablePeriod"", ""PeriodType"", ""TestMutablePeriod_Constructors""]","[0.020618556701030927, 0.019867549668874173, 0.01908957415565345]","[3.0537555228276876, 3.7277409860191315, 3.6894273127753303]"
org.joda.time.TestMutablePeriod_Constructors.testConstructor_long_PeriodType4,0.020618556701030927,0.019858560175186182,0.01908957415565345,0.05957568052555855,0.019838914794404406,0.019848739702429313,0.0006242368750534914,3.7277409860191315,3.490307940540717,3.0537555228276876,10.47092382162215,3.4611282031973274,3.475999064430784,0.30908520340695306,"[""PeriodType"", ""MutablePeriod"", ""TestMutablePeriod_Constructors""]","[0.020618556701030927, 0.019867549668874173, 0.01908957415565345]","[3.0537555228276876, 3.7277409860191315, 3.6894273127753303]"
org.joda.time.TestMutablePeriod_Constructors.testConstructor_Object_PeriodType2,0.020618556701030927,0.019858560175186182,0.01908957415565345,0.05957568052555855,0.019838914794404406,0.019848739702429313,0.0006242368750534914,3.7277409860191315,3.490307940540717,3.0537555228276876,10.47092382162215,3.4611282031973274,3.475999064430784,0.30908520340695306,"[""PeriodType"", ""MutablePeriod"", ""TestMutablePeriod_Constructors""]","[0.020618556701030927, 0.019867549668874173, 0.01908957415565345]","[3.0537555228276876, 3.7277409860191315, 3.6894273127753303]"
org.joda.time.TestMutablePeriod_Constructors.testConstructor_8int__PeriodType2,0.020618556701030927,0.019858560175186182,0.01908957415565345,0.05957568052555855,0.019838914794404406,0.019848739702429313,0.0006242368750534914,3.7277409860191315,3.490307940540717,3.0537555228276876,10.47092382162215,3.4611282031973274,3.475999064430784,0.30908520340695306,"[""PeriodType"", ""MutablePeriod"", ""TestMutablePeriod_Constructors""]","[0.020618556701030927, 0.019867549668874173, 0.01908957415565345]","[3.0537555228276876, 3.7277409860191315, 3.6894273127753303]"
org.joda.time.TestMutablePeriod_Constructors.testConstructor_8int__PeriodType3,0.020618556701030927,0.019858560175186182,0.01908957415565345,0.05957568052555855,0.019838914794404406,0.019848739702429313,0.0006242368750534914,3.7277409860191315,3.490307940540717,3.0537555228276876,10.47092382162215,3.4611282031973274,3.475999064430784,0.30908520340695306,"[""PeriodType"", ""MutablePeriod"", ""TestMutablePeriod_Constructors""]","[0.020618556701030927, 0.019867549668874173, 0.01908957415565345]","[3.0537555228276876, 3.7277409860191315, 3.6894273127753303]"
org.joda.time.TestMutablePeriod_Constructors.testConstructor_Object2,0.020618556701030927,0.019858560175186182,0.01908957415565345,0.05957568052555855,0.019838914794404406,0.019848739702429313,0.0006242368750534914,3.7277409860191315,3.490307940540717,3.0537555228276876,10.47092382162215,3.4611282031973274,3.475999064430784,0.30908520340695306,"[""MutablePeriod"", ""PeriodType"", ""TestMutablePeriod_Constructors""]","[0.020618556701030927, 0.019867549668874173, 0.01908957415565345]","[3.0537555228276876, 3.7277409860191315, 3.6894273127753303]"
org.joda.time.TestMutablePeriod_Constructors.testConstructor_long_PeriodType1,0.020618556701030927,0.019858560175186182,0.01908957415565345,0.05957568052555855,0.019838914794404406,0.019848739702429313,0.0006242368750534914,3.7277409860191315,3.490307940540717,3.0537555228276876,10.47092382162215,3.4611282031973274,3.475999064430784,0.30908520340695306,"[""MutablePeriod"", ""PeriodType"", ""TestMutablePeriod_Constructors""]","[0.020618556701030927, 0.019867549668874173, 0.01908957415565345]","[3.0537555228276876, 3.7277409860191315, 3.6894273127753303]"
org.joda.time.TestMutablePeriod_Constructors.testConstructor_RI_RI_PeriodType5,0.020618556701030927,0.019858560175186182,0.01908957415565345,0.05957568052555855,0.019838914794404406,0.019848739702429313,0.0006242368750534914,3.7277409860191315,3.490307940540717,3.0537555228276876,10.47092382162215,3.4611282031973274,3.475999064430784,0.30908520340695306,"[""PeriodType"", ""MutablePeriod"", ""TestMutablePeriod_Constructors""]","[0.020618556701030927, 0.019867549668874173, 0.01908957415565345]","[3.0537555228276876, 3.7277409860191315, 3.6894273127753303]"
org.joda.time.TestMutablePeriod_Constructors.testConstructor_4int1,0.020618556701030927,0.019858560175186182,0.01908957415565345,0.05957568052555855,0.019838914794404406,0.019848739702429313,0.0006242368750534914,3.7277409860191315,3.490307940540717,3.0537555228276876,10.47092382162215,3.4611282031973274,3.475999064430784,0.30908520340695306,"[""MutablePeriod"", ""PeriodType"", ""TestMutablePeriod_Constructors""]","[0.020618556701030927, 0.019867549668874173, 0.01908957415565345]","[3.0537555228276876, 3.7277409860191315, 3.6894273127753303]"
org.joda.time.TestMutablePeriod_Constructors.testConstructor_long_PeriodType2,0.020618556701030927,0.019858560175186182,0.01908957415565345,0.05957568052555855,0.019838914794404406,0.019848739702429313,0.0006242368750534914,3.7277409860191315,3.490307940540717,3.0537555228276876,10.47092382162215,3.4611282031973274,3.475999064430784,0.30908520340695306,"[""PeriodType"", ""MutablePeriod"", ""TestMutablePeriod_Constructors""]","[0.020618556701030927, 0.019867549668874173, 0.01908957415565345]","[3.0537555228276876, 3.7277409860191315, 3.6894273127753303]"
org.joda.time.TestMutablePeriod_Constructors.testConstructor_Object_PeriodType1,0.020618556701030927,0.019858560175186182,0.01908957415565345,0.05957568052555855,0.019838914794404406,0.019848739702429313,0.0006242368750534914,3.7277409860191315,3.490307940540717,3.0537555228276876,10.47092382162215,3.4611282031973274,3.475999064430784,0.30908520340695306,"[""PeriodType"", ""MutablePeriod"", ""TestMutablePeriod_Constructors""]","[0.020618556701030927, 0.019867549668874173, 0.01908957415565345]","[3.0537555228276876, 3.7277409860191315, 3.6894273127753303]"
org.joda.time.TestMutablePeriod_Constructors.testConstructor_long_PeriodType_Chronology4,0.020618556701030927,0.019858560175186182,0.01908957415565345,0.05957568052555855,0.019838914794404406,0.019848739702429313,0.0006242368750534914,3.7277409860191315,3.490307940540717,3.0537555228276876,10.47092382162215,3.4611282031973274,3.475999064430784,0.30908520340695306,"[""MutablePeriod"", ""PeriodType"", ""TestMutablePeriod_Constructors""]","[0.020618556701030927, 0.019867549668874173, 0.01908957415565345]","[3.0537555228276876, 3.7277409860191315, 3.6894273127753303]"
org.joda.time.TestMutablePeriod_Constructors.testConstructor_8int1,0.020618556701030927,0.019858560175186182,0.01908957415565345,0.05957568052555855,0.019838914794404406,0.019848739702429313,0.0006242368750534914,3.7277409860191315,3.490307940540717,3.0537555228276876,10.47092382162215,3.4611282031973274,3.475999064430784,0.30908520340695306,"[""MutablePeriod"", ""PeriodType"", ""TestMutablePeriod_Constructors""]","[0.020618556701030927, 0.019867549668874173, 0.01908957415565345]","[3.0537555228276876, 3.7277409860191315, 3.6894273127753303]"
org.joda.time.TestMutablePeriod_Constructors.testConstructor_long_Chronology3,0.020618556701030927,0.019858560175186182,0.01908957415565345,0.05957568052555855,0.019838914794404406,0.019848739702429313,0.0006242368750534914,3.7277409860191315,3.490307940540717,3.0537555228276876,10.47092382162215,3.4611282031973274,3.475999064430784,0.30908520340695306,"[""MutablePeriod"", ""PeriodType"", ""TestMutablePeriod_Constructors""]","[0.020618556701030927, 0.019867549668874173, 0.01908957415565345]","[3.0537555228276876, 3.7277409860191315, 3.6894273127753303]"
org.joda.time.TestMutablePeriod_Constructors.testConstructor_long2,0.020618556701030927,0.019858560175186182,0.01908957415565345,0.05957568052555855,0.019838914794404406,0.019848739702429313,0.0006242368750534914,3.7277409860191315,3.490307940540717,3.0537555228276876,10.47092382162215,3.4611282031973274,3.475999064430784,0.30908520340695306,"[""MutablePeriod"", ""PeriodType"", ""TestMutablePeriod_Constructors""]","[0.020618556701030927, 0.019867549668874173, 0.01908957415565345]","[3.0537555228276876, 3.7277409860191315, 3.6894273127753303]"
org.joda.time.TestMutablePeriod_Constructors.testConstructor_PeriodType2,0.020618556701030927,0.019858560175186182,0.01908957415565345,0.05957568052555855,0.019838914794404406,0.019848739702429313,0.0006242368750534914,3.7277409860191315,3.490307940540717,3.0537555228276876,10.47092382162215,3.4611282031973274,3.475999064430784,0.30908520340695306,"[""MutablePeriod"", ""PeriodType"", ""TestMutablePeriod_Constructors""]","[0.020618556701030927, 0.019867549668874173, 0.01908957415565345]","[3.0537555228276876, 3.7277409860191315, 3.6894273127753303]"
org.joda.time.TestMutablePeriod_Constructors.testConstructor_long1,0.020618556701030927,0.019858560175186182,0.01908957415565345,0.05957568052555855,0.019838914794404406,0.019848739702429313,0.0006242368750534914,3.7277409860191315,3.490307940540717,3.0537555228276876,10.47092382162215,3.4611282031973274,3.475999064430784,0.30908520340695306,"[""MutablePeriod"", ""PeriodType"", ""TestMutablePeriod_Constructors""]","[0.020618556701030927, 0.019867549668874173, 0.01908957415565345]","[3.0537555228276876, 3.7277409860191315, 3.6894273127753303]"
org.joda.time.TestMutablePeriod_Constructors.testConstructor_long_PeriodType3,0.020618556701030927,0.019858560175186182,0.01908957415565345,0.05957568052555855,0.019838914794404406,0.019848739702429313,0.0006242368750534914,3.7277409860191315,3.490307940540717,3.0537555228276876,10.47092382162215,3.4611282031973274,3.475999064430784,0.30908520340695306,"[""PeriodType"", ""MutablePeriod"", ""TestMutablePeriod_Constructors""]","[0.020618556701030927, 0.019867549668874173, 0.01908957415565345]","[3.0537555228276876, 3.7277409860191315, 3.6894273127753303]"
org.joda.time.TestMutablePeriod_Constructors.testConstructor_long_PeriodType_Chronology3,0.020618556701030927,0.019858560175186182,0.01908957415565345,0.05957568052555855,0.019838914794404406,0.019848739702429313,0.0006242368750534914,3.7277409860191315,3.490307940540717,3.0537555228276876,10.47092382162215,3.4611282031973274,3.475999064430784,0.30908520340695306,"[""PeriodType"", ""MutablePeriod"", ""TestMutablePeriod_Constructors""]","[0.020618556701030927, 0.019867549668874173, 0.01908957415565345]","[3.0537555228276876, 3.7277409860191315, 3.6894273127753303]"
org.joda.time.TestMutablePeriod_Constructors.testConstructor_Object1,0.020618556701030927,0.019858560175186182,0.01908957415565345,0.05957568052555855,0.019838914794404406,0.019848739702429313,0.0006242368750534914,3.7277409860191315,3.490307940540717,3.0537555228276876,10.47092382162215,3.4611282031973274,3.475999064430784,0.30908520340695306,"[""MutablePeriod"", ""PeriodType"", ""TestMutablePeriod_Constructors""]","[0.020618556701030927, 0.019867549668874173, 0.01908957415565345]","[3.0537555228276876, 3.7277409860191315, 3.6894273127753303]"
org.joda.time.chrono.TestCopticChronology.testEpoch,0.04081632653061224,0.029724933451641525,0.018633540372670808,0.05944986690328305,0.0255863539445629,0.027578119375190866,0.011091393078970717,5.746938775510204,4.008174356699201,2.2694099378881987,8.016348713398402,3.2538903772435512,3.61139307879631,1.7387644188110025,"[""TestCopticChronology"", ""DateTime""]","[0.04081632653061224, 0.018633540372670808]","[5.746938775510204, 2.2694099378881987]"
org.joda.time.chrono.TestCopticChronology.testSampleDateWithZone,0.04081632653061224,0.029724933451641525,0.018633540372670808,0.05944986690328305,0.0255863539445629,0.027578119375190866,0.011091393078970717,5.746938775510204,4.008174356699201,2.2694099378881987,8.016348713398402,3.2538903772435512,3.61139307879631,1.7387644188110025,"[""TestCopticChronology"", ""DateTime""]","[0.04081632653061224, 0.018633540372670808]","[5.746938775510204, 2.2694099378881987]"
org.joda.time.chrono.TestCopticChronology.testEra,0.04081632653061224,0.029724933451641525,0.018633540372670808,0.05944986690328305,0.0255863539445629,0.027578119375190866,0.011091393078970717,5.746938775510204,4.008174356699201,2.2694099378881987,8.016348713398402,3.2538903772435512,3.61139307879631,1.7387644188110025,"[""TestCopticChronology"", ""DateTime""]","[0.04081632653061224, 0.018633540372670808]","[5.746938775510204, 2.2694099378881987]"
org.joda.time.TestSerialization.testDuration,0.02516091281451141,0.014854404108551988,0.006006006006006006,0.059417616434207954,0.009576279979652937,0.011920132327194383,0.00890826538934672,2.320525783619818,1.0219107032196126,0.07507507507507508,4.0876428128784505,0.1522898638778001,0.39175780639826263,0.97543181247253,"[""StringBuilder"", ""ByteArrayOutputStream"", ""ObjectInputStream"", ""Duration"", ""TestSerialization"", ""FileInputStream"", ""ObjectOutputStream"", ""ByteArrayInputStream""]","[0.02516091281451141, 0.022244691607684528, 0.006006006006006006, 0.006006006006006006]","[1.6079578700994734, 2.320525783619818, 0.08408408408408409, 0.07507507507507508]"
org.joda.time.TestYearMonth_Basics.testProperty,0.029333333333333333,0.019786610139551315,0.013333333333333334,0.05935983041865395,0.017751934013012963,0.018690156412895294,0.006888495622632938,5.344,3.6487454513336863,2.1089030206677264,10.946236354001059,3.1660081697442464,3.4018959700357505,1.3252868397035709,"[""DateTimeFieldType"", ""YearMonth"", ""TestYearMonth_Basics""]","[0.029333333333333333, 0.016693163751987282, 0.013333333333333334]","[5.344, 2.1089030206677264, 3.493333333333333]"
org.joda.time.TestYearMonth_Basics.testGetFieldType,0.029333333333333333,0.019786610139551315,0.013333333333333334,0.05935983041865395,0.017751934013012963,0.018690156412895294,0.006888495622632938,5.344,3.6487454513336863,2.1089030206677264,10.946236354001059,3.1660081697442464,3.4018959700357505,1.3252868397035709,"[""DateTimeFieldType"", ""YearMonth"", ""TestYearMonth_Basics""]","[0.029333333333333333, 0.016693163751987282, 0.013333333333333334]","[5.344, 2.1089030206677264, 3.493333333333333]"
org.joda.time.TestYearMonth_Basics.testWithField_unknownField,0.029333333333333333,0.019786610139551315,0.013333333333333334,0.05935983041865395,0.017751934013012963,0.018690156412895294,0.006888495622632938,5.344,3.6487454513336863,2.1089030206677264,10.946236354001059,3.1660081697442464,3.4018959700357505,1.3252868397035709,"[""DateTimeFieldType"", ""YearMonth"", ""TestYearMonth_Basics""]","[0.029333333333333333, 0.016693163751987282, 0.013333333333333334]","[5.344, 2.1089030206677264, 3.493333333333333]"
org.joda.time.TestYearMonth_Basics.testGet,0.029333333333333333,0.019786610139551315,0.013333333333333334,0.05935983041865395,0.017751934013012963,0.018690156412895294,0.006888495622632938,5.344,3.6487454513336863,2.1089030206677264,10.946236354001059,3.1660081697442464,3.4018959700357505,1.3252868397035709,"[""DateTimeFieldType"", ""YearMonth"", ""TestYearMonth_Basics""]","[0.029333333333333333, 0.016693163751987282, 0.013333333333333334]","[5.344, 2.1089030206677264, 3.493333333333333]"
org.joda.time.TestYearMonth_Basics.testWithField_same,0.029333333333333333,0.019786610139551315,0.013333333333333334,0.05935983041865395,0.017751934013012963,0.018690156412895294,0.006888495622632938,5.344,3.6487454513336863,2.1089030206677264,10.946236354001059,3.1660081697442464,3.4018959700357505,1.3252868397035709,"[""DateTimeFieldType"", ""YearMonth"", ""TestYearMonth_Basics""]","[0.029333333333333333, 0.016693163751987282, 0.013333333333333334]","[5.344, 2.1089030206677264, 3.493333333333333]"
org.joda.time.TestYearMonth_Basics.testGetFieldTypes,0.029333333333333333,0.019786610139551315,0.013333333333333334,0.05935983041865395,0.017751934013012963,0.018690156412895294,0.006888495622632938,5.344,3.6487454513336863,2.1089030206677264,10.946236354001059,3.1660081697442464,3.4018959700357505,1.3252868397035709,"[""DateTimeFieldType"", ""YearMonth"", ""TestYearMonth_Basics""]","[0.029333333333333333, 0.016693163751987282, 0.013333333333333334]","[5.344, 2.1089030206677264, 3.493333333333333]"
org.joda.time.TestYearMonth_Basics.testIsSupported,0.029333333333333333,0.019786610139551315,0.013333333333333334,0.05935983041865395,0.017751934013012963,0.018690156412895294,0.006888495622632938,5.344,3.6487454513336863,2.1089030206677264,10.946236354001059,3.1660081697442464,3.4018959700357505,1.3252868397035709,"[""DateTimeFieldType"", ""YearMonth"", ""TestYearMonth_Basics""]","[0.029333333333333333, 0.016693163751987282, 0.013333333333333334]","[5.344, 2.1089030206677264, 3.493333333333333]"
org.joda.time.TestYearMonth_Basics.testWithField,0.029333333333333333,0.019786610139551315,0.013333333333333334,0.05935983041865395,0.017751934013012963,0.018690156412895294,0.006888495622632938,5.344,3.6487454513336863,2.1089030206677264,10.946236354001059,3.1660081697442464,3.4018959700357505,1.3252868397035709,"[""DateTimeFieldType"", ""YearMonth"", ""TestYearMonth_Basics""]","[0.029333333333333333, 0.016693163751987282, 0.013333333333333334]","[5.344, 2.1089030206677264, 3.493333333333333]"
org.joda.time.TestSerialization.testSerializedGJChronologyChangedInternals,0.02507288629737609,0.01483239747926816,0.006006006006006006,0.05932958991707264,0.009573082031497059,0.011909692849371614,0.008882849885573028,2.896209912536443,1.3439737138288552,0.07507507507507508,5.375894855315421,0.15391083900593708,0.45384389910562306,1.2806752902434724,"[""StringBuilder"", ""GJChronology"", ""ByteArrayOutputStream"", ""ObjectInputStream"", ""TestSerialization"", ""FileInputStream"", ""ObjectOutputStream"", ""ByteArrayInputStream""]","[0.02507288629737609, 0.022244691607684528, 0.006006006006006006, 0.006006006006006006]","[2.896209912536443, 2.320525783619818, 0.08408408408408409, 0.07507507507507508]"
org.joda.time.TestSerialization.testSerializedGJChronology,0.02507288629737609,0.01483239747926816,0.006006006006006006,0.05932958991707264,0.009573082031497059,0.011909692849371614,0.008882849885573028,2.896209912536443,1.3439737138288552,0.07507507507507508,5.375894855315421,0.15391083900593708,0.45384389910562306,1.2806752902434724,"[""StringBuilder"", ""GJChronology"", ""ByteArrayOutputStream"", ""ObjectInputStream"", ""TestSerialization"", ""FileInputStream"", ""ObjectOutputStream"", ""ByteArrayInputStream""]","[0.02507288629737609, 0.022244691607684528, 0.006006006006006006, 0.006006006006006006]","[2.896209912536443, 2.320525783619818, 0.08408408408408409, 0.07507507507507508]"
org.joda.time.chrono.TestIslamicChronology.testFieldConstructor,0.04081632653061224,0.029599339735894355,0.01838235294117647,0.05919867947178871,0.025348542458808618,0.02739160674454894,0.011216986794717885,5.746938775510204,4.815871348539416,3.8848039215686274,9.631742697078831,4.635865179182563,4.7250111420098095,0.9310674269707881,"[""TestIslamicChronology"", ""DateTime""]","[0.04081632653061224, 0.01838235294117647]","[5.746938775510204, 3.8848039215686274]"
org.joda.time.chrono.TestIslamicChronology.testEpoch,0.04081632653061224,0.029599339735894355,0.01838235294117647,0.05919867947178871,0.025348542458808618,0.02739160674454894,0.011216986794717885,5.746938775510204,4.815871348539416,3.8848039215686274,9.631742697078831,4.635865179182563,4.7250111420098095,0.9310674269707881,"[""TestIslamicChronology"", ""DateTime""]","[0.04081632653061224, 0.01838235294117647]","[5.746938775510204, 3.8848039215686274]"
org.joda.time.chrono.TestIslamicChronology.testEra,0.04081632653061224,0.029599339735894355,0.01838235294117647,0.05919867947178871,0.025348542458808618,0.02739160674454894,0.011216986794717885,5.746938775510204,4.815871348539416,3.8848039215686274,9.631742697078831,4.635865179182563,4.7250111420098095,0.9310674269707881,"[""TestIslamicChronology"", ""DateTime""]","[0.04081632653061224, 0.01838235294117647]","[5.746938775510204, 3.8848039215686274]"
org.joda.time.chrono.TestIslamicChronology.testSampleDateWithZone,0.04081632653061224,0.029599339735894355,0.01838235294117647,0.05919867947178871,0.025348542458808618,0.02739160674454894,0.011216986794717885,5.746938775510204,4.815871348539416,3.8848039215686274,9.631742697078831,4.635865179182563,4.7250111420098095,0.9310674269707881,"[""TestIslamicChronology"", ""DateTime""]","[0.04081632653061224, 0.01838235294117647]","[5.746938775510204, 3.8848039215686274]"
org.joda.time.TestYearMonthDay_Constructors.testFactory_FromCalendarFields,0.03763440860215054,0.019725327627630268,0.006006006006006006,0.059175982882890804,0.011653207552680385,0.015199617789611214,0.013247755162601078,3.3669354838709675,1.7546064283627913,0.1111111111111111,5.263819285088374,0.30435261760708143,0.8741906438330815,1.3293674155947448,"[""GregorianCalendar"", ""TestYearMonthDay_Constructors"", ""YearMonthDay""]","[0.03763440860215054, 0.01553556827473426, 0.006006006006006006]","[3.3669354838709675, 1.785772690106296, 0.1111111111111111]"
org.joda.time.TestYearMonthDay_Constructors.testFactory_FromDateFields,0.03763440860215054,0.019725327627630268,0.006006006006006006,0.059175982882890804,0.011653207552680385,0.015199617789611214,0.013247755162601078,3.3669354838709675,1.7546064283627913,0.1111111111111111,5.263819285088374,0.30435261760708143,0.8741906438330815,1.3293674155947448,"[""GregorianCalendar"", ""TestYearMonthDay_Constructors"", ""YearMonthDay""]","[0.03763440860215054, 0.01553556827473426, 0.006006006006006006]","[3.3669354838709675, 1.785772690106296, 0.1111111111111111]"
org.joda.time.format.TestPeriodFormatter.testPrint_writerMethods,0.030927835051546393,0.014785475771208204,0.006006006006006006,0.05914190308483282,0.010341643582640813,0.012171652034722435,0.009683027637165833,4.878497790868925,1.7340465251617883,0.015015015015015015,6.936186100647153,0.05816840504420089,0.5255818819541591,1.8615435378374579,"[""PeriodFormatter"", ""TestPeriodFormatter"", ""CharArrayWriter"", ""Period""]","[0.030927835051546393, 0.013371537726838587, 0.008836524300441826, 0.006006006006006006]","[4.878497790868925, 0.9837631327602674, 1.0589101620029455, 0.015015015015015015]"
org.joda.time.TestDurationFieldType.test_other,0.021957340025094103,0.011810797523179628,0.006006006006006006,0.05905398761589814,0.00929308395416297,0.01044922811479001,0.005856209169194705,1.1764705882352942,0.605922197982916,0.07507507507507508,3.02961098991458,0.17590666804186206,0.35100181265107705,0.4462892787036808,"[""Constructor"", ""ByteArrayOutputStream"", ""ObjectInputStream"", ""DurationFieldType"", ""TestDurationFieldType"", ""Class"", ""Byte"", ""ByteArrayInputStream"", ""CopticChronology"", ""ObjectOutputStream""]","[0.021957340025094103, 0.012718600953895072, 0.01236603462489695, 0.006006006006006006, 0.006006006006006006]","[0.8456712672521958, 1.1764705882352942, 0.8483099752679307, 0.08408408408408409, 0.07507507507507508]"
org.joda.time.TestMonths.testGetFieldType,0.025559105431309903,0.019681493182714758,0.012718600953895072,0.05904447954814427,0.018082763417178627,0.0188995444728395,0.005297987874985164,2.330670926517572,1.8314539873457372,1.1764705882352942,5.494361962037211,1.683240568901325,1.7596894354925412,0.48390219242741306,"[""Months"", ""TestMonths"", ""DurationFieldType""]","[0.025559105431309903, 0.020766773162939296, 0.012718600953895072]","[2.330670926517572, 1.987220447284345, 1.1764705882352942]"
org.joda.time.TestDays.testGetFieldType,0.025559105431309903,0.019681493182714758,0.012718600953895072,0.05904447954814427,0.018082763417178627,0.0188995444728395,0.005297987874985164,2.7939297124600637,2.134968364342542,1.1764705882352942,6.404905093027627,1.8533620380476992,2.0001799126802817,0.6934623558175901,"[""Days"", ""TestDays"", ""DurationFieldType""]","[0.025559105431309903, 0.020766773162939296, 0.012718600953895072]","[2.7939297124600637, 2.4345047923322682, 1.1764705882352942]"
org.joda.time.field.TestScaledDurationField.test_compareTo,0.01574344023323615,0.011799599625749608,0.008777062609713282,0.058997998128748036,0.011272533324426638,0.011532259258501657,0.002523157169309337,1.1764705882352942,0.7604270454281084,0.42012873025160913,3.8021352271405418,0.6331521278973724,0.6939048374450396,0.31488661902803955,"[""TestScaledDurationField"", ""PreciseDurationField"", ""DurationFieldType"", ""ISOChronology"", ""ScaledDurationField""]","[0.01574344023323615, 0.012718600953895072, 0.012396694214876033, 0.009362200117027502, 0.008777062609713282]","[0.7008746355685131, 1.1764705882352942, 1.0710743801652893, 0.42012873025160913, 0.43358689291983615]"
org.joda.time.TestDateMidnight_Basics.testToString,0.03319502074688797,0.029400278539533947,0.02560553633217993,0.058800557079067894,0.028910484934316548,0.029154353187507125,0.003794742207354018,3.8485477178423237,3.7201216097862138,3.5916955017301038,7.4402432195724275,3.7156880812727775,3.717904184667476,0.12842610805611,"[""TestDateMidnight_Basics"", ""DateMidnight""]","[0.03319502074688797, 0.02560553633217993]","[3.8485477178423237, 3.5916955017301038]"
org.joda.time.TestDateMidnight_Basics.testPlus_long,0.03319502074688797,0.029400278539533947,0.02560553633217993,0.058800557079067894,0.028910484934316548,0.029154353187507125,0.003794742207354018,3.8485477178423237,3.7201216097862138,3.5916955017301038,7.4402432195724275,3.7156880812727775,3.717904184667476,0.12842610805611,"[""TestDateMidnight_Basics"", ""DateMidnight""]","[0.03319502074688797, 0.02560553633217993]","[3.8485477178423237, 3.5916955017301038]"
org.joda.time.TestDateMidnight_Basics.testWithers,0.03319502074688797,0.029400278539533947,0.02560553633217993,0.058800557079067894,0.028910484934316548,0.029154353187507125,0.003794742207354018,3.8485477178423237,3.7201216097862138,3.5916955017301038,7.4402432195724275,3.7156880812727775,3.717904184667476,0.12842610805611,"[""TestDateMidnight_Basics"", ""DateMidnight""]","[0.03319502074688797, 0.02560553633217993]","[3.8485477178423237, 3.5916955017301038]"
org.joda.time.TestDateMidnight_Basics.testPlusWeeks_int,0.03319502074688797,0.029400278539533947,0.02560553633217993,0.058800557079067894,0.028910484934316548,0.029154353187507125,0.003794742207354018,3.8485477178423237,3.7201216097862138,3.5916955017301038,7.4402432195724275,3.7156880812727775,3.717904184667476,0.12842610805611,"[""TestDateMidnight_Basics"", ""DateMidnight""]","[0.03319502074688797, 0.02560553633217993]","[3.8485477178423237, 3.5916955017301038]"
org.joda.time.TestDateMidnight_Basics.testMinusYears_int,0.03319502074688797,0.029400278539533947,0.02560553633217993,0.058800557079067894,0.028910484934316548,0.029154353187507125,0.003794742207354018,3.8485477178423237,3.7201216097862138,3.5916955017301038,7.4402432195724275,3.7156880812727775,3.717904184667476,0.12842610805611,"[""TestDateMidnight_Basics"", ""DateMidnight""]","[0.03319502074688797, 0.02560553633217993]","[3.8485477178423237, 3.5916955017301038]"
org.joda.time.TestDateMidnight_Basics.testWithChronology_Chronology,0.03319502074688797,0.029400278539533947,0.02560553633217993,0.058800557079067894,0.028910484934316548,0.029154353187507125,0.003794742207354018,3.8485477178423237,3.7201216097862138,3.5916955017301038,7.4402432195724275,3.7156880812727775,3.717904184667476,0.12842610805611,"[""TestDateMidnight_Basics"", ""DateMidnight""]","[0.03319502074688797, 0.02560553633217993]","[3.8485477178423237, 3.5916955017301038]"
org.joda.time.TestDateMidnight_Basics.testPlusDays_int,0.03319502074688797,0.029400278539533947,0.02560553633217993,0.058800557079067894,0.028910484934316548,0.029154353187507125,0.003794742207354018,3.8485477178423237,3.7201216097862138,3.5916955017301038,7.4402432195724275,3.7156880812727775,3.717904184667476,0.12842610805611,"[""TestDateMidnight_Basics"", ""DateMidnight""]","[0.03319502074688797, 0.02560553633217993]","[3.8485477178423237, 3.5916955017301038]"
org.joda.time.TestDateMidnight_Basics.testWithField2,0.03319502074688797,0.029400278539533947,0.02560553633217993,0.058800557079067894,0.028910484934316548,0.029154353187507125,0.003794742207354018,3.8485477178423237,3.7201216097862138,3.5916955017301038,7.4402432195724275,3.7156880812727775,3.717904184667476,0.12842610805611,"[""TestDateMidnight_Basics"", ""DateMidnight""]","[0.03319502074688797, 0.02560553633217993]","[3.8485477178423237, 3.5916955017301038]"
org.joda.time.TestDateMidnight_Basics.testMinusWeeks_int,0.03319502074688797,0.029400278539533947,0.02560553633217993,0.058800557079067894,0.028910484934316548,0.029154353187507125,0.003794742207354018,3.8485477178423237,3.7201216097862138,3.5916955017301038,7.4402432195724275,3.7156880812727775,3.717904184667476,0.12842610805611,"[""TestDateMidnight_Basics"", ""DateMidnight""]","[0.03319502074688797, 0.02560553633217993]","[3.8485477178423237, 3.5916955017301038]"
org.joda.time.TestDateMidnight_Basics.testMinus_long,0.03319502074688797,0.029400278539533947,0.02560553633217993,0.058800557079067894,0.028910484934316548,0.029154353187507125,0.003794742207354018,3.8485477178423237,3.7201216097862138,3.5916955017301038,7.4402432195724275,3.7156880812727775,3.717904184667476,0.12842610805611,"[""TestDateMidnight_Basics"", ""DateMidnight""]","[0.03319502074688797, 0.02560553633217993]","[3.8485477178423237, 3.5916955017301038]"
org.joda.time.TestDateMidnight_Basics.testWithFieldAdded3,0.03319502074688797,0.029400278539533947,0.02560553633217993,0.058800557079067894,0.028910484934316548,0.029154353187507125,0.003794742207354018,3.8485477178423237,3.7201216097862138,3.5916955017301038,7.4402432195724275,3.7156880812727775,3.717904184667476,0.12842610805611,"[""TestDateMidnight_Basics"", ""DateMidnight""]","[0.03319502074688797, 0.02560553633217993]","[3.8485477178423237, 3.5916955017301038]"
org.joda.time.TestDateMidnight_Basics.testMinusDays_int,0.03319502074688797,0.029400278539533947,0.02560553633217993,0.058800557079067894,0.028910484934316548,0.029154353187507125,0.003794742207354018,3.8485477178423237,3.7201216097862138,3.5916955017301038,7.4402432195724275,3.7156880812727775,3.717904184667476,0.12842610805611,"[""TestDateMidnight_Basics"", ""DateMidnight""]","[0.03319502074688797, 0.02560553633217993]","[3.8485477178423237, 3.5916955017301038]"
org.joda.time.TestDateMidnight_Basics.testWithMillis_long,0.03319502074688797,0.029400278539533947,0.02560553633217993,0.058800557079067894,0.028910484934316548,0.029154353187507125,0.003794742207354018,3.8485477178423237,3.7201216097862138,3.5916955017301038,7.4402432195724275,3.7156880812727775,3.717904184667476,0.12842610805611,"[""TestDateMidnight_Basics"", ""DateMidnight""]","[0.03319502074688797, 0.02560553633217993]","[3.8485477178423237, 3.5916955017301038]"
org.joda.time.TestDateMidnight_Basics.testToString_String_String,0.03319502074688797,0.029400278539533947,0.02560553633217993,0.058800557079067894,0.028910484934316548,0.029154353187507125,0.003794742207354018,3.8485477178423237,3.7201216097862138,3.5916955017301038,7.4402432195724275,3.7156880812727775,3.717904184667476,0.12842610805611,"[""TestDateMidnight_Basics"", ""DateMidnight""]","[0.03319502074688797, 0.02560553633217993]","[3.8485477178423237, 3.5916955017301038]"
org.joda.time.TestDateMidnight_Basics.testPlusYears_int,0.03319502074688797,0.029400278539533947,0.02560553633217993,0.058800557079067894,0.028910484934316548,0.029154353187507125,0.003794742207354018,3.8485477178423237,3.7201216097862138,3.5916955017301038,7.4402432195724275,3.7156880812727775,3.717904184667476,0.12842610805611,"[""TestDateMidnight_Basics"", ""DateMidnight""]","[0.03319502074688797, 0.02560553633217993]","[3.8485477178423237, 3.5916955017301038]"
org.joda.time.TestDateMidnight_Basics.testGetters,0.03319502074688797,0.029400278539533947,0.02560553633217993,0.058800557079067894,0.028910484934316548,0.029154353187507125,0.003794742207354018,3.8485477178423237,3.7201216097862138,3.5916955017301038,7.4402432195724275,3.7156880812727775,3.717904184667476,0.12842610805611,"[""TestDateMidnight_Basics"", ""DateMidnight""]","[0.03319502074688797, 0.02560553633217993]","[3.8485477178423237, 3.5916955017301038]"
org.joda.time.TestDateMidnight_Basics.testPlusMonths_int,0.03319502074688797,0.029400278539533947,0.02560553633217993,0.058800557079067894,0.028910484934316548,0.029154353187507125,0.003794742207354018,3.8485477178423237,3.7201216097862138,3.5916955017301038,7.4402432195724275,3.7156880812727775,3.717904184667476,0.12842610805611,"[""TestDateMidnight_Basics"", ""DateMidnight""]","[0.03319502074688797, 0.02560553633217993]","[3.8485477178423237, 3.5916955017301038]"
org.joda.time.TestDateMidnight_Basics.testToString_String,0.03319502074688797,0.029400278539533947,0.02560553633217993,0.058800557079067894,0.028910484934316548,0.029154353187507125,0.003794742207354018,3.8485477178423237,3.7201216097862138,3.5916955017301038,7.4402432195724275,3.7156880812727775,3.717904184667476,0.12842610805611,"[""TestDateMidnight_Basics"", ""DateMidnight""]","[0.03319502074688797, 0.02560553633217993]","[3.8485477178423237, 3.5916955017301038]"
org.joda.time.TestDateMidnight_Basics.testMinusMonths_int,0.03319502074688797,0.029400278539533947,0.02560553633217993,0.058800557079067894,0.028910484934316548,0.029154353187507125,0.003794742207354018,3.8485477178423237,3.7201216097862138,3.5916955017301038,7.4402432195724275,3.7156880812727775,3.717904184667476,0.12842610805611,"[""TestDateMidnight_Basics"", ""DateMidnight""]","[0.03319502074688797, 0.02560553633217993]","[3.8485477178423237, 3.5916955017301038]"
org.joda.time.TestDateMidnight_Basics.testWithDurationAdded_long_int,0.03319502074688797,0.029400278539533947,0.02560553633217993,0.058800557079067894,0.028910484934316548,0.029154353187507125,0.003794742207354018,3.8485477178423237,3.7201216097862138,3.5916955017301038,7.4402432195724275,3.7156880812727775,3.717904184667476,0.12842610805611,"[""TestDateMidnight_Basics"", ""DateMidnight""]","[0.03319502074688797, 0.02560553633217993]","[3.8485477178423237, 3.5916955017301038]"
org.joda.time.TestDateMidnight_Basics.testWithFieldAdded2,0.03319502074688797,0.029400278539533947,0.02560553633217993,0.058800557079067894,0.028910484934316548,0.029154353187507125,0.003794742207354018,3.8485477178423237,3.7201216097862138,3.5916955017301038,7.4402432195724275,3.7156880812727775,3.717904184667476,0.12842610805611,"[""TestDateMidnight_Basics"", ""DateMidnight""]","[0.03319502074688797, 0.02560553633217993]","[3.8485477178423237, 3.5916955017301038]"
org.joda.time.TestDateMidnight_Properties.testPropertyEqualsHashCodeLenient,0.03319502074688797,0.01953469999620596,0.008777062609713282,0.05860409998861788,0.014692678148722552,0.01692215558829204,0.010177699410369712,3.8485477178423237,2.0706076057401357,0.5330602691632533,6.2118228172204075,1.1184920386684876,1.5542650691260333,1.364173930865778,"[""LenientChronology"", ""TestDateMidnight_Properties"", ""DateMidnight"", ""DateMidnight$Property""]","[0.03319502074688797, 0.016632016632016633, 0.008777062609713282]","[3.8485477178423237, 1.8302148302148302, 0.5330602691632533]"
org.joda.time.TestYearMonth_Basics.testIsEqual_YM,0.029333333333333333,0.01947003563330094,0.013333333333333334,0.05841010689990282,0.01738027894274846,0.01832876759997615,0.007043466710687194,5.344,3.156467768059605,0.632069970845481,9.469403304178815,1.45950699176104,2.2766199910123475,1.9383291699661367,"[""YearMonth"", ""TestYearMonth_Basics"", ""GregorianChronology""]","[0.029333333333333333, 0.01574344023323615, 0.013333333333333334]","[5.344, 0.632069970845481, 3.493333333333333]"
org.joda.time.TestYearMonth_Basics.testIsBefore_YM,0.029333333333333333,0.01947003563330094,0.013333333333333334,0.05841010689990282,0.01738027894274846,0.01832876759997615,0.007043466710687194,5.344,3.156467768059605,0.632069970845481,9.469403304178815,1.45950699176104,2.2766199910123475,1.9383291699661367,"[""YearMonth"", ""TestYearMonth_Basics"", ""GregorianChronology""]","[0.029333333333333333, 0.01574344023323615, 0.013333333333333334]","[5.344, 0.632069970845481, 3.493333333333333]"
org.joda.time.TestYearMonth_Basics.testIsAfter_YM,0.029333333333333333,0.01947003563330094,0.013333333333333334,0.05841010689990282,0.01738027894274846,0.01832876759997615,0.007043466710687194,5.344,3.156467768059605,0.632069970845481,9.469403304178815,1.45950699176104,2.2766199910123475,1.9383291699661367,"[""YearMonth"", ""TestYearMonth_Basics"", ""GregorianChronology""]","[0.029333333333333333, 0.01574344023323615, 0.013333333333333334]","[5.344, 0.632069970845481, 3.493333333333333]"
org.joda.time.TestTimeOfDay_Properties.testPropertyAddMilli,0.044386422976501305,0.029143334137473872,0.013900245298446443,0.058286668274947745,0.021170610211706103,0.02483912573529849,0.015243088839027431,4.117493472584856,3.3829495163414878,2.6484055600981193,6.7658990326829755,3.2234570908567695,3.3022405433979896,0.7345439562433684,"[""TimeOfDay$Property"", ""TimeOfDay"", ""TestTimeOfDay_Properties""]","[0.044386422976501305, 0.013900245298446443]","[4.117493472584856, 2.6484055600981193]"
org.joda.time.TestTimeOfDay_Properties.testPropertyWithMaximumValueHour,0.044386422976501305,0.029143334137473872,0.013900245298446443,0.058286668274947745,0.021170610211706103,0.02483912573529849,0.015243088839027431,4.117493472584856,3.3829495163414878,2.6484055600981193,6.7658990326829755,3.2234570908567695,3.3022405433979896,0.7345439562433684,"[""TimeOfDay$Property"", ""TimeOfDay"", ""TestTimeOfDay_Properties""]","[0.044386422976501305, 0.013900245298446443]","[4.117493472584856, 2.6484055600981193]"
org.joda.time.TestTimeOfDay_Properties.testPropertyAddNoWrapSecond,0.044386422976501305,0.029143334137473872,0.013900245298446443,0.058286668274947745,0.021170610211706103,0.02483912573529849,0.015243088839027431,4.117493472584856,3.3829495163414878,2.6484055600981193,6.7658990326829755,3.2234570908567695,3.3022405433979896,0.7345439562433684,"[""TimeOfDay$Property"", ""TimeOfDay"", ""TestTimeOfDay_Properties""]","[0.044386422976501305, 0.013900245298446443]","[4.117493472584856, 2.6484055600981193]"
org.joda.time.TestTimeOfDay_Properties.testPropertyGetMaxMinValuesHour,0.044386422976501305,0.029143334137473872,0.013900245298446443,0.058286668274947745,0.021170610211706103,0.02483912573529849,0.015243088839027431,4.117493472584856,3.3829495163414878,2.6484055600981193,6.7658990326829755,3.2234570908567695,3.3022405433979896,0.7345439562433684,"[""TimeOfDay$Property"", ""TestTimeOfDay_Properties"", ""TimeOfDay""]","[0.044386422976501305, 0.013900245298446443]","[4.117493472584856, 2.6484055600981193]"
org.joda.time.TestTimeOfDay_Properties.testPropertySetTextMinute,0.044386422976501305,0.029143334137473872,0.013900245298446443,0.058286668274947745,0.021170610211706103,0.02483912573529849,0.015243088839027431,4.117493472584856,3.3829495163414878,2.6484055600981193,6.7658990326829755,3.2234570908567695,3.3022405433979896,0.7345439562433684,"[""TimeOfDay$Property"", ""TimeOfDay"", ""TestTimeOfDay_Properties""]","[0.044386422976501305, 0.013900245298446443]","[4.117493472584856, 2.6484055600981193]"
org.joda.time.TestTimeOfDay_Properties.testPropertyAddNoWrapHour,0.044386422976501305,0.029143334137473872,0.013900245298446443,0.058286668274947745,0.021170610211706103,0.02483912573529849,0.015243088839027431,4.117493472584856,3.3829495163414878,2.6484055600981193,6.7658990326829755,3.2234570908567695,3.3022405433979896,0.7345439562433684,"[""TimeOfDay$Property"", ""TimeOfDay"", ""TestTimeOfDay_Properties""]","[0.044386422976501305, 0.013900245298446443]","[4.117493472584856, 2.6484055600981193]"
org.joda.time.TestTimeOfDay_Properties.testPropertyAddNoWrapMilli,0.044386422976501305,0.029143334137473872,0.013900245298446443,0.058286668274947745,0.021170610211706103,0.02483912573529849,0.015243088839027431,4.117493472584856,3.3829495163414878,2.6484055600981193,6.7658990326829755,3.2234570908567695,3.3022405433979896,0.7345439562433684,"[""TimeOfDay$Property"", ""TimeOfDay"", ""TestTimeOfDay_Properties""]","[0.044386422976501305, 0.013900245298446443]","[4.117493472584856, 2.6484055600981193]"
org.joda.time.TestTimeOfDay_Properties.testPropertyAddHour,0.044386422976501305,0.029143334137473872,0.013900245298446443,0.058286668274947745,0.021170610211706103,0.02483912573529849,0.015243088839027431,4.117493472584856,3.3829495163414878,2.6484055600981193,6.7658990326829755,3.2234570908567695,3.3022405433979896,0.7345439562433684,"[""TimeOfDay$Property"", ""TimeOfDay"", ""TestTimeOfDay_Properties""]","[0.044386422976501305, 0.013900245298446443]","[4.117493472584856, 2.6484055600981193]"
org.joda.time.TestTimeOfDay_Properties.testPropertySetMilli,0.044386422976501305,0.029143334137473872,0.013900245298446443,0.058286668274947745,0.021170610211706103,0.02483912573529849,0.015243088839027431,4.117493472584856,3.3829495163414878,2.6484055600981193,6.7658990326829755,3.2234570908567695,3.3022405433979896,0.7345439562433684,"[""TimeOfDay$Property"", ""TimeOfDay"", ""TestTimeOfDay_Properties""]","[0.044386422976501305, 0.013900245298446443]","[4.117493472584856, 2.6484055600981193]"
org.joda.time.TestTimeOfDay_Properties.testPropertyAddMinute,0.044386422976501305,0.029143334137473872,0.013900245298446443,0.058286668274947745,0.021170610211706103,0.02483912573529849,0.015243088839027431,4.117493472584856,3.3829495163414878,2.6484055600981193,6.7658990326829755,3.2234570908567695,3.3022405433979896,0.7345439562433684,"[""TimeOfDay$Property"", ""TimeOfDay"", ""TestTimeOfDay_Properties""]","[0.044386422976501305, 0.013900245298446443]","[4.117493472584856, 2.6484055600981193]"
org.joda.time.TestTimeOfDay_Properties.testPropertySetTextMilli,0.044386422976501305,0.029143334137473872,0.013900245298446443,0.058286668274947745,0.021170610211706103,0.02483912573529849,0.015243088839027431,4.117493472584856,3.3829495163414878,2.6484055600981193,6.7658990326829755,3.2234570908567695,3.3022405433979896,0.7345439562433684,"[""TimeOfDay$Property"", ""TimeOfDay"", ""TestTimeOfDay_Properties""]","[0.044386422976501305, 0.013900245298446443]","[4.117493472584856, 2.6484055600981193]"
org.joda.time.TestTimeOfDay_Properties.testPropertyAddWrapFieldSecond,0.044386422976501305,0.029143334137473872,0.013900245298446443,0.058286668274947745,0.021170610211706103,0.02483912573529849,0.015243088839027431,4.117493472584856,3.3829495163414878,2.6484055600981193,6.7658990326829755,3.2234570908567695,3.3022405433979896,0.7345439562433684,"[""TimeOfDay$Property"", ""TimeOfDay"", ""TestTimeOfDay_Properties""]","[0.044386422976501305, 0.013900245298446443]","[4.117493472584856, 2.6484055600981193]"
org.joda.time.TestTimeOfDay_Properties.testPropertyAddWrapFieldHour,0.044386422976501305,0.029143334137473872,0.013900245298446443,0.058286668274947745,0.021170610211706103,0.02483912573529849,0.015243088839027431,4.117493472584856,3.3829495163414878,2.6484055600981193,6.7658990326829755,3.2234570908567695,3.3022405433979896,0.7345439562433684,"[""TimeOfDay$Property"", ""TimeOfDay"", ""TestTimeOfDay_Properties""]","[0.044386422976501305, 0.013900245298446443]","[4.117493472584856, 2.6484055600981193]"
org.joda.time.TestTimeOfDay_Properties.testPropertyGetMaxMinValuesSecond,0.044386422976501305,0.029143334137473872,0.013900245298446443,0.058286668274947745,0.021170610211706103,0.02483912573529849,0.015243088839027431,4.117493472584856,3.3829495163414878,2.6484055600981193,6.7658990326829755,3.2234570908567695,3.3022405433979896,0.7345439562433684,"[""TimeOfDay$Property"", ""TestTimeOfDay_Properties"", ""TimeOfDay""]","[0.044386422976501305, 0.013900245298446443]","[4.117493472584856, 2.6484055600981193]"
org.joda.time.TestTimeOfDay_Properties.testPropertyAddSecond,0.044386422976501305,0.029143334137473872,0.013900245298446443,0.058286668274947745,0.021170610211706103,0.02483912573529849,0.015243088839027431,4.117493472584856,3.3829495163414878,2.6484055600981193,6.7658990326829755,3.2234570908567695,3.3022405433979896,0.7345439562433684,"[""TimeOfDay$Property"", ""TimeOfDay"", ""TestTimeOfDay_Properties""]","[0.044386422976501305, 0.013900245298446443]","[4.117493472584856, 2.6484055600981193]"
org.joda.time.TestTimeOfDay_Properties.testPropertyAddNoWrapMinute,0.044386422976501305,0.029143334137473872,0.013900245298446443,0.058286668274947745,0.021170610211706103,0.02483912573529849,0.015243088839027431,4.117493472584856,3.3829495163414878,2.6484055600981193,6.7658990326829755,3.2234570908567695,3.3022405433979896,0.7345439562433684,"[""TimeOfDay$Property"", ""TimeOfDay"", ""TestTimeOfDay_Properties""]","[0.044386422976501305, 0.013900245298446443]","[4.117493472584856, 2.6484055600981193]"
org.joda.time.TestTimeOfDay_Properties.testPropertyWithMinimumValueHour,0.044386422976501305,0.029143334137473872,0.013900245298446443,0.058286668274947745,0.021170610211706103,0.02483912573529849,0.015243088839027431,4.117493472584856,3.3829495163414878,2.6484055600981193,6.7658990326829755,3.2234570908567695,3.3022405433979896,0.7345439562433684,"[""TimeOfDay$Property"", ""TimeOfDay"", ""TestTimeOfDay_Properties""]","[0.044386422976501305, 0.013900245298446443]","[4.117493472584856, 2.6484055600981193]"
org.joda.time.TestTimeOfDay_Properties.testPropertyGetMaxMinValuesMinute,0.044386422976501305,0.029143334137473872,0.013900245298446443,0.058286668274947745,0.021170610211706103,0.02483912573529849,0.015243088839027431,4.117493472584856,3.3829495163414878,2.6484055600981193,6.7658990326829755,3.2234570908567695,3.3022405433979896,0.7345439562433684,"[""TimeOfDay$Property"", ""TestTimeOfDay_Properties"", ""TimeOfDay""]","[0.044386422976501305, 0.013900245298446443]","[4.117493472584856, 2.6484055600981193]"
org.joda.time.TestTimeOfDay_Properties.testPropertySetMinute,0.044386422976501305,0.029143334137473872,0.013900245298446443,0.058286668274947745,0.021170610211706103,0.02483912573529849,0.015243088839027431,4.117493472584856,3.3829495163414878,2.6484055600981193,6.7658990326829755,3.2234570908567695,3.3022405433979896,0.7345439562433684,"[""TimeOfDay$Property"", ""TimeOfDay"", ""TestTimeOfDay_Properties""]","[0.044386422976501305, 0.013900245298446443]","[4.117493472584856, 2.6484055600981193]"
org.joda.time.TestTimeOfDay_Properties.testPropertySetHour,0.044386422976501305,0.029143334137473872,0.013900245298446443,0.058286668274947745,0.021170610211706103,0.02483912573529849,0.015243088839027431,4.117493472584856,3.3829495163414878,2.6484055600981193,6.7658990326829755,3.2234570908567695,3.3022405433979896,0.7345439562433684,"[""TimeOfDay$Property"", ""TimeOfDay"", ""TestTimeOfDay_Properties""]","[0.044386422976501305, 0.013900245298446443]","[4.117493472584856, 2.6484055600981193]"
org.joda.time.TestTimeOfDay_Properties.testPropertySetTextHour,0.044386422976501305,0.029143334137473872,0.013900245298446443,0.058286668274947745,0.021170610211706103,0.02483912573529849,0.015243088839027431,4.117493472584856,3.3829495163414878,2.6484055600981193,6.7658990326829755,3.2234570908567695,3.3022405433979896,0.7345439562433684,"[""TimeOfDay$Property"", ""TimeOfDay"", ""TestTimeOfDay_Properties""]","[0.044386422976501305, 0.013900245298446443]","[4.117493472584856, 2.6484055600981193]"
org.joda.time.TestTimeOfDay_Properties.testPropertySetSecond,0.044386422976501305,0.029143334137473872,0.013900245298446443,0.058286668274947745,0.021170610211706103,0.02483912573529849,0.015243088839027431,4.117493472584856,3.3829495163414878,2.6484055600981193,6.7658990326829755,3.2234570908567695,3.3022405433979896,0.7345439562433684,"[""TimeOfDay$Property"", ""TimeOfDay"", ""TestTimeOfDay_Properties""]","[0.044386422976501305, 0.013900245298446443]","[4.117493472584856, 2.6484055600981193]"
org.joda.time.TestTimeOfDay_Properties.testPropertyGetMaxMinValuesMilli,0.044386422976501305,0.029143334137473872,0.013900245298446443,0.058286668274947745,0.021170610211706103,0.02483912573529849,0.015243088839027431,4.117493472584856,3.3829495163414878,2.6484055600981193,6.7658990326829755,3.2234570908567695,3.3022405433979896,0.7345439562433684,"[""TimeOfDay$Property"", ""TestTimeOfDay_Properties"", ""TimeOfDay""]","[0.044386422976501305, 0.013900245298446443]","[4.117493472584856, 2.6484055600981193]"
org.joda.time.TestTimeOfDay_Properties.testPropertySetTextSecond,0.044386422976501305,0.029143334137473872,0.013900245298446443,0.058286668274947745,0.021170610211706103,0.02483912573529849,0.015243088839027431,4.117493472584856,3.3829495163414878,2.6484055600981193,6.7658990326829755,3.2234570908567695,3.3022405433979896,0.7345439562433684,"[""TimeOfDay$Property"", ""TimeOfDay"", ""TestTimeOfDay_Properties""]","[0.044386422976501305, 0.013900245298446443]","[4.117493472584856, 2.6484055600981193]"
org.joda.time.TestTimeOfDay_Properties.testPropertyAddWrapFieldMinute,0.044386422976501305,0.029143334137473872,0.013900245298446443,0.058286668274947745,0.021170610211706103,0.02483912573529849,0.015243088839027431,4.117493472584856,3.3829495163414878,2.6484055600981193,6.7658990326829755,3.2234570908567695,3.3022405433979896,0.7345439562433684,"[""TimeOfDay$Property"", ""TimeOfDay"", ""TestTimeOfDay_Properties""]","[0.044386422976501305, 0.013900245298446443]","[4.117493472584856, 2.6484055600981193]"
org.joda.time.TestTimeOfDay_Properties.testPropertyAddWrapFieldMilli,0.044386422976501305,0.029143334137473872,0.013900245298446443,0.058286668274947745,0.021170610211706103,0.02483912573529849,0.015243088839027431,4.117493472584856,3.3829495163414878,2.6484055600981193,6.7658990326829755,3.2234570908567695,3.3022405433979896,0.7345439562433684,"[""TimeOfDay$Property"", ""TimeOfDay"", ""TestTimeOfDay_Properties""]","[0.044386422976501305, 0.013900245298446443]","[4.117493472584856, 2.6484055600981193]"
org.joda.time.TestPeriod_Constructors.testParse_noFormatter,0.030927835051546393,0.02904688375191123,0.027165932452276064,0.05809376750382246,0.028925081433224753,0.028985918614138233,0.0018809512996351644,5.272393538913363,5.075445664891144,4.878497790868925,10.150891329782288,5.067803288705308,5.071623037271247,0.1969478740222188,"[""Period"", ""TestPeriod_Constructors""]","[0.030927835051546393, 0.027165932452276064]","[4.878497790868925, 5.272393538913363]"
org.joda.time.TestPeriod_Constructors.testConstructor_RP_RP5,0.030927835051546393,0.02904688375191123,0.027165932452276064,0.05809376750382246,0.028925081433224753,0.028985918614138233,0.0018809512996351644,5.272393538913363,5.075445664891144,4.878497790868925,10.150891329782288,5.067803288705308,5.071623037271247,0.1969478740222188,"[""Period"", ""TestPeriod_Constructors""]","[0.030927835051546393, 0.027165932452276064]","[4.878497790868925, 5.272393538913363]"
org.joda.time.TestMutableInterval_Basics.testIsAfter_RI,0.020864381520119227,0.019350953738547862,0.01852958756724447,0.058052861215643584,0.019293837400888934,0.019322013184062323,0.0010714562224375327,1.8293591654247392,1.3560591235103499,0.963265306122449,4.06817737053105,1.2664913732891836,1.3099291031524545,0.3581345952021538,"[""MutableInterval"", ""TestMutableInterval_Basics"", ""Instant""]","[0.020864381520119227, 0.018658892128279883, 0.01852958756724447]","[1.8293591654247392, 0.963265306122449, 1.2755528989838614]"
org.joda.time.TestMutableInterval_Basics.testIsBefore_RI,0.020864381520119227,0.019350953738547862,0.01852958756724447,0.058052861215643584,0.019293837400888934,0.019322013184062323,0.0010714562224375327,1.8293591654247392,1.3560591235103499,0.963265306122449,4.06817737053105,1.2664913732891836,1.3099291031524545,0.3581345952021538,"[""MutableInterval"", ""TestMutableInterval_Basics"", ""Instant""]","[0.020864381520119227, 0.018658892128279883, 0.01852958756724447]","[1.8293591654247392, 0.963265306122449, 1.2755528989838614]"
org.joda.time.TestMutableInterval_Basics.testContains_RI,0.020864381520119227,0.019350953738547862,0.01852958756724447,0.058052861215643584,0.019293837400888934,0.019322013184062323,0.0010714562224375327,1.8293591654247392,1.3560591235103499,0.963265306122449,4.06817737053105,1.2664913732891836,1.3099291031524545,0.3581345952021538,"[""MutableInterval"", ""TestMutableInterval_Basics"", ""Instant""]","[0.020864381520119227, 0.018658892128279883, 0.01852958756724447]","[1.8293591654247392, 0.963265306122449, 1.2755528989838614]"
org.joda.time.TestDateMidnight_Properties.testPropertyEqualsHashCodeStrict,0.03319502074688797,0.019339654160434556,0.008191925102399064,0.058018962481303664,0.014129520605550883,0.016537427096720392,0.010385476194854613,3.8485477178423237,2.0698274223970503,0.5307197191339965,6.2094822671911505,1.1150526330211061,1.551986919918448,1.3650534307008981,"[""TestDateMidnight_Properties"", ""StrictChronology"", ""DateMidnight$Property"", ""DateMidnight""]","[0.03319502074688797, 0.016632016632016633, 0.008191925102399064]","[3.8485477178423237, 1.8302148302148302, 0.5307197191339965]"
org.joda.time.TestPartial_Basics.testWithout3,0.024134312696747113,0.0192055211807079,0.016693163751987282,0.057616563542123696,0.018644884277707767,0.018911830073914948,0.0034854019068386306,3.974816369359916,3.160120524202988,2.1089030206677264,9.480361572608965,2.9406790762171955,3.0535696172937867,0.7798995778810044,"[""Partial"", ""DateTimeFieldType"", ""TestPartial_Basics""]","[0.024134312696747113, 0.016789087093389297, 0.016693163751987282]","[3.396642182581322, 3.974816369359916, 2.1089030206677264]"
org.joda.time.TestPartial_Basics.testWithField1,0.024134312696747113,0.0192055211807079,0.016693163751987282,0.057616563542123696,0.018644884277707767,0.018911830073914948,0.0034854019068386306,3.974816369359916,3.160120524202988,2.1089030206677264,9.480361572608965,2.9406790762171955,3.0535696172937867,0.7798995778810044,"[""Partial"", ""DateTimeFieldType"", ""TestPartial_Basics""]","[0.024134312696747113, 0.016789087093389297, 0.016693163751987282]","[3.396642182581322, 3.974816369359916, 2.1089030206677264]"
org.joda.time.TestPartial_Basics.testGetValues,0.024134312696747113,0.0192055211807079,0.016693163751987282,0.057616563542123696,0.018644884277707767,0.018911830073914948,0.0034854019068386306,3.974816369359916,3.160120524202988,2.1089030206677264,9.480361572608965,2.9406790762171955,3.0535696172937867,0.7798995778810044,"[""Partial"", ""DateTimeFieldType"", ""TestPartial_Basics""]","[0.024134312696747113, 0.016789087093389297, 0.016693163751987282]","[3.396642182581322, 3.974816369359916, 2.1089030206677264]"
org.joda.time.TestPartial_Basics.testToString1,0.024134312696747113,0.0192055211807079,0.016693163751987282,0.057616563542123696,0.018644884277707767,0.018911830073914948,0.0034854019068386306,3.974816369359916,3.160120524202988,2.1089030206677264,9.480361572608965,2.9406790762171955,3.0535696172937867,0.7798995778810044,"[""Partial"", ""DateTimeFieldType"", ""TestPartial_Basics""]","[0.024134312696747113, 0.016789087093389297, 0.016693163751987282]","[3.396642182581322, 3.974816369359916, 2.1089030206677264]"
org.joda.time.TestPartial_Basics.testWith3c,0.024134312696747113,0.0192055211807079,0.016693163751987282,0.057616563542123696,0.018644884277707767,0.018911830073914948,0.0034854019068386306,3.974816369359916,3.160120524202988,2.1089030206677264,9.480361572608965,2.9406790762171955,3.0535696172937867,0.7798995778810044,"[""Partial"", ""DateTimeFieldType"", ""TestPartial_Basics""]","[0.024134312696747113, 0.016789087093389297, 0.016693163751987282]","[3.396642182581322, 3.974816369359916, 2.1089030206677264]"
org.joda.time.TestPartial_Basics.testIsAfter_TOD,0.024134312696747113,0.0192055211807079,0.016693163751987282,0.057616563542123696,0.018644884277707767,0.018911830073914948,0.0034854019068386306,3.974816369359916,3.160120524202988,2.1089030206677264,9.480361572608965,2.9406790762171955,3.0535696172937867,0.7798995778810044,"[""Partial"", ""DateTimeFieldType"", ""TestPartial_Basics""]","[0.024134312696747113, 0.016789087093389297, 0.016693163751987282]","[3.396642182581322, 3.974816369359916, 2.1089030206677264]"
org.joda.time.TestPartial_Basics.testWithField4,0.024134312696747113,0.0192055211807079,0.016693163751987282,0.057616563542123696,0.018644884277707767,0.018911830073914948,0.0034854019068386306,3.974816369359916,3.160120524202988,2.1089030206677264,9.480361572608965,2.9406790762171955,3.0535696172937867,0.7798995778810044,"[""Partial"", ""DateTimeFieldType"", ""TestPartial_Basics""]","[0.024134312696747113, 0.016789087093389297, 0.016693163751987282]","[3.396642182581322, 3.974816369359916, 2.1089030206677264]"
org.joda.time.TestPartial_Basics.testToString4,0.024134312696747113,0.0192055211807079,0.016693163751987282,0.057616563542123696,0.018644884277707767,0.018911830073914948,0.0034854019068386306,3.974816369359916,3.160120524202988,2.1089030206677264,9.480361572608965,2.9406790762171955,3.0535696172937867,0.7798995778810044,"[""DateTimeFieldType"", ""TestPartial_Basics"", ""Partial""]","[0.024134312696747113, 0.016789087093389297, 0.016693163751987282]","[3.396642182581322, 3.974816369359916, 2.1089030206677264]"
org.joda.time.TestPartial_Basics.testWithChronologyRetainFields_Chrono,0.024134312696747113,0.0192055211807079,0.016693163751987282,0.057616563542123696,0.018644884277707767,0.018911830073914948,0.0034854019068386306,3.974816369359916,3.160120524202988,2.1089030206677264,9.480361572608965,2.9406790762171955,3.0535696172937867,0.7798995778810044,"[""Partial"", ""DateTimeFieldType"", ""TestPartial_Basics""]","[0.024134312696747113, 0.016789087093389297, 0.016693163751987282]","[3.396642182581322, 3.974816369359916, 2.1089030206677264]"
org.joda.time.TestPartial_Basics.testWith3e,0.024134312696747113,0.0192055211807079,0.016693163751987282,0.057616563542123696,0.018644884277707767,0.018911830073914948,0.0034854019068386306,3.974816369359916,3.160120524202988,2.1089030206677264,9.480361572608965,2.9406790762171955,3.0535696172937867,0.7798995778810044,"[""DateTimeFieldType"", ""TestPartial_Basics"", ""Partial""]","[0.024134312696747113, 0.016789087093389297, 0.016693163751987282]","[3.396642182581322, 3.974816369359916, 2.1089030206677264]"
org.joda.time.TestPartial_Basics.testGetFieldType,0.024134312696747113,0.0192055211807079,0.016693163751987282,0.057616563542123696,0.018644884277707767,0.018911830073914948,0.0034854019068386306,3.974816369359916,3.160120524202988,2.1089030206677264,9.480361572608965,2.9406790762171955,3.0535696172937867,0.7798995778810044,"[""Partial"", ""DateTimeFieldType"", ""TestPartial_Basics""]","[0.024134312696747113, 0.016789087093389297, 0.016693163751987282]","[3.396642182581322, 3.974816369359916, 2.1089030206677264]"
org.joda.time.TestPartial_Basics.testWithout4,0.024134312696747113,0.0192055211807079,0.016693163751987282,0.057616563542123696,0.018644884277707767,0.018911830073914948,0.0034854019068386306,3.974816369359916,3.160120524202988,2.1089030206677264,9.480361572608965,2.9406790762171955,3.0535696172937867,0.7798995778810044,"[""Partial"", ""DateTimeFieldType"", ""TestPartial_Basics""]","[0.024134312696747113, 0.016789087093389297, 0.016693163751987282]","[3.396642182581322, 3.974816369359916, 2.1089030206677264]"
org.joda.time.TestPartial_Basics.testToString_String,0.024134312696747113,0.0192055211807079,0.016693163751987282,0.057616563542123696,0.018644884277707767,0.018911830073914948,0.0034854019068386306,3.974816369359916,3.160120524202988,2.1089030206677264,9.480361572608965,2.9406790762171955,3.0535696172937867,0.7798995778810044,"[""Partial"", ""DateTimeFieldType"", ""TestPartial_Basics""]","[0.024134312696747113, 0.016789087093389297, 0.016693163751987282]","[3.396642182581322, 3.974816369359916, 2.1089030206677264]"
org.joda.time.TestPartial_Basics.testWith4,0.024134312696747113,0.0192055211807079,0.016693163751987282,0.057616563542123696,0.018644884277707767,0.018911830073914948,0.0034854019068386306,3.974816369359916,3.160120524202988,2.1089030206677264,9.480361572608965,2.9406790762171955,3.0535696172937867,0.7798995778810044,"[""Partial"", ""DateTimeFieldType"", ""TestPartial_Basics""]","[0.024134312696747113, 0.016789087093389297, 0.016693163751987282]","[3.396642182581322, 3.974816369359916, 2.1089030206677264]"
org.joda.time.TestPartial_Basics.testWith3,0.024134312696747113,0.0192055211807079,0.016693163751987282,0.057616563542123696,0.018644884277707767,0.018911830073914948,0.0034854019068386306,3.974816369359916,3.160120524202988,2.1089030206677264,9.480361572608965,2.9406790762171955,3.0535696172937867,0.7798995778810044,"[""Partial"", ""DateTimeFieldType"", ""TestPartial_Basics""]","[0.024134312696747113, 0.016789087093389297, 0.016693163751987282]","[3.396642182581322, 3.974816369359916, 2.1089030206677264]"
org.joda.time.TestPartial_Basics.testToString5,0.024134312696747113,0.0192055211807079,0.016693163751987282,0.057616563542123696,0.018644884277707767,0.018911830073914948,0.0034854019068386306,3.974816369359916,3.160120524202988,2.1089030206677264,9.480361572608965,2.9406790762171955,3.0535696172937867,0.7798995778810044,"[""DateTimeFieldType"", ""TestPartial_Basics"", ""Partial""]","[0.024134312696747113, 0.016789087093389297, 0.016693163751987282]","[3.396642182581322, 3.974816369359916, 2.1089030206677264]"
org.joda.time.TestPartial_Basics.testToString3,0.024134312696747113,0.0192055211807079,0.016693163751987282,0.057616563542123696,0.018644884277707767,0.018911830073914948,0.0034854019068386306,3.974816369359916,3.160120524202988,2.1089030206677264,9.480361572608965,2.9406790762171955,3.0535696172937867,0.7798995778810044,"[""DateTimeFieldType"", ""TestPartial_Basics"", ""Partial""]","[0.024134312696747113, 0.016789087093389297, 0.016693163751987282]","[3.396642182581322, 3.974816369359916, 2.1089030206677264]"
org.joda.time.TestPartial_Basics.testGetValue,0.024134312696747113,0.0192055211807079,0.016693163751987282,0.057616563542123696,0.018644884277707767,0.018911830073914948,0.0034854019068386306,3.974816369359916,3.160120524202988,2.1089030206677264,9.480361572608965,2.9406790762171955,3.0535696172937867,0.7798995778810044,"[""Partial"", ""DateTimeFieldType"", ""TestPartial_Basics""]","[0.024134312696747113, 0.016789087093389297, 0.016693163751987282]","[3.396642182581322, 3.974816369359916, 2.1089030206677264]"
org.joda.time.TestPartial_Basics.testProperty,0.024134312696747113,0.0192055211807079,0.016693163751987282,0.057616563542123696,0.018644884277707767,0.018911830073914948,0.0034854019068386306,3.974816369359916,3.160120524202988,2.1089030206677264,9.480361572608965,2.9406790762171955,3.0535696172937867,0.7798995778810044,"[""Partial"", ""DateTimeFieldType"", ""TestPartial_Basics""]","[0.024134312696747113, 0.016789087093389297, 0.016693163751987282]","[3.396642182581322, 3.974816369359916, 2.1089030206677264]"
org.joda.time.TestPartial_Basics.testGetFormatter2,0.024134312696747113,0.0192055211807079,0.016693163751987282,0.057616563542123696,0.018644884277707767,0.018911830073914948,0.0034854019068386306,3.974816369359916,3.160120524202988,2.1089030206677264,9.480361572608965,2.9406790762171955,3.0535696172937867,0.7798995778810044,"[""DateTimeFieldType"", ""TestPartial_Basics"", ""Partial""]","[0.024134312696747113, 0.016789087093389297, 0.016693163751987282]","[3.396642182581322, 3.974816369359916, 2.1089030206677264]"
org.joda.time.TestPartial_Basics.testWith3a,0.024134312696747113,0.0192055211807079,0.016693163751987282,0.057616563542123696,0.018644884277707767,0.018911830073914948,0.0034854019068386306,3.974816369359916,3.160120524202988,2.1089030206677264,9.480361572608965,2.9406790762171955,3.0535696172937867,0.7798995778810044,"[""Partial"", ""DateTimeFieldType"", ""TestPartial_Basics""]","[0.024134312696747113, 0.016789087093389297, 0.016693163751987282]","[3.396642182581322, 3.974816369359916, 2.1089030206677264]"
org.joda.time.TestPartial_Basics.testWithFieldAddWrapped3,0.024134312696747113,0.0192055211807079,0.016693163751987282,0.057616563542123696,0.018644884277707767,0.018911830073914948,0.0034854019068386306,3.974816369359916,3.160120524202988,2.1089030206677264,9.480361572608965,2.9406790762171955,3.0535696172937867,0.7798995778810044,"[""Partial"", ""DateTimeFieldType"", ""TestPartial_Basics""]","[0.024134312696747113, 0.016789087093389297, 0.016693163751987282]","[3.396642182581322, 3.974816369359916, 2.1089030206677264]"
org.joda.time.TestPartial_Basics.testWithField3,0.024134312696747113,0.0192055211807079,0.016693163751987282,0.057616563542123696,0.018644884277707767,0.018911830073914948,0.0034854019068386306,3.974816369359916,3.160120524202988,2.1089030206677264,9.480361572608965,2.9406790762171955,3.0535696172937867,0.7798995778810044,"[""Partial"", ""DateTimeFieldType"", ""TestPartial_Basics""]","[0.024134312696747113, 0.016789087093389297, 0.016693163751987282]","[3.396642182581322, 3.974816369359916, 2.1089030206677264]"
org.joda.time.TestPartial_Basics.testWith3b,0.024134312696747113,0.0192055211807079,0.016693163751987282,0.057616563542123696,0.018644884277707767,0.018911830073914948,0.0034854019068386306,3.974816369359916,3.160120524202988,2.1089030206677264,9.480361572608965,2.9406790762171955,3.0535696172937867,0.7798995778810044,"[""Partial"", ""DateTimeFieldType"", ""TestPartial_Basics""]","[0.024134312696747113, 0.016789087093389297, 0.016693163751987282]","[3.396642182581322, 3.974816369359916, 2.1089030206677264]"
org.joda.time.TestPartial_Basics.testWith1,0.024134312696747113,0.0192055211807079,0.016693163751987282,0.057616563542123696,0.018644884277707767,0.018911830073914948,0.0034854019068386306,3.974816369359916,3.160120524202988,2.1089030206677264,9.480361572608965,2.9406790762171955,3.0535696172937867,0.7798995778810044,"[""Partial"", ""DateTimeFieldType"", ""TestPartial_Basics""]","[0.024134312696747113, 0.016789087093389297, 0.016693163751987282]","[3.396642182581322, 3.974816369359916, 2.1089030206677264]"
org.joda.time.TestPartial_Basics.testToString_String_Locale,0.024134312696747113,0.0192055211807079,0.016693163751987282,0.057616563542123696,0.018644884277707767,0.018911830073914948,0.0034854019068386306,3.974816369359916,3.160120524202988,2.1089030206677264,9.480361572608965,2.9406790762171955,3.0535696172937867,0.7798995778810044,"[""Partial"", ""DateTimeFieldType"", ""TestPartial_Basics""]","[0.024134312696747113, 0.016789087093389297, 0.016693163751987282]","[3.396642182581322, 3.974816369359916, 2.1089030206677264]"
org.joda.time.TestPartial_Basics.testWithFieldAddWrapped2,0.024134312696747113,0.0192055211807079,0.016693163751987282,0.057616563542123696,0.018644884277707767,0.018911830073914948,0.0034854019068386306,3.974816369359916,3.160120524202988,2.1089030206677264,9.480361572608965,2.9406790762171955,3.0535696172937867,0.7798995778810044,"[""Partial"", ""DateTimeFieldType"", ""TestPartial_Basics""]","[0.024134312696747113, 0.016789087093389297, 0.016693163751987282]","[3.396642182581322, 3.974816369359916, 2.1089030206677264]"
org.joda.time.TestPartial_Basics.testWithField2,0.024134312696747113,0.0192055211807079,0.016693163751987282,0.057616563542123696,0.018644884277707767,0.018911830073914948,0.0034854019068386306,3.974816369359916,3.160120524202988,2.1089030206677264,9.480361572608965,2.9406790762171955,3.0535696172937867,0.7798995778810044,"[""Partial"", ""DateTimeFieldType"", ""TestPartial_Basics""]","[0.024134312696747113, 0.016789087093389297, 0.016693163751987282]","[3.396642182581322, 3.974816369359916, 2.1089030206677264]"
org.joda.time.TestPartial_Basics.testWithout1,0.024134312696747113,0.0192055211807079,0.016693163751987282,0.057616563542123696,0.018644884277707767,0.018911830073914948,0.0034854019068386306,3.974816369359916,3.160120524202988,2.1089030206677264,9.480361572608965,2.9406790762171955,3.0535696172937867,0.7798995778810044,"[""Partial"", ""DateTimeFieldType"", ""TestPartial_Basics""]","[0.024134312696747113, 0.016789087093389297, 0.016693163751987282]","[3.396642182581322, 3.974816369359916, 2.1089030206677264]"
org.joda.time.TestPartial_Basics.testIsBefore_TOD,0.024134312696747113,0.0192055211807079,0.016693163751987282,0.057616563542123696,0.018644884277707767,0.018911830073914948,0.0034854019068386306,3.974816369359916,3.160120524202988,2.1089030206677264,9.480361572608965,2.9406790762171955,3.0535696172937867,0.7798995778810044,"[""Partial"", ""DateTimeFieldType"", ""TestPartial_Basics""]","[0.024134312696747113, 0.016789087093389297, 0.016693163751987282]","[3.396642182581322, 3.974816369359916, 2.1089030206677264]"
org.joda.time.TestPartial_Basics.testWithout5,0.024134312696747113,0.0192055211807079,0.016693163751987282,0.057616563542123696,0.018644884277707767,0.018911830073914948,0.0034854019068386306,3.974816369359916,3.160120524202988,2.1089030206677264,9.480361572608965,2.9406790762171955,3.0535696172937867,0.7798995778810044,"[""DateTimeFieldType"", ""TestPartial_Basics"", ""Partial""]","[0.024134312696747113, 0.016789087093389297, 0.016693163751987282]","[3.396642182581322, 3.974816369359916, 2.1089030206677264]"
org.joda.time.TestPartial_Basics.testWithChronologyRetainFields_nullChrono,0.024134312696747113,0.0192055211807079,0.016693163751987282,0.057616563542123696,0.018644884277707767,0.018911830073914948,0.0034854019068386306,3.974816369359916,3.160120524202988,2.1089030206677264,9.480361572608965,2.9406790762171955,3.0535696172937867,0.7798995778810044,"[""Partial"", ""DateTimeFieldType"", ""TestPartial_Basics""]","[0.024134312696747113, 0.016789087093389297, 0.016693163751987282]","[3.396642182581322, 3.974816369359916, 2.1089030206677264]"
org.joda.time.TestPartial_Basics.testWithFieldAdded3,0.024134312696747113,0.0192055211807079,0.016693163751987282,0.057616563542123696,0.018644884277707767,0.018911830073914948,0.0034854019068386306,3.974816369359916,3.160120524202988,2.1089030206677264,9.480361572608965,2.9406790762171955,3.0535696172937867,0.7798995778810044,"[""Partial"", ""DateTimeFieldType"", ""TestPartial_Basics""]","[0.024134312696747113, 0.016789087093389297, 0.016693163751987282]","[3.396642182581322, 3.974816369359916, 2.1089030206677264]"
org.joda.time.TestPartial_Basics.testWithFieldAdded2,0.024134312696747113,0.0192055211807079,0.016693163751987282,0.057616563542123696,0.018644884277707767,0.018911830073914948,0.0034854019068386306,3.974816369359916,3.160120524202988,2.1089030206677264,9.480361572608965,2.9406790762171955,3.0535696172937867,0.7798995778810044,"[""Partial"", ""DateTimeFieldType"", ""TestPartial_Basics""]","[0.024134312696747113, 0.016789087093389297, 0.016693163751987282]","[3.396642182581322, 3.974816369359916, 2.1089030206677264]"
org.joda.time.TestPartial_Basics.testIsEqual_TOD,0.024134312696747113,0.0192055211807079,0.016693163751987282,0.057616563542123696,0.018644884277707767,0.018911830073914948,0.0034854019068386306,3.974816369359916,3.160120524202988,2.1089030206677264,9.480361572608965,2.9406790762171955,3.0535696172937867,0.7798995778810044,"[""Partial"", ""DateTimeFieldType"", ""TestPartial_Basics""]","[0.024134312696747113, 0.016789087093389297, 0.016693163751987282]","[3.396642182581322, 3.974816369359916, 2.1089030206677264]"
org.joda.time.TestPartial_Basics.testWith2,0.024134312696747113,0.0192055211807079,0.016693163751987282,0.057616563542123696,0.018644884277707767,0.018911830073914948,0.0034854019068386306,3.974816369359916,3.160120524202988,2.1089030206677264,9.480361572608965,2.9406790762171955,3.0535696172937867,0.7798995778810044,"[""Partial"", ""DateTimeFieldType"", ""TestPartial_Basics""]","[0.024134312696747113, 0.016789087093389297, 0.016693163751987282]","[3.396642182581322, 3.974816369359916, 2.1089030206677264]"
org.joda.time.TestPartial_Basics.testIsSupported,0.024134312696747113,0.0192055211807079,0.016693163751987282,0.057616563542123696,0.018644884277707767,0.018911830073914948,0.0034854019068386306,3.974816369359916,3.160120524202988,2.1089030206677264,9.480361572608965,2.9406790762171955,3.0535696172937867,0.7798995778810044,"[""Partial"", ""DateTimeFieldType"", ""TestPartial_Basics""]","[0.024134312696747113, 0.016789087093389297, 0.016693163751987282]","[3.396642182581322, 3.974816369359916, 2.1089030206677264]"
org.joda.time.TestPartial_Basics.testWith3f,0.024134312696747113,0.0192055211807079,0.016693163751987282,0.057616563542123696,0.018644884277707767,0.018911830073914948,0.0034854019068386306,3.974816369359916,3.160120524202988,2.1089030206677264,9.480361572608965,2.9406790762171955,3.0535696172937867,0.7798995778810044,"[""DateTimeFieldType"", ""TestPartial_Basics"", ""Partial""]","[0.024134312696747113, 0.016789087093389297, 0.016693163751987282]","[3.396642182581322, 3.974816369359916, 2.1089030206677264]"
org.joda.time.TestPartial_Basics.testWithChronologyRetainFields_sameChrono,0.024134312696747113,0.0192055211807079,0.016693163751987282,0.057616563542123696,0.018644884277707767,0.018911830073914948,0.0034854019068386306,3.974816369359916,3.160120524202988,2.1089030206677264,9.480361572608965,2.9406790762171955,3.0535696172937867,0.7798995778810044,"[""Partial"", ""DateTimeFieldType"", ""TestPartial_Basics""]","[0.024134312696747113, 0.016789087093389297, 0.016693163751987282]","[3.396642182581322, 3.974816369359916, 2.1089030206677264]"
org.joda.time.TestPartial_Basics.testSize,0.024134312696747113,0.0192055211807079,0.016693163751987282,0.057616563542123696,0.018644884277707767,0.018911830073914948,0.0034854019068386306,3.974816369359916,3.160120524202988,2.1089030206677264,9.480361572608965,2.9406790762171955,3.0535696172937867,0.7798995778810044,"[""Partial"", ""DateTimeFieldType"", ""TestPartial_Basics""]","[0.024134312696747113, 0.016789087093389297, 0.016693163751987282]","[3.396642182581322, 3.974816369359916, 2.1089030206677264]"
org.joda.time.TestPartial_Basics.testWith3d,0.024134312696747113,0.0192055211807079,0.016693163751987282,0.057616563542123696,0.018644884277707767,0.018911830073914948,0.0034854019068386306,3.974816369359916,3.160120524202988,2.1089030206677264,9.480361572608965,2.9406790762171955,3.0535696172937867,0.7798995778810044,"[""DateTimeFieldType"", ""TestPartial_Basics"", ""Partial""]","[0.024134312696747113, 0.016789087093389297, 0.016693163751987282]","[3.396642182581322, 3.974816369359916, 2.1089030206677264]"
org.joda.time.TestPartial_Basics.testGetFieldTypes,0.024134312696747113,0.0192055211807079,0.016693163751987282,0.057616563542123696,0.018644884277707767,0.018911830073914948,0.0034854019068386306,3.974816369359916,3.160120524202988,2.1089030206677264,9.480361572608965,2.9406790762171955,3.0535696172937867,0.7798995778810044,"[""Partial"", ""DateTimeFieldType"", ""TestPartial_Basics""]","[0.024134312696747113, 0.016789087093389297, 0.016693163751987282]","[3.396642182581322, 3.974816369359916, 2.1089030206677264]"
org.joda.time.TestPartial_Basics.testWithout2,0.024134312696747113,0.0192055211807079,0.016693163751987282,0.057616563542123696,0.018644884277707767,0.018911830073914948,0.0034854019068386306,3.974816369359916,3.160120524202988,2.1089030206677264,9.480361572608965,2.9406790762171955,3.0535696172937867,0.7798995778810044,"[""Partial"", ""DateTimeFieldType"", ""TestPartial_Basics""]","[0.024134312696747113, 0.016789087093389297, 0.016693163751987282]","[3.396642182581322, 3.974816369359916, 2.1089030206677264]"
org.joda.time.TestPartial_Basics.testGet,0.024134312696747113,0.0192055211807079,0.016693163751987282,0.057616563542123696,0.018644884277707767,0.018911830073914948,0.0034854019068386306,3.974816369359916,3.160120524202988,2.1089030206677264,9.480361572608965,2.9406790762171955,3.0535696172937867,0.7798995778810044,"[""Partial"", ""DateTimeFieldType"", ""TestPartial_Basics""]","[0.024134312696747113, 0.016789087093389297, 0.016693163751987282]","[3.396642182581322, 3.974816369359916, 2.1089030206677264]"
org.joda.time.TestStringConvert.testTimeZone,0.037317784256559766,0.028739537289570204,0.020161290322580645,0.05747907457914041,0.026179081277866407,0.027429449184989674,0.00857824696698956,3.358600583090379,2.1168002915451893,0.875,4.233600583090379,1.3883102350004304,1.7142857142857144,1.2418002915451896,"[""StringConvert"", ""TestStringConvert"", ""DateTimeZone""]","[0.037317784256559766, 0.020161290322580645]","[3.358600583090379, 0.875]"
org.joda.time.TestWeeks.testGetFieldType,0.023961661341853034,0.019149011819562467,0.012718600953895072,0.0574470354586874,0.017802867478954196,0.018497303772387806,0.004730360489780221,2.7252396166134187,2.0897074484745977,1.1764705882352942,6.269122345423793,1.8300021120765178,1.9652593874517796,0.6620731569984281,"[""TestWeeks"", ""Weeks"", ""DurationFieldType""]","[0.023961661341853034, 0.020766773162939296, 0.012718600953895072]","[2.7252396166134187, 2.36741214057508, 1.1764705882352942]"
org.joda.time.TestSeconds.testGetFieldType,0.023961661341853034,0.019149011819562467,0.012718600953895072,0.0574470354586874,0.017802867478954196,0.018497303772387806,0.004730360489780221,2.5463258785942493,2.0204848712648,1.1764705882352942,6.0614546137944005,1.796064816335109,1.913465342694511,0.6027998861747197,"[""Seconds"", ""TestSeconds"", ""DurationFieldType""]","[0.023961661341853034, 0.020766773162939296, 0.012718600953895072]","[2.5463258785942493, 2.3386581469648564, 1.1764705882352942]"
org.joda.time.TestYears.testGetFieldType,0.023961661341853034,0.019149011819562467,0.012718600953895072,0.0574470354586874,0.017802867478954196,0.018497303772387806,0.004730360489780221,2.169329073482428,1.721230345173213,1.1764705882352942,5.163691035519639,1.611984662229206,1.6678544446020147,0.4110551534554924,"[""Years"", ""DurationFieldType"", ""TestYears""]","[0.023961661341853034, 0.020766773162939296, 0.012718600953895072]","[2.169329073482428, 1.817891373801917, 1.1764705882352942]"
org.joda.time.TestMinutes.testGetFieldType,0.023961661341853034,0.019149011819562467,0.012718600953895072,0.0574470354586874,0.017802867478954196,0.018497303772387806,0.004730360489780221,2.597444089456869,2.0375242748856732,1.1764705882352942,6.112572824657019,1.8044141617992355,1.9261850537044072,0.6179550304450568,"[""TestMinutes"", ""Minutes"", ""DurationFieldType""]","[0.023961661341853034, 0.020766773162939296, 0.012718600953895072]","[2.597444089456869, 2.3386581469648564, 1.1764705882352942]"
org.joda.time.TestHours.testGetFieldType,0.023961661341853034,0.019149011819562467,0.012718600953895072,0.0574470354586874,0.017802867478954196,0.018497303772387806,0.004730360489780221,2.7060702875399363,2.1051494080060142,1.1764705882352942,6.315448224018042,1.8398469510042255,1.9785570277042328,0.6660769527962036,"[""TestHours"", ""Hours"", ""DurationFieldType""]","[0.023961661341853034, 0.020766773162939296, 0.012718600953895072]","[2.7060702875399363, 2.4329073482428116, 1.1764705882352942]"
org.joda.time.TestDurationFieldType.test_hours,0.021957340025094103,0.014247328307056962,0.00994733762434172,0.056989313228227846,0.013090550075822976,0.013614105018947211,0.004577403024711405,1.1764705882352942,0.8900822379697213,0.689877121123464,3.560328951878885,0.8582143130451,0.8735288267538854,0.17735390623733122,"[""TestDurationFieldType"", ""CopticChronology"", ""DurationField"", ""DurationFieldType""]","[0.021957340025094103, 0.012718600953895072, 0.01236603462489695, 0.00994733762434172]","[0.8456712672521958, 1.1764705882352942, 0.8483099752679307, 0.689877121123464]"
org.joda.time.TestDurationFieldType.test_millis,0.021957340025094103,0.014247328307056962,0.00994733762434172,0.056989313228227846,0.013090550075822976,0.013614105018947211,0.004577403024711405,1.1764705882352942,0.8900822379697213,0.689877121123464,3.560328951878885,0.8582143130451,0.8735288267538854,0.17735390623733122,"[""TestDurationFieldType"", ""CopticChronology"", ""DurationField"", ""DurationFieldType""]","[0.021957340025094103, 0.012718600953895072, 0.01236603462489695, 0.00994733762434172]","[0.8456712672521958, 1.1764705882352942, 0.8483099752679307, 0.689877121123464]"
org.joda.time.TestDurationFieldType.test_years,0.021957340025094103,0.014247328307056962,0.00994733762434172,0.056989313228227846,0.013090550075822976,0.013614105018947211,0.004577403024711405,1.1764705882352942,0.8900822379697213,0.689877121123464,3.560328951878885,0.8582143130451,0.8735288267538854,0.17735390623733122,"[""TestDurationFieldType"", ""CopticChronology"", ""DurationField"", ""DurationFieldType""]","[0.021957340025094103, 0.012718600953895072, 0.01236603462489695, 0.00994733762434172]","[0.8456712672521958, 1.1764705882352942, 0.8483099752679307, 0.689877121123464]"
org.joda.time.TestDurationFieldType.test_centuries,0.021957340025094103,0.014247328307056962,0.00994733762434172,0.056989313228227846,0.013090550075822976,0.013614105018947211,0.004577403024711405,1.1764705882352942,0.8900822379697213,0.689877121123464,3.560328951878885,0.8582143130451,0.8735288267538854,0.17735390623733122,"[""TestDurationFieldType"", ""CopticChronology"", ""DurationField"", ""DurationFieldType""]","[0.021957340025094103, 0.012718600953895072, 0.01236603462489695, 0.00994733762434172]","[0.8456712672521958, 1.1764705882352942, 0.8483099752679307, 0.689877121123464]"
org.joda.time.TestDurationFieldType.test_weekyears,0.021957340025094103,0.014247328307056962,0.00994733762434172,0.056989313228227846,0.013090550075822976,0.013614105018947211,0.004577403024711405,1.1764705882352942,0.8900822379697213,0.689877121123464,3.560328951878885,0.8582143130451,0.8735288267538854,0.17735390623733122,"[""TestDurationFieldType"", ""CopticChronology"", ""DurationField"", ""DurationFieldType""]","[0.021957340025094103, 0.012718600953895072, 0.01236603462489695, 0.00994733762434172]","[0.8456712672521958, 1.1764705882352942, 0.8483099752679307, 0.689877121123464]"
org.joda.time.TestDurationFieldType.test_eras,0.021957340025094103,0.014247328307056962,0.00994733762434172,0.056989313228227846,0.013090550075822976,0.013614105018947211,0.004577403024711405,1.1764705882352942,0.8900822379697213,0.689877121123464,3.560328951878885,0.8582143130451,0.8735288267538854,0.17735390623733122,"[""TestDurationFieldType"", ""CopticChronology"", ""DurationField"", ""DurationFieldType""]","[0.021957340025094103, 0.012718600953895072, 0.01236603462489695, 0.00994733762434172]","[0.8456712672521958, 1.1764705882352942, 0.8483099752679307, 0.689877121123464]"
org.joda.time.TestDurationFieldType.test_halfdays,0.021957340025094103,0.014247328307056962,0.00994733762434172,0.056989313228227846,0.013090550075822976,0.013614105018947211,0.004577403024711405,1.1764705882352942,0.8900822379697213,0.689877121123464,3.560328951878885,0.8582143130451,0.8735288267538854,0.17735390623733122,"[""TestDurationFieldType"", ""CopticChronology"", ""DurationField"", ""DurationFieldType""]","[0.021957340025094103, 0.012718600953895072, 0.01236603462489695, 0.00994733762434172]","[0.8456712672521958, 1.1764705882352942, 0.8483099752679307, 0.689877121123464]"
org.joda.time.TestDurationFieldType.test_months,0.021957340025094103,0.014247328307056962,0.00994733762434172,0.056989313228227846,0.013090550075822976,0.013614105018947211,0.004577403024711405,1.1764705882352942,0.8900822379697213,0.689877121123464,3.560328951878885,0.8582143130451,0.8735288267538854,0.17735390623733122,"[""TestDurationFieldType"", ""CopticChronology"", ""DurationField"", ""DurationFieldType""]","[0.021957340025094103, 0.012718600953895072, 0.01236603462489695, 0.00994733762434172]","[0.8456712672521958, 1.1764705882352942, 0.8483099752679307, 0.689877121123464]"
org.joda.time.TestDurationFieldType.test_days,0.021957340025094103,0.014247328307056962,0.00994733762434172,0.056989313228227846,0.013090550075822976,0.013614105018947211,0.004577403024711405,1.1764705882352942,0.8900822379697213,0.689877121123464,3.560328951878885,0.8582143130451,0.8735288267538854,0.17735390623733122,"[""TestDurationFieldType"", ""CopticChronology"", ""DurationField"", ""DurationFieldType""]","[0.021957340025094103, 0.012718600953895072, 0.01236603462489695, 0.00994733762434172]","[0.8456712672521958, 1.1764705882352942, 0.8483099752679307, 0.689877121123464]"
org.joda.time.TestDurationFieldType.test_minutes,0.021957340025094103,0.014247328307056962,0.00994733762434172,0.056989313228227846,0.013090550075822976,0.013614105018947211,0.004577403024711405,1.1764705882352942,0.8900822379697213,0.689877121123464,3.560328951878885,0.8582143130451,0.8735288267538854,0.17735390623733122,"[""TestDurationFieldType"", ""CopticChronology"", ""DurationField"", ""DurationFieldType""]","[0.021957340025094103, 0.012718600953895072, 0.01236603462489695, 0.00994733762434172]","[0.8456712672521958, 1.1764705882352942, 0.8483099752679307, 0.689877121123464]"
org.joda.time.TestDurationFieldType.test_weeks,0.021957340025094103,0.014247328307056962,0.00994733762434172,0.056989313228227846,0.013090550075822976,0.013614105018947211,0.004577403024711405,1.1764705882352942,0.8900822379697213,0.689877121123464,3.560328951878885,0.8582143130451,0.8735288267538854,0.17735390623733122,"[""TestDurationFieldType"", ""CopticChronology"", ""DurationField"", ""DurationFieldType""]","[0.021957340025094103, 0.012718600953895072, 0.01236603462489695, 0.00994733762434172]","[0.8456712672521958, 1.1764705882352942, 0.8483099752679307, 0.689877121123464]"
org.joda.time.TestDurationFieldType.test_seconds,0.021957340025094103,0.014247328307056962,0.00994733762434172,0.056989313228227846,0.013090550075822976,0.013614105018947211,0.004577403024711405,1.1764705882352942,0.8900822379697213,0.689877121123464,3.560328951878885,0.8582143130451,0.8735288267538854,0.17735390623733122,"[""TestDurationFieldType"", ""CopticChronology"", ""DurationField"", ""DurationFieldType""]","[0.021957340025094103, 0.012718600953895072, 0.01236603462489695, 0.00994733762434172]","[0.8456712672521958, 1.1764705882352942, 0.8483099752679307, 0.689877121123464]"
org.joda.time.TestYearMonth_Constructors.testFactory_FromDateFields,0.029333333333333333,0.018890890890890893,0.006006006006006006,0.056672672672672675,0.012122881939661111,0.015547788813434174,0.009678677384593111,5.344,2.5774814814814815,0.1111111111111111,7.732444444444445,0.3116482970584711,1.1058176420559416,2.146834602229023,"[""GregorianCalendar"", ""YearMonth"", ""TestYearMonth_Constructors""]","[0.029333333333333333, 0.021333333333333333, 0.006006006006006006]","[5.344, 2.2773333333333334, 0.1111111111111111]"
org.joda.time.TestYearMonth_Constructors.testFactory_FromCalendarFields,0.029333333333333333,0.018890890890890893,0.006006006006006006,0.056672672672672675,0.012122881939661111,0.015547788813434174,0.009678677384593111,5.344,2.5774814814814815,0.1111111111111111,7.732444444444445,0.3116482970584711,1.1058176420559416,2.146834602229023,"[""GregorianCalendar"", ""YearMonth"", ""TestYearMonth_Constructors""]","[0.029333333333333333, 0.021333333333333333, 0.006006006006006006]","[5.344, 2.2773333333333334, 0.1111111111111111]"
org.joda.time.TestDuration_Basics.testToDuration2,0.030913012221423435,0.028329531271624533,0.025746050321825628,0.05665906254324907,0.028093933521913115,0.028211486459454392,0.0025834809497989036,3.7361610352264556,3.0275304883563523,2.3188999414862494,6.055060976712705,2.8616668401160856,2.9434305845339437,0.7086305468701031,"[""TestDuration_Basics"", ""AbstractDuration"", ""TestDuration_Basics$MockDuration""]","[0.030913012221423435, 0.025746050321825628]","[3.7361610352264556, 2.3188999414862494]"
org.joda.time.convert.TestReadableIntervalConverter.testGetDurationMillis_Object,0.022713687985654513,0.018881740563659332,0.013157894736842105,0.05664522169097799,0.017839701700329707,0.01837929637365118,0.004124136744753448,1.5499103407053199,0.8843832008581672,0.35825358851674644,2.653149602574502,0.6277693562909435,0.7451007754267457,0.4963770117999612,"[""ReadableIntervalConverter"", ""TestReadableIntervalConverter"", ""Interval""]","[0.022713687985654513, 0.020773638968481375, 0.013157894736842105]","[1.5499103407053199, 0.7449856733524355, 0.35825358851674644]"
org.joda.time.convert.TestReadableIntervalConverter.testIsReadableInterval_Object_Chronology,0.022713687985654513,0.018881740563659332,0.013157894736842105,0.05664522169097799,0.017839701700329707,0.01837929637365118,0.004124136744753448,1.5499103407053199,0.8843832008581672,0.35825358851674644,2.653149602574502,0.6277693562909435,0.7451007754267457,0.4963770117999612,"[""ReadableIntervalConverter"", ""TestReadableIntervalConverter"", ""Interval""]","[0.022713687985654513, 0.020773638968481375, 0.013157894736842105]","[1.5499103407053199, 0.7449856733524355, 0.35825358851674644]"
org.joda.time.TestMutablePeriod_Basics.testGetPeriodType,0.020618556701030927,0.018879607654383443,0.016152716593245228,0.05663882296315033,0.018663399000848336,0.018773678690499524,0.0019524265304271754,3.7277409860191315,2.932305003683154,2.015418502202643,8.796915011049462,2.747505652019657,2.8415049162797246,0.7043080498362558,"[""MutablePeriod"", ""PeriodType"", ""TestMutablePeriod_Basics""]","[0.020618556701030927, 0.019867549668874173, 0.016152716593245228]","[3.0537555228276876, 3.7277409860191315, 2.015418502202643]"
org.joda.time.TestPeriod_Basics.testNormalizedStandard_yearMonth2,0.030927835051546393,0.028312669361309172,0.02569750367107195,0.056625338722618344,0.02807111348750167,0.028191632708579,0.0026151656902372207,6.045521292217328,5.462009541543127,4.878497790868925,10.924019083086254,5.399672418075071,5.430751538114525,0.5835117506742011,"[""TestPeriod_Basics"", ""Period""]","[0.030927835051546393, 0.02569750367107195]","[4.878497790868925, 6.045521292217328]"
org.joda.time.TestPeriod_Basics.testGetMethods,0.030927835051546393,0.028312669361309172,0.02569750367107195,0.056625338722618344,0.02807111348750167,0.028191632708579,0.0026151656902372207,6.045521292217328,5.462009541543127,4.878497790868925,10.924019083086254,5.399672418075071,5.430751538114525,0.5835117506742011,"[""TestPeriod_Basics"", ""Period""]","[0.030927835051546393, 0.02569750367107195]","[4.878497790868925, 6.045521292217328]"
org.joda.time.TestPeriod_Basics.testToString,0.030927835051546393,0.028312669361309172,0.02569750367107195,0.056625338722618344,0.02807111348750167,0.028191632708579,0.0026151656902372207,6.045521292217328,5.462009541543127,4.878497790868925,10.924019083086254,5.399672418075071,5.430751538114525,0.5835117506742011,"[""TestPeriod_Basics"", ""Period""]","[0.030927835051546393, 0.02569750367107195]","[4.878497790868925, 6.045521292217328]"
org.joda.time.TestPeriod_Basics.testNegated,0.030927835051546393,0.028312669361309172,0.02569750367107195,0.056625338722618344,0.02807111348750167,0.028191632708579,0.0026151656902372207,6.045521292217328,5.462009541543127,4.878497790868925,10.924019083086254,5.399672418075071,5.430751538114525,0.5835117506742011,"[""TestPeriod_Basics"", ""Period""]","[0.030927835051546393, 0.02569750367107195]","[4.878497790868925, 6.045521292217328]"
org.joda.time.TestPeriod_Basics.testToMutablePeriod,0.030927835051546393,0.028312669361309172,0.02569750367107195,0.056625338722618344,0.02807111348750167,0.028191632708579,0.0026151656902372207,6.045521292217328,5.462009541543127,4.878497790868925,10.924019083086254,5.399672418075071,5.430751538114525,0.5835117506742011,"[""TestPeriod_Basics"", ""Period""]","[0.030927835051546393, 0.02569750367107195]","[4.878497790868925, 6.045521292217328]"
org.joda.time.TestPeriod_Basics.testMultipliedBy,0.030927835051546393,0.028312669361309172,0.02569750367107195,0.056625338722618344,0.02807111348750167,0.028191632708579,0.0026151656902372207,6.045521292217328,5.462009541543127,4.878497790868925,10.924019083086254,5.399672418075071,5.430751538114525,0.5835117506742011,"[""TestPeriod_Basics"", ""Period""]","[0.030927835051546393, 0.02569750367107195]","[4.878497790868925, 6.045521292217328]"
org.joda.time.TestPeriod_Basics.testWithFieldAdded2,0.030927835051546393,0.028312669361309172,0.02569750367107195,0.056625338722618344,0.02807111348750167,0.028191632708579,0.0026151656902372207,6.045521292217328,5.462009541543127,4.878497790868925,10.924019083086254,5.399672418075071,5.430751538114525,0.5835117506742011,"[""TestPeriod_Basics"", ""Period""]","[0.030927835051546393, 0.02569750367107195]","[4.878497790868925, 6.045521292217328]"
org.joda.time.TestPeriod_Basics.testNormalizedStandard_periodType_weekDay2,0.030927835051546393,0.028312669361309172,0.02569750367107195,0.056625338722618344,0.02807111348750167,0.028191632708579,0.0026151656902372207,6.045521292217328,5.462009541543127,4.878497790868925,10.924019083086254,5.399672418075071,5.430751538114525,0.5835117506742011,"[""TestPeriod_Basics"", ""Period""]","[0.030927835051546393, 0.02569750367107195]","[4.878497790868925, 6.045521292217328]"
org.joda.time.TestPeriod_Basics.testNormalizedStandard_yearMonthWeekDay,0.030927835051546393,0.028312669361309172,0.02569750367107195,0.056625338722618344,0.02807111348750167,0.028191632708579,0.0026151656902372207,6.045521292217328,5.462009541543127,4.878497790868925,10.924019083086254,5.399672418075071,5.430751538114525,0.5835117506742011,"[""TestPeriod_Basics"", ""Period""]","[0.030927835051546393, 0.02569750367107195]","[4.878497790868925, 6.045521292217328]"
org.joda.time.TestPeriod_Basics.testNormalizedStandard_negative,0.030927835051546393,0.028312669361309172,0.02569750367107195,0.056625338722618344,0.02807111348750167,0.028191632708579,0.0026151656902372207,6.045521292217328,5.462009541543127,4.878497790868925,10.924019083086254,5.399672418075071,5.430751538114525,0.5835117506742011,"[""TestPeriod_Basics"", ""Period""]","[0.030927835051546393, 0.02569750367107195]","[4.878497790868925, 6.045521292217328]"
org.joda.time.TestPeriod_Basics.testNormalizedStandard_fullNegative,0.030927835051546393,0.028312669361309172,0.02569750367107195,0.056625338722618344,0.02807111348750167,0.028191632708579,0.0026151656902372207,6.045521292217328,5.462009541543127,4.878497790868925,10.924019083086254,5.399672418075071,5.430751538114525,0.5835117506742011,"[""TestPeriod_Basics"", ""Period""]","[0.030927835051546393, 0.02569750367107195]","[4.878497790868925, 6.045521292217328]"
org.joda.time.TestPeriod_Basics.testNormalizedStandard_yearMonthDay,0.030927835051546393,0.028312669361309172,0.02569750367107195,0.056625338722618344,0.02807111348750167,0.028191632708579,0.0026151656902372207,6.045521292217328,5.462009541543127,4.878497790868925,10.924019083086254,5.399672418075071,5.430751538114525,0.5835117506742011,"[""TestPeriod_Basics"", ""Period""]","[0.030927835051546393, 0.02569750367107195]","[4.878497790868925, 6.045521292217328]"
org.joda.time.TestPeriod_Basics.testNormalizedStandard_periodType_yearMonth2,0.030927835051546393,0.028312669361309172,0.02569750367107195,0.056625338722618344,0.02807111348750167,0.028191632708579,0.0026151656902372207,6.045521292217328,5.462009541543127,4.878497790868925,10.924019083086254,5.399672418075071,5.430751538114525,0.5835117506742011,"[""TestPeriod_Basics"", ""Period""]","[0.030927835051546393, 0.02569750367107195]","[4.878497790868925, 6.045521292217328]"
org.joda.time.TestPeriod_Basics.testToString_nullPeriodFormatter,0.030927835051546393,0.028312669361309172,0.02569750367107195,0.056625338722618344,0.02807111348750167,0.028191632708579,0.0026151656902372207,6.045521292217328,5.462009541543127,4.878497790868925,10.924019083086254,5.399672418075071,5.430751538114525,0.5835117506742011,"[""TestPeriod_Basics"", ""Period""]","[0.030927835051546393, 0.02569750367107195]","[4.878497790868925, 6.045521292217328]"
org.joda.time.TestPeriod_Basics.testNormalizedStandard_weekDay2,0.030927835051546393,0.028312669361309172,0.02569750367107195,0.056625338722618344,0.02807111348750167,0.028191632708579,0.0026151656902372207,6.045521292217328,5.462009541543127,4.878497790868925,10.924019083086254,5.399672418075071,5.430751538114525,0.5835117506742011,"[""TestPeriod_Basics"", ""Period""]","[0.030927835051546393, 0.02569750367107195]","[4.878497790868925, 6.045521292217328]"
org.joda.time.TestPeriod_Basics.testNormalizedStandard_periodType_yearMonth1,0.030927835051546393,0.028312669361309172,0.02569750367107195,0.056625338722618344,0.02807111348750167,0.028191632708579,0.0026151656902372207,6.045521292217328,5.462009541543127,4.878497790868925,10.924019083086254,5.399672418075071,5.430751538114525,0.5835117506742011,"[""TestPeriod_Basics"", ""Period""]","[0.030927835051546393, 0.02569750367107195]","[4.878497790868925, 6.045521292217328]"
org.joda.time.TestPeriod_Basics.testWithField2,0.030927835051546393,0.028312669361309172,0.02569750367107195,0.056625338722618344,0.02807111348750167,0.028191632708579,0.0026151656902372207,6.045521292217328,5.462009541543127,4.878497790868925,10.924019083086254,5.399672418075071,5.430751538114525,0.5835117506742011,"[""TestPeriod_Basics"", ""Period""]","[0.030927835051546393, 0.02569750367107195]","[4.878497790868925, 6.045521292217328]"
org.joda.time.TestPeriod_Basics.testPlusFieldsZero,0.030927835051546393,0.028312669361309172,0.02569750367107195,0.056625338722618344,0.02807111348750167,0.028191632708579,0.0026151656902372207,6.045521292217328,5.462009541543127,4.878497790868925,10.924019083086254,5.399672418075071,5.430751538114525,0.5835117506742011,"[""TestPeriod_Basics"", ""Period""]","[0.030927835051546393, 0.02569750367107195]","[4.878497790868925, 6.045521292217328]"
org.joda.time.TestPeriod_Basics.testNormalizedStandard_yearMonth1,0.030927835051546393,0.028312669361309172,0.02569750367107195,0.056625338722618344,0.02807111348750167,0.028191632708579,0.0026151656902372207,6.045521292217328,5.462009541543127,4.878497790868925,10.924019083086254,5.399672418075071,5.430751538114525,0.5835117506742011,"[""TestPeriod_Basics"", ""Period""]","[0.030927835051546393, 0.02569750367107195]","[4.878497790868925, 6.045521292217328]"
org.joda.time.TestPeriod_Basics.testToPeriod,0.030927835051546393,0.028312669361309172,0.02569750367107195,0.056625338722618344,0.02807111348750167,0.028191632708579,0.0026151656902372207,6.045521292217328,5.462009541543127,4.878497790868925,10.924019083086254,5.399672418075071,5.430751538114525,0.5835117506742011,"[""TestPeriod_Basics"", ""Period""]","[0.030927835051546393, 0.02569750367107195]","[4.878497790868925, 6.045521292217328]"
org.joda.time.TestPeriod_Basics.testWithFields2,0.030927835051546393,0.028312669361309172,0.02569750367107195,0.056625338722618344,0.02807111348750167,0.028191632708579,0.0026151656902372207,6.045521292217328,5.462009541543127,4.878497790868925,10.924019083086254,5.399672418075071,5.430751538114525,0.5835117506742011,"[""TestPeriod_Basics"", ""Period""]","[0.030927835051546393, 0.02569750367107195]","[4.878497790868925, 6.045521292217328]"
org.joda.time.TestPeriod_Basics.testNormalizedStandard_periodType_weekDay1,0.030927835051546393,0.028312669361309172,0.02569750367107195,0.056625338722618344,0.02807111348750167,0.028191632708579,0.0026151656902372207,6.045521292217328,5.462009541543127,4.878497790868925,10.924019083086254,5.399672418075071,5.430751538114525,0.5835117506742011,"[""TestPeriod_Basics"", ""Period""]","[0.030927835051546393, 0.02569750367107195]","[4.878497790868925, 6.045521292217328]"
org.joda.time.TestPeriod_Basics.testNormalizedStandard_weekDay1,0.030927835051546393,0.028312669361309172,0.02569750367107195,0.056625338722618344,0.02807111348750167,0.028191632708579,0.0026151656902372207,6.045521292217328,5.462009541543127,4.878497790868925,10.924019083086254,5.399672418075071,5.430751538114525,0.5835117506742011,"[""TestPeriod_Basics"", ""Period""]","[0.030927835051546393, 0.02569750367107195]","[4.878497790868925, 6.045521292217328]"
org.joda.time.chrono.TestBuddhistChronology.testEpoch,0.04081632653061224,0.028279883381924196,0.01574344023323615,0.05655976676384839,0.022722491058278976,0.02534934707788239,0.012536443148688046,5.746938775510204,3.5451895043731776,1.3434402332361517,7.090379008746355,2.1777873254564986,2.778609142892414,2.201749271137026,"[""TestBuddhistChronology"", ""DateTime""]","[0.04081632653061224, 0.01574344023323615]","[5.746938775510204, 1.3434402332361517]"
org.joda.time.chrono.TestBuddhistChronology.testEra,0.04081632653061224,0.028279883381924196,0.01574344023323615,0.05655976676384839,0.022722491058278976,0.02534934707788239,0.012536443148688046,5.746938775510204,3.5451895043731776,1.3434402332361517,7.090379008746355,2.1777873254564986,2.778609142892414,2.201749271137026,"[""TestBuddhistChronology"", ""DateTime""]","[0.04081632653061224, 0.01574344023323615]","[5.746938775510204, 1.3434402332361517]"
org.joda.time.convert.TestReadableDurationConverter.testGetDurationMillis_Object,0.02516091281451141,0.018849463730388646,0.012287887653598596,0.05654839119116594,0.017292832315701112,0.018074899670329627,0.0052583658318733194,1.6079578700994734,0.8147997214543236,0.3200702165008777,2.4443991643629706,0.5279075610311292,0.6429254430625145,0.5665441398541845,"[""ReadableDurationConverter"", ""Duration"", ""TestReadableDurationConverter""]","[0.02516091281451141, 0.019099590723055934, 0.012287887653598596]","[1.6079578700994734, 0.5163710777626194, 0.3200702165008777]"
org.joda.time.TestMutableInterval_Updates.testSetDurationAfterStart_RI1,0.02516091281451141,0.018833783975531287,0.01281085154483798,0.05650135192659386,0.017465138701455645,0.01814359660355388,0.005046477645003683,1.6079578700994734,1.4047773902470702,1.2755528989838614,4.21433217074121,1.3906296042948596,1.397540187922544,0.14543127217978616,"[""MutableInterval"", ""TestMutableInterval_Updates"", ""Duration""]","[0.02516091281451141, 0.01852958756724447, 0.01281085154483798]","[1.6079578700994734, 1.2755528989838614, 1.330821401657875]"
org.joda.time.TestMutableInterval_Updates.testSeDurationBeforeEnd_RI2,0.02516091281451141,0.018833783975531287,0.01281085154483798,0.05650135192659386,0.017465138701455645,0.01814359660355388,0.005046477645003683,1.6079578700994734,1.4047773902470702,1.2755528989838614,4.21433217074121,1.3906296042948596,1.397540187922544,0.14543127217978616,"[""MutableInterval"", ""TestMutableInterval_Updates"", ""Duration""]","[0.02516091281451141, 0.01852958756724447, 0.01281085154483798]","[1.6079578700994734, 1.2755528989838614, 1.330821401657875]"
org.joda.time.TestMutableInterval_Updates.testSeDurationAfterStart_RI2,0.02516091281451141,0.018833783975531287,0.01281085154483798,0.05650135192659386,0.017465138701455645,0.01814359660355388,0.005046477645003683,1.6079578700994734,1.4047773902470702,1.2755528989838614,4.21433217074121,1.3906296042948596,1.397540187922544,0.14543127217978616,"[""MutableInterval"", ""TestMutableInterval_Updates"", ""Duration""]","[0.02516091281451141, 0.01852958756724447, 0.01281085154483798]","[1.6079578700994734, 1.2755528989838614, 1.330821401657875]"
org.joda.time.TestMutableInterval_Updates.testSetDurationBeforeEnd_RI1,0.02516091281451141,0.018833783975531287,0.01281085154483798,0.05650135192659386,0.017465138701455645,0.01814359660355388,0.005046477645003683,1.6079578700994734,1.4047773902470702,1.2755528989838614,4.21433217074121,1.3906296042948596,1.397540187922544,0.14543127217978616,"[""MutableInterval"", ""TestMutableInterval_Updates"", ""Duration""]","[0.02516091281451141, 0.01852958756724447, 0.01281085154483798]","[1.6079578700994734, 1.2755528989838614, 1.330821401657875]"
org.joda.time.TestMutableDateTime_Basics.testToDate,0.03498542274052478,0.018825272162987138,0.00243605359317905,0.05647581648896142,0.0061029591817513985,0.011754097607260023,0.01328921146598141,4.066472303206997,2.1957306940867345,0.04506699147381242,6.587192082260203,0.1313540528266221,0.7684023894439072,1.6536207654977313,"[""TestMutableDateTime_Basics"", ""Date"", ""MutableDateTime""]","[0.03498542274052478, 0.019054340155257588, 0.00243605359317905]","[4.066472303206997, 2.475652787579393, 0.04506699147381242]"
org.joda.time.chrono.TestCopticChronology.testTimeFields,0.021957340025094103,0.018778106877000354,0.01574344023323615,0.056334320631001064,0.01843566700048121,0.018606224148666334,0.0025388727500531443,2.2694099378881987,1.6439969420438827,0.8456712672521958,4.931990826131648,1.3802489994770712,1.5164075941398585,0.593959620665502,"[""DateTimeField"", ""TestCopticChronology"", ""CopticChronology""]","[0.021957340025094103, 0.018633540372670808, 0.01574344023323615]","[0.8456712672521958, 2.2694099378881987, 1.8169096209912536]"
org.joda.time.chrono.TestCopticChronology.testDateFields,0.021957340025094103,0.018778106877000354,0.01574344023323615,0.056334320631001064,0.01843566700048121,0.018606224148666334,0.0025388727500531443,2.2694099378881987,1.6439969420438827,0.8456712672521958,4.931990826131648,1.3802489994770712,1.5164075941398585,0.593959620665502,"[""DateTimeField"", ""TestCopticChronology"", ""CopticChronology""]","[0.021957340025094103, 0.018633540372670808, 0.01574344023323615]","[0.8456712672521958, 2.2694099378881987, 1.8169096209912536]"
org.joda.time.TestSerialization.testSerializedCopticChronology,0.022244691607684528,0.01405351091119766,0.006006006006006006,0.05621404364479064,0.009445158283066487,0.011521112309383167,0.008048146157071572,2.320525783619818,0.8313390525077932,0.07507507507507508,3.3253562100311727,0.1491074805860363,0.3336179324883232,0.9149054218737409,"[""StringBuilder"", ""ByteArrayOutputStream"", ""ObjectInputStream"", ""TestSerialization"", ""FileInputStream"", ""ObjectOutputStream"", ""ByteArrayInputStream"", ""CopticChronology""]","[0.022244691607684528, 0.021957340025094103, 0.006006006006006006, 0.006006006006006006]","[2.320525783619818, 0.8456712672521958, 0.08408408408408409, 0.07507507507507508]"
org.joda.time.TestMutablePeriod_Updates.testAdd_long_Chronology1,0.020618556701030927,0.018728595160174194,0.01574344023323615,0.05618578548052258,0.01846574717884418,0.018600081731956503,0.0021356149088460285,5.674008810572687,3.1428796563229624,0.7008746355685131,9.428638968968887,1.5540043236313452,2.298554849003952,2.0312513735834656,"[""MutablePeriod"", ""TestMutablePeriod_Updates"", ""ISOChronology""]","[0.020618556701030927, 0.019823788546255508, 0.01574344023323615]","[3.0537555228276876, 5.674008810572687, 0.7008746355685131]"
org.joda.time.chrono.TestIslamicChronology.testDateFields,0.022058823529411766,0.018728205567941462,0.01574344023323615,0.05618461670382439,0.018376514360905667,0.018550731040598737,0.0025898168627638105,3.8848039215686274,2.6019600697421823,1.8169096209912536,7.805880209226547,2.338186061439108,2.458069670375214,0.9146567347732969,"[""DateTimeField"", ""IslamicChronology"", ""TestIslamicChronology""]","[0.022058823529411766, 0.01838235294117647, 0.01574344023323615]","[2.1041666666666665, 3.8848039215686274, 1.8169096209912536]"
org.joda.time.chrono.TestIslamicChronology.testTimeFields,0.022058823529411766,0.018728205567941462,0.01574344023323615,0.05618461670382439,0.018376514360905667,0.018550731040598737,0.0025898168627638105,3.8848039215686274,2.6019600697421823,1.8169096209912536,7.805880209226547,2.338186061439108,2.458069670375214,0.9146567347732969,"[""DateTimeField"", ""IslamicChronology"", ""TestIslamicChronology""]","[0.022058823529411766, 0.01838235294117647, 0.01574344023323615]","[2.1041666666666665, 3.8848039215686274, 1.8169096209912536]"
org.joda.time.TestDuration_Basics.testToString,0.030913012221423435,0.028036962517967425,0.02516091281451141,0.05607392503593485,0.027741935483870966,0.02788905888224199,0.0028760497034560125,3.7361610352264556,2.6720594526629644,1.6079578700994734,5.344118905325929,2.2482993537304097,2.45103846166301,1.0641015825634912,"[""StringBuilder"", ""TestDuration_Basics"", ""Duration""]","[0.030913012221423435, 0.02516091281451141]","[3.7361610352264556, 1.6079578700994734]"
org.joda.time.TestDuration_Basics.testPlus_long2,0.030913012221423435,0.028036962517967425,0.02516091281451141,0.05607392503593485,0.027741935483870966,0.02788905888224199,0.0028760497034560125,3.7361610352264556,2.6720594526629644,1.6079578700994734,5.344118905325929,2.2482993537304097,2.45103846166301,1.0641015825634912,"[""TestDuration_Basics"", ""Duration""]","[0.030913012221423435, 0.02516091281451141]","[3.7361610352264556, 1.6079578700994734]"
org.joda.time.TestDuration_Basics.testToDuration1,0.030913012221423435,0.028036962517967425,0.02516091281451141,0.05607392503593485,0.027741935483870966,0.02788905888224199,0.0028760497034560125,3.7361610352264556,2.6720594526629644,1.6079578700994734,5.344118905325929,2.2482993537304097,2.45103846166301,1.0641015825634912,"[""TestDuration_Basics"", ""Duration""]","[0.030913012221423435, 0.02516091281451141]","[3.7361610352264556, 1.6079578700994734]"
org.joda.time.TestDuration_Basics.testPlus_RD1,0.030913012221423435,0.028036962517967425,0.02516091281451141,0.05607392503593485,0.027741935483870966,0.02788905888224199,0.0028760497034560125,3.7361610352264556,2.6720594526629644,1.6079578700994734,5.344118905325929,2.2482993537304097,2.45103846166301,1.0641015825634912,"[""TestDuration_Basics"", ""Duration""]","[0.030913012221423435, 0.02516091281451141]","[3.7361610352264556, 1.6079578700994734]"
org.joda.time.TestDuration_Basics.testMultipliedBy_long2,0.030913012221423435,0.028036962517967425,0.02516091281451141,0.05607392503593485,0.027741935483870966,0.02788905888224199,0.0028760497034560125,3.7361610352264556,2.6720594526629644,1.6079578700994734,5.344118905325929,2.2482993537304097,2.45103846166301,1.0641015825634912,"[""TestDuration_Basics"", ""Duration""]","[0.030913012221423435, 0.02516091281451141]","[3.7361610352264556, 1.6079578700994734]"
org.joda.time.TestDuration_Basics.testMinus_long2,0.030913012221423435,0.028036962517967425,0.02516091281451141,0.05607392503593485,0.027741935483870966,0.02788905888224199,0.0028760497034560125,3.7361610352264556,2.6720594526629644,1.6079578700994734,5.344118905325929,2.2482993537304097,2.45103846166301,1.0641015825634912,"[""TestDuration_Basics"", ""Duration""]","[0.030913012221423435, 0.02516091281451141]","[3.7361610352264556, 1.6079578700994734]"
org.joda.time.TestDuration_Basics.testWithDurationAdded_RD_int2,0.030913012221423435,0.028036962517967425,0.02516091281451141,0.05607392503593485,0.027741935483870966,0.02788905888224199,0.0028760497034560125,3.7361610352264556,2.6720594526629644,1.6079578700994734,5.344118905325929,2.2482993537304097,2.45103846166301,1.0641015825634912,"[""TestDuration_Basics"", ""Duration""]","[0.030913012221423435, 0.02516091281451141]","[3.7361610352264556, 1.6079578700994734]"
org.joda.time.TestDuration_Basics.testPlus_RD3,0.030913012221423435,0.028036962517967425,0.02516091281451141,0.05607392503593485,0.027741935483870966,0.02788905888224199,0.0028760497034560125,3.7361610352264556,2.6720594526629644,1.6079578700994734,5.344118905325929,2.2482993537304097,2.45103846166301,1.0641015825634912,"[""TestDuration_Basics"", ""Duration""]","[0.030913012221423435, 0.02516091281451141]","[3.7361610352264556, 1.6079578700994734]"
org.joda.time.TestDuration_Basics.testMinus_RD3,0.030913012221423435,0.028036962517967425,0.02516091281451141,0.05607392503593485,0.027741935483870966,0.02788905888224199,0.0028760497034560125,3.7361610352264556,2.6720594526629644,1.6079578700994734,5.344118905325929,2.2482993537304097,2.45103846166301,1.0641015825634912,"[""TestDuration_Basics"", ""Duration""]","[0.030913012221423435, 0.02516091281451141]","[3.7361610352264556, 1.6079578700994734]"
org.joda.time.TestDuration_Basics.testNegated_long1,0.030913012221423435,0.028036962517967425,0.02516091281451141,0.05607392503593485,0.027741935483870966,0.02788905888224199,0.0028760497034560125,3.7361610352264556,2.6720594526629644,1.6079578700994734,5.344118905325929,2.2482993537304097,2.45103846166301,1.0641015825634912,"[""TestDuration_Basics"", ""Duration""]","[0.030913012221423435, 0.02516091281451141]","[3.7361610352264556, 1.6079578700994734]"
org.joda.time.TestDuration_Basics.testDividedBy_long1,0.030913012221423435,0.028036962517967425,0.02516091281451141,0.05607392503593485,0.027741935483870966,0.02788905888224199,0.0028760497034560125,3.7361610352264556,2.6720594526629644,1.6079578700994734,5.344118905325929,2.2482993537304097,2.45103846166301,1.0641015825634912,"[""TestDuration_Basics"", ""Duration""]","[0.030913012221423435, 0.02516091281451141]","[3.7361610352264556, 1.6079578700994734]"
org.joda.time.TestDuration_Basics.testToStandardMinutes_overflow,0.030913012221423435,0.028036962517967425,0.02516091281451141,0.05607392503593485,0.027741935483870966,0.02788905888224199,0.0028760497034560125,3.7361610352264556,2.6720594526629644,1.6079578700994734,5.344118905325929,2.2482993537304097,2.45103846166301,1.0641015825634912,"[""TestDuration_Basics"", ""Duration""]","[0.030913012221423435, 0.02516091281451141]","[3.7361610352264556, 1.6079578700994734]"
org.joda.time.TestDuration_Basics.testNegated_long2,0.030913012221423435,0.028036962517967425,0.02516091281451141,0.05607392503593485,0.027741935483870966,0.02788905888224199,0.0028760497034560125,3.7361610352264556,2.6720594526629644,1.6079578700994734,5.344118905325929,2.2482993537304097,2.45103846166301,1.0641015825634912,"[""TestDuration_Basics"", ""Duration""]","[0.030913012221423435, 0.02516091281451141]","[3.7361610352264556, 1.6079578700994734]"
org.joda.time.TestDuration_Basics.testWithDurationAdded_long_int1,0.030913012221423435,0.028036962517967425,0.02516091281451141,0.05607392503593485,0.027741935483870966,0.02788905888224199,0.0028760497034560125,3.7361610352264556,2.6720594526629644,1.6079578700994734,5.344118905325929,2.2482993537304097,2.45103846166301,1.0641015825634912,"[""TestDuration_Basics"", ""Duration""]","[0.030913012221423435, 0.02516091281451141]","[3.7361610352264556, 1.6079578700994734]"
org.joda.time.TestDuration_Basics.testNegated_long3,0.030913012221423435,0.028036962517967425,0.02516091281451141,0.05607392503593485,0.027741935483870966,0.02788905888224199,0.0028760497034560125,3.7361610352264556,2.6720594526629644,1.6079578700994734,5.344118905325929,2.2482993537304097,2.45103846166301,1.0641015825634912,"[""TestDuration_Basics"", ""Duration""]","[0.030913012221423435, 0.02516091281451141]","[3.7361610352264556, 1.6079578700994734]"
org.joda.time.TestDuration_Basics.testPlus_long1,0.030913012221423435,0.028036962517967425,0.02516091281451141,0.05607392503593485,0.027741935483870966,0.02788905888224199,0.0028760497034560125,3.7361610352264556,2.6720594526629644,1.6079578700994734,5.344118905325929,2.2482993537304097,2.45103846166301,1.0641015825634912,"[""TestDuration_Basics"", ""Duration""]","[0.030913012221423435, 0.02516091281451141]","[3.7361610352264556, 1.6079578700994734]"
org.joda.time.TestDuration_Basics.testDividedBy_long2,0.030913012221423435,0.028036962517967425,0.02516091281451141,0.05607392503593485,0.027741935483870966,0.02788905888224199,0.0028760497034560125,3.7361610352264556,2.6720594526629644,1.6079578700994734,5.344118905325929,2.2482993537304097,2.45103846166301,1.0641015825634912,"[""TestDuration_Basics"", ""Duration""]","[0.030913012221423435, 0.02516091281451141]","[3.7361610352264556, 1.6079578700994734]"
org.joda.time.TestDuration_Basics.testGetMillis,0.030913012221423435,0.028036962517967425,0.02516091281451141,0.05607392503593485,0.027741935483870966,0.02788905888224199,0.0028760497034560125,3.7361610352264556,2.6720594526629644,1.6079578700994734,5.344118905325929,2.2482993537304097,2.45103846166301,1.0641015825634912,"[""TestDuration_Basics"", ""Duration""]","[0.030913012221423435, 0.02516091281451141]","[3.7361610352264556, 1.6079578700994734]"
org.joda.time.TestDuration_Basics.testWithDurationAdded_RD_int5,0.030913012221423435,0.028036962517967425,0.02516091281451141,0.05607392503593485,0.027741935483870966,0.02788905888224199,0.0028760497034560125,3.7361610352264556,2.6720594526629644,1.6079578700994734,5.344118905325929,2.2482993537304097,2.45103846166301,1.0641015825634912,"[""TestDuration_Basics"", ""Duration""]","[0.030913012221423435, 0.02516091281451141]","[3.7361610352264556, 1.6079578700994734]"
org.joda.time.TestDuration_Basics.testMinus_RD2,0.030913012221423435,0.028036962517967425,0.02516091281451141,0.05607392503593485,0.027741935483870966,0.02788905888224199,0.0028760497034560125,3.7361610352264556,2.6720594526629644,1.6079578700994734,5.344118905325929,2.2482993537304097,2.45103846166301,1.0641015825634912,"[""TestDuration_Basics"", ""Duration""]","[0.030913012221423435, 0.02516091281451141]","[3.7361610352264556, 1.6079578700994734]"
org.joda.time.TestDuration_Basics.testWithDurationAdded_long_int5,0.030913012221423435,0.028036962517967425,0.02516091281451141,0.05607392503593485,0.027741935483870966,0.02788905888224199,0.0028760497034560125,3.7361610352264556,2.6720594526629644,1.6079578700994734,5.344118905325929,2.2482993537304097,2.45103846166301,1.0641015825634912,"[""TestDuration_Basics"", ""Duration""]","[0.030913012221423435, 0.02516091281451141]","[3.7361610352264556, 1.6079578700994734]"
org.joda.time.TestDuration_Basics.testWithDurationAdded_RD_int4,0.030913012221423435,0.028036962517967425,0.02516091281451141,0.05607392503593485,0.027741935483870966,0.02788905888224199,0.0028760497034560125,3.7361610352264556,2.6720594526629644,1.6079578700994734,5.344118905325929,2.2482993537304097,2.45103846166301,1.0641015825634912,"[""TestDuration_Basics"", ""Duration""]","[0.030913012221423435, 0.02516091281451141]","[3.7361610352264556, 1.6079578700994734]"
org.joda.time.TestDuration_Basics.testToStandardDays_overflow,0.030913012221423435,0.028036962517967425,0.02516091281451141,0.05607392503593485,0.027741935483870966,0.02788905888224199,0.0028760497034560125,3.7361610352264556,2.6720594526629644,1.6079578700994734,5.344118905325929,2.2482993537304097,2.45103846166301,1.0641015825634912,"[""TestDuration_Basics"", ""Duration""]","[0.030913012221423435, 0.02516091281451141]","[3.7361610352264556, 1.6079578700994734]"
org.joda.time.TestDuration_Basics.testMinus_long1,0.030913012221423435,0.028036962517967425,0.02516091281451141,0.05607392503593485,0.027741935483870966,0.02788905888224199,0.0028760497034560125,3.7361610352264556,2.6720594526629644,1.6079578700994734,5.344118905325929,2.2482993537304097,2.45103846166301,1.0641015825634912,"[""TestDuration_Basics"", ""Duration""]","[0.030913012221423435, 0.02516091281451141]","[3.7361610352264556, 1.6079578700994734]"
org.joda.time.TestDuration_Basics.testGetStandardSeconds,0.030913012221423435,0.028036962517967425,0.02516091281451141,0.05607392503593485,0.027741935483870966,0.02788905888224199,0.0028760497034560125,3.7361610352264556,2.6720594526629644,1.6079578700994734,5.344118905325929,2.2482993537304097,2.45103846166301,1.0641015825634912,"[""TestDuration_Basics"", ""Duration""]","[0.030913012221423435, 0.02516091281451141]","[3.7361610352264556, 1.6079578700994734]"
org.joda.time.TestDuration_Basics.testWithDurationAdded_RD_int6,0.030913012221423435,0.028036962517967425,0.02516091281451141,0.05607392503593485,0.027741935483870966,0.02788905888224199,0.0028760497034560125,3.7361610352264556,2.6720594526629644,1.6079578700994734,5.344118905325929,2.2482993537304097,2.45103846166301,1.0641015825634912,"[""TestDuration_Basics"", ""Duration""]","[0.030913012221423435, 0.02516091281451141]","[3.7361610352264556, 1.6079578700994734]"
org.joda.time.TestDuration_Basics.testMinus_RD1,0.030913012221423435,0.028036962517967425,0.02516091281451141,0.05607392503593485,0.027741935483870966,0.02788905888224199,0.0028760497034560125,3.7361610352264556,2.6720594526629644,1.6079578700994734,5.344118905325929,2.2482993537304097,2.45103846166301,1.0641015825634912,"[""TestDuration_Basics"", ""Duration""]","[0.030913012221423435, 0.02516091281451141]","[3.7361610352264556, 1.6079578700994734]"
org.joda.time.TestDuration_Basics.testMultipliedBy_long1,0.030913012221423435,0.028036962517967425,0.02516091281451141,0.05607392503593485,0.027741935483870966,0.02788905888224199,0.0028760497034560125,3.7361610352264556,2.6720594526629644,1.6079578700994734,5.344118905325929,2.2482993537304097,2.45103846166301,1.0641015825634912,"[""TestDuration_Basics"", ""Duration""]","[0.030913012221423435, 0.02516091281451141]","[3.7361610352264556, 1.6079578700994734]"
org.joda.time.TestDuration_Basics.testToStandardHours_overflow,0.030913012221423435,0.028036962517967425,0.02516091281451141,0.05607392503593485,0.027741935483870966,0.02788905888224199,0.0028760497034560125,3.7361610352264556,2.6720594526629644,1.6079578700994734,5.344118905325929,2.2482993537304097,2.45103846166301,1.0641015825634912,"[""TestDuration_Basics"", ""Duration""]","[0.030913012221423435, 0.02516091281451141]","[3.7361610352264556, 1.6079578700994734]"
org.joda.time.TestDuration_Basics.testWithDurationAdded_long_int2,0.030913012221423435,0.028036962517967425,0.02516091281451141,0.05607392503593485,0.027741935483870966,0.02788905888224199,0.0028760497034560125,3.7361610352264556,2.6720594526629644,1.6079578700994734,5.344118905325929,2.2482993537304097,2.45103846166301,1.0641015825634912,"[""TestDuration_Basics"", ""Duration""]","[0.030913012221423435, 0.02516091281451141]","[3.7361610352264556, 1.6079578700994734]"
org.joda.time.TestDuration_Basics.testWithDurationAdded_RD_int3,0.030913012221423435,0.028036962517967425,0.02516091281451141,0.05607392503593485,0.027741935483870966,0.02788905888224199,0.0028760497034560125,3.7361610352264556,2.6720594526629644,1.6079578700994734,5.344118905325929,2.2482993537304097,2.45103846166301,1.0641015825634912,"[""TestDuration_Basics"", ""Duration""]","[0.030913012221423435, 0.02516091281451141]","[3.7361610352264556, 1.6079578700994734]"
org.joda.time.TestDuration_Basics.testWithDurationAdded_long_int3,0.030913012221423435,0.028036962517967425,0.02516091281451141,0.05607392503593485,0.027741935483870966,0.02788905888224199,0.0028760497034560125,3.7361610352264556,2.6720594526629644,1.6079578700994734,5.344118905325929,2.2482993537304097,2.45103846166301,1.0641015825634912,"[""TestDuration_Basics"", ""Duration""]","[0.030913012221423435, 0.02516091281451141]","[3.7361610352264556, 1.6079578700994734]"
org.joda.time.TestDuration_Basics.testWithMillis1,0.030913012221423435,0.028036962517967425,0.02516091281451141,0.05607392503593485,0.027741935483870966,0.02788905888224199,0.0028760497034560125,3.7361610352264556,2.6720594526629644,1.6079578700994734,5.344118905325929,2.2482993537304097,2.45103846166301,1.0641015825634912,"[""TestDuration_Basics"", ""Duration""]","[0.030913012221423435, 0.02516091281451141]","[3.7361610352264556, 1.6079578700994734]"
org.joda.time.TestDuration_Basics.testWithMillis2,0.030913012221423435,0.028036962517967425,0.02516091281451141,0.05607392503593485,0.027741935483870966,0.02788905888224199,0.0028760497034560125,3.7361610352264556,2.6720594526629644,1.6079578700994734,5.344118905325929,2.2482993537304097,2.45103846166301,1.0641015825634912,"[""TestDuration_Basics"", ""Duration""]","[0.030913012221423435, 0.02516091281451141]","[3.7361610352264556, 1.6079578700994734]"
org.joda.time.TestDuration_Basics.testWithDurationAdded_long_int4,0.030913012221423435,0.028036962517967425,0.02516091281451141,0.05607392503593485,0.027741935483870966,0.02788905888224199,0.0028760497034560125,3.7361610352264556,2.6720594526629644,1.6079578700994734,5.344118905325929,2.2482993537304097,2.45103846166301,1.0641015825634912,"[""TestDuration_Basics"", ""Duration""]","[0.030913012221423435, 0.02516091281451141]","[3.7361610352264556, 1.6079578700994734]"
org.joda.time.TestDuration_Basics.testPlus_RD2,0.030913012221423435,0.028036962517967425,0.02516091281451141,0.05607392503593485,0.027741935483870966,0.02788905888224199,0.0028760497034560125,3.7361610352264556,2.6720594526629644,1.6079578700994734,5.344118905325929,2.2482993537304097,2.45103846166301,1.0641015825634912,"[""TestDuration_Basics"", ""Duration""]","[0.030913012221423435, 0.02516091281451141]","[3.7361610352264556, 1.6079578700994734]"
org.joda.time.TestDuration_Basics.testToStandardSeconds_overflow,0.030913012221423435,0.028036962517967425,0.02516091281451141,0.05607392503593485,0.027741935483870966,0.02788905888224199,0.0028760497034560125,3.7361610352264556,2.6720594526629644,1.6079578700994734,5.344118905325929,2.2482993537304097,2.45103846166301,1.0641015825634912,"[""TestDuration_Basics"", ""Duration""]","[0.030913012221423435, 0.02516091281451141]","[3.7361610352264556, 1.6079578700994734]"
org.joda.time.TestDuration_Basics.testWithDurationAdded_RD_int1,0.030913012221423435,0.028036962517967425,0.02516091281451141,0.05607392503593485,0.027741935483870966,0.02788905888224199,0.0028760497034560125,3.7361610352264556,2.6720594526629644,1.6079578700994734,5.344118905325929,2.2482993537304097,2.45103846166301,1.0641015825634912,"[""TestDuration_Basics"", ""Duration""]","[0.030913012221423435, 0.02516091281451141]","[3.7361610352264556, 1.6079578700994734]"
org.joda.time.TestYearMonthDay_Constructors.testConstructor_Object,0.03763440860215054,0.01853534349002128,0.00243605359317905,0.05560603047006384,0.005982771417646926,0.011251221969825174,0.014525380943738555,3.3669354838709675,1.7325917218170253,0.04506699147381242,5.197775165451076,0.13017343474965817,0.647102651780691,1.3566684025549194,"[""YearMonthDay"", ""TestYearMonthDay_Constructors"", ""Date""]","[0.03763440860215054, 0.01553556827473426, 0.00243605359317905]","[3.3669354838709675, 1.785772690106296, 0.04506699147381242]"
org.joda.time.TestYearMonthDay_Constructors.testConstructor_Object_nullChronology,0.03763440860215054,0.01853534349002128,0.00243605359317905,0.05560603047006384,0.005982771417646926,0.011251221969825174,0.014525380943738555,3.3669354838709675,1.7325917218170253,0.04506699147381242,5.197775165451076,0.13017343474965817,0.647102651780691,1.3566684025549194,"[""YearMonthDay"", ""TestYearMonthDay_Constructors"", ""Date""]","[0.03763440860215054, 0.01553556827473426, 0.00243605359317905]","[3.3669354838709675, 1.785772690106296, 0.04506699147381242]"
org.joda.time.TestYearMonthDay_Constructors.testConstructor_Object_Chronology,0.03763440860215054,0.01853534349002128,0.00243605359317905,0.05560603047006384,0.005982771417646926,0.011251221969825174,0.014525380943738555,3.3669354838709675,1.7325917218170253,0.04506699147381242,5.197775165451076,0.13017343474965817,0.647102651780691,1.3566684025549194,"[""YearMonthDay"", ""TestYearMonthDay_Constructors"", ""Date""]","[0.03763440860215054, 0.01553556827473426, 0.00243605359317905]","[3.3669354838709675, 1.785772690106296, 0.04506699147381242]"
org.joda.time.format.TestDateTimeFormatterBuilder.test_append_Printer_nullParser,0.04256559766763848,0.02769679300291545,0.01282798833819242,0.0553935860058309,0.019714592603958875,0.023367306016925802,0.014868804664723031,7.718950437317784,4.468513119533528,1.2180758017492712,8.937026239067055,2.1041152819934563,3.066311586026239,3.2504373177842565,"[""DateTimeFormatterBuilder"", ""TestDateTimeFormatterBuilder""]","[0.04256559766763848, 0.01282798833819242]","[7.718950437317784, 1.2180758017492712]"
org.joda.time.format.TestDateTimeFormatterBuilder.test_canBuildParser,0.04256559766763848,0.02769679300291545,0.01282798833819242,0.0553935860058309,0.019714592603958875,0.023367306016925802,0.014868804664723031,7.718950437317784,4.468513119533528,1.2180758017492712,8.937026239067055,2.1041152819934563,3.066311586026239,3.2504373177842565,"[""DateTimeFormatterBuilder"", ""TestDateTimeFormatterBuilder""]","[0.04256559766763848, 0.01282798833819242]","[7.718950437317784, 1.2180758017492712]"
org.joda.time.TestDateTimeComparator.testListWOW,0.04081632653061224,0.02769679300291545,0.014577259475218658,0.0553935860058309,0.021482277121374863,0.024392420598661087,0.013119533527696792,5.746938775510204,4.390379008746356,3.033819241982507,8.780758017492712,3.9712228499873286,4.175544687778857,1.3565597667638483,"[""Collections"", ""ArrayList"", ""IllegalArgumentException"", ""TestDateTimeComparator"", ""DateTime"", ""Long"", ""List""]","[0.04081632653061224, 0.014577259475218658]","[5.746938775510204, 3.033819241982507]"
org.joda.time.TestDateTimeComparator.testListHour,0.04081632653061224,0.02769679300291545,0.014577259475218658,0.0553935860058309,0.021482277121374863,0.024392420598661087,0.013119533527696792,5.746938775510204,4.390379008746356,3.033819241982507,8.780758017492712,3.9712228499873286,4.175544687778857,1.3565597667638483,"[""Collections"", ""ArrayList"", ""IllegalArgumentException"", ""TestDateTimeComparator"", ""DateTime"", ""Long"", ""List""]","[0.04081632653061224, 0.014577259475218658]","[5.746938775510204, 3.033819241982507]"
org.joda.time.TestDateTimeComparator.testWOW,0.04081632653061224,0.02769679300291545,0.014577259475218658,0.0553935860058309,0.021482277121374863,0.024392420598661087,0.013119533527696792,5.746938775510204,4.390379008746356,3.033819241982507,8.780758017492712,3.9712228499873286,4.175544687778857,1.3565597667638483,"[""TestDateTimeComparator"", ""Comparator"", ""DateTime"", ""IllegalArgumentException""]","[0.04081632653061224, 0.014577259475218658]","[5.746938775510204, 3.033819241982507]"
org.joda.time.format.TestDateTimeFormatterBuilder.test_toParser,0.04256559766763848,0.02769679300291545,0.01282798833819242,0.0553935860058309,0.019714592603958875,0.023367306016925802,0.014868804664723031,7.718950437317784,4.468513119533528,1.2180758017492712,8.937026239067055,2.1041152819934563,3.066311586026239,3.2504373177842565,"[""DateTimeFormatterBuilder"", ""TestDateTimeFormatterBuilder""]","[0.04256559766763848, 0.01282798833819242]","[7.718950437317784, 1.2180758017492712]"
org.joda.time.TestDateTimeComparator.testMonth,0.04081632653061224,0.02769679300291545,0.014577259475218658,0.0553935860058309,0.021482277121374863,0.024392420598661087,0.013119533527696792,5.746938775510204,4.390379008746356,3.033819241982507,8.780758017492712,3.9712228499873286,4.175544687778857,1.3565597667638483,"[""TestDateTimeComparator"", ""Comparator"", ""DateTime"", ""IllegalArgumentException""]","[0.04081632653061224, 0.014577259475218658]","[5.746938775510204, 3.033819241982507]"
org.joda.time.TestDateTimeComparator.testHour,0.04081632653061224,0.02769679300291545,0.014577259475218658,0.0553935860058309,0.021482277121374863,0.024392420598661087,0.013119533527696792,5.746938775510204,4.390379008746356,3.033819241982507,8.780758017492712,3.9712228499873286,4.175544687778857,1.3565597667638483,"[""TestDateTimeComparator"", ""Comparator"", ""DateTime"", ""IllegalArgumentException""]","[0.04081632653061224, 0.014577259475218658]","[5.746938775510204, 3.033819241982507]"
org.joda.time.TestDateTimeComparator.testDOW,0.04081632653061224,0.02769679300291545,0.014577259475218658,0.0553935860058309,0.021482277121374863,0.024392420598661087,0.013119533527696792,5.746938775510204,4.390379008746356,3.033819241982507,8.780758017492712,3.9712228499873286,4.175544687778857,1.3565597667638483,"[""TestDateTimeComparator"", ""Comparator"", ""DateTime"", ""IllegalArgumentException""]","[0.04081632653061224, 0.014577259475218658]","[5.746938775510204, 3.033819241982507]"
org.joda.time.format.TestDateTimeFormatterBuilder.test_canBuildPrinter,0.04256559766763848,0.02769679300291545,0.01282798833819242,0.0553935860058309,0.019714592603958875,0.023367306016925802,0.014868804664723031,7.718950437317784,4.468513119533528,1.2180758017492712,8.937026239067055,2.1041152819934563,3.066311586026239,3.2504373177842565,"[""DateTimeFormatterBuilder"", ""TestDateTimeFormatterBuilder""]","[0.04256559766763848, 0.01282798833819242]","[7.718950437317784, 1.2180758017492712]"
org.joda.time.TestDateTimeComparator.testListTime,0.04081632653061224,0.02769679300291545,0.014577259475218658,0.0553935860058309,0.021482277121374863,0.024392420598661087,0.013119533527696792,5.746938775510204,4.390379008746356,3.033819241982507,8.780758017492712,3.9712228499873286,4.175544687778857,1.3565597667638483,"[""Collections"", ""ArrayList"", ""IllegalArgumentException"", ""TestDateTimeComparator"", ""DateTime"", ""Long"", ""List""]","[0.04081632653061224, 0.014577259475218658]","[5.746938775510204, 3.033819241982507]"
org.joda.time.TestDateTimeComparator.testNullDT,0.04081632653061224,0.02769679300291545,0.014577259475218658,0.0553935860058309,0.021482277121374863,0.024392420598661087,0.013119533527696792,5.746938775510204,4.390379008746356,3.033819241982507,8.780758017492712,3.9712228499873286,4.175544687778857,1.3565597667638483,"[""TestDateTimeComparator"", ""Comparator"", ""DateTime"", ""IllegalArgumentException""]","[0.04081632653061224, 0.014577259475218658]","[5.746938775510204, 3.033819241982507]"
org.joda.time.format.TestDateTimeFormatterBuilder.test_toFormatter,0.04256559766763848,0.02769679300291545,0.01282798833819242,0.0553935860058309,0.019714592603958875,0.023367306016925802,0.014868804664723031,7.718950437317784,4.468513119533528,1.2180758017492712,8.937026239067055,2.1041152819934563,3.066311586026239,3.2504373177842565,"[""DateTimeFormatterBuilder"", ""TestDateTimeFormatterBuilder""]","[0.04256559766763848, 0.01282798833819242]","[7.718950437317784, 1.2180758017492712]"
org.joda.time.TestDateTimeComparator.testListDOY,0.04081632653061224,0.02769679300291545,0.014577259475218658,0.0553935860058309,0.021482277121374863,0.024392420598661087,0.013119533527696792,5.746938775510204,4.390379008746356,3.033819241982507,8.780758017492712,3.9712228499873286,4.175544687778857,1.3565597667638483,"[""Collections"", ""ArrayList"", ""IllegalArgumentException"", ""TestDateTimeComparator"", ""DateTime"", ""Long"", ""List""]","[0.04081632653061224, 0.014577259475218658]","[5.746938775510204, 3.033819241982507]"
org.joda.time.TestDateTimeComparator.testListSecond,0.04081632653061224,0.02769679300291545,0.014577259475218658,0.0553935860058309,0.021482277121374863,0.024392420598661087,0.013119533527696792,5.746938775510204,4.390379008746356,3.033819241982507,8.780758017492712,3.9712228499873286,4.175544687778857,1.3565597667638483,"[""Collections"", ""ArrayList"", ""IllegalArgumentException"", ""TestDateTimeComparator"", ""DateTime"", ""Long"", ""List""]","[0.04081632653061224, 0.014577259475218658]","[5.746938775510204, 3.033819241982507]"
org.joda.time.TestDateTimeComparator.testListYOYY,0.04081632653061224,0.02769679300291545,0.014577259475218658,0.0553935860058309,0.021482277121374863,0.024392420598661087,0.013119533527696792,5.746938775510204,4.390379008746356,3.033819241982507,8.780758017492712,3.9712228499873286,4.175544687778857,1.3565597667638483,"[""Collections"", ""ArrayList"", ""IllegalArgumentException"", ""TestDateTimeComparator"", ""DateTime"", ""Long"", ""List""]","[0.04081632653061224, 0.014577259475218658]","[5.746938775510204, 3.033819241982507]"
org.joda.time.format.TestDateTimeFormatterBuilder.test_append_nullPrinter,0.04256559766763848,0.02769679300291545,0.01282798833819242,0.0553935860058309,0.019714592603958875,0.023367306016925802,0.014868804664723031,7.718950437317784,4.468513119533528,1.2180758017492712,8.937026239067055,2.1041152819934563,3.066311586026239,3.2504373177842565,"[""DateTimeFormatterBuilder"", ""TestDateTimeFormatterBuilder""]","[0.04256559766763848, 0.01282798833819242]","[7.718950437317784, 1.2180758017492712]"
org.joda.time.TestDateTimeComparator.testMinute,0.04081632653061224,0.02769679300291545,0.014577259475218658,0.0553935860058309,0.021482277121374863,0.024392420598661087,0.013119533527696792,5.746938775510204,4.390379008746356,3.033819241982507,8.780758017492712,3.9712228499873286,4.175544687778857,1.3565597667638483,"[""TestDateTimeComparator"", ""Comparator"", ""DateTime"", ""IllegalArgumentException""]","[0.04081632653061224, 0.014577259475218658]","[5.746938775510204, 3.033819241982507]"
org.joda.time.TestDateTimeComparator.testYear,0.04081632653061224,0.02769679300291545,0.014577259475218658,0.0553935860058309,0.021482277121374863,0.024392420598661087,0.013119533527696792,5.746938775510204,4.390379008746356,3.033819241982507,8.780758017492712,3.9712228499873286,4.175544687778857,1.3565597667638483,"[""TestDateTimeComparator"", ""Comparator"", ""DateTime"", ""IllegalArgumentException""]","[0.04081632653061224, 0.014577259475218658]","[5.746938775510204, 3.033819241982507]"
org.joda.time.TestDateTimeComparator.testListDOM,0.04081632653061224,0.02769679300291545,0.014577259475218658,0.0553935860058309,0.021482277121374863,0.024392420598661087,0.013119533527696792,5.746938775510204,4.390379008746356,3.033819241982507,8.780758017492712,3.9712228499873286,4.175544687778857,1.3565597667638483,"[""Collections"", ""ArrayList"", ""IllegalArgumentException"", ""TestDateTimeComparator"", ""DateTime"", ""Long"", ""List""]","[0.04081632653061224, 0.014577259475218658]","[5.746938775510204, 3.033819241982507]"
org.joda.time.TestDateTimeComparator.testListDOW,0.04081632653061224,0.02769679300291545,0.014577259475218658,0.0553935860058309,0.021482277121374863,0.024392420598661087,0.013119533527696792,5.746938775510204,4.390379008746356,3.033819241982507,8.780758017492712,3.9712228499873286,4.175544687778857,1.3565597667638483,"[""Collections"", ""ArrayList"", ""IllegalArgumentException"", ""TestDateTimeComparator"", ""DateTime"", ""Long"", ""List""]","[0.04081632653061224, 0.014577259475218658]","[5.746938775510204, 3.033819241982507]"
org.joda.time.format.TestDateTimeFormatterBuilder.test_append_nullParser,0.04256559766763848,0.02769679300291545,0.01282798833819242,0.0553935860058309,0.019714592603958875,0.023367306016925802,0.014868804664723031,7.718950437317784,4.468513119533528,1.2180758017492712,8.937026239067055,2.1041152819934563,3.066311586026239,3.2504373177842565,"[""DateTimeFormatterBuilder"", ""TestDateTimeFormatterBuilder""]","[0.04256559766763848, 0.01282798833819242]","[7.718950437317784, 1.2180758017492712]"
org.joda.time.TestDateTimeComparator.testDOM,0.04081632653061224,0.02769679300291545,0.014577259475218658,0.0553935860058309,0.021482277121374863,0.024392420598661087,0.013119533527696792,5.746938775510204,4.390379008746356,3.033819241982507,8.780758017492712,3.9712228499873286,4.175544687778857,1.3565597667638483,"[""TestDateTimeComparator"", ""Comparator"", ""DateTime"", ""IllegalArgumentException""]","[0.04081632653061224, 0.014577259475218658]","[5.746938775510204, 3.033819241982507]"
org.joda.time.TestDateTimeComparator.testListBasic,0.04081632653061224,0.02769679300291545,0.014577259475218658,0.0553935860058309,0.021482277121374863,0.024392420598661087,0.013119533527696792,5.746938775510204,4.390379008746356,3.033819241982507,8.780758017492712,3.9712228499873286,4.175544687778857,1.3565597667638483,"[""Collections"", ""ArrayList"", ""IllegalArgumentException"", ""TestDateTimeComparator"", ""DateTime"", ""Long"", ""List""]","[0.04081632653061224, 0.014577259475218658]","[5.746938775510204, 3.033819241982507]"
org.joda.time.TestDateTimeComparator.testDOY,0.04081632653061224,0.02769679300291545,0.014577259475218658,0.0553935860058309,0.021482277121374863,0.024392420598661087,0.013119533527696792,5.746938775510204,4.390379008746356,3.033819241982507,8.780758017492712,3.9712228499873286,4.175544687778857,1.3565597667638483,"[""TestDateTimeComparator"", ""Comparator"", ""DateTime"", ""IllegalArgumentException""]","[0.04081632653061224, 0.014577259475218658]","[5.746938775510204, 3.033819241982507]"
org.joda.time.TestDateTimeComparator.testListMillis,0.04081632653061224,0.02769679300291545,0.014577259475218658,0.0553935860058309,0.021482277121374863,0.024392420598661087,0.013119533527696792,5.746938775510204,4.390379008746356,3.033819241982507,8.780758017492712,3.9712228499873286,4.175544687778857,1.3565597667638483,"[""Collections"", ""ArrayList"", ""TestDateTimeComparator"", ""DateTime"", ""Long"", ""List""]","[0.04081632653061224, 0.014577259475218658]","[5.746938775510204, 3.033819241982507]"
org.joda.time.TestDateTimeComparator.testBasicComps1,0.04081632653061224,0.02769679300291545,0.014577259475218658,0.0553935860058309,0.021482277121374863,0.024392420598661087,0.013119533527696792,5.746938775510204,4.390379008746356,3.033819241982507,8.780758017492712,3.9712228499873286,4.175544687778857,1.3565597667638483,"[""TestDateTimeComparator"", ""System"", ""Comparator"", ""DateTime""]","[0.04081632653061224, 0.014577259475218658]","[5.746938775510204, 3.033819241982507]"
org.joda.time.TestDateTimeComparator.testListMonth,0.04081632653061224,0.02769679300291545,0.014577259475218658,0.0553935860058309,0.021482277121374863,0.024392420598661087,0.013119533527696792,5.746938775510204,4.390379008746356,3.033819241982507,8.780758017492712,3.9712228499873286,4.175544687778857,1.3565597667638483,"[""Collections"", ""ArrayList"", ""IllegalArgumentException"", ""TestDateTimeComparator"", ""DateTime"", ""Long"", ""List""]","[0.04081632653061224, 0.014577259475218658]","[5.746938775510204, 3.033819241982507]"
org.joda.time.TestDateTimeComparator.testListMinute,0.04081632653061224,0.02769679300291545,0.014577259475218658,0.0553935860058309,0.021482277121374863,0.024392420598661087,0.013119533527696792,5.746938775510204,4.390379008746356,3.033819241982507,8.780758017492712,3.9712228499873286,4.175544687778857,1.3565597667638483,"[""Collections"", ""ArrayList"", ""IllegalArgumentException"", ""TestDateTimeComparator"", ""DateTime"", ""Long"", ""List""]","[0.04081632653061224, 0.014577259475218658]","[5.746938775510204, 3.033819241982507]"
org.joda.time.TestDateTimeComparator.testSecond,0.04081632653061224,0.02769679300291545,0.014577259475218658,0.0553935860058309,0.021482277121374863,0.024392420598661087,0.013119533527696792,5.746938775510204,4.390379008746356,3.033819241982507,8.780758017492712,3.9712228499873286,4.175544687778857,1.3565597667638483,"[""TestDateTimeComparator"", ""Comparator"", ""DateTime"", ""IllegalArgumentException""]","[0.04081632653061224, 0.014577259475218658]","[5.746938775510204, 3.033819241982507]"
org.joda.time.format.TestDateTimeFormatterBuilder.test_append_nullPrinter_Parser,0.04256559766763848,0.02769679300291545,0.01282798833819242,0.0553935860058309,0.019714592603958875,0.023367306016925802,0.014868804664723031,7.718950437317784,4.468513119533528,1.2180758017492712,8.937026239067055,2.1041152819934563,3.066311586026239,3.2504373177842565,"[""DateTimeFormatterBuilder"", ""TestDateTimeFormatterBuilder""]","[0.04256559766763848, 0.01282798833819242]","[7.718950437317784, 1.2180758017492712]"
org.joda.time.format.TestDateTimeFormatterBuilder.test_canBuildFormatter,0.04256559766763848,0.02769679300291545,0.01282798833819242,0.0553935860058309,0.019714592603958875,0.023367306016925802,0.014868804664723031,7.718950437317784,4.468513119533528,1.2180758017492712,8.937026239067055,2.1041152819934563,3.066311586026239,3.2504373177842565,"[""DateTimeFormatterBuilder"", ""TestDateTimeFormatterBuilder""]","[0.04256559766763848, 0.01282798833819242]","[7.718950437317784, 1.2180758017492712]"
org.joda.time.TestDateTimeComparator.testInvalidObj,0.04081632653061224,0.02769679300291545,0.014577259475218658,0.0553935860058309,0.021482277121374863,0.024392420598661087,0.013119533527696792,5.746938775510204,4.390379008746356,3.033819241982507,8.780758017492712,3.9712228499873286,4.175544687778857,1.3565597667638483,"[""TestDateTimeComparator"", ""Comparator"", ""DateTime"", ""IllegalArgumentException""]","[0.04081632653061224, 0.014577259475218658]","[5.746938775510204, 3.033819241982507]"
org.joda.time.TestDateTimeComparator.testListDate,0.04081632653061224,0.02769679300291545,0.014577259475218658,0.0553935860058309,0.021482277121374863,0.024392420598661087,0.013119533527696792,5.746938775510204,4.390379008746356,3.033819241982507,8.780758017492712,3.9712228499873286,4.175544687778857,1.3565597667638483,"[""Collections"", ""ArrayList"", ""IllegalArgumentException"", ""TestDateTimeComparator"", ""DateTime"", ""Long"", ""List""]","[0.04081632653061224, 0.014577259475218658]","[5.746938775510204, 3.033819241982507]"
org.joda.time.format.TestDateTimeFormatterBuilder.test_appendOptional_nullParser,0.04256559766763848,0.02769679300291545,0.01282798833819242,0.0553935860058309,0.019714592603958875,0.023367306016925802,0.014868804664723031,7.718950437317784,4.468513119533528,1.2180758017492712,8.937026239067055,2.1041152819934563,3.066311586026239,3.2504373177842565,"[""DateTimeFormatterBuilder"", ""TestDateTimeFormatterBuilder""]","[0.04256559766763848, 0.01282798833819242]","[7.718950437317784, 1.2180758017492712]"
org.joda.time.format.TestDateTimeFormatterBuilder.test_toPrinter,0.04256559766763848,0.02769679300291545,0.01282798833819242,0.0553935860058309,0.019714592603958875,0.023367306016925802,0.014868804664723031,7.718950437317784,4.468513119533528,1.2180758017492712,8.937026239067055,2.1041152819934563,3.066311586026239,3.2504373177842565,"[""DateTimeFormatterBuilder"", ""TestDateTimeFormatterBuilder""]","[0.04256559766763848, 0.01282798833819242]","[7.718950437317784, 1.2180758017492712]"
org.joda.time.TestDateTimeComparator.testListYear,0.04081632653061224,0.02769679300291545,0.014577259475218658,0.0553935860058309,0.021482277121374863,0.024392420598661087,0.013119533527696792,5.746938775510204,4.390379008746356,3.033819241982507,8.780758017492712,3.9712228499873286,4.175544687778857,1.3565597667638483,"[""Collections"", ""ArrayList"", ""IllegalArgumentException"", ""TestDateTimeComparator"", ""DateTime"", ""Long"", ""List""]","[0.04081632653061224, 0.014577259475218658]","[5.746938775510204, 3.033819241982507]"
org.joda.time.TestDateTimeComparator.testWOYY,0.04081632653061224,0.02769679300291545,0.014577259475218658,0.0553935860058309,0.021482277121374863,0.024392420598661087,0.013119533527696792,5.746938775510204,4.390379008746356,3.033819241982507,8.780758017492712,3.9712228499873286,4.175544687778857,1.3565597667638483,"[""TestDateTimeComparator"", ""Comparator"", ""DateTime"", ""IllegalArgumentException""]","[0.04081632653061224, 0.014577259475218658]","[5.746938775510204, 3.033819241982507]"
org.joda.time.TestYearMonth_Basics.testWithFieldAdded_unknownField,0.029333333333333333,0.01846175587352058,0.012718600953895072,0.055385267620561736,0.015981596948967856,0.017070510086524007,0.0076914615569523585,5.344,3.337934640522876,1.1764705882352942,10.013803921568627,2.2669135145777277,2.8004587750331686,1.7049314580116055,"[""YearMonth"", ""TestYearMonth_Basics"", ""DurationFieldType""]","[0.029333333333333333, 0.013333333333333334, 0.012718600953895072]","[5.344, 3.493333333333333, 1.1764705882352942]"
org.joda.time.TestYearMonth_Basics.testWithFieldAdded,0.029333333333333333,0.01846175587352058,0.012718600953895072,0.055385267620561736,0.015981596948967856,0.017070510086524007,0.0076914615569523585,5.344,3.337934640522876,1.1764705882352942,10.013803921568627,2.2669135145777277,2.8004587750331686,1.7049314580116055,"[""YearMonth"", ""TestYearMonth_Basics"", ""DurationFieldType""]","[0.029333333333333333, 0.013333333333333334, 0.012718600953895072]","[5.344, 3.493333333333333, 1.1764705882352942]"
org.joda.time.TestYearMonth_Basics.testWithFieldAdded_zero,0.029333333333333333,0.01846175587352058,0.012718600953895072,0.055385267620561736,0.015981596948967856,0.017070510086524007,0.0076914615569523585,5.344,3.337934640522876,1.1764705882352942,10.013803921568627,2.2669135145777277,2.8004587750331686,1.7049314580116055,"[""YearMonth"", ""TestYearMonth_Basics"", ""DurationFieldType""]","[0.029333333333333333, 0.013333333333333334, 0.012718600953895072]","[5.344, 3.493333333333333, 1.1764705882352942]"
org.joda.time.TestDateTime_Constructors.testConstructor_invalidObject,0.04081632653061224,0.02756075182116443,0.01430517711171662,0.05512150364232886,0.021185372005044136,0.024163707912281715,0.01325557470944781,5.746938775510204,3.96645303898126,2.1859673024523163,7.93290607796252,3.167217695255313,3.5443786835580444,1.7804857365289437,"[""TestDateTime_Constructors"", ""Object"", ""DateTime""]","[0.04081632653061224, 0.01430517711171662]","[5.746938775510204, 2.1859673024523163]"
org.joda.time.TestDateTime_Constructors.testConstructor_invalidObject_DateTimeZone,0.04081632653061224,0.02756075182116443,0.01430517711171662,0.05512150364232886,0.021185372005044136,0.024163707912281715,0.01325557470944781,5.746938775510204,3.96645303898126,2.1859673024523163,7.93290607796252,3.167217695255313,3.5443786835580444,1.7804857365289437,"[""TestDateTime_Constructors"", ""Object"", ""DateTime""]","[0.04081632653061224, 0.01430517711171662]","[5.746938775510204, 2.1859673024523163]"
org.joda.time.TestDateTime_Constructors.testConstructor_ObjectStringEx1,0.04081632653061224,0.02756075182116443,0.01430517711171662,0.05512150364232886,0.021185372005044136,0.024163707912281715,0.01325557470944781,5.746938775510204,3.96645303898126,2.1859673024523163,7.93290607796252,3.167217695255313,3.5443786835580444,1.7804857365289437,"[""TestDateTime_Constructors"", ""DateTime""]","[0.04081632653061224, 0.01430517711171662]","[5.746938775510204, 2.1859673024523163]"
org.joda.time.TestDateTime_Constructors.testConstructor_ObjectStringEx2,0.04081632653061224,0.02756075182116443,0.01430517711171662,0.05512150364232886,0.021185372005044136,0.024163707912281715,0.01325557470944781,5.746938775510204,3.96645303898126,2.1859673024523163,7.93290607796252,3.167217695255313,3.5443786835580444,1.7804857365289437,"[""TestDateTime_Constructors"", ""DateTime""]","[0.04081632653061224, 0.01430517711171662]","[5.746938775510204, 2.1859673024523163]"
org.joda.time.TestDateTime_Constructors.test_now_nullChronology,0.04081632653061224,0.02756075182116443,0.01430517711171662,0.05512150364232886,0.021185372005044136,0.024163707912281715,0.01325557470944781,5.746938775510204,3.96645303898126,2.1859673024523163,7.93290607796252,3.167217695255313,3.5443786835580444,1.7804857365289437,"[""TestDateTime_Constructors"", ""DateTime""]","[0.04081632653061224, 0.01430517711171662]","[5.746938775510204, 2.1859673024523163]"
org.joda.time.TestDateTime_Constructors.test_now_nullDateTimeZone,0.04081632653061224,0.02756075182116443,0.01430517711171662,0.05512150364232886,0.021185372005044136,0.024163707912281715,0.01325557470944781,5.746938775510204,3.96645303898126,2.1859673024523163,7.93290607796252,3.167217695255313,3.5443786835580444,1.7804857365289437,"[""TestDateTime_Constructors"", ""DateTime""]","[0.04081632653061224, 0.01430517711171662]","[5.746938775510204, 2.1859673024523163]"
org.joda.time.TestYearMonthDay_Properties.testPropertySetTextDay,0.03763440860215054,0.02740264992658631,0.017170891251022075,0.05480529985317262,0.023582257158899493,0.025420785538689726,0.010231758675564232,3.3669354838709675,2.674064634821829,1.98119378577269,5.348129269643658,2.494536433741506,2.5827411131862843,0.6928708490491388,"[""YearMonthDay"", ""TestYearMonthDay_Properties"", ""YearMonthDay$Property""]","[0.03763440860215054, 0.017170891251022075]","[3.3669354838709675, 1.98119378577269]"
org.joda.time.TestYearMonthDay_Properties.testPropertyAddWrapFieldYear,0.03763440860215054,0.02740264992658631,0.017170891251022075,0.05480529985317262,0.023582257158899493,0.025420785538689726,0.010231758675564232,3.3669354838709675,2.674064634821829,1.98119378577269,5.348129269643658,2.494536433741506,2.5827411131862843,0.6928708490491388,"[""YearMonthDay"", ""TestYearMonthDay_Properties"", ""YearMonthDay$Property""]","[0.03763440860215054, 0.017170891251022075]","[3.3669354838709675, 1.98119378577269]"
org.joda.time.TestYearMonthDay_Properties.testPropertyAddDay,0.03763440860215054,0.02740264992658631,0.017170891251022075,0.05480529985317262,0.023582257158899493,0.025420785538689726,0.010231758675564232,3.3669354838709675,2.674064634821829,1.98119378577269,5.348129269643658,2.494536433741506,2.5827411131862843,0.6928708490491388,"[""YearMonthDay"", ""TestYearMonthDay_Properties"", ""YearMonthDay$Property""]","[0.03763440860215054, 0.017170891251022075]","[3.3669354838709675, 1.98119378577269]"
org.joda.time.TestYearMonthDay_Properties.testPropertySetTextMonth,0.03763440860215054,0.02740264992658631,0.017170891251022075,0.05480529985317262,0.023582257158899493,0.025420785538689726,0.010231758675564232,3.3669354838709675,2.674064634821829,1.98119378577269,5.348129269643658,2.494536433741506,2.5827411131862843,0.6928708490491388,"[""YearMonthDay"", ""TestYearMonthDay_Properties"", ""YearMonthDay$Property""]","[0.03763440860215054, 0.017170891251022075]","[3.3669354838709675, 1.98119378577269]"
org.joda.time.TestYearMonthDay_Properties.testPropertyWithMinimumValueDayOfMonth,0.03763440860215054,0.02740264992658631,0.017170891251022075,0.05480529985317262,0.023582257158899493,0.025420785538689726,0.010231758675564232,3.3669354838709675,2.674064634821829,1.98119378577269,5.348129269643658,2.494536433741506,2.5827411131862843,0.6928708490491388,"[""YearMonthDay"", ""TestYearMonthDay_Properties"", ""YearMonthDay$Property""]","[0.03763440860215054, 0.017170891251022075]","[3.3669354838709675, 1.98119378577269]"
org.joda.time.TestYearMonthDay_Properties.testPropertySetYear,0.03763440860215054,0.02740264992658631,0.017170891251022075,0.05480529985317262,0.023582257158899493,0.025420785538689726,0.010231758675564232,3.3669354838709675,2.674064634821829,1.98119378577269,5.348129269643658,2.494536433741506,2.5827411131862843,0.6928708490491388,"[""YearMonthDay"", ""TestYearMonthDay_Properties"", ""YearMonthDay$Property""]","[0.03763440860215054, 0.017170891251022075]","[3.3669354838709675, 1.98119378577269]"
org.joda.time.TestYearMonthDay_Properties.testPropertySetDay,0.03763440860215054,0.02740264992658631,0.017170891251022075,0.05480529985317262,0.023582257158899493,0.025420785538689726,0.010231758675564232,3.3669354838709675,2.674064634821829,1.98119378577269,5.348129269643658,2.494536433741506,2.5827411131862843,0.6928708490491388,"[""YearMonthDay"", ""TestYearMonthDay_Properties"", ""YearMonthDay$Property""]","[0.03763440860215054, 0.017170891251022075]","[3.3669354838709675, 1.98119378577269]"
org.joda.time.TestYearMonthDay_Properties.testPropertyAddYear,0.03763440860215054,0.02740264992658631,0.017170891251022075,0.05480529985317262,0.023582257158899493,0.025420785538689726,0.010231758675564232,3.3669354838709675,2.674064634821829,1.98119378577269,5.348129269643658,2.494536433741506,2.5827411131862843,0.6928708490491388,"[""YearMonthDay"", ""TestYearMonthDay_Properties"", ""YearMonthDay$Property""]","[0.03763440860215054, 0.017170891251022075]","[3.3669354838709675, 1.98119378577269]"
org.joda.time.TestYearMonthDay_Properties.testPropertyAddMonth,0.03763440860215054,0.02740264992658631,0.017170891251022075,0.05480529985317262,0.023582257158899493,0.025420785538689726,0.010231758675564232,3.3669354838709675,2.674064634821829,1.98119378577269,5.348129269643658,2.494536433741506,2.5827411131862843,0.6928708490491388,"[""YearMonthDay"", ""TestYearMonthDay_Properties"", ""YearMonthDay$Property""]","[0.03763440860215054, 0.017170891251022075]","[3.3669354838709675, 1.98119378577269]"
org.joda.time.TestYearMonthDay_Properties.testPropertySetTextYear,0.03763440860215054,0.02740264992658631,0.017170891251022075,0.05480529985317262,0.023582257158899493,0.025420785538689726,0.010231758675564232,3.3669354838709675,2.674064634821829,1.98119378577269,5.348129269643658,2.494536433741506,2.5827411131862843,0.6928708490491388,"[""YearMonthDay"", ""TestYearMonthDay_Properties"", ""YearMonthDay$Property""]","[0.03763440860215054, 0.017170891251022075]","[3.3669354838709675, 1.98119378577269]"
org.joda.time.TestYearMonthDay_Properties.testPropertyGetMaxMinValuesYear,0.03763440860215054,0.02740264992658631,0.017170891251022075,0.05480529985317262,0.023582257158899493,0.025420785538689726,0.010231758675564232,3.3669354838709675,2.674064634821829,1.98119378577269,5.348129269643658,2.494536433741506,2.5827411131862843,0.6928708490491388,"[""YearMonthDay"", ""TestYearMonthDay_Properties"", ""YearMonthDay$Property""]","[0.03763440860215054, 0.017170891251022075]","[3.3669354838709675, 1.98119378577269]"
org.joda.time.TestYearMonthDay_Properties.testPropertyWithMaximumValueDayOfMonth,0.03763440860215054,0.02740264992658631,0.017170891251022075,0.05480529985317262,0.023582257158899493,0.025420785538689726,0.010231758675564232,3.3669354838709675,2.674064634821829,1.98119378577269,5.348129269643658,2.494536433741506,2.5827411131862843,0.6928708490491388,"[""YearMonthDay"", ""TestYearMonthDay_Properties"", ""YearMonthDay$Property""]","[0.03763440860215054, 0.017170891251022075]","[3.3669354838709675, 1.98119378577269]"
org.joda.time.TestYearMonthDay_Properties.testPropertyHashCode,0.03763440860215054,0.02740264992658631,0.017170891251022075,0.05480529985317262,0.023582257158899493,0.025420785538689726,0.010231758675564232,3.3669354838709675,2.674064634821829,1.98119378577269,5.348129269643658,2.494536433741506,2.5827411131862843,0.6928708490491388,"[""YearMonthDay"", ""TestYearMonthDay_Properties"", ""YearMonthDay$Property""]","[0.03763440860215054, 0.017170891251022075]","[3.3669354838709675, 1.98119378577269]"
org.joda.time.TestYearMonthDay_Properties.testPropertySetMonth,0.03763440860215054,0.02740264992658631,0.017170891251022075,0.05480529985317262,0.023582257158899493,0.025420785538689726,0.010231758675564232,3.3669354838709675,2.674064634821829,1.98119378577269,5.348129269643658,2.494536433741506,2.5827411131862843,0.6928708490491388,"[""YearMonthDay"", ""TestYearMonthDay_Properties"", ""YearMonthDay$Property""]","[0.03763440860215054, 0.017170891251022075]","[3.3669354838709675, 1.98119378577269]"
org.joda.time.TestYearMonthDay_Properties.testPropertyAddWrapFieldMonth,0.03763440860215054,0.02740264992658631,0.017170891251022075,0.05480529985317262,0.023582257158899493,0.025420785538689726,0.010231758675564232,3.3669354838709675,2.674064634821829,1.98119378577269,5.348129269643658,2.494536433741506,2.5827411131862843,0.6928708490491388,"[""YearMonthDay"", ""TestYearMonthDay_Properties"", ""YearMonthDay$Property""]","[0.03763440860215054, 0.017170891251022075]","[3.3669354838709675, 1.98119378577269]"
org.joda.time.TestYearMonthDay_Properties.testPropertyGetMaxMinValuesDay,0.03763440860215054,0.02740264992658631,0.017170891251022075,0.05480529985317262,0.023582257158899493,0.025420785538689726,0.010231758675564232,3.3669354838709675,2.674064634821829,1.98119378577269,5.348129269643658,2.494536433741506,2.5827411131862843,0.6928708490491388,"[""YearMonthDay"", ""TestYearMonthDay_Properties"", ""YearMonthDay$Property""]","[0.03763440860215054, 0.017170891251022075]","[3.3669354838709675, 1.98119378577269]"
org.joda.time.TestYearMonthDay_Properties.testPropertyGetMaxMinValuesMonth,0.03763440860215054,0.02740264992658631,0.017170891251022075,0.05480529985317262,0.023582257158899493,0.025420785538689726,0.010231758675564232,3.3669354838709675,2.674064634821829,1.98119378577269,5.348129269643658,2.494536433741506,2.5827411131862843,0.6928708490491388,"[""YearMonthDay"", ""TestYearMonthDay_Properties"", ""YearMonthDay$Property""]","[0.03763440860215054, 0.017170891251022075]","[3.3669354838709675, 1.98119378577269]"
org.joda.time.TestYearMonthDay_Properties.testPropertyAddWrapFieldDay,0.03763440860215054,0.02740264992658631,0.017170891251022075,0.05480529985317262,0.023582257158899493,0.025420785538689726,0.010231758675564232,3.3669354838709675,2.674064634821829,1.98119378577269,5.348129269643658,2.494536433741506,2.5827411131862843,0.6928708490491388,"[""YearMonthDay"", ""TestYearMonthDay_Properties"", ""YearMonthDay$Property""]","[0.03763440860215054, 0.017170891251022075]","[3.3669354838709675, 1.98119378577269]"
org.joda.time.TestStringConvert.testMonthDay,0.03459119496855346,0.027376242645567053,0.020161290322580645,0.054752485291134106,0.025474756831866605,0.026408391173375123,0.007214952322986407,6.022012578616352,3.448506289308176,0.875,6.897012578616352,1.527983586002508,2.295487095648614,2.573506289308176,"[""MonthDay"", ""TestStringConvert"", ""StringConvert""]","[0.03459119496855346, 0.020161290322580645]","[6.022012578616352, 0.875]"
org.joda.time.TestStringConvert.testMonthDay_leapDay,0.03459119496855346,0.027376242645567053,0.020161290322580645,0.054752485291134106,0.025474756831866605,0.026408391173375123,0.007214952322986407,6.022012578616352,3.448506289308176,0.875,6.897012578616352,1.527983586002508,2.295487095648614,2.573506289308176,"[""MonthDay"", ""TestStringConvert"", ""StringConvert""]","[0.03459119496855346, 0.020161290322580645]","[6.022012578616352, 0.875]"
org.joda.time.TestPartial_Constructors.testConstructorEx2_Type_int,0.024134312696747113,0.018156203237371066,0.013641133263378805,0.0544686097121132,0.01717748333500515,0.017647154186679875,0.004406969257669035,3.396642182581322,2.501148855787458,1.9979013641133263,7.503446567362374,2.3638542361999737,2.427877760767387,0.6348288828173628,"[""DateTimeFieldType"", ""TestPartial_Constructors"", ""Partial""]","[0.024134312696747113, 0.016693163751987282, 0.013641133263378805]","[3.396642182581322, 2.1089030206677264, 1.9979013641133263]"
org.joda.time.TestPartial_Constructors.testConstructorEx2_Type_int_Chrono,0.024134312696747113,0.018156203237371066,0.013641133263378805,0.0544686097121132,0.01717748333500515,0.017647154186679875,0.004406969257669035,3.396642182581322,2.501148855787458,1.9979013641133263,7.503446567362374,2.3638542361999737,2.427877760767387,0.6348288828173628,"[""DateTimeFieldType"", ""TestPartial_Constructors"", ""Partial""]","[0.024134312696747113, 0.016693163751987282, 0.013641133263378805]","[3.396642182581322, 2.1089030206677264, 1.9979013641133263]"
org.joda.time.TestPartial_Constructors.testConstructorEx8_TypeArray_intArray,0.024134312696747113,0.018156203237371066,0.013641133263378805,0.0544686097121132,0.01717748333500515,0.017647154186679875,0.004406969257669035,3.396642182581322,2.501148855787458,1.9979013641133263,7.503446567362374,2.3638542361999737,2.427877760767387,0.6348288828173628,"[""DateTimeFieldType"", ""TestPartial_Constructors"", ""Partial""]","[0.024134312696747113, 0.016693163751987282, 0.013641133263378805]","[3.396642182581322, 2.1089030206677264, 1.9979013641133263]"
org.joda.time.TestPartial_Constructors.testConstructor_Type_int_Chrono,0.024134312696747113,0.018156203237371066,0.013641133263378805,0.0544686097121132,0.01717748333500515,0.017647154186679875,0.004406969257669035,3.396642182581322,2.501148855787458,1.9979013641133263,7.503446567362374,2.3638542361999737,2.427877760767387,0.6348288828173628,"[""DateTimeFieldType"", ""TestPartial_Constructors"", ""Partial""]","[0.024134312696747113, 0.016693163751987282, 0.013641133263378805]","[3.396642182581322, 2.1089030206677264, 1.9979013641133263]"
org.joda.time.TestPartial_Constructors.testConstructorEx6_TypeArray_intArray,0.024134312696747113,0.018156203237371066,0.013641133263378805,0.0544686097121132,0.01717748333500515,0.017647154186679875,0.004406969257669035,3.396642182581322,2.501148855787458,1.9979013641133263,7.503446567362374,2.3638542361999737,2.427877760767387,0.6348288828173628,"[""DateTimeFieldType"", ""TestPartial_Constructors"", ""Partial""]","[0.024134312696747113, 0.016693163751987282, 0.013641133263378805]","[3.396642182581322, 2.1089030206677264, 1.9979013641133263]"
org.joda.time.TestPartial_Constructors.testConstructorEx7_TypeArray_intArray,0.024134312696747113,0.018156203237371066,0.013641133263378805,0.0544686097121132,0.01717748333500515,0.017647154186679875,0.004406969257669035,3.396642182581322,2.501148855787458,1.9979013641133263,7.503446567362374,2.3638542361999737,2.427877760767387,0.6348288828173628,"[""DateTimeFieldType"", ""TestPartial_Constructors"", ""Partial""]","[0.024134312696747113, 0.016693163751987282, 0.013641133263378805]","[3.396642182581322, 2.1089030206677264, 1.9979013641133263]"
org.joda.time.TestPartial_Constructors.testConstructorEx9_TypeArray_intArray,0.024134312696747113,0.018156203237371066,0.013641133263378805,0.0544686097121132,0.01717748333500515,0.017647154186679875,0.004406969257669035,3.396642182581322,2.501148855787458,1.9979013641133263,7.503446567362374,2.3638542361999737,2.427877760767387,0.6348288828173628,"[""DateTimeFieldType"", ""TestPartial_Constructors"", ""Partial""]","[0.024134312696747113, 0.016693163751987282, 0.013641133263378805]","[3.396642182581322, 2.1089030206677264, 1.9979013641133263]"
org.joda.time.TestPartial_Constructors.testConstructorEx3_TypeArray_intArray,0.024134312696747113,0.018156203237371066,0.013641133263378805,0.0544686097121132,0.01717748333500515,0.017647154186679875,0.004406969257669035,3.396642182581322,2.501148855787458,1.9979013641133263,7.503446567362374,2.3638542361999737,2.427877760767387,0.6348288828173628,"[""DateTimeFieldType"", ""TestPartial_Constructors"", ""Partial""]","[0.024134312696747113, 0.016693163751987282, 0.013641133263378805]","[3.396642182581322, 2.1089030206677264, 1.9979013641133263]"
org.joda.time.TestPartial_Constructors.testConstructorEx5_TypeArray_intArray,0.024134312696747113,0.018156203237371066,0.013641133263378805,0.0544686097121132,0.01717748333500515,0.017647154186679875,0.004406969257669035,3.396642182581322,2.501148855787458,1.9979013641133263,7.503446567362374,2.3638542361999737,2.427877760767387,0.6348288828173628,"[""DateTimeFieldType"", ""TestPartial_Constructors"", ""Partial""]","[0.024134312696747113, 0.016693163751987282, 0.013641133263378805]","[3.396642182581322, 2.1089030206677264, 1.9979013641133263]"
org.joda.time.TestPartial_Constructors.testConstructor_Type_int,0.024134312696747113,0.018156203237371066,0.013641133263378805,0.0544686097121132,0.01717748333500515,0.017647154186679875,0.004406969257669035,3.396642182581322,2.501148855787458,1.9979013641133263,7.503446567362374,2.3638542361999737,2.427877760767387,0.6348288828173628,"[""DateTimeFieldType"", ""TestPartial_Constructors"", ""Partial""]","[0.024134312696747113, 0.016693163751987282, 0.013641133263378805]","[3.396642182581322, 2.1089030206677264, 1.9979013641133263]"
org.joda.time.TestBasePartial.testSetMethods,0.023993808049535603,0.01810683649334099,0.011084718923198733,0.05432050948002297,0.0163166383304668,0.017232881180723716,0.0053308887859757565,2.2746355685131197,1.3042701052822443,0.5352335708630246,3.9128103158467327,0.9332302598886397,1.1032379027302885,0.7242374521014601,"[""TestBasePartial"", ""IndexOutOfBoundsException"", ""TestBasePartial$MockPartial"", ""BasePartial"", ""Chronology""]","[0.023993808049535603, 0.01924198250728863, 0.011084718923198733]","[1.1029411764705883, 2.2746355685131197, 0.5352335708630246]"
org.joda.time.TestSerialization.testSerializedPeriodType,0.022244691607684528,0.01353106332214268,0.006006006006006006,0.05412425328857072,0.009339512505748753,0.011236616406194144,0.00757184509124417,3.7277409860191315,1.5518564821995273,0.07507507507507508,6.207425928798109,0.15436831688812133,0.48340420622864677,1.5540724730531617,"[""StringBuilder"", ""ByteArrayOutputStream"", ""ObjectInputStream"", ""TestSerialization"", ""FileInputStream"", ""PeriodType"", ""ObjectOutputStream"", ""ByteArrayInputStream""]","[0.022244691607684528, 0.019867549668874173, 0.006006006006006006, 0.006006006006006006]","[2.320525783619818, 3.7277409860191315, 0.08408408408408409, 0.07507507507507508]"
org.joda.time.TestYearMonth_Properties.testPropertyEqualsHashCodeLenient,0.029333333333333333,0.018036798647682206,0.008777062609713282,0.05411039594304662,0.014250140342291249,0.016030369469865358,0.008514751046041207,5.344,2.611464534165529,0.5330602691632533,7.834393602496587,1.1655077700225411,1.7732468020781071,2.01778773154537,"[""LenientChronology"", ""TestYearMonth_Properties"", ""YearMonth"", ""YearMonth$Property""]","[0.029333333333333333, 0.016, 0.008777062609713282]","[5.344, 1.9573333333333334, 0.5330602691632533]"
org.joda.time.field.TestOffsetDateTimeField.test_constructor2,0.016693163751987282,0.013516155399980058,0.009912536443148687,0.05406462159992023,0.01291727746165246,0.013217393057613108,0.002796545952606074,2.1089030206677264,1.3534300563733674,0.6524781341107871,5.41372022549347,1.013678849567143,1.1712669498398298,0.6792544980564376,"[""DateTimeFieldType"", ""TestOffsetDateTimeField"", ""OffsetDateTimeField"", ""ISOChronology""]","[0.016693163751987282, 0.01574344023323615, 0.011715481171548118, 0.009912536443148687]","[2.1089030206677264, 0.7008746355685131, 1.9514644351464434, 0.6524781341107871]"
org.joda.time.field.TestOffsetDateTimeField.test_getType,0.016693163751987282,0.013516155399980058,0.009912536443148687,0.05406462159992023,0.01291727746165246,0.013217393057613108,0.002796545952606074,2.1089030206677264,1.3534300563733674,0.6524781341107871,5.41372022549347,1.013678849567143,1.1712669498398298,0.6792544980564376,"[""OffsetDateTimeField"", ""TestOffsetDateTimeField"", ""DateTimeFieldType"", ""ISOChronology""]","[0.016693163751987282, 0.01574344023323615, 0.011715481171548118, 0.009912536443148687]","[2.1089030206677264, 0.7008746355685131, 1.9514644351464434, 0.6524781341107871]"
org.joda.time.TestMutableInterval_Updates.testSetInterval_RInterval1,0.022713687985654513,0.018018042365912323,0.01281085154483798,0.054054127097736965,0.01704033457802637,0.01753518971880714,0.004058965489148306,1.5499103407053199,1.3854282137823521,1.2755528989838614,4.156284641347057,1.3757757092215435,1.380516522426386,0.11847483390938439,"[""MutableInterval"", ""TestMutableInterval_Updates"", ""Interval""]","[0.022713687985654513, 0.01852958756724447, 0.01281085154483798]","[1.5499103407053199, 1.2755528989838614, 1.330821401657875]"
org.joda.time.TestMutableDateTime_Basics.testToString_String_String,0.03498542274052478,0.027019881447891185,0.019054340155257588,0.05403976289578237,0.024671616219303256,0.02581906554028327,0.007965541292633598,4.066472303206997,3.271062545393195,2.475652787579393,6.54212509078639,3.077646285677696,3.172880945300154,0.7954097578138022,"[""TestMutableDateTime_Basics"", ""MutableDateTime""]","[0.03498542274052478, 0.019054340155257588]","[4.066472303206997, 2.475652787579393]"
org.joda.time.TestMutableDateTime_Basics.testClone,0.03498542274052478,0.027019881447891185,0.019054340155257588,0.05403976289578237,0.024671616219303256,0.02581906554028327,0.007965541292633598,4.066472303206997,3.271062545393195,2.475652787579393,6.54212509078639,3.077646285677696,3.172880945300154,0.7954097578138022,"[""TestMutableDateTime_Basics"", ""MutableDateTime""]","[0.03498542274052478, 0.019054340155257588]","[4.066472303206997, 2.475652787579393]"
org.joda.time.TestMutableDateTime_Basics.testCopy,0.03498542274052478,0.027019881447891185,0.019054340155257588,0.05403976289578237,0.024671616219303256,0.02581906554028327,0.007965541292633598,4.066472303206997,3.271062545393195,2.475652787579393,6.54212509078639,3.077646285677696,3.172880945300154,0.7954097578138022,"[""TestMutableDateTime_Basics"", ""MutableDateTime""]","[0.03498542274052478, 0.019054340155257588]","[4.066472303206997, 2.475652787579393]"
org.joda.time.TestMutableDateTime_Basics.testToString,0.03498542274052478,0.027019881447891185,0.019054340155257588,0.05403976289578237,0.024671616219303256,0.02581906554028327,0.007965541292633598,4.066472303206997,3.271062545393195,2.475652787579393,6.54212509078639,3.077646285677696,3.172880945300154,0.7954097578138022,"[""TestMutableDateTime_Basics"", ""MutableDateTime""]","[0.03498542274052478, 0.019054340155257588]","[4.066472303206997, 2.475652787579393]"
org.joda.time.TestMutableDateTime_Basics.testToString_String,0.03498542274052478,0.027019881447891185,0.019054340155257588,0.05403976289578237,0.024671616219303256,0.02581906554028327,0.007965541292633598,4.066472303206997,3.271062545393195,2.475652787579393,6.54212509078639,3.077646285677696,3.172880945300154,0.7954097578138022,"[""TestMutableDateTime_Basics"", ""MutableDateTime""]","[0.03498542274052478, 0.019054340155257588]","[4.066472303206997, 2.475652787579393]"
org.joda.time.convert.TestNullConverter.testGetPeriodType_Object,0.020463847203274217,0.017891208341416595,0.0133422281521014,0.053673625024249785,0.017226528854435832,0.017570602408726148,0.0032258134126107877,3.7277409860191315,1.6011607495751399,0.3322214809873249,4.80348224872542,0.6488937171416249,0.9728711439257657,1.5130651450112387,"[""PeriodType"", ""TestNullConverter"", ""NullConverter""]","[0.020463847203274217, 0.019867549668874173, 0.0133422281521014]","[0.7435197817189632, 3.7277409860191315, 0.3322214809873249]"
org.joda.time.chrono.TestJulianChronology.testDateFields,0.01924198250728863,0.017881438289601554,0.01574344023323615,0.053644314868804666,0.017742873944821103,0.017813329573152726,0.0015304194118584671,1.8169096209912536,1.348493683187561,0.8128279883381925,4.0454810495626825,1.2062724358116632,1.278710340967746,0.4126636068477051,"[""TestJulianChronology"", ""DateTimeField"", ""JulianChronology""]","[0.01924198250728863, 0.018658892128279883, 0.01574344023323615]","[1.415743440233236, 0.8128279883381925, 1.8169096209912536]"
org.joda.time.chrono.TestJulianChronology.testTimeFields,0.01924198250728863,0.017881438289601554,0.01574344023323615,0.053644314868804666,0.017742873944821103,0.017813329573152726,0.0015304194118584671,1.8169096209912536,1.348493683187561,0.8128279883381925,4.0454810495626825,1.2062724358116632,1.278710340967746,0.4126636068477051,"[""TestJulianChronology"", ""DateTimeField"", ""JulianChronology""]","[0.01924198250728863, 0.018658892128279883, 0.01574344023323615]","[1.415743440233236, 0.8128279883381925, 1.8169096209912536]"
org.joda.time.TestYearMonth_Properties.testPropertyEqualsHashCodeStrict,0.029333333333333333,0.0178417528119108,0.008191925102399064,0.0535252584357324,0.013719783809467244,0.015665915908775037,0.008728643482309256,5.344,2.6106843508224435,0.5307197191339965,7.83205305246733,1.1617736195095738,1.7706476824830952,2.0185914940181964,"[""YearMonth$Property"", ""TestYearMonth_Properties"", ""YearMonth"", ""StrictChronology""]","[0.029333333333333333, 0.016, 0.008191925102399064]","[5.344, 1.9573333333333334, 0.5307197191339965]"
org.joda.time.TestMonthDay_Properties.testPropertySetTextMonthOfYear,0.03459119496855346,0.026729559748427674,0.018867924528301886,0.05345911949685535,0.0244173140954495,0.025547290580616222,0.007861635220125786,6.022012578616352,4.10062893081761,2.1792452830188678,8.20125786163522,3.200348709341359,3.622629225608104,1.9213836477987423,"[""MonthDay$Property"", ""MonthDay"", ""TestMonthDay_Properties""]","[0.03459119496855346, 0.018867924528301886]","[6.022012578616352, 2.1792452830188678]"
org.joda.time.TestMonthDay_Basics.testToString_String,0.03459119496855346,0.026729559748427674,0.018867924528301886,0.05345911949685535,0.0244173140954495,0.025547290580616222,0.007861635220125786,6.022012578616352,5.215408805031446,4.408805031446541,10.430817610062892,5.090661221115542,5.152657504243623,0.8066037735849059,"[""MonthDay"", ""TestMonthDay_Basics""]","[0.03459119496855346, 0.018867924528301886]","[6.022012578616352, 4.408805031446541]"
org.joda.time.TestMonthDay_Properties.testPropertySetDayOfMonth,0.03459119496855346,0.026729559748427674,0.018867924528301886,0.05345911949685535,0.0244173140954495,0.025547290580616222,0.007861635220125786,6.022012578616352,4.10062893081761,2.1792452830188678,8.20125786163522,3.200348709341359,3.622629225608104,1.9213836477987423,"[""MonthDay$Property"", ""MonthDay"", ""TestMonthDay_Properties""]","[0.03459119496855346, 0.018867924528301886]","[6.022012578616352, 2.1792452830188678]"
org.joda.time.TestMonthDay_Basics.testWithers,0.03459119496855346,0.026729559748427674,0.018867924528301886,0.05345911949685535,0.0244173140954495,0.025547290580616222,0.007861635220125786,6.022012578616352,5.215408805031446,4.408805031446541,10.430817610062892,5.090661221115542,5.152657504243623,0.8066037735849059,"[""MonthDay"", ""TestMonthDay_Basics""]","[0.03459119496855346, 0.018867924528301886]","[6.022012578616352, 4.408805031446541]"
org.joda.time.TestMonthDay_Basics.testPlusMonths_int_adjust,0.03459119496855346,0.026729559748427674,0.018867924528301886,0.05345911949685535,0.0244173140954495,0.025547290580616222,0.007861635220125786,6.022012578616352,5.215408805031446,4.408805031446541,10.430817610062892,5.090661221115542,5.152657504243623,0.8066037735849059,"[""MonthDay"", ""TestMonthDay_Basics""]","[0.03459119496855346, 0.018867924528301886]","[6.022012578616352, 4.408805031446541]"
org.joda.time.TestMonthDay_Properties.testPropertySetTextDayOfMonth,0.03459119496855346,0.026729559748427674,0.018867924528301886,0.05345911949685535,0.0244173140954495,0.025547290580616222,0.007861635220125786,6.022012578616352,4.10062893081761,2.1792452830188678,8.20125786163522,3.200348709341359,3.622629225608104,1.9213836477987423,"[""MonthDay$Property"", ""MonthDay"", ""TestMonthDay_Properties""]","[0.03459119496855346, 0.018867924528301886]","[6.022012578616352, 2.1792452830188678]"
org.joda.time.TestMonthDay_Properties.testPropertyAddWrapFieldDayOfMonth,0.03459119496855346,0.026729559748427674,0.018867924528301886,0.05345911949685535,0.0244173140954495,0.025547290580616222,0.007861635220125786,6.022012578616352,4.10062893081761,2.1792452830188678,8.20125786163522,3.200348709341359,3.622629225608104,1.9213836477987423,"[""MonthDay$Property"", ""MonthDay"", ""TestMonthDay_Properties""]","[0.03459119496855346, 0.018867924528301886]","[6.022012578616352, 2.1792452830188678]"
org.joda.time.TestMonthDay_Basics.testMinusMonths_int_adjust,0.03459119496855346,0.026729559748427674,0.018867924528301886,0.05345911949685535,0.0244173140954495,0.025547290580616222,0.007861635220125786,6.022012578616352,5.215408805031446,4.408805031446541,10.430817610062892,5.090661221115542,5.152657504243623,0.8066037735849059,"[""MonthDay"", ""TestMonthDay_Basics""]","[0.03459119496855346, 0.018867924528301886]","[6.022012578616352, 4.408805031446541]"
org.joda.time.TestMonthDay_Properties.testPropertyAddWrapFieldMonthOfYear,0.03459119496855346,0.026729559748427674,0.018867924528301886,0.05345911949685535,0.0244173140954495,0.025547290580616222,0.007861635220125786,6.022012578616352,4.10062893081761,2.1792452830188678,8.20125786163522,3.200348709341359,3.622629225608104,1.9213836477987423,"[""MonthDay$Property"", ""MonthDay"", ""TestMonthDay_Properties""]","[0.03459119496855346, 0.018867924528301886]","[6.022012578616352, 2.1792452830188678]"
org.joda.time.TestMonthDay_Properties.testPropertyHashCode,0.03459119496855346,0.026729559748427674,0.018867924528301886,0.05345911949685535,0.0244173140954495,0.025547290580616222,0.007861635220125786,6.022012578616352,4.10062893081761,2.1792452830188678,8.20125786163522,3.200348709341359,3.622629225608104,1.9213836477987423,"[""MonthDay"", ""MonthDay$Property"", ""TestMonthDay_Properties""]","[0.03459119496855346, 0.018867924528301886]","[6.022012578616352, 2.1792452830188678]"
org.joda.time.TestMonthDay_Properties.testPropertyAddDayOfMonth,0.03459119496855346,0.026729559748427674,0.018867924528301886,0.05345911949685535,0.0244173140954495,0.025547290580616222,0.007861635220125786,6.022012578616352,4.10062893081761,2.1792452830188678,8.20125786163522,3.200348709341359,3.622629225608104,1.9213836477987423,"[""MonthDay$Property"", ""MonthDay"", ""TestMonthDay_Properties""]","[0.03459119496855346, 0.018867924528301886]","[6.022012578616352, 2.1792452830188678]"
org.joda.time.TestMonthDay_Basics.testWithFieldAdded_nullField_nonZero,0.03459119496855346,0.026729559748427674,0.018867924528301886,0.05345911949685535,0.0244173140954495,0.025547290580616222,0.007861635220125786,6.022012578616352,5.215408805031446,4.408805031446541,10.430817610062892,5.090661221115542,5.152657504243623,0.8066037735849059,"[""MonthDay"", ""TestMonthDay_Basics""]","[0.03459119496855346, 0.018867924528301886]","[6.022012578616352, 4.408805031446541]"
org.joda.time.TestMonthDay_Basics.testMinusMonths_int_wrap,0.03459119496855346,0.026729559748427674,0.018867924528301886,0.05345911949685535,0.0244173140954495,0.025547290580616222,0.007861635220125786,6.022012578616352,5.215408805031446,4.408805031446541,10.430817610062892,5.090661221115542,5.152657504243623,0.8066037735849059,"[""MonthDay"", ""TestMonthDay_Basics""]","[0.03459119496855346, 0.018867924528301886]","[6.022012578616352, 4.408805031446541]"
org.joda.time.TestMonthDay_Basics.testWithField_nullField,0.03459119496855346,0.026729559748427674,0.018867924528301886,0.05345911949685535,0.0244173140954495,0.025547290580616222,0.007861635220125786,6.022012578616352,5.215408805031446,4.408805031446541,10.430817610062892,5.090661221115542,5.152657504243623,0.8066037735849059,"[""MonthDay"", ""TestMonthDay_Basics""]","[0.03459119496855346, 0.018867924528301886]","[6.022012578616352, 4.408805031446541]"
org.joda.time.TestMonthDay_Basics.testToString_String_Locale,0.03459119496855346,0.026729559748427674,0.018867924528301886,0.05345911949685535,0.0244173140954495,0.025547290580616222,0.007861635220125786,6.022012578616352,5.215408805031446,4.408805031446541,10.430817610062892,5.090661221115542,5.152657504243623,0.8066037735849059,"[""MonthDay"", ""TestMonthDay_Basics""]","[0.03459119496855346, 0.018867924528301886]","[6.022012578616352, 4.408805031446541]"
org.joda.time.TestMonthDay_Basics.testWithChronologyRetainFields_Chrono,0.03459119496855346,0.026729559748427674,0.018867924528301886,0.05345911949685535,0.0244173140954495,0.025547290580616222,0.007861635220125786,6.022012578616352,5.215408805031446,4.408805031446541,10.430817610062892,5.090661221115542,5.152657504243623,0.8066037735849059,"[""MonthDay"", ""TestMonthDay_Basics""]","[0.03459119496855346, 0.018867924528301886]","[6.022012578616352, 4.408805031446541]"
org.joda.time.TestMonthDay_Basics.testToString,0.03459119496855346,0.026729559748427674,0.018867924528301886,0.05345911949685535,0.0244173140954495,0.025547290580616222,0.007861635220125786,6.022012578616352,5.215408805031446,4.408805031446541,10.430817610062892,5.090661221115542,5.152657504243623,0.8066037735849059,"[""MonthDay"", ""TestMonthDay_Basics""]","[0.03459119496855346, 0.018867924528301886]","[6.022012578616352, 4.408805031446541]"
org.joda.time.TestMonthDay_Properties.testPropertyGetMaxMinValuesMonthOfYear,0.03459119496855346,0.026729559748427674,0.018867924528301886,0.05345911949685535,0.0244173140954495,0.025547290580616222,0.007861635220125786,6.022012578616352,4.10062893081761,2.1792452830188678,8.20125786163522,3.200348709341359,3.622629225608104,1.9213836477987423,"[""MonthDay"", ""MonthDay$Property"", ""TestMonthDay_Properties""]","[0.03459119496855346, 0.018867924528301886]","[6.022012578616352, 2.1792452830188678]"
org.joda.time.TestMonthDay_Basics.testSize,0.03459119496855346,0.026729559748427674,0.018867924528301886,0.05345911949685535,0.0244173140954495,0.025547290580616222,0.007861635220125786,6.022012578616352,5.215408805031446,4.408805031446541,10.430817610062892,5.090661221115542,5.152657504243623,0.8066037735849059,"[""MonthDay"", ""TestMonthDay_Basics""]","[0.03459119496855346, 0.018867924528301886]","[6.022012578616352, 4.408805031446541]"
org.joda.time.TestMonthDay_Basics.testGetValue,0.03459119496855346,0.026729559748427674,0.018867924528301886,0.05345911949685535,0.0244173140954495,0.025547290580616222,0.007861635220125786,6.022012578616352,5.215408805031446,4.408805031446541,10.430817610062892,5.090661221115542,5.152657504243623,0.8066037735849059,"[""MonthDay"", ""TestMonthDay_Basics""]","[0.03459119496855346, 0.018867924528301886]","[6.022012578616352, 4.408805031446541]"
org.joda.time.TestMonthDay_Basics.testMinusMonths_int_same,0.03459119496855346,0.026729559748427674,0.018867924528301886,0.05345911949685535,0.0244173140954495,0.025547290580616222,0.007861635220125786,6.022012578616352,5.215408805031446,4.408805031446541,10.430817610062892,5.090661221115542,5.152657504243623,0.8066037735849059,"[""MonthDay"", ""TestMonthDay_Basics""]","[0.03459119496855346, 0.018867924528301886]","[6.022012578616352, 4.408805031446541]"
org.joda.time.TestMonthDay_Properties.testPropertyGetMaxMinValuesDayOfMonth,0.03459119496855346,0.026729559748427674,0.018867924528301886,0.05345911949685535,0.0244173140954495,0.025547290580616222,0.007861635220125786,6.022012578616352,4.10062893081761,2.1792452830188678,8.20125786163522,3.200348709341359,3.622629225608104,1.9213836477987423,"[""MonthDay"", ""MonthDay$Property"", ""TestMonthDay_Properties""]","[0.03459119496855346, 0.018867924528301886]","[6.022012578616352, 2.1792452830188678]"
org.joda.time.TestMonthDay_Basics.testGetValues,0.03459119496855346,0.026729559748427674,0.018867924528301886,0.05345911949685535,0.0244173140954495,0.025547290580616222,0.007861635220125786,6.022012578616352,5.215408805031446,4.408805031446541,10.430817610062892,5.090661221115542,5.152657504243623,0.8066037735849059,"[""MonthDay"", ""TestMonthDay_Basics""]","[0.03459119496855346, 0.018867924528301886]","[6.022012578616352, 4.408805031446541]"
org.joda.time.TestMonthDay_Basics.testWithChronologyRetainFields_sameChrono,0.03459119496855346,0.026729559748427674,0.018867924528301886,0.05345911949685535,0.0244173140954495,0.025547290580616222,0.007861635220125786,6.022012578616352,5.215408805031446,4.408805031446541,10.430817610062892,5.090661221115542,5.152657504243623,0.8066037735849059,"[""MonthDay"", ""TestMonthDay_Basics""]","[0.03459119496855346, 0.018867924528301886]","[6.022012578616352, 4.408805031446541]"
org.joda.time.TestMonthDay_Properties.testPropertyAddMonthOfYear,0.03459119496855346,0.026729559748427674,0.018867924528301886,0.05345911949685535,0.0244173140954495,0.025547290580616222,0.007861635220125786,6.022012578616352,4.10062893081761,2.1792452830188678,8.20125786163522,3.200348709341359,3.622629225608104,1.9213836477987423,"[""MonthDay$Property"", ""MonthDay"", ""TestMonthDay_Properties""]","[0.03459119496855346, 0.018867924528301886]","[6.022012578616352, 2.1792452830188678]"
org.joda.time.TestMonthDay_Basics.testPlusMonths_int_same,0.03459119496855346,0.026729559748427674,0.018867924528301886,0.05345911949685535,0.0244173140954495,0.025547290580616222,0.007861635220125786,6.022012578616352,5.215408805031446,4.408805031446541,10.430817610062892,5.090661221115542,5.152657504243623,0.8066037735849059,"[""MonthDay"", ""TestMonthDay_Basics""]","[0.03459119496855346, 0.018867924528301886]","[6.022012578616352, 4.408805031446541]"
org.joda.time.TestMonthDay_Basics.testPlusMonths_int_wrap,0.03459119496855346,0.026729559748427674,0.018867924528301886,0.05345911949685535,0.0244173140954495,0.025547290580616222,0.007861635220125786,6.022012578616352,5.215408805031446,4.408805031446541,10.430817610062892,5.090661221115542,5.152657504243623,0.8066037735849059,"[""MonthDay"", ""TestMonthDay_Basics""]","[0.03459119496855346, 0.018867924528301886]","[6.022012578616352, 4.408805031446541]"
org.joda.time.TestMonthDay_Basics.testWithChronologyRetainFields_nullChrono,0.03459119496855346,0.026729559748427674,0.018867924528301886,0.05345911949685535,0.0244173140954495,0.025547290580616222,0.007861635220125786,6.022012578616352,5.215408805031446,4.408805031446541,10.430817610062892,5.090661221115542,5.152657504243623,0.8066037735849059,"[""MonthDay"", ""TestMonthDay_Basics""]","[0.03459119496855346, 0.018867924528301886]","[6.022012578616352, 4.408805031446541]"
org.joda.time.TestMonthDay_Properties.testPropertySetMonthOfYear,0.03459119496855346,0.026729559748427674,0.018867924528301886,0.05345911949685535,0.0244173140954495,0.025547290580616222,0.007861635220125786,6.022012578616352,4.10062893081761,2.1792452830188678,8.20125786163522,3.200348709341359,3.622629225608104,1.9213836477987423,"[""MonthDay$Property"", ""MonthDay"", ""TestMonthDay_Properties""]","[0.03459119496855346, 0.018867924528301886]","[6.022012578616352, 2.1792452830188678]"
org.joda.time.TestMonthDay_Basics.testWithFieldAdded_nullField_zero,0.03459119496855346,0.026729559748427674,0.018867924528301886,0.05345911949685535,0.0244173140954495,0.025547290580616222,0.007861635220125786,6.022012578616352,5.215408805031446,4.408805031446541,10.430817610062892,5.090661221115542,5.152657504243623,0.8066037735849059,"[""MonthDay"", ""TestMonthDay_Basics""]","[0.03459119496855346, 0.018867924528301886]","[6.022012578616352, 4.408805031446541]"
org.joda.time.TestPartial_Properties.testPropertyWithMaximumValueHour,0.024134312696747113,0.017806430589592123,0.012591815320041973,0.05341929176877637,0.016596940046560774,0.017182537937726512,0.004777505186572748,3.396642182581322,2.433992507413901,1.7964323189926548,7.301977522241703,2.2637281733915278,2.343360413622743,0.6925461634077946,"[""TestPartial_Properties"", ""Partial"", ""DateTimeFieldType"", ""Partial$Property""]","[0.024134312696747113, 0.016693163751987282, 0.012591815320041973]","[3.396642182581322, 2.1089030206677264, 1.7964323189926548]"
org.joda.time.TestPartial_Properties.testPropertySetHour,0.024134312696747113,0.017806430589592123,0.012591815320041973,0.05341929176877637,0.016596940046560774,0.017182537937726512,0.004777505186572748,3.396642182581322,2.433992507413901,1.7964323189926548,7.301977522241703,2.2637281733915278,2.343360413622743,0.6925461634077946,"[""TestPartial_Properties"", ""Partial"", ""DateTimeFieldType"", ""Partial$Property""]","[0.024134312696747113, 0.016693163751987282, 0.012591815320041973]","[3.396642182581322, 2.1089030206677264, 1.7964323189926548]"
org.joda.time.TestPartial_Properties.testPropertyGetMaxMinValuesHour,0.024134312696747113,0.017806430589592123,0.012591815320041973,0.05341929176877637,0.016596940046560774,0.017182537937726512,0.004777505186572748,3.396642182581322,2.433992507413901,1.7964323189926548,7.301977522241703,2.2637281733915278,2.343360413622743,0.6925461634077946,"[""DateTimeFieldType"", ""TestPartial_Properties"", ""Partial"", ""Partial$Property""]","[0.024134312696747113, 0.016693163751987282, 0.012591815320041973]","[3.396642182581322, 2.1089030206677264, 1.7964323189926548]"
org.joda.time.TestPartial_Properties.testPropertyGetMaxMinValuesMinute,0.024134312696747113,0.017806430589592123,0.012591815320041973,0.05341929176877637,0.016596940046560774,0.017182537937726512,0.004777505186572748,3.396642182581322,2.433992507413901,1.7964323189926548,7.301977522241703,2.2637281733915278,2.343360413622743,0.6925461634077946,"[""DateTimeFieldType"", ""TestPartial_Properties"", ""Partial"", ""Partial$Property""]","[0.024134312696747113, 0.016693163751987282, 0.012591815320041973]","[3.396642182581322, 2.1089030206677264, 1.7964323189926548]"
org.joda.time.TestPartial_Properties.testPropertyAddWrapFieldMinute,0.024134312696747113,0.017806430589592123,0.012591815320041973,0.05341929176877637,0.016596940046560774,0.017182537937726512,0.004777505186572748,3.396642182581322,2.433992507413901,1.7964323189926548,7.301977522241703,2.2637281733915278,2.343360413622743,0.6925461634077946,"[""TestPartial_Properties"", ""Partial"", ""DateTimeFieldType"", ""Partial$Property""]","[0.024134312696747113, 0.016693163751987282, 0.012591815320041973]","[3.396642182581322, 2.1089030206677264, 1.7964323189926548]"
org.joda.time.TestPartial_Properties.testPropertyWithMinimumValueHour,0.024134312696747113,0.017806430589592123,0.012591815320041973,0.05341929176877637,0.016596940046560774,0.017182537937726512,0.004777505186572748,3.396642182581322,2.433992507413901,1.7964323189926548,7.301977522241703,2.2637281733915278,2.343360413622743,0.6925461634077946,"[""TestPartial_Properties"", ""Partial"", ""DateTimeFieldType"", ""Partial$Property""]","[0.024134312696747113, 0.016693163751987282, 0.012591815320041973]","[3.396642182581322, 2.1089030206677264, 1.7964323189926548]"
org.joda.time.TestPartial_Properties.testPropertySetTextMinute,0.024134312696747113,0.017806430589592123,0.012591815320041973,0.05341929176877637,0.016596940046560774,0.017182537937726512,0.004777505186572748,3.396642182581322,2.433992507413901,1.7964323189926548,7.301977522241703,2.2637281733915278,2.343360413622743,0.6925461634077946,"[""TestPartial_Properties"", ""Partial"", ""DateTimeFieldType"", ""Partial$Property""]","[0.024134312696747113, 0.016693163751987282, 0.012591815320041973]","[3.396642182581322, 2.1089030206677264, 1.7964323189926548]"
org.joda.time.TestPartial_Properties.testPropertyAddWrapFieldHour,0.024134312696747113,0.017806430589592123,0.012591815320041973,0.05341929176877637,0.016596940046560774,0.017182537937726512,0.004777505186572748,3.396642182581322,2.433992507413901,1.7964323189926548,7.301977522241703,2.2637281733915278,2.343360413622743,0.6925461634077946,"[""TestPartial_Properties"", ""Partial"", ""DateTimeFieldType"", ""Partial$Property""]","[0.024134312696747113, 0.016693163751987282, 0.012591815320041973]","[3.396642182581322, 2.1089030206677264, 1.7964323189926548]"
org.joda.time.TestPartial_Properties.testPropertyAddMinute,0.024134312696747113,0.017806430589592123,0.012591815320041973,0.05341929176877637,0.016596940046560774,0.017182537937726512,0.004777505186572748,3.396642182581322,2.433992507413901,1.7964323189926548,7.301977522241703,2.2637281733915278,2.343360413622743,0.6925461634077946,"[""TestPartial_Properties"", ""Partial"", ""DateTimeFieldType"", ""Partial$Property""]","[0.024134312696747113, 0.016693163751987282, 0.012591815320041973]","[3.396642182581322, 2.1089030206677264, 1.7964323189926548]"
org.joda.time.TestPartial_Properties.testPropertyAddHour,0.024134312696747113,0.017806430589592123,0.012591815320041973,0.05341929176877637,0.016596940046560774,0.017182537937726512,0.004777505186572748,3.396642182581322,2.433992507413901,1.7964323189926548,7.301977522241703,2.2637281733915278,2.343360413622743,0.6925461634077946,"[""TestPartial_Properties"", ""Partial"", ""DateTimeFieldType"", ""Partial$Property""]","[0.024134312696747113, 0.016693163751987282, 0.012591815320041973]","[3.396642182581322, 2.1089030206677264, 1.7964323189926548]"
org.joda.time.TestPartial_Properties.testPropertySetTextHour,0.024134312696747113,0.017806430589592123,0.012591815320041973,0.05341929176877637,0.016596940046560774,0.017182537937726512,0.004777505186572748,3.396642182581322,2.433992507413901,1.7964323189926548,7.301977522241703,2.2637281733915278,2.343360413622743,0.6925461634077946,"[""TestPartial_Properties"", ""Partial"", ""DateTimeFieldType"", ""Partial$Property""]","[0.024134312696747113, 0.016693163751987282, 0.012591815320041973]","[3.396642182581322, 2.1089030206677264, 1.7964323189926548]"
org.joda.time.TestPartial_Properties.testPropertySetMinute,0.024134312696747113,0.017806430589592123,0.012591815320041973,0.05341929176877637,0.016596940046560774,0.017182537937726512,0.004777505186572748,3.396642182581322,2.433992507413901,1.7964323189926548,7.301977522241703,2.2637281733915278,2.343360413622743,0.6925461634077946,"[""TestPartial_Properties"", ""Partial"", ""DateTimeFieldType"", ""Partial$Property""]","[0.024134312696747113, 0.016693163751987282, 0.012591815320041973]","[3.396642182581322, 2.1089030206677264, 1.7964323189926548]"
org.joda.time.format.TestDateTimeFormatter.testWithGetLocale,0.026822157434402333,0.02660617768044339,0.02639019792648445,0.05321235536088678,0.02660442443145436,0.02660530104150682,0.00021597975395894198,3.5475966069745524,3.006159819522262,2.464723032069971,6.012319639044524,2.908642118399756,2.956998996567882,0.5414367874522907,"[""TestDateTimeFormatter"", ""DateTimeFormatter""]","[0.026822157434402333, 0.02639019792648445]","[2.464723032069971, 3.5475966069745524]"
org.joda.time.format.TestDateTimeFormatter.testPrinterParserMethods,0.026822157434402333,0.02660617768044339,0.02639019792648445,0.05321235536088678,0.02660442443145436,0.02660530104150682,0.00021597975395894198,3.5475966069745524,3.006159819522262,2.464723032069971,6.012319639044524,2.908642118399756,2.956998996567882,0.5414367874522907,"[""TestDateTimeFormatter"", ""DateTimeFormatter""]","[0.026822157434402333, 0.02639019792648445]","[2.464723032069971, 3.5475966069745524]"
org.joda.time.format.TestDateTimeFormatter.testWithGetZone,0.026822157434402333,0.02660617768044339,0.02639019792648445,0.05321235536088678,0.02660442443145436,0.02660530104150682,0.00021597975395894198,3.5475966069745524,3.006159819522262,2.464723032069971,6.012319639044524,2.908642118399756,2.956998996567882,0.5414367874522907,"[""TestDateTimeFormatter"", ""DateTimeFormatter""]","[0.026822157434402333, 0.02639019792648445]","[2.464723032069971, 3.5475966069745524]"
org.joda.time.format.TestDateTimeFormatter.testWithGetChronology,0.026822157434402333,0.02660617768044339,0.02639019792648445,0.05321235536088678,0.02660442443145436,0.02660530104150682,0.00021597975395894198,3.5475966069745524,3.006159819522262,2.464723032069971,6.012319639044524,2.908642118399756,2.956998996567882,0.5414367874522907,"[""TestDateTimeFormatter"", ""DateTimeFormatter""]","[0.026822157434402333, 0.02639019792648445]","[2.464723032069971, 3.5475966069745524]"
org.joda.time.format.TestDateTimeFormatter.testWithGetPivotYear,0.026822157434402333,0.02660617768044339,0.02639019792648445,0.05321235536088678,0.02660442443145436,0.02660530104150682,0.00021597975395894198,3.5475966069745524,3.006159819522262,2.464723032069971,6.012319639044524,2.908642118399756,2.956998996567882,0.5414367874522907,"[""TestDateTimeFormatter"", ""Integer"", ""DateTimeFormatter""]","[0.026822157434402333, 0.02639019792648445]","[2.464723032069971, 3.5475966069745524]"
org.joda.time.format.TestDateTimeFormatter.testWithGetOffsetParsedMethods,0.026822157434402333,0.02660617768044339,0.02639019792648445,0.05321235536088678,0.02660442443145436,0.02660530104150682,0.00021597975395894198,3.5475966069745524,3.006159819522262,2.464723032069971,6.012319639044524,2.908642118399756,2.956998996567882,0.5414367874522907,"[""TestDateTimeFormatter"", ""DateTimeFormatter""]","[0.026822157434402333, 0.02639019792648445]","[2.464723032069971, 3.5475966069745524]"
org.joda.time.TestYearMonthDay_Constructors.testConstructor_ObjectString2,0.03763440860215054,0.026584988438442397,0.01553556827473426,0.053169976876884795,0.021992558908639936,0.02417999016372745,0.011049420163708142,3.3669354838709675,2.5763540869886317,1.785772690106296,5.152708173977263,2.3337558555370777,2.4520565728479027,0.7905813968823358,"[""YearMonthDay"", ""TestYearMonthDay_Constructors""]","[0.03763440860215054, 0.01553556827473426]","[3.3669354838709675, 1.785772690106296]"
org.joda.time.TestYearMonthDay_Constructors.testConstructor_ObjectStringEx4,0.03763440860215054,0.026584988438442397,0.01553556827473426,0.053169976876884795,0.021992558908639936,0.02417999016372745,0.011049420163708142,3.3669354838709675,2.5763540869886317,1.785772690106296,5.152708173977263,2.3337558555370777,2.4520565728479027,0.7905813968823358,"[""YearMonthDay"", ""TestYearMonthDay_Constructors""]","[0.03763440860215054, 0.01553556827473426]","[3.3669354838709675, 1.785772690106296]"
org.joda.time.TestYearMonthDay_Constructors.testConstructor_long1,0.03763440860215054,0.026584988438442397,0.01553556827473426,0.053169976876884795,0.021992558908639936,0.02417999016372745,0.011049420163708142,3.3669354838709675,2.5763540869886317,1.785772690106296,5.152708173977263,2.3337558555370777,2.4520565728479027,0.7905813968823358,"[""YearMonthDay"", ""TestYearMonthDay_Constructors""]","[0.03763440860215054, 0.01553556827473426]","[3.3669354838709675, 1.785772690106296]"
org.joda.time.TestYearMonthDay_Constructors.testConstructor_long1_Chronology,0.03763440860215054,0.026584988438442397,0.01553556827473426,0.053169976876884795,0.021992558908639936,0.02417999016372745,0.011049420163708142,3.3669354838709675,2.5763540869886317,1.785772690106296,5.152708173977263,2.3337558555370777,2.4520565728479027,0.7905813968823358,"[""YearMonthDay"", ""TestYearMonthDay_Constructors""]","[0.03763440860215054, 0.01553556827473426]","[3.3669354838709675, 1.785772690106296]"
org.joda.time.TestYearMonthDay_Constructors.testConstructor_ObjectString3,0.03763440860215054,0.026584988438442397,0.01553556827473426,0.053169976876884795,0.021992558908639936,0.02417999016372745,0.011049420163708142,3.3669354838709675,2.5763540869886317,1.785772690106296,5.152708173977263,2.3337558555370777,2.4520565728479027,0.7905813968823358,"[""YearMonthDay"", ""TestYearMonthDay_Constructors""]","[0.03763440860215054, 0.01553556827473426]","[3.3669354838709675, 1.785772690106296]"
org.joda.time.TestYearMonthDay_Constructors.testConstructor_ObjectString1,0.03763440860215054,0.026584988438442397,0.01553556827473426,0.053169976876884795,0.021992558908639936,0.02417999016372745,0.011049420163708142,3.3669354838709675,2.5763540869886317,1.785772690106296,5.152708173977263,2.3337558555370777,2.4520565728479027,0.7905813968823358,"[""YearMonthDay"", ""TestYearMonthDay_Constructors""]","[0.03763440860215054, 0.01553556827473426]","[3.3669354838709675, 1.785772690106296]"
org.joda.time.TestYearMonthDay_Constructors.testConstructor_ObjectStringEx1,0.03763440860215054,0.026584988438442397,0.01553556827473426,0.053169976876884795,0.021992558908639936,0.02417999016372745,0.011049420163708142,3.3669354838709675,2.5763540869886317,1.785772690106296,5.152708173977263,2.3337558555370777,2.4520565728479027,0.7905813968823358,"[""YearMonthDay"", ""TestYearMonthDay_Constructors""]","[0.03763440860215054, 0.01553556827473426]","[3.3669354838709675, 1.785772690106296]"
org.joda.time.TestYearMonthDay_Constructors.testConstructor_ObjectString4,0.03763440860215054,0.026584988438442397,0.01553556827473426,0.053169976876884795,0.021992558908639936,0.02417999016372745,0.011049420163708142,3.3669354838709675,2.5763540869886317,1.785772690106296,5.152708173977263,2.3337558555370777,2.4520565728479027,0.7905813968823358,"[""YearMonthDay"", ""TestYearMonthDay_Constructors""]","[0.03763440860215054, 0.01553556827473426]","[3.3669354838709675, 1.785772690106296]"
org.joda.time.TestYearMonthDay_Constructors.testConstructor,0.03763440860215054,0.026584988438442397,0.01553556827473426,0.053169976876884795,0.021992558908639936,0.02417999016372745,0.011049420163708142,3.3669354838709675,2.5763540869886317,1.785772690106296,5.152708173977263,2.3337558555370777,2.4520565728479027,0.7905813968823358,"[""YearMonthDay"", ""TestYearMonthDay_Constructors""]","[0.03763440860215054, 0.01553556827473426]","[3.3669354838709675, 1.785772690106296]"
org.joda.time.TestYearMonthDay_Constructors.testConstructor_Chronology,0.03763440860215054,0.026584988438442397,0.01553556827473426,0.053169976876884795,0.021992558908639936,0.02417999016372745,0.011049420163708142,3.3669354838709675,2.5763540869886317,1.785772690106296,5.152708173977263,2.3337558555370777,2.4520565728479027,0.7905813968823358,"[""YearMonthDay"", ""TestYearMonthDay_Constructors""]","[0.03763440860215054, 0.01553556827473426]","[3.3669354838709675, 1.785772690106296]"
org.joda.time.TestYearMonthDay_Constructors.testConstructor_ObjectStringEx3,0.03763440860215054,0.026584988438442397,0.01553556827473426,0.053169976876884795,0.021992558908639936,0.02417999016372745,0.011049420163708142,3.3669354838709675,2.5763540869886317,1.785772690106296,5.152708173977263,2.3337558555370777,2.4520565728479027,0.7905813968823358,"[""YearMonthDay"", ""TestYearMonthDay_Constructors""]","[0.03763440860215054, 0.01553556827473426]","[3.3669354838709675, 1.785772690106296]"
org.joda.time.TestYearMonthDay_Constructors.testConstructor_nullObject_nullChronology,0.03763440860215054,0.026584988438442397,0.01553556827473426,0.053169976876884795,0.021992558908639936,0.02417999016372745,0.011049420163708142,3.3669354838709675,2.5763540869886317,1.785772690106296,5.152708173977263,2.3337558555370777,2.4520565728479027,0.7905813968823358,"[""YearMonthDay"", ""TestYearMonthDay_Constructors""]","[0.03763440860215054, 0.01553556827473426]","[3.3669354838709675, 1.785772690106296]"
org.joda.time.TestYearMonthDay_Constructors.testConstructor_nullObject_Chronology,0.03763440860215054,0.026584988438442397,0.01553556827473426,0.053169976876884795,0.021992558908639936,0.02417999016372745,0.011049420163708142,3.3669354838709675,2.5763540869886317,1.785772690106296,5.152708173977263,2.3337558555370777,2.4520565728479027,0.7905813968823358,"[""YearMonthDay"", ""TestYearMonthDay_Constructors""]","[0.03763440860215054, 0.01553556827473426]","[3.3669354838709675, 1.785772690106296]"
org.joda.time.TestYearMonthDay_Constructors.testConstructor_int_int_int_Chronology,0.03763440860215054,0.026584988438442397,0.01553556827473426,0.053169976876884795,0.021992558908639936,0.02417999016372745,0.011049420163708142,3.3669354838709675,2.5763540869886317,1.785772690106296,5.152708173977263,2.3337558555370777,2.4520565728479027,0.7905813968823358,"[""YearMonthDay"", ""TestYearMonthDay_Constructors""]","[0.03763440860215054, 0.01553556827473426]","[3.3669354838709675, 1.785772690106296]"
org.joda.time.TestYearMonthDay_Constructors.testConstructor_nullChronology,0.03763440860215054,0.026584988438442397,0.01553556827473426,0.053169976876884795,0.021992558908639936,0.02417999016372745,0.011049420163708142,3.3669354838709675,2.5763540869886317,1.785772690106296,5.152708173977263,2.3337558555370777,2.4520565728479027,0.7905813968823358,"[""YearMonthDay"", ""TestYearMonthDay_Constructors""]","[0.03763440860215054, 0.01553556827473426]","[3.3669354838709675, 1.785772690106296]"
org.joda.time.TestYearMonthDay_Constructors.testConstructor_ObjectString5,0.03763440860215054,0.026584988438442397,0.01553556827473426,0.053169976876884795,0.021992558908639936,0.02417999016372745,0.011049420163708142,3.3669354838709675,2.5763540869886317,1.785772690106296,5.152708173977263,2.3337558555370777,2.4520565728479027,0.7905813968823358,"[""YearMonthDay"", ""TestYearMonthDay_Constructors""]","[0.03763440860215054, 0.01553556827473426]","[3.3669354838709675, 1.785772690106296]"
org.joda.time.TestYearMonthDay_Constructors.testConstructor_long2,0.03763440860215054,0.026584988438442397,0.01553556827473426,0.053169976876884795,0.021992558908639936,0.02417999016372745,0.011049420163708142,3.3669354838709675,2.5763540869886317,1.785772690106296,5.152708173977263,2.3337558555370777,2.4520565728479027,0.7905813968823358,"[""YearMonthDay"", ""TestYearMonthDay_Constructors""]","[0.03763440860215054, 0.01553556827473426]","[3.3669354838709675, 1.785772690106296]"
org.joda.time.TestYearMonthDay_Constructors.testConstructor_ObjectStringEx2,0.03763440860215054,0.026584988438442397,0.01553556827473426,0.053169976876884795,0.021992558908639936,0.02417999016372745,0.011049420163708142,3.3669354838709675,2.5763540869886317,1.785772690106296,5.152708173977263,2.3337558555370777,2.4520565728479027,0.7905813968823358,"[""YearMonthDay"", ""TestYearMonthDay_Constructors""]","[0.03763440860215054, 0.01553556827473426]","[3.3669354838709675, 1.785772690106296]"
org.joda.time.TestYearMonthDay_Constructors.testConstructor_long_nullChronology,0.03763440860215054,0.026584988438442397,0.01553556827473426,0.053169976876884795,0.021992558908639936,0.02417999016372745,0.011049420163708142,3.3669354838709675,2.5763540869886317,1.785772690106296,5.152708173977263,2.3337558555370777,2.4520565728479027,0.7905813968823358,"[""YearMonthDay"", ""TestYearMonthDay_Constructors""]","[0.03763440860215054, 0.01553556827473426]","[3.3669354838709675, 1.785772690106296]"
org.joda.time.TestYearMonthDay_Constructors.testConstructor_long2_Chronology,0.03763440860215054,0.026584988438442397,0.01553556827473426,0.053169976876884795,0.021992558908639936,0.02417999016372745,0.011049420163708142,3.3669354838709675,2.5763540869886317,1.785772690106296,5.152708173977263,2.3337558555370777,2.4520565728479027,0.7905813968823358,"[""YearMonthDay"", ""TestYearMonthDay_Constructors""]","[0.03763440860215054, 0.01553556827473426]","[3.3669354838709675, 1.785772690106296]"
org.joda.time.TestYearMonthDay_Constructors.testConstructor_int_int_int,0.03763440860215054,0.026584988438442397,0.01553556827473426,0.053169976876884795,0.021992558908639936,0.02417999016372745,0.011049420163708142,3.3669354838709675,2.5763540869886317,1.785772690106296,5.152708173977263,2.3337558555370777,2.4520565728479027,0.7905813968823358,"[""YearMonthDay"", ""TestYearMonthDay_Constructors""]","[0.03763440860215054, 0.01553556827473426]","[3.3669354838709675, 1.785772690106296]"
org.joda.time.TestYearMonthDay_Constructors.testConstructor_nullObject,0.03763440860215054,0.026584988438442397,0.01553556827473426,0.053169976876884795,0.021992558908639936,0.02417999016372745,0.011049420163708142,3.3669354838709675,2.5763540869886317,1.785772690106296,5.152708173977263,2.3337558555370777,2.4520565728479027,0.7905813968823358,"[""YearMonthDay"", ""TestYearMonthDay_Constructors""]","[0.03763440860215054, 0.01553556827473426]","[3.3669354838709675, 1.785772690106296]"
org.joda.time.TestYearMonthDay_Constructors.testConstructor_int_int_int_nullChronology,0.03763440860215054,0.026584988438442397,0.01553556827473426,0.053169976876884795,0.021992558908639936,0.02417999016372745,0.011049420163708142,3.3669354838709675,2.5763540869886317,1.785772690106296,5.152708173977263,2.3337558555370777,2.4520565728479027,0.7905813968823358,"[""YearMonthDay"", ""TestYearMonthDay_Constructors""]","[0.03763440860215054, 0.01553556827473426]","[3.3669354838709675, 1.785772690106296]"
org.joda.time.TestMutablePeriod_Updates.testSet_Field,0.020618556701030927,0.017720315400393833,0.012718600953895072,0.0531609462011815,0.016894798592100118,0.017323198686634414,0.003551598199702692,5.674008810572687,3.3014116405452225,1.1764705882352942,9.904234921635668,2.2161354439790864,2.731713287714149,1.8444443932755903,"[""MutablePeriod"", ""TestMutablePeriod_Updates"", ""DurationFieldType""]","[0.020618556701030927, 0.019823788546255508, 0.012718600953895072]","[3.0537555228276876, 5.674008810572687, 1.1764705882352942]"
org.joda.time.format.TestPeriodFormatter.testPrint_bufferMethods,0.030927835051546393,0.01771196569294227,0.008836524300441826,0.05313589707882681,0.013618677042801557,0.015402957490850317,0.009526663944675431,4.878497790868925,2.307057028544046,0.9837631327602674,6.921171085632138,1.3851354519969845,1.719274640237105,1.818541991928418,"[""StringBuffer"", ""PeriodFormatter"", ""TestPeriodFormatter"", ""Period""]","[0.030927835051546393, 0.013371537726838587, 0.008836524300441826]","[4.878497790868925, 0.9837631327602674, 1.0589101620029455]"
org.joda.time.format.TestPeriodFormatter.testPrint_simple,0.030927835051546393,0.01771196569294227,0.008836524300441826,0.05313589707882681,0.013618677042801557,0.015402957490850317,0.009526663944675431,4.878497790868925,2.307057028544046,0.9837631327602674,6.921171085632138,1.3851354519969845,1.719274640237105,1.818541991928418,"[""PeriodFormatter"", ""TestPeriodFormatter"", ""Period""]","[0.030927835051546393, 0.013371537726838587, 0.008836524300441826]","[4.878497790868925, 0.9837631327602674, 1.0589101620029455]"
org.joda.time.format.TestPeriodFormatter.testParsePeriod_simple,0.030927835051546393,0.01771196569294227,0.008836524300441826,0.05313589707882681,0.013618677042801557,0.015402957490850317,0.009526663944675431,4.878497790868925,2.307057028544046,0.9837631327602674,6.921171085632138,1.3851354519969845,1.719274640237105,1.818541991928418,"[""PeriodFormatter"", ""TestPeriodFormatter"", ""Period""]","[0.030927835051546393, 0.013371537726838587, 0.008836524300441826]","[4.878497790868925, 0.9837631327602674, 1.0589101620029455]"
org.joda.time.format.TestPeriodFormatter.testPrinterParserMethods,0.030927835051546393,0.01771196569294227,0.008836524300441826,0.05313589707882681,0.013618677042801557,0.015402957490850317,0.009526663944675431,4.878497790868925,2.307057028544046,0.9837631327602674,6.921171085632138,1.3851354519969845,1.719274640237105,1.818541991928418,"[""PeriodFormatter"", ""TestPeriodFormatter"", ""Period""]","[0.030927835051546393, 0.013371537726838587, 0.008836524300441826]","[4.878497790868925, 0.9837631327602674, 1.0589101620029455]"
org.joda.time.TestYearMonth_Constructors.testConstructor_Object,0.029333333333333333,0.017700906753281904,0.00243605359317905,0.053102720259845713,0.00610418738005503,0.01150894881050736,0.01127716886751359,5.344,2.5554667749357156,0.04506699147381242,7.666400324807147,0.131489989730837,0.8185600402020587,2.1722018653454365,"[""TestYearMonth_Constructors"", ""YearMonth"", ""Date""]","[0.029333333333333333, 0.021333333333333333, 0.00243605359317905]","[5.344, 2.2773333333333334, 0.04506699147381242]"
org.joda.time.TestYearMonth_Constructors.testConstructor_Object_nullChronology,0.029333333333333333,0.017700906753281904,0.00243605359317905,0.053102720259845713,0.00610418738005503,0.01150894881050736,0.01127716886751359,5.344,2.5554667749357156,0.04506699147381242,7.666400324807147,0.131489989730837,0.8185600402020587,2.1722018653454365,"[""TestYearMonth_Constructors"", ""YearMonth"", ""Date""]","[0.029333333333333333, 0.021333333333333333, 0.00243605359317905]","[5.344, 2.2773333333333334, 0.04506699147381242]"
org.joda.time.TestYearMonth_Constructors.testConstructor_Object_Chronology,0.029333333333333333,0.017700906753281904,0.00243605359317905,0.053102720259845713,0.00610418738005503,0.01150894881050736,0.01127716886751359,5.344,2.5554667749357156,0.04506699147381242,7.666400324807147,0.131489989730837,0.8185600402020587,2.1722018653454365,"[""TestYearMonth_Constructors"", ""YearMonth"", ""Date""]","[0.029333333333333333, 0.021333333333333333, 0.00243605359317905]","[5.344, 2.2773333333333334, 0.04506699147381242]"
org.joda.time.TestInstant_Basics.testGet_DateTimeFieldType,0.018658892128279883,0.017687742514130834,0.016693163751987282,0.0530632275423925,0.017651206819098705,0.017669486696673033,0.0008026762344691239,2.1089030206677264,1.676644664788369,0.963265306122449,5.029933994365107,1.4828712598541802,1.5843619793589931,0.5081949802342428,"[""DateTimeFieldType"", ""TestInstant_Basics"", ""Instant""]","[0.018658892128279883, 0.017711171662125342, 0.016693163751987282]","[0.963265306122449, 1.957765667574932, 2.1089030206677264]"
org.joda.time.TestSerialization.testSerializedJulianChronology,0.022244691607684528,0.013228898936994107,0.006006006006006006,0.05291559574797643,0.009268950989105032,0.011061676208198217,0.007333309418729731,2.320525783619818,0.8231282327792924,0.07507507507507508,3.2925129311171695,0.148842378998996,0.33033048512538826,0.9148873292338552,"[""StringBuilder"", ""ByteArrayOutputStream"", ""ObjectInputStream"", ""TestSerialization"", ""FileInputStream"", ""JulianChronology"", ""ObjectOutputStream"", ""ByteArrayInputStream""]","[0.022244691607684528, 0.018658892128279883, 0.006006006006006006, 0.006006006006006006]","[2.320525783619818, 0.8128279883381925, 0.08408408408408409, 0.07507507507507508]"
org.joda.time.TestSerialization.testSerializedInstant,0.022244691607684528,0.013228898936994107,0.006006006006006006,0.05291559574797643,0.009268950989105032,0.011061676208198217,0.007333309418729731,2.320525783619818,0.8607375622253565,0.07507507507507508,3.442950248901426,0.14991419536271922,0.34465570564502374,0.9167810205298121,"[""StringBuilder"", ""ByteArrayOutputStream"", ""ObjectInputStream"", ""TestSerialization"", ""Instant"", ""FileInputStream"", ""ObjectOutputStream"", ""ByteArrayInputStream""]","[0.022244691607684528, 0.018658892128279883, 0.006006006006006006, 0.006006006006006006]","[2.320525783619818, 0.963265306122449, 0.08408408408408409, 0.07507507507507508]"
org.joda.time.TestDateTimeUtils.testFixedMillis,0.027149321266968326,0.026395173453996983,0.02564102564102564,0.05279034690799397,0.02637362637362637,0.02638439771423213,0.0007541478129713432,1.9423076923076923,1.7161441499676795,1.4899806076276665,3.432288299935359,1.6863389917676843,1.7011762976201221,0.2261635423400129,"[""System"", ""TestDateTimeUtils"", ""DateTimeUtils""]","[0.027149321266968326, 0.02564102564102564]","[1.4899806076276665, 1.9423076923076923]"
org.joda.time.TestDateTimeUtils.testOffsetMillisSecurity,0.027149321266968326,0.026395173453996983,0.02564102564102564,0.05279034690799397,0.02637362637362637,0.02638439771423213,0.0007541478129713432,1.9423076923076923,1.7161441499676795,1.4899806076276665,3.432288299935359,1.6863389917676843,1.7011762976201221,0.2261635423400129,"[""SecurityManager"", ""System"", ""Policy"", ""TestDateTimeUtils"", ""DateTimeUtils""]","[0.027149321266968326, 0.02564102564102564]","[1.4899806076276665, 1.9423076923076923]"
org.joda.time.TestDateTimeUtils.testSystemMillisSecurity,0.027149321266968326,0.026395173453996983,0.02564102564102564,0.05279034690799397,0.02637362637362637,0.02638439771423213,0.0007541478129713432,1.9423076923076923,1.7161441499676795,1.4899806076276665,3.432288299935359,1.6863389917676843,1.7011762976201221,0.2261635423400129,"[""SecurityManager"", ""System"", ""Policy"", ""TestDateTimeUtils"", ""DateTimeUtils""]","[0.027149321266968326, 0.02564102564102564]","[1.4899806076276665, 1.9423076923076923]"
org.joda.time.TestDateTimeUtils.testClass,0.027149321266968326,0.026395173453996983,0.02564102564102564,0.05279034690799397,0.02637362637362637,0.02638439771423213,0.0007541478129713432,1.9423076923076923,1.7161441499676795,1.4899806076276665,3.432288299935359,1.6863389917676843,1.7011762976201221,0.2261635423400129,"[""Constructor"", ""Modifier"", ""Class"", ""TestDateTimeUtils$3"", ""TestDateTimeUtils"", ""DateTimeUtils""]","[0.027149321266968326, 0.02564102564102564]","[1.4899806076276665, 1.9423076923076923]"
org.joda.time.TestDateTimeUtils.testMillisProvider_null,0.027149321266968326,0.026395173453996983,0.02564102564102564,0.05279034690799397,0.02637362637362637,0.02638439771423213,0.0007541478129713432,1.9423076923076923,1.7161441499676795,1.4899806076276665,3.432288299935359,1.6863389917676843,1.7011762976201221,0.2261635423400129,"[""TestDateTimeUtils"", ""DateTimeUtils""]","[0.027149321266968326, 0.02564102564102564]","[1.4899806076276665, 1.9423076923076923]"
org.joda.time.TestDateTimeUtils.testOffsetMillis,0.027149321266968326,0.026395173453996983,0.02564102564102564,0.05279034690799397,0.02637362637362637,0.02638439771423213,0.0007541478129713432,1.9423076923076923,1.7161441499676795,1.4899806076276665,3.432288299935359,1.6863389917676843,1.7011762976201221,0.2261635423400129,"[""System"", ""TestDateTimeUtils"", ""DateTimeUtils""]","[0.027149321266968326, 0.02564102564102564]","[1.4899806076276665, 1.9423076923076923]"
org.joda.time.TestDateTimeUtils.testFixedMillisSecurity,0.027149321266968326,0.026395173453996983,0.02564102564102564,0.05279034690799397,0.02637362637362637,0.02638439771423213,0.0007541478129713432,1.9423076923076923,1.7161441499676795,1.4899806076276665,3.432288299935359,1.6863389917676843,1.7011762976201221,0.2261635423400129,"[""SecurityManager"", ""System"", ""Policy"", ""TestDateTimeUtils"", ""DateTimeUtils""]","[0.027149321266968326, 0.02564102564102564]","[1.4899806076276665, 1.9423076923076923]"
org.joda.time.TestDateTimeUtils.testSystemMillis,0.027149321266968326,0.026395173453996983,0.02564102564102564,0.05279034690799397,0.02637362637362637,0.02638439771423213,0.0007541478129713432,1.9423076923076923,1.7161441499676795,1.4899806076276665,3.432288299935359,1.6863389917676843,1.7011762976201221,0.2261635423400129,"[""System"", ""TestDateTimeUtils"", ""DateTimeUtils""]","[0.027149321266968326, 0.02564102564102564]","[1.4899806076276665, 1.9423076923076923]"
org.joda.time.TestDateTimeUtils.testMillisProvider,0.027149321266968326,0.026395173453996983,0.02564102564102564,0.05279034690799397,0.02637362637362637,0.02638439771423213,0.0007541478129713432,1.9423076923076923,1.7161441499676795,1.4899806076276665,3.432288299935359,1.6863389917676843,1.7011762976201221,0.2261635423400129,"[""Object"", ""TestDateTimeUtils"", ""TestDateTimeUtils$4"", ""DateTimeUtils""]","[0.027149321266968326, 0.02564102564102564]","[1.4899806076276665, 1.9423076923076923]"
org.joda.time.TestDateTimeUtils.testMillisProviderSecurity,0.027149321266968326,0.026395173453996983,0.02564102564102564,0.05279034690799397,0.02637362637362637,0.02638439771423213,0.0007541478129713432,1.9423076923076923,1.7161441499676795,1.4899806076276665,3.432288299935359,1.6863389917676843,1.7011762976201221,0.2261635423400129,"[""SecurityManager"", ""Object"", ""System"", ""Policy"", ""TestDateTimeUtils"", ""TestDateTimeUtils$5"", ""DateTimeUtils""]","[0.027149321266968326, 0.02564102564102564]","[1.4899806076276665, 1.9423076923076923]"
org.joda.time.tz.TestCachedDateTimeZone.test_caching,0.037317784256559766,0.017545084757598504,0.005988023952095809,0.052635254272795515,0.009967294813891917,0.01277473046166951,0.014047799579528022,3.358600583090379,1.2880466472303207,0.0,3.8641399416909623,0.878800876879239,1.303036754881095,1.426530612244898,"[""TestCachedDateTimeZone"", ""CachedDateTimeZone"", ""DateTimeZone""]","[0.037317784256559766, 0.009329446064139942, 0.005988023952095809]","[3.358600583090379, 0.5055393586005831, 0.0]"
org.joda.time.chrono.TestGregorianChronology.testTimeFields,0.02099125364431487,0.017492711370262388,0.01574344023323615,0.05247813411078717,0.017174662072621253,0.01732789809915547,0.0024738429662503137,1.8169096209912536,1.2726919339164235,0.632069970845481,3.818075801749271,1.0478894970449013,1.162815512642436,0.48848854470508674,"[""DateTimeField"", ""TestGregorianChronology"", ""GregorianChronology""]","[0.02099125364431487, 0.01574344023323615, 0.01574344023323615]","[1.3690962099125363, 0.632069970845481, 1.8169096209912536]"
org.joda.time.chrono.TestGregorianChronology.testDateFields,0.02099125364431487,0.017492711370262388,0.01574344023323615,0.05247813411078717,0.017174662072621253,0.01732789809915547,0.0024738429662503137,1.8169096209912536,1.2726919339164235,0.632069970845481,3.818075801749271,1.0478894970449013,1.162815512642436,0.48848854470508674,"[""DateTimeField"", ""TestGregorianChronology"", ""GregorianChronology""]","[0.02099125364431487, 0.01574344023323615, 0.01574344023323615]","[1.3690962099125363, 0.632069970845481, 1.8169096209912536]"
org.joda.time.TestInstant_Basics.testGet_DateTimeField,0.018658892128279883,0.017371168007880456,0.01574344023323615,0.05211350402364137,0.017283713782602517,0.01732783333213534,0.0012142670770890092,1.957765667574932,1.207301869755298,0.7008746355685131,3.621905609265894,1.008162541230391,1.0974438860908964,0.5413619552430317,"[""TestInstant_Basics"", ""ISOChronology"", ""Instant""]","[0.018658892128279883, 0.017711171662125342, 0.01574344023323615]","[0.963265306122449, 1.957765667574932, 0.7008746355685131]"
org.joda.time.TestInstant_Basics.testGetMethods,0.018658892128279883,0.017371168007880456,0.01574344023323615,0.05211350402364137,0.017283713782602517,0.01732783333213534,0.0012142670770890092,1.957765667574932,1.207301869755298,0.7008746355685131,3.621905609265894,1.008162541230391,1.0974438860908964,0.5413619552430317,"[""TestInstant_Basics"", ""ISOChronology"", ""Instant""]","[0.018658892128279883, 0.017711171662125342, 0.01574344023323615]","[0.963265306122449, 1.957765667574932, 0.7008746355685131]"
org.joda.time.TestSerialization.testSerializedBuddhistChronology,0.022244691607684528,0.012937353747489735,0.006006006006006006,0.05174941498995894,0.00919284072707013,0.010884632262308321,0.0071320576298483365,2.320525783619818,0.8986384368609249,0.07507507507507508,3.5945537474436997,0.15071158196931772,0.3574826212175484,0.9233464413936568,"[""StringBuilder"", ""ByteArrayOutputStream"", ""BuddhistChronology"", ""ObjectInputStream"", ""TestSerialization"", ""FileInputStream"", ""ObjectOutputStream"", ""ByteArrayInputStream""]","[0.022244691607684528, 0.01749271137026239, 0.006006006006006006, 0.006006006006006006]","[2.320525783619818, 1.114868804664723, 0.08408408408408409, 0.07507507507507508]"
org.joda.time.TestMutableInterval_Basics.testSerialization,0.020864381520119227,0.01285149527484393,0.006006006006006006,0.05140598109937572,0.009197594638268563,0.010867025800751606,0.0068950802156372846,1.8293591654247392,0.81601780589194,0.07507507507507508,3.26407122356776,0.15069619525533348,0.348378830523893,0.7620295788538387,"[""TestMutableInterval_Basics"", ""ByteArrayOutputStream"", ""ObjectInputStream"", ""MutableInterval"", ""ObjectOutputStream"", ""ByteArrayInputStream""]","[0.020864381520119227, 0.01852958756724447, 0.006006006006006006, 0.006006006006006006]","[1.8293591654247392, 1.2755528989838614, 0.08408408408408409, 0.07507507507507508]"
org.joda.time.format.TestPeriodFormatterBuilder.testFormatSuffixPlural3,0.030927835051546393,0.02570013799821414,0.02047244094488189,0.05140027599642828,0.024636765634870498,0.02516283522669557,0.005227697053332252,5.75699558173785,4.821017475908295,3.88503937007874,9.64203495181659,4.639301682723531,4.729286890052338,0.9359781058295549,"[""PeriodFormatterBuilder"", ""TestPeriodFormatterBuilder""]","[0.030927835051546393, 0.02047244094488189]","[5.75699558173785, 3.88503937007874]"
org.joda.time.format.TestPeriodFormatterBuilder.testFormatSuffixSimple4,0.030927835051546393,0.02570013799821414,0.02047244094488189,0.05140027599642828,0.024636765634870498,0.02516283522669557,0.005227697053332252,5.75699558173785,4.821017475908295,3.88503937007874,9.64203495181659,4.639301682723531,4.729286890052338,0.9359781058295549,"[""PeriodFormatterBuilder"", ""TestPeriodFormatterBuilder""]","[0.030927835051546393, 0.02047244094488189]","[5.75699558173785, 3.88503937007874]"
org.joda.time.format.TestPeriodFormatterBuilder.testFormatPrefixSimple3,0.030927835051546393,0.02570013799821414,0.02047244094488189,0.05140027599642828,0.024636765634870498,0.02516283522669557,0.005227697053332252,5.75699558173785,4.821017475908295,3.88503937007874,9.64203495181659,4.639301682723531,4.729286890052338,0.9359781058295549,"[""PeriodFormatterBuilder"", ""TestPeriodFormatterBuilder""]","[0.030927835051546393, 0.02047244094488189]","[5.75699558173785, 3.88503937007874]"
org.joda.time.format.TestPeriodFormatterBuilder.testFormatPrefixPlural3,0.030927835051546393,0.02570013799821414,0.02047244094488189,0.05140027599642828,0.024636765634870498,0.02516283522669557,0.005227697053332252,5.75699558173785,4.821017475908295,3.88503937007874,9.64203495181659,4.639301682723531,4.729286890052338,0.9359781058295549,"[""PeriodFormatterBuilder"", ""TestPeriodFormatterBuilder""]","[0.030927835051546393, 0.02047244094488189]","[5.75699558173785, 3.88503937007874]"
org.joda.time.format.TestPeriodFormatterBuilder.testFormatSuffixPlural4,0.030927835051546393,0.02570013799821414,0.02047244094488189,0.05140027599642828,0.024636765634870498,0.02516283522669557,0.005227697053332252,5.75699558173785,4.821017475908295,3.88503937007874,9.64203495181659,4.639301682723531,4.729286890052338,0.9359781058295549,"[""PeriodFormatterBuilder"", ""TestPeriodFormatterBuilder""]","[0.030927835051546393, 0.02047244094488189]","[5.75699558173785, 3.88503937007874]"
org.joda.time.format.TestPeriodFormatterBuilder.testFormatAppend_PrinterParser_null_null,0.030927835051546393,0.02570013799821414,0.02047244094488189,0.05140027599642828,0.024636765634870498,0.02516283522669557,0.005227697053332252,5.75699558173785,4.821017475908295,3.88503937007874,9.64203495181659,4.639301682723531,4.729286890052338,0.9359781058295549,"[""PeriodFormatterBuilder"", ""TestPeriodFormatterBuilder""]","[0.030927835051546393, 0.02047244094488189]","[5.75699558173785, 3.88503937007874]"
org.joda.time.format.TestPeriodFormatterBuilder.testFormatAppend_PrinterParserThenClear,0.030927835051546393,0.02570013799821414,0.02047244094488189,0.05140027599642828,0.024636765634870498,0.02516283522669557,0.005227697053332252,5.75699558173785,4.821017475908295,3.88503937007874,9.64203495181659,4.639301682723531,4.729286890052338,0.9359781058295549,"[""PeriodFormatterBuilder"", ""TestPeriodFormatterBuilder""]","[0.030927835051546393, 0.02047244094488189]","[5.75699558173785, 3.88503937007874]"
org.joda.time.format.TestPeriodFormatterBuilder.testFormatSuffixSimple3,0.030927835051546393,0.02570013799821414,0.02047244094488189,0.05140027599642828,0.024636765634870498,0.02516283522669557,0.005227697053332252,5.75699558173785,4.821017475908295,3.88503937007874,9.64203495181659,4.639301682723531,4.729286890052338,0.9359781058295549,"[""PeriodFormatterBuilder"", ""TestPeriodFormatterBuilder""]","[0.030927835051546393, 0.02047244094488189]","[5.75699558173785, 3.88503937007874]"
org.joda.time.format.TestPeriodFormatterBuilder.testToFormatterPrinterParser,0.030927835051546393,0.02570013799821414,0.02047244094488189,0.05140027599642828,0.024636765634870498,0.02516283522669557,0.005227697053332252,5.75699558173785,4.821017475908295,3.88503937007874,9.64203495181659,4.639301682723531,4.729286890052338,0.9359781058295549,"[""PeriodFormatterBuilder"", ""TestPeriodFormatterBuilder""]","[0.030927835051546393, 0.02047244094488189]","[5.75699558173785, 3.88503937007874]"
org.joda.time.format.TestPeriodFormatterBuilder.testFormatAppend_PrinterParser_Printer_null_null_Parser,0.030927835051546393,0.02570013799821414,0.02047244094488189,0.05140027599642828,0.024636765634870498,0.02516283522669557,0.005227697053332252,5.75699558173785,4.821017475908295,3.88503937007874,9.64203495181659,4.639301682723531,4.729286890052338,0.9359781058295549,"[""PeriodFormatterBuilder"", ""TestPeriodFormatterBuilder""]","[0.030927835051546393, 0.02047244094488189]","[5.75699558173785, 3.88503937007874]"
org.joda.time.TestMutableDateTime_Sets.testSetWeekOfWeekyear_int2,0.03498542274052478,0.02560844884379803,0.016231474947071278,0.05121689768759606,0.022174908608845863,0.02382991843724031,0.009376973896726752,4.066472303206997,2.985247443064331,1.9040225829216655,5.970494886128662,2.593639303207586,2.7825626853912206,1.081224860142666,"[""TestMutableDateTime_Sets"", ""MutableDateTime""]","[0.03498542274052478, 0.016231474947071278]","[4.066472303206997, 1.9040225829216655]"
org.joda.time.TestMutableDateTime_Adds.testAdd_RP_int2,0.03498542274052478,0.02560844884379803,0.016231474947071278,0.05121689768759606,0.022174908608845863,0.02382991843724031,0.009376973896726752,4.066472303206997,2.536059016811685,1.0056457304163726,5.07211803362337,1.61251393696577,2.022234039268588,1.5304132863953124,"[""TestMutableDateTime_Adds"", ""MutableDateTime""]","[0.03498542274052478, 0.016231474947071278]","[4.066472303206997, 1.0056457304163726]"
org.joda.time.TestMutableDateTime_Sets.testSet_DateTimeFieldType_int2,0.03498542274052478,0.02560844884379803,0.016231474947071278,0.05121689768759606,0.022174908608845863,0.02382991843724031,0.009376973896726752,4.066472303206997,2.985247443064331,1.9040225829216655,5.970494886128662,2.593639303207586,2.7825626853912206,1.081224860142666,"[""TestMutableDateTime_Sets"", ""MutableDateTime""]","[0.03498542274052478, 0.016231474947071278]","[4.066472303206997, 1.9040225829216655]"
org.joda.time.TestMutableDateTime_Adds.testAddYears_int1,0.03498542274052478,0.02560844884379803,0.016231474947071278,0.05121689768759606,0.022174908608845863,0.02382991843724031,0.009376973896726752,4.066472303206997,2.536059016811685,1.0056457304163726,5.07211803362337,1.61251393696577,2.022234039268588,1.5304132863953124,"[""TestMutableDateTime_Adds"", ""MutableDateTime""]","[0.03498542274052478, 0.016231474947071278]","[4.066472303206997, 1.0056457304163726]"
org.joda.time.TestMutableDateTime_Adds.testAddMonths_int1,0.03498542274052478,0.02560844884379803,0.016231474947071278,0.05121689768759606,0.022174908608845863,0.02382991843724031,0.009376973896726752,4.066472303206997,2.536059016811685,1.0056457304163726,5.07211803362337,1.61251393696577,2.022234039268588,1.5304132863953124,"[""TestMutableDateTime_Adds"", ""MutableDateTime""]","[0.03498542274052478, 0.016231474947071278]","[4.066472303206997, 1.0056457304163726]"
org.joda.time.TestMutableDateTime_Sets.testSetMinuteOfDay_int2,0.03498542274052478,0.02560844884379803,0.016231474947071278,0.05121689768759606,0.022174908608845863,0.02382991843724031,0.009376973896726752,4.066472303206997,2.985247443064331,1.9040225829216655,5.970494886128662,2.593639303207586,2.7825626853912206,1.081224860142666,"[""TestMutableDateTime_Sets"", ""MutableDateTime""]","[0.03498542274052478, 0.016231474947071278]","[4.066472303206997, 1.9040225829216655]"
org.joda.time.TestMutableDateTime_Sets.testSetDate_RI2,0.03498542274052478,0.02560844884379803,0.016231474947071278,0.05121689768759606,0.022174908608845863,0.02382991843724031,0.009376973896726752,4.066472303206997,2.985247443064331,1.9040225829216655,5.970494886128662,2.593639303207586,2.7825626853912206,1.081224860142666,"[""TestMutableDateTime_Sets"", ""MutableDateTime""]","[0.03498542274052478, 0.016231474947071278]","[4.066472303206997, 1.9040225829216655]"
org.joda.time.TestMutableDateTime_Adds.testAddWeekyears_int1,0.03498542274052478,0.02560844884379803,0.016231474947071278,0.05121689768759606,0.022174908608845863,0.02382991843724031,0.009376973896726752,4.066472303206997,2.536059016811685,1.0056457304163726,5.07211803362337,1.61251393696577,2.022234039268588,1.5304132863953124,"[""TestMutableDateTime_Adds"", ""MutableDateTime""]","[0.03498542274052478, 0.016231474947071278]","[4.066472303206997, 1.0056457304163726]"
org.joda.time.TestMutableDateTime_Sets.testSetDayOfMonth_int2,0.03498542274052478,0.02560844884379803,0.016231474947071278,0.05121689768759606,0.022174908608845863,0.02382991843724031,0.009376973896726752,4.066472303206997,2.985247443064331,1.9040225829216655,5.970494886128662,2.593639303207586,2.7825626853912206,1.081224860142666,"[""TestMutableDateTime_Sets"", ""MutableDateTime""]","[0.03498542274052478, 0.016231474947071278]","[4.066472303206997, 1.9040225829216655]"
org.joda.time.TestMutableDateTime_Adds.testAddMillis_int1,0.03498542274052478,0.02560844884379803,0.016231474947071278,0.05121689768759606,0.022174908608845863,0.02382991843724031,0.009376973896726752,4.066472303206997,2.536059016811685,1.0056457304163726,5.07211803362337,1.61251393696577,2.022234039268588,1.5304132863953124,"[""TestMutableDateTime_Adds"", ""MutableDateTime""]","[0.03498542274052478, 0.016231474947071278]","[4.066472303206997, 1.0056457304163726]"
org.joda.time.TestMutableDateTime_Sets.testSetMinuteOfHour_int2,0.03498542274052478,0.02560844884379803,0.016231474947071278,0.05121689768759606,0.022174908608845863,0.02382991843724031,0.009376973896726752,4.066472303206997,2.985247443064331,1.9040225829216655,5.970494886128662,2.593639303207586,2.7825626853912206,1.081224860142666,"[""TestMutableDateTime_Sets"", ""MutableDateTime""]","[0.03498542274052478, 0.016231474947071278]","[4.066472303206997, 1.9040225829216655]"
org.joda.time.TestMutableDateTime_Sets.testSetMilliOfSecond_int1,0.03498542274052478,0.02560844884379803,0.016231474947071278,0.05121689768759606,0.022174908608845863,0.02382991843724031,0.009376973896726752,4.066472303206997,2.985247443064331,1.9040225829216655,5.970494886128662,2.593639303207586,2.7825626853912206,1.081224860142666,"[""TestMutableDateTime_Sets"", ""MutableDateTime""]","[0.03498542274052478, 0.016231474947071278]","[4.066472303206997, 1.9040225829216655]"
org.joda.time.TestMutableDateTime_Sets.testSetDateTime_int_int_int_int_int_int_int1,0.03498542274052478,0.02560844884379803,0.016231474947071278,0.05121689768759606,0.022174908608845863,0.02382991843724031,0.009376973896726752,4.066472303206997,2.985247443064331,1.9040225829216655,5.970494886128662,2.593639303207586,2.7825626853912206,1.081224860142666,"[""TestMutableDateTime_Sets"", ""MutableDateTime""]","[0.03498542274052478, 0.016231474947071278]","[4.066472303206997, 1.9040225829216655]"
org.joda.time.TestMutableDateTime_Adds.testAdd_DurationFieldType_int2,0.03498542274052478,0.02560844884379803,0.016231474947071278,0.05121689768759606,0.022174908608845863,0.02382991843724031,0.009376973896726752,4.066472303206997,2.536059016811685,1.0056457304163726,5.07211803362337,1.61251393696577,2.022234039268588,1.5304132863953124,"[""TestMutableDateTime_Adds"", ""MutableDateTime""]","[0.03498542274052478, 0.016231474947071278]","[4.066472303206997, 1.0056457304163726]"
org.joda.time.TestMutableDateTime_Adds.testAdd_RD_int2,0.03498542274052478,0.02560844884379803,0.016231474947071278,0.05121689768759606,0.022174908608845863,0.02382991843724031,0.009376973896726752,4.066472303206997,2.536059016811685,1.0056457304163726,5.07211803362337,1.61251393696577,2.022234039268588,1.5304132863953124,"[""TestMutableDateTime_Adds"", ""MutableDateTime""]","[0.03498542274052478, 0.016231474947071278]","[4.066472303206997, 1.0056457304163726]"
org.joda.time.TestMutableDateTime_Adds.testAdd_RD2,0.03498542274052478,0.02560844884379803,0.016231474947071278,0.05121689768759606,0.022174908608845863,0.02382991843724031,0.009376973896726752,4.066472303206997,2.536059016811685,1.0056457304163726,5.07211803362337,1.61251393696577,2.022234039268588,1.5304132863953124,"[""TestMutableDateTime_Adds"", ""MutableDateTime""]","[0.03498542274052478, 0.016231474947071278]","[4.066472303206997, 1.0056457304163726]"
org.joda.time.TestMutableDateTime_Adds.testAddDays_int1,0.03498542274052478,0.02560844884379803,0.016231474947071278,0.05121689768759606,0.022174908608845863,0.02382991843724031,0.009376973896726752,4.066472303206997,2.536059016811685,1.0056457304163726,5.07211803362337,1.61251393696577,2.022234039268588,1.5304132863953124,"[""TestMutableDateTime_Adds"", ""MutableDateTime""]","[0.03498542274052478, 0.016231474947071278]","[4.066472303206997, 1.0056457304163726]"
org.joda.time.TestMutableDateTime_Sets.testSetDateTime_int_int_int_int_int_int_int2,0.03498542274052478,0.02560844884379803,0.016231474947071278,0.05121689768759606,0.022174908608845863,0.02382991843724031,0.009376973896726752,4.066472303206997,2.985247443064331,1.9040225829216655,5.970494886128662,2.593639303207586,2.7825626853912206,1.081224860142666,"[""TestMutableDateTime_Sets"", ""MutableDateTime""]","[0.03498542274052478, 0.016231474947071278]","[4.066472303206997, 1.9040225829216655]"
org.joda.time.TestMutableDateTime_Sets.testSetSecondOfDay_int2,0.03498542274052478,0.02560844884379803,0.016231474947071278,0.05121689768759606,0.022174908608845863,0.02382991843724031,0.009376973896726752,4.066472303206997,2.985247443064331,1.9040225829216655,5.970494886128662,2.593639303207586,2.7825626853912206,1.081224860142666,"[""TestMutableDateTime_Sets"", ""MutableDateTime""]","[0.03498542274052478, 0.016231474947071278]","[4.066472303206997, 1.9040225829216655]"
org.joda.time.TestMutableDateTime_Sets.testSetWeekyear_int1,0.03498542274052478,0.02560844884379803,0.016231474947071278,0.05121689768759606,0.022174908608845863,0.02382991843724031,0.009376973896726752,4.066472303206997,2.985247443064331,1.9040225829216655,5.970494886128662,2.593639303207586,2.7825626853912206,1.081224860142666,"[""TestMutableDateTime_Sets"", ""MutableDateTime""]","[0.03498542274052478, 0.016231474947071278]","[4.066472303206997, 1.9040225829216655]"
org.joda.time.TestMutableDateTime_Sets.testSetMilliOfSecond_int2,0.03498542274052478,0.02560844884379803,0.016231474947071278,0.05121689768759606,0.022174908608845863,0.02382991843724031,0.009376973896726752,4.066472303206997,2.985247443064331,1.9040225829216655,5.970494886128662,2.593639303207586,2.7825626853912206,1.081224860142666,"[""TestMutableDateTime_Sets"", ""MutableDateTime""]","[0.03498542274052478, 0.016231474947071278]","[4.066472303206997, 1.9040225829216655]"
org.joda.time.TestMutableDateTime_Sets.testSetYear_int1,0.03498542274052478,0.02560844884379803,0.016231474947071278,0.05121689768759606,0.022174908608845863,0.02382991843724031,0.009376973896726752,4.066472303206997,2.985247443064331,1.9040225829216655,5.970494886128662,2.593639303207586,2.7825626853912206,1.081224860142666,"[""TestMutableDateTime_Sets"", ""MutableDateTime""]","[0.03498542274052478, 0.016231474947071278]","[4.066472303206997, 1.9040225829216655]"
org.joda.time.TestMutableDateTime_Adds.testAdd_DurationFieldType_int3,0.03498542274052478,0.02560844884379803,0.016231474947071278,0.05121689768759606,0.022174908608845863,0.02382991843724031,0.009376973896726752,4.066472303206997,2.536059016811685,1.0056457304163726,5.07211803362337,1.61251393696577,2.022234039268588,1.5304132863953124,"[""TestMutableDateTime_Adds"", ""MutableDateTime""]","[0.03498542274052478, 0.016231474947071278]","[4.066472303206997, 1.0056457304163726]"
org.joda.time.TestMutableDateTime_Adds.testAddMinutes_int1,0.03498542274052478,0.02560844884379803,0.016231474947071278,0.05121689768759606,0.022174908608845863,0.02382991843724031,0.009376973896726752,4.066472303206997,2.536059016811685,1.0056457304163726,5.07211803362337,1.61251393696577,2.022234039268588,1.5304132863953124,"[""TestMutableDateTime_Adds"", ""MutableDateTime""]","[0.03498542274052478, 0.016231474947071278]","[4.066472303206997, 1.0056457304163726]"
org.joda.time.TestMutableDateTime_Sets.testSetMinuteOfDay_int1,0.03498542274052478,0.02560844884379803,0.016231474947071278,0.05121689768759606,0.022174908608845863,0.02382991843724031,0.009376973896726752,4.066472303206997,2.985247443064331,1.9040225829216655,5.970494886128662,2.593639303207586,2.7825626853912206,1.081224860142666,"[""TestMutableDateTime_Sets"", ""MutableDateTime""]","[0.03498542274052478, 0.016231474947071278]","[4.066472303206997, 1.9040225829216655]"
org.joda.time.TestMutableDateTime_Sets.testSetSecondOfMinute_int1,0.03498542274052478,0.02560844884379803,0.016231474947071278,0.05121689768759606,0.022174908608845863,0.02382991843724031,0.009376973896726752,4.066472303206997,2.985247443064331,1.9040225829216655,5.970494886128662,2.593639303207586,2.7825626853912206,1.081224860142666,"[""TestMutableDateTime_Sets"", ""MutableDateTime""]","[0.03498542274052478, 0.016231474947071278]","[4.066472303206997, 1.9040225829216655]"
org.joda.time.TestMutableDateTime_Sets.testSetWeekOfWeekyear_int1,0.03498542274052478,0.02560844884379803,0.016231474947071278,0.05121689768759606,0.022174908608845863,0.02382991843724031,0.009376973896726752,4.066472303206997,2.985247443064331,1.9040225829216655,5.970494886128662,2.593639303207586,2.7825626853912206,1.081224860142666,"[""TestMutableDateTime_Sets"", ""MutableDateTime""]","[0.03498542274052478, 0.016231474947071278]","[4.066472303206997, 1.9040225829216655]"
org.joda.time.TestMutableDateTime_Sets.testSetDayOfYear_int1,0.03498542274052478,0.02560844884379803,0.016231474947071278,0.05121689768759606,0.022174908608845863,0.02382991843724031,0.009376973896726752,4.066472303206997,2.985247443064331,1.9040225829216655,5.970494886128662,2.593639303207586,2.7825626853912206,1.081224860142666,"[""TestMutableDateTime_Sets"", ""MutableDateTime""]","[0.03498542274052478, 0.016231474947071278]","[4.066472303206997, 1.9040225829216655]"
org.joda.time.TestMutableDateTime_Sets.testSetDate_int_int_int1,0.03498542274052478,0.02560844884379803,0.016231474947071278,0.05121689768759606,0.022174908608845863,0.02382991843724031,0.009376973896726752,4.066472303206997,2.985247443064331,1.9040225829216655,5.970494886128662,2.593639303207586,2.7825626853912206,1.081224860142666,"[""TestMutableDateTime_Sets"", ""MutableDateTime""]","[0.03498542274052478, 0.016231474947071278]","[4.066472303206997, 1.9040225829216655]"
org.joda.time.TestMutableDateTime_Adds.testAddSeconds_int1,0.03498542274052478,0.02560844884379803,0.016231474947071278,0.05121689768759606,0.022174908608845863,0.02382991843724031,0.009376973896726752,4.066472303206997,2.536059016811685,1.0056457304163726,5.07211803362337,1.61251393696577,2.022234039268588,1.5304132863953124,"[""TestMutableDateTime_Adds"", ""MutableDateTime""]","[0.03498542274052478, 0.016231474947071278]","[4.066472303206997, 1.0056457304163726]"
org.joda.time.TestMutableDateTime_Sets.testSetHourOfDay_int2,0.03498542274052478,0.02560844884379803,0.016231474947071278,0.05121689768759606,0.022174908608845863,0.02382991843724031,0.009376973896726752,4.066472303206997,2.985247443064331,1.9040225829216655,5.970494886128662,2.593639303207586,2.7825626853912206,1.081224860142666,"[""TestMutableDateTime_Sets"", ""MutableDateTime""]","[0.03498542274052478, 0.016231474947071278]","[4.066472303206997, 1.9040225829216655]"
org.joda.time.TestMutableDateTime_Sets.testSetMonthOfYear_int2,0.03498542274052478,0.02560844884379803,0.016231474947071278,0.05121689768759606,0.022174908608845863,0.02382991843724031,0.009376973896726752,4.066472303206997,2.985247443064331,1.9040225829216655,5.970494886128662,2.593639303207586,2.7825626853912206,1.081224860142666,"[""TestMutableDateTime_Sets"", ""MutableDateTime""]","[0.03498542274052478, 0.016231474947071278]","[4.066472303206997, 1.9040225829216655]"
org.joda.time.TestMutableDateTime_Sets.testSetDayOfMonth_int1,0.03498542274052478,0.02560844884379803,0.016231474947071278,0.05121689768759606,0.022174908608845863,0.02382991843724031,0.009376973896726752,4.066472303206997,2.985247443064331,1.9040225829216655,5.970494886128662,2.593639303207586,2.7825626853912206,1.081224860142666,"[""TestMutableDateTime_Sets"", ""MutableDateTime""]","[0.03498542274052478, 0.016231474947071278]","[4.066472303206997, 1.9040225829216655]"
org.joda.time.TestMutableDateTime_Sets.testSetDate_int_int_int2,0.03498542274052478,0.02560844884379803,0.016231474947071278,0.05121689768759606,0.022174908608845863,0.02382991843724031,0.009376973896726752,4.066472303206997,2.985247443064331,1.9040225829216655,5.970494886128662,2.593639303207586,2.7825626853912206,1.081224860142666,"[""TestMutableDateTime_Sets"", ""MutableDateTime""]","[0.03498542274052478, 0.016231474947071278]","[4.066472303206997, 1.9040225829216655]"
org.joda.time.TestMutableDateTime_Sets.testSetTime_int_int_int2,0.03498542274052478,0.02560844884379803,0.016231474947071278,0.05121689768759606,0.022174908608845863,0.02382991843724031,0.009376973896726752,4.066472303206997,2.985247443064331,1.9040225829216655,5.970494886128662,2.593639303207586,2.7825626853912206,1.081224860142666,"[""TestMutableDateTime_Sets"", ""MutableDateTime""]","[0.03498542274052478, 0.016231474947071278]","[4.066472303206997, 1.9040225829216655]"
org.joda.time.TestMutableDateTime_Sets.testSetMilliOfDay_int2,0.03498542274052478,0.02560844884379803,0.016231474947071278,0.05121689768759606,0.022174908608845863,0.02382991843724031,0.009376973896726752,4.066472303206997,2.985247443064331,1.9040225829216655,5.970494886128662,2.593639303207586,2.7825626853912206,1.081224860142666,"[""TestMutableDateTime_Sets"", ""MutableDateTime""]","[0.03498542274052478, 0.016231474947071278]","[4.066472303206997, 1.9040225829216655]"
org.joda.time.TestMutableDateTime_Sets.testSetSecondOfMinute_int2,0.03498542274052478,0.02560844884379803,0.016231474947071278,0.05121689768759606,0.022174908608845863,0.02382991843724031,0.009376973896726752,4.066472303206997,2.985247443064331,1.9040225829216655,5.970494886128662,2.593639303207586,2.7825626853912206,1.081224860142666,"[""TestMutableDateTime_Sets"", ""MutableDateTime""]","[0.03498542274052478, 0.016231474947071278]","[4.066472303206997, 1.9040225829216655]"
org.joda.time.TestMutableDateTime_Sets.testSetTime_int_int_int_int1,0.03498542274052478,0.02560844884379803,0.016231474947071278,0.05121689768759606,0.022174908608845863,0.02382991843724031,0.009376973896726752,4.066472303206997,2.985247443064331,1.9040225829216655,5.970494886128662,2.593639303207586,2.7825626853912206,1.081224860142666,"[""TestMutableDateTime_Sets"", ""MutableDateTime""]","[0.03498542274052478, 0.016231474947071278]","[4.066472303206997, 1.9040225829216655]"
org.joda.time.TestMutableDateTime_Adds.testAdd_RP2,0.03498542274052478,0.02560844884379803,0.016231474947071278,0.05121689768759606,0.022174908608845863,0.02382991843724031,0.009376973896726752,4.066472303206997,2.536059016811685,1.0056457304163726,5.07211803362337,1.61251393696577,2.022234039268588,1.5304132863953124,"[""TestMutableDateTime_Adds"", ""MutableDateTime""]","[0.03498542274052478, 0.016231474947071278]","[4.066472303206997, 1.0056457304163726]"
org.joda.time.TestMutableDateTime_Sets.testSetDayOfWeek_int2,0.03498542274052478,0.02560844884379803,0.016231474947071278,0.05121689768759606,0.022174908608845863,0.02382991843724031,0.009376973896726752,4.066472303206997,2.985247443064331,1.9040225829216655,5.970494886128662,2.593639303207586,2.7825626853912206,1.081224860142666,"[""TestMutableDateTime_Sets"", ""MutableDateTime""]","[0.03498542274052478, 0.016231474947071278]","[4.066472303206997, 1.9040225829216655]"
org.joda.time.TestMutableDateTime_Sets.testSetDayOfWeek_int1,0.03498542274052478,0.02560844884379803,0.016231474947071278,0.05121689768759606,0.022174908608845863,0.02382991843724031,0.009376973896726752,4.066472303206997,2.985247443064331,1.9040225829216655,5.970494886128662,2.593639303207586,2.7825626853912206,1.081224860142666,"[""TestMutableDateTime_Sets"", ""MutableDateTime""]","[0.03498542274052478, 0.016231474947071278]","[4.066472303206997, 1.9040225829216655]"
org.joda.time.TestMutableDateTime_Sets.testSetMinuteOfHour_int1,0.03498542274052478,0.02560844884379803,0.016231474947071278,0.05121689768759606,0.022174908608845863,0.02382991843724031,0.009376973896726752,4.066472303206997,2.985247443064331,1.9040225829216655,5.970494886128662,2.593639303207586,2.7825626853912206,1.081224860142666,"[""TestMutableDateTime_Sets"", ""MutableDateTime""]","[0.03498542274052478, 0.016231474947071278]","[4.066472303206997, 1.9040225829216655]"
org.joda.time.TestMutableDateTime_Adds.testAddWeeks_int1,0.03498542274052478,0.02560844884379803,0.016231474947071278,0.05121689768759606,0.022174908608845863,0.02382991843724031,0.009376973896726752,4.066472303206997,2.536059016811685,1.0056457304163726,5.07211803362337,1.61251393696577,2.022234039268588,1.5304132863953124,"[""TestMutableDateTime_Adds"", ""MutableDateTime""]","[0.03498542274052478, 0.016231474947071278]","[4.066472303206997, 1.0056457304163726]"
org.joda.time.TestMutableDateTime_Sets.testSetMilliOfDay_int1,0.03498542274052478,0.02560844884379803,0.016231474947071278,0.05121689768759606,0.022174908608845863,0.02382991843724031,0.009376973896726752,4.066472303206997,2.985247443064331,1.9040225829216655,5.970494886128662,2.593639303207586,2.7825626853912206,1.081224860142666,"[""TestMutableDateTime_Sets"", ""MutableDateTime""]","[0.03498542274052478, 0.016231474947071278]","[4.066472303206997, 1.9040225829216655]"
org.joda.time.TestMutableDateTime_Sets.testSetMonthOfYear_int1,0.03498542274052478,0.02560844884379803,0.016231474947071278,0.05121689768759606,0.022174908608845863,0.02382991843724031,0.009376973896726752,4.066472303206997,2.985247443064331,1.9040225829216655,5.970494886128662,2.593639303207586,2.7825626853912206,1.081224860142666,"[""TestMutableDateTime_Sets"", ""MutableDateTime""]","[0.03498542274052478, 0.016231474947071278]","[4.066472303206997, 1.9040225829216655]"
org.joda.time.TestMutableDateTime_Adds.testAddHours_int1,0.03498542274052478,0.02560844884379803,0.016231474947071278,0.05121689768759606,0.022174908608845863,0.02382991843724031,0.009376973896726752,4.066472303206997,2.536059016811685,1.0056457304163726,5.07211803362337,1.61251393696577,2.022234039268588,1.5304132863953124,"[""TestMutableDateTime_Adds"", ""MutableDateTime""]","[0.03498542274052478, 0.016231474947071278]","[4.066472303206997, 1.0056457304163726]"
org.joda.time.TestMutableDateTime_Sets.testSetDayOfYear_int2,0.03498542274052478,0.02560844884379803,0.016231474947071278,0.05121689768759606,0.022174908608845863,0.02382991843724031,0.009376973896726752,4.066472303206997,2.985247443064331,1.9040225829216655,5.970494886128662,2.593639303207586,2.7825626853912206,1.081224860142666,"[""TestMutableDateTime_Sets"", ""MutableDateTime""]","[0.03498542274052478, 0.016231474947071278]","[4.066472303206997, 1.9040225829216655]"
org.joda.time.TestMutableDateTime_Sets.testSetHourOfDay_int1,0.03498542274052478,0.02560844884379803,0.016231474947071278,0.05121689768759606,0.022174908608845863,0.02382991843724031,0.009376973896726752,4.066472303206997,2.985247443064331,1.9040225829216655,5.970494886128662,2.593639303207586,2.7825626853912206,1.081224860142666,"[""TestMutableDateTime_Sets"", ""MutableDateTime""]","[0.03498542274052478, 0.016231474947071278]","[4.066472303206997, 1.9040225829216655]"
org.joda.time.TestMutableDateTime_Sets.testSetSecondOfDay_int1,0.03498542274052478,0.02560844884379803,0.016231474947071278,0.05121689768759606,0.022174908608845863,0.02382991843724031,0.009376973896726752,4.066472303206997,2.985247443064331,1.9040225829216655,5.970494886128662,2.593639303207586,2.7825626853912206,1.081224860142666,"[""TestMutableDateTime_Sets"", ""MutableDateTime""]","[0.03498542274052478, 0.016231474947071278]","[4.066472303206997, 1.9040225829216655]"
org.joda.time.TestStringConvert.testPeriod,0.030927835051546393,0.025544562687063517,0.020161290322580645,0.051089125374127034,0.02441008950366151,0.02497088427595451,0.005383272364482874,4.878497790868925,2.8767488954344627,0.875,5.753497790868925,1.483857549675231,2.0660797581435015,2.0017488954344627,"[""StringConvert"", ""TestStringConvert"", ""Period""]","[0.030927835051546393, 0.020161290322580645]","[4.878497790868925, 0.875]"
org.joda.time.TestPeriodType.testMaskSeconds,0.019867549668874173,0.016998525416229905,0.012718600953895072,0.050995576248689715,0.016368546927714677,0.01669326531457859,0.003084352604532432,3.991899852724595,2.9653704756596735,1.1764705882352942,8.89611142697902,2.1917547723844173,2.5965826255305955,1.269531956309095,"[""PeriodType"", ""TestPeriodType"", ""DurationFieldType""]","[0.019867549668874173, 0.018409425625920472, 0.012718600953895072]","[3.7277409860191315, 3.991899852724595, 1.1764705882352942]"
org.joda.time.TestPeriodType.testYearMonthDayTime,0.019867549668874173,0.016998525416229905,0.012718600953895072,0.050995576248689715,0.016368546927714677,0.01669326531457859,0.003084352604532432,3.991899852724595,2.9653704756596735,1.1764705882352942,8.89611142697902,2.1917547723844173,2.5965826255305955,1.269531956309095,"[""PeriodType"", ""TestPeriodType"", ""DurationFieldType""]","[0.019867549668874173, 0.018409425625920472, 0.012718600953895072]","[3.7277409860191315, 3.991899852724595, 1.1764705882352942]"
org.joda.time.TestPeriodType.testMaskDays,0.019867549668874173,0.016998525416229905,0.012718600953895072,0.050995576248689715,0.016368546927714677,0.01669326531457859,0.003084352604532432,3.991899852724595,2.9653704756596735,1.1764705882352942,8.89611142697902,2.1917547723844173,2.5965826255305955,1.269531956309095,"[""PeriodType"", ""TestPeriodType"", ""DurationFieldType""]","[0.019867549668874173, 0.018409425625920472, 0.012718600953895072]","[3.7277409860191315, 3.991899852724595, 1.1764705882352942]"
org.joda.time.TestPeriodType.testMaskMonths,0.019867549668874173,0.016998525416229905,0.012718600953895072,0.050995576248689715,0.016368546927714677,0.01669326531457859,0.003084352604532432,3.991899852724595,2.9653704756596735,1.1764705882352942,8.89611142697902,2.1917547723844173,2.5965826255305955,1.269531956309095,"[""PeriodType"", ""TestPeriodType"", ""DurationFieldType""]","[0.019867549668874173, 0.018409425625920472, 0.012718600953895072]","[3.7277409860191315, 3.991899852724595, 1.1764705882352942]"
org.joda.time.TestPeriodType.testSeconds,0.019867549668874173,0.016998525416229905,0.012718600953895072,0.050995576248689715,0.016368546927714677,0.01669326531457859,0.003084352604532432,3.991899852724595,2.9653704756596735,1.1764705882352942,8.89611142697902,2.1917547723844173,2.5965826255305955,1.269531956309095,"[""PeriodType"", ""TestPeriodType"", ""DurationFieldType""]","[0.019867549668874173, 0.018409425625920472, 0.012718600953895072]","[3.7277409860191315, 3.991899852724595, 1.1764705882352942]"
org.joda.time.TestPeriodType.testYearWeekDayTime,0.019867549668874173,0.016998525416229905,0.012718600953895072,0.050995576248689715,0.016368546927714677,0.01669326531457859,0.003084352604532432,3.991899852724595,2.9653704756596735,1.1764705882352942,8.89611142697902,2.1917547723844173,2.5965826255305955,1.269531956309095,"[""PeriodType"", ""TestPeriodType"", ""DurationFieldType""]","[0.019867549668874173, 0.018409425625920472, 0.012718600953895072]","[3.7277409860191315, 3.991899852724595, 1.1764705882352942]"
org.joda.time.TestPeriodType.testMaskHours,0.019867549668874173,0.016998525416229905,0.012718600953895072,0.050995576248689715,0.016368546927714677,0.01669326531457859,0.003084352604532432,3.991899852724595,2.9653704756596735,1.1764705882352942,8.89611142697902,2.1917547723844173,2.5965826255305955,1.269531956309095,"[""PeriodType"", ""TestPeriodType"", ""DurationFieldType""]","[0.019867549668874173, 0.018409425625920472, 0.012718600953895072]","[3.7277409860191315, 3.991899852724595, 1.1764705882352942]"
org.joda.time.TestPeriodType.testForFields1,0.019867549668874173,0.016998525416229905,0.012718600953895072,0.050995576248689715,0.016368546927714677,0.01669326531457859,0.003084352604532432,3.991899852724595,2.9653704756596735,1.1764705882352942,8.89611142697902,2.1917547723844173,2.5965826255305955,1.269531956309095,"[""PeriodType"", ""TestPeriodType"", ""DurationFieldType""]","[0.019867549668874173, 0.018409425625920472, 0.012718600953895072]","[3.7277409860191315, 3.991899852724595, 1.1764705882352942]"
org.joda.time.TestPeriodType.testIndexOf,0.019867549668874173,0.016998525416229905,0.012718600953895072,0.050995576248689715,0.016368546927714677,0.01669326531457859,0.003084352604532432,3.991899852724595,2.9653704756596735,1.1764705882352942,8.89611142697902,2.1917547723844173,2.5965826255305955,1.269531956309095,"[""PeriodType"", ""TestPeriodType"", ""DurationFieldType""]","[0.019867549668874173, 0.018409425625920472, 0.012718600953895072]","[3.7277409860191315, 3.991899852724595, 1.1764705882352942]"
org.joda.time.TestPeriodType.testDayTime,0.019867549668874173,0.016998525416229905,0.012718600953895072,0.050995576248689715,0.016368546927714677,0.01669326531457859,0.003084352604532432,3.991899852724595,2.9653704756596735,1.1764705882352942,8.89611142697902,2.1917547723844173,2.5965826255305955,1.269531956309095,"[""PeriodType"", ""TestPeriodType"", ""DurationFieldType""]","[0.019867549668874173, 0.018409425625920472, 0.012718600953895072]","[3.7277409860191315, 3.991899852724595, 1.1764705882352942]"
org.joda.time.TestPeriodType.testYearWeekDay,0.019867549668874173,0.016998525416229905,0.012718600953895072,0.050995576248689715,0.016368546927714677,0.01669326531457859,0.003084352604532432,3.991899852724595,2.9653704756596735,1.1764705882352942,8.89611142697902,2.1917547723844173,2.5965826255305955,1.269531956309095,"[""PeriodType"", ""TestPeriodType"", ""DurationFieldType""]","[0.019867549668874173, 0.018409425625920472, 0.012718600953895072]","[3.7277409860191315, 3.991899852724595, 1.1764705882352942]"
org.joda.time.TestPeriodType.testForFields2,0.019867549668874173,0.016998525416229905,0.012718600953895072,0.050995576248689715,0.016368546927714677,0.01669326531457859,0.003084352604532432,3.991899852724595,2.9653704756596735,1.1764705882352942,8.89611142697902,2.1917547723844173,2.5965826255305955,1.269531956309095,"[""PeriodType"", ""TestPeriodType"", ""DurationFieldType""]","[0.019867549668874173, 0.018409425625920472, 0.012718600953895072]","[3.7277409860191315, 3.991899852724595, 1.1764705882352942]"
org.joda.time.TestPeriodType.testMaskMillis,0.019867549668874173,0.016998525416229905,0.012718600953895072,0.050995576248689715,0.016368546927714677,0.01669326531457859,0.003084352604532432,3.991899852724595,2.9653704756596735,1.1764705882352942,8.89611142697902,2.1917547723844173,2.5965826255305955,1.269531956309095,"[""PeriodType"", ""TestPeriodType"", ""DurationFieldType""]","[0.019867549668874173, 0.018409425625920472, 0.012718600953895072]","[3.7277409860191315, 3.991899852724595, 1.1764705882352942]"
org.joda.time.TestPeriodType.testYears,0.019867549668874173,0.016998525416229905,0.012718600953895072,0.050995576248689715,0.016368546927714677,0.01669326531457859,0.003084352604532432,3.991899852724595,2.9653704756596735,1.1764705882352942,8.89611142697902,2.1917547723844173,2.5965826255305955,1.269531956309095,"[""PeriodType"", ""TestPeriodType"", ""DurationFieldType""]","[0.019867549668874173, 0.018409425625920472, 0.012718600953895072]","[3.7277409860191315, 3.991899852724595, 1.1764705882352942]"
org.joda.time.TestPeriodType.testForFields3,0.019867549668874173,0.016998525416229905,0.012718600953895072,0.050995576248689715,0.016368546927714677,0.01669326531457859,0.003084352604532432,3.991899852724595,2.9653704756596735,1.1764705882352942,8.89611142697902,2.1917547723844173,2.5965826255305955,1.269531956309095,"[""PeriodType"", ""TestPeriodType"", ""DurationFieldType""]","[0.019867549668874173, 0.018409425625920472, 0.012718600953895072]","[3.7277409860191315, 3.991899852724595, 1.1764705882352942]"
org.joda.time.TestPeriodType.testForFields6,0.019867549668874173,0.016998525416229905,0.012718600953895072,0.050995576248689715,0.016368546927714677,0.01669326531457859,0.003084352604532432,3.991899852724595,2.9653704756596735,1.1764705882352942,8.89611142697902,2.1917547723844173,2.5965826255305955,1.269531956309095,"[""PeriodType"", ""TestPeriodType"", ""DurationFieldType""]","[0.019867549668874173, 0.018409425625920472, 0.012718600953895072]","[3.7277409860191315, 3.991899852724595, 1.1764705882352942]"
org.joda.time.TestPeriodType.testDays,0.019867549668874173,0.016998525416229905,0.012718600953895072,0.050995576248689715,0.016368546927714677,0.01669326531457859,0.003084352604532432,3.991899852724595,2.9653704756596735,1.1764705882352942,8.89611142697902,2.1917547723844173,2.5965826255305955,1.269531956309095,"[""PeriodType"", ""TestPeriodType"", ""DurationFieldType""]","[0.019867549668874173, 0.018409425625920472, 0.012718600953895072]","[3.7277409860191315, 3.991899852724595, 1.1764705882352942]"
org.joda.time.TestPeriodType.testMinutes,0.019867549668874173,0.016998525416229905,0.012718600953895072,0.050995576248689715,0.016368546927714677,0.01669326531457859,0.003084352604532432,3.991899852724595,2.9653704756596735,1.1764705882352942,8.89611142697902,2.1917547723844173,2.5965826255305955,1.269531956309095,"[""PeriodType"", ""TestPeriodType"", ""DurationFieldType""]","[0.019867549668874173, 0.018409425625920472, 0.012718600953895072]","[3.7277409860191315, 3.991899852724595, 1.1764705882352942]"
org.joda.time.TestPeriodType.testTime,0.019867549668874173,0.016998525416229905,0.012718600953895072,0.050995576248689715,0.016368546927714677,0.01669326531457859,0.003084352604532432,3.991899852724595,2.9653704756596735,1.1764705882352942,8.89611142697902,2.1917547723844173,2.5965826255305955,1.269531956309095,"[""PeriodType"", ""TestPeriodType"", ""DurationFieldType""]","[0.019867549668874173, 0.018409425625920472, 0.012718600953895072]","[3.7277409860191315, 3.991899852724595, 1.1764705882352942]"
org.joda.time.TestPeriodType.testHours,0.019867549668874173,0.016998525416229905,0.012718600953895072,0.050995576248689715,0.016368546927714677,0.01669326531457859,0.003084352604532432,3.991899852724595,2.9653704756596735,1.1764705882352942,8.89611142697902,2.1917547723844173,2.5965826255305955,1.269531956309095,"[""PeriodType"", ""TestPeriodType"", ""DurationFieldType""]","[0.019867549668874173, 0.018409425625920472, 0.012718600953895072]","[3.7277409860191315, 3.991899852724595, 1.1764705882352942]"
org.joda.time.TestPeriodType.testForFields5,0.019867549668874173,0.016998525416229905,0.012718600953895072,0.050995576248689715,0.016368546927714677,0.01669326531457859,0.003084352604532432,3.991899852724595,2.9653704756596735,1.1764705882352942,8.89611142697902,2.1917547723844173,2.5965826255305955,1.269531956309095,"[""PeriodType"", ""TestPeriodType"", ""DurationFieldType""]","[0.019867549668874173, 0.018409425625920472, 0.012718600953895072]","[3.7277409860191315, 3.991899852724595, 1.1764705882352942]"
org.joda.time.TestPeriodType.testMaskMinutes,0.019867549668874173,0.016998525416229905,0.012718600953895072,0.050995576248689715,0.016368546927714677,0.01669326531457859,0.003084352604532432,3.991899852724595,2.9653704756596735,1.1764705882352942,8.89611142697902,2.1917547723844173,2.5965826255305955,1.269531956309095,"[""PeriodType"", ""TestPeriodType"", ""DurationFieldType""]","[0.019867549668874173, 0.018409425625920472, 0.012718600953895072]","[3.7277409860191315, 3.991899852724595, 1.1764705882352942]"
org.joda.time.TestPeriodType.testIsSupported,0.019867549668874173,0.016998525416229905,0.012718600953895072,0.050995576248689715,0.016368546927714677,0.01669326531457859,0.003084352604532432,3.991899852724595,2.9653704756596735,1.1764705882352942,8.89611142697902,2.1917547723844173,2.5965826255305955,1.269531956309095,"[""PeriodType"", ""TestPeriodType"", ""DurationFieldType""]","[0.019867549668874173, 0.018409425625920472, 0.012718600953895072]","[3.7277409860191315, 3.991899852724595, 1.1764705882352942]"
org.joda.time.TestPeriodType.testStandard,0.019867549668874173,0.016998525416229905,0.012718600953895072,0.050995576248689715,0.016368546927714677,0.01669326531457859,0.003084352604532432,3.991899852724595,2.9653704756596735,1.1764705882352942,8.89611142697902,2.1917547723844173,2.5965826255305955,1.269531956309095,"[""PeriodType"", ""TestPeriodType"", ""DurationFieldType""]","[0.019867549668874173, 0.018409425625920472, 0.012718600953895072]","[3.7277409860191315, 3.991899852724595, 1.1764705882352942]"
org.joda.time.TestPeriodType.testYearMonthDay,0.019867549668874173,0.016998525416229905,0.012718600953895072,0.050995576248689715,0.016368546927714677,0.01669326531457859,0.003084352604532432,3.991899852724595,2.9653704756596735,1.1764705882352942,8.89611142697902,2.1917547723844173,2.5965826255305955,1.269531956309095,"[""PeriodType"", ""TestPeriodType"", ""DurationFieldType""]","[0.019867549668874173, 0.018409425625920472, 0.012718600953895072]","[3.7277409860191315, 3.991899852724595, 1.1764705882352942]"
org.joda.time.TestPeriodType.testMonths,0.019867549668874173,0.016998525416229905,0.012718600953895072,0.050995576248689715,0.016368546927714677,0.01669326531457859,0.003084352604532432,3.991899852724595,2.9653704756596735,1.1764705882352942,8.89611142697902,2.1917547723844173,2.5965826255305955,1.269531956309095,"[""PeriodType"", ""TestPeriodType"", ""DurationFieldType""]","[0.019867549668874173, 0.018409425625920472, 0.012718600953895072]","[3.7277409860191315, 3.991899852724595, 1.1764705882352942]"
org.joda.time.TestPeriodType.testMaskYears,0.019867549668874173,0.016998525416229905,0.012718600953895072,0.050995576248689715,0.016368546927714677,0.01669326531457859,0.003084352604532432,3.991899852724595,2.9653704756596735,1.1764705882352942,8.89611142697902,2.1917547723844173,2.5965826255305955,1.269531956309095,"[""PeriodType"", ""TestPeriodType"", ""DurationFieldType""]","[0.019867549668874173, 0.018409425625920472, 0.012718600953895072]","[3.7277409860191315, 3.991899852724595, 1.1764705882352942]"
org.joda.time.TestPeriodType.testForFields4,0.019867549668874173,0.016998525416229905,0.012718600953895072,0.050995576248689715,0.016368546927714677,0.01669326531457859,0.003084352604532432,3.991899852724595,2.9653704756596735,1.1764705882352942,8.89611142697902,2.1917547723844173,2.5965826255305955,1.269531956309095,"[""PeriodType"", ""TestPeriodType"", ""DurationFieldType""]","[0.019867549668874173, 0.018409425625920472, 0.012718600953895072]","[3.7277409860191315, 3.991899852724595, 1.1764705882352942]"
org.joda.time.TestPeriodType.testYearDayTime,0.019867549668874173,0.016998525416229905,0.012718600953895072,0.050995576248689715,0.016368546927714677,0.01669326531457859,0.003084352604532432,3.991899852724595,2.9653704756596735,1.1764705882352942,8.89611142697902,2.1917547723844173,2.5965826255305955,1.269531956309095,"[""PeriodType"", ""TestPeriodType"", ""DurationFieldType""]","[0.019867549668874173, 0.018409425625920472, 0.012718600953895072]","[3.7277409860191315, 3.991899852724595, 1.1764705882352942]"
org.joda.time.TestPeriodType.testWeeks,0.019867549668874173,0.016998525416229905,0.012718600953895072,0.050995576248689715,0.016368546927714677,0.01669326531457859,0.003084352604532432,3.991899852724595,2.9653704756596735,1.1764705882352942,8.89611142697902,2.1917547723844173,2.5965826255305955,1.269531956309095,"[""PeriodType"", ""TestPeriodType"", ""DurationFieldType""]","[0.019867549668874173, 0.018409425625920472, 0.012718600953895072]","[3.7277409860191315, 3.991899852724595, 1.1764705882352942]"
org.joda.time.TestPeriodType.testMillis,0.019867549668874173,0.016998525416229905,0.012718600953895072,0.050995576248689715,0.016368546927714677,0.01669326531457859,0.003084352604532432,3.991899852724595,2.9653704756596735,1.1764705882352942,8.89611142697902,2.1917547723844173,2.5965826255305955,1.269531956309095,"[""PeriodType"", ""TestPeriodType"", ""DurationFieldType""]","[0.019867549668874173, 0.018409425625920472, 0.012718600953895072]","[3.7277409860191315, 3.991899852724595, 1.1764705882352942]"
org.joda.time.TestPeriodType.testMaskWeeks,0.019867549668874173,0.016998525416229905,0.012718600953895072,0.050995576248689715,0.016368546927714677,0.01669326531457859,0.003084352604532432,3.991899852724595,2.9653704756596735,1.1764705882352942,8.89611142697902,2.1917547723844173,2.5965826255305955,1.269531956309095,"[""PeriodType"", ""TestPeriodType"", ""DurationFieldType""]","[0.019867549668874173, 0.018409425625920472, 0.012718600953895072]","[3.7277409860191315, 3.991899852724595, 1.1764705882352942]"
org.joda.time.TestPeriodType.testForFields7,0.019867549668874173,0.016998525416229905,0.012718600953895072,0.050995576248689715,0.016368546927714677,0.01669326531457859,0.003084352604532432,3.991899852724595,2.9653704756596735,1.1764705882352942,8.89611142697902,2.1917547723844173,2.5965826255305955,1.269531956309095,"[""PeriodType"", ""TestPeriodType"", ""DurationFieldType""]","[0.019867549668874173, 0.018409425625920472, 0.012718600953895072]","[3.7277409860191315, 3.991899852724595, 1.1764705882352942]"
org.joda.time.TestPeriodType.testYearDay,0.019867549668874173,0.016998525416229905,0.012718600953895072,0.050995576248689715,0.016368546927714677,0.01669326531457859,0.003084352604532432,3.991899852724595,2.9653704756596735,1.1764705882352942,8.89611142697902,2.1917547723844173,2.5965826255305955,1.269531956309095,"[""PeriodType"", ""TestPeriodType"", ""DurationFieldType""]","[0.019867549668874173, 0.018409425625920472, 0.012718600953895072]","[3.7277409860191315, 3.991899852724595, 1.1764705882352942]"
org.joda.time.TestPeriodType.testMaskHoursMinutesSeconds,0.019867549668874173,0.016998525416229905,0.012718600953895072,0.050995576248689715,0.016368546927714677,0.01669326531457859,0.003084352604532432,3.991899852724595,2.9653704756596735,1.1764705882352942,8.89611142697902,2.1917547723844173,2.5965826255305955,1.269531956309095,"[""PeriodType"", ""TestPeriodType"", ""DurationFieldType""]","[0.019867549668874173, 0.018409425625920472, 0.012718600953895072]","[3.7277409860191315, 3.991899852724595, 1.1764705882352942]"
org.joda.time.TestSerialization.testSerializedDateTimeFieldType,0.022244691607684528,0.012737466842920958,0.006006006006006006,0.05094986737168383,0.009135354514041653,0.010758064451053675,0.0070117756446204495,2.320525783619818,1.147146990861676,0.07507507507507508,4.588587963446704,0.15315123520915463,0.41924041772596,1.070190799407707,"[""StringBuilder"", ""ByteArrayOutputStream"", ""DateTimeFieldType"", ""ObjectInputStream"", ""TestSerialization"", ""FileInputStream"", ""ObjectOutputStream"", ""ByteArrayInputStream""]","[0.022244691607684528, 0.016693163751987282, 0.006006006006006006, 0.006006006006006006]","[2.320525783619818, 2.1089030206677264, 0.08408408408408409, 0.07507507507507508]"
org.joda.time.TestInterval_Basics.testGetDuration2,0.028210838901262063,0.02546226344345829,0.022713687985654513,0.05092452688691658,0.025165562913907286,0.025313478477222977,0.0027485754578037754,5.182628062360802,3.366269201533061,1.5499103407053199,6.732538403066122,2.3862051265015833,2.8341857430102535,1.816358860827741,"[""TestInterval_Basics"", ""Interval""]","[0.028210838901262063, 0.022713687985654513]","[5.182628062360802, 1.5499103407053199]"
org.joda.time.TestInterval_Basics.testContains_long_zeroDuration,0.028210838901262063,0.02546226344345829,0.022713687985654513,0.05092452688691658,0.025165562913907286,0.025313478477222977,0.0027485754578037754,5.182628062360802,3.366269201533061,1.5499103407053199,6.732538403066122,2.3862051265015833,2.8341857430102535,1.816358860827741,"[""TestInterval_Basics"", ""Interval""]","[0.028210838901262063, 0.022713687985654513]","[5.182628062360802, 1.5499103407053199]"
org.joda.time.TestInterval_Basics.testWithChronology3,0.028210838901262063,0.02546226344345829,0.022713687985654513,0.05092452688691658,0.025165562913907286,0.025313478477222977,0.0027485754578037754,5.182628062360802,3.366269201533061,1.5499103407053199,6.732538403066122,2.3862051265015833,2.8341857430102535,1.816358860827741,"[""TestInterval_Basics"", ""Interval""]","[0.028210838901262063, 0.022713687985654513]","[5.182628062360802, 1.5499103407053199]"
org.joda.time.TestInterval_Basics.testWithDurationBeforeEnd2,0.028210838901262063,0.02546226344345829,0.022713687985654513,0.05092452688691658,0.025165562913907286,0.025313478477222977,0.0027485754578037754,5.182628062360802,3.366269201533061,1.5499103407053199,6.732538403066122,2.3862051265015833,2.8341857430102535,1.816358860827741,"[""TestInterval_Basics"", ""Interval""]","[0.028210838901262063, 0.022713687985654513]","[5.182628062360802, 1.5499103407053199]"
org.joda.time.TestInterval_Basics.testIsBefore_RInterval,0.028210838901262063,0.02546226344345829,0.022713687985654513,0.05092452688691658,0.025165562913907286,0.025313478477222977,0.0027485754578037754,5.182628062360802,3.366269201533061,1.5499103407053199,6.732538403066122,2.3862051265015833,2.8341857430102535,1.816358860827741,"[""TestInterval_Basics"", ""Interval""]","[0.028210838901262063, 0.022713687985654513]","[5.182628062360802, 1.5499103407053199]"
org.joda.time.TestInterval_Basics.testWithDurationAfterStart4,0.028210838901262063,0.02546226344345829,0.022713687985654513,0.05092452688691658,0.025165562913907286,0.025313478477222977,0.0027485754578037754,5.182628062360802,3.366269201533061,1.5499103407053199,6.732538403066122,2.3862051265015833,2.8341857430102535,1.816358860827741,"[""TestInterval_Basics"", ""Interval""]","[0.028210838901262063, 0.022713687985654513]","[5.182628062360802, 1.5499103407053199]"
org.joda.time.TestInterval_Basics.testToMutableInterval1,0.028210838901262063,0.02546226344345829,0.022713687985654513,0.05092452688691658,0.025165562913907286,0.025313478477222977,0.0027485754578037754,5.182628062360802,3.366269201533061,1.5499103407053199,6.732538403066122,2.3862051265015833,2.8341857430102535,1.816358860827741,"[""TestInterval_Basics"", ""Interval""]","[0.028210838901262063, 0.022713687985654513]","[5.182628062360802, 1.5499103407053199]"
org.joda.time.TestInterval_Basics.testContains_long,0.028210838901262063,0.02546226344345829,0.022713687985654513,0.05092452688691658,0.025165562913907286,0.025313478477222977,0.0027485754578037754,5.182628062360802,3.366269201533061,1.5499103407053199,6.732538403066122,2.3862051265015833,2.8341857430102535,1.816358860827741,"[""TestInterval_Basics"", ""Interval""]","[0.028210838901262063, 0.022713687985654513]","[5.182628062360802, 1.5499103407053199]"
org.joda.time.TestInterval_Basics.testWithEndMillis_long1,0.028210838901262063,0.02546226344345829,0.022713687985654513,0.05092452688691658,0.025165562913907286,0.025313478477222977,0.0027485754578037754,5.182628062360802,3.366269201533061,1.5499103407053199,6.732538403066122,2.3862051265015833,2.8341857430102535,1.816358860827741,"[""TestInterval_Basics"", ""Interval""]","[0.028210838901262063, 0.022713687985654513]","[5.182628062360802, 1.5499103407053199]"
org.joda.time.TestInterval_Basics.testWithStartMillis_long1,0.028210838901262063,0.02546226344345829,0.022713687985654513,0.05092452688691658,0.025165562913907286,0.025313478477222977,0.0027485754578037754,5.182628062360802,3.366269201533061,1.5499103407053199,6.732538403066122,2.3862051265015833,2.8341857430102535,1.816358860827741,"[""TestInterval_Basics"", ""Interval""]","[0.028210838901262063, 0.022713687985654513]","[5.182628062360802, 1.5499103407053199]"
org.joda.time.TestInterval_Basics.test_useCase_ContainsOverlapAbutGap_bothZeroDuration,0.028210838901262063,0.02546226344345829,0.022713687985654513,0.05092452688691658,0.025165562913907286,0.025313478477222977,0.0027485754578037754,5.182628062360802,3.366269201533061,1.5499103407053199,6.732538403066122,2.3862051265015833,2.8341857430102535,1.816358860827741,"[""TestInterval_Basics"", ""Interval""]","[0.028210838901262063, 0.022713687985654513]","[5.182628062360802, 1.5499103407053199]"
org.joda.time.TestInterval_Basics.testIsAfter_long,0.028210838901262063,0.02546226344345829,0.022713687985654513,0.05092452688691658,0.025165562913907286,0.025313478477222977,0.0027485754578037754,5.182628062360802,3.366269201533061,1.5499103407053199,6.732538403066122,2.3862051265015833,2.8341857430102535,1.816358860827741,"[""TestInterval_Basics"", ""Interval""]","[0.028210838901262063, 0.022713687985654513]","[5.182628062360802, 1.5499103407053199]"
org.joda.time.TestInterval_Basics.testWithPeriodAfterStart2,0.028210838901262063,0.02546226344345829,0.022713687985654513,0.05092452688691658,0.025165562913907286,0.025313478477222977,0.0027485754578037754,5.182628062360802,3.366269201533061,1.5499103407053199,6.732538403066122,2.3862051265015833,2.8341857430102535,1.816358860827741,"[""TestInterval_Basics"", ""Interval""]","[0.028210838901262063, 0.022713687985654513]","[5.182628062360802, 1.5499103407053199]"
org.joda.time.TestInterval_Basics.test_useCase_ContainsOverlapAbutGap,0.028210838901262063,0.02546226344345829,0.022713687985654513,0.05092452688691658,0.025165562913907286,0.025313478477222977,0.0027485754578037754,5.182628062360802,3.366269201533061,1.5499103407053199,6.732538403066122,2.3862051265015833,2.8341857430102535,1.816358860827741,"[""TestInterval_Basics"", ""Interval""]","[0.028210838901262063, 0.022713687985654513]","[5.182628062360802, 1.5499103407053199]"
org.joda.time.TestInterval_Basics.testOverlaps_RInterval_zeroDuration,0.028210838901262063,0.02546226344345829,0.022713687985654513,0.05092452688691658,0.025165562913907286,0.025313478477222977,0.0027485754578037754,5.182628062360802,3.366269201533061,1.5499103407053199,6.732538403066122,2.3862051265015833,2.8341857430102535,1.816358860827741,"[""TestInterval_Basics"", ""Interval""]","[0.028210838901262063, 0.022713687985654513]","[5.182628062360802, 1.5499103407053199]"
org.joda.time.TestInterval_Basics.testContains_RInterval,0.028210838901262063,0.02546226344345829,0.022713687985654513,0.05092452688691658,0.025165562913907286,0.025313478477222977,0.0027485754578037754,5.182628062360802,3.366269201533061,1.5499103407053199,6.732538403066122,2.3862051265015833,2.8341857430102535,1.816358860827741,"[""TestInterval_Basics"", ""Interval""]","[0.028210838901262063, 0.022713687985654513]","[5.182628062360802, 1.5499103407053199]"
org.joda.time.TestInterval_Basics.testWithPeriodBeforeEnd2,0.028210838901262063,0.02546226344345829,0.022713687985654513,0.05092452688691658,0.025165562913907286,0.025313478477222977,0.0027485754578037754,5.182628062360802,3.366269201533061,1.5499103407053199,6.732538403066122,2.3862051265015833,2.8341857430102535,1.816358860827741,"[""TestInterval_Basics"", ""Interval""]","[0.028210838901262063, 0.022713687985654513]","[5.182628062360802, 1.5499103407053199]"
org.joda.time.TestInterval_Basics.testWithEndInstant_RI3,0.028210838901262063,0.02546226344345829,0.022713687985654513,0.05092452688691658,0.025165562913907286,0.025313478477222977,0.0027485754578037754,5.182628062360802,3.366269201533061,1.5499103407053199,6.732538403066122,2.3862051265015833,2.8341857430102535,1.816358860827741,"[""TestInterval_Basics"", ""Interval""]","[0.028210838901262063, 0.022713687985654513]","[5.182628062360802, 1.5499103407053199]"
org.joda.time.TestInterval_Basics.test_useCase_ContainsOverlapAbutGap_zeroDuration,0.028210838901262063,0.02546226344345829,0.022713687985654513,0.05092452688691658,0.025165562913907286,0.025313478477222977,0.0027485754578037754,5.182628062360802,3.366269201533061,1.5499103407053199,6.732538403066122,2.3862051265015833,2.8341857430102535,1.816358860827741,"[""TestInterval_Basics"", ""Interval""]","[0.028210838901262063, 0.022713687985654513]","[5.182628062360802, 1.5499103407053199]"
org.joda.time.TestInterval_Basics.testOverlap_RInterval,0.028210838901262063,0.02546226344345829,0.022713687985654513,0.05092452688691658,0.025165562913907286,0.025313478477222977,0.0027485754578037754,5.182628062360802,3.366269201533061,1.5499103407053199,6.732538403066122,2.3862051265015833,2.8341857430102535,1.816358860827741,"[""TestInterval_Basics"", ""Interval""]","[0.028210838901262063, 0.022713687985654513]","[5.182628062360802, 1.5499103407053199]"
org.joda.time.TestInterval_Basics.testToInterval1,0.028210838901262063,0.02546226344345829,0.022713687985654513,0.05092452688691658,0.025165562913907286,0.025313478477222977,0.0027485754578037754,5.182628062360802,3.366269201533061,1.5499103407053199,6.732538403066122,2.3862051265015833,2.8341857430102535,1.816358860827741,"[""TestInterval_Basics"", ""Interval""]","[0.028210838901262063, 0.022713687985654513]","[5.182628062360802, 1.5499103407053199]"
org.joda.time.TestInterval_Basics.testAbuts_RInterval,0.028210838901262063,0.02546226344345829,0.022713687985654513,0.05092452688691658,0.025165562913907286,0.025313478477222977,0.0027485754578037754,5.182628062360802,3.366269201533061,1.5499103407053199,6.732538403066122,2.3862051265015833,2.8341857430102535,1.816358860827741,"[""TestInterval_Basics"", ""Interval""]","[0.028210838901262063, 0.022713687985654513]","[5.182628062360802, 1.5499103407053199]"
org.joda.time.TestInterval_Basics.testWithEndMillis_long2,0.028210838901262063,0.02546226344345829,0.022713687985654513,0.05092452688691658,0.025165562913907286,0.025313478477222977,0.0027485754578037754,5.182628062360802,3.366269201533061,1.5499103407053199,6.732538403066122,2.3862051265015833,2.8341857430102535,1.816358860827741,"[""TestInterval_Basics"", ""Interval""]","[0.028210838901262063, 0.022713687985654513]","[5.182628062360802, 1.5499103407053199]"
org.joda.time.TestInterval_Basics.testWithStartInstant_RI3,0.028210838901262063,0.02546226344345829,0.022713687985654513,0.05092452688691658,0.025165562913907286,0.025313478477222977,0.0027485754578037754,5.182628062360802,3.366269201533061,1.5499103407053199,6.732538403066122,2.3862051265015833,2.8341857430102535,1.816358860827741,"[""TestInterval_Basics"", ""Interval""]","[0.028210838901262063, 0.022713687985654513]","[5.182628062360802, 1.5499103407053199]"
org.joda.time.TestInterval_Basics.testOverlaps_RInterval,0.028210838901262063,0.02546226344345829,0.022713687985654513,0.05092452688691658,0.025165562913907286,0.025313478477222977,0.0027485754578037754,5.182628062360802,3.366269201533061,1.5499103407053199,6.732538403066122,2.3862051265015833,2.8341857430102535,1.816358860827741,"[""TestInterval_Basics"", ""Interval""]","[0.028210838901262063, 0.022713687985654513]","[5.182628062360802, 1.5499103407053199]"
org.joda.time.TestInterval_Basics.testGap_RInterval,0.028210838901262063,0.02546226344345829,0.022713687985654513,0.05092452688691658,0.025165562913907286,0.025313478477222977,0.0027485754578037754,5.182628062360802,3.366269201533061,1.5499103407053199,6.732538403066122,2.3862051265015833,2.8341857430102535,1.816358860827741,"[""TestInterval_Basics"", ""Interval""]","[0.028210838901262063, 0.022713687985654513]","[5.182628062360802, 1.5499103407053199]"
org.joda.time.TestInterval_Basics.testWithDurationBeforeEnd4,0.028210838901262063,0.02546226344345829,0.022713687985654513,0.05092452688691658,0.025165562913907286,0.025313478477222977,0.0027485754578037754,5.182628062360802,3.366269201533061,1.5499103407053199,6.732538403066122,2.3862051265015833,2.8341857430102535,1.816358860827741,"[""TestInterval_Basics"", ""Interval""]","[0.028210838901262063, 0.022713687985654513]","[5.182628062360802, 1.5499103407053199]"
org.joda.time.TestInterval_Basics.testWithDurationAfterStart2,0.028210838901262063,0.02546226344345829,0.022713687985654513,0.05092452688691658,0.025165562913907286,0.025313478477222977,0.0027485754578037754,5.182628062360802,3.366269201533061,1.5499103407053199,6.732538403066122,2.3862051265015833,2.8341857430102535,1.816358860827741,"[""TestInterval_Basics"", ""Interval""]","[0.028210838901262063, 0.022713687985654513]","[5.182628062360802, 1.5499103407053199]"
org.joda.time.TestInterval_Basics.testWithStartMillis_long2,0.028210838901262063,0.02546226344345829,0.022713687985654513,0.05092452688691658,0.025165562913907286,0.025313478477222977,0.0027485754578037754,5.182628062360802,3.366269201533061,1.5499103407053199,6.732538403066122,2.3862051265015833,2.8341857430102535,1.816358860827741,"[""TestInterval_Basics"", ""Interval""]","[0.028210838901262063, 0.022713687985654513]","[5.182628062360802, 1.5499103407053199]"
org.joda.time.TestInterval_Basics.testIsBefore_long,0.028210838901262063,0.02546226344345829,0.022713687985654513,0.05092452688691658,0.025165562913907286,0.025313478477222977,0.0027485754578037754,5.182628062360802,3.366269201533061,1.5499103407053199,6.732538403066122,2.3862051265015833,2.8341857430102535,1.816358860827741,"[""TestInterval_Basics"", ""Interval""]","[0.028210838901262063, 0.022713687985654513]","[5.182628062360802, 1.5499103407053199]"
org.joda.time.TestInterval_Basics.testWithStartMillis_long3,0.028210838901262063,0.02546226344345829,0.022713687985654513,0.05092452688691658,0.025165562913907286,0.025313478477222977,0.0027485754578037754,5.182628062360802,3.366269201533061,1.5499103407053199,6.732538403066122,2.3862051265015833,2.8341857430102535,1.816358860827741,"[""TestInterval_Basics"", ""Interval""]","[0.028210838901262063, 0.022713687985654513]","[5.182628062360802, 1.5499103407053199]"
org.joda.time.TestInterval_Basics.testWithEndMillis_long3,0.028210838901262063,0.02546226344345829,0.022713687985654513,0.05092452688691658,0.025165562913907286,0.025313478477222977,0.0027485754578037754,5.182628062360802,3.366269201533061,1.5499103407053199,6.732538403066122,2.3862051265015833,2.8341857430102535,1.816358860827741,"[""TestInterval_Basics"", ""Interval""]","[0.028210838901262063, 0.022713687985654513]","[5.182628062360802, 1.5499103407053199]"
org.joda.time.TestInterval_Basics.testIsAfter_RInterval,0.028210838901262063,0.02546226344345829,0.022713687985654513,0.05092452688691658,0.025165562913907286,0.025313478477222977,0.0027485754578037754,5.182628062360802,3.366269201533061,1.5499103407053199,6.732538403066122,2.3862051265015833,2.8341857430102535,1.816358860827741,"[""TestInterval_Basics"", ""Interval""]","[0.028210838901262063, 0.022713687985654513]","[5.182628062360802, 1.5499103407053199]"
org.joda.time.TestInterval_Basics.testIsEqual_RI,0.028210838901262063,0.02546226344345829,0.022713687985654513,0.05092452688691658,0.025165562913907286,0.025313478477222977,0.0027485754578037754,5.182628062360802,3.366269201533061,1.5499103407053199,6.732538403066122,2.3862051265015833,2.8341857430102535,1.816358860827741,"[""TestInterval_Basics"", ""Interval""]","[0.028210838901262063, 0.022713687985654513]","[5.182628062360802, 1.5499103407053199]"
org.joda.time.TestYearMonth_Constructors.testConstructor_ObjectStringEx2,0.029333333333333333,0.025333333333333333,0.021333333333333333,0.050666666666666665,0.024701754385964912,0.02501555071905829,0.004,5.344,3.810666666666667,2.2773333333333334,7.621333333333334,3.193685094471659,3.4885626457515904,1.5333333333333337,"[""YearMonth"", ""TestYearMonth_Constructors""]","[0.029333333333333333, 0.021333333333333333]","[5.344, 2.2773333333333334]"
org.joda.time.TestYearMonth_Constructors.testConstructor_ObjectString5,0.029333333333333333,0.025333333333333333,0.021333333333333333,0.050666666666666665,0.024701754385964912,0.02501555071905829,0.004,5.344,3.810666666666667,2.2773333333333334,7.621333333333334,3.193685094471659,3.4885626457515904,1.5333333333333337,"[""YearMonth"", ""TestYearMonth_Constructors""]","[0.029333333333333333, 0.021333333333333333]","[5.344, 2.2773333333333334]"
org.joda.time.TestYearMonth_Constructors.testConstructor_ObjectStringEx1,0.029333333333333333,0.025333333333333333,0.021333333333333333,0.050666666666666665,0.024701754385964912,0.02501555071905829,0.004,5.344,3.810666666666667,2.2773333333333334,7.621333333333334,3.193685094471659,3.4885626457515904,1.5333333333333337,"[""YearMonth"", ""TestYearMonth_Constructors""]","[0.029333333333333333, 0.021333333333333333]","[5.344, 2.2773333333333334]"
org.joda.time.TestYearMonth_Constructors.testConstructor_int_int_nullChronology,0.029333333333333333,0.025333333333333333,0.021333333333333333,0.050666666666666665,0.024701754385964912,0.02501555071905829,0.004,5.344,3.810666666666667,2.2773333333333334,7.621333333333334,3.193685094471659,3.4885626457515904,1.5333333333333337,"[""YearMonth"", ""TestYearMonth_Constructors""]","[0.029333333333333333, 0.021333333333333333]","[5.344, 2.2773333333333334]"
org.joda.time.TestYearMonth_Constructors.testConstructor_long2,0.029333333333333333,0.025333333333333333,0.021333333333333333,0.050666666666666665,0.024701754385964912,0.02501555071905829,0.004,5.344,3.810666666666667,2.2773333333333334,7.621333333333334,3.193685094471659,3.4885626457515904,1.5333333333333337,"[""YearMonth"", ""TestYearMonth_Constructors""]","[0.029333333333333333, 0.021333333333333333]","[5.344, 2.2773333333333334]"
org.joda.time.TestYearMonth_Constructors.testConstructor_ObjectString1,0.029333333333333333,0.025333333333333333,0.021333333333333333,0.050666666666666665,0.024701754385964912,0.02501555071905829,0.004,5.344,3.810666666666667,2.2773333333333334,7.621333333333334,3.193685094471659,3.4885626457515904,1.5333333333333337,"[""YearMonth"", ""TestYearMonth_Constructors""]","[0.029333333333333333, 0.021333333333333333]","[5.344, 2.2773333333333334]"
org.joda.time.TestYearMonth_Constructors.testConstructor_nullObject_Chronology,0.029333333333333333,0.025333333333333333,0.021333333333333333,0.050666666666666665,0.024701754385964912,0.02501555071905829,0.004,5.344,3.810666666666667,2.2773333333333334,7.621333333333334,3.193685094471659,3.4885626457515904,1.5333333333333337,"[""YearMonth"", ""TestYearMonth_Constructors""]","[0.029333333333333333, 0.021333333333333333]","[5.344, 2.2773333333333334]"
org.joda.time.TestYearMonth_Constructors.testConstructor_int_int_Chronology,0.029333333333333333,0.025333333333333333,0.021333333333333333,0.050666666666666665,0.024701754385964912,0.02501555071905829,0.004,5.344,3.810666666666667,2.2773333333333334,7.621333333333334,3.193685094471659,3.4885626457515904,1.5333333333333337,"[""YearMonth"", ""TestYearMonth_Constructors""]","[0.029333333333333333, 0.021333333333333333]","[5.344, 2.2773333333333334]"
org.joda.time.TestYearMonth_Constructors.testConstructor_nullObject_nullChronology,0.029333333333333333,0.025333333333333333,0.021333333333333333,0.050666666666666665,0.024701754385964912,0.02501555071905829,0.004,5.344,3.810666666666667,2.2773333333333334,7.621333333333334,3.193685094471659,3.4885626457515904,1.5333333333333337,"[""YearMonth"", ""TestYearMonth_Constructors""]","[0.029333333333333333, 0.021333333333333333]","[5.344, 2.2773333333333334]"
org.joda.time.TestYearMonth_Constructors.testConstructor_long1,0.029333333333333333,0.025333333333333333,0.021333333333333333,0.050666666666666665,0.024701754385964912,0.02501555071905829,0.004,5.344,3.810666666666667,2.2773333333333334,7.621333333333334,3.193685094471659,3.4885626457515904,1.5333333333333337,"[""YearMonth"", ""TestYearMonth_Constructors""]","[0.029333333333333333, 0.021333333333333333]","[5.344, 2.2773333333333334]"
org.joda.time.TestYearMonth_Constructors.testConstructor_ObjectStringEx4,0.029333333333333333,0.025333333333333333,0.021333333333333333,0.050666666666666665,0.024701754385964912,0.02501555071905829,0.004,5.344,3.810666666666667,2.2773333333333334,7.621333333333334,3.193685094471659,3.4885626457515904,1.5333333333333337,"[""YearMonth"", ""TestYearMonth_Constructors""]","[0.029333333333333333, 0.021333333333333333]","[5.344, 2.2773333333333334]"
org.joda.time.TestYearMonth_Constructors.testConstructor,0.029333333333333333,0.025333333333333333,0.021333333333333333,0.050666666666666665,0.024701754385964912,0.02501555071905829,0.004,5.344,3.810666666666667,2.2773333333333334,7.621333333333334,3.193685094471659,3.4885626457515904,1.5333333333333337,"[""YearMonth"", ""TestYearMonth_Constructors""]","[0.029333333333333333, 0.021333333333333333]","[5.344, 2.2773333333333334]"
org.joda.time.TestYearMonth_Constructors.testConstructor_long_nullChronology,0.029333333333333333,0.025333333333333333,0.021333333333333333,0.050666666666666665,0.024701754385964912,0.02501555071905829,0.004,5.344,3.810666666666667,2.2773333333333334,7.621333333333334,3.193685094471659,3.4885626457515904,1.5333333333333337,"[""YearMonth"", ""TestYearMonth_Constructors""]","[0.029333333333333333, 0.021333333333333333]","[5.344, 2.2773333333333334]"
org.joda.time.TestYearMonth_Constructors.testConstructor_nullObject,0.029333333333333333,0.025333333333333333,0.021333333333333333,0.050666666666666665,0.024701754385964912,0.02501555071905829,0.004,5.344,3.810666666666667,2.2773333333333334,7.621333333333334,3.193685094471659,3.4885626457515904,1.5333333333333337,"[""YearMonth"", ""TestYearMonth_Constructors""]","[0.029333333333333333, 0.021333333333333333]","[5.344, 2.2773333333333334]"
org.joda.time.TestYearMonth_Constructors.testConstructor_long1_Chronology,0.029333333333333333,0.025333333333333333,0.021333333333333333,0.050666666666666665,0.024701754385964912,0.02501555071905829,0.004,5.344,3.810666666666667,2.2773333333333334,7.621333333333334,3.193685094471659,3.4885626457515904,1.5333333333333337,"[""YearMonth"", ""TestYearMonth_Constructors""]","[0.029333333333333333, 0.021333333333333333]","[5.344, 2.2773333333333334]"
org.joda.time.TestYearMonth_Constructors.testConstructor_int_int,0.029333333333333333,0.025333333333333333,0.021333333333333333,0.050666666666666665,0.024701754385964912,0.02501555071905829,0.004,5.344,3.810666666666667,2.2773333333333334,7.621333333333334,3.193685094471659,3.4885626457515904,1.5333333333333337,"[""YearMonth"", ""TestYearMonth_Constructors""]","[0.029333333333333333, 0.021333333333333333]","[5.344, 2.2773333333333334]"
org.joda.time.TestYearMonth_Constructors.testConstructor_Chronology,0.029333333333333333,0.025333333333333333,0.021333333333333333,0.050666666666666665,0.024701754385964912,0.02501555071905829,0.004,5.344,3.810666666666667,2.2773333333333334,7.621333333333334,3.193685094471659,3.4885626457515904,1.5333333333333337,"[""YearMonth"", ""TestYearMonth_Constructors""]","[0.029333333333333333, 0.021333333333333333]","[5.344, 2.2773333333333334]"
org.joda.time.TestYearMonth_Constructors.testParse_noFormatter,0.029333333333333333,0.025333333333333333,0.021333333333333333,0.050666666666666665,0.024701754385964912,0.02501555071905829,0.004,5.344,3.810666666666667,2.2773333333333334,7.621333333333334,3.193685094471659,3.4885626457515904,1.5333333333333337,"[""YearMonth"", ""TestYearMonth_Constructors""]","[0.029333333333333333, 0.021333333333333333]","[5.344, 2.2773333333333334]"
org.joda.time.TestYearMonth_Constructors.testConstructor_long2_Chronology,0.029333333333333333,0.025333333333333333,0.021333333333333333,0.050666666666666665,0.024701754385964912,0.02501555071905829,0.004,5.344,3.810666666666667,2.2773333333333334,7.621333333333334,3.193685094471659,3.4885626457515904,1.5333333333333337,"[""YearMonth"", ""TestYearMonth_Constructors""]","[0.029333333333333333, 0.021333333333333333]","[5.344, 2.2773333333333334]"
org.joda.time.TestYearMonth_Constructors.testConstructor_nullChronology,0.029333333333333333,0.025333333333333333,0.021333333333333333,0.050666666666666665,0.024701754385964912,0.02501555071905829,0.004,5.344,3.810666666666667,2.2773333333333334,7.621333333333334,3.193685094471659,3.4885626457515904,1.5333333333333337,"[""YearMonth"", ""TestYearMonth_Constructors""]","[0.029333333333333333, 0.021333333333333333]","[5.344, 2.2773333333333334]"
org.joda.time.TestYearMonth_Constructors.testConstructor_ObjectStringEx3,0.029333333333333333,0.025333333333333333,0.021333333333333333,0.050666666666666665,0.024701754385964912,0.02501555071905829,0.004,5.344,3.810666666666667,2.2773333333333334,7.621333333333334,3.193685094471659,3.4885626457515904,1.5333333333333337,"[""YearMonth"", ""TestYearMonth_Constructors""]","[0.029333333333333333, 0.021333333333333333]","[5.344, 2.2773333333333334]"
org.joda.time.chrono.TestEthiopicChronology.testDateFields,0.01907032181168057,0.016769466172302395,0.015494636471990465,0.05030839851690719,0.016621006908648584,0.016693459623031027,0.001630118264185407,3.2121573301549464,2.004126806520327,0.9833134684147795,6.01238041956098,1.5968726333149699,1.7903614044095404,0.9195012945150487,"[""DateTimeField"", ""TestEthiopicChronology"", ""EthiopicChronology""]","[0.01907032181168057, 0.01574344023323615, 0.015494636471990465]","[3.2121573301549464, 1.8169096209912536, 0.9833134684147795]"
org.joda.time.chrono.TestEthiopicChronology.testTimeFields,0.01907032181168057,0.016769466172302395,0.015494636471990465,0.05030839851690719,0.016621006908648584,0.016693459623031027,0.001630118264185407,3.2121573301549464,2.004126806520327,0.9833134684147795,6.01238041956098,1.5968726333149699,1.7903614044095404,0.9195012945150487,"[""DateTimeField"", ""TestEthiopicChronology"", ""EthiopicChronology""]","[0.01907032181168057, 0.01574344023323615, 0.015494636471990465]","[3.2121573301549464, 1.8169096209912536, 0.9833134684147795]"
org.joda.time.field.TestPreciseDurationField.test_compareTo,0.01574344023323615,0.012555233879758688,0.009362200117027502,0.050220935519034754,0.012135087115599344,0.01234683651015069,0.0022589791936042884,1.1764705882352942,0.8280874967783168,0.42012873025160913,3.3123499871132673,0.7089240273905676,0.7700238891546158,0.2910645130129011,"[""TestPreciseDurationField"", ""PreciseDurationField"", ""DurationFieldType"", ""ISOChronology""]","[0.01574344023323615, 0.012718600953895072, 0.012396694214876033, 0.009362200117027502]","[0.7008746355685131, 1.1764705882352942, 1.0148760330578512, 0.42012873025160913]"
org.joda.time.field.TestPreciseDurationField.test_hashCode,0.01574344023323615,0.012555233879758688,0.009362200117027502,0.050220935519034754,0.012135087115599344,0.01234683651015069,0.0022589791936042884,1.1764705882352942,0.8280874967783168,0.42012873025160913,3.3123499871132673,0.7089240273905676,0.7700238891546158,0.2910645130129011,"[""Object"", ""PreciseDurationField"", ""DurationFieldType"", ""TestPreciseDurationField"", ""ISOChronology""]","[0.01574344023323615, 0.012718600953895072, 0.012396694214876033, 0.009362200117027502]","[0.7008746355685131, 1.1764705882352942, 1.0148760330578512, 0.42012873025160913]"
org.joda.time.field.TestPreciseDurationField.test_equals,0.01574344023323615,0.012555233879758688,0.009362200117027502,0.050220935519034754,0.012135087115599344,0.01234683651015069,0.0022589791936042884,1.1764705882352942,0.8280874967783168,0.42012873025160913,3.3123499871132673,0.7089240273905676,0.7700238891546158,0.2910645130129011,"[""TestPreciseDurationField"", ""PreciseDurationField"", ""DurationFieldType"", ""ISOChronology""]","[0.01574344023323615, 0.012718600953895072, 0.012396694214876033, 0.009362200117027502]","[0.7008746355685131, 1.1764705882352942, 1.0148760330578512, 0.42012873025160913]"
org.joda.time.TestSerialization.testSerializedGregorianChronology,0.022244691607684528,0.012500035963233173,0.006006006006006006,0.050000143852932694,0.009060575438061281,0.010601672601949953,0.006888810402717202,2.320525783619818,0.7779387284061144,0.07507507507507508,3.1117549136244578,0.1469189411247961,0.3101989206076853,0.9187361019311088,"[""StringBuilder"", ""ByteArrayOutputStream"", ""ObjectInputStream"", ""TestSerialization"", ""GregorianChronology"", ""FileInputStream"", ""ObjectOutputStream"", ""ByteArrayInputStream""]","[0.022244691607684528, 0.01574344023323615, 0.006006006006006006, 0.006006006006006006]","[2.320525783619818, 0.632069970845481, 0.08408408408408409, 0.07507507507507508]"
org.joda.time.TestSerialization.testSerializedISOChronology,0.022244691607684528,0.012500035963233173,0.006006006006006006,0.050000143852932694,0.009060575438061281,0.010601672601949953,0.006888810402717202,2.320525783619818,0.7951398945868725,0.07507507507507508,3.18055957834749,0.14776187317717437,0.318316447003883,0.9164853735148972,"[""StringBuilder"", ""ByteArrayOutputStream"", ""ObjectInputStream"", ""TestSerialization"", ""FileInputStream"", ""ISOChronology"", ""ObjectOutputStream"", ""ByteArrayInputStream""]","[0.022244691607684528, 0.01574344023323615, 0.006006006006006006, 0.006006006006006006]","[2.320525783619818, 0.7008746355685131, 0.08408408408408409, 0.07507507507507508]"
org.joda.time.TestMutableInterval_Updates.testSetInterval_RI_RI2,0.018658892128279883,0.016666443746787444,0.01281085154483798,0.049999331240362335,0.01616202403538829,0.016422648657224693,0.002726826401781172,1.330821401657875,1.189879868921395,0.963265306122449,3.569639606764185,1.165716293162486,1.1781160059236306,0.16182144872538784,"[""MutableInterval"", ""TestMutableInterval_Updates"", ""Instant""]","[0.018658892128279883, 0.01852958756724447, 0.01281085154483798]","[0.963265306122449, 1.2755528989838614, 1.330821401657875]"
org.joda.time.TestMutableInterval_Updates.testSetEnd_RI1,0.018658892128279883,0.016666443746787444,0.01281085154483798,0.049999331240362335,0.01616202403538829,0.016422648657224693,0.002726826401781172,1.330821401657875,1.189879868921395,0.963265306122449,3.569639606764185,1.165716293162486,1.1781160059236306,0.16182144872538784,"[""MutableInterval"", ""TestMutableInterval_Updates"", ""Instant""]","[0.018658892128279883, 0.01852958756724447, 0.01281085154483798]","[0.963265306122449, 1.2755528989838614, 1.330821401657875]"
org.joda.time.TestMutableInterval_Updates.testSetInterval_RI_RI4,0.018658892128279883,0.016666443746787444,0.01281085154483798,0.049999331240362335,0.01616202403538829,0.016422648657224693,0.002726826401781172,1.330821401657875,1.189879868921395,0.963265306122449,3.569639606764185,1.165716293162486,1.1781160059236306,0.16182144872538784,"[""MutableInterval"", ""TestMutableInterval_Updates"", ""Instant""]","[0.018658892128279883, 0.01852958756724447, 0.01281085154483798]","[0.963265306122449, 1.2755528989838614, 1.330821401657875]"
org.joda.time.TestMutableInterval_Updates.testSetInterval_RI_RI3,0.018658892128279883,0.016666443746787444,0.01281085154483798,0.049999331240362335,0.01616202403538829,0.016422648657224693,0.002726826401781172,1.330821401657875,1.189879868921395,0.963265306122449,3.569639606764185,1.165716293162486,1.1781160059236306,0.16182144872538784,"[""MutableInterval"", ""TestMutableInterval_Updates"", ""Instant""]","[0.018658892128279883, 0.01852958756724447, 0.01281085154483798]","[0.963265306122449, 1.2755528989838614, 1.330821401657875]"
org.joda.time.TestMutableInterval_Updates.testSetStart_RI2,0.018658892128279883,0.016666443746787444,0.01281085154483798,0.049999331240362335,0.01616202403538829,0.016422648657224693,0.002726826401781172,1.330821401657875,1.189879868921395,0.963265306122449,3.569639606764185,1.165716293162486,1.1781160059236306,0.16182144872538784,"[""MutableInterval"", ""TestMutableInterval_Updates"", ""Instant""]","[0.018658892128279883, 0.01852958756724447, 0.01281085154483798]","[0.963265306122449, 1.2755528989838614, 1.330821401657875]"
org.joda.time.TestMutableInterval_Updates.testSetInterval_RI_RI1,0.018658892128279883,0.016666443746787444,0.01281085154483798,0.049999331240362335,0.01616202403538829,0.016422648657224693,0.002726826401781172,1.330821401657875,1.189879868921395,0.963265306122449,3.569639606764185,1.165716293162486,1.1781160059236306,0.16182144872538784,"[""MutableInterval"", ""TestMutableInterval_Updates"", ""Instant""]","[0.018658892128279883, 0.01852958756724447, 0.01281085154483798]","[0.963265306122449, 1.2755528989838614, 1.330821401657875]"
org.joda.time.TestMutableInterval_Updates.testSetEnd_RI2,0.018658892128279883,0.016666443746787444,0.01281085154483798,0.049999331240362335,0.01616202403538829,0.016422648657224693,0.002726826401781172,1.330821401657875,1.189879868921395,0.963265306122449,3.569639606764185,1.165716293162486,1.1781160059236306,0.16182144872538784,"[""MutableInterval"", ""TestMutableInterval_Updates"", ""Instant""]","[0.018658892128279883, 0.01852958756724447, 0.01281085154483798]","[0.963265306122449, 1.2755528989838614, 1.330821401657875]"
org.joda.time.TestMutableInterval_Updates.testSetStart_RI1,0.018658892128279883,0.016666443746787444,0.01281085154483798,0.049999331240362335,0.01616202403538829,0.016422648657224693,0.002726826401781172,1.330821401657875,1.189879868921395,0.963265306122449,3.569639606764185,1.165716293162486,1.1781160059236306,0.16182144872538784,"[""MutableInterval"", ""TestMutableInterval_Updates"", ""Instant""]","[0.018658892128279883, 0.01852958756724447, 0.01281085154483798]","[0.963265306122449, 1.2755528989838614, 1.330821401657875]"
org.joda.time.TestDateMidnight_Properties.testPropertySetTextLocaleMonthOfYear,0.03319502074688797,0.0249135186894523,0.016632016632016633,0.0498270373789046,0.0221606648199446,0.023496811212638573,0.008281502057435667,3.8485477178423237,2.839381274028577,1.8302148302148302,5.678762548057154,2.480705628515591,2.65399116576986,1.0091664438137469,"[""TestDateMidnight_Properties"", ""DateMidnight"", ""DateMidnight$Property""]","[0.03319502074688797, 0.016632016632016633]","[3.8485477178423237, 1.8302148302148302]"
org.joda.time.TestDateMidnight_Properties.testPropertyRoundHalfFloorMonthOfYear,0.03319502074688797,0.0249135186894523,0.016632016632016633,0.0498270373789046,0.0221606648199446,0.023496811212638573,0.008281502057435667,3.8485477178423237,2.839381274028577,1.8302148302148302,5.678762548057154,2.480705628515591,2.65399116576986,1.0091664438137469,"[""TestDateMidnight_Properties"", ""DateMidnight"", ""DateMidnight$Property""]","[0.03319502074688797, 0.016632016632016633]","[3.8485477178423237, 1.8302148302148302]"
org.joda.time.TestDateMidnight_Properties.testPropertyRoundHalfEvenMonthOfYear,0.03319502074688797,0.0249135186894523,0.016632016632016633,0.0498270373789046,0.0221606648199446,0.023496811212638573,0.008281502057435667,3.8485477178423237,2.839381274028577,1.8302148302148302,5.678762548057154,2.480705628515591,2.65399116576986,1.0091664438137469,"[""TestDateMidnight_Properties"", ""DateMidnight"", ""DateMidnight$Property""]","[0.03319502074688797, 0.016632016632016633]","[3.8485477178423237, 1.8302148302148302]"
org.joda.time.TestDateMidnight_Properties.testPropertyWithMinimumValueDayOfMonth,0.03319502074688797,0.0249135186894523,0.016632016632016633,0.0498270373789046,0.0221606648199446,0.023496811212638573,0.008281502057435667,3.8485477178423237,2.839381274028577,1.8302148302148302,5.678762548057154,2.480705628515591,2.65399116576986,1.0091664438137469,"[""TestDateMidnight_Properties"", ""DateMidnight"", ""DateMidnight$Property""]","[0.03319502074688797, 0.016632016632016633]","[3.8485477178423237, 1.8302148302148302]"
org.joda.time.TestDateMidnight_Properties.testPropertyRoundHalfCeilingMonthOfYear,0.03319502074688797,0.0249135186894523,0.016632016632016633,0.0498270373789046,0.0221606648199446,0.023496811212638573,0.008281502057435667,3.8485477178423237,2.839381274028577,1.8302148302148302,5.678762548057154,2.480705628515591,2.65399116576986,1.0091664438137469,"[""TestDateMidnight_Properties"", ""DateMidnight"", ""DateMidnight$Property""]","[0.03319502074688797, 0.016632016632016633]","[3.8485477178423237, 1.8302148302148302]"
org.joda.time.TestDateMidnight_Properties.testPropertyRoundCeilingMonthOfYear,0.03319502074688797,0.0249135186894523,0.016632016632016633,0.0498270373789046,0.0221606648199446,0.023496811212638573,0.008281502057435667,3.8485477178423237,2.839381274028577,1.8302148302148302,5.678762548057154,2.480705628515591,2.65399116576986,1.0091664438137469,"[""TestDateMidnight_Properties"", ""DateMidnight"", ""DateMidnight$Property""]","[0.03319502074688797, 0.016632016632016633]","[3.8485477178423237, 1.8302148302148302]"
org.joda.time.TestDateMidnight_Properties.testPropertyAddWrapFieldMonthOfYear,0.03319502074688797,0.0249135186894523,0.016632016632016633,0.0498270373789046,0.0221606648199446,0.023496811212638573,0.008281502057435667,3.8485477178423237,2.839381274028577,1.8302148302148302,5.678762548057154,2.480705628515591,2.65399116576986,1.0091664438137469,"[""TestDateMidnight_Properties"", ""DateMidnight"", ""DateMidnight$Property""]","[0.03319502074688797, 0.016632016632016633]","[3.8485477178423237, 1.8302148302148302]"
org.joda.time.TestDateMidnight_Properties.testPropertyGetDifferenceMonthOfYear,0.03319502074688797,0.0249135186894523,0.016632016632016633,0.0498270373789046,0.0221606648199446,0.023496811212638573,0.008281502057435667,3.8485477178423237,2.839381274028577,1.8302148302148302,5.678762548057154,2.480705628515591,2.65399116576986,1.0091664438137469,"[""TestDateMidnight_Properties"", ""DateMidnight"", ""DateMidnight$Property""]","[0.03319502074688797, 0.016632016632016633]","[3.8485477178423237, 1.8302148302148302]"
org.joda.time.TestDateMidnight_Properties.testPropertyAddMonthOfYear,0.03319502074688797,0.0249135186894523,0.016632016632016633,0.0498270373789046,0.0221606648199446,0.023496811212638573,0.008281502057435667,3.8485477178423237,2.839381274028577,1.8302148302148302,5.678762548057154,2.480705628515591,2.65399116576986,1.0091664438137469,"[""TestDateMidnight_Properties"", ""DateMidnight"", ""DateMidnight$Property""]","[0.03319502074688797, 0.016632016632016633]","[3.8485477178423237, 1.8302148302148302]"
org.joda.time.TestDateMidnight_Properties.testPropertySetTextMonthOfYear,0.03319502074688797,0.0249135186894523,0.016632016632016633,0.0498270373789046,0.0221606648199446,0.023496811212638573,0.008281502057435667,3.8485477178423237,2.839381274028577,1.8302148302148302,5.678762548057154,2.480705628515591,2.65399116576986,1.0091664438137469,"[""TestDateMidnight_Properties"", ""DateMidnight"", ""DateMidnight$Property""]","[0.03319502074688797, 0.016632016632016633]","[3.8485477178423237, 1.8302148302148302]"
org.joda.time.TestDateMidnight_Properties.testPropertyWithMaximumValueDayOfMonth,0.03319502074688797,0.0249135186894523,0.016632016632016633,0.0498270373789046,0.0221606648199446,0.023496811212638573,0.008281502057435667,3.8485477178423237,2.839381274028577,1.8302148302148302,5.678762548057154,2.480705628515591,2.65399116576986,1.0091664438137469,"[""TestDateMidnight_Properties"", ""DateMidnight"", ""DateMidnight$Property""]","[0.03319502074688797, 0.016632016632016633]","[3.8485477178423237, 1.8302148302148302]"
org.joda.time.TestDateMidnight_Properties.testPropertyRemainderMonthOfYear,0.03319502074688797,0.0249135186894523,0.016632016632016633,0.0498270373789046,0.0221606648199446,0.023496811212638573,0.008281502057435667,3.8485477178423237,2.839381274028577,1.8302148302148302,5.678762548057154,2.480705628515591,2.65399116576986,1.0091664438137469,"[""TestDateMidnight_Properties"", ""DateMidnight"", ""DateMidnight$Property""]","[0.03319502074688797, 0.016632016632016633]","[3.8485477178423237, 1.8302148302148302]"
org.joda.time.TestDateMidnight_Properties.testPropertySetMonthOfYear,0.03319502074688797,0.0249135186894523,0.016632016632016633,0.0498270373789046,0.0221606648199446,0.023496811212638573,0.008281502057435667,3.8485477178423237,2.839381274028577,1.8302148302148302,5.678762548057154,2.480705628515591,2.65399116576986,1.0091664438137469,"[""TestDateMidnight_Properties"", ""DateMidnight"", ""DateMidnight$Property""]","[0.03319502074688797, 0.016632016632016633]","[3.8485477178423237, 1.8302148302148302]"
org.joda.time.TestDateMidnight_Properties.testPropertyRoundFloorMonthOfYear,0.03319502074688797,0.0249135186894523,0.016632016632016633,0.0498270373789046,0.0221606648199446,0.023496811212638573,0.008281502057435667,3.8485477178423237,2.839381274028577,1.8302148302148302,5.678762548057154,2.480705628515591,2.65399116576986,1.0091664438137469,"[""TestDateMidnight_Properties"", ""DateMidnight"", ""DateMidnight$Property""]","[0.03319502074688797, 0.016632016632016633]","[3.8485477178423237, 1.8302148302148302]"
org.joda.time.TestDateMidnight_Properties.testPropertyAddLongMonthOfYear,0.03319502074688797,0.0249135186894523,0.016632016632016633,0.0498270373789046,0.0221606648199446,0.023496811212638573,0.008281502057435667,3.8485477178423237,2.839381274028577,1.8302148302148302,5.678762548057154,2.480705628515591,2.65399116576986,1.0091664438137469,"[""TestDateMidnight_Properties"", ""DateMidnight"", ""DateMidnight$Property""]","[0.03319502074688797, 0.016632016632016633]","[3.8485477178423237, 1.8302148302148302]"
org.joda.time.TestInstant_Constructors.testConstructor_Object,0.018658892128279883,0.012445291311562053,0.00243605359317905,0.04978116524624821,0.006612931895281146,0.00981013467339639,0.006122069817724907,0.963265306122449,0.5705238041358802,0.04506699147381242,2.282095216543521,0.15151713449263143,0.3633529514717216,0.3344202742706077,"[""Instant"", ""Date"", ""ISOChronology"", ""TestInstant_Constructors""]","[0.018658892128279883, 0.01574344023323615, 0.012942779291553134, 0.00243605359317905]","[0.963265306122449, 0.7008746355685131, 0.5728882833787466, 0.04506699147381242]"
org.joda.time.field.TestScaledDurationField.test_equals,0.01574344023323615,0.012408949502930134,0.008777062609713282,0.049635798011720536,0.011878476585377924,0.012149223362389737,0.002470094383256796,1.1764705882352942,0.8455016242222332,0.43358689291983615,3.3820064968889327,0.7250614952526712,0.7866459272634335,0.2962322716529183,"[""TestScaledDurationField"", ""DurationFieldType"", ""ISOChronology"", ""ScaledDurationField""]","[0.01574344023323615, 0.012718600953895072, 0.012396694214876033, 0.008777062609713282]","[0.7008746355685131, 1.1764705882352942, 1.0710743801652893, 0.43358689291983615]"
org.joda.time.field.TestScaledDurationField.test_hashCode,0.01574344023323615,0.012408949502930134,0.008777062609713282,0.049635798011720536,0.011878476585377924,0.012149223362389737,0.002470094383256796,1.1764705882352942,0.8455016242222332,0.43358689291983615,3.3820064968889327,0.7250614952526712,0.7866459272634335,0.2962322716529183,"[""TestScaledDurationField"", ""Object"", ""DurationFieldType"", ""ISOChronology"", ""ScaledDurationField""]","[0.01574344023323615, 0.012718600953895072, 0.012396694214876033, 0.008777062609713282]","[0.7008746355685131, 1.1764705882352942, 1.0710743801652893, 0.43358689291983615]"
org.joda.time.TestDuration_Basics.testTest,0.030913012221423435,0.02478595217485166,0.018658892128279883,0.04957190434970332,0.02327134968754492,0.02401671418824269,0.006127060046571776,3.7361610352264556,2.3497131706744523,0.963265306122449,4.699426341348905,1.5316398393796977,1.8970804683302651,1.3864478645520033,"[""TestDuration_Basics"", ""Instant""]","[0.030913012221423435, 0.018658892128279883]","[3.7361610352264556, 0.963265306122449]"
org.joda.time.format.TestDateTimeFormat.testFormat_invalid,0.027988338192419825,0.02478134110787172,0.021574344023323616,0.04956268221574344,0.02436631795575373,0.024572953359423295,0.0032069970845481043,3.660058309037901,3.277842565597668,2.8956268221574346,6.555685131195336,3.2332739593849,3.2554819935472423,0.3822157434402331,"[""DateTimeFormat"", ""TestDateTimeFormat""]","[0.027988338192419825, 0.021574344023323616]","[2.8956268221574346, 3.660058309037901]"
org.joda.time.format.TestDateTimeFormat.testSubclassableConstructor,0.027988338192419825,0.02478134110787172,0.021574344023323616,0.04956268221574344,0.02436631795575373,0.024572953359423295,0.0032069970845481043,3.660058309037901,3.277842565597668,2.8956268221574346,6.555685131195336,3.2332739593849,3.2554819935472423,0.3822157434402331,"[""DateTimeFormat"", ""TestDateTimeFormat$1"", ""TestDateTimeFormat""]","[0.027988338192419825, 0.021574344023323616]","[2.8956268221574346, 3.660058309037901]"
org.joda.time.TestStringConvert.testYearMonth,0.029333333333333333,0.02474731182795699,0.020161290322580645,0.04949462365591398,0.023897458179448185,0.024318672855695993,0.004586021505376344,5.344,3.1095,0.875,6.219,1.503778742563113,2.1624060673240817,2.2345,"[""StringConvert"", ""YearMonth"", ""TestStringConvert""]","[0.029333333333333333, 0.020161290322580645]","[5.344, 0.875]"
org.joda.time.chrono.TestGJChronology.testFactory,0.02507288629737609,0.024489795918367346,0.0239067055393586,0.04897959183673469,0.02447591281410523,0.02448285338217727,0.0005830903790087459,2.896209912536443,2.6705539358600583,2.4448979591836735,5.341107871720117,2.6514864985295428,2.661003138767009,0.22565597667638482,"[""TestGJChronology"", ""Object"", ""GJChronology""]","[0.02507288629737609, 0.0239067055393586]","[2.896209912536443, 2.4448979591836735]"
org.joda.time.chrono.TestGJChronology.testFactoryUTC,0.02507288629737609,0.024489795918367346,0.0239067055393586,0.04897959183673469,0.02447591281410523,0.02448285338217727,0.0005830903790087459,2.896209912536443,2.6705539358600583,2.4448979591836735,5.341107871720117,2.6514864985295428,2.661003138767009,0.22565597667638482,"[""TestGJChronology"", ""Object"", ""GJChronology""]","[0.02507288629737609, 0.0239067055393586]","[2.896209912536443, 2.4448979591836735]"
org.joda.time.chrono.TestGJChronology.testToString,0.02507288629737609,0.024489795918367346,0.0239067055393586,0.04897959183673469,0.02447591281410523,0.02448285338217727,0.0005830903790087459,2.896209912536443,2.6705539358600583,2.4448979591836735,5.341107871720117,2.6514864985295428,2.661003138767009,0.22565597667638482,"[""TestGJChronology"", ""GJChronology""]","[0.02507288629737609, 0.0239067055393586]","[2.896209912536443, 2.4448979591836735]"
org.joda.time.chrono.TestBuddhistChronology.testTimeFields,0.01749271137026239,0.016326530612244896,0.01574344023323615,0.04897959183673469,0.016286317482658085,0.01630617641608438,0.0008246143220834384,1.8169096209912536,1.425072886297376,1.114868804664723,4.275218658892128,1.3687946818250007,1.3961277075455731,0.2923619269347111,"[""TestBuddhistChronology"", ""DateTimeField"", ""BuddhistChronology""]","[0.01749271137026239, 0.01574344023323615, 0.01574344023323615]","[1.114868804664723, 1.8169096209912536, 1.3434402332361517]"
org.joda.time.chrono.TestGJChronology.testWithUTC,0.02507288629737609,0.024489795918367346,0.0239067055393586,0.04897959183673469,0.02447591281410523,0.02448285338217727,0.0005830903790087459,2.896209912536443,2.6705539358600583,2.4448979591836735,5.341107871720117,2.6514864985295428,2.661003138767009,0.22565597667638482,"[""TestGJChronology"", ""GJChronology""]","[0.02507288629737609, 0.0239067055393586]","[2.896209912536443, 2.4448979591836735]"
org.joda.time.chrono.TestGJChronology.testWithZone,0.02507288629737609,0.024489795918367346,0.0239067055393586,0.04897959183673469,0.02447591281410523,0.02448285338217727,0.0005830903790087459,2.896209912536443,2.6705539358600583,2.4448979591836735,5.341107871720117,2.6514864985295428,2.661003138767009,0.22565597667638482,"[""TestGJChronology"", ""GJChronology""]","[0.02507288629737609, 0.0239067055393586]","[2.896209912536443, 2.4448979591836735]"
org.joda.time.chrono.TestGJChronology.testFactory_Zone,0.02507288629737609,0.024489795918367346,0.0239067055393586,0.04897959183673469,0.02447591281410523,0.02448285338217727,0.0005830903790087459,2.896209912536443,2.6705539358600583,2.4448979591836735,5.341107871720117,2.6514864985295428,2.661003138767009,0.22565597667638482,"[""TestGJChronology"", ""Object"", ""GJChronology""]","[0.02507288629737609, 0.0239067055393586]","[2.896209912536443, 2.4448979591836735]"
org.joda.time.chrono.TestBuddhistChronology.testDateFields,0.01749271137026239,0.016326530612244896,0.01574344023323615,0.04897959183673469,0.016286317482658085,0.01630617641608438,0.0008246143220834384,1.8169096209912536,1.425072886297376,1.114868804664723,4.275218658892128,1.3687946818250007,1.3961277075455731,0.2923619269347111,"[""TestBuddhistChronology"", ""DateTimeField"", ""BuddhistChronology""]","[0.01749271137026239, 0.01574344023323615, 0.01574344023323615]","[1.114868804664723, 1.8169096209912536, 1.3434402332361517]"
org.joda.time.chrono.TestGJChronology.testEquality,0.02507288629737609,0.024489795918367346,0.0239067055393586,0.04897959183673469,0.02447591281410523,0.02448285338217727,0.0005830903790087459,2.896209912536443,2.6705539358600583,2.4448979591836735,5.341107871720117,2.6514864985295428,2.661003138767009,0.22565597667638482,"[""TestGJChronology"", ""GJChronology""]","[0.02507288629737609, 0.0239067055393586]","[2.896209912536443, 2.4448979591836735]"
org.joda.time.TestMutablePeriod_Basics.testSerialization,0.020618556701030927,0.012195821326572043,0.006006006006006006,0.04878328530628817,0.00902101486417222,0.010469328806208725,0.006388018447551044,3.0537555228276876,1.3070832960473724,0.07507507507507508,5.22833318418949,0.15363049418873137,0.4439686148208125,1.2812273374669776,"[""ByteArrayOutputStream"", ""MutablePeriod"", ""ObjectInputStream"", ""TestMutablePeriod_Basics"", ""ObjectOutputStream"", ""ByteArrayInputStream""]","[0.020618556701030927, 0.016152716593245228, 0.006006006006006006, 0.006006006006006006]","[3.0537555228276876, 2.015418502202643, 0.08408408408408409, 0.07507507507507508]"
org.joda.time.TestDateTime_Basics.testTest,0.02997275204359673,0.024315822085938306,0.018658892128279883,0.04863164417187661,0.022999771309092094,0.023648643664471575,0.005656929957658423,4.435967302452316,2.6996163042873826,0.963265306122449,5.399232608574765,1.5828224902775034,2.0671268469897788,1.7363509981649337,"[""TestDateTime_Basics"", ""Instant""]","[0.02997275204359673, 0.018658892128279883]","[4.435967302452316, 0.963265306122449]"
org.joda.time.TestMutableDateTime_Properties.testPropertyAddWrapFieldDayOfMonth,0.03498542274052478,0.024244665883410933,0.013503909026297086,0.048489331766821867,0.01948634673731892,0.021735684160720404,0.010740756857113848,4.066472303206997,3.231885760700869,2.397299218194741,6.463771521401738,3.016366169816171,3.1222669445914932,0.8345865425061283,"[""TestMutableDateTime_Properties"", ""MutableDateTime$Property"", ""MutableDateTime""]","[0.03498542274052478, 0.013503909026297086]","[4.066472303206997, 2.397299218194741]"
org.joda.time.TestMutableDateTime_Properties.testPropertyAddLongDayOfWeek,0.03498542274052478,0.024244665883410933,0.013503909026297086,0.048489331766821867,0.01948634673731892,0.021735684160720404,0.010740756857113848,4.066472303206997,3.231885760700869,2.397299218194741,6.463771521401738,3.016366169816171,3.1222669445914932,0.8345865425061283,"[""TestMutableDateTime_Properties"", ""MutableDateTime$Property"", ""MutableDateTime""]","[0.03498542274052478, 0.013503909026297086]","[4.066472303206997, 2.397299218194741]"
org.joda.time.TestMutableDateTime_Properties.testPropertySetTextMonthOfYear,0.03498542274052478,0.024244665883410933,0.013503909026297086,0.048489331766821867,0.01948634673731892,0.021735684160720404,0.010740756857113848,4.066472303206997,3.231885760700869,2.397299218194741,6.463771521401738,3.016366169816171,3.1222669445914932,0.8345865425061283,"[""TestMutableDateTime_Properties"", ""MutableDateTime$Property"", ""MutableDateTime""]","[0.03498542274052478, 0.013503909026297086]","[4.066472303206997, 2.397299218194741]"
org.joda.time.TestMutableDateTime_Properties.testPropertyAddYear,0.03498542274052478,0.024244665883410933,0.013503909026297086,0.048489331766821867,0.01948634673731892,0.021735684160720404,0.010740756857113848,4.066472303206997,3.231885760700869,2.397299218194741,6.463771521401738,3.016366169816171,3.1222669445914932,0.8345865425061283,"[""TestMutableDateTime_Properties"", ""MutableDateTime$Property"", ""MutableDateTime""]","[0.03498542274052478, 0.013503909026297086]","[4.066472303206997, 2.397299218194741]"
org.joda.time.TestMutableDateTime_Properties.testPropertySetDayOfYear,0.03498542274052478,0.024244665883410933,0.013503909026297086,0.048489331766821867,0.01948634673731892,0.021735684160720404,0.010740756857113848,4.066472303206997,3.231885760700869,2.397299218194741,6.463771521401738,3.016366169816171,3.1222669445914932,0.8345865425061283,"[""TestMutableDateTime_Properties"", ""MutableDateTime$Property"", ""MutableDateTime""]","[0.03498542274052478, 0.013503909026297086]","[4.066472303206997, 2.397299218194741]"
org.joda.time.TestMutableDateTime_Properties.testPropertyAddWrapFieldDayOfWeek,0.03498542274052478,0.024244665883410933,0.013503909026297086,0.048489331766821867,0.01948634673731892,0.021735684160720404,0.010740756857113848,4.066472303206997,3.231885760700869,2.397299218194741,6.463771521401738,3.016366169816171,3.1222669445914932,0.8345865425061283,"[""TestMutableDateTime_Properties"", ""MutableDateTime$Property"", ""MutableDateTime""]","[0.03498542274052478, 0.013503909026297086]","[4.066472303206997, 2.397299218194741]"
org.joda.time.TestMutableDateTime_Properties.testPropertySetDayOfMonth,0.03498542274052478,0.024244665883410933,0.013503909026297086,0.048489331766821867,0.01948634673731892,0.021735684160720404,0.010740756857113848,4.066472303206997,3.231885760700869,2.397299218194741,6.463771521401738,3.016366169816171,3.1222669445914932,0.8345865425061283,"[""TestMutableDateTime_Properties"", ""MutableDateTime$Property"", ""MutableDateTime""]","[0.03498542274052478, 0.013503909026297086]","[4.066472303206997, 2.397299218194741]"
org.joda.time.TestMutableDateTime_Properties.testPropertyAddDayOfYear,0.03498542274052478,0.024244665883410933,0.013503909026297086,0.048489331766821867,0.01948634673731892,0.021735684160720404,0.010740756857113848,4.066472303206997,3.231885760700869,2.397299218194741,6.463771521401738,3.016366169816171,3.1222669445914932,0.8345865425061283,"[""TestMutableDateTime_Properties"", ""MutableDateTime$Property"", ""MutableDateTime""]","[0.03498542274052478, 0.013503909026297086]","[4.066472303206997, 2.397299218194741]"
org.joda.time.TestMutableDateTime_Properties.testPropertyRoundHalfFloorHourOfDay,0.03498542274052478,0.024244665883410933,0.013503909026297086,0.048489331766821867,0.01948634673731892,0.021735684160720404,0.010740756857113848,4.066472303206997,3.231885760700869,2.397299218194741,6.463771521401738,3.016366169816171,3.1222669445914932,0.8345865425061283,"[""TestMutableDateTime_Properties"", ""MutableDateTime$Property"", ""MutableDateTime""]","[0.03498542274052478, 0.013503909026297086]","[4.066472303206997, 2.397299218194741]"
org.joda.time.TestMutableDateTime_Properties.testPropertySetTextYear,0.03498542274052478,0.024244665883410933,0.013503909026297086,0.048489331766821867,0.01948634673731892,0.021735684160720404,0.010740756857113848,4.066472303206997,3.231885760700869,2.397299218194741,6.463771521401738,3.016366169816171,3.1222669445914932,0.8345865425061283,"[""TestMutableDateTime_Properties"", ""MutableDateTime$Property"", ""MutableDateTime""]","[0.03498542274052478, 0.013503909026297086]","[4.066472303206997, 2.397299218194741]"
org.joda.time.TestMutableDateTime_Properties.testPropertySetTextDayOfYear,0.03498542274052478,0.024244665883410933,0.013503909026297086,0.048489331766821867,0.01948634673731892,0.021735684160720404,0.010740756857113848,4.066472303206997,3.231885760700869,2.397299218194741,6.463771521401738,3.016366169816171,3.1222669445914932,0.8345865425061283,"[""TestMutableDateTime_Properties"", ""MutableDateTime$Property"", ""MutableDateTime""]","[0.03498542274052478, 0.013503909026297086]","[4.066472303206997, 2.397299218194741]"
org.joda.time.TestMutableDateTime_Properties.testPropertyAddWrapFieldDayOfYear,0.03498542274052478,0.024244665883410933,0.013503909026297086,0.048489331766821867,0.01948634673731892,0.021735684160720404,0.010740756857113848,4.066472303206997,3.231885760700869,2.397299218194741,6.463771521401738,3.016366169816171,3.1222669445914932,0.8345865425061283,"[""TestMutableDateTime_Properties"", ""MutableDateTime$Property"", ""MutableDateTime""]","[0.03498542274052478, 0.013503909026297086]","[4.066472303206997, 2.397299218194741]"
org.joda.time.TestMutableDateTime_Properties.testPropertyRoundHalfEvenHourOfDay,0.03498542274052478,0.024244665883410933,0.013503909026297086,0.048489331766821867,0.01948634673731892,0.021735684160720404,0.010740756857113848,4.066472303206997,3.231885760700869,2.397299218194741,6.463771521401738,3.016366169816171,3.1222669445914932,0.8345865425061283,"[""TestMutableDateTime_Properties"", ""MutableDateTime$Property"", ""MutableDateTime""]","[0.03498542274052478, 0.013503909026297086]","[4.066472303206997, 2.397299218194741]"
org.joda.time.TestMutableDateTime_Properties.testPropertySetTextWeekOfWeekyear,0.03498542274052478,0.024244665883410933,0.013503909026297086,0.048489331766821867,0.01948634673731892,0.021735684160720404,0.010740756857113848,4.066472303206997,3.231885760700869,2.397299218194741,6.463771521401738,3.016366169816171,3.1222669445914932,0.8345865425061283,"[""TestMutableDateTime_Properties"", ""MutableDateTime$Property"", ""MutableDateTime""]","[0.03498542274052478, 0.013503909026297086]","[4.066472303206997, 2.397299218194741]"
org.joda.time.TestMutableDateTime_Properties.testPropertyAddWrapFieldMonthOfYear,0.03498542274052478,0.024244665883410933,0.013503909026297086,0.048489331766821867,0.01948634673731892,0.021735684160720404,0.010740756857113848,4.066472303206997,3.231885760700869,2.397299218194741,6.463771521401738,3.016366169816171,3.1222669445914932,0.8345865425061283,"[""TestMutableDateTime_Properties"", ""MutableDateTime$Property"", ""MutableDateTime""]","[0.03498542274052478, 0.013503909026297086]","[4.066472303206997, 2.397299218194741]"
org.joda.time.TestMutableDateTime_Properties.testPropertyRoundFloorHourOfDay,0.03498542274052478,0.024244665883410933,0.013503909026297086,0.048489331766821867,0.01948634673731892,0.021735684160720404,0.010740756857113848,4.066472303206997,3.231885760700869,2.397299218194741,6.463771521401738,3.016366169816171,3.1222669445914932,0.8345865425061283,"[""TestMutableDateTime_Properties"", ""MutableDateTime$Property"", ""MutableDateTime""]","[0.03498542274052478, 0.013503909026297086]","[4.066472303206997, 2.397299218194741]"
org.joda.time.TestMutableDateTime_Properties.testPropertySetYear,0.03498542274052478,0.024244665883410933,0.013503909026297086,0.048489331766821867,0.01948634673731892,0.021735684160720404,0.010740756857113848,4.066472303206997,3.231885760700869,2.397299218194741,6.463771521401738,3.016366169816171,3.1222669445914932,0.8345865425061283,"[""TestMutableDateTime_Properties"", ""MutableDateTime$Property"", ""MutableDateTime""]","[0.03498542274052478, 0.013503909026297086]","[4.066472303206997, 2.397299218194741]"
org.joda.time.TestMutableDateTime_Properties.testPropertyAddDayOfMonth,0.03498542274052478,0.024244665883410933,0.013503909026297086,0.048489331766821867,0.01948634673731892,0.021735684160720404,0.010740756857113848,4.066472303206997,3.231885760700869,2.397299218194741,6.463771521401738,3.016366169816171,3.1222669445914932,0.8345865425061283,"[""TestMutableDateTime_Properties"", ""MutableDateTime$Property"", ""MutableDateTime""]","[0.03498542274052478, 0.013503909026297086]","[4.066472303206997, 2.397299218194741]"
org.joda.time.TestMutableDateTime_Properties.testPropertyRoundHalfCeilingHourOfDay,0.03498542274052478,0.024244665883410933,0.013503909026297086,0.048489331766821867,0.01948634673731892,0.021735684160720404,0.010740756857113848,4.066472303206997,3.231885760700869,2.397299218194741,6.463771521401738,3.016366169816171,3.1222669445914932,0.8345865425061283,"[""TestMutableDateTime_Properties"", ""MutableDateTime$Property"", ""MutableDateTime""]","[0.03498542274052478, 0.013503909026297086]","[4.066472303206997, 2.397299218194741]"
org.joda.time.TestMutableDateTime_Properties.testPropertyAddWrapFieldYear,0.03498542274052478,0.024244665883410933,0.013503909026297086,0.048489331766821867,0.01948634673731892,0.021735684160720404,0.010740756857113848,4.066472303206997,3.231885760700869,2.397299218194741,6.463771521401738,3.016366169816171,3.1222669445914932,0.8345865425061283,"[""TestMutableDateTime_Properties"", ""MutableDateTime$Property"", ""MutableDateTime""]","[0.03498542274052478, 0.013503909026297086]","[4.066472303206997, 2.397299218194741]"
org.joda.time.TestMutableDateTime_Properties.testPropertySetMonthOfYear,0.03498542274052478,0.024244665883410933,0.013503909026297086,0.048489331766821867,0.01948634673731892,0.021735684160720404,0.010740756857113848,4.066472303206997,3.231885760700869,2.397299218194741,6.463771521401738,3.016366169816171,3.1222669445914932,0.8345865425061283,"[""TestMutableDateTime_Properties"", ""MutableDateTime$Property"", ""MutableDateTime""]","[0.03498542274052478, 0.013503909026297086]","[4.066472303206997, 2.397299218194741]"
org.joda.time.TestMutableDateTime_Properties.testPropertyAddMonthOfYear,0.03498542274052478,0.024244665883410933,0.013503909026297086,0.048489331766821867,0.01948634673731892,0.021735684160720404,0.010740756857113848,4.066472303206997,3.231885760700869,2.397299218194741,6.463771521401738,3.016366169816171,3.1222669445914932,0.8345865425061283,"[""TestMutableDateTime_Properties"", ""MutableDateTime$Property"", ""MutableDateTime""]","[0.03498542274052478, 0.013503909026297086]","[4.066472303206997, 2.397299218194741]"
org.joda.time.TestMutableDateTime_Properties.testPropertyAddDayOfWeek,0.03498542274052478,0.024244665883410933,0.013503909026297086,0.048489331766821867,0.01948634673731892,0.021735684160720404,0.010740756857113848,4.066472303206997,3.231885760700869,2.397299218194741,6.463771521401738,3.016366169816171,3.1222669445914932,0.8345865425061283,"[""TestMutableDateTime_Properties"", ""MutableDateTime$Property"", ""MutableDateTime""]","[0.03498542274052478, 0.013503909026297086]","[4.066472303206997, 2.397299218194741]"
org.joda.time.TestMutableDateTime_Properties.testPropertyRoundCeilingHourOfDay,0.03498542274052478,0.024244665883410933,0.013503909026297086,0.048489331766821867,0.01948634673731892,0.021735684160720404,0.010740756857113848,4.066472303206997,3.231885760700869,2.397299218194741,6.463771521401738,3.016366169816171,3.1222669445914932,0.8345865425061283,"[""TestMutableDateTime_Properties"", ""MutableDateTime$Property"", ""MutableDateTime""]","[0.03498542274052478, 0.013503909026297086]","[4.066472303206997, 2.397299218194741]"
org.joda.time.TestMutableDateTime_Properties.testPropertySetTextDayOfMonth,0.03498542274052478,0.024244665883410933,0.013503909026297086,0.048489331766821867,0.01948634673731892,0.021735684160720404,0.010740756857113848,4.066472303206997,3.231885760700869,2.397299218194741,6.463771521401738,3.016366169816171,3.1222669445914932,0.8345865425061283,"[""TestMutableDateTime_Properties"", ""MutableDateTime$Property"", ""MutableDateTime""]","[0.03498542274052478, 0.013503909026297086]","[4.066472303206997, 2.397299218194741]"
org.joda.time.TestMutableDateTime_Properties.testPropertySetWeekOfWeekyear,0.03498542274052478,0.024244665883410933,0.013503909026297086,0.048489331766821867,0.01948634673731892,0.021735684160720404,0.010740756857113848,4.066472303206997,3.231885760700869,2.397299218194741,6.463771521401738,3.016366169816171,3.1222669445914932,0.8345865425061283,"[""TestMutableDateTime_Properties"", ""MutableDateTime$Property"", ""MutableDateTime""]","[0.03498542274052478, 0.013503909026297086]","[4.066472303206997, 2.397299218194741]"
org.joda.time.TestMutableDateTime_Properties.testPropertyAddWrapFieldWeekOfWeekyear,0.03498542274052478,0.024244665883410933,0.013503909026297086,0.048489331766821867,0.01948634673731892,0.021735684160720404,0.010740756857113848,4.066472303206997,3.231885760700869,2.397299218194741,6.463771521401738,3.016366169816171,3.1222669445914932,0.8345865425061283,"[""TestMutableDateTime_Properties"", ""MutableDateTime$Property"", ""MutableDateTime""]","[0.03498542274052478, 0.013503909026297086]","[4.066472303206997, 2.397299218194741]"
org.joda.time.TestMutableDateTime_Properties.testPropertySetTextDayOfWeek,0.03498542274052478,0.024244665883410933,0.013503909026297086,0.048489331766821867,0.01948634673731892,0.021735684160720404,0.010740756857113848,4.066472303206997,3.231885760700869,2.397299218194741,6.463771521401738,3.016366169816171,3.1222669445914932,0.8345865425061283,"[""TestMutableDateTime_Properties"", ""MutableDateTime$Property"", ""MutableDateTime""]","[0.03498542274052478, 0.013503909026297086]","[4.066472303206997, 2.397299218194741]"
org.joda.time.TestMutableDateTime_Properties.testPropertyRemainderHourOfDay,0.03498542274052478,0.024244665883410933,0.013503909026297086,0.048489331766821867,0.01948634673731892,0.021735684160720404,0.010740756857113848,4.066472303206997,3.231885760700869,2.397299218194741,6.463771521401738,3.016366169816171,3.1222669445914932,0.8345865425061283,"[""TestMutableDateTime_Properties"", ""MutableDateTime$Property"", ""MutableDateTime""]","[0.03498542274052478, 0.013503909026297086]","[4.066472303206997, 2.397299218194741]"
org.joda.time.TestMutableDateTime_Properties.testPropertyAddWeekOfWeekyear,0.03498542274052478,0.024244665883410933,0.013503909026297086,0.048489331766821867,0.01948634673731892,0.021735684160720404,0.010740756857113848,4.066472303206997,3.231885760700869,2.397299218194741,6.463771521401738,3.016366169816171,3.1222669445914932,0.8345865425061283,"[""TestMutableDateTime_Properties"", ""MutableDateTime$Property"", ""MutableDateTime""]","[0.03498542274052478, 0.013503909026297086]","[4.066472303206997, 2.397299218194741]"
org.joda.time.TestMutableDateTime_Properties.testPropertySetDayOfWeek,0.03498542274052478,0.024244665883410933,0.013503909026297086,0.048489331766821867,0.01948634673731892,0.021735684160720404,0.010740756857113848,4.066472303206997,3.231885760700869,2.397299218194741,6.463771521401738,3.016366169816171,3.1222669445914932,0.8345865425061283,"[""TestMutableDateTime_Properties"", ""MutableDateTime$Property"", ""MutableDateTime""]","[0.03498542274052478, 0.013503909026297086]","[4.066472303206997, 2.397299218194741]"
org.joda.time.TestInstant_Basics.testSerialization,0.018658892128279883,0.01209551895060431,0.006006006006006006,0.04838207580241724,0.009028218608764535,0.010449034609565212,0.006098724429147158,1.957765667574932,0.770047533214135,0.07507507507507508,3.08019013285654,0.1494668940195967,0.3303155734646136,0.774845153171165,"[""ByteArrayOutputStream"", ""ObjectInputStream"", ""Instant"", ""TestInstant_Basics"", ""ObjectOutputStream"", ""ByteArrayInputStream""]","[0.018658892128279883, 0.017711171662125342, 0.006006006006006006, 0.006006006006006006]","[0.963265306122449, 1.957765667574932, 0.08408408408408409, 0.07507507507507508]"
org.joda.time.convert.TestStringConverter.testGetDurationMillis_Object1,0.024303073624017155,0.024146855711950063,0.02399063779988297,0.048293711423900126,0.024145845061273975,0.024146350381324396,0.00015621791206709215,2.1558255897069336,1.503600331424561,0.8513750731421884,3.007200662849122,1.2206808756018348,1.3547753205305084,0.6522252582823725,"[""StringConverter"", ""TestStringConverter""]","[0.024303073624017155, 0.02399063779988297]","[2.1558255897069336, 0.8513750731421884]"
org.joda.time.convert.TestStringConverter.testSupportedType,0.024303073624017155,0.024146855711950063,0.02399063779988297,0.048293711423900126,0.024145845061273975,0.024146350381324396,0.00015621791206709215,2.1558255897069336,1.503600331424561,0.8513750731421884,3.007200662849122,1.2206808756018348,1.3547753205305084,0.6522252582823725,"[""StringConverter"", ""TestStringConverter""]","[0.024303073624017155, 0.02399063779988297]","[2.1558255897069336, 0.8513750731421884]"
org.joda.time.convert.TestStringConverter.testGetInstantMillisInvalid,0.024303073624017155,0.024146855711950063,0.02399063779988297,0.048293711423900126,0.024145845061273975,0.024146350381324396,0.00015621791206709215,2.1558255897069336,1.503600331424561,0.8513750731421884,3.007200662849122,1.2206808756018348,1.3547753205305084,0.6522252582823725,"[""StringConverter"", ""TestStringConverter""]","[0.024303073624017155, 0.02399063779988297]","[2.1558255897069336, 0.8513750731421884]"
org.joda.time.convert.TestStringConverter.testToString,0.024303073624017155,0.024146855711950063,0.02399063779988297,0.048293711423900126,0.024145845061273975,0.024146350381324396,0.00015621791206709215,2.1558255897069336,1.503600331424561,0.8513750731421884,3.007200662849122,1.2206808756018348,1.3547753205305084,0.6522252582823725,"[""StringConverter"", ""TestStringConverter""]","[0.024303073624017155, 0.02399063779988297]","[2.1558255897069336, 0.8513750731421884]"
org.joda.time.convert.TestStringConverter.testIsReadableInterval_Object_Chronology,0.024303073624017155,0.024146855711950063,0.02399063779988297,0.048293711423900126,0.024145845061273975,0.024146350381324396,0.00015621791206709215,2.1558255897069336,1.503600331424561,0.8513750731421884,3.007200662849122,1.2206808756018348,1.3547753205305084,0.6522252582823725,"[""StringConverter"", ""TestStringConverter""]","[0.024303073624017155, 0.02399063779988297]","[2.1558255897069336, 0.8513750731421884]"
org.joda.time.convert.TestStringConverter.testGetDurationMillis_Object2,0.024303073624017155,0.024146855711950063,0.02399063779988297,0.048293711423900126,0.024145845061273975,0.024146350381324396,0.00015621791206709215,2.1558255897069336,1.503600331424561,0.8513750731421884,3.007200662849122,1.2206808756018348,1.3547753205305084,0.6522252582823725,"[""StringConverter"", ""TestStringConverter""]","[0.024303073624017155, 0.02399063779988297]","[2.1558255897069336, 0.8513750731421884]"
org.joda.time.chrono.TestISOChronology.testDateFields,0.016628873771730914,0.01603858474606774,0.01574344023323615,0.04811575423820322,0.016027918439301677,0.016033218287458094,0.00041739737290643177,1.8169096209912536,1.4230356692941728,0.7008746355685131,4.269107007882519,1.1773151278596492,1.306511647615934,0.5113464763686902,"[""TestISOChronology"", ""DateTimeField"", ""ISOChronology""]","[0.016628873771730914, 0.01574344023323615, 0.01574344023323615]","[1.7513227513227514, 0.7008746355685131, 1.8169096209912536]"
org.joda.time.chrono.TestISOChronology.testTimeFields,0.016628873771730914,0.01603858474606774,0.01574344023323615,0.04811575423820322,0.016027918439301677,0.016033218287458094,0.00041739737290643177,1.8169096209912536,1.4230356692941728,0.7008746355685131,4.269107007882519,1.1773151278596492,1.306511647615934,0.5113464763686902,"[""TestISOChronology"", ""DateTimeField"", ""ISOChronology""]","[0.016628873771730914, 0.01574344023323615, 0.01574344023323615]","[1.7513227513227514, 0.7008746355685131, 1.8169096209912536]"
org.joda.time.field.TestUnsupportedDateTimeField.testDifferentDurationReturnDifferentObjects,0.02142857142857143,0.015919919752570424,0.00994733762434172,0.047759759257711275,0.014407021909838408,0.015171854953973614,0.004698659810004331,4.760714285714286,2.304478391707766,0.7466354593329433,6.913435175123298,1.3270880297414682,1.7097429144865568,1.7575626382830636,"[""TestUnsupportedDateTimeField"", ""UnsupportedDurationField"", ""UnsupportedDateTimeField""]","[0.02142857142857143, 0.016383850204798128, 0.00994733762434172]","[4.760714285714286, 1.406085430076068, 0.7466354593329433]"
org.joda.time.TestMutableDateTime_Constructors.test_now_nullChronology,0.03498542274052478,0.023844158088681587,0.012702893436838392,0.047688316177363174,0.018638363965829668,0.021081178736390163,0.011141264651843195,4.066472303206997,2.853984210883668,1.6414961185603387,5.707968421767336,2.3388701578978326,2.5836211993919322,1.2124880923233294,"[""TestMutableDateTime_Constructors"", ""MutableDateTime""]","[0.03498542274052478, 0.012702893436838392]","[4.066472303206997, 1.6414961185603387]"
org.joda.time.TestMutableDateTime_Constructors.test_now_nullDateTimeZone,0.03498542274052478,0.023844158088681587,0.012702893436838392,0.047688316177363174,0.018638363965829668,0.021081178736390163,0.011141264651843195,4.066472303206997,2.853984210883668,1.6414961185603387,5.707968421767336,2.3388701578978326,2.5836211993919322,1.2124880923233294,"[""TestMutableDateTime_Constructors"", ""MutableDateTime""]","[0.03498542274052478, 0.012702893436838392]","[4.066472303206997, 1.6414961185603387]"
org.joda.time.TestMutableDateTime_Constructors.testConstructor_invalidObject_DateTimeZone,0.03498542274052478,0.023844158088681587,0.012702893436838392,0.047688316177363174,0.018638363965829668,0.021081178736390163,0.011141264651843195,4.066472303206997,2.853984210883668,1.6414961185603387,5.707968421767336,2.3388701578978326,2.5836211993919322,1.2124880923233294,"[""TestMutableDateTime_Constructors"", ""Object"", ""MutableDateTime""]","[0.03498542274052478, 0.012702893436838392]","[4.066472303206997, 1.6414961185603387]"
org.joda.time.TestMutableDateTime_Constructors.testConstructor_invalidObject,0.03498542274052478,0.023844158088681587,0.012702893436838392,0.047688316177363174,0.018638363965829668,0.021081178736390163,0.011141264651843195,4.066472303206997,2.853984210883668,1.6414961185603387,5.707968421767336,2.3388701578978326,2.5836211993919322,1.2124880923233294,"[""TestMutableDateTime_Constructors"", ""Object"", ""MutableDateTime""]","[0.03498542274052478, 0.012702893436838392]","[4.066472303206997, 1.6414961185603387]"
org.joda.time.TestInstant_Constructors.testConstructor_long1,0.018658892128279883,0.015781703884356388,0.012942779291553134,0.047345111653069163,0.015434049742593471,0.015607655829601226,0.002333750139553057,0.963265306122449,0.7456760750232362,0.5728882833787466,2.2370282250697087,0.7125103249390623,0.7285936816075904,0.16248883388194338,"[""TestInstant_Constructors"", ""ISOChronology"", ""Instant""]","[0.018658892128279883, 0.01574344023323615, 0.012942779291553134]","[0.963265306122449, 0.7008746355685131, 0.5728882833787466]"
org.joda.time.TestInstant_Constructors.testConstructor_nullObject,0.018658892128279883,0.015781703884356388,0.012942779291553134,0.047345111653069163,0.015434049742593471,0.015607655829601226,0.002333750139553057,0.963265306122449,0.7456760750232362,0.5728882833787466,2.2370282250697087,0.7125103249390623,0.7285936816075904,0.16248883388194338,"[""TestInstant_Constructors"", ""ISOChronology"", ""Instant""]","[0.018658892128279883, 0.01574344023323615, 0.012942779291553134]","[0.963265306122449, 0.7008746355685131, 0.5728882833787466]"
org.joda.time.TestInstant_Constructors.testConstructor,0.018658892128279883,0.015781703884356388,0.012942779291553134,0.047345111653069163,0.015434049742593471,0.015607655829601226,0.002333750139553057,0.963265306122449,0.7456760750232362,0.5728882833787466,2.2370282250697087,0.7125103249390623,0.7285936816075904,0.16248883388194338,"[""TestInstant_Constructors"", ""ISOChronology"", ""Instant""]","[0.018658892128279883, 0.01574344023323615, 0.012942779291553134]","[0.963265306122449, 0.7008746355685131, 0.5728882833787466]"
org.joda.time.TestInstant_Constructors.test_now,0.018658892128279883,0.015781703884356388,0.012942779291553134,0.047345111653069163,0.015434049742593471,0.015607655829601226,0.002333750139553057,0.963265306122449,0.7456760750232362,0.5728882833787466,2.2370282250697087,0.7125103249390623,0.7285936816075904,0.16248883388194338,"[""TestInstant_Constructors"", ""ISOChronology"", ""Instant""]","[0.018658892128279883, 0.01574344023323615, 0.012942779291553134]","[0.963265306122449, 0.7008746355685131, 0.5728882833787466]"
org.joda.time.TestInstant_Constructors.testConstructor_long2,0.018658892128279883,0.015781703884356388,0.012942779291553134,0.047345111653069163,0.015434049742593471,0.015607655829601226,0.002333750139553057,0.963265306122449,0.7456760750232362,0.5728882833787466,2.2370282250697087,0.7125103249390623,0.7285936816075904,0.16248883388194338,"[""TestInstant_Constructors"", ""ISOChronology"", ""Instant""]","[0.018658892128279883, 0.01574344023323615, 0.012942779291553134]","[0.963265306122449, 0.7008746355685131, 0.5728882833787466]"
org.joda.time.convert.TestConverterManager.testAddDurationConverter2,0.021443888491779844,0.01572997960453516,0.009362200117027502,0.047189938813605475,0.013987217237580103,0.014871877846203864,0.004953951861397973,3.695496783416726,1.7555303301851346,0.14803978935049736,5.266590990555404,0.3881859920102071,0.9199359657011168,1.4672009531600165,"[""TestConverterManager"", ""DurationConverter"", ""Object"", ""ConverterManager"", ""TestConverterManager$14""]","[0.021443888491779844, 0.016383850204798128, 0.009362200117027502]","[3.695496783416726, 1.4230544177881803, 0.14803978935049736]"
org.joda.time.convert.TestConverterManager.testAddDurationConverter1,0.021443888491779844,0.01572997960453516,0.009362200117027502,0.047189938813605475,0.013987217237580103,0.014871877846203864,0.004953951861397973,3.695496783416726,1.7555303301851346,0.14803978935049736,5.266590990555404,0.3881859920102071,0.9199359657011168,1.4672009531600165,"[""TestConverterManager"", ""DurationConverter"", ""TestConverterManager$13"", ""Object"", ""ConverterManager""]","[0.021443888491779844, 0.016383850204798128, 0.009362200117027502]","[3.695496783416726, 1.4230544177881803, 0.14803978935049736]"
org.joda.time.TestInterval_Basics.testTest,0.028210838901262063,0.023434865514770975,0.018658892128279883,0.04686973102954195,0.022461532777952233,0.022943038157727295,0.00477597338649109,5.182628062360802,3.0729466842416255,0.963265306122449,6.145893368483251,1.6245793760788312,2.234333414468121,2.1096813781191766,"[""TestInterval_Basics"", ""Instant""]","[0.028210838901262063, 0.018658892128279883]","[5.182628062360802, 0.963265306122449]"
org.joda.time.TestMonths.testNegated,0.025559105431309903,0.0231629392971246,0.020766773162939296,0.0463258785942492,0.02291506004186405,0.023038666296894505,0.0023961661341853034,2.330670926517572,2.1589456869009584,1.987220447284345,4.317891373801917,2.145286446605889,2.15210523001708,0.17172523961661346,"[""Months"", ""TestMonths""]","[0.025559105431309903, 0.020766773162939296]","[2.330670926517572, 1.987220447284345]"
org.joda.time.TestDays.testFactory_days_int,0.025559105431309903,0.0231629392971246,0.020766773162939296,0.0463258785942492,0.02291506004186405,0.023038666296894505,0.0023961661341853034,2.7939297124600637,2.614217252396166,2.4345047923322682,5.228434504792332,2.6018630502836153,2.608032836147494,0.17971246006389774,"[""Days"", ""TestDays""]","[0.025559105431309903, 0.020766773162939296]","[2.7939297124600637, 2.4345047923322682]"
org.joda.time.TestMonths.testFactory_months_int,0.025559105431309903,0.0231629392971246,0.020766773162939296,0.0463258785942492,0.02291506004186405,0.023038666296894505,0.0023961661341853034,2.330670926517572,2.1589456869009584,1.987220447284345,4.317891373801917,2.145286446605889,2.15210523001708,0.17172523961661346,"[""Months"", ""TestMonths""]","[0.025559105431309903, 0.020766773162939296]","[2.330670926517572, 1.987220447284345]"
org.joda.time.TestMonths.testIsLessThan,0.025559105431309903,0.0231629392971246,0.020766773162939296,0.0463258785942492,0.02291506004186405,0.023038666296894505,0.0023961661341853034,2.330670926517572,2.1589456869009584,1.987220447284345,4.317891373801917,2.145286446605889,2.15210523001708,0.17172523961661346,"[""Months"", ""TestMonths""]","[0.025559105431309903, 0.020766773162939296]","[2.330670926517572, 1.987220447284345]"
org.joda.time.TestDays.testNegated,0.025559105431309903,0.0231629392971246,0.020766773162939296,0.0463258785942492,0.02291506004186405,0.023038666296894505,0.0023961661341853034,2.7939297124600637,2.614217252396166,2.4345047923322682,5.228434504792332,2.6018630502836153,2.608032836147494,0.17971246006389774,"[""Days"", ""TestDays""]","[0.025559105431309903, 0.020766773162939296]","[2.7939297124600637, 2.4345047923322682]"
org.joda.time.TestMonths.testGetMethods,0.025559105431309903,0.0231629392971246,0.020766773162939296,0.0463258785942492,0.02291506004186405,0.023038666296894505,0.0023961661341853034,2.330670926517572,2.1589456869009584,1.987220447284345,4.317891373801917,2.145286446605889,2.15210523001708,0.17172523961661346,"[""Months"", ""TestMonths""]","[0.025559105431309903, 0.020766773162939296]","[2.330670926517572, 1.987220447284345]"
org.joda.time.TestDays.testToString,0.025559105431309903,0.0231629392971246,0.020766773162939296,0.0463258785942492,0.02291506004186405,0.023038666296894505,0.0023961661341853034,2.7939297124600637,2.614217252396166,2.4345047923322682,5.228434504792332,2.6018630502836153,2.608032836147494,0.17971246006389774,"[""Days"", ""TestDays""]","[0.025559105431309903, 0.020766773162939296]","[2.7939297124600637, 2.4345047923322682]"
org.joda.time.TestMonths.testMinus_int,0.025559105431309903,0.0231629392971246,0.020766773162939296,0.0463258785942492,0.02291506004186405,0.023038666296894505,0.0023961661341853034,2.330670926517572,2.1589456869009584,1.987220447284345,4.317891373801917,2.145286446605889,2.15210523001708,0.17172523961661346,"[""Months"", ""TestMonths""]","[0.025559105431309903, 0.020766773162939296]","[2.330670926517572, 1.987220447284345]"
org.joda.time.TestDays.testIsGreaterThan,0.025559105431309903,0.0231629392971246,0.020766773162939296,0.0463258785942492,0.02291506004186405,0.023038666296894505,0.0023961661341853034,2.7939297124600637,2.614217252396166,2.4345047923322682,5.228434504792332,2.6018630502836153,2.608032836147494,0.17971246006389774,"[""Days"", ""TestDays""]","[0.025559105431309903, 0.020766773162939296]","[2.7939297124600637, 2.4345047923322682]"
org.joda.time.TestMonths.testDividedBy_int,0.025559105431309903,0.0231629392971246,0.020766773162939296,0.0463258785942492,0.02291506004186405,0.023038666296894505,0.0023961661341853034,2.330670926517572,2.1589456869009584,1.987220447284345,4.317891373801917,2.145286446605889,2.15210523001708,0.17172523961661346,"[""Months"", ""TestMonths""]","[0.025559105431309903, 0.020766773162939296]","[2.330670926517572, 1.987220447284345]"
org.joda.time.TestDays.testMultipliedBy_int,0.025559105431309903,0.0231629392971246,0.020766773162939296,0.0463258785942492,0.02291506004186405,0.023038666296894505,0.0023961661341853034,2.7939297124600637,2.614217252396166,2.4345047923322682,5.228434504792332,2.6018630502836153,2.608032836147494,0.17971246006389774,"[""Days"", ""TestDays""]","[0.025559105431309903, 0.020766773162939296]","[2.7939297124600637, 2.4345047923322682]"
org.joda.time.TestMonths.testPlus_Months,0.025559105431309903,0.0231629392971246,0.020766773162939296,0.0463258785942492,0.02291506004186405,0.023038666296894505,0.0023961661341853034,2.330670926517572,2.1589456869009584,1.987220447284345,4.317891373801917,2.145286446605889,2.15210523001708,0.17172523961661346,"[""Months"", ""TestMonths""]","[0.025559105431309903, 0.020766773162939296]","[2.330670926517572, 1.987220447284345]"
org.joda.time.TestDays.testPlus_Days,0.025559105431309903,0.0231629392971246,0.020766773162939296,0.0463258785942492,0.02291506004186405,0.023038666296894505,0.0023961661341853034,2.7939297124600637,2.614217252396166,2.4345047923322682,5.228434504792332,2.6018630502836153,2.608032836147494,0.17971246006389774,"[""Days"", ""TestDays""]","[0.025559105431309903, 0.020766773162939296]","[2.7939297124600637, 2.4345047923322682]"
org.joda.time.TestMonths.testMultipliedBy_int,0.025559105431309903,0.0231629392971246,0.020766773162939296,0.0463258785942492,0.02291506004186405,0.023038666296894505,0.0023961661341853034,2.330670926517572,2.1589456869009584,1.987220447284345,4.317891373801917,2.145286446605889,2.15210523001708,0.17172523961661346,"[""Months"", ""TestMonths""]","[0.025559105431309903, 0.020766773162939296]","[2.330670926517572, 1.987220447284345]"
org.joda.time.TestDays.testIsLessThan,0.025559105431309903,0.0231629392971246,0.020766773162939296,0.0463258785942492,0.02291506004186405,0.023038666296894505,0.0023961661341853034,2.7939297124600637,2.614217252396166,2.4345047923322682,5.228434504792332,2.6018630502836153,2.608032836147494,0.17971246006389774,"[""Days"", ""TestDays""]","[0.025559105431309903, 0.020766773162939296]","[2.7939297124600637, 2.4345047923322682]"
org.joda.time.TestDays.testDividedBy_int,0.025559105431309903,0.0231629392971246,0.020766773162939296,0.0463258785942492,0.02291506004186405,0.023038666296894505,0.0023961661341853034,2.7939297124600637,2.614217252396166,2.4345047923322682,5.228434504792332,2.6018630502836153,2.608032836147494,0.17971246006389774,"[""Days"", ""TestDays""]","[0.025559105431309903, 0.020766773162939296]","[2.7939297124600637, 2.4345047923322682]"
org.joda.time.TestDays.testPlus_int,0.025559105431309903,0.0231629392971246,0.020766773162939296,0.0463258785942492,0.02291506004186405,0.023038666296894505,0.0023961661341853034,2.7939297124600637,2.614217252396166,2.4345047923322682,5.228434504792332,2.6018630502836153,2.608032836147494,0.17971246006389774,"[""Days"", ""TestDays""]","[0.025559105431309903, 0.020766773162939296]","[2.7939297124600637, 2.4345047923322682]"
org.joda.time.TestMonths.testConstants,0.025559105431309903,0.0231629392971246,0.020766773162939296,0.0463258785942492,0.02291506004186405,0.023038666296894505,0.0023961661341853034,2.330670926517572,2.1589456869009584,1.987220447284345,4.317891373801917,2.145286446605889,2.15210523001708,0.17172523961661346,"[""Months"", ""TestMonths""]","[0.025559105431309903, 0.020766773162939296]","[2.330670926517572, 1.987220447284345]"
org.joda.time.TestMonths.testFactory_parseMonths_String,0.025559105431309903,0.0231629392971246,0.020766773162939296,0.0463258785942492,0.02291506004186405,0.023038666296894505,0.0023961661341853034,2.330670926517572,2.1589456869009584,1.987220447284345,4.317891373801917,2.145286446605889,2.15210523001708,0.17172523961661346,"[""Months"", ""TestMonths""]","[0.025559105431309903, 0.020766773162939296]","[2.330670926517572, 1.987220447284345]"
org.joda.time.TestDays.testMinus_Days,0.025559105431309903,0.0231629392971246,0.020766773162939296,0.0463258785942492,0.02291506004186405,0.023038666296894505,0.0023961661341853034,2.7939297124600637,2.614217252396166,2.4345047923322682,5.228434504792332,2.6018630502836153,2.608032836147494,0.17971246006389774,"[""Days"", ""TestDays""]","[0.025559105431309903, 0.020766773162939296]","[2.7939297124600637, 2.4345047923322682]"
org.joda.time.TestDays.testFactory_parseDays_String,0.025559105431309903,0.0231629392971246,0.020766773162939296,0.0463258785942492,0.02291506004186405,0.023038666296894505,0.0023961661341853034,2.7939297124600637,2.614217252396166,2.4345047923322682,5.228434504792332,2.6018630502836153,2.608032836147494,0.17971246006389774,"[""Days"", ""TestDays""]","[0.025559105431309903, 0.020766773162939296]","[2.7939297124600637, 2.4345047923322682]"
org.joda.time.TestMonths.testToString,0.025559105431309903,0.0231629392971246,0.020766773162939296,0.0463258785942492,0.02291506004186405,0.023038666296894505,0.0023961661341853034,2.330670926517572,2.1589456869009584,1.987220447284345,4.317891373801917,2.145286446605889,2.15210523001708,0.17172523961661346,"[""Months"", ""TestMonths""]","[0.025559105431309903, 0.020766773162939296]","[2.330670926517572, 1.987220447284345]"
org.joda.time.TestMonths.testPlus_int,0.025559105431309903,0.0231629392971246,0.020766773162939296,0.0463258785942492,0.02291506004186405,0.023038666296894505,0.0023961661341853034,2.330670926517572,2.1589456869009584,1.987220447284345,4.317891373801917,2.145286446605889,2.15210523001708,0.17172523961661346,"[""Months"", ""TestMonths""]","[0.025559105431309903, 0.020766773162939296]","[2.330670926517572, 1.987220447284345]"
org.joda.time.TestMonths.testIsGreaterThan,0.025559105431309903,0.0231629392971246,0.020766773162939296,0.0463258785942492,0.02291506004186405,0.023038666296894505,0.0023961661341853034,2.330670926517572,2.1589456869009584,1.987220447284345,4.317891373801917,2.145286446605889,2.15210523001708,0.17172523961661346,"[""Months"", ""TestMonths""]","[0.025559105431309903, 0.020766773162939296]","[2.330670926517572, 1.987220447284345]"
org.joda.time.TestDays.testConstants,0.025559105431309903,0.0231629392971246,0.020766773162939296,0.0463258785942492,0.02291506004186405,0.023038666296894505,0.0023961661341853034,2.7939297124600637,2.614217252396166,2.4345047923322682,5.228434504792332,2.6018630502836153,2.608032836147494,0.17971246006389774,"[""Days"", ""TestDays""]","[0.025559105431309903, 0.020766773162939296]","[2.7939297124600637, 2.4345047923322682]"
org.joda.time.TestDays.testMinus_int,0.025559105431309903,0.0231629392971246,0.020766773162939296,0.0463258785942492,0.02291506004186405,0.023038666296894505,0.0023961661341853034,2.7939297124600637,2.614217252396166,2.4345047923322682,5.228434504792332,2.6018630502836153,2.608032836147494,0.17971246006389774,"[""Days"", ""TestDays""]","[0.025559105431309903, 0.020766773162939296]","[2.7939297124600637, 2.4345047923322682]"
org.joda.time.TestMonths.testMinus_Months,0.025559105431309903,0.0231629392971246,0.020766773162939296,0.0463258785942492,0.02291506004186405,0.023038666296894505,0.0023961661341853034,2.330670926517572,2.1589456869009584,1.987220447284345,4.317891373801917,2.145286446605889,2.15210523001708,0.17172523961661346,"[""Months"", ""TestMonths""]","[0.025559105431309903, 0.020766773162939296]","[2.330670926517572, 1.987220447284345]"
org.joda.time.TestDays.testGetMethods,0.025559105431309903,0.0231629392971246,0.020766773162939296,0.0463258785942492,0.02291506004186405,0.023038666296894505,0.0023961661341853034,2.7939297124600637,2.614217252396166,2.4345047923322682,5.228434504792332,2.6018630502836153,2.608032836147494,0.17971246006389774,"[""Days"", ""TestDays""]","[0.025559105431309903, 0.020766773162939296]","[2.7939297124600637, 2.4345047923322682]"
org.joda.time.convert.TestConverterManager.testAddPartialConverter2,0.021443888491779844,0.015345973106850569,0.008210180623973728,0.04603791932055171,0.013073658652998123,0.014234997881532735,0.005452256269071329,3.695496783416726,1.8041585558477218,0.2939244663382594,5.412475667543165,0.6856283955463861,1.1562276697154077,1.414591538245398,"[""TestConverterManager"", ""TestConverterManager$11"", ""Object"", ""PartialConverter"", ""ConverterManager""]","[0.021443888491779844, 0.016383850204798128, 0.008210180623973728]","[3.695496783416726, 1.4230544177881803, 0.2939244663382594]"
org.joda.time.convert.TestConverterManager.testAddPartialConverter1,0.021443888491779844,0.015345973106850569,0.008210180623973728,0.04603791932055171,0.013073658652998123,0.014234997881532735,0.005452256269071329,3.695496783416726,1.8041585558477218,0.2939244663382594,5.412475667543165,0.6856283955463861,1.1562276697154077,1.414591538245398,"[""TestConverterManager"", ""Object"", ""PartialConverter"", ""ConverterManager"", ""TestConverterManager$10""]","[0.021443888491779844, 0.016383850204798128, 0.008210180623973728]","[3.695496783416726, 1.4230544177881803, 0.2939244663382594]"
org.joda.time.convert.TestConverterManager.testAddInstantConverter1,0.021443888491779844,0.015339887932992347,0.008191925102399064,0.04601966379897704,0.01305821268304816,0.014224439439192629,0.005460221383612423,3.695496783416726,1.786932709744331,0.2422469280280866,5.360798129232993,0.5880816142532334,1.0840538885927185,1.4330711076689133,"[""TestConverterManager"", ""Object"", ""ConverterManager"", ""TestConverterManager$5"", ""InstantConverter""]","[0.021443888491779844, 0.016383850204798128, 0.008191925102399064]","[3.695496783416726, 1.4230544177881803, 0.2422469280280866]"
org.joda.time.convert.TestConverterManager.testAddInstantConverter2,0.021443888491779844,0.015339887932992347,0.008191925102399064,0.04601966379897704,0.01305821268304816,0.014224439439192629,0.005460221383612423,3.695496783416726,1.786932709744331,0.2422469280280866,5.360798129232993,0.5880816142532334,1.0840538885927185,1.4330711076689133,"[""TestConverterManager"", ""TestConverterManager$6"", ""Object"", ""ConverterManager"", ""InstantConverter""]","[0.021443888491779844, 0.016383850204798128, 0.008191925102399064]","[3.695496783416726, 1.4230544177881803, 0.2422469280280866]"
org.joda.time.TestInterval_Constructors.testConstructor_RI_RP5,0.022713687985654513,0.022687253349552402,0.02266081871345029,0.045374506699104804,0.02268722254855701,0.022687237949049477,2.6434636102110748e-05,2.722953216374269,2.1364317785397944,1.5499103407053199,4.272863557079589,1.9754121754357155,2.054344992282282,0.5865214378344746,"[""TestInterval_Constructors"", ""Interval""]","[0.022713687985654513, 0.02266081871345029]","[1.5499103407053199, 2.722953216374269]"
org.joda.time.TestInterval_Constructors.testConstructor_RI_RD2,0.022713687985654513,0.022687253349552402,0.02266081871345029,0.045374506699104804,0.02268722254855701,0.022687237949049477,2.6434636102110748e-05,2.722953216374269,2.1364317785397944,1.5499103407053199,4.272863557079589,1.9754121754357155,2.054344992282282,0.5865214378344746,"[""TestInterval_Constructors"", ""Interval""]","[0.022713687985654513, 0.02266081871345029]","[1.5499103407053199, 2.722953216374269]"
org.joda.time.TestInterval_Constructors.testConstructor_RP_RI5,0.022713687985654513,0.022687253349552402,0.02266081871345029,0.045374506699104804,0.02268722254855701,0.022687237949049477,2.6434636102110748e-05,2.722953216374269,2.1364317785397944,1.5499103407053199,4.272863557079589,1.9754121754357155,2.054344992282282,0.5865214378344746,"[""TestInterval_Constructors"", ""Interval""]","[0.022713687985654513, 0.02266081871345029]","[1.5499103407053199, 2.722953216374269]"
org.joda.time.TestInterval_Constructors.testConstructor_RI_RI3,0.022713687985654513,0.022687253349552402,0.02266081871345029,0.045374506699104804,0.02268722254855701,0.022687237949049477,2.6434636102110748e-05,2.722953216374269,2.1364317785397944,1.5499103407053199,4.272863557079589,1.9754121754357155,2.054344992282282,0.5865214378344746,"[""TestInterval_Constructors"", ""Interval""]","[0.022713687985654513, 0.02266081871345029]","[1.5499103407053199, 2.722953216374269]"
org.joda.time.TestInterval_Constructors.testConstructor_RD_RI2,0.022713687985654513,0.022687253349552402,0.02266081871345029,0.045374506699104804,0.02268722254855701,0.022687237949049477,2.6434636102110748e-05,2.722953216374269,2.1364317785397944,1.5499103407053199,4.272863557079589,1.9754121754357155,2.054344992282282,0.5865214378344746,"[""TestInterval_Constructors"", ""Interval""]","[0.022713687985654513, 0.02266081871345029]","[1.5499103407053199, 2.722953216374269]"
org.joda.time.TestYearMonth_Properties.testPropertyAddMonth,0.029333333333333333,0.02266666666666667,0.016,0.04533333333333334,0.020705882352941175,0.021664102412362562,0.006666666666666666,5.344,3.650666666666667,1.9573333333333334,7.301333333333334,2.8652271731190653,3.234190676712388,1.6933333333333336,"[""TestYearMonth_Properties"", ""YearMonth"", ""YearMonth$Property""]","[0.029333333333333333, 0.016]","[5.344, 1.9573333333333334]"
org.joda.time.TestYearMonth_Properties.testPropertyAddWrapFieldMonth,0.029333333333333333,0.02266666666666667,0.016,0.04533333333333334,0.020705882352941175,0.021664102412362562,0.006666666666666666,5.344,3.650666666666667,1.9573333333333334,7.301333333333334,2.8652271731190653,3.234190676712388,1.6933333333333336,"[""TestYearMonth_Properties"", ""YearMonth"", ""YearMonth$Property""]","[0.029333333333333333, 0.016]","[5.344, 1.9573333333333334]"
org.joda.time.TestYearMonth_Properties.testPropertyAddWrapFieldYear,0.029333333333333333,0.02266666666666667,0.016,0.04533333333333334,0.020705882352941175,0.021664102412362562,0.006666666666666666,5.344,3.650666666666667,1.9573333333333334,7.301333333333334,2.8652271731190653,3.234190676712388,1.6933333333333336,"[""TestYearMonth_Properties"", ""YearMonth"", ""YearMonth$Property""]","[0.029333333333333333, 0.016]","[5.344, 1.9573333333333334]"
org.joda.time.TestYearMonth_Properties.testPropertySetTextYear,0.029333333333333333,0.02266666666666667,0.016,0.04533333333333334,0.020705882352941175,0.021664102412362562,0.006666666666666666,5.344,3.650666666666667,1.9573333333333334,7.301333333333334,2.8652271731190653,3.234190676712388,1.6933333333333336,"[""TestYearMonth_Properties"", ""YearMonth"", ""YearMonth$Property""]","[0.029333333333333333, 0.016]","[5.344, 1.9573333333333334]"
org.joda.time.TestYearMonth_Properties.testPropertyHashCode,0.029333333333333333,0.02266666666666667,0.016,0.04533333333333334,0.020705882352941175,0.021664102412362562,0.006666666666666666,5.344,3.650666666666667,1.9573333333333334,7.301333333333334,2.8652271731190653,3.234190676712388,1.6933333333333336,"[""YearMonth$Property"", ""TestYearMonth_Properties"", ""YearMonth""]","[0.029333333333333333, 0.016]","[5.344, 1.9573333333333334]"
org.joda.time.TestYearMonth_Properties.testPropertyGetMaxMinValuesYear,0.029333333333333333,0.02266666666666667,0.016,0.04533333333333334,0.020705882352941175,0.021664102412362562,0.006666666666666666,5.344,3.650666666666667,1.9573333333333334,7.301333333333334,2.8652271731190653,3.234190676712388,1.6933333333333336,"[""YearMonth$Property"", ""TestYearMonth_Properties"", ""YearMonth""]","[0.029333333333333333, 0.016]","[5.344, 1.9573333333333334]"
org.joda.time.TestYearMonth_Properties.testPropertySetMonth,0.029333333333333333,0.02266666666666667,0.016,0.04533333333333334,0.020705882352941175,0.021664102412362562,0.006666666666666666,5.344,3.650666666666667,1.9573333333333334,7.301333333333334,2.8652271731190653,3.234190676712388,1.6933333333333336,"[""TestYearMonth_Properties"", ""YearMonth"", ""YearMonth$Property""]","[0.029333333333333333, 0.016]","[5.344, 1.9573333333333334]"
org.joda.time.TestYearMonth_Properties.testPropertySetYear,0.029333333333333333,0.02266666666666667,0.016,0.04533333333333334,0.020705882352941175,0.021664102412362562,0.006666666666666666,5.344,3.650666666666667,1.9573333333333334,7.301333333333334,2.8652271731190653,3.234190676712388,1.6933333333333336,"[""TestYearMonth_Properties"", ""YearMonth"", ""YearMonth$Property""]","[0.029333333333333333, 0.016]","[5.344, 1.9573333333333334]"
org.joda.time.TestYearMonth_Properties.testPropertyAddYear,0.029333333333333333,0.02266666666666667,0.016,0.04533333333333334,0.020705882352941175,0.021664102412362562,0.006666666666666666,5.344,3.650666666666667,1.9573333333333334,7.301333333333334,2.8652271731190653,3.234190676712388,1.6933333333333336,"[""TestYearMonth_Properties"", ""YearMonth"", ""YearMonth$Property""]","[0.029333333333333333, 0.016]","[5.344, 1.9573333333333334]"
org.joda.time.TestYearMonth_Properties.testPropertySetTextMonth,0.029333333333333333,0.02266666666666667,0.016,0.04533333333333334,0.020705882352941175,0.021664102412362562,0.006666666666666666,5.344,3.650666666666667,1.9573333333333334,7.301333333333334,2.8652271731190653,3.234190676712388,1.6933333333333336,"[""TestYearMonth_Properties"", ""YearMonth"", ""YearMonth$Property""]","[0.029333333333333333, 0.016]","[5.344, 1.9573333333333334]"
org.joda.time.TestYearMonth_Properties.testPropertyGetMaxMinValuesMonth,0.029333333333333333,0.02266666666666667,0.016,0.04533333333333334,0.020705882352941175,0.021664102412362562,0.006666666666666666,5.344,3.650666666666667,1.9573333333333334,7.301333333333334,2.8652271731190653,3.234190676712388,1.6933333333333336,"[""YearMonth$Property"", ""TestYearMonth_Properties"", ""YearMonth""]","[0.029333333333333333, 0.016]","[5.344, 1.9573333333333334]"
org.joda.time.TestStringConvert.testDuration,0.02516091281451141,0.022661101568546026,0.020161290322580645,0.04532220313709205,0.022385340205112188,0.02252279884993214,0.002499811245965383,1.6079578700994734,1.2414789350497366,0.875,2.482957870099473,1.1332960202668867,1.1861547691330332,0.3664789350497367,"[""StringConvert"", ""TestStringConvert"", ""Duration""]","[0.02516091281451141, 0.020161290322580645]","[1.6079578700994734, 0.875]"
org.joda.time.TestDateTimeComparator.testStaticGetTimeOnlyInstance,0.016693163751987282,0.015088197441138618,0.013994169096209912,0.045264592323415856,0.015002768367972659,0.015044827701531736,0.0011595793035242047,3.033819241982507,1.9721610651982797,0.7737609329446065,5.916483195594839,1.4311703325132061,1.7043195913550475,0.9277175079559581,"[""DateTimeFieldType"", ""DateTimeComparator"", ""TestDateTimeComparator""]","[0.016693163751987282, 0.014577259475218658, 0.013994169096209912]","[2.1089030206677264, 3.033819241982507, 0.7737609329446065]"
org.joda.time.TestDateTimeComparator.testStaticGetInstanceLower,0.016693163751987282,0.015088197441138618,0.013994169096209912,0.045264592323415856,0.015002768367972659,0.015044827701531736,0.0011595793035242047,3.033819241982507,1.9721610651982797,0.7737609329446065,5.916483195594839,1.4311703325132061,1.7043195913550475,0.9277175079559581,"[""DateTimeFieldType"", ""TestDateTimeComparator"", ""DateTimeComparator""]","[0.016693163751987282, 0.014577259475218658, 0.013994169096209912]","[2.1089030206677264, 3.033819241982507, 0.7737609329446065]"
org.joda.time.TestDateTimeComparator.testStaticGetInstanceLowerUpper,0.016693163751987282,0.015088197441138618,0.013994169096209912,0.045264592323415856,0.015002768367972659,0.015044827701531736,0.0011595793035242047,3.033819241982507,1.9721610651982797,0.7737609329446065,5.916483195594839,1.4311703325132061,1.7043195913550475,0.9277175079559581,"[""DateTimeFieldType"", ""TestDateTimeComparator"", ""DateTimeComparator""]","[0.016693163751987282, 0.014577259475218658, 0.013994169096209912]","[2.1089030206677264, 3.033819241982507, 0.7737609329446065]"
org.joda.time.TestDateTimeComparator.testStaticGetDateOnlyInstance,0.016693163751987282,0.015088197441138618,0.013994169096209912,0.045264592323415856,0.015002768367972659,0.015044827701531736,0.0011595793035242047,3.033819241982507,1.9721610651982797,0.7737609329446065,5.916483195594839,1.4311703325132061,1.7043195913550475,0.9277175079559581,"[""DateTimeFieldType"", ""DateTimeComparator"", ""TestDateTimeComparator""]","[0.016693163751987282, 0.014577259475218658, 0.013994169096209912]","[2.1089030206677264, 3.033819241982507, 0.7737609329446065]"
org.joda.time.TestDateMidnight_Constructors.test_now_nullChronology,0.03319502074688797,0.02247579529737206,0.011756569847856155,0.04495159059474412,0.017363549313756783,0.019754988737324623,0.010719225449515906,3.8485477178423237,2.7686721991701244,1.6887966804979253,5.537344398340249,2.347484332951406,2.549394949910661,1.079875518672199,"[""TestDateMidnight_Constructors"", ""DateMidnight""]","[0.03319502074688797, 0.011756569847856155]","[3.8485477178423237, 1.6887966804979253]"
org.joda.time.TestDateMidnight_Constructors.test_now_nullDateTimeZone,0.03319502074688797,0.02247579529737206,0.011756569847856155,0.04495159059474412,0.017363549313756783,0.019754988737324623,0.010719225449515906,3.8485477178423237,2.7686721991701244,1.6887966804979253,5.537344398340249,2.347484332951406,2.549394949910661,1.079875518672199,"[""TestDateMidnight_Constructors"", ""DateMidnight""]","[0.03319502074688797, 0.011756569847856155]","[3.8485477178423237, 1.6887966804979253]"
org.joda.time.TestDateMidnight_Constructors.testConstructor_invalidObject,0.03319502074688797,0.02247579529737206,0.011756569847856155,0.04495159059474412,0.017363549313756783,0.019754988737324623,0.010719225449515906,3.8485477178423237,2.7686721991701244,1.6887966804979253,5.537344398340249,2.347484332951406,2.549394949910661,1.079875518672199,"[""TestDateMidnight_Constructors"", ""DateMidnight"", ""Object""]","[0.03319502074688797, 0.011756569847856155]","[3.8485477178423237, 1.6887966804979253]"
org.joda.time.TestDateMidnight_Constructors.testConstructor_invalidObject_DateTimeZone,0.03319502074688797,0.02247579529737206,0.011756569847856155,0.04495159059474412,0.017363549313756783,0.019754988737324623,0.010719225449515906,3.8485477178423237,2.7686721991701244,1.6887966804979253,5.537344398340249,2.347484332951406,2.549394949910661,1.079875518672199,"[""TestDateMidnight_Constructors"", ""DateMidnight"", ""Object""]","[0.03319502074688797, 0.011756569847856155]","[3.8485477178423237, 1.6887966804979253]"
org.joda.time.format.TestISODateTimeFormatParsing.test_dateParser,0.0239067055393586,0.02241673094606196,0.02092675635276532,0.04483346189212392,0.02231769668928245,0.02236715900644207,0.001489974593296639,5.811659192825112,5.428570121193897,5.0454810495626825,10.857140242387795,5.401535886850989,5.4150361332050085,0.38308907163121475,"[""TestISODateTimeFormatParsing"", ""ISODateTimeFormat""]","[0.0239067055393586, 0.02092675635276532]","[5.0454810495626825, 5.811659192825112]"
org.joda.time.format.TestISODateTimeFormatParsing.test_dateOptionalTimeParser,0.0239067055393586,0.02241673094606196,0.02092675635276532,0.04483346189212392,0.02231769668928245,0.02236715900644207,0.001489974593296639,5.811659192825112,5.428570121193897,5.0454810495626825,10.857140242387795,5.401535886850989,5.4150361332050085,0.38308907163121475,"[""TestISODateTimeFormatParsing"", ""ISODateTimeFormat""]","[0.0239067055393586, 0.02092675635276532]","[5.0454810495626825, 5.811659192825112]"
org.joda.time.format.TestISODateTimeFormatParsing.test_dateTimeParser,0.0239067055393586,0.02241673094606196,0.02092675635276532,0.04483346189212392,0.02231769668928245,0.02236715900644207,0.001489974593296639,5.811659192825112,5.428570121193897,5.0454810495626825,10.857140242387795,5.401535886850989,5.4150361332050085,0.38308907163121475,"[""TestISODateTimeFormatParsing"", ""ISODateTimeFormat""]","[0.0239067055393586, 0.02092675635276532]","[5.0454810495626825, 5.811659192825112]"
org.joda.time.TestWeeks.testFactory_weeks_int,0.023961661341853034,0.022364217252396165,0.020766773162939296,0.04472843450479233,0.022250114103149247,0.02230709272167562,0.001597444089456869,2.7252396166134187,2.5463258785942493,2.36741214057508,5.092651757188499,2.533754775295537,2.5400325498597027,0.17891373801916943,"[""TestWeeks"", ""Weeks""]","[0.023961661341853034, 0.020766773162939296]","[2.7252396166134187, 2.36741214057508]"
org.joda.time.TestSeconds.testIsGreaterThan,0.023961661341853034,0.022364217252396165,0.020766773162939296,0.04472843450479233,0.022250114103149247,0.02230709272167562,0.001597444089456869,2.5463258785942493,2.442492012779553,2.3386581469648564,4.884984025559106,2.4380778850634277,2.4402839508552865,0.10383386581469645,"[""Seconds"", ""TestSeconds""]","[0.023961661341853034, 0.020766773162939296]","[2.5463258785942493, 2.3386581469648564]"
org.joda.time.TestYears.testMinus_int,0.023961661341853034,0.022364217252396165,0.020766773162939296,0.04472843450479233,0.022250114103149247,0.02230709272167562,0.001597444089456869,2.169329073482428,1.9936102236421724,1.817891373801917,3.987220447284345,1.978122183992791,1.9858511045950578,0.17571884984025554,"[""Years"", ""TestYears""]","[0.023961661341853034, 0.020766773162939296]","[2.169329073482428, 1.817891373801917]"
org.joda.time.TestYears.testIsGreaterThan,0.023961661341853034,0.022364217252396165,0.020766773162939296,0.04472843450479233,0.022250114103149247,0.02230709272167562,0.001597444089456869,2.169329073482428,1.9936102236421724,1.817891373801917,3.987220447284345,1.978122183992791,1.9858511045950578,0.17571884984025554,"[""Years"", ""TestYears""]","[0.023961661341853034, 0.020766773162939296]","[2.169329073482428, 1.817891373801917]"
org.joda.time.TestYears.testDividedBy_int,0.023961661341853034,0.022364217252396165,0.020766773162939296,0.04472843450479233,0.022250114103149247,0.02230709272167562,0.001597444089456869,2.169329073482428,1.9936102236421724,1.817891373801917,3.987220447284345,1.978122183992791,1.9858511045950578,0.17571884984025554,"[""Years"", ""TestYears""]","[0.023961661341853034, 0.020766773162939296]","[2.169329073482428, 1.817891373801917]"
org.joda.time.TestSeconds.testConstants,0.023961661341853034,0.022364217252396165,0.020766773162939296,0.04472843450479233,0.022250114103149247,0.02230709272167562,0.001597444089456869,2.5463258785942493,2.442492012779553,2.3386581469648564,4.884984025559106,2.4380778850634277,2.4402839508552865,0.10383386581469645,"[""Seconds"", ""TestSeconds""]","[0.023961661341853034, 0.020766773162939296]","[2.5463258785942493, 2.3386581469648564]"
org.joda.time.TestHours.testFactory_hours_int,0.023961661341853034,0.022364217252396165,0.020766773162939296,0.04472843450479233,0.022250114103149247,0.02230709272167562,0.001597444089456869,2.7060702875399363,2.569488817891374,2.4329073482428116,5.138977635782748,2.5622288143757057,2.5658562483930094,0.13658146964856233,"[""TestHours"", ""Hours""]","[0.023961661341853034, 0.020766773162939296]","[2.7060702875399363, 2.4329073482428116]"
org.joda.time.TestSeconds.testFactory_parseSeconds_String,0.023961661341853034,0.022364217252396165,0.020766773162939296,0.04472843450479233,0.022250114103149247,0.02230709272167562,0.001597444089456869,2.5463258785942493,2.442492012779553,2.3386581469648564,4.884984025559106,2.4380778850634277,2.4402839508552865,0.10383386581469645,"[""Seconds"", ""TestSeconds""]","[0.023961661341853034, 0.020766773162939296]","[2.5463258785942493, 2.3386581469648564]"
org.joda.time.TestHours.testPlus_int,0.023961661341853034,0.022364217252396165,0.020766773162939296,0.04472843450479233,0.022250114103149247,0.02230709272167562,0.001597444089456869,2.7060702875399363,2.569488817891374,2.4329073482428116,5.138977635782748,2.5622288143757057,2.5658562483930094,0.13658146964856233,"[""TestHours"", ""Hours""]","[0.023961661341853034, 0.020766773162939296]","[2.7060702875399363, 2.4329073482428116]"
org.joda.time.TestYears.testIsLessThan,0.023961661341853034,0.022364217252396165,0.020766773162939296,0.04472843450479233,0.022250114103149247,0.02230709272167562,0.001597444089456869,2.169329073482428,1.9936102236421724,1.817891373801917,3.987220447284345,1.978122183992791,1.9858511045950578,0.17571884984025554,"[""Years"", ""TestYears""]","[0.023961661341853034, 0.020766773162939296]","[2.169329073482428, 1.817891373801917]"
org.joda.time.TestSeconds.testMinus_Seconds,0.023961661341853034,0.022364217252396165,0.020766773162939296,0.04472843450479233,0.022250114103149247,0.02230709272167562,0.001597444089456869,2.5463258785942493,2.442492012779553,2.3386581469648564,4.884984025559106,2.4380778850634277,2.4402839508552865,0.10383386581469645,"[""Seconds"", ""TestSeconds""]","[0.023961661341853034, 0.020766773162939296]","[2.5463258785942493, 2.3386581469648564]"
org.joda.time.TestWeeks.testPlus_Weeks,0.023961661341853034,0.022364217252396165,0.020766773162939296,0.04472843450479233,0.022250114103149247,0.02230709272167562,0.001597444089456869,2.7252396166134187,2.5463258785942493,2.36741214057508,5.092651757188499,2.533754775295537,2.5400325498597027,0.17891373801916943,"[""TestWeeks"", ""Weeks""]","[0.023961661341853034, 0.020766773162939296]","[2.7252396166134187, 2.36741214057508]"
org.joda.time.TestWeeks.testFactory_parseWeeks_String,0.023961661341853034,0.022364217252396165,0.020766773162939296,0.04472843450479233,0.022250114103149247,0.02230709272167562,0.001597444089456869,2.7252396166134187,2.5463258785942493,2.36741214057508,5.092651757188499,2.533754775295537,2.5400325498597027,0.17891373801916943,"[""TestWeeks"", ""Weeks""]","[0.023961661341853034, 0.020766773162939296]","[2.7252396166134187, 2.36741214057508]"
org.joda.time.TestSeconds.testMultipliedBy_int,0.023961661341853034,0.022364217252396165,0.020766773162939296,0.04472843450479233,0.022250114103149247,0.02230709272167562,0.001597444089456869,2.5463258785942493,2.442492012779553,2.3386581469648564,4.884984025559106,2.4380778850634277,2.4402839508552865,0.10383386581469645,"[""Seconds"", ""TestSeconds""]","[0.023961661341853034, 0.020766773162939296]","[2.5463258785942493, 2.3386581469648564]"
org.joda.time.TestWeeks.testMultipliedBy_int,0.023961661341853034,0.022364217252396165,0.020766773162939296,0.04472843450479233,0.022250114103149247,0.02230709272167562,0.001597444089456869,2.7252396166134187,2.5463258785942493,2.36741214057508,5.092651757188499,2.533754775295537,2.5400325498597027,0.17891373801916943,"[""TestWeeks"", ""Weeks""]","[0.023961661341853034, 0.020766773162939296]","[2.7252396166134187, 2.36741214057508]"
org.joda.time.TestMinutes.testMinus_Minutes,0.023961661341853034,0.022364217252396165,0.020766773162939296,0.04472843450479233,0.022250114103149247,0.02230709272167562,0.001597444089456869,2.597444089456869,2.4680511182108624,2.3386581469648564,4.936102236421725,2.461267409038742,2.464656929695088,0.12939297124600624,"[""TestMinutes"", ""Minutes""]","[0.023961661341853034, 0.020766773162939296]","[2.597444089456869, 2.3386581469648564]"
org.joda.time.TestHours.testPlus_Hours,0.023961661341853034,0.022364217252396165,0.020766773162939296,0.04472843450479233,0.022250114103149247,0.02230709272167562,0.001597444089456869,2.7060702875399363,2.569488817891374,2.4329073482428116,5.138977635782748,2.5622288143757057,2.5658562483930094,0.13658146964856233,"[""TestHours"", ""Hours""]","[0.023961661341853034, 0.020766773162939296]","[2.7060702875399363, 2.4329073482428116]"
org.joda.time.TestWeeks.testGetMethods,0.023961661341853034,0.022364217252396165,0.020766773162939296,0.04472843450479233,0.022250114103149247,0.02230709272167562,0.001597444089456869,2.7252396166134187,2.5463258785942493,2.36741214057508,5.092651757188499,2.533754775295537,2.5400325498597027,0.17891373801916943,"[""TestWeeks"", ""Weeks""]","[0.023961661341853034, 0.020766773162939296]","[2.7252396166134187, 2.36741214057508]"
org.joda.time.TestYears.testPlus_Years,0.023961661341853034,0.022364217252396165,0.020766773162939296,0.04472843450479233,0.022250114103149247,0.02230709272167562,0.001597444089456869,2.169329073482428,1.9936102236421724,1.817891373801917,3.987220447284345,1.978122183992791,1.9858511045950578,0.17571884984025554,"[""Years"", ""TestYears""]","[0.023961661341853034, 0.020766773162939296]","[2.169329073482428, 1.817891373801917]"
org.joda.time.TestWeeks.testMinus_int,0.023961661341853034,0.022364217252396165,0.020766773162939296,0.04472843450479233,0.022250114103149247,0.02230709272167562,0.001597444089456869,2.7252396166134187,2.5463258785942493,2.36741214057508,5.092651757188499,2.533754775295537,2.5400325498597027,0.17891373801916943,"[""TestWeeks"", ""Weeks""]","[0.023961661341853034, 0.020766773162939296]","[2.7252396166134187, 2.36741214057508]"
org.joda.time.TestMinutes.testIsGreaterThan,0.023961661341853034,0.022364217252396165,0.020766773162939296,0.04472843450479233,0.022250114103149247,0.02230709272167562,0.001597444089456869,2.597444089456869,2.4680511182108624,2.3386581469648564,4.936102236421725,2.461267409038742,2.464656929695088,0.12939297124600624,"[""TestMinutes"", ""Minutes""]","[0.023961661341853034, 0.020766773162939296]","[2.597444089456869, 2.3386581469648564]"
org.joda.time.TestMinutes.testIsLessThan,0.023961661341853034,0.022364217252396165,0.020766773162939296,0.04472843450479233,0.022250114103149247,0.02230709272167562,0.001597444089456869,2.597444089456869,2.4680511182108624,2.3386581469648564,4.936102236421725,2.461267409038742,2.464656929695088,0.12939297124600624,"[""TestMinutes"", ""Minutes""]","[0.023961661341853034, 0.020766773162939296]","[2.597444089456869, 2.3386581469648564]"
org.joda.time.TestMinutes.testConstants,0.023961661341853034,0.022364217252396165,0.020766773162939296,0.04472843450479233,0.022250114103149247,0.02230709272167562,0.001597444089456869,2.597444089456869,2.4680511182108624,2.3386581469648564,4.936102236421725,2.461267409038742,2.464656929695088,0.12939297124600624,"[""TestMinutes"", ""Minutes""]","[0.023961661341853034, 0.020766773162939296]","[2.597444089456869, 2.3386581469648564]"
org.joda.time.TestYears.testFactory_years_int,0.023961661341853034,0.022364217252396165,0.020766773162939296,0.04472843450479233,0.022250114103149247,0.02230709272167562,0.001597444089456869,2.169329073482428,1.9936102236421724,1.817891373801917,3.987220447284345,1.978122183992791,1.9858511045950578,0.17571884984025554,"[""Years"", ""TestYears""]","[0.023961661341853034, 0.020766773162939296]","[2.169329073482428, 1.817891373801917]"
org.joda.time.TestHours.testGetMethods,0.023961661341853034,0.022364217252396165,0.020766773162939296,0.04472843450479233,0.022250114103149247,0.02230709272167562,0.001597444089456869,2.7060702875399363,2.569488817891374,2.4329073482428116,5.138977635782748,2.5622288143757057,2.5658562483930094,0.13658146964856233,"[""TestHours"", ""Hours""]","[0.023961661341853034, 0.020766773162939296]","[2.7060702875399363, 2.4329073482428116]"
org.joda.time.TestYears.testToString,0.023961661341853034,0.022364217252396165,0.020766773162939296,0.04472843450479233,0.022250114103149247,0.02230709272167562,0.001597444089456869,2.169329073482428,1.9936102236421724,1.817891373801917,3.987220447284345,1.978122183992791,1.9858511045950578,0.17571884984025554,"[""Years"", ""TestYears""]","[0.023961661341853034, 0.020766773162939296]","[2.169329073482428, 1.817891373801917]"
org.joda.time.TestWeeks.testToString,0.023961661341853034,0.022364217252396165,0.020766773162939296,0.04472843450479233,0.022250114103149247,0.02230709272167562,0.001597444089456869,2.7252396166134187,2.5463258785942493,2.36741214057508,5.092651757188499,2.533754775295537,2.5400325498597027,0.17891373801916943,"[""TestWeeks"", ""Weeks""]","[0.023961661341853034, 0.020766773162939296]","[2.7252396166134187, 2.36741214057508]"
org.joda.time.TestWeeks.testMinus_Weeks,0.023961661341853034,0.022364217252396165,0.020766773162939296,0.04472843450479233,0.022250114103149247,0.02230709272167562,0.001597444089456869,2.7252396166134187,2.5463258785942493,2.36741214057508,5.092651757188499,2.533754775295537,2.5400325498597027,0.17891373801916943,"[""TestWeeks"", ""Weeks""]","[0.023961661341853034, 0.020766773162939296]","[2.7252396166134187, 2.36741214057508]"
org.joda.time.TestSeconds.testToString,0.023961661341853034,0.022364217252396165,0.020766773162939296,0.04472843450479233,0.022250114103149247,0.02230709272167562,0.001597444089456869,2.5463258785942493,2.442492012779553,2.3386581469648564,4.884984025559106,2.4380778850634277,2.4402839508552865,0.10383386581469645,"[""Seconds"", ""TestSeconds""]","[0.023961661341853034, 0.020766773162939296]","[2.5463258785942493, 2.3386581469648564]"
org.joda.time.TestMinutes.testPlus_Minutes,0.023961661341853034,0.022364217252396165,0.020766773162939296,0.04472843450479233,0.022250114103149247,0.02230709272167562,0.001597444089456869,2.597444089456869,2.4680511182108624,2.3386581469648564,4.936102236421725,2.461267409038742,2.464656929695088,0.12939297124600624,"[""TestMinutes"", ""Minutes""]","[0.023961661341853034, 0.020766773162939296]","[2.597444089456869, 2.3386581469648564]"
org.joda.time.TestMinutes.testPlus_int,0.023961661341853034,0.022364217252396165,0.020766773162939296,0.04472843450479233,0.022250114103149247,0.02230709272167562,0.001597444089456869,2.597444089456869,2.4680511182108624,2.3386581469648564,4.936102236421725,2.461267409038742,2.464656929695088,0.12939297124600624,"[""TestMinutes"", ""Minutes""]","[0.023961661341853034, 0.020766773162939296]","[2.597444089456869, 2.3386581469648564]"
org.joda.time.TestYears.testFactory_parseYears_String,0.023961661341853034,0.022364217252396165,0.020766773162939296,0.04472843450479233,0.022250114103149247,0.02230709272167562,0.001597444089456869,2.169329073482428,1.9936102236421724,1.817891373801917,3.987220447284345,1.978122183992791,1.9858511045950578,0.17571884984025554,"[""Years"", ""TestYears""]","[0.023961661341853034, 0.020766773162939296]","[2.169329073482428, 1.817891373801917]"
org.joda.time.TestWeeks.testDividedBy_int,0.023961661341853034,0.022364217252396165,0.020766773162939296,0.04472843450479233,0.022250114103149247,0.02230709272167562,0.001597444089456869,2.7252396166134187,2.5463258785942493,2.36741214057508,5.092651757188499,2.533754775295537,2.5400325498597027,0.17891373801916943,"[""TestWeeks"", ""Weeks""]","[0.023961661341853034, 0.020766773162939296]","[2.7252396166134187, 2.36741214057508]"
org.joda.time.TestSeconds.testIsLessThan,0.023961661341853034,0.022364217252396165,0.020766773162939296,0.04472843450479233,0.022250114103149247,0.02230709272167562,0.001597444089456869,2.5463258785942493,2.442492012779553,2.3386581469648564,4.884984025559106,2.4380778850634277,2.4402839508552865,0.10383386581469645,"[""Seconds"", ""TestSeconds""]","[0.023961661341853034, 0.020766773162939296]","[2.5463258785942493, 2.3386581469648564]"
org.joda.time.TestMinutes.testMinus_int,0.023961661341853034,0.022364217252396165,0.020766773162939296,0.04472843450479233,0.022250114103149247,0.02230709272167562,0.001597444089456869,2.597444089456869,2.4680511182108624,2.3386581469648564,4.936102236421725,2.461267409038742,2.464656929695088,0.12939297124600624,"[""TestMinutes"", ""Minutes""]","[0.023961661341853034, 0.020766773162939296]","[2.597444089456869, 2.3386581469648564]"
org.joda.time.TestHours.testMinus_Hours,0.023961661341853034,0.022364217252396165,0.020766773162939296,0.04472843450479233,0.022250114103149247,0.02230709272167562,0.001597444089456869,2.7060702875399363,2.569488817891374,2.4329073482428116,5.138977635782748,2.5622288143757057,2.5658562483930094,0.13658146964856233,"[""TestHours"", ""Hours""]","[0.023961661341853034, 0.020766773162939296]","[2.7060702875399363, 2.4329073482428116]"
org.joda.time.TestMinutes.testGetMethods,0.023961661341853034,0.022364217252396165,0.020766773162939296,0.04472843450479233,0.022250114103149247,0.02230709272167562,0.001597444089456869,2.597444089456869,2.4680511182108624,2.3386581469648564,4.936102236421725,2.461267409038742,2.464656929695088,0.12939297124600624,"[""TestMinutes"", ""Minutes""]","[0.023961661341853034, 0.020766773162939296]","[2.597444089456869, 2.3386581469648564]"
org.joda.time.TestHours.testIsGreaterThan,0.023961661341853034,0.022364217252396165,0.020766773162939296,0.04472843450479233,0.022250114103149247,0.02230709272167562,0.001597444089456869,2.7060702875399363,2.569488817891374,2.4329073482428116,5.138977635782748,2.5622288143757057,2.5658562483930094,0.13658146964856233,"[""TestHours"", ""Hours""]","[0.023961661341853034, 0.020766773162939296]","[2.7060702875399363, 2.4329073482428116]"
org.joda.time.TestSeconds.testFactory_seconds_int,0.023961661341853034,0.022364217252396165,0.020766773162939296,0.04472843450479233,0.022250114103149247,0.02230709272167562,0.001597444089456869,2.5463258785942493,2.442492012779553,2.3386581469648564,4.884984025559106,2.4380778850634277,2.4402839508552865,0.10383386581469645,"[""Seconds"", ""TestSeconds""]","[0.023961661341853034, 0.020766773162939296]","[2.5463258785942493, 2.3386581469648564]"
org.joda.time.TestMinutes.testNegated,0.023961661341853034,0.022364217252396165,0.020766773162939296,0.04472843450479233,0.022250114103149247,0.02230709272167562,0.001597444089456869,2.597444089456869,2.4680511182108624,2.3386581469648564,4.936102236421725,2.461267409038742,2.464656929695088,0.12939297124600624,"[""TestMinutes"", ""Minutes""]","[0.023961661341853034, 0.020766773162939296]","[2.597444089456869, 2.3386581469648564]"
org.joda.time.TestWeeks.testIsGreaterThan,0.023961661341853034,0.022364217252396165,0.020766773162939296,0.04472843450479233,0.022250114103149247,0.02230709272167562,0.001597444089456869,2.7252396166134187,2.5463258785942493,2.36741214057508,5.092651757188499,2.533754775295537,2.5400325498597027,0.17891373801916943,"[""TestWeeks"", ""Weeks""]","[0.023961661341853034, 0.020766773162939296]","[2.7252396166134187, 2.36741214057508]"
org.joda.time.TestSeconds.testMinus_int,0.023961661341853034,0.022364217252396165,0.020766773162939296,0.04472843450479233,0.022250114103149247,0.02230709272167562,0.001597444089456869,2.5463258785942493,2.442492012779553,2.3386581469648564,4.884984025559106,2.4380778850634277,2.4402839508552865,0.10383386581469645,"[""Seconds"", ""TestSeconds""]","[0.023961661341853034, 0.020766773162939296]","[2.5463258785942493, 2.3386581469648564]"
org.joda.time.TestMinutes.testFactory_minutes_int,0.023961661341853034,0.022364217252396165,0.020766773162939296,0.04472843450479233,0.022250114103149247,0.02230709272167562,0.001597444089456869,2.597444089456869,2.4680511182108624,2.3386581469648564,4.936102236421725,2.461267409038742,2.464656929695088,0.12939297124600624,"[""TestMinutes"", ""Minutes""]","[0.023961661341853034, 0.020766773162939296]","[2.597444089456869, 2.3386581469648564]"
org.joda.time.TestHours.testFactory_parseHours_String,0.023961661341853034,0.022364217252396165,0.020766773162939296,0.04472843450479233,0.022250114103149247,0.02230709272167562,0.001597444089456869,2.7060702875399363,2.569488817891374,2.4329073482428116,5.138977635782748,2.5622288143757057,2.5658562483930094,0.13658146964856233,"[""TestHours"", ""Hours""]","[0.023961661341853034, 0.020766773162939296]","[2.7060702875399363, 2.4329073482428116]"
org.joda.time.TestHours.testIsLessThan,0.023961661341853034,0.022364217252396165,0.020766773162939296,0.04472843450479233,0.022250114103149247,0.02230709272167562,0.001597444089456869,2.7060702875399363,2.569488817891374,2.4329073482428116,5.138977635782748,2.5622288143757057,2.5658562483930094,0.13658146964856233,"[""TestHours"", ""Hours""]","[0.023961661341853034, 0.020766773162939296]","[2.7060702875399363, 2.4329073482428116]"
org.joda.time.TestHours.testConstants,0.023961661341853034,0.022364217252396165,0.020766773162939296,0.04472843450479233,0.022250114103149247,0.02230709272167562,0.001597444089456869,2.7060702875399363,2.569488817891374,2.4329073482428116,5.138977635782748,2.5622288143757057,2.5658562483930094,0.13658146964856233,"[""TestHours"", ""Hours""]","[0.023961661341853034, 0.020766773162939296]","[2.7060702875399363, 2.4329073482428116]"
org.joda.time.TestHours.testToString,0.023961661341853034,0.022364217252396165,0.020766773162939296,0.04472843450479233,0.022250114103149247,0.02230709272167562,0.001597444089456869,2.7060702875399363,2.569488817891374,2.4329073482428116,5.138977635782748,2.5622288143757057,2.5658562483930094,0.13658146964856233,"[""TestHours"", ""Hours""]","[0.023961661341853034, 0.020766773162939296]","[2.7060702875399363, 2.4329073482428116]"
org.joda.time.TestMinutes.testDividedBy_int,0.023961661341853034,0.022364217252396165,0.020766773162939296,0.04472843450479233,0.022250114103149247,0.02230709272167562,0.001597444089456869,2.597444089456869,2.4680511182108624,2.3386581469648564,4.936102236421725,2.461267409038742,2.464656929695088,0.12939297124600624,"[""TestMinutes"", ""Minutes""]","[0.023961661341853034, 0.020766773162939296]","[2.597444089456869, 2.3386581469648564]"
org.joda.time.TestSeconds.testGetMethods,0.023961661341853034,0.022364217252396165,0.020766773162939296,0.04472843450479233,0.022250114103149247,0.02230709272167562,0.001597444089456869,2.5463258785942493,2.442492012779553,2.3386581469648564,4.884984025559106,2.4380778850634277,2.4402839508552865,0.10383386581469645,"[""Seconds"", ""TestSeconds""]","[0.023961661341853034, 0.020766773162939296]","[2.5463258785942493, 2.3386581469648564]"
org.joda.time.TestWeeks.testConstants,0.023961661341853034,0.022364217252396165,0.020766773162939296,0.04472843450479233,0.022250114103149247,0.02230709272167562,0.001597444089456869,2.7252396166134187,2.5463258785942493,2.36741214057508,5.092651757188499,2.533754775295537,2.5400325498597027,0.17891373801916943,"[""TestWeeks"", ""Weeks""]","[0.023961661341853034, 0.020766773162939296]","[2.7252396166134187, 2.36741214057508]"
org.joda.time.TestMinutes.testMultipliedBy_int,0.023961661341853034,0.022364217252396165,0.020766773162939296,0.04472843450479233,0.022250114103149247,0.02230709272167562,0.001597444089456869,2.597444089456869,2.4680511182108624,2.3386581469648564,4.936102236421725,2.461267409038742,2.464656929695088,0.12939297124600624,"[""TestMinutes"", ""Minutes""]","[0.023961661341853034, 0.020766773162939296]","[2.597444089456869, 2.3386581469648564]"
org.joda.time.TestSeconds.testDividedBy_int,0.023961661341853034,0.022364217252396165,0.020766773162939296,0.04472843450479233,0.022250114103149247,0.02230709272167562,0.001597444089456869,2.5463258785942493,2.442492012779553,2.3386581469648564,4.884984025559106,2.4380778850634277,2.4402839508552865,0.10383386581469645,"[""Seconds"", ""TestSeconds""]","[0.023961661341853034, 0.020766773162939296]","[2.5463258785942493, 2.3386581469648564]"
org.joda.time.TestHours.testNegated,0.023961661341853034,0.022364217252396165,0.020766773162939296,0.04472843450479233,0.022250114103149247,0.02230709272167562,0.001597444089456869,2.7060702875399363,2.569488817891374,2.4329073482428116,5.138977635782748,2.5622288143757057,2.5658562483930094,0.13658146964856233,"[""TestHours"", ""Hours""]","[0.023961661341853034, 0.020766773162939296]","[2.7060702875399363, 2.4329073482428116]"
org.joda.time.TestYears.testConstants,0.023961661341853034,0.022364217252396165,0.020766773162939296,0.04472843450479233,0.022250114103149247,0.02230709272167562,0.001597444089456869,2.169329073482428,1.9936102236421724,1.817891373801917,3.987220447284345,1.978122183992791,1.9858511045950578,0.17571884984025554,"[""Years"", ""TestYears""]","[0.023961661341853034, 0.020766773162939296]","[2.169329073482428, 1.817891373801917]"
org.joda.time.TestWeeks.testPlus_int,0.023961661341853034,0.022364217252396165,0.020766773162939296,0.04472843450479233,0.022250114103149247,0.02230709272167562,0.001597444089456869,2.7252396166134187,2.5463258785942493,2.36741214057508,5.092651757188499,2.533754775295537,2.5400325498597027,0.17891373801916943,"[""TestWeeks"", ""Weeks""]","[0.023961661341853034, 0.020766773162939296]","[2.7252396166134187, 2.36741214057508]"
org.joda.time.TestYears.testMultipliedBy_int,0.023961661341853034,0.022364217252396165,0.020766773162939296,0.04472843450479233,0.022250114103149247,0.02230709272167562,0.001597444089456869,2.169329073482428,1.9936102236421724,1.817891373801917,3.987220447284345,1.978122183992791,1.9858511045950578,0.17571884984025554,"[""Years"", ""TestYears""]","[0.023961661341853034, 0.020766773162939296]","[2.169329073482428, 1.817891373801917]"
org.joda.time.TestWeeks.testNegated,0.023961661341853034,0.022364217252396165,0.020766773162939296,0.04472843450479233,0.022250114103149247,0.02230709272167562,0.001597444089456869,2.7252396166134187,2.5463258785942493,2.36741214057508,5.092651757188499,2.533754775295537,2.5400325498597027,0.17891373801916943,"[""TestWeeks"", ""Weeks""]","[0.023961661341853034, 0.020766773162939296]","[2.7252396166134187, 2.36741214057508]"
org.joda.time.TestHours.testMultipliedBy_int,0.023961661341853034,0.022364217252396165,0.020766773162939296,0.04472843450479233,0.022250114103149247,0.02230709272167562,0.001597444089456869,2.7060702875399363,2.569488817891374,2.4329073482428116,5.138977635782748,2.5622288143757057,2.5658562483930094,0.13658146964856233,"[""TestHours"", ""Hours""]","[0.023961661341853034, 0.020766773162939296]","[2.7060702875399363, 2.4329073482428116]"
org.joda.time.TestSeconds.testPlus_int,0.023961661341853034,0.022364217252396165,0.020766773162939296,0.04472843450479233,0.022250114103149247,0.02230709272167562,0.001597444089456869,2.5463258785942493,2.442492012779553,2.3386581469648564,4.884984025559106,2.4380778850634277,2.4402839508552865,0.10383386581469645,"[""Seconds"", ""TestSeconds""]","[0.023961661341853034, 0.020766773162939296]","[2.5463258785942493, 2.3386581469648564]"
org.joda.time.TestHours.testMinus_int,0.023961661341853034,0.022364217252396165,0.020766773162939296,0.04472843450479233,0.022250114103149247,0.02230709272167562,0.001597444089456869,2.7060702875399363,2.569488817891374,2.4329073482428116,5.138977635782748,2.5622288143757057,2.5658562483930094,0.13658146964856233,"[""TestHours"", ""Hours""]","[0.023961661341853034, 0.020766773162939296]","[2.7060702875399363, 2.4329073482428116]"
org.joda.time.TestSeconds.testNegated,0.023961661341853034,0.022364217252396165,0.020766773162939296,0.04472843450479233,0.022250114103149247,0.02230709272167562,0.001597444089456869,2.5463258785942493,2.442492012779553,2.3386581469648564,4.884984025559106,2.4380778850634277,2.4402839508552865,0.10383386581469645,"[""Seconds"", ""TestSeconds""]","[0.023961661341853034, 0.020766773162939296]","[2.5463258785942493, 2.3386581469648564]"
org.joda.time.TestYears.testPlus_int,0.023961661341853034,0.022364217252396165,0.020766773162939296,0.04472843450479233,0.022250114103149247,0.02230709272167562,0.001597444089456869,2.169329073482428,1.9936102236421724,1.817891373801917,3.987220447284345,1.978122183992791,1.9858511045950578,0.17571884984025554,"[""Years"", ""TestYears""]","[0.023961661341853034, 0.020766773162939296]","[2.169329073482428, 1.817891373801917]"
org.joda.time.TestSeconds.testPlus_Seconds,0.023961661341853034,0.022364217252396165,0.020766773162939296,0.04472843450479233,0.022250114103149247,0.02230709272167562,0.001597444089456869,2.5463258785942493,2.442492012779553,2.3386581469648564,4.884984025559106,2.4380778850634277,2.4402839508552865,0.10383386581469645,"[""Seconds"", ""TestSeconds""]","[0.023961661341853034, 0.020766773162939296]","[2.5463258785942493, 2.3386581469648564]"
org.joda.time.TestYears.testNegated,0.023961661341853034,0.022364217252396165,0.020766773162939296,0.04472843450479233,0.022250114103149247,0.02230709272167562,0.001597444089456869,2.169329073482428,1.9936102236421724,1.817891373801917,3.987220447284345,1.978122183992791,1.9858511045950578,0.17571884984025554,"[""Years"", ""TestYears""]","[0.023961661341853034, 0.020766773162939296]","[2.169329073482428, 1.817891373801917]"
org.joda.time.TestYears.testMinus_Years,0.023961661341853034,0.022364217252396165,0.020766773162939296,0.04472843450479233,0.022250114103149247,0.02230709272167562,0.001597444089456869,2.169329073482428,1.9936102236421724,1.817891373801917,3.987220447284345,1.978122183992791,1.9858511045950578,0.17571884984025554,"[""Years"", ""TestYears""]","[0.023961661341853034, 0.020766773162939296]","[2.169329073482428, 1.817891373801917]"
org.joda.time.TestMinutes.testFactory_parseMinutes_String,0.023961661341853034,0.022364217252396165,0.020766773162939296,0.04472843450479233,0.022250114103149247,0.02230709272167562,0.001597444089456869,2.597444089456869,2.4680511182108624,2.3386581469648564,4.936102236421725,2.461267409038742,2.464656929695088,0.12939297124600624,"[""TestMinutes"", ""Minutes""]","[0.023961661341853034, 0.020766773162939296]","[2.597444089456869, 2.3386581469648564]"
org.joda.time.TestMinutes.testToString,0.023961661341853034,0.022364217252396165,0.020766773162939296,0.04472843450479233,0.022250114103149247,0.02230709272167562,0.001597444089456869,2.597444089456869,2.4680511182108624,2.3386581469648564,4.936102236421725,2.461267409038742,2.464656929695088,0.12939297124600624,"[""TestMinutes"", ""Minutes""]","[0.023961661341853034, 0.020766773162939296]","[2.597444089456869, 2.3386581469648564]"
org.joda.time.TestYears.testGetMethods,0.023961661341853034,0.022364217252396165,0.020766773162939296,0.04472843450479233,0.022250114103149247,0.02230709272167562,0.001597444089456869,2.169329073482428,1.9936102236421724,1.817891373801917,3.987220447284345,1.978122183992791,1.9858511045950578,0.17571884984025554,"[""Years"", ""TestYears""]","[0.023961661341853034, 0.020766773162939296]","[2.169329073482428, 1.817891373801917]"
org.joda.time.TestHours.testDividedBy_int,0.023961661341853034,0.022364217252396165,0.020766773162939296,0.04472843450479233,0.022250114103149247,0.02230709272167562,0.001597444089456869,2.7060702875399363,2.569488817891374,2.4329073482428116,5.138977635782748,2.5622288143757057,2.5658562483930094,0.13658146964856233,"[""TestHours"", ""Hours""]","[0.023961661341853034, 0.020766773162939296]","[2.7060702875399363, 2.4329073482428116]"
org.joda.time.TestWeeks.testIsLessThan,0.023961661341853034,0.022364217252396165,0.020766773162939296,0.04472843450479233,0.022250114103149247,0.02230709272167562,0.001597444089456869,2.7252396166134187,2.5463258785942493,2.36741214057508,5.092651757188499,2.533754775295537,2.5400325498597027,0.17891373801916943,"[""TestWeeks"", ""Weeks""]","[0.023961661341853034, 0.020766773162939296]","[2.7252396166134187, 2.36741214057508]"
org.joda.time.convert.TestConverterManager.testAddPeriodConverter2,0.021443888491779844,0.014818377307303114,0.0066273932253313695,0.04445513192190934,0.01160281537096779,0.01325421718722301,0.006149263481088126,3.695496783416726,1.759693797554311,0.16053019145802652,5.279081392662933,0.41651213909492807,0.9451128907545644,1.462644125222769,"[""TestConverterManager"", ""PeriodConverter"", ""Object"", ""ConverterManager"", ""TestConverterManager$17""]","[0.021443888491779844, 0.016383850204798128, 0.0066273932253313695]","[3.695496783416726, 1.4230544177881803, 0.16053019145802652]"
org.joda.time.convert.TestConverterManager.testAddPeriodConverter1,0.021443888491779844,0.014818377307303114,0.0066273932253313695,0.04445513192190934,0.01160281537096779,0.01325421718722301,0.006149263481088126,3.695496783416726,1.759693797554311,0.16053019145802652,5.279081392662933,0.41651213909492807,0.9451128907545644,1.462644125222769,"[""TestConverterManager"", ""PeriodConverter"", ""Object"", ""ConverterManager"", ""TestConverterManager$16""]","[0.021443888491779844, 0.016383850204798128, 0.0066273932253313695]","[3.695496783416726, 1.4230544177881803, 0.16053019145802652]"
org.joda.time.convert.TestConverterManager.testAddIntervalConverter1,0.021443888491779844,0.01481144843439486,0.006606606606606606,0.04443434530318458,0.01158155007265626,0.013240345523757,0.006158493805615026,3.695496783416726,1.7562337837850188,0.15015015015015015,5.268701351355056,0.3930141252454374,0.924286697073899,1.4664303722414287,"[""TestConverterManager"", ""Object"", ""IntervalConverter"", ""TestConverterManager$19"", ""ConverterManager""]","[0.021443888491779844, 0.016383850204798128, 0.006606606606606606]","[3.695496783416726, 1.4230544177881803, 0.15015015015015015]"
org.joda.time.convert.TestConverterManager.testAddIntervalConverter2,0.021443888491779844,0.01481144843439486,0.006606606606606606,0.04443434530318458,0.01158155007265626,0.013240345523757,0.006158493805615026,3.695496783416726,1.7562337837850188,0.15015015015015015,5.268701351355056,0.3930141252454374,0.924286697073899,1.4664303722414287,"[""TestConverterManager"", ""TestConverterManager$20"", ""Object"", ""IntervalConverter"", ""ConverterManager""]","[0.021443888491779844, 0.016383850204798128, 0.006606606606606606]","[3.695496783416726, 1.4230544177881803, 0.15015015015015015]"
org.joda.time.TestPeriod_Basics.testTest,0.02569750367107195,0.022178197899675917,0.018658892128279883,0.044356395799351835,0.021619743458579855,0.02189719043540992,0.003519305771396034,6.045521292217328,3.5043932991698883,0.963265306122449,7.008786598339777,1.6617543811640518,2.413180664230821,2.5411279930474393,"[""TestPeriod_Basics"", ""Instant""]","[0.02569750367107195, 0.018658892128279883]","[6.045521292217328, 0.963265306122449]"
org.joda.time.TestDateTimeUtils.testTest,0.02564102564102564,0.02214995888465276,0.018658892128279883,0.04429991776930552,0.021599730003374958,0.021873114352884363,0.0034910667563728785,1.9423076923076923,1.4527864992150707,0.963265306122449,2.9055729984301415,1.2878407218305103,1.3678295265912184,0.48952119309262165,"[""TestDateTimeUtils"", ""Instant""]","[0.02564102564102564, 0.018658892128279883]","[1.9423076923076923, 0.963265306122449]"
org.joda.time.TestDateMidnight_Basics.testTest,0.02560553633217993,0.02213221423022991,0.018658892128279883,0.04426442846045982,0.02158712794566753,0.021857972008146057,0.003473322101950024,3.5916955017301038,2.277480403926276,0.963265306122449,4.554960807852552,1.5191154492518155,1.8600418454896845,1.3142150978038274,"[""TestDateMidnight_Basics"", ""Instant""]","[0.02560553633217993, 0.018658892128279883]","[3.5916955017301038, 0.963265306122449]"
org.joda.time.TestDuration_Constructors.testFactory_standardMinutes_long,0.02516091281451141,0.02192625079977907,0.018691588785046728,0.04385250159955814,0.02144905848609552,0.0216863421485796,0.0032346620147323413,1.852624011502516,1.7302909408009948,1.6079578700994734,3.4605818816019895,1.7216418865671814,1.725960995976076,0.12233307070152133,"[""TestDuration_Constructors"", ""Duration""]","[0.02516091281451141, 0.018691588785046728]","[1.6079578700994734, 1.852624011502516]"
org.joda.time.TestDuration_Constructors.testConstructor_Object3,0.02516091281451141,0.02192625079977907,0.018691588785046728,0.04385250159955814,0.02144905848609552,0.0216863421485796,0.0032346620147323413,1.852624011502516,1.7302909408009948,1.6079578700994734,3.4605818816019895,1.7216418865671814,1.725960995976076,0.12233307070152133,"[""TestDuration_Constructors"", ""Long"", ""Duration""]","[0.02516091281451141, 0.018691588785046728]","[1.6079578700994734, 1.852624011502516]"
org.joda.time.TestDuration_Constructors.testFactory_standardDays_long,0.02516091281451141,0.02192625079977907,0.018691588785046728,0.04385250159955814,0.02144905848609552,0.0216863421485796,0.0032346620147323413,1.852624011502516,1.7302909408009948,1.6079578700994734,3.4605818816019895,1.7216418865671814,1.725960995976076,0.12233307070152133,"[""TestDuration_Constructors"", ""Duration""]","[0.02516091281451141, 0.018691588785046728]","[1.6079578700994734, 1.852624011502516]"
org.joda.time.TestDuration_Constructors.testParse_noFormatter,0.02516091281451141,0.02192625079977907,0.018691588785046728,0.04385250159955814,0.02144905848609552,0.0216863421485796,0.0032346620147323413,1.852624011502516,1.7302909408009948,1.6079578700994734,3.4605818816019895,1.7216418865671814,1.725960995976076,0.12233307070152133,"[""TestDuration_Constructors"", ""Duration""]","[0.02516091281451141, 0.018691588785046728]","[1.6079578700994734, 1.852624011502516]"
org.joda.time.TestDuration_Constructors.testConstructor_RI_RI4,0.02516091281451141,0.02192625079977907,0.018691588785046728,0.04385250159955814,0.02144905848609552,0.0216863421485796,0.0032346620147323413,1.852624011502516,1.7302909408009948,1.6079578700994734,3.4605818816019895,1.7216418865671814,1.725960995976076,0.12233307070152133,"[""TestDuration_Constructors"", ""Duration""]","[0.02516091281451141, 0.018691588785046728]","[1.6079578700994734, 1.852624011502516]"
org.joda.time.TestDuration_Constructors.testFactory_millis_long,0.02516091281451141,0.02192625079977907,0.018691588785046728,0.04385250159955814,0.02144905848609552,0.0216863421485796,0.0032346620147323413,1.852624011502516,1.7302909408009948,1.6079578700994734,3.4605818816019895,1.7216418865671814,1.725960995976076,0.12233307070152133,"[""TestDuration_Constructors"", ""Duration""]","[0.02516091281451141, 0.018691588785046728]","[1.6079578700994734, 1.852624011502516]"
org.joda.time.TestDuration_Constructors.testConstructor_long1,0.02516091281451141,0.02192625079977907,0.018691588785046728,0.04385250159955814,0.02144905848609552,0.0216863421485796,0.0032346620147323413,1.852624011502516,1.7302909408009948,1.6079578700994734,3.4605818816019895,1.7216418865671814,1.725960995976076,0.12233307070152133,"[""TestDuration_Constructors"", ""Duration""]","[0.02516091281451141, 0.018691588785046728]","[1.6079578700994734, 1.852624011502516]"
org.joda.time.TestDuration_Constructors.testConstructor_Object2,0.02516091281451141,0.02192625079977907,0.018691588785046728,0.04385250159955814,0.02144905848609552,0.0216863421485796,0.0032346620147323413,1.852624011502516,1.7302909408009948,1.6079578700994734,3.4605818816019895,1.7216418865671814,1.725960995976076,0.12233307070152133,"[""TestDuration_Constructors"", ""Duration""]","[0.02516091281451141, 0.018691588785046728]","[1.6079578700994734, 1.852624011502516]"
org.joda.time.TestDuration_Constructors.testConstructor_Object1,0.02516091281451141,0.02192625079977907,0.018691588785046728,0.04385250159955814,0.02144905848609552,0.0216863421485796,0.0032346620147323413,1.852624011502516,1.7302909408009948,1.6079578700994734,3.4605818816019895,1.7216418865671814,1.725960995976076,0.12233307070152133,"[""TestDuration_Constructors"", ""Duration""]","[0.02516091281451141, 0.018691588785046728]","[1.6079578700994734, 1.852624011502516]"
org.joda.time.TestDuration_Constructors.testFactory_standardHours_long,0.02516091281451141,0.02192625079977907,0.018691588785046728,0.04385250159955814,0.02144905848609552,0.0216863421485796,0.0032346620147323413,1.852624011502516,1.7302909408009948,1.6079578700994734,3.4605818816019895,1.7216418865671814,1.725960995976076,0.12233307070152133,"[""TestDuration_Constructors"", ""Duration""]","[0.02516091281451141, 0.018691588785046728]","[1.6079578700994734, 1.852624011502516]"
org.joda.time.TestDuration_Constructors.testZERO,0.02516091281451141,0.02192625079977907,0.018691588785046728,0.04385250159955814,0.02144905848609552,0.0216863421485796,0.0032346620147323413,1.852624011502516,1.7302909408009948,1.6079578700994734,3.4605818816019895,1.7216418865671814,1.725960995976076,0.12233307070152133,"[""TestDuration_Constructors"", ""Duration""]","[0.02516091281451141, 0.018691588785046728]","[1.6079578700994734, 1.852624011502516]"
org.joda.time.TestDuration_Constructors.testFactory_standardSeconds_long,0.02516091281451141,0.02192625079977907,0.018691588785046728,0.04385250159955814,0.02144905848609552,0.0216863421485796,0.0032346620147323413,1.852624011502516,1.7302909408009948,1.6079578700994734,3.4605818816019895,1.7216418865671814,1.725960995976076,0.12233307070152133,"[""TestDuration_Constructors"", ""Duration""]","[0.02516091281451141, 0.018691588785046728]","[1.6079578700994734, 1.852624011502516]"
org.joda.time.format.TestPeriodFormatter.testParseInto_simple,0.020618556701030927,0.01427553957610378,0.008836524300441826,0.04282661872831134,0.01268754405397241,0.013455722763170483,0.004852283749585619,3.0537555228276876,1.6988096058636335,0.9837631327602674,5.0964288175909,1.310995331189627,1.470713147563216,0.9585824942501197,"[""MutablePeriod"", ""PeriodFormatter"", ""TestPeriodFormatter""]","[0.020618556701030927, 0.013371537726838587, 0.008836524300441826]","[3.0537555228276876, 0.9837631327602674, 1.0589101620029455]"
org.joda.time.format.TestPeriodFormatter.testParseMutablePeriod_simple,0.020618556701030927,0.01427553957610378,0.008836524300441826,0.04282661872831134,0.01268754405397241,0.013455722763170483,0.004852283749585619,3.0537555228276876,1.6988096058636335,0.9837631327602674,5.0964288175909,1.310995331189627,1.470713147563216,0.9585824942501197,"[""MutablePeriod"", ""PeriodFormatter"", ""TestPeriodFormatter""]","[0.020618556701030927, 0.013371537726838587, 0.008836524300441826]","[3.0537555228276876, 0.9837631327602674, 1.0589101620029455]"
org.joda.time.TestYearMonth_Basics.testWithFieldAdded_nullField_nonZero,0.029333333333333333,0.021333333333333333,0.013333333333333334,0.042666666666666665,0.018333333333333333,0.019776529298921767,0.007999999999999998,5.344,4.418666666666667,3.493333333333333,8.837333333333333,4.224888352444176,4.320691302712256,0.9253333333333336,"[""YearMonth"", ""TestYearMonth_Basics""]","[0.029333333333333333, 0.013333333333333334]","[5.344, 3.493333333333333]"
org.joda.time.TestYearMonth_Basics.testWithFieldAdded_nullField_zero,0.029333333333333333,0.021333333333333333,0.013333333333333334,0.042666666666666665,0.018333333333333333,0.019776529298921767,0.007999999999999998,5.344,4.418666666666667,3.493333333333333,8.837333333333333,4.224888352444176,4.320691302712256,0.9253333333333336,"[""YearMonth"", ""TestYearMonth_Basics""]","[0.029333333333333333, 0.013333333333333334]","[5.344, 3.493333333333333]"
org.joda.time.TestYearMonth_Basics.testSize,0.029333333333333333,0.021333333333333333,0.013333333333333334,0.042666666666666665,0.018333333333333333,0.019776529298921767,0.007999999999999998,5.344,4.418666666666667,3.493333333333333,8.837333333333333,4.224888352444176,4.320691302712256,0.9253333333333336,"[""YearMonth"", ""TestYearMonth_Basics""]","[0.029333333333333333, 0.013333333333333334]","[5.344, 3.493333333333333]"
org.joda.time.TestYearMonth_Basics.testWithChronologyRetainFields_nullChrono,0.029333333333333333,0.021333333333333333,0.013333333333333334,0.042666666666666665,0.018333333333333333,0.019776529298921767,0.007999999999999998,5.344,4.418666666666667,3.493333333333333,8.837333333333333,4.224888352444176,4.320691302712256,0.9253333333333336,"[""YearMonth"", ""TestYearMonth_Basics""]","[0.029333333333333333, 0.013333333333333334]","[5.344, 3.493333333333333]"
org.joda.time.TestYearMonth_Basics.testWithChronologyRetainFields_invalidInNewChrono,0.029333333333333333,0.021333333333333333,0.013333333333333334,0.042666666666666665,0.018333333333333333,0.019776529298921767,0.007999999999999998,5.344,4.418666666666667,3.493333333333333,8.837333333333333,4.224888352444176,4.320691302712256,0.9253333333333336,"[""YearMonth"", ""TestYearMonth_Basics""]","[0.029333333333333333, 0.013333333333333334]","[5.344, 3.493333333333333]"
org.joda.time.TestYearMonth_Basics.testWithChronologyRetainFields_sameChrono,0.029333333333333333,0.021333333333333333,0.013333333333333334,0.042666666666666665,0.018333333333333333,0.019776529298921767,0.007999999999999998,5.344,4.418666666666667,3.493333333333333,8.837333333333333,4.224888352444176,4.320691302712256,0.9253333333333336,"[""YearMonth"", ""TestYearMonth_Basics""]","[0.029333333333333333, 0.013333333333333334]","[5.344, 3.493333333333333]"
org.joda.time.TestYearMonth_Basics.testGetValues,0.029333333333333333,0.021333333333333333,0.013333333333333334,0.042666666666666665,0.018333333333333333,0.019776529298921767,0.007999999999999998,5.344,4.418666666666667,3.493333333333333,8.837333333333333,4.224888352444176,4.320691302712256,0.9253333333333336,"[""YearMonth"", ""TestYearMonth_Basics""]","[0.029333333333333333, 0.013333333333333334]","[5.344, 3.493333333333333]"
org.joda.time.TestYearMonth_Basics.testToString_String_Locale,0.029333333333333333,0.021333333333333333,0.013333333333333334,0.042666666666666665,0.018333333333333333,0.019776529298921767,0.007999999999999998,5.344,4.418666666666667,3.493333333333333,8.837333333333333,4.224888352444176,4.320691302712256,0.9253333333333336,"[""YearMonth"", ""TestYearMonth_Basics""]","[0.029333333333333333, 0.013333333333333334]","[5.344, 3.493333333333333]"
org.joda.time.TestYearMonth_Basics.testToString_String,0.029333333333333333,0.021333333333333333,0.013333333333333334,0.042666666666666665,0.018333333333333333,0.019776529298921767,0.007999999999999998,5.344,4.418666666666667,3.493333333333333,8.837333333333333,4.224888352444176,4.320691302712256,0.9253333333333336,"[""YearMonth"", ""TestYearMonth_Basics""]","[0.029333333333333333, 0.013333333333333334]","[5.344, 3.493333333333333]"
org.joda.time.TestYearMonth_Basics.testToString,0.029333333333333333,0.021333333333333333,0.013333333333333334,0.042666666666666665,0.018333333333333333,0.019776529298921767,0.007999999999999998,5.344,4.418666666666667,3.493333333333333,8.837333333333333,4.224888352444176,4.320691302712256,0.9253333333333336,"[""YearMonth"", ""TestYearMonth_Basics""]","[0.029333333333333333, 0.013333333333333334]","[5.344, 3.493333333333333]"
org.joda.time.TestYearMonth_Basics.testGetValue,0.029333333333333333,0.021333333333333333,0.013333333333333334,0.042666666666666665,0.018333333333333333,0.019776529298921767,0.007999999999999998,5.344,4.418666666666667,3.493333333333333,8.837333333333333,4.224888352444176,4.320691302712256,0.9253333333333336,"[""YearMonth"", ""TestYearMonth_Basics""]","[0.029333333333333333, 0.013333333333333334]","[5.344, 3.493333333333333]"
org.joda.time.TestYearMonth_Basics.testWithers,0.029333333333333333,0.021333333333333333,0.013333333333333334,0.042666666666666665,0.018333333333333333,0.019776529298921767,0.007999999999999998,5.344,4.418666666666667,3.493333333333333,8.837333333333333,4.224888352444176,4.320691302712256,0.9253333333333336,"[""YearMonth"", ""TestYearMonth_Basics""]","[0.029333333333333333, 0.013333333333333334]","[5.344, 3.493333333333333]"
org.joda.time.TestYearMonth_Basics.testWithField_nullField,0.029333333333333333,0.021333333333333333,0.013333333333333334,0.042666666666666665,0.018333333333333333,0.019776529298921767,0.007999999999999998,5.344,4.418666666666667,3.493333333333333,8.837333333333333,4.224888352444176,4.320691302712256,0.9253333333333336,"[""YearMonth"", ""TestYearMonth_Basics""]","[0.029333333333333333, 0.013333333333333334]","[5.344, 3.493333333333333]"
org.joda.time.TestYearMonth_Basics.testWithChronologyRetainFields_Chrono,0.029333333333333333,0.021333333333333333,0.013333333333333334,0.042666666666666665,0.018333333333333333,0.019776529298921767,0.007999999999999998,5.344,4.418666666666667,3.493333333333333,8.837333333333333,4.224888352444176,4.320691302712256,0.9253333333333336,"[""YearMonth"", ""TestYearMonth_Basics""]","[0.029333333333333333, 0.013333333333333334]","[5.344, 3.493333333333333]"
org.joda.time.TestDuration_Basics.testMutableDuration,0.030913012221423435,0.021164268667789345,0.01141552511415525,0.04232853733557869,0.016673775640777076,0.01878532052874923,0.009748743553634092,3.7361610352264556,2.2752342466847653,0.8143074581430746,4.5504684933695305,1.3371738757191698,1.7442430437896128,1.4609267885416906,"[""TestDuration_Basics"", ""BaseDuration"", ""TestDuration_Basics$MockMutableDuration""]","[0.030913012221423435, 0.01141552511415525]","[3.7361610352264556, 0.8143074581430746]"
org.joda.time.format.TestPeriodFormatter.testWithGetParseTypeMethods,0.019867549668874173,0.014025203898718197,0.008836524300441826,0.04207561169615459,0.012589928057553957,0.01329032840455677,0.004527054949077034,3.7277409860191315,1.923471426927448,0.9837631327602674,5.770414280782344,1.3458159180627718,1.5718042640771197,1.2761800422614549,"[""PeriodType"", ""PeriodFormatter"", ""TestPeriodFormatter""]","[0.019867549668874173, 0.013371537726838587, 0.008836524300441826]","[3.7277409860191315, 0.9837631327602674, 1.0589101620029455]"
org.joda.time.TestDateTime_Properties.testTest,0.02316076294277929,0.020909827535529585,0.018658892128279883,0.04181965507105917,0.02066751514921262,0.020788318290760825,0.0022509354072497035,5.397138964577657,3.180202135350053,0.963265306122449,6.360404270700106,1.6347629790919065,2.2801045407830083,2.216936829227604,"[""TestDateTime_Properties"", ""Instant""]","[0.02316076294277929, 0.018658892128279883]","[5.397138964577657, 0.963265306122449]"
org.joda.time.TestStringConvert.testMinutes,0.020766773162939296,0.020464031742759972,0.020161290322580645,0.040928063485519944,0.02045955303745672,0.02046179226757019,0.00030274142017932583,2.3386581469648564,1.6068290734824282,0.875,3.2136581469648564,1.2735180812725242,1.430498472069876,0.7318290734824282,"[""StringConvert"", ""TestStringConvert"", ""Minutes""]","[0.020766773162939296, 0.020161290322580645]","[2.3386581469648564, 0.875]"
org.joda.time.TestStringConvert.testYears,0.020766773162939296,0.020464031742759972,0.020161290322580645,0.040928063485519944,0.02045955303745672,0.02046179226757019,0.00030274142017932583,1.817891373801917,1.3464456869009584,0.875,2.692891373801917,1.1813732759899154,1.2612116999444134,0.47144568690095845,"[""StringConvert"", ""Years"", ""TestStringConvert""]","[0.020766773162939296, 0.020161290322580645]","[1.817891373801917, 0.875]"
org.joda.time.TestStringConvert.testSeconds,0.020766773162939296,0.020464031742759972,0.020161290322580645,0.040928063485519944,0.02045955303745672,0.02046179226757019,0.00030274142017932583,2.3386581469648564,1.6068290734824282,0.875,3.2136581469648564,1.2735180812725242,1.430498472069876,0.7318290734824282,"[""StringConvert"", ""Seconds"", ""TestStringConvert""]","[0.020766773162939296, 0.020161290322580645]","[2.3386581469648564, 0.875]"
org.joda.time.TestStringConvert.testMonths,0.020766773162939296,0.020464031742759972,0.020161290322580645,0.040928063485519944,0.02045955303745672,0.02046179226757019,0.00030274142017932583,1.987220447284345,1.4311102236421727,0.875,2.8622204472843453,1.2150132551974326,1.318642442580172,0.5561102236421726,"[""StringConvert"", ""TestStringConvert"", ""Months""]","[0.020766773162939296, 0.020161290322580645]","[1.987220447284345, 0.875]"
org.joda.time.TestStringConvert.testWeeks,0.020766773162939296,0.020464031742759972,0.020161290322580645,0.040928063485519944,0.02045955303745672,0.02046179226757019,0.00030274142017932583,2.36741214057508,1.62120607028754,0.875,3.24241214057508,1.277743564478384,1.4392656540761315,0.7462060702875399,"[""StringConvert"", ""TestStringConvert"", ""Weeks""]","[0.020766773162939296, 0.020161290322580645]","[2.36741214057508, 0.875]"
org.joda.time.TestStringConvert.testHours,0.020766773162939296,0.020464031742759972,0.020161290322580645,0.040928063485519944,0.02045955303745672,0.02046179226757019,0.00030274142017932583,2.4329073482428116,1.6539536741214058,0.875,3.3079073482428116,1.2870940480502235,1.4590387005533678,0.7789536741214058,"[""StringConvert"", ""Hours"", ""TestStringConvert""]","[0.020766773162939296, 0.020161290322580645]","[2.4329073482428116, 0.875]"
org.joda.time.TestStringConvert.testDays,0.020766773162939296,0.020464031742759972,0.020161290322580645,0.040928063485519944,0.02045955303745672,0.02046179226757019,0.00030274142017932583,2.4345047923322682,1.6547523961661341,0.875,3.3095047923322682,1.287317485217811,1.4595176234943978,0.7797523961661341,"[""Days"", ""TestStringConvert"", ""StringConvert""]","[0.020766773162939296, 0.020161290322580645]","[2.4345047923322682, 0.875]"
org.joda.time.TestPartial_Basics.testToString2,0.024134312696747113,0.020461699895068207,0.016789087093389297,0.040923399790136414,0.01980251298194635,0.02012940828252977,0.0036726128016789077,3.974816369359916,3.685729275970619,3.396642182581322,7.371458551941238,3.6630549715638576,3.674374633618983,0.28908709338929706,"[""TestPartial_Basics"", ""Partial""]","[0.024134312696747113, 0.016789087093389297]","[3.396642182581322, 3.974816369359916]"
org.joda.time.TestSerialization.testTest,0.022244691607684528,0.020451791867982204,0.018658892128279883,0.04090358373596441,0.02029461789039753,0.02037305330908056,0.0017928997397023225,2.320525783619818,1.6418955448711334,0.963265306122449,3.283791089742267,1.3614032794632007,1.4950859437917206,0.6786302387486844,"[""TestSerialization"", ""Instant""]","[0.022244691607684528, 0.018658892128279883]","[2.320525783619818, 0.963265306122449]"
org.joda.time.TestStringConvert.testMutablePeriod,0.020618556701030927,0.020389923511805786,0.020161290322580645,0.04077984702361157,0.020387359836901122,0.02038864163405878,0.00022863318922514142,3.0537555228276876,1.9643777614138438,0.875,3.9287555228276876,1.3602455367602269,1.634636376223846,1.0893777614138438,"[""StringConvert"", ""MutablePeriod"", ""TestStringConvert""]","[0.020618556701030927, 0.020161290322580645]","[3.0537555228276876, 0.875]"
org.joda.time.chrono.TestCopticChronology.testWithUTC,0.021957340025094103,0.020295440198882457,0.018633540372670808,0.040590880397764914,0.020159354900643182,0.020227283105599025,0.0016618998262116474,2.2694099378881987,1.5575406025701972,0.8456712672521958,3.1150812051403944,1.2321828239480157,1.385342837744015,0.7118693353180015,"[""TestCopticChronology"", ""CopticChronology""]","[0.021957340025094103, 0.018633540372670808]","[0.8456712672521958, 2.2694099378881987]"
org.joda.time.chrono.TestCopticChronology.testFactoryUTC,0.021957340025094103,0.020295440198882457,0.018633540372670808,0.040590880397764914,0.020159354900643182,0.020227283105599025,0.0016618998262116474,2.2694099378881987,1.5575406025701972,0.8456712672521958,3.1150812051403944,1.2321828239480157,1.385342837744015,0.7118693353180015,"[""TestCopticChronology"", ""Object"", ""CopticChronology""]","[0.021957340025094103, 0.018633540372670808]","[0.8456712672521958, 2.2694099378881987]"
org.joda.time.chrono.TestCopticChronology.testToString,0.021957340025094103,0.020295440198882457,0.018633540372670808,0.040590880397764914,0.020159354900643182,0.020227283105599025,0.0016618998262116474,2.2694099378881987,1.5575406025701972,0.8456712672521958,3.1150812051403944,1.2321828239480157,1.385342837744015,0.7118693353180015,"[""TestCopticChronology"", ""CopticChronology""]","[0.021957340025094103, 0.018633540372670808]","[0.8456712672521958, 2.2694099378881987]"
org.joda.time.chrono.TestCopticChronology.testFactory,0.021957340025094103,0.020295440198882457,0.018633540372670808,0.040590880397764914,0.020159354900643182,0.020227283105599025,0.0016618998262116474,2.2694099378881987,1.5575406025701972,0.8456712672521958,3.1150812051403944,1.2321828239480157,1.385342837744015,0.7118693353180015,"[""TestCopticChronology"", ""Object"", ""CopticChronology""]","[0.021957340025094103, 0.018633540372670808]","[0.8456712672521958, 2.2694099378881987]"
org.joda.time.chrono.TestCopticChronology.testEquality,0.021957340025094103,0.020295440198882457,0.018633540372670808,0.040590880397764914,0.020159354900643182,0.020227283105599025,0.0016618998262116474,2.2694099378881987,1.5575406025701972,0.8456712672521958,3.1150812051403944,1.2321828239480157,1.385342837744015,0.7118693353180015,"[""TestCopticChronology"", ""CopticChronology""]","[0.021957340025094103, 0.018633540372670808]","[0.8456712672521958, 2.2694099378881987]"
org.joda.time.chrono.TestCopticChronology.testWithZone,0.021957340025094103,0.020295440198882457,0.018633540372670808,0.040590880397764914,0.020159354900643182,0.020227283105599025,0.0016618998262116474,2.2694099378881987,1.5575406025701972,0.8456712672521958,3.1150812051403944,1.2321828239480157,1.385342837744015,0.7118693353180015,"[""TestCopticChronology"", ""CopticChronology""]","[0.021957340025094103, 0.018633540372670808]","[0.8456712672521958, 2.2694099378881987]"
org.joda.time.chrono.TestCopticChronology.testFactory_Zone,0.021957340025094103,0.020295440198882457,0.018633540372670808,0.040590880397764914,0.020159354900643182,0.020227283105599025,0.0016618998262116474,2.2694099378881987,1.5575406025701972,0.8456712672521958,3.1150812051403944,1.2321828239480157,1.385342837744015,0.7118693353180015,"[""TestCopticChronology"", ""Object"", ""CopticChronology""]","[0.021957340025094103, 0.018633540372670808]","[0.8456712672521958, 2.2694099378881987]"
org.joda.time.TestDateTimeComparator.testSerialization2,0.014577259475218658,0.010145860145860146,0.006006006006006006,0.040583440583440586,0.008455616819631124,0.009261868945640236,0.004144983908054291,3.033819241982507,0.9916848335215681,0.07507507507507508,3.9667393340862724,0.14905982276685362,0.3489004408932223,1.2126125038858877,"[""ByteArrayOutputStream"", ""ObjectInputStream"", ""DateTimeComparator"", ""TestDateTimeComparator"", ""ObjectOutputStream"", ""ByteArrayInputStream""]","[0.014577259475218658, 0.013994169096209912, 0.006006006006006006, 0.006006006006006006]","[3.033819241982507, 0.7737609329446065, 0.08408408408408409, 0.07507507507507508]"
org.joda.time.TestMutablePeriod_Updates.testAdd_8ints1,0.020618556701030927,0.020221172623643216,0.019823788546255508,0.04044234524728643,0.02021336327905671,0.020217267574284534,0.0003973840773877097,5.674008810572687,4.363882166700187,3.0537555228276876,8.727764333400374,3.9705553633134394,4.162575613950971,1.3101266438724997,"[""MutablePeriod"", ""TestMutablePeriod_Updates""]","[0.020618556701030927, 0.019823788546255508]","[3.0537555228276876, 5.674008810572687]"
org.joda.time.TestMutablePeriod_Updates.testSetWeeks,0.020618556701030927,0.020221172623643216,0.019823788546255508,0.04044234524728643,0.02021336327905671,0.020217267574284534,0.0003973840773877097,5.674008810572687,4.363882166700187,3.0537555228276876,8.727764333400374,3.9705553633134394,4.162575613950971,1.3101266438724997,"[""MutablePeriod"", ""TestMutablePeriod_Updates""]","[0.020618556701030927, 0.019823788546255508]","[3.0537555228276876, 5.674008810572687]"
org.joda.time.TestMutablePeriod_Updates.testSetPeriod_RP1,0.020618556701030927,0.020221172623643216,0.019823788546255508,0.04044234524728643,0.02021336327905671,0.020217267574284534,0.0003973840773877097,5.674008810572687,4.363882166700187,3.0537555228276876,8.727764333400374,3.9705553633134394,4.162575613950971,1.3101266438724997,"[""MutablePeriod"", ""TestMutablePeriod_Updates""]","[0.020618556701030927, 0.019823788546255508]","[3.0537555228276876, 5.674008810572687]"
org.joda.time.TestMutablePeriod_Updates.testAdd_RD3,0.020618556701030927,0.020221172623643216,0.019823788546255508,0.04044234524728643,0.02021336327905671,0.020217267574284534,0.0003973840773877097,5.674008810572687,4.363882166700187,3.0537555228276876,8.727764333400374,3.9705553633134394,4.162575613950971,1.3101266438724997,"[""MutablePeriod"", ""TestMutablePeriod_Updates""]","[0.020618556701030927, 0.019823788546255508]","[3.0537555228276876, 5.674008810572687]"
org.joda.time.TestMutablePeriod_Updates.testAddMonths,0.020618556701030927,0.020221172623643216,0.019823788546255508,0.04044234524728643,0.02021336327905671,0.020217267574284534,0.0003973840773877097,5.674008810572687,4.363882166700187,3.0537555228276876,8.727764333400374,3.9705553633134394,4.162575613950971,1.3101266438724997,"[""MutablePeriod"", ""TestMutablePeriod_Updates""]","[0.020618556701030927, 0.019823788546255508]","[3.0537555228276876, 5.674008810572687]"
org.joda.time.TestMutablePeriod_Updates.testAddMinutes,0.020618556701030927,0.020221172623643216,0.019823788546255508,0.04044234524728643,0.02021336327905671,0.020217267574284534,0.0003973840773877097,5.674008810572687,4.363882166700187,3.0537555228276876,8.727764333400374,3.9705553633134394,4.162575613950971,1.3101266438724997,"[""MutablePeriod"", ""TestMutablePeriod_Updates""]","[0.020618556701030927, 0.019823788546255508]","[3.0537555228276876, 5.674008810572687]"
org.joda.time.TestMutablePeriod_Updates.testSetHours,0.020618556701030927,0.020221172623643216,0.019823788546255508,0.04044234524728643,0.02021336327905671,0.020217267574284534,0.0003973840773877097,5.674008810572687,4.363882166700187,3.0537555228276876,8.727764333400374,3.9705553633134394,4.162575613950971,1.3101266438724997,"[""MutablePeriod"", ""TestMutablePeriod_Updates""]","[0.020618556701030927, 0.019823788546255508]","[3.0537555228276876, 5.674008810572687]"
org.joda.time.TestMutablePeriod_Updates.testAdd_RInterval5,0.020618556701030927,0.020221172623643216,0.019823788546255508,0.04044234524728643,0.02021336327905671,0.020217267574284534,0.0003973840773877097,5.674008810572687,4.363882166700187,3.0537555228276876,8.727764333400374,3.9705553633134394,4.162575613950971,1.3101266438724997,"[""MutablePeriod"", ""TestMutablePeriod_Updates""]","[0.020618556701030927, 0.019823788546255508]","[3.0537555228276876, 5.674008810572687]"
org.joda.time.TestMutablePeriod_Updates.testSetSeconds,0.020618556701030927,0.020221172623643216,0.019823788546255508,0.04044234524728643,0.02021336327905671,0.020217267574284534,0.0003973840773877097,5.674008810572687,4.363882166700187,3.0537555228276876,8.727764333400374,3.9705553633134394,4.162575613950971,1.3101266438724997,"[""MutablePeriod"", ""TestMutablePeriod_Updates""]","[0.020618556701030927, 0.019823788546255508]","[3.0537555228276876, 5.674008810572687]"
org.joda.time.TestMutablePeriod_Updates.testSetPeriod_8ints4,0.020618556701030927,0.020221172623643216,0.019823788546255508,0.04044234524728643,0.02021336327905671,0.020217267574284534,0.0003973840773877097,5.674008810572687,4.363882166700187,3.0537555228276876,8.727764333400374,3.9705553633134394,4.162575613950971,1.3101266438724997,"[""MutablePeriod"", ""TestMutablePeriod_Updates""]","[0.020618556701030927, 0.019823788546255508]","[3.0537555228276876, 5.674008810572687]"
org.joda.time.TestMutablePeriod_Updates.testSetMonths,0.020618556701030927,0.020221172623643216,0.019823788546255508,0.04044234524728643,0.02021336327905671,0.020217267574284534,0.0003973840773877097,5.674008810572687,4.363882166700187,3.0537555228276876,8.727764333400374,3.9705553633134394,4.162575613950971,1.3101266438724997,"[""MutablePeriod"", ""TestMutablePeriod_Updates""]","[0.020618556701030927, 0.019823788546255508]","[3.0537555228276876, 5.674008810572687]"
org.joda.time.TestMutablePeriod_Updates.testAddWeeks,0.020618556701030927,0.020221172623643216,0.019823788546255508,0.04044234524728643,0.02021336327905671,0.020217267574284534,0.0003973840773877097,5.674008810572687,4.363882166700187,3.0537555228276876,8.727764333400374,3.9705553633134394,4.162575613950971,1.3101266438724997,"[""MutablePeriod"", ""TestMutablePeriod_Updates""]","[0.020618556701030927, 0.019823788546255508]","[3.0537555228276876, 5.674008810572687]"
org.joda.time.TestMutablePeriod_Updates.testSetPeriod_long1,0.020618556701030927,0.020221172623643216,0.019823788546255508,0.04044234524728643,0.02021336327905671,0.020217267574284534,0.0003973840773877097,5.674008810572687,4.363882166700187,3.0537555228276876,8.727764333400374,3.9705553633134394,4.162575613950971,1.3101266438724997,"[""MutablePeriod"", ""TestMutablePeriod_Updates""]","[0.020618556701030927, 0.019823788546255508]","[3.0537555228276876, 5.674008810572687]"
org.joda.time.TestMutablePeriod_Updates.testSetPeriod_RInterval2,0.020618556701030927,0.020221172623643216,0.019823788546255508,0.04044234524728643,0.02021336327905671,0.020217267574284534,0.0003973840773877097,5.674008810572687,4.363882166700187,3.0537555228276876,8.727764333400374,3.9705553633134394,4.162575613950971,1.3101266438724997,"[""MutablePeriod"", ""TestMutablePeriod_Updates""]","[0.020618556701030927, 0.019823788546255508]","[3.0537555228276876, 5.674008810572687]"
org.joda.time.TestMutablePeriod_Updates.testAdd_RP6,0.020618556701030927,0.020221172623643216,0.019823788546255508,0.04044234524728643,0.02021336327905671,0.020217267574284534,0.0003973840773877097,5.674008810572687,4.363882166700187,3.0537555228276876,8.727764333400374,3.9705553633134394,4.162575613950971,1.3101266438724997,"[""MutablePeriod"", ""TestMutablePeriod_Updates""]","[0.020618556701030927, 0.019823788546255508]","[3.0537555228276876, 5.674008810572687]"
org.joda.time.TestMutablePeriod_Updates.testAdd_long3,0.020618556701030927,0.020221172623643216,0.019823788546255508,0.04044234524728643,0.02021336327905671,0.020217267574284534,0.0003973840773877097,5.674008810572687,4.363882166700187,3.0537555228276876,8.727764333400374,3.9705553633134394,4.162575613950971,1.3101266438724997,"[""MutablePeriod"", ""TestMutablePeriod_Updates""]","[0.020618556701030927, 0.019823788546255508]","[3.0537555228276876, 5.674008810572687]"
org.joda.time.TestMutablePeriod_Updates.testAddYears,0.020618556701030927,0.020221172623643216,0.019823788546255508,0.04044234524728643,0.02021336327905671,0.020217267574284534,0.0003973840773877097,5.674008810572687,4.363882166700187,3.0537555228276876,8.727764333400374,3.9705553633134394,4.162575613950971,1.3101266438724997,"[""MutablePeriod"", ""TestMutablePeriod_Updates""]","[0.020618556701030927, 0.019823788546255508]","[3.0537555228276876, 5.674008810572687]"
org.joda.time.TestMutablePeriod_Updates.testAddSeconds,0.020618556701030927,0.020221172623643216,0.019823788546255508,0.04044234524728643,0.02021336327905671,0.020217267574284534,0.0003973840773877097,5.674008810572687,4.363882166700187,3.0537555228276876,8.727764333400374,3.9705553633134394,4.162575613950971,1.3101266438724997,"[""MutablePeriod"", ""TestMutablePeriod_Updates""]","[0.020618556701030927, 0.019823788546255508]","[3.0537555228276876, 5.674008810572687]"
org.joda.time.TestMutablePeriod_Updates.testMergePeriod_RP4,0.020618556701030927,0.020221172623643216,0.019823788546255508,0.04044234524728643,0.02021336327905671,0.020217267574284534,0.0003973840773877097,5.674008810572687,4.363882166700187,3.0537555228276876,8.727764333400374,3.9705553633134394,4.162575613950971,1.3101266438724997,"[""MutablePeriod"", ""TestMutablePeriod_Updates""]","[0.020618556701030927, 0.019823788546255508]","[3.0537555228276876, 5.674008810572687]"
org.joda.time.TestMutablePeriod_Updates.testSetMillis,0.020618556701030927,0.020221172623643216,0.019823788546255508,0.04044234524728643,0.02021336327905671,0.020217267574284534,0.0003973840773877097,5.674008810572687,4.363882166700187,3.0537555228276876,8.727764333400374,3.9705553633134394,4.162575613950971,1.3101266438724997,"[""MutablePeriod"", ""TestMutablePeriod_Updates""]","[0.020618556701030927, 0.019823788546255508]","[3.0537555228276876, 5.674008810572687]"
org.joda.time.TestMutablePeriod_Updates.testSetPeriod_RP4,0.020618556701030927,0.020221172623643216,0.019823788546255508,0.04044234524728643,0.02021336327905671,0.020217267574284534,0.0003973840773877097,5.674008810572687,4.363882166700187,3.0537555228276876,8.727764333400374,3.9705553633134394,4.162575613950971,1.3101266438724997,"[""MutablePeriod"", ""TestMutablePeriod_Updates""]","[0.020618556701030927, 0.019823788546255508]","[3.0537555228276876, 5.674008810572687]"
org.joda.time.TestMutablePeriod_Updates.testAddMillis,0.020618556701030927,0.020221172623643216,0.019823788546255508,0.04044234524728643,0.02021336327905671,0.020217267574284534,0.0003973840773877097,5.674008810572687,4.363882166700187,3.0537555228276876,8.727764333400374,3.9705553633134394,4.162575613950971,1.3101266438724997,"[""MutablePeriod"", ""TestMutablePeriod_Updates""]","[0.020618556701030927, 0.019823788546255508]","[3.0537555228276876, 5.674008810572687]"
org.joda.time.TestMutablePeriod_Updates.testAdd_long1,0.020618556701030927,0.020221172623643216,0.019823788546255508,0.04044234524728643,0.02021336327905671,0.020217267574284534,0.0003973840773877097,5.674008810572687,4.363882166700187,3.0537555228276876,8.727764333400374,3.9705553633134394,4.162575613950971,1.3101266438724997,"[""MutablePeriod"", ""TestMutablePeriod_Updates""]","[0.020618556701030927, 0.019823788546255508]","[3.0537555228276876, 5.674008810572687]"
org.joda.time.TestMutablePeriod_Updates.testSetPeriod_RD3,0.020618556701030927,0.020221172623643216,0.019823788546255508,0.04044234524728643,0.02021336327905671,0.020217267574284534,0.0003973840773877097,5.674008810572687,4.363882166700187,3.0537555228276876,8.727764333400374,3.9705553633134394,4.162575613950971,1.3101266438724997,"[""MutablePeriod"", ""TestMutablePeriod_Updates""]","[0.020618556701030927, 0.019823788546255508]","[3.0537555228276876, 5.674008810572687]"
org.joda.time.TestMutablePeriod_Updates.testSetMinutes,0.020618556701030927,0.020221172623643216,0.019823788546255508,0.04044234524728643,0.02021336327905671,0.020217267574284534,0.0003973840773877097,5.674008810572687,4.363882166700187,3.0537555228276876,8.727764333400374,3.9705553633134394,4.162575613950971,1.3101266438724997,"[""MutablePeriod"", ""TestMutablePeriod_Updates""]","[0.020618556701030927, 0.019823788546255508]","[3.0537555228276876, 5.674008810572687]"
org.joda.time.TestMutablePeriod_Updates.testAddDays,0.020618556701030927,0.020221172623643216,0.019823788546255508,0.04044234524728643,0.02021336327905671,0.020217267574284534,0.0003973840773877097,5.674008810572687,4.363882166700187,3.0537555228276876,8.727764333400374,3.9705553633134394,4.162575613950971,1.3101266438724997,"[""MutablePeriod"", ""TestMutablePeriod_Updates""]","[0.020618556701030927, 0.019823788546255508]","[3.0537555228276876, 5.674008810572687]"
org.joda.time.TestMutablePeriod_Updates.testMergePeriod_RP5,0.020618556701030927,0.020221172623643216,0.019823788546255508,0.04044234524728643,0.02021336327905671,0.020217267574284534,0.0003973840773877097,5.674008810572687,4.363882166700187,3.0537555228276876,8.727764333400374,3.9705553633134394,4.162575613950971,1.3101266438724997,"[""MutablePeriod"", ""TestMutablePeriod_Updates""]","[0.020618556701030927, 0.019823788546255508]","[3.0537555228276876, 5.674008810572687]"
org.joda.time.TestMutablePeriod_Updates.testSetPeriod_8ints1,0.020618556701030927,0.020221172623643216,0.019823788546255508,0.04044234524728643,0.02021336327905671,0.020217267574284534,0.0003973840773877097,5.674008810572687,4.363882166700187,3.0537555228276876,8.727764333400374,3.9705553633134394,4.162575613950971,1.3101266438724997,"[""MutablePeriod"", ""TestMutablePeriod_Updates""]","[0.020618556701030927, 0.019823788546255508]","[3.0537555228276876, 5.674008810572687]"
org.joda.time.TestMutablePeriod_Updates.testAddHours,0.020618556701030927,0.020221172623643216,0.019823788546255508,0.04044234524728643,0.02021336327905671,0.020217267574284534,0.0003973840773877097,5.674008810572687,4.363882166700187,3.0537555228276876,8.727764333400374,3.9705553633134394,4.162575613950971,1.3101266438724997,"[""MutablePeriod"", ""TestMutablePeriod_Updates""]","[0.020618556701030927, 0.019823788546255508]","[3.0537555228276876, 5.674008810572687]"
org.joda.time.TestMutablePeriod_Updates.testSetPeriod_long2,0.020618556701030927,0.020221172623643216,0.019823788546255508,0.04044234524728643,0.02021336327905671,0.020217267574284534,0.0003973840773877097,5.674008810572687,4.363882166700187,3.0537555228276876,8.727764333400374,3.9705553633134394,4.162575613950971,1.3101266438724997,"[""MutablePeriod"", ""TestMutablePeriod_Updates""]","[0.020618556701030927, 0.019823788546255508]","[3.0537555228276876, 5.674008810572687]"
org.joda.time.TestMutablePeriod_Updates.testSetPeriod_RP5,0.020618556701030927,0.020221172623643216,0.019823788546255508,0.04044234524728643,0.02021336327905671,0.020217267574284534,0.0003973840773877097,5.674008810572687,4.363882166700187,3.0537555228276876,8.727764333400374,3.9705553633134394,4.162575613950971,1.3101266438724997,"[""MutablePeriod"", ""TestMutablePeriod_Updates""]","[0.020618556701030927, 0.019823788546255508]","[3.0537555228276876, 5.674008810572687]"
org.joda.time.TestMutablePeriod_Updates.testSetDays,0.020618556701030927,0.020221172623643216,0.019823788546255508,0.04044234524728643,0.02021336327905671,0.020217267574284534,0.0003973840773877097,5.674008810572687,4.363882166700187,3.0537555228276876,8.727764333400374,3.9705553633134394,4.162575613950971,1.3101266438724997,"[""MutablePeriod"", ""TestMutablePeriod_Updates""]","[0.020618556701030927, 0.019823788546255508]","[3.0537555228276876, 5.674008810572687]"
org.joda.time.chrono.TestIslamicChronology.testWithZone,0.022058823529411766,0.02022058823529412,0.01838235294117647,0.04044117647058824,0.02005347593582888,0.020136858731807573,0.0018382352941176475,3.8848039215686274,2.9944852941176467,2.1041666666666665,5.9889705882352935,2.729776277198008,2.8590688900935306,0.8903186274509804,"[""IslamicChronology"", ""TestIslamicChronology""]","[0.022058823529411766, 0.01838235294117647]","[2.1041666666666665, 3.8848039215686274]"
org.joda.time.chrono.TestIslamicChronology.testFactory_Zone,0.022058823529411766,0.02022058823529412,0.01838235294117647,0.04044117647058824,0.02005347593582888,0.020136858731807573,0.0018382352941176475,3.8848039215686274,2.9944852941176467,2.1041666666666665,5.9889705882352935,2.729776277198008,2.8590688900935306,0.8903186274509804,"[""Object"", ""IslamicChronology"", ""TestIslamicChronology""]","[0.022058823529411766, 0.01838235294117647]","[2.1041666666666665, 3.8848039215686274]"
org.joda.time.chrono.TestIslamicChronology.testFactoryUTC,0.022058823529411766,0.02022058823529412,0.01838235294117647,0.04044117647058824,0.02005347593582888,0.020136858731807573,0.0018382352941176475,3.8848039215686274,2.9944852941176467,2.1041666666666665,5.9889705882352935,2.729776277198008,2.8590688900935306,0.8903186274509804,"[""Object"", ""IslamicChronology"", ""TestIslamicChronology""]","[0.022058823529411766, 0.01838235294117647]","[2.1041666666666665, 3.8848039215686274]"
org.joda.time.chrono.TestIslamicChronology.testWithUTC,0.022058823529411766,0.02022058823529412,0.01838235294117647,0.04044117647058824,0.02005347593582888,0.020136858731807573,0.0018382352941176475,3.8848039215686274,2.9944852941176467,2.1041666666666665,5.9889705882352935,2.729776277198008,2.8590688900935306,0.8903186274509804,"[""IslamicChronology"", ""TestIslamicChronology""]","[0.022058823529411766, 0.01838235294117647]","[2.1041666666666665, 3.8848039215686274]"
org.joda.time.chrono.TestIslamicChronology.testEquality,0.022058823529411766,0.02022058823529412,0.01838235294117647,0.04044117647058824,0.02005347593582888,0.020136858731807573,0.0018382352941176475,3.8848039215686274,2.9944852941176467,2.1041666666666665,5.9889705882352935,2.729776277198008,2.8590688900935306,0.8903186274509804,"[""IslamicChronology"", ""TestIslamicChronology""]","[0.022058823529411766, 0.01838235294117647]","[2.1041666666666665, 3.8848039215686274]"
org.joda.time.chrono.TestIslamicChronology.testFactory,0.022058823529411766,0.02022058823529412,0.01838235294117647,0.04044117647058824,0.02005347593582888,0.020136858731807573,0.0018382352941176475,3.8848039215686274,2.9944852941176467,2.1041666666666665,5.9889705882352935,2.729776277198008,2.8590688900935306,0.8903186274509804,"[""Object"", ""IslamicChronology"", ""TestIslamicChronology""]","[0.022058823529411766, 0.01838235294117647]","[2.1041666666666665, 3.8848039215686274]"
org.joda.time.chrono.TestIslamicChronology.testToString,0.022058823529411766,0.02022058823529412,0.01838235294117647,0.04044117647058824,0.02005347593582888,0.020136858731807573,0.0018382352941176475,3.8848039215686274,2.9944852941176467,2.1041666666666665,5.9889705882352935,2.729776277198008,2.8590688900935306,0.8903186274509804,"[""IslamicChronology"", ""TestIslamicChronology""]","[0.022058823529411766, 0.01838235294117647]","[2.1041666666666665, 3.8848039215686274]"
org.joda.time.format.TestPeriodFormat.test_getDefault_checkRedundantSeparator,0.018947368421052633,0.013434100715706795,0.008836524300441826,0.040302302147120384,0.012203714289512516,0.012797540396678356,0.004178210152036396,1.2178947368421054,0.9059649122807018,0.4410898379970545,2.7178947368421054,0.743942807790769,0.8285752834446335,0.3350628297069741,"[""Object"", ""PeriodFormat"", ""TestPeriodFormat"", ""PeriodFormatter""]","[0.018947368421052633, 0.012518409425625921, 0.008836524300441826]","[1.2178947368421054, 0.4410898379970545, 1.0589101620029455]"
org.joda.time.format.TestPeriodFormat.test_wordBased_ja_checkRedundantSeparator,0.018947368421052633,0.013434100715706795,0.008836524300441826,0.040302302147120384,0.012203714289512516,0.012797540396678356,0.004178210152036396,1.2178947368421054,0.9059649122807018,0.4410898379970545,2.7178947368421054,0.743942807790769,0.8285752834446335,0.3350628297069741,"[""Object"", ""PeriodFormat"", ""TestPeriodFormat"", ""PeriodFormatter""]","[0.018947368421052633, 0.012518409425625921, 0.008836524300441826]","[1.2178947368421054, 0.4410898379970545, 1.0589101620029455]"
org.joda.time.TestIllegalFieldValueException.testOtherConstructors,0.014242115971515769,0.013395179632987066,0.012718600953895072,0.0401855388989612,0.013365727679418373,0.013380363069477671,0.0006335302157095655,1.4242115971515767,1.2544830750204456,1.1627670396744658,3.763449225061337,1.243698410777994,1.2489626034895018,0.12014650842312802,"[""IllegalFieldValueException"", ""Integer"", ""TestIllegalFieldValueException"", ""DurationFieldType""]","[0.014242115971515769, 0.013224821973550356, 0.012718600953895072]","[1.1627670396744658, 1.4242115971515767, 1.1764705882352942]"
org.joda.time.TestMutablePeriod_Constructors.testParse_noFormatter,0.020618556701030927,0.01985406542834219,0.01908957415565345,0.03970813085668438,0.019824628288219594,0.019839341398516112,0.0007644912726887387,3.6894273127753303,3.371591417801509,3.0537555228276876,6.743182835603018,3.3416294076954087,3.3565769814587867,0.31783589497382136,"[""MutablePeriod"", ""TestMutablePeriod_Constructors""]","[0.020618556701030927, 0.01908957415565345]","[3.0537555228276876, 3.6894273127753303]"
org.joda.time.format.TestISODateTimeFormat.testSubclassableConstructor,0.0239067055393586,0.019817591180275325,0.015728476821192054,0.03963518236055065,0.018973853104867683,0.019391133642643624,0.004089114359083273,5.0454810495626825,3.7069292665031957,2.368377483443709,7.413858533006391,3.2235855749679403,3.456819884073538,1.3385517830594869,"[""ISODateTimeFormat"", ""TestISODateTimeFormat"", ""TestISODateTimeFormat$1""]","[0.0239067055393586, 0.015728476821192054]","[5.0454810495626825, 2.368377483443709]"
org.joda.time.TestMutableInterval_Basics.testTest,0.020864381520119227,0.019761636824199555,0.018658892128279883,0.03952327364839911,0.019700101138912098,0.01973084499222425,0.0011027446959196718,1.8293591654247392,1.396312235773594,0.963265306122449,2.792624471547188,1.2620087193567324,1.3274630753775298,0.4330469296511451,"[""TestMutableInterval_Basics"", ""Instant""]","[0.020864381520119227, 0.018658892128279883]","[1.8293591654247392, 0.963265306122449]"
org.joda.time.TestMutableInterval_Basics.testContains_long,0.020864381520119227,0.01969698454368185,0.01852958756724447,0.0393939690873637,0.019627795491034078,0.019662359584074498,0.0011673969764373782,1.8293591654247392,1.5524560322043004,1.2755528989838614,3.104912064408601,1.5030663273774096,1.527561581979667,0.2769031332204389,"[""MutableInterval"", ""TestMutableInterval_Basics""]","[0.020864381520119227, 0.01852958756724447]","[1.8293591654247392, 1.2755528989838614]"
org.joda.time.TestMutableInterval_Basics.testClone,0.020864381520119227,0.01969698454368185,0.01852958756724447,0.0393939690873637,0.019627795491034078,0.019662359584074498,0.0011673969764373782,1.8293591654247392,1.5524560322043004,1.2755528989838614,3.104912064408601,1.5030663273774096,1.527561581979667,0.2769031332204389,"[""MutableInterval"", ""TestMutableInterval_Basics""]","[0.020864381520119227, 0.01852958756724447]","[1.8293591654247392, 1.2755528989838614]"
org.joda.time.TestMutableInterval_Basics.testGetDuration2,0.020864381520119227,0.01969698454368185,0.01852958756724447,0.0393939690873637,0.019627795491034078,0.019662359584074498,0.0011673969764373782,1.8293591654247392,1.5524560322043004,1.2755528989838614,3.104912064408601,1.5030663273774096,1.527561581979667,0.2769031332204389,"[""MutableInterval"", ""TestMutableInterval_Basics""]","[0.020864381520119227, 0.01852958756724447]","[1.8293591654247392, 1.2755528989838614]"
org.joda.time.TestMutableInterval_Basics.testToMutableInterval1,0.020864381520119227,0.01969698454368185,0.01852958756724447,0.0393939690873637,0.019627795491034078,0.019662359584074498,0.0011673969764373782,1.8293591654247392,1.5524560322043004,1.2755528989838614,3.104912064408601,1.5030663273774096,1.527561581979667,0.2769031332204389,"[""MutableInterval"", ""TestMutableInterval_Basics""]","[0.020864381520119227, 0.01852958756724447]","[1.8293591654247392, 1.2755528989838614]"
org.joda.time.TestMutableInterval_Basics.testCopy,0.020864381520119227,0.01969698454368185,0.01852958756724447,0.0393939690873637,0.019627795491034078,0.019662359584074498,0.0011673969764373782,1.8293591654247392,1.5524560322043004,1.2755528989838614,3.104912064408601,1.5030663273774096,1.527561581979667,0.2769031332204389,"[""MutableInterval"", ""TestMutableInterval_Basics""]","[0.020864381520119227, 0.01852958756724447]","[1.8293591654247392, 1.2755528989838614]"
org.joda.time.TestMutableInterval_Basics.testIsAfter_long,0.020864381520119227,0.01969698454368185,0.01852958756724447,0.0393939690873637,0.019627795491034078,0.019662359584074498,0.0011673969764373782,1.8293591654247392,1.5524560322043004,1.2755528989838614,3.104912064408601,1.5030663273774096,1.527561581979667,0.2769031332204389,"[""MutableInterval"", ""TestMutableInterval_Basics""]","[0.020864381520119227, 0.01852958756724447]","[1.8293591654247392, 1.2755528989838614]"
org.joda.time.TestMutableInterval_Basics.testIsBefore_long,0.020864381520119227,0.01969698454368185,0.01852958756724447,0.0393939690873637,0.019627795491034078,0.019662359584074498,0.0011673969764373782,1.8293591654247392,1.5524560322043004,1.2755528989838614,3.104912064408601,1.5030663273774096,1.527561581979667,0.2769031332204389,"[""MutableInterval"", ""TestMutableInterval_Basics""]","[0.020864381520119227, 0.01852958756724447]","[1.8293591654247392, 1.2755528989838614]"
org.joda.time.TestMutableInterval_Basics.testToInterval1,0.020864381520119227,0.01969698454368185,0.01852958756724447,0.0393939690873637,0.019627795491034078,0.019662359584074498,0.0011673969764373782,1.8293591654247392,1.5524560322043004,1.2755528989838614,3.104912064408601,1.5030663273774096,1.527561581979667,0.2769031332204389,"[""MutableInterval"", ""TestMutableInterval_Basics""]","[0.020864381520119227, 0.01852958756724447]","[1.8293591654247392, 1.2755528989838614]"
org.joda.time.format.TestDateTimeFormatStyle.testForStyle_invalidStrings,0.027988338192419825,0.019665246600935812,0.011342155009451797,0.039330493201871625,0.016142592903985203,0.017817072437282883,0.008323091591484014,2.8956268221574346,2.2658663411354283,1.6361058601134215,4.531732682270857,2.0908347180175646,2.176591834137348,0.6297604810220065,"[""DateTimeFormat"", ""TestDateTimeFormatStyle""]","[0.027988338192419825, 0.011342155009451797]","[2.8956268221574346, 1.6361058601134215]"
org.joda.time.format.TestDateTimeFormatStyle.testForStyle_stringLengths,0.027988338192419825,0.019665246600935812,0.011342155009451797,0.039330493201871625,0.016142592903985203,0.017817072437282883,0.008323091591484014,2.8956268221574346,2.2658663411354283,1.6361058601134215,4.531732682270857,2.0908347180175646,2.176591834137348,0.6297604810220065,"[""DateTimeFormat"", ""TestDateTimeFormatStyle""]","[0.027988338192419825, 0.011342155009451797]","[2.8956268221574346, 1.6361058601134215]"
org.joda.time.TestInstant_Basics.testToDate,0.018658892128279883,0.012935372461194757,0.00243605359317905,0.03880611738358427,0.0057630765962752425,0.009302649574192079,0.007434214418919013,1.957765667574932,0.9886993217237311,0.04506699147381242,2.966097965171193,0.12637905273686753,0.43966483471665707,0.7810630462183995,"[""TestInstant_Basics"", ""Date"", ""Instant""]","[0.018658892128279883, 0.017711171662125342, 0.00243605359317905]","[0.963265306122449, 1.957765667574932, 0.04506699147381242]"
org.joda.time.TestMutablePeriod_Updates.testTest,0.019823788546255508,0.019241340337267696,0.018658892128279883,0.03848268067453539,0.019223709241397723,0.019232522768956022,0.0005824482089878125,5.674008810572687,3.318637058347568,0.963265306122449,6.637274116695136,1.646933888148413,2.3378571029594113,2.355371752225119,"[""TestMutablePeriod_Updates"", ""Instant""]","[0.019823788546255508, 0.018658892128279883]","[5.674008810572687, 0.963265306122449]"
org.joda.time.TestPeriodType.testHashCode,0.019867549668874173,0.019138487647397322,0.018409425625920472,0.038276975294794645,0.019110714740731304,0.01912459615255758,0.0007290620214768506,3.991899852724595,3.8598204193718635,3.7277409860191315,7.719640838743727,3.8553007850833803,3.8575599403100926,0.13207943335273176,"[""PeriodType"", ""TestPeriodType""]","[0.019867549668874173, 0.018409425625920472]","[3.7277409860191315, 3.991899852724595]"
org.joda.time.TestPeriodType.testMaskTwice2,0.019867549668874173,0.019138487647397322,0.018409425625920472,0.038276975294794645,0.019110714740731304,0.01912459615255758,0.0007290620214768506,3.991899852724595,3.8598204193718635,3.7277409860191315,7.719640838743727,3.8553007850833803,3.8575599403100926,0.13207943335273176,"[""PeriodType"", ""TestPeriodType""]","[0.019867549668874173, 0.018409425625920472]","[3.7277409860191315, 3.991899852724595]"
org.joda.time.TestPeriodType.testMaskTwice1,0.019867549668874173,0.019138487647397322,0.018409425625920472,0.038276975294794645,0.019110714740731304,0.01912459615255758,0.0007290620214768506,3.991899852724595,3.8598204193718635,3.7277409860191315,7.719640838743727,3.8553007850833803,3.8575599403100926,0.13207943335273176,"[""PeriodType"", ""TestPeriodType""]","[0.019867549668874173, 0.018409425625920472]","[3.7277409860191315, 3.991899852724595]"
org.joda.time.TestPeriodType.testEquals,0.019867549668874173,0.019138487647397322,0.018409425625920472,0.038276975294794645,0.019110714740731304,0.01912459615255758,0.0007290620214768506,3.991899852724595,3.8598204193718635,3.7277409860191315,7.719640838743727,3.8553007850833803,3.8575599403100926,0.13207943335273176,"[""PeriodType"", ""TestPeriodType""]","[0.019867549668874173, 0.018409425625920472]","[3.7277409860191315, 3.991899852724595]"
org.joda.time.convert.TestCalendarConverter.testGetChronology_Object_Chronology,0.015006821282401092,0.009534111483345816,0.006006006006006006,0.038136445933383264,0.008170206112017827,0.00880781011559048,0.0037865909791331307,0.6664392905866303,0.30949715116886034,0.1111111111111111,1.2379886046754414,0.17886561190247854,0.23154049677070138,0.22787505175408576,"[""CalendarConverter"", ""TestCalendarConverter"", ""TimeZone"", ""GregorianCalendar""]","[0.015006821282401092, 0.011117612638970159, 0.006006006006006006, 0.006006006006006006]","[0.6664392905866303, 0.34932709186658867, 0.1111111111111111, 0.1111111111111111]"
org.joda.time.chrono.TestJulianChronology.testFactory,0.01924198250728863,0.018950437317784258,0.018658892128279883,0.037900874635568516,0.018945952007176498,0.01894819452976317,0.00029154518950437296,1.415743440233236,1.1142857142857143,0.8128279883381925,2.2285714285714286,1.0327296471403093,1.0727329082897445,0.3014577259475218,"[""TestJulianChronology"", ""Object"", ""JulianChronology""]","[0.01924198250728863, 0.018658892128279883]","[1.415743440233236, 0.8128279883381925]"
org.joda.time.chrono.TestJulianChronology.testFactory_Zone,0.01924198250728863,0.018950437317784258,0.018658892128279883,0.037900874635568516,0.018945952007176498,0.01894819452976317,0.00029154518950437296,1.415743440233236,1.1142857142857143,0.8128279883381925,2.2285714285714286,1.0327296471403093,1.0727329082897445,0.3014577259475218,"[""TestJulianChronology"", ""Object"", ""JulianChronology""]","[0.01924198250728863, 0.018658892128279883]","[1.415743440233236, 0.8128279883381925]"
org.joda.time.chrono.TestJulianChronology.testFactory_Zone_int,0.01924198250728863,0.018950437317784258,0.018658892128279883,0.037900874635568516,0.018945952007176498,0.01894819452976317,0.00029154518950437296,1.415743440233236,1.1142857142857143,0.8128279883381925,2.2285714285714286,1.0327296471403093,1.0727329082897445,0.3014577259475218,"[""TestJulianChronology"", ""JulianChronology""]","[0.01924198250728863, 0.018658892128279883]","[1.415743440233236, 0.8128279883381925]"
org.joda.time.chrono.TestJulianChronology.testWithUTC,0.01924198250728863,0.018950437317784258,0.018658892128279883,0.037900874635568516,0.018945952007176498,0.01894819452976317,0.00029154518950437296,1.415743440233236,1.1142857142857143,0.8128279883381925,2.2285714285714286,1.0327296471403093,1.0727329082897445,0.3014577259475218,"[""TestJulianChronology"", ""JulianChronology""]","[0.01924198250728863, 0.018658892128279883]","[1.415743440233236, 0.8128279883381925]"
org.joda.time.chrono.TestJulianChronology.testWithZone,0.01924198250728863,0.018950437317784258,0.018658892128279883,0.037900874635568516,0.018945952007176498,0.01894819452976317,0.00029154518950437296,1.415743440233236,1.1142857142857143,0.8128279883381925,2.2285714285714286,1.0327296471403093,1.0727329082897445,0.3014577259475218,"[""TestJulianChronology"", ""JulianChronology""]","[0.01924198250728863, 0.018658892128279883]","[1.415743440233236, 0.8128279883381925]"
org.joda.time.chrono.TestJulianChronology.testToString,0.01924198250728863,0.018950437317784258,0.018658892128279883,0.037900874635568516,0.018945952007176498,0.01894819452976317,0.00029154518950437296,1.415743440233236,1.1142857142857143,0.8128279883381925,2.2285714285714286,1.0327296471403093,1.0727329082897445,0.3014577259475218,"[""TestJulianChronology"", ""JulianChronology""]","[0.01924198250728863, 0.018658892128279883]","[1.415743440233236, 0.8128279883381925]"
org.joda.time.chrono.TestJulianChronology.testFactoryUTC,0.01924198250728863,0.018950437317784258,0.018658892128279883,0.037900874635568516,0.018945952007176498,0.01894819452976317,0.00029154518950437296,1.415743440233236,1.1142857142857143,0.8128279883381925,2.2285714285714286,1.0327296471403093,1.0727329082897445,0.3014577259475218,"[""TestJulianChronology"", ""Object"", ""JulianChronology""]","[0.01924198250728863, 0.018658892128279883]","[1.415743440233236, 0.8128279883381925]"
org.joda.time.chrono.TestJulianChronology.testEquality,0.01924198250728863,0.018950437317784258,0.018658892128279883,0.037900874635568516,0.018945952007176498,0.01894819452976317,0.00029154518950437296,1.415743440233236,1.1142857142857143,0.8128279883381925,2.2285714285714286,1.0327296471403093,1.0727329082897445,0.3014577259475218,"[""TestJulianChronology"", ""JulianChronology""]","[0.01924198250728863, 0.018658892128279883]","[1.415743440233236, 0.8128279883381925]"
org.joda.time.convert.TestConverterManager.testRemoveInstantConverter1,0.021443888491779844,0.018913869348288988,0.016383850204798128,0.037827738696577975,0.018575440613874086,0.01874389118773675,0.0025300191434908578,3.695496783416726,2.559275600602453,1.4230544177881803,5.118551201204906,2.0548365413733634,2.29322764320579,1.136221182814273,"[""TestConverterManager"", ""ConverterManager""]","[0.021443888491779844, 0.016383850204798128]","[3.695496783416726, 1.4230544177881803]"
org.joda.time.convert.TestConverterManager.testRemoveInstantConverter2,0.021443888491779844,0.018913869348288988,0.016383850204798128,0.037827738696577975,0.018575440613874086,0.01874389118773675,0.0025300191434908578,3.695496783416726,2.559275600602453,1.4230544177881803,5.118551201204906,2.0548365413733634,2.29322764320579,1.136221182814273,"[""TestConverterManager"", ""Object"", ""TestConverterManager$7"", ""ConverterManager""]","[0.021443888491779844, 0.016383850204798128]","[3.695496783416726, 1.4230544177881803]"
org.joda.time.convert.TestConverterManager.testGetInstantConverterRemovedNull,0.021443888491779844,0.018913869348288988,0.016383850204798128,0.037827738696577975,0.018575440613874086,0.01874389118773675,0.0025300191434908578,3.695496783416726,2.559275600602453,1.4230544177881803,5.118551201204906,2.0548365413733634,2.29322764320579,1.136221182814273,"[""TestConverterManager"", ""ConverterManager""]","[0.021443888491779844, 0.016383850204798128]","[3.695496783416726, 1.4230544177881803]"
org.joda.time.convert.TestConverterManager.testGetPartialConverters,0.021443888491779844,0.018913869348288988,0.016383850204798128,0.037827738696577975,0.018575440613874086,0.01874389118773675,0.0025300191434908578,3.695496783416726,2.559275600602453,1.4230544177881803,5.118551201204906,2.0548365413733634,2.29322764320579,1.136221182814273,"[""TestConverterManager"", ""ConverterManager""]","[0.021443888491779844, 0.016383850204798128]","[3.695496783416726, 1.4230544177881803]"
org.joda.time.convert.TestConverterManager.testRemovePartialConverter1,0.021443888491779844,0.018913869348288988,0.016383850204798128,0.037827738696577975,0.018575440613874086,0.01874389118773675,0.0025300191434908578,3.695496783416726,2.559275600602453,1.4230544177881803,5.118551201204906,2.0548365413733634,2.29322764320579,1.136221182814273,"[""TestConverterManager"", ""ConverterManager""]","[0.021443888491779844, 0.016383850204798128]","[3.695496783416726, 1.4230544177881803]"
org.joda.time.convert.TestConverterManager.testRemoveInstantConverterSecurity,0.021443888491779844,0.018913869348288988,0.016383850204798128,0.037827738696577975,0.018575440613874086,0.01874389118773675,0.0025300191434908578,3.695496783416726,2.559275600602453,1.4230544177881803,5.118551201204906,2.0548365413733634,2.29322764320579,1.136221182814273,"[""TestConverterManager"", ""SecurityManager"", ""System"", ""Policy"", ""ConverterManager""]","[0.021443888491779844, 0.016383850204798128]","[3.695496783416726, 1.4230544177881803]"
org.joda.time.convert.TestConverterManager.testAddInstantConverter3,0.021443888491779844,0.018913869348288988,0.016383850204798128,0.037827738696577975,0.018575440613874086,0.01874389118773675,0.0025300191434908578,3.695496783416726,2.559275600602453,1.4230544177881803,5.118551201204906,2.0548365413733634,2.29322764320579,1.136221182814273,"[""TestConverterManager"", ""ConverterManager""]","[0.021443888491779844, 0.016383850204798128]","[3.695496783416726, 1.4230544177881803]"
org.joda.time.convert.TestConverterManager.testGetDurationConverters,0.021443888491779844,0.018913869348288988,0.016383850204798128,0.037827738696577975,0.018575440613874086,0.01874389118773675,0.0025300191434908578,3.695496783416726,2.559275600602453,1.4230544177881803,5.118551201204906,2.0548365413733634,2.29322764320579,1.136221182814273,"[""TestConverterManager"", ""ConverterManager""]","[0.021443888491779844, 0.016383850204798128]","[3.695496783416726, 1.4230544177881803]"
org.joda.time.convert.TestConverterManager.testRemoveIntervalConverter2,0.021443888491779844,0.018913869348288988,0.016383850204798128,0.037827738696577975,0.018575440613874086,0.01874389118773675,0.0025300191434908578,3.695496783416726,2.559275600602453,1.4230544177881803,5.118551201204906,2.0548365413733634,2.29322764320579,1.136221182814273,"[""TestConverterManager"", ""Object"", ""ConverterManager"", ""TestConverterManager$21""]","[0.021443888491779844, 0.016383850204798128]","[3.695496783416726, 1.4230544177881803]"
org.joda.time.convert.TestConverterManager.testRemovePeriodConverterSecurity,0.021443888491779844,0.018913869348288988,0.016383850204798128,0.037827738696577975,0.018575440613874086,0.01874389118773675,0.0025300191434908578,3.695496783416726,2.559275600602453,1.4230544177881803,5.118551201204906,2.0548365413733634,2.29322764320579,1.136221182814273,"[""TestConverterManager"", ""SecurityManager"", ""System"", ""Policy"", ""ConverterManager""]","[0.021443888491779844, 0.016383850204798128]","[3.695496783416726, 1.4230544177881803]"
org.joda.time.convert.TestConverterManager.testGetPartialConverterRemovedNull,0.021443888491779844,0.018913869348288988,0.016383850204798128,0.037827738696577975,0.018575440613874086,0.01874389118773675,0.0025300191434908578,3.695496783416726,2.559275600602453,1.4230544177881803,5.118551201204906,2.0548365413733634,2.29322764320579,1.136221182814273,"[""TestConverterManager"", ""ConverterManager""]","[0.021443888491779844, 0.016383850204798128]","[3.695496783416726, 1.4230544177881803]"
org.joda.time.convert.TestConverterManager.testRemovePeriodConverter2,0.021443888491779844,0.018913869348288988,0.016383850204798128,0.037827738696577975,0.018575440613874086,0.01874389118773675,0.0025300191434908578,3.695496783416726,2.559275600602453,1.4230544177881803,5.118551201204906,2.0548365413733634,2.29322764320579,1.136221182814273,"[""TestConverterManager"", ""Object"", ""ConverterManager"", ""TestConverterManager$18""]","[0.021443888491779844, 0.016383850204798128]","[3.695496783416726, 1.4230544177881803]"
org.joda.time.convert.TestConverterManager.testRemoveDurationConverterSecurity,0.021443888491779844,0.018913869348288988,0.016383850204798128,0.037827738696577975,0.018575440613874086,0.01874389118773675,0.0025300191434908578,3.695496783416726,2.559275600602453,1.4230544177881803,5.118551201204906,2.0548365413733634,2.29322764320579,1.136221182814273,"[""TestConverterManager"", ""SecurityManager"", ""System"", ""Policy"", ""ConverterManager""]","[0.021443888491779844, 0.016383850204798128]","[3.695496783416726, 1.4230544177881803]"
org.joda.time.convert.TestConverterManager.testRemoveDurationConverter2,0.021443888491779844,0.018913869348288988,0.016383850204798128,0.037827738696577975,0.018575440613874086,0.01874389118773675,0.0025300191434908578,3.695496783416726,2.559275600602453,1.4230544177881803,5.118551201204906,2.0548365413733634,2.29322764320579,1.136221182814273,"[""TestConverterManager"", ""TestConverterManager$15"", ""Object"", ""ConverterManager""]","[0.021443888491779844, 0.016383850204798128]","[3.695496783416726, 1.4230544177881803]"
org.joda.time.convert.TestConverterManager.testGetIntervalConverterRemovedNull,0.021443888491779844,0.018913869348288988,0.016383850204798128,0.037827738696577975,0.018575440613874086,0.01874389118773675,0.0025300191434908578,3.695496783416726,2.559275600602453,1.4230544177881803,5.118551201204906,2.0548365413733634,2.29322764320579,1.136221182814273,"[""TestConverterManager"", ""ConverterManager""]","[0.021443888491779844, 0.016383850204798128]","[3.695496783416726, 1.4230544177881803]"
org.joda.time.convert.TestConverterManager.testRemovePartialConverterSecurity,0.021443888491779844,0.018913869348288988,0.016383850204798128,0.037827738696577975,0.018575440613874086,0.01874389118773675,0.0025300191434908578,3.695496783416726,2.559275600602453,1.4230544177881803,5.118551201204906,2.0548365413733634,2.29322764320579,1.136221182814273,"[""TestConverterManager"", ""SecurityManager"", ""System"", ""Policy"", ""ConverterManager""]","[0.021443888491779844, 0.016383850204798128]","[3.695496783416726, 1.4230544177881803]"
org.joda.time.convert.TestConverterManager.testRemoveIntervalConverterSecurity,0.021443888491779844,0.018913869348288988,0.016383850204798128,0.037827738696577975,0.018575440613874086,0.01874389118773675,0.0025300191434908578,3.695496783416726,2.559275600602453,1.4230544177881803,5.118551201204906,2.0548365413733634,2.29322764320579,1.136221182814273,"[""TestConverterManager"", ""SecurityManager"", ""System"", ""Policy"", ""ConverterManager""]","[0.021443888491779844, 0.016383850204798128]","[3.695496783416726, 1.4230544177881803]"
org.joda.time.convert.TestConverterManager.testRemoveDurationConverter3,0.021443888491779844,0.018913869348288988,0.016383850204798128,0.037827738696577975,0.018575440613874086,0.01874389118773675,0.0025300191434908578,3.695496783416726,2.559275600602453,1.4230544177881803,5.118551201204906,2.0548365413733634,2.29322764320579,1.136221182814273,"[""TestConverterManager"", ""ConverterManager""]","[0.021443888491779844, 0.016383850204798128]","[3.695496783416726, 1.4230544177881803]"
org.joda.time.convert.TestConverterManager.testAddPartialConverter4,0.021443888491779844,0.018913869348288988,0.016383850204798128,0.037827738696577975,0.018575440613874086,0.01874389118773675,0.0025300191434908578,3.695496783416726,2.559275600602453,1.4230544177881803,5.118551201204906,2.0548365413733634,2.29322764320579,1.136221182814273,"[""TestConverterManager"", ""ConverterManager""]","[0.021443888491779844, 0.016383850204798128]","[3.695496783416726, 1.4230544177881803]"
org.joda.time.convert.TestConverterManager.testRemovePeriodConverter3,0.021443888491779844,0.018913869348288988,0.016383850204798128,0.037827738696577975,0.018575440613874086,0.01874389118773675,0.0025300191434908578,3.695496783416726,2.559275600602453,1.4230544177881803,5.118551201204906,2.0548365413733634,2.29322764320579,1.136221182814273,"[""TestConverterManager"", ""ConverterManager""]","[0.021443888491779844, 0.016383850204798128]","[3.695496783416726, 1.4230544177881803]"
org.joda.time.convert.TestConverterManager.testAddIntervalConverterSecurity,0.021443888491779844,0.018913869348288988,0.016383850204798128,0.037827738696577975,0.018575440613874086,0.01874389118773675,0.0025300191434908578,3.695496783416726,2.559275600602453,1.4230544177881803,5.118551201204906,2.0548365413733634,2.29322764320579,1.136221182814273,"[""TestConverterManager"", ""SecurityManager"", ""System"", ""Policy"", ""ConverterManager""]","[0.021443888491779844, 0.016383850204798128]","[3.695496783416726, 1.4230544177881803]"
org.joda.time.convert.TestConverterManager.testAddPeriodConverter3,0.021443888491779844,0.018913869348288988,0.016383850204798128,0.037827738696577975,0.018575440613874086,0.01874389118773675,0.0025300191434908578,3.695496783416726,2.559275600602453,1.4230544177881803,5.118551201204906,2.0548365413733634,2.29322764320579,1.136221182814273,"[""TestConverterManager"", ""ConverterManager""]","[0.021443888491779844, 0.016383850204798128]","[3.695496783416726, 1.4230544177881803]"
org.joda.time.convert.TestConverterManager.testAddIntervalConverter3,0.021443888491779844,0.018913869348288988,0.016383850204798128,0.037827738696577975,0.018575440613874086,0.01874389118773675,0.0025300191434908578,3.695496783416726,2.559275600602453,1.4230544177881803,5.118551201204906,2.0548365413733634,2.29322764320579,1.136221182814273,"[""TestConverterManager"", ""ConverterManager""]","[0.021443888491779844, 0.016383850204798128]","[3.695496783416726, 1.4230544177881803]"
org.joda.time.convert.TestConverterManager.testAddDurationConverterSecurity,0.021443888491779844,0.018913869348288988,0.016383850204798128,0.037827738696577975,0.018575440613874086,0.01874389118773675,0.0025300191434908578,3.695496783416726,2.559275600602453,1.4230544177881803,5.118551201204906,2.0548365413733634,2.29322764320579,1.136221182814273,"[""TestConverterManager"", ""SecurityManager"", ""System"", ""Policy"", ""ConverterManager""]","[0.021443888491779844, 0.016383850204798128]","[3.695496783416726, 1.4230544177881803]"
org.joda.time.convert.TestConverterManager.testRemovePeriodConverter1,0.021443888491779844,0.018913869348288988,0.016383850204798128,0.037827738696577975,0.018575440613874086,0.01874389118773675,0.0025300191434908578,3.695496783416726,2.559275600602453,1.4230544177881803,5.118551201204906,2.0548365413733634,2.29322764320579,1.136221182814273,"[""TestConverterManager"", ""ConverterManager""]","[0.021443888491779844, 0.016383850204798128]","[3.695496783416726, 1.4230544177881803]"
org.joda.time.convert.TestConverterManager.testAddInstantConverterSecurity,0.021443888491779844,0.018913869348288988,0.016383850204798128,0.037827738696577975,0.018575440613874086,0.01874389118773675,0.0025300191434908578,3.695496783416726,2.559275600602453,1.4230544177881803,5.118551201204906,2.0548365413733634,2.29322764320579,1.136221182814273,"[""TestConverterManager"", ""SecurityManager"", ""System"", ""Policy"", ""ConverterManager""]","[0.021443888491779844, 0.016383850204798128]","[3.695496783416726, 1.4230544177881803]"
org.joda.time.convert.TestConverterManager.testRemoveIntervalConverter3,0.021443888491779844,0.018913869348288988,0.016383850204798128,0.037827738696577975,0.018575440613874086,0.01874389118773675,0.0025300191434908578,3.695496783416726,2.559275600602453,1.4230544177881803,5.118551201204906,2.0548365413733634,2.29322764320579,1.136221182814273,"[""TestConverterManager"", ""ConverterManager""]","[0.021443888491779844, 0.016383850204798128]","[3.695496783416726, 1.4230544177881803]"
org.joda.time.convert.TestConverterManager.testGetDurationConverterRemovedNull,0.021443888491779844,0.018913869348288988,0.016383850204798128,0.037827738696577975,0.018575440613874086,0.01874389118773675,0.0025300191434908578,3.695496783416726,2.559275600602453,1.4230544177881803,5.118551201204906,2.0548365413733634,2.29322764320579,1.136221182814273,"[""TestConverterManager"", ""ConverterManager""]","[0.021443888491779844, 0.016383850204798128]","[3.695496783416726, 1.4230544177881803]"
org.joda.time.convert.TestConverterManager.testToString,0.021443888491779844,0.018913869348288988,0.016383850204798128,0.037827738696577975,0.018575440613874086,0.01874389118773675,0.0025300191434908578,3.695496783416726,2.559275600602453,1.4230544177881803,5.118551201204906,2.0548365413733634,2.29322764320579,1.136221182814273,"[""TestConverterManager"", ""ConverterManager""]","[0.021443888491779844, 0.016383850204798128]","[3.695496783416726, 1.4230544177881803]"
org.joda.time.convert.TestConverterManager.testAddPartialConverterSecurity,0.021443888491779844,0.018913869348288988,0.016383850204798128,0.037827738696577975,0.018575440613874086,0.01874389118773675,0.0025300191434908578,3.695496783416726,2.559275600602453,1.4230544177881803,5.118551201204906,2.0548365413733634,2.29322764320579,1.136221182814273,"[""TestConverterManager"", ""SecurityManager"", ""System"", ""Policy"", ""ConverterManager""]","[0.021443888491779844, 0.016383850204798128]","[3.695496783416726, 1.4230544177881803]"
org.joda.time.convert.TestConverterManager.testGetIntervalConverters,0.021443888491779844,0.018913869348288988,0.016383850204798128,0.037827738696577975,0.018575440613874086,0.01874389118773675,0.0025300191434908578,3.695496783416726,2.559275600602453,1.4230544177881803,5.118551201204906,2.0548365413733634,2.29322764320579,1.136221182814273,"[""TestConverterManager"", ""ConverterManager""]","[0.021443888491779844, 0.016383850204798128]","[3.695496783416726, 1.4230544177881803]"
org.joda.time.convert.TestConverterManager.testGetPeriodConverterRemovedNull,0.021443888491779844,0.018913869348288988,0.016383850204798128,0.037827738696577975,0.018575440613874086,0.01874389118773675,0.0025300191434908578,3.695496783416726,2.559275600602453,1.4230544177881803,5.118551201204906,2.0548365413733634,2.29322764320579,1.136221182814273,"[""TestConverterManager"", ""ConverterManager""]","[0.021443888491779844, 0.016383850204798128]","[3.695496783416726, 1.4230544177881803]"
org.joda.time.convert.TestConverterManager.testRemoveIntervalConverter1,0.021443888491779844,0.018913869348288988,0.016383850204798128,0.037827738696577975,0.018575440613874086,0.01874389118773675,0.0025300191434908578,3.695496783416726,2.559275600602453,1.4230544177881803,5.118551201204906,2.0548365413733634,2.29322764320579,1.136221182814273,"[""TestConverterManager"", ""ConverterManager""]","[0.021443888491779844, 0.016383850204798128]","[3.695496783416726, 1.4230544177881803]"
org.joda.time.convert.TestConverterManager.testAddPeriodConverterSecurity,0.021443888491779844,0.018913869348288988,0.016383850204798128,0.037827738696577975,0.018575440613874086,0.01874389118773675,0.0025300191434908578,3.695496783416726,2.559275600602453,1.4230544177881803,5.118551201204906,2.0548365413733634,2.29322764320579,1.136221182814273,"[""TestConverterManager"", ""SecurityManager"", ""System"", ""Policy"", ""ConverterManager""]","[0.021443888491779844, 0.016383850204798128]","[3.695496783416726, 1.4230544177881803]"
org.joda.time.convert.TestConverterManager.testAddPartialConverter3,0.021443888491779844,0.018913869348288988,0.016383850204798128,0.037827738696577975,0.018575440613874086,0.01874389118773675,0.0025300191434908578,3.695496783416726,2.559275600602453,1.4230544177881803,5.118551201204906,2.0548365413733634,2.29322764320579,1.136221182814273,"[""TestConverterManager"", ""ConverterManager""]","[0.021443888491779844, 0.016383850204798128]","[3.695496783416726, 1.4230544177881803]"
org.joda.time.convert.TestConverterManager.testAddInstantConverter4,0.021443888491779844,0.018913869348288988,0.016383850204798128,0.037827738696577975,0.018575440613874086,0.01874389118773675,0.0025300191434908578,3.695496783416726,2.559275600602453,1.4230544177881803,5.118551201204906,2.0548365413733634,2.29322764320579,1.136221182814273,"[""TestConverterManager"", ""ConverterManager""]","[0.021443888491779844, 0.016383850204798128]","[3.695496783416726, 1.4230544177881803]"
org.joda.time.convert.TestConverterManager.testAddDurationConverter3,0.021443888491779844,0.018913869348288988,0.016383850204798128,0.037827738696577975,0.018575440613874086,0.01874389118773675,0.0025300191434908578,3.695496783416726,2.559275600602453,1.4230544177881803,5.118551201204906,2.0548365413733634,2.29322764320579,1.136221182814273,"[""TestConverterManager"", ""ConverterManager""]","[0.021443888491779844, 0.016383850204798128]","[3.695496783416726, 1.4230544177881803]"
org.joda.time.convert.TestConverterManager.testRemoveDurationConverter1,0.021443888491779844,0.018913869348288988,0.016383850204798128,0.037827738696577975,0.018575440613874086,0.01874389118773675,0.0025300191434908578,3.695496783416726,2.559275600602453,1.4230544177881803,5.118551201204906,2.0548365413733634,2.29322764320579,1.136221182814273,"[""TestConverterManager"", ""ConverterManager""]","[0.021443888491779844, 0.016383850204798128]","[3.695496783416726, 1.4230544177881803]"
org.joda.time.convert.TestConverterManager.testRemovePartialConverter3,0.021443888491779844,0.018913869348288988,0.016383850204798128,0.037827738696577975,0.018575440613874086,0.01874389118773675,0.0025300191434908578,3.695496783416726,2.559275600602453,1.4230544177881803,5.118551201204906,2.0548365413733634,2.29322764320579,1.136221182814273,"[""TestConverterManager"", ""ConverterManager""]","[0.021443888491779844, 0.016383850204798128]","[3.695496783416726, 1.4230544177881803]"
org.joda.time.convert.TestConverterManager.testRemoveInstantConverter3,0.021443888491779844,0.018913869348288988,0.016383850204798128,0.037827738696577975,0.018575440613874086,0.01874389118773675,0.0025300191434908578,3.695496783416726,2.559275600602453,1.4230544177881803,5.118551201204906,2.0548365413733634,2.29322764320579,1.136221182814273,"[""TestConverterManager"", ""ConverterManager""]","[0.021443888491779844, 0.016383850204798128]","[3.695496783416726, 1.4230544177881803]"
org.joda.time.convert.TestConverterManager.testRemovePartialConverter2,0.021443888491779844,0.018913869348288988,0.016383850204798128,0.037827738696577975,0.018575440613874086,0.01874389118773675,0.0025300191434908578,3.695496783416726,2.559275600602453,1.4230544177881803,5.118551201204906,2.0548365413733634,2.29322764320579,1.136221182814273,"[""TestConverterManager"", ""TestConverterManager$12"", ""Object"", ""ConverterManager""]","[0.021443888491779844, 0.016383850204798128]","[3.695496783416726, 1.4230544177881803]"
org.joda.time.convert.TestConverterManager.testGetPeriodConverters,0.021443888491779844,0.018913869348288988,0.016383850204798128,0.037827738696577975,0.018575440613874086,0.01874389118773675,0.0025300191434908578,3.695496783416726,2.559275600602453,1.4230544177881803,5.118551201204906,2.0548365413733634,2.29322764320579,1.136221182814273,"[""TestConverterManager"", ""ConverterManager""]","[0.021443888491779844, 0.016383850204798128]","[3.695496783416726, 1.4230544177881803]"
org.joda.time.convert.TestConverterManager.testGetInstantConverters,0.021443888491779844,0.018913869348288988,0.016383850204798128,0.037827738696577975,0.018575440613874086,0.01874389118773675,0.0025300191434908578,3.695496783416726,2.559275600602453,1.4230544177881803,5.118551201204906,2.0548365413733634,2.29322764320579,1.136221182814273,"[""TestConverterManager"", ""ConverterManager""]","[0.021443888491779844, 0.016383850204798128]","[3.695496783416726, 1.4230544177881803]"
org.joda.time.field.TestUnsupportedDateTimeField.testNullValuesToGetInstanceThrowsException,0.02142857142857143,0.01890621081668478,0.016383850204798128,0.03781242163336956,0.01856969161047861,0.01873719574505564,0.0025223606118866503,4.760714285714286,3.083399857895177,1.406085430076068,6.166799715790354,2.170970779789606,2.5872709548668946,1.6773144278191092,"[""UnsupportedDateTimeField"", ""TestUnsupportedDateTimeField""]","[0.02142857142857143, 0.016383850204798128]","[4.760714285714286, 1.406085430076068]"
org.joda.time.TestPartial_Constructors.testConstructorEx1_Type_int,0.024134312696747113,0.018887722980062957,0.013641133263378805,0.037775445960125914,0.01743033694765069,0.01814440342685266,0.005246589716684154,3.396642182581322,2.697271773347324,1.9979013641133263,5.394543546694648,2.5159333653510356,2.605025153426371,0.6993704092339978,"[""TestPartial_Constructors"", ""Partial""]","[0.024134312696747113, 0.013641133263378805]","[3.396642182581322, 1.9979013641133263]"
org.joda.time.TestPartial_Constructors.testConstructor,0.024134312696747113,0.018887722980062957,0.013641133263378805,0.037775445960125914,0.01743033694765069,0.01814440342685266,0.005246589716684154,3.396642182581322,2.697271773347324,1.9979013641133263,5.394543546694648,2.5159333653510356,2.605025153426371,0.6993704092339978,"[""TestPartial_Constructors"", ""Partial""]","[0.024134312696747113, 0.013641133263378805]","[3.396642182581322, 1.9979013641133263]"
org.joda.time.TestPartial_Constructors.testConstructor_Chrono,0.024134312696747113,0.018887722980062957,0.013641133263378805,0.037775445960125914,0.01743033694765069,0.01814440342685266,0.005246589716684154,3.396642182581322,2.697271773347324,1.9979013641133263,5.394543546694648,2.5159333653510356,2.605025153426371,0.6993704092339978,"[""TestPartial_Constructors"", ""Partial""]","[0.024134312696747113, 0.013641133263378805]","[3.396642182581322, 1.9979013641133263]"
org.joda.time.TestPartial_Constructors.testConstructorEx1_TypeArray_intArray,0.024134312696747113,0.018887722980062957,0.013641133263378805,0.037775445960125914,0.01743033694765069,0.01814440342685266,0.005246589716684154,3.396642182581322,2.697271773347324,1.9979013641133263,5.394543546694648,2.5159333653510356,2.605025153426371,0.6993704092339978,"[""TestPartial_Constructors"", ""Partial""]","[0.024134312696747113, 0.013641133263378805]","[3.396642182581322, 1.9979013641133263]"
org.joda.time.TestPartial_Constructors.testConstructor2_TypeArray_intArray,0.024134312696747113,0.018887722980062957,0.013641133263378805,0.037775445960125914,0.01743033694765069,0.01814440342685266,0.005246589716684154,3.396642182581322,2.697271773347324,1.9979013641133263,5.394543546694648,2.5159333653510356,2.605025153426371,0.6993704092339978,"[""TestPartial_Constructors"", ""Partial""]","[0.024134312696747113, 0.013641133263378805]","[3.396642182581322, 1.9979013641133263]"
org.joda.time.TestPartial_Constructors.testConstructorEx_Partial,0.024134312696747113,0.018887722980062957,0.013641133263378805,0.037775445960125914,0.01743033694765069,0.01814440342685266,0.005246589716684154,3.396642182581322,2.697271773347324,1.9979013641133263,5.394543546694648,2.5159333653510356,2.605025153426371,0.6993704092339978,"[""TestPartial_Constructors"", ""Partial""]","[0.024134312696747113, 0.013641133263378805]","[3.396642182581322, 1.9979013641133263]"
org.joda.time.TestPartial_Constructors.testConstructorEx_Type_int_Chrono,0.024134312696747113,0.018887722980062957,0.013641133263378805,0.037775445960125914,0.01743033694765069,0.01814440342685266,0.005246589716684154,3.396642182581322,2.697271773347324,1.9979013641133263,5.394543546694648,2.5159333653510356,2.605025153426371,0.6993704092339978,"[""TestPartial_Constructors"", ""Partial""]","[0.024134312696747113, 0.013641133263378805]","[3.396642182581322, 1.9979013641133263]"
org.joda.time.TestMutableDateTime_Basics.testTest,0.019054340155257588,0.018856616141768735,0.018658892128279883,0.03771323228353747,0.018854542875536014,0.01885557948015661,0.0001977240134888522,2.475652787579393,1.719459046850921,0.963265306122449,3.438918093701842,1.3868957476178352,1.5442507698818084,0.756193740728472,"[""TestMutableDateTime_Basics"", ""Instant""]","[0.019054340155257588, 0.018658892128279883]","[2.475652787579393, 0.963265306122449]"
org.joda.time.TestMonths.testSerialization,0.025559105431309903,0.012523705814440641,0.006006006006006006,0.03757111744332192,0.008061807188444743,0.00973282821053633,0.00921741946456478,2.330670926517572,0.8299433618922437,0.07507507507507508,2.489830085676731,0.116995927652764,0.2450361595898945,1.0611810112575932,"[""ByteArrayOutputStream"", ""ObjectInputStream"", ""ObjectOutputStream"", ""ByteArrayInputStream"", ""TestMonths""]","[0.025559105431309903, 0.006006006006006006, 0.006006006006006006]","[2.330670926517572, 0.08408408408408409, 0.07507507507507508]"
org.joda.time.TestDays.testSerialization,0.025559105431309903,0.012523705814440641,0.006006006006006006,0.03757111744332192,0.008061807188444743,0.00973282821053633,0.00921741946456478,2.7939297124600637,0.9843629572064075,0.07507507507507508,2.9530888716192227,0.1173214299575028,0.2603005084484668,1.2795622094686046,"[""ByteArrayOutputStream"", ""ObjectInputStream"", ""TestDays"", ""ObjectOutputStream"", ""ByteArrayInputStream""]","[0.025559105431309903, 0.006006006006006006, 0.006006006006006006]","[2.7939297124600637, 0.08408408408408409, 0.07507507507507508]"
org.joda.time.tz.TestFixedDateTimeZone.testToTimeZone2,0.018617021276595744,0.009388676924484559,0.00243605359317905,0.037554707697938235,0.005509702104400109,0.007312195498018066,0.006045020911602263,0.6888297872340425,0.27714118528272985,0.04506699147381242,1.1085647411309194,0.10978402224601579,0.17364031770073346,0.2505476282403947,"[""FixedDateTimeZone"", ""TestFixedDateTimeZone"", ""TimeZone"", ""Date""]","[0.018617021276595744, 0.010495626822157435, 0.006006006006006006, 0.00243605359317905]","[0.6888297872340425, 0.26355685131195333, 0.1111111111111111, 0.04506699147381242]"
org.joda.time.tz.TestFixedDateTimeZone.testToTimeZone1,0.018617021276595744,0.009388676924484559,0.00243605359317905,0.037554707697938235,0.005509702104400109,0.007312195498018066,0.006045020911602263,0.6888297872340425,0.27714118528272985,0.04506699147381242,1.1085647411309194,0.10978402224601579,0.17364031770073346,0.2505476282403947,"[""FixedDateTimeZone"", ""TestFixedDateTimeZone"", ""TimeZone"", ""Date""]","[0.018617021276595744, 0.010495626822157435, 0.006006006006006006, 0.00243605359317905]","[0.6888297872340425, 0.26355685131195333, 0.1111111111111111, 0.04506699147381242]"
org.joda.time.TestDurationField.test_subtract,0.01574344023323615,0.012464301839050779,0.00994733762434172,0.03739290551715234,0.012023928785191842,0.012237436276467532,0.0024268475399309695,0.7008746355685131,0.5628746990391696,0.2978723404255319,1.688624097117509,0.4812732530040364,0.5241803717160682,0.18743874356543894,"[""TestDurationField"", ""DurationField"", ""ISOChronology""]","[0.01574344023323615, 0.011702127659574468, 0.00994733762434172]","[0.7008746355685131, 0.2978723404255319, 0.689877121123464]"
org.joda.time.field.TestOffsetDateTimeField.test_getOffset,0.01574344023323615,0.012457152615977652,0.009912536443148687,0.03737145784793296,0.012011626566642468,0.012227796124136422,0.0024375420886521087,1.9514644351464434,1.1016057349419146,0.6524781341107871,3.304817204825744,0.864094429590477,0.9627694818198361,0.6012655614470395,"[""OffsetDateTimeField"", ""TestOffsetDateTimeField"", ""ISOChronology""]","[0.01574344023323615, 0.011715481171548118, 0.009912536443148687]","[0.7008746355685131, 1.9514644351464434, 0.6524781341107871]"
org.joda.time.field.TestOffsetDateTimeField.test_getName,0.01574344023323615,0.012457152615977652,0.009912536443148687,0.03737145784793296,0.012011626566642468,0.012227796124136422,0.0024375420886521087,1.9514644351464434,1.1016057349419146,0.6524781341107871,3.304817204825744,0.864094429590477,0.9627694818198361,0.6012655614470395,"[""OffsetDateTimeField"", ""TestOffsetDateTimeField"", ""ISOChronology""]","[0.01574344023323615, 0.011715481171548118, 0.009912536443148687]","[0.7008746355685131, 1.9514644351464434, 0.6524781341107871]"
org.joda.time.field.TestOffsetDateTimeField.test_getMaximumValue,0.01574344023323615,0.012457152615977652,0.009912536443148687,0.03737145784793296,0.012011626566642468,0.012227796124136422,0.0024375420886521087,1.9514644351464434,1.1016057349419146,0.6524781341107871,3.304817204825744,0.864094429590477,0.9627694818198361,0.6012655614470395,"[""TestOffsetDateTimeField"", ""ISOChronology"", ""TestOffsetDateTimeField$MockOffsetDateTimeField"", ""OffsetDateTimeField""]","[0.01574344023323615, 0.011715481171548118, 0.009912536443148687]","[0.7008746355685131, 1.9514644351464434, 0.6524781341107871]"
org.joda.time.field.TestOffsetDateTimeField.test_getAsShortText_long,0.01574344023323615,0.012457152615977652,0.009912536443148687,0.03737145784793296,0.012011626566642468,0.012227796124136422,0.0024375420886521087,1.9514644351464434,1.1016057349419146,0.6524781341107871,3.304817204825744,0.864094429590477,0.9627694818198361,0.6012655614470395,"[""TestOffsetDateTimeField"", ""ISOChronology"", ""TestOffsetDateTimeField$MockOffsetDateTimeField"", ""OffsetDateTimeField""]","[0.01574344023323615, 0.011715481171548118, 0.009912536443148687]","[0.7008746355685131, 1.9514644351464434, 0.6524781341107871]"
org.joda.time.field.TestOffsetDateTimeField.test_getLeapDurationField,0.01574344023323615,0.012457152615977652,0.009912536443148687,0.03737145784793296,0.012011626566642468,0.012227796124136422,0.0024375420886521087,1.9514644351464434,1.1016057349419146,0.6524781341107871,3.304817204825744,0.864094429590477,0.9627694818198361,0.6012655614470395,"[""TestOffsetDateTimeField"", ""ISOChronology"", ""TestOffsetDateTimeField$MockOffsetDateTimeField"", ""OffsetDateTimeField""]","[0.01574344023323615, 0.011715481171548118, 0.009912536443148687]","[0.7008746355685131, 1.9514644351464434, 0.6524781341107871]"
org.joda.time.field.TestOffsetDateTimeField.test_getDifference_long_long,0.01574344023323615,0.012457152615977652,0.009912536443148687,0.03737145784793296,0.012011626566642468,0.012227796124136422,0.0024375420886521087,1.9514644351464434,1.1016057349419146,0.6524781341107871,3.304817204825744,0.864094429590477,0.9627694818198361,0.6012655614470395,"[""TestOffsetDateTimeField"", ""ISOChronology"", ""TestOffsetDateTimeField$MockOffsetDateTimeField"", ""OffsetDateTimeField""]","[0.01574344023323615, 0.011715481171548118, 0.009912536443148687]","[0.7008746355685131, 1.9514644351464434, 0.6524781341107871]"
org.joda.time.field.TestOffsetDateTimeField.test_isSupported,0.01574344023323615,0.012457152615977652,0.009912536443148687,0.03737145784793296,0.012011626566642468,0.012227796124136422,0.0024375420886521087,1.9514644351464434,1.1016057349419146,0.6524781341107871,3.304817204825744,0.864094429590477,0.9627694818198361,0.6012655614470395,"[""TestOffsetDateTimeField"", ""ISOChronology"", ""TestOffsetDateTimeField$MockOffsetDateTimeField"", ""OffsetDateTimeField""]","[0.01574344023323615, 0.011715481171548118, 0.009912536443148687]","[0.7008746355685131, 1.9514644351464434, 0.6524781341107871]"
org.joda.time.field.TestOffsetDateTimeField.test_add_long_long,0.01574344023323615,0.012457152615977652,0.009912536443148687,0.03737145784793296,0.012011626566642468,0.012227796124136422,0.0024375420886521087,1.9514644351464434,1.1016057349419146,0.6524781341107871,3.304817204825744,0.864094429590477,0.9627694818198361,0.6012655614470395,"[""TestOffsetDateTimeField"", ""ISOChronology"", ""TestOffsetDateTimeField$MockOffsetDateTimeField"", ""OffsetDateTimeField""]","[0.01574344023323615, 0.011715481171548118, 0.009912536443148687]","[0.7008746355685131, 1.9514644351464434, 0.6524781341107871]"
org.joda.time.field.TestOffsetDateTimeField.test_getAsText_long,0.01574344023323615,0.012457152615977652,0.009912536443148687,0.03737145784793296,0.012011626566642468,0.012227796124136422,0.0024375420886521087,1.9514644351464434,1.1016057349419146,0.6524781341107871,3.304817204825744,0.864094429590477,0.9627694818198361,0.6012655614470395,"[""TestOffsetDateTimeField"", ""ISOChronology"", ""TestOffsetDateTimeField$MockOffsetDateTimeField"", ""OffsetDateTimeField""]","[0.01574344023323615, 0.011715481171548118, 0.009912536443148687]","[0.7008746355685131, 1.9514644351464434, 0.6524781341107871]"
org.joda.time.field.TestOffsetDateTimeField.test_getAsText_long_Locale,0.01574344023323615,0.012457152615977652,0.009912536443148687,0.03737145784793296,0.012011626566642468,0.012227796124136422,0.0024375420886521087,1.9514644351464434,1.1016057349419146,0.6524781341107871,3.304817204825744,0.864094429590477,0.9627694818198361,0.6012655614470395,"[""TestOffsetDateTimeField"", ""ISOChronology"", ""TestOffsetDateTimeField$MockOffsetDateTimeField"", ""OffsetDateTimeField""]","[0.01574344023323615, 0.011715481171548118, 0.009912536443148687]","[0.7008746355685131, 1.9514644351464434, 0.6524781341107871]"
org.joda.time.field.TestOffsetDateTimeField.test_getDifferenceAsLong_long_long,0.01574344023323615,0.012457152615977652,0.009912536443148687,0.03737145784793296,0.012011626566642468,0.012227796124136422,0.0024375420886521087,1.9514644351464434,1.1016057349419146,0.6524781341107871,3.304817204825744,0.864094429590477,0.9627694818198361,0.6012655614470395,"[""TestOffsetDateTimeField"", ""ISOChronology"", ""TestOffsetDateTimeField$MockOffsetDateTimeField"", ""OffsetDateTimeField""]","[0.01574344023323615, 0.011715481171548118, 0.009912536443148687]","[0.7008746355685131, 1.9514644351464434, 0.6524781341107871]"
org.joda.time.field.TestOffsetDateTimeField.test_set_long_String,0.01574344023323615,0.012457152615977652,0.009912536443148687,0.03737145784793296,0.012011626566642468,0.012227796124136422,0.0024375420886521087,1.9514644351464434,1.1016057349419146,0.6524781341107871,3.304817204825744,0.864094429590477,0.9627694818198361,0.6012655614470395,"[""TestOffsetDateTimeField"", ""ISOChronology"", ""TestOffsetDateTimeField$MockOffsetDateTimeField"", ""OffsetDateTimeField""]","[0.01574344023323615, 0.011715481171548118, 0.009912536443148687]","[0.7008746355685131, 1.9514644351464434, 0.6524781341107871]"
org.joda.time.field.TestOffsetDateTimeField.test_roundHalfEven_long,0.01574344023323615,0.012457152615977652,0.009912536443148687,0.03737145784793296,0.012011626566642468,0.012227796124136422,0.0024375420886521087,1.9514644351464434,1.1016057349419146,0.6524781341107871,3.304817204825744,0.864094429590477,0.9627694818198361,0.6012655614470395,"[""TestOffsetDateTimeField"", ""ISOChronology"", ""TestOffsetDateTimeField$MockOffsetDateTimeField"", ""OffsetDateTimeField""]","[0.01574344023323615, 0.011715481171548118, 0.009912536443148687]","[0.7008746355685131, 1.9514644351464434, 0.6524781341107871]"
org.joda.time.field.TestOffsetDateTimeField.test_add_long_int,0.01574344023323615,0.012457152615977652,0.009912536443148687,0.03737145784793296,0.012011626566642468,0.012227796124136422,0.0024375420886521087,1.9514644351464434,1.1016057349419146,0.6524781341107871,3.304817204825744,0.864094429590477,0.9627694818198361,0.6012655614470395,"[""TestOffsetDateTimeField"", ""ISOChronology"", ""TestOffsetDateTimeField$MockOffsetDateTimeField"", ""OffsetDateTimeField""]","[0.01574344023323615, 0.011715481171548118, 0.009912536443148687]","[0.7008746355685131, 1.9514644351464434, 0.6524781341107871]"
org.joda.time.field.TestOffsetDateTimeField.test_roundCeiling_long,0.01574344023323615,0.012457152615977652,0.009912536443148687,0.03737145784793296,0.012011626566642468,0.012227796124136422,0.0024375420886521087,1.9514644351464434,1.1016057349419146,0.6524781341107871,3.304817204825744,0.864094429590477,0.9627694818198361,0.6012655614470395,"[""TestOffsetDateTimeField"", ""ISOChronology"", ""TestOffsetDateTimeField$MockOffsetDateTimeField"", ""OffsetDateTimeField""]","[0.01574344023323615, 0.011715481171548118, 0.009912536443148687]","[0.7008746355685131, 1.9514644351464434, 0.6524781341107871]"
org.joda.time.field.TestOffsetDateTimeField.test_isLenient,0.01574344023323615,0.012457152615977652,0.009912536443148687,0.03737145784793296,0.012011626566642468,0.012227796124136422,0.0024375420886521087,1.9514644351464434,1.1016057349419146,0.6524781341107871,3.304817204825744,0.864094429590477,0.9627694818198361,0.6012655614470395,"[""TestOffsetDateTimeField"", ""ISOChronology"", ""TestOffsetDateTimeField$MockOffsetDateTimeField"", ""OffsetDateTimeField""]","[0.01574344023323615, 0.011715481171548118, 0.009912536443148687]","[0.7008746355685131, 1.9514644351464434, 0.6524781341107871]"
org.joda.time.field.TestOffsetDateTimeField.test_set_long_String_Locale,0.01574344023323615,0.012457152615977652,0.009912536443148687,0.03737145784793296,0.012011626566642468,0.012227796124136422,0.0024375420886521087,1.9514644351464434,1.1016057349419146,0.6524781341107871,3.304817204825744,0.864094429590477,0.9627694818198361,0.6012655614470395,"[""TestOffsetDateTimeField"", ""ISOChronology"", ""TestOffsetDateTimeField$MockOffsetDateTimeField"", ""OffsetDateTimeField""]","[0.01574344023323615, 0.011715481171548118, 0.009912536443148687]","[0.7008746355685131, 1.9514644351464434, 0.6524781341107871]"
org.joda.time.field.TestOffsetDateTimeField.test_getMinimumValue,0.01574344023323615,0.012457152615977652,0.009912536443148687,0.03737145784793296,0.012011626566642468,0.012227796124136422,0.0024375420886521087,1.9514644351464434,1.1016057349419146,0.6524781341107871,3.304817204825744,0.864094429590477,0.9627694818198361,0.6012655614470395,"[""TestOffsetDateTimeField"", ""ISOChronology"", ""TestOffsetDateTimeField$MockOffsetDateTimeField"", ""OffsetDateTimeField""]","[0.01574344023323615, 0.011715481171548118, 0.009912536443148687]","[0.7008746355685131, 1.9514644351464434, 0.6524781341107871]"
org.joda.time.field.TestOffsetDateTimeField.test_convertText,0.01574344023323615,0.012457152615977652,0.009912536443148687,0.03737145784793296,0.012011626566642468,0.012227796124136422,0.0024375420886521087,1.9514644351464434,1.1016057349419146,0.6524781341107871,3.304817204825744,0.864094429590477,0.9627694818198361,0.6012655614470395,"[""TestOffsetDateTimeField"", ""ISOChronology"", ""TestOffsetDateTimeField$MockOffsetDateTimeField"", ""OffsetDateTimeField""]","[0.01574344023323615, 0.011715481171548118, 0.009912536443148687]","[0.7008746355685131, 1.9514644351464434, 0.6524781341107871]"
org.joda.time.field.TestOffsetDateTimeField.test_remainder_long,0.01574344023323615,0.012457152615977652,0.009912536443148687,0.03737145784793296,0.012011626566642468,0.012227796124136422,0.0024375420886521087,1.9514644351464434,1.1016057349419146,0.6524781341107871,3.304817204825744,0.864094429590477,0.9627694818198361,0.6012655614470395,"[""TestOffsetDateTimeField"", ""ISOChronology"", ""TestOffsetDateTimeField$MockOffsetDateTimeField"", ""OffsetDateTimeField""]","[0.01574344023323615, 0.011715481171548118, 0.009912536443148687]","[0.7008746355685131, 1.9514644351464434, 0.6524781341107871]"
org.joda.time.field.TestOffsetDateTimeField.test_isLeap_long,0.01574344023323615,0.012457152615977652,0.009912536443148687,0.03737145784793296,0.012011626566642468,0.012227796124136422,0.0024375420886521087,1.9514644351464434,1.1016057349419146,0.6524781341107871,3.304817204825744,0.864094429590477,0.9627694818198361,0.6012655614470395,"[""TestOffsetDateTimeField"", ""ISOChronology"", ""TestOffsetDateTimeField$MockOffsetDateTimeField"", ""OffsetDateTimeField""]","[0.01574344023323615, 0.011715481171548118, 0.009912536443148687]","[0.7008746355685131, 1.9514644351464434, 0.6524781341107871]"
org.joda.time.field.TestOffsetDateTimeField.test_toString,0.01574344023323615,0.012457152615977652,0.009912536443148687,0.03737145784793296,0.012011626566642468,0.012227796124136422,0.0024375420886521087,1.9514644351464434,1.1016057349419146,0.6524781341107871,3.304817204825744,0.864094429590477,0.9627694818198361,0.6012655614470395,"[""OffsetDateTimeField"", ""TestOffsetDateTimeField"", ""ISOChronology""]","[0.01574344023323615, 0.011715481171548118, 0.009912536443148687]","[0.7008746355685131, 1.9514644351464434, 0.6524781341107871]"
org.joda.time.field.TestOffsetDateTimeField.test_getAsShortText_long_Locale,0.01574344023323615,0.012457152615977652,0.009912536443148687,0.03737145784793296,0.012011626566642468,0.012227796124136422,0.0024375420886521087,1.9514644351464434,1.1016057349419146,0.6524781341107871,3.304817204825744,0.864094429590477,0.9627694818198361,0.6012655614470395,"[""TestOffsetDateTimeField"", ""ISOChronology"", ""TestOffsetDateTimeField$MockOffsetDateTimeField"", ""OffsetDateTimeField""]","[0.01574344023323615, 0.011715481171548118, 0.009912536443148687]","[0.7008746355685131, 1.9514644351464434, 0.6524781341107871]"
org.joda.time.field.TestOffsetDateTimeField.test_set_long_int,0.01574344023323615,0.012457152615977652,0.009912536443148687,0.03737145784793296,0.012011626566642468,0.012227796124136422,0.0024375420886521087,1.9514644351464434,1.1016057349419146,0.6524781341107871,3.304817204825744,0.864094429590477,0.9627694818198361,0.6012655614470395,"[""TestOffsetDateTimeField"", ""ISOChronology"", ""TestOffsetDateTimeField$MockOffsetDateTimeField"", ""OffsetDateTimeField""]","[0.01574344023323615, 0.011715481171548118, 0.009912536443148687]","[0.7008746355685131, 1.9514644351464434, 0.6524781341107871]"
org.joda.time.field.TestOffsetDateTimeField.test_getMaximumValue_long,0.01574344023323615,0.012457152615977652,0.009912536443148687,0.03737145784793296,0.012011626566642468,0.012227796124136422,0.0024375420886521087,1.9514644351464434,1.1016057349419146,0.6524781341107871,3.304817204825744,0.864094429590477,0.9627694818198361,0.6012655614470395,"[""TestOffsetDateTimeField"", ""ISOChronology"", ""TestOffsetDateTimeField$MockOffsetDateTimeField"", ""OffsetDateTimeField""]","[0.01574344023323615, 0.011715481171548118, 0.009912536443148687]","[0.7008746355685131, 1.9514644351464434, 0.6524781341107871]"
org.joda.time.field.TestOffsetDateTimeField.test_get,0.01574344023323615,0.012457152615977652,0.009912536443148687,0.03737145784793296,0.012011626566642468,0.012227796124136422,0.0024375420886521087,1.9514644351464434,1.1016057349419146,0.6524781341107871,3.304817204825744,0.864094429590477,0.9627694818198361,0.6012655614470395,"[""TestOffsetDateTimeField"", ""ISOChronology"", ""TestOffsetDateTimeField$MockOffsetDateTimeField"", ""OffsetDateTimeField""]","[0.01574344023323615, 0.011715481171548118, 0.009912536443148687]","[0.7008746355685131, 1.9514644351464434, 0.6524781341107871]"
org.joda.time.field.TestOffsetDateTimeField.test_getLeapAmount_long,0.01574344023323615,0.012457152615977652,0.009912536443148687,0.03737145784793296,0.012011626566642468,0.012227796124136422,0.0024375420886521087,1.9514644351464434,1.1016057349419146,0.6524781341107871,3.304817204825744,0.864094429590477,0.9627694818198361,0.6012655614470395,"[""TestOffsetDateTimeField"", ""ISOChronology"", ""TestOffsetDateTimeField$MockOffsetDateTimeField"", ""OffsetDateTimeField""]","[0.01574344023323615, 0.011715481171548118, 0.009912536443148687]","[0.7008746355685131, 1.9514644351464434, 0.6524781341107871]"
org.joda.time.field.TestOffsetDateTimeField.test_getMaximumTextLength_Locale,0.01574344023323615,0.012457152615977652,0.009912536443148687,0.03737145784793296,0.012011626566642468,0.012227796124136422,0.0024375420886521087,1.9514644351464434,1.1016057349419146,0.6524781341107871,3.304817204825744,0.864094429590477,0.9627694818198361,0.6012655614470395,"[""TestOffsetDateTimeField"", ""ISOChronology"", ""TestOffsetDateTimeField$MockOffsetDateTimeField"", ""OffsetDateTimeField""]","[0.01574344023323615, 0.011715481171548118, 0.009912536443148687]","[0.7008746355685131, 1.9514644351464434, 0.6524781341107871]"
org.joda.time.field.TestOffsetDateTimeField.test_roundHalfFloor_long,0.01574344023323615,0.012457152615977652,0.009912536443148687,0.03737145784793296,0.012011626566642468,0.012227796124136422,0.0024375420886521087,1.9514644351464434,1.1016057349419146,0.6524781341107871,3.304817204825744,0.864094429590477,0.9627694818198361,0.6012655614470395,"[""TestOffsetDateTimeField"", ""ISOChronology"", ""TestOffsetDateTimeField$MockOffsetDateTimeField"", ""OffsetDateTimeField""]","[0.01574344023323615, 0.011715481171548118, 0.009912536443148687]","[0.7008746355685131, 1.9514644351464434, 0.6524781341107871]"
org.joda.time.field.TestOffsetDateTimeField.test_getMinimumValue_long,0.01574344023323615,0.012457152615977652,0.009912536443148687,0.03737145784793296,0.012011626566642468,0.012227796124136422,0.0024375420886521087,1.9514644351464434,1.1016057349419146,0.6524781341107871,3.304817204825744,0.864094429590477,0.9627694818198361,0.6012655614470395,"[""TestOffsetDateTimeField"", ""ISOChronology"", ""TestOffsetDateTimeField$MockOffsetDateTimeField"", ""OffsetDateTimeField""]","[0.01574344023323615, 0.011715481171548118, 0.009912536443148687]","[0.7008746355685131, 1.9514644351464434, 0.6524781341107871]"
org.joda.time.field.TestOffsetDateTimeField.test_getAsText_int_Locale,0.01574344023323615,0.012457152615977652,0.009912536443148687,0.03737145784793296,0.012011626566642468,0.012227796124136422,0.0024375420886521087,1.9514644351464434,1.1016057349419146,0.6524781341107871,3.304817204825744,0.864094429590477,0.9627694818198361,0.6012655614470395,"[""TestOffsetDateTimeField"", ""ISOChronology"", ""TestOffsetDateTimeField$MockOffsetDateTimeField"", ""OffsetDateTimeField""]","[0.01574344023323615, 0.011715481171548118, 0.009912536443148687]","[0.7008746355685131, 1.9514644351464434, 0.6524781341107871]"
org.joda.time.field.TestOffsetDateTimeField.test_roundFloor_long,0.01574344023323615,0.012457152615977652,0.009912536443148687,0.03737145784793296,0.012011626566642468,0.012227796124136422,0.0024375420886521087,1.9514644351464434,1.1016057349419146,0.6524781341107871,3.304817204825744,0.864094429590477,0.9627694818198361,0.6012655614470395,"[""TestOffsetDateTimeField"", ""ISOChronology"", ""TestOffsetDateTimeField$MockOffsetDateTimeField"", ""OffsetDateTimeField""]","[0.01574344023323615, 0.011715481171548118, 0.009912536443148687]","[0.7008746355685131, 1.9514644351464434, 0.6524781341107871]"
org.joda.time.field.TestOffsetDateTimeField.test_getAsShortText_int_Locale,0.01574344023323615,0.012457152615977652,0.009912536443148687,0.03737145784793296,0.012011626566642468,0.012227796124136422,0.0024375420886521087,1.9514644351464434,1.1016057349419146,0.6524781341107871,3.304817204825744,0.864094429590477,0.9627694818198361,0.6012655614470395,"[""TestOffsetDateTimeField"", ""ISOChronology"", ""TestOffsetDateTimeField$MockOffsetDateTimeField"", ""OffsetDateTimeField""]","[0.01574344023323615, 0.011715481171548118, 0.009912536443148687]","[0.7008746355685131, 1.9514644351464434, 0.6524781341107871]"
org.joda.time.field.TestOffsetDateTimeField.test_getMaximumShortTextLength_Locale,0.01574344023323615,0.012457152615977652,0.009912536443148687,0.03737145784793296,0.012011626566642468,0.012227796124136422,0.0024375420886521087,1.9514644351464434,1.1016057349419146,0.6524781341107871,3.304817204825744,0.864094429590477,0.9627694818198361,0.6012655614470395,"[""TestOffsetDateTimeField"", ""ISOChronology"", ""TestOffsetDateTimeField$MockOffsetDateTimeField"", ""OffsetDateTimeField""]","[0.01574344023323615, 0.011715481171548118, 0.009912536443148687]","[0.7008746355685131, 1.9514644351464434, 0.6524781341107871]"
org.joda.time.field.TestOffsetDateTimeField.test_roundHalfCeiling_long,0.01574344023323615,0.012457152615977652,0.009912536443148687,0.03737145784793296,0.012011626566642468,0.012227796124136422,0.0024375420886521087,1.9514644351464434,1.1016057349419146,0.6524781341107871,3.304817204825744,0.864094429590477,0.9627694818198361,0.6012655614470395,"[""TestOffsetDateTimeField"", ""ISOChronology"", ""TestOffsetDateTimeField$MockOffsetDateTimeField"", ""OffsetDateTimeField""]","[0.01574344023323615, 0.011715481171548118, 0.009912536443148687]","[0.7008746355685131, 1.9514644351464434, 0.6524781341107871]"
org.joda.time.field.TestOffsetDateTimeField.test_addWrapField_long_int,0.01574344023323615,0.012457152615977652,0.009912536443148687,0.03737145784793296,0.012011626566642468,0.012227796124136422,0.0024375420886521087,1.9514644351464434,1.1016057349419146,0.6524781341107871,3.304817204825744,0.864094429590477,0.9627694818198361,0.6012655614470395,"[""TestOffsetDateTimeField"", ""ISOChronology"", ""TestOffsetDateTimeField$MockOffsetDateTimeField"", ""OffsetDateTimeField""]","[0.01574344023323615, 0.011715481171548118, 0.009912536443148687]","[0.7008746355685131, 1.9514644351464434, 0.6524781341107871]"
org.joda.time.TestPeriodType.testTest,0.018658892128279883,0.01853415887710018,0.018409425625920472,0.03706831775420036,0.01853331943334376,0.018533739150469377,0.00012473325117970564,3.991899852724595,2.477582579423522,0.963265306122449,4.955165158847044,1.552020370816307,1.9609331027969608,1.514317273301073,"[""TestPeriodType"", ""Instant""]","[0.018658892128279883, 0.018409425625920472]","[0.963265306122449, 3.991899852724595]"
org.joda.time.TestMutablePeriod_Basics.testToMutablePeriod,0.020618556701030927,0.018385636647138076,0.016152716593245228,0.03677127329427615,0.018114450391107453,0.018249539801143213,0.0022329200538928496,3.0537555228276876,2.534587012515165,2.015418502202643,5.06917402503033,2.4282438722839474,2.4808456989322063,0.5191685103125223,"[""MutablePeriod"", ""TestMutablePeriod_Basics""]","[0.020618556701030927, 0.016152716593245228]","[3.0537555228276876, 2.015418502202643]"
org.joda.time.TestMutablePeriod_Basics.testToPeriod,0.020618556701030927,0.018385636647138076,0.016152716593245228,0.03677127329427615,0.018114450391107453,0.018249539801143213,0.0022329200538928496,3.0537555228276876,2.534587012515165,2.015418502202643,5.06917402503033,2.4282438722839474,2.4808456989322063,0.5191685103125223,"[""MutablePeriod"", ""TestMutablePeriod_Basics""]","[0.020618556701030927, 0.016152716593245228]","[3.0537555228276876, 2.015418502202643]"
org.joda.time.TestMutablePeriod_Basics.testToString,0.020618556701030927,0.018385636647138076,0.016152716593245228,0.03677127329427615,0.018114450391107453,0.018249539801143213,0.0022329200538928496,3.0537555228276876,2.534587012515165,2.015418502202643,5.06917402503033,2.4282438722839474,2.4808456989322063,0.5191685103125223,"[""MutablePeriod"", ""TestMutablePeriod_Basics""]","[0.020618556701030927, 0.016152716593245228]","[3.0537555228276876, 2.015418502202643]"
org.joda.time.TestMutablePeriod_Basics.testGetMethods,0.020618556701030927,0.018385636647138076,0.016152716593245228,0.03677127329427615,0.018114450391107453,0.018249539801143213,0.0022329200538928496,3.0537555228276876,2.534587012515165,2.015418502202643,5.06917402503033,2.4282438722839474,2.4808456989322063,0.5191685103125223,"[""MutablePeriod"", ""TestMutablePeriod_Basics""]","[0.020618556701030927, 0.016152716593245228]","[3.0537555228276876, 2.015418502202643]"
org.joda.time.TestMutablePeriod_Basics.testClone,0.020618556701030927,0.018385636647138076,0.016152716593245228,0.03677127329427615,0.018114450391107453,0.018249539801143213,0.0022329200538928496,3.0537555228276876,2.534587012515165,2.015418502202643,5.06917402503033,2.4282438722839474,2.4808456989322063,0.5191685103125223,"[""MutablePeriod"", ""TestMutablePeriod_Basics""]","[0.020618556701030927, 0.016152716593245228]","[3.0537555228276876, 2.015418502202643]"
org.joda.time.TestMutablePeriod_Basics.testCopy,0.020618556701030927,0.018385636647138076,0.016152716593245228,0.03677127329427615,0.018114450391107453,0.018249539801143213,0.0022329200538928496,3.0537555228276876,2.534587012515165,2.015418502202643,5.06917402503033,2.4282438722839474,2.4808456989322063,0.5191685103125223,"[""MutablePeriod"", ""TestMutablePeriod_Basics""]","[0.020618556701030927, 0.016152716593245228]","[3.0537555228276876, 2.015418502202643]"
org.joda.time.chrono.TestGregorianChronology.testFactoryUTC,0.02099125364431487,0.01836734693877551,0.01574344023323615,0.03673469387755102,0.017992503123698458,0.018178958913259352,0.00262390670553936,1.3690962099125363,1.0005830903790087,0.632069970845481,2.0011661807580174,0.8648603097582689,0.9302497522085535,0.3685131195335277,"[""Object"", ""TestGregorianChronology"", ""GregorianChronology""]","[0.02099125364431487, 0.01574344023323615]","[1.3690962099125363, 0.632069970845481]"
org.joda.time.chrono.TestGregorianChronology.testEquality,0.02099125364431487,0.01836734693877551,0.01574344023323615,0.03673469387755102,0.017992503123698458,0.018178958913259352,0.00262390670553936,1.3690962099125363,1.0005830903790087,0.632069970845481,2.0011661807580174,0.8648603097582689,0.9302497522085535,0.3685131195335277,"[""TestGregorianChronology"", ""GregorianChronology""]","[0.02099125364431487, 0.01574344023323615]","[1.3690962099125363, 0.632069970845481]"
org.joda.time.chrono.TestGregorianChronology.testFactory_Zone,0.02099125364431487,0.01836734693877551,0.01574344023323615,0.03673469387755102,0.017992503123698458,0.018178958913259352,0.00262390670553936,1.3690962099125363,1.0005830903790087,0.632069970845481,2.0011661807580174,0.8648603097582689,0.9302497522085535,0.3685131195335277,"[""Object"", ""TestGregorianChronology"", ""GregorianChronology""]","[0.02099125364431487, 0.01574344023323615]","[1.3690962099125363, 0.632069970845481]"
org.joda.time.chrono.TestGregorianChronology.testWithZone,0.02099125364431487,0.01836734693877551,0.01574344023323615,0.03673469387755102,0.017992503123698458,0.018178958913259352,0.00262390670553936,1.3690962099125363,1.0005830903790087,0.632069970845481,2.0011661807580174,0.8648603097582689,0.9302497522085535,0.3685131195335277,"[""TestGregorianChronology"", ""GregorianChronology""]","[0.02099125364431487, 0.01574344023323615]","[1.3690962099125363, 0.632069970845481]"
org.joda.time.chrono.TestGregorianChronology.testToString,0.02099125364431487,0.01836734693877551,0.01574344023323615,0.03673469387755102,0.017992503123698458,0.018178958913259352,0.00262390670553936,1.3690962099125363,1.0005830903790087,0.632069970845481,2.0011661807580174,0.8648603097582689,0.9302497522085535,0.3685131195335277,"[""TestGregorianChronology"", ""GregorianChronology""]","[0.02099125364431487, 0.01574344023323615]","[1.3690962099125363, 0.632069970845481]"
org.joda.time.chrono.TestGregorianChronology.testWithUTC,0.02099125364431487,0.01836734693877551,0.01574344023323615,0.03673469387755102,0.017992503123698458,0.018178958913259352,0.00262390670553936,1.3690962099125363,1.0005830903790087,0.632069970845481,2.0011661807580174,0.8648603097582689,0.9302497522085535,0.3685131195335277,"[""TestGregorianChronology"", ""GregorianChronology""]","[0.02099125364431487, 0.01574344023323615]","[1.3690962099125363, 0.632069970845481]"
org.joda.time.chrono.TestGregorianChronology.testFactory_Zone_int,0.02099125364431487,0.01836734693877551,0.01574344023323615,0.03673469387755102,0.017992503123698458,0.018178958913259352,0.00262390670553936,1.3690962099125363,1.0005830903790087,0.632069970845481,2.0011661807580174,0.8648603097582689,0.9302497522085535,0.3685131195335277,"[""TestGregorianChronology"", ""GregorianChronology""]","[0.02099125364431487, 0.01574344023323615]","[1.3690962099125363, 0.632069970845481]"
org.joda.time.chrono.TestGregorianChronology.testFactory,0.02099125364431487,0.01836734693877551,0.01574344023323615,0.03673469387755102,0.017992503123698458,0.018178958913259352,0.00262390670553936,1.3690962099125363,1.0005830903790087,0.632069970845481,2.0011661807580174,0.8648603097582689,0.9302497522085535,0.3685131195335277,"[""Object"", ""TestGregorianChronology"", ""GregorianChronology""]","[0.02099125364431487, 0.01574344023323615]","[1.3690962099125363, 0.632069970845481]"
org.joda.time.field.TestMillisDurationField.test_getType,0.014026402640264026,0.012230780406166939,0.00994733762434172,0.03669234121850082,0.01197850914535686,0.01210684086307268,0.0017006213601935113,1.1764705882352942,0.8987935708863629,0.689877121123464,2.6963807126590886,0.8560898972080145,0.8766294554067972,0.20451456720739633,"[""TestMillisDurationField"", ""DurationField"", ""DurationFieldType""]","[0.014026402640264026, 0.012718600953895072, 0.00994733762434172]","[0.83003300330033, 1.1764705882352942, 0.689877121123464]"
org.joda.time.format.TestISODateTimeFormat_Fields.testForFields_null,0.0239067055393586,0.018242660945779927,0.012578616352201259,0.036485321891559855,0.016484068750628203,0.017341086391130068,0.005664044593578671,5.0454810495626825,4.976094822475261,4.90670859538784,9.952189644950522,4.9751273070477655,4.975611041244651,0.06938622708742104,"[""TestISODateTimeFormat_Fields"", ""ISODateTimeFormat""]","[0.0239067055393586, 0.012578616352201259]","[5.0454810495626825, 4.90670859538784]"
org.joda.time.format.TestISODateTimeFormat_Fields.testForFields_empty,0.0239067055393586,0.018242660945779927,0.012578616352201259,0.036485321891559855,0.016484068750628203,0.017341086391130068,0.005664044593578671,5.0454810495626825,4.976094822475261,4.90670859538784,9.952189644950522,4.9751273070477655,4.975611041244651,0.06938622708742104,"[""TestISODateTimeFormat_Fields"", ""ISODateTimeFormat"", ""ArrayList""]","[0.0239067055393586, 0.012578616352201259]","[5.0454810495626825, 4.90670859538784]"
org.joda.time.TestInstant_Basics.testIsBeforeNow,0.018658892128279883,0.01818503189520261,0.017711171662125342,0.03637006379040522,0.018172684184085797,0.018178856991269955,0.0004738602330772706,1.957765667574932,1.4605154868486905,0.963265306122449,2.921030973697381,1.2912206423511632,1.3732617176243527,0.4972501807262415,"[""TestInstant_Basics"", ""Instant""]","[0.018658892128279883, 0.017711171662125342]","[0.963265306122449, 1.957765667574932]"
org.joda.time.TestInstant_Basics.testIsAfter_long,0.018658892128279883,0.01818503189520261,0.017711171662125342,0.03637006379040522,0.018172684184085797,0.018178856991269955,0.0004738602330772706,1.957765667574932,1.4605154868486905,0.963265306122449,2.921030973697381,1.2912206423511632,1.3732617176243527,0.4972501807262415,"[""TestInstant_Basics"", ""Instant""]","[0.018658892128279883, 0.017711171662125342]","[0.963265306122449, 1.957765667574932]"
org.joda.time.TestInstant_Basics.testIsBefore_long,0.018658892128279883,0.01818503189520261,0.017711171662125342,0.03637006379040522,0.018172684184085797,0.018178856991269955,0.0004738602330772706,1.957765667574932,1.4605154868486905,0.963265306122449,2.921030973697381,1.2912206423511632,1.3732617176243527,0.4972501807262415,"[""TestInstant_Basics"", ""Instant""]","[0.018658892128279883, 0.017711171662125342]","[0.963265306122449, 1.957765667574932]"
org.joda.time.TestInstant_Basics.testToString,0.018658892128279883,0.01818503189520261,0.017711171662125342,0.03637006379040522,0.018172684184085797,0.018178856991269955,0.0004738602330772706,1.957765667574932,1.4605154868486905,0.963265306122449,2.921030973697381,1.2912206423511632,1.3732617176243527,0.4972501807262415,"[""TestInstant_Basics"", ""Instant""]","[0.018658892128279883, 0.017711171662125342]","[0.963265306122449, 1.957765667574932]"
org.joda.time.TestInstant_Basics.testWithDurationAdded_long_int,0.018658892128279883,0.01818503189520261,0.017711171662125342,0.03637006379040522,0.018172684184085797,0.018178856991269955,0.0004738602330772706,1.957765667574932,1.4605154868486905,0.963265306122449,2.921030973697381,1.2912206423511632,1.3732617176243527,0.4972501807262415,"[""TestInstant_Basics"", ""Instant""]","[0.018658892128279883, 0.017711171662125342]","[0.963265306122449, 1.957765667574932]"
org.joda.time.TestInstant_Basics.testIsEqualNow,0.018658892128279883,0.01818503189520261,0.017711171662125342,0.03637006379040522,0.018172684184085797,0.018178856991269955,0.0004738602330772706,1.957765667574932,1.4605154868486905,0.963265306122449,2.921030973697381,1.2912206423511632,1.3732617176243527,0.4972501807262415,"[""TestInstant_Basics"", ""Instant""]","[0.018658892128279883, 0.017711171662125342]","[0.963265306122449, 1.957765667574932]"
org.joda.time.TestInstant_Basics.testIsEqual_long,0.018658892128279883,0.01818503189520261,0.017711171662125342,0.03637006379040522,0.018172684184085797,0.018178856991269955,0.0004738602330772706,1.957765667574932,1.4605154868486905,0.963265306122449,2.921030973697381,1.2912206423511632,1.3732617176243527,0.4972501807262415,"[""TestInstant_Basics"", ""Instant""]","[0.018658892128279883, 0.017711171662125342]","[0.963265306122449, 1.957765667574932]"
org.joda.time.TestInstant_Basics.testIsAfterNow,0.018658892128279883,0.01818503189520261,0.017711171662125342,0.03637006379040522,0.018172684184085797,0.018178856991269955,0.0004738602330772706,1.957765667574932,1.4605154868486905,0.963265306122449,2.921030973697381,1.2912206423511632,1.3732617176243527,0.4972501807262415,"[""TestInstant_Basics"", ""Instant""]","[0.018658892128279883, 0.017711171662125342]","[0.963265306122449, 1.957765667574932]"
org.joda.time.TestInstant_Basics.testPlus_long,0.018658892128279883,0.01818503189520261,0.017711171662125342,0.03637006379040522,0.018172684184085797,0.018178856991269955,0.0004738602330772706,1.957765667574932,1.4605154868486905,0.963265306122449,2.921030973697381,1.2912206423511632,1.3732617176243527,0.4972501807262415,"[""TestInstant_Basics"", ""Instant""]","[0.018658892128279883, 0.017711171662125342]","[0.963265306122449, 1.957765667574932]"
org.joda.time.TestInstant_Basics.testTest,0.018658892128279883,0.01818503189520261,0.017711171662125342,0.03637006379040522,0.018172684184085797,0.018178856991269955,0.0004738602330772706,1.957765667574932,1.4605154868486905,0.963265306122449,2.921030973697381,1.2912206423511632,1.3732617176243527,0.4972501807262415,"[""TestInstant_Basics"", ""Instant""]","[0.018658892128279883, 0.017711171662125342]","[0.963265306122449, 1.957765667574932]"
org.joda.time.TestInstant_Basics.testWithMillis_long,0.018658892128279883,0.01818503189520261,0.017711171662125342,0.03637006379040522,0.018172684184085797,0.018178856991269955,0.0004738602330772706,1.957765667574932,1.4605154868486905,0.963265306122449,2.921030973697381,1.2912206423511632,1.3732617176243527,0.4972501807262415,"[""TestInstant_Basics"", ""Instant""]","[0.018658892128279883, 0.017711171662125342]","[0.963265306122449, 1.957765667574932]"
org.joda.time.TestInstant_Basics.testMinus_long,0.018658892128279883,0.01818503189520261,0.017711171662125342,0.03637006379040522,0.018172684184085797,0.018178856991269955,0.0004738602330772706,1.957765667574932,1.4605154868486905,0.963265306122449,2.921030973697381,1.2912206423511632,1.3732617176243527,0.4972501807262415,"[""TestInstant_Basics"", ""Instant""]","[0.018658892128279883, 0.017711171662125342]","[0.963265306122449, 1.957765667574932]"
org.joda.time.TestInstant_Basics.testToInstant,0.018658892128279883,0.01818503189520261,0.017711171662125342,0.03637006379040522,0.018172684184085797,0.018178856991269955,0.0004738602330772706,1.957765667574932,1.4605154868486905,0.963265306122449,2.921030973697381,1.2912206423511632,1.3732617176243527,0.4972501807262415,"[""TestInstant_Basics"", ""Instant""]","[0.018658892128279883, 0.017711171662125342]","[0.963265306122449, 1.957765667574932]"
org.joda.time.TestYears.testSerialization,0.023961661341853034,0.011991224451288349,0.006006006006006006,0.035973673353865046,0.008005692937199787,0.009525683554621031,0.0084643770990839,2.169329073482428,0.7761627442138623,0.07507507507507508,2.328488232641587,0.11685050879017561,0.23924617506492565,0.985124224422676,"[""ByteArrayOutputStream"", ""ObjectInputStream"", ""TestYears"", ""ObjectOutputStream"", ""ByteArrayInputStream""]","[0.023961661341853034, 0.006006006006006006, 0.006006006006006006]","[2.169329073482428, 0.08408408408408409, 0.07507507507507508]"
org.joda.time.TestMinutes.testSerialization,0.023961661341853034,0.011991224451288349,0.006006006006006006,0.035973673353865046,0.008005692937199787,0.009525683554621031,0.0084643770990839,2.597444089456869,0.918867749538676,0.07507507507507508,2.756603248616028,0.1171973382001611,0.2540496457628657,1.1869384109999694,"[""ByteArrayOutputStream"", ""ObjectInputStream"", ""TestMinutes"", ""ObjectOutputStream"", ""ByteArrayInputStream""]","[0.023961661341853034, 0.006006006006006006, 0.006006006006006006]","[2.597444089456869, 0.08408408408408409, 0.07507507507507508]"
org.joda.time.TestWeeks.testSerialization,0.023961661341853034,0.011991224451288349,0.006006006006006006,0.035973673353865046,0.008005692937199787,0.009525683554621031,0.0084643770990839,2.7252396166134187,0.9614662585908592,0.07507507507507508,2.8843987757725777,0.11728005341470371,0.25814957964639174,1.2471815249897034,"[""ByteArrayOutputStream"", ""TestWeeks"", ""ObjectInputStream"", ""ObjectOutputStream"", ""ByteArrayInputStream""]","[0.023961661341853034, 0.006006006006006006, 0.006006006006006006]","[2.7252396166134187, 0.08408408408408409, 0.07507507507507508]"
org.joda.time.TestSeconds.testSerialization,0.023961661341853034,0.011991224451288349,0.006006006006006006,0.035973673353865046,0.008005692937199787,0.009525683554621031,0.0084643770990839,2.5463258785942493,0.9018283459178028,0.07507507507507508,2.7054850377534083,0.11716196302604495,0.25237200940593535,1.1628411733895623,"[""ByteArrayOutputStream"", ""ObjectInputStream"", ""ObjectOutputStream"", ""ByteArrayInputStream"", ""TestSeconds""]","[0.023961661341853034, 0.006006006006006006, 0.006006006006006006]","[2.5463258785942493, 0.08408408408408409, 0.07507507507507508]"
org.joda.time.TestHours.testSerialization,0.023961661341853034,0.011991224451288349,0.006006006006006006,0.035973673353865046,0.008005692937199787,0.009525683554621031,0.0084643770990839,2.7060702875399363,0.9550764822330318,0.07507507507507508,2.8652294466990953,0.11726813698727497,0.25754288039531165,1.2381450561836973,"[""ByteArrayOutputStream"", ""TestHours"", ""ObjectInputStream"", ""ObjectOutputStream"", ""ByteArrayInputStream""]","[0.023961661341853034, 0.006006006006006006, 0.006006006006006006]","[2.7060702875399363, 0.08408408408408409, 0.07507507507507508]"
org.joda.time.format.TestISOPeriodFormatParsing.testParseStandardFail2,0.013937282229965157,0.011764071985344302,0.008836524300441826,0.03529221595603291,0.011329347081582406,0.011552329673609188,0.0021496048620241433,1.0589101620029455,0.8599506687261277,0.6045655375552282,2.579852006178383,0.813073722599428,0.8371284819366088,0.18972813690462434,"[""ISOPeriodFormat"", ""PeriodFormatter"", ""TestISOPeriodFormatParsing""]","[0.013937282229965157, 0.012518409425625921, 0.008836524300441826]","[0.9163763066202091, 0.6045655375552282, 1.0589101620029455]"
org.joda.time.format.TestISOPeriodFormatParsing.testParseStandardFail3,0.013937282229965157,0.011764071985344302,0.008836524300441826,0.03529221595603291,0.011329347081582406,0.011552329673609188,0.0021496048620241433,1.0589101620029455,0.8599506687261277,0.6045655375552282,2.579852006178383,0.813073722599428,0.8371284819366088,0.18972813690462434,"[""ISOPeriodFormat"", ""PeriodFormatter"", ""TestISOPeriodFormatParsing""]","[0.013937282229965157, 0.012518409425625921, 0.008836524300441826]","[0.9163763066202091, 0.6045655375552282, 1.0589101620029455]"
org.joda.time.format.TestISOPeriodFormatParsing.testParseStandardFail4,0.013937282229965157,0.011764071985344302,0.008836524300441826,0.03529221595603291,0.011329347081582406,0.011552329673609188,0.0021496048620241433,1.0589101620029455,0.8599506687261277,0.6045655375552282,2.579852006178383,0.813073722599428,0.8371284819366088,0.18972813690462434,"[""ISOPeriodFormat"", ""PeriodFormatter"", ""TestISOPeriodFormatParsing""]","[0.013937282229965157, 0.012518409425625921, 0.008836524300441826]","[0.9163763066202091, 0.6045655375552282, 1.0589101620029455]"
org.joda.time.format.TestISOPeriodFormatParsing.testParseStandardFail1,0.013937282229965157,0.011764071985344302,0.008836524300441826,0.03529221595603291,0.011329347081582406,0.011552329673609188,0.0021496048620241433,1.0589101620029455,0.8599506687261277,0.6045655375552282,2.579852006178383,0.813073722599428,0.8371284819366088,0.18972813690462434,"[""ISOPeriodFormat"", ""PeriodFormatter"", ""TestISOPeriodFormatParsing""]","[0.013937282229965157, 0.012518409425625921, 0.008836524300441826]","[0.9163763066202091, 0.6045655375552282, 1.0589101620029455]"
org.joda.time.TestDateMidnight_Properties.testTest,0.018658892128279883,0.017645454380148258,0.016632016632016633,0.035290908760296516,0.017587249244297883,0.017616327773192553,0.001013437748131625,1.8302148302148302,1.3967400681686395,0.963265306122449,2.793480136337279,1.262212267604165,1.3277734929937164,0.4334747620461906,"[""TestDateMidnight_Properties"", ""Instant""]","[0.018658892128279883, 0.016632016632016633]","[0.963265306122449, 1.8302148302148302]"
org.joda.time.TestMutableInterval_Constructors.testTest,0.018658892128279883,0.017526167375615354,0.01639344262295082,0.03505233475123071,0.01745295882192528,0.017489524793795425,0.0011327247526645313,2.3002980625931446,1.6317816843577968,0.963265306122449,3.2635633687155936,1.3579005933681072,1.488555446544287,0.6685163782353478,"[""TestMutableInterval_Constructors"", ""Instant""]","[0.018658892128279883, 0.01639344262295082]","[0.963265306122449, 2.3002980625931446]"
org.joda.time.TestMutableInterval_Constructors.testConstructor_RI_RD2,0.01852958756724447,0.017461515095097645,0.01639344262295082,0.03492303019019529,0.01739618406285073,0.017428818967748932,0.0010680724721468249,2.3002980625931446,1.787925480788503,1.2755528989838614,3.575850961577006,1.641092927974626,1.712936619454335,0.5123725818046416,"[""MutableInterval"", ""TestMutableInterval_Constructors""]","[0.01852958756724447, 0.01639344262295082]","[1.2755528989838614, 2.3002980625931446]"
org.joda.time.TestMutableInterval_Constructors.testConstructor,0.01852958756724447,0.017461515095097645,0.01639344262295082,0.03492303019019529,0.01739618406285073,0.017428818967748932,0.0010680724721468249,2.3002980625931446,1.787925480788503,1.2755528989838614,3.575850961577006,1.641092927974626,1.712936619454335,0.5123725818046416,"[""MutableInterval"", ""TestMutableInterval_Constructors""]","[0.01852958756724447, 0.01639344262295082]","[1.2755528989838614, 2.3002980625931446]"
org.joda.time.TestMutableInterval_Constructors.testConstructor_RI_RP5,0.01852958756724447,0.017461515095097645,0.01639344262295082,0.03492303019019529,0.01739618406285073,0.017428818967748932,0.0010680724721468249,2.3002980625931446,1.787925480788503,1.2755528989838614,3.575850961577006,1.641092927974626,1.712936619454335,0.5123725818046416,"[""MutableInterval"", ""TestMutableInterval_Constructors""]","[0.01852958756724447, 0.01639344262295082]","[1.2755528989838614, 2.3002980625931446]"
org.joda.time.TestMutableInterval_Constructors.testConstructor_RD_RI2,0.01852958756724447,0.017461515095097645,0.01639344262295082,0.03492303019019529,0.01739618406285073,0.017428818967748932,0.0010680724721468249,2.3002980625931446,1.787925480788503,1.2755528989838614,3.575850961577006,1.641092927974626,1.712936619454335,0.5123725818046416,"[""MutableInterval"", ""TestMutableInterval_Constructors""]","[0.01852958756724447, 0.01639344262295082]","[1.2755528989838614, 2.3002980625931446]"
org.joda.time.TestMutableInterval_Constructors.testConstructor_RP_RI5,0.01852958756724447,0.017461515095097645,0.01639344262295082,0.03492303019019529,0.01739618406285073,0.017428818967748932,0.0010680724721468249,2.3002980625931446,1.787925480788503,1.2755528989838614,3.575850961577006,1.641092927974626,1.712936619454335,0.5123725818046416,"[""MutableInterval"", ""TestMutableInterval_Constructors""]","[0.01852958756724447, 0.01639344262295082]","[1.2755528989838614, 2.3002980625931446]"
org.joda.time.TestMutableInterval_Constructors.testConstructor_RI_RI3,0.01852958756724447,0.017461515095097645,0.01639344262295082,0.03492303019019529,0.01739618406285073,0.017428818967748932,0.0010680724721468249,2.3002980625931446,1.787925480788503,1.2755528989838614,3.575850961577006,1.641092927974626,1.712936619454335,0.5123725818046416,"[""MutableInterval"", ""TestMutableInterval_Constructors""]","[0.01852958756724447, 0.01639344262295082]","[1.2755528989838614, 2.3002980625931446]"
org.joda.time.TestMutableDateTime_Adds.testTest,0.018658892128279883,0.01744518353767558,0.016231474947071278,0.03489036707535116,0.017360742549151424,0.017402911828779698,0.0012137085906043024,1.0056457304163726,0.9844555182694108,0.963265306122449,1.9689110365388216,0.9839994031047332,0.9842274342652012,0.021190212146961818,"[""TestMutableDateTime_Adds"", ""Instant""]","[0.018658892128279883, 0.016231474947071278]","[0.963265306122449, 1.0056457304163726]"
org.joda.time.TestMutableDateTime_Sets.testTest,0.018658892128279883,0.01744518353767558,0.016231474947071278,0.03489036707535116,0.017360742549151424,0.017402911828779698,0.0012137085906043024,1.9040225829216655,1.4336439445220572,0.963265306122449,2.8672878890441145,1.279312693510893,1.3542816901228836,0.47037863839960825,"[""TestMutableDateTime_Sets"", ""Instant""]","[0.018658892128279883, 0.016231474947071278]","[0.963265306122449, 1.9040225829216655]"
org.joda.time.TestMutablePeriod_Basics.testTest,0.018658892128279883,0.017405804360762556,0.016152716593245228,0.03481160872152511,0.017315591411073125,0.01736063928811492,0.0012530877675173274,2.015418502202643,1.489341904162546,0.963265306122449,2.978683808325092,1.3035171541626047,1.3933351070324311,0.526076598040097,"[""TestMutablePeriod_Basics"", ""Instant""]","[0.018658892128279883, 0.016152716593245228]","[0.963265306122449, 2.015418502202643]"
org.joda.time.convert.TestCalendarConverter.testGetInstantMillis_Object_Chronology,0.015006821282401092,0.008641623380139076,0.00243605359317905,0.0345664935205563,0.005452683620425388,0.007028994643557975,0.004798485241940181,0.6664392905866303,0.29298612125953566,0.04506699147381242,1.1719444850381426,0.11251015132167373,0.18477883721485117,0.24350769437514508,"[""CalendarConverter"", ""GregorianCalendar"", ""TestCalendarConverter"", ""Date""]","[0.015006821282401092, 0.011117612638970159, 0.006006006006006006, 0.00243605359317905]","[0.6664392905866303, 0.34932709186658867, 0.1111111111111111, 0.04506699147381242]"
org.joda.time.chrono.TestEthiopicChronology.testToString,0.01907032181168057,0.01728247914183552,0.015494636471990465,0.03456495828367104,0.01709752990012741,0.017189755782903396,0.0017878426698450531,3.2121573301549464,2.097735399284863,0.9833134684147795,4.195470798569726,1.5056987485101312,1.7772331207268839,1.1144219308700836,"[""TestEthiopicChronology"", ""EthiopicChronology""]","[0.01907032181168057, 0.015494636471990465]","[3.2121573301549464, 0.9833134684147795]"
org.joda.time.chrono.TestEthiopicChronology.testEquality,0.01907032181168057,0.01728247914183552,0.015494636471990465,0.03456495828367104,0.01709752990012741,0.017189755782903396,0.0017878426698450531,3.2121573301549464,2.097735399284863,0.9833134684147795,4.195470798569726,1.5056987485101312,1.7772331207268839,1.1144219308700836,"[""TestEthiopicChronology"", ""EthiopicChronology""]","[0.01907032181168057, 0.015494636471990465]","[3.2121573301549464, 0.9833134684147795]"
org.joda.time.chrono.TestEthiopicChronology.testFactory,0.01907032181168057,0.01728247914183552,0.015494636471990465,0.03456495828367104,0.01709752990012741,0.017189755782903396,0.0017878426698450531,3.2121573301549464,2.097735399284863,0.9833134684147795,4.195470798569726,1.5056987485101312,1.7772331207268839,1.1144219308700836,"[""Object"", ""TestEthiopicChronology"", ""EthiopicChronology""]","[0.01907032181168057, 0.015494636471990465]","[3.2121573301549464, 0.9833134684147795]"
org.joda.time.chrono.TestEthiopicChronology.testWithUTC,0.01907032181168057,0.01728247914183552,0.015494636471990465,0.03456495828367104,0.01709752990012741,0.017189755782903396,0.0017878426698450531,3.2121573301549464,2.097735399284863,0.9833134684147795,4.195470798569726,1.5056987485101312,1.7772331207268839,1.1144219308700836,"[""TestEthiopicChronology"", ""EthiopicChronology""]","[0.01907032181168057, 0.015494636471990465]","[3.2121573301549464, 0.9833134684147795]"
org.joda.time.chrono.TestEthiopicChronology.testFactoryUTC,0.01907032181168057,0.01728247914183552,0.015494636471990465,0.03456495828367104,0.01709752990012741,0.017189755782903396,0.0017878426698450531,3.2121573301549464,2.097735399284863,0.9833134684147795,4.195470798569726,1.5056987485101312,1.7772331207268839,1.1144219308700836,"[""Object"", ""TestEthiopicChronology"", ""EthiopicChronology""]","[0.01907032181168057, 0.015494636471990465]","[3.2121573301549464, 0.9833134684147795]"
org.joda.time.chrono.TestEthiopicChronology.testWithZone,0.01907032181168057,0.01728247914183552,0.015494636471990465,0.03456495828367104,0.01709752990012741,0.017189755782903396,0.0017878426698450531,3.2121573301549464,2.097735399284863,0.9833134684147795,4.195470798569726,1.5056987485101312,1.7772331207268839,1.1144219308700836,"[""TestEthiopicChronology"", ""EthiopicChronology""]","[0.01907032181168057, 0.015494636471990465]","[3.2121573301549464, 0.9833134684147795]"
org.joda.time.chrono.TestEthiopicChronology.testFactory_Zone,0.01907032181168057,0.01728247914183552,0.015494636471990465,0.03456495828367104,0.01709752990012741,0.017189755782903396,0.0017878426698450531,3.2121573301549464,2.097735399284863,0.9833134684147795,4.195470798569726,1.5056987485101312,1.7772331207268839,1.1144219308700836,"[""Object"", ""TestEthiopicChronology"", ""EthiopicChronology""]","[0.01907032181168057, 0.015494636471990465]","[3.2121573301549464, 0.9833134684147795]"
org.joda.time.field.TestPreciseDurationField.test_getType,0.012718600953895072,0.011492498428599535,0.009362200117027502,0.034477495285798604,0.011273780631018554,0.011386083998531341,0.0015120701393280809,1.1764705882352942,0.8704917838482514,0.42012873025160913,2.611475351544754,0.7116484027842275,0.7945577793492594,0.3252161948606066,"[""TestPreciseDurationField"", ""PreciseDurationField"", ""DurationFieldType""]","[0.012718600953895072, 0.012396694214876033, 0.009362200117027502]","[1.1764705882352942, 1.0148760330578512, 0.42012873025160913]"
org.joda.time.field.TestFieldUtils.testSafeAddInt,0.017523364485981307,0.017230941966955522,0.016938519447929738,0.034461883933911044,0.017225979328824807,0.017228460469204888,0.00029242251902578467,1.1787383177570094,1.0178509656539125,0.8569636135508155,2.035701931307825,0.9924201894988628,1.005055146853075,0.16088735210309696,"[""TestFieldUtils"", ""FieldUtils""]","[0.017523364485981307, 0.016938519447929738]","[1.1787383177570094, 0.8569636135508155]"
org.joda.time.field.TestFieldUtils.testSafeMultiplyLongInt,0.017523364485981307,0.017230941966955522,0.016938519447929738,0.034461883933911044,0.017225979328824807,0.017228460469204888,0.00029242251902578467,1.1787383177570094,1.0178509656539125,0.8569636135508155,2.035701931307825,0.9924201894988628,1.005055146853075,0.16088735210309696,"[""TestFieldUtils"", ""FieldUtils""]","[0.017523364485981307, 0.016938519447929738]","[1.1787383177570094, 0.8569636135508155]"
org.joda.time.field.TestFieldUtils.testSafeAddLong,0.017523364485981307,0.017230941966955522,0.016938519447929738,0.034461883933911044,0.017225979328824807,0.017228460469204888,0.00029242251902578467,1.1787383177570094,1.0178509656539125,0.8569636135508155,2.035701931307825,0.9924201894988628,1.005055146853075,0.16088735210309696,"[""TestFieldUtils"", ""FieldUtils""]","[0.017523364485981307, 0.016938519447929738]","[1.1787383177570094, 0.8569636135508155]"
org.joda.time.field.TestFieldUtils.testSafeMultiplyLongLong,0.017523364485981307,0.017230941966955522,0.016938519447929738,0.034461883933911044,0.017225979328824807,0.017228460469204888,0.00029242251902578467,1.1787383177570094,1.0178509656539125,0.8569636135508155,2.035701931307825,0.9924201894988628,1.005055146853075,0.16088735210309696,"[""TestFieldUtils"", ""FieldUtils""]","[0.017523364485981307, 0.016938519447929738]","[1.1787383177570094, 0.8569636135508155]"
org.joda.time.field.TestFieldUtils.testSafeDivideLongLong,0.017523364485981307,0.017230941966955522,0.016938519447929738,0.034461883933911044,0.017225979328824807,0.017228460469204888,0.00029242251902578467,1.1787383177570094,1.0178509656539125,0.8569636135508155,2.035701931307825,0.9924201894988628,1.005055146853075,0.16088735210309696,"[""TestFieldUtils"", ""FieldUtils""]","[0.017523364485981307, 0.016938519447929738]","[1.1787383177570094, 0.8569636135508155]"
org.joda.time.field.TestFieldUtils.testSafeSubtractLong,0.017523364485981307,0.017230941966955522,0.016938519447929738,0.034461883933911044,0.017225979328824807,0.017228460469204888,0.00029242251902578467,1.1787383177570094,1.0178509656539125,0.8569636135508155,2.035701931307825,0.9924201894988628,1.005055146853075,0.16088735210309696,"[""TestFieldUtils"", ""FieldUtils""]","[0.017523364485981307, 0.016938519447929738]","[1.1787383177570094, 0.8569636135508155]"
org.joda.time.TestSerialization.testSerializedDateTimeZoneUTC,0.022244691607684528,0.011418901206565515,0.006006006006006006,0.034256703619696544,0.0079374624173181,0.00929250145667137,0.00765498980433549,2.320525783619818,0.8265616475929923,0.07507507507507508,2.479684942778977,0.11698736951490475,0.24468010437869714,1.0563985738857014,"[""StringBuilder"", ""ByteArrayOutputStream"", ""ObjectInputStream"", ""TestSerialization"", ""FileInputStream"", ""ObjectOutputStream"", ""ByteArrayInputStream""]","[0.022244691607684528, 0.006006006006006006, 0.006006006006006006]","[2.320525783619818, 0.08408408408408409, 0.07507507507507508]"
org.joda.time.convert.TestReadableIntervalConverter.testToString,0.020773638968481375,0.01696576685266174,0.013157894736842105,0.03393153370532348,0.01611111111111111,0.01653291731209103,0.0038078721158196355,0.7449856733524355,0.551619630934591,0.35825358851674644,1.103239261869182,0.483836643775504,0.5166176447548755,0.19336604241784452,"[""ReadableIntervalConverter"", ""TestReadableIntervalConverter""]","[0.020773638968481375, 0.013157894736842105]","[0.7449856733524355, 0.35825358851674644]"
org.joda.time.convert.TestReadableIntervalConverter.testSupportedType,0.020773638968481375,0.01696576685266174,0.013157894736842105,0.03393153370532348,0.01611111111111111,0.01653291731209103,0.0038078721158196355,0.7449856733524355,0.551619630934591,0.35825358851674644,1.103239261869182,0.483836643775504,0.5166176447548755,0.19336604241784452,"[""ReadableIntervalConverter"", ""TestReadableIntervalConverter""]","[0.020773638968481375, 0.013157894736842105]","[0.7449856733524355, 0.35825358851674644]"
org.joda.time.field.TestScaledDurationField.test_getType,0.012718600953895072,0.011297452592828128,0.008777062609713282,0.033892357778484386,0.010979961570134504,0.01114375295137024,0.0017870236404695775,1.1764705882352942,0.8937106204401398,0.43358689291983615,2.6811318613204196,0.7334990664907293,0.8175085125715101,0.328189451018024,"[""TestScaledDurationField"", ""ScaledDurationField"", ""DurationFieldType""]","[0.012718600953895072, 0.012396694214876033, 0.008777062609713282]","[1.1764705882352942, 1.0710743801652893, 0.43358689291983615]"
org.joda.time.field.TestScaledDurationField.test_constructor,0.012718600953895072,0.011297452592828128,0.008777062609713282,0.033892357778484386,0.010979961570134504,0.01114375295137024,0.0017870236404695775,1.1764705882352942,0.8937106204401398,0.43358689291983615,2.6811318613204196,0.7334990664907293,0.8175085125715101,0.328189451018024,"[""TestScaledDurationField"", ""ScaledDurationField"", ""DurationFieldType""]","[0.012718600953895072, 0.012396694214876033, 0.008777062609713282]","[1.1764705882352942, 1.0710743801652893, 0.43358689291983615]"
org.joda.time.convert.TestNullConverter.testToString,0.020463847203274217,0.016903037677687808,0.0133422281521014,0.033806075355375616,0.016152914254946832,0.016523719867385402,0.0035608095255864084,0.7435197817189632,0.5378706313531441,0.3322214809873249,1.0757412627062881,0.45924285251385594,0.4970042686195426,0.20564915036581913,"[""NullConverter"", ""TestNullConverter""]","[0.020463847203274217, 0.0133422281521014]","[0.7435197817189632, 0.3322214809873249]"
org.joda.time.convert.TestNullConverter.testGetInstantMillis_Object_Chronology,0.020463847203274217,0.016903037677687808,0.0133422281521014,0.033806075355375616,0.016152914254946832,0.016523719867385402,0.0035608095255864084,0.7435197817189632,0.5378706313531441,0.3322214809873249,1.0757412627062881,0.45924285251385594,0.4970042686195426,0.20564915036581913,"[""NullConverter"", ""TestNullConverter""]","[0.020463847203274217, 0.0133422281521014]","[0.7435197817189632, 0.3322214809873249]"
org.joda.time.convert.TestNullConverter.testIsReadableInterval_Object_Chronology,0.020463847203274217,0.016903037677687808,0.0133422281521014,0.033806075355375616,0.016152914254946832,0.016523719867385402,0.0035608095255864084,0.7435197817189632,0.5378706313531441,0.3322214809873249,1.0757412627062881,0.45924285251385594,0.4970042686195426,0.20564915036581913,"[""NullConverter"", ""TestNullConverter""]","[0.020463847203274217, 0.0133422281521014]","[0.7435197817189632, 0.3322214809873249]"
org.joda.time.convert.TestNullConverter.testGetChronology_Object_Zone,0.020463847203274217,0.016903037677687808,0.0133422281521014,0.033806075355375616,0.016152914254946832,0.016523719867385402,0.0035608095255864084,0.7435197817189632,0.5378706313531441,0.3322214809873249,1.0757412627062881,0.45924285251385594,0.4970042686195426,0.20564915036581913,"[""NullConverter"", ""TestNullConverter""]","[0.020463847203274217, 0.0133422281521014]","[0.7435197817189632, 0.3322214809873249]"
org.joda.time.convert.TestNullConverter.testGetChronology_Object_Chronology,0.020463847203274217,0.016903037677687808,0.0133422281521014,0.033806075355375616,0.016152914254946832,0.016523719867385402,0.0035608095255864084,0.7435197817189632,0.5378706313531441,0.3322214809873249,1.0757412627062881,0.45924285251385594,0.4970042686195426,0.20564915036581913,"[""NullConverter"", ""TestNullConverter""]","[0.020463847203274217, 0.0133422281521014]","[0.7435197817189632, 0.3322214809873249]"
org.joda.time.convert.TestNullConverter.testSupportedType,0.020463847203274217,0.016903037677687808,0.0133422281521014,0.033806075355375616,0.016152914254946832,0.016523719867385402,0.0035608095255864084,0.7435197817189632,0.5378706313531441,0.3322214809873249,1.0757412627062881,0.45924285251385594,0.4970042686195426,0.20564915036581913,"[""NullConverter"", ""TestNullConverter""]","[0.020463847203274217, 0.0133422281521014]","[0.7435197817189632, 0.3322214809873249]"
org.joda.time.convert.TestNullConverter.testGetDurationMillis_Object,0.020463847203274217,0.016903037677687808,0.0133422281521014,0.033806075355375616,0.016152914254946832,0.016523719867385402,0.0035608095255864084,0.7435197817189632,0.5378706313531441,0.3322214809873249,1.0757412627062881,0.45924285251385594,0.4970042686195426,0.20564915036581913,"[""NullConverter"", ""TestNullConverter""]","[0.020463847203274217, 0.0133422281521014]","[0.7435197817189632, 0.3322214809873249]"
org.joda.time.chrono.TestBuddhistChronology.testToString,0.01749271137026239,0.01661807580174927,0.01574344023323615,0.03323615160349854,0.016572042350774897,0.016595043114586244,0.0008746355685131206,1.3434402332361517,1.2291545189504374,1.114868804664723,2.4583090379008747,1.218528332992183,1.2238298929861475,0.11428571428571432,"[""TestBuddhistChronology"", ""BuddhistChronology""]","[0.01749271137026239, 0.01574344023323615]","[1.114868804664723, 1.3434402332361517]"
org.joda.time.chrono.TestBuddhistChronology.testEquality,0.01749271137026239,0.01661807580174927,0.01574344023323615,0.03323615160349854,0.016572042350774897,0.016595043114586244,0.0008746355685131206,1.3434402332361517,1.2291545189504374,1.114868804664723,2.4583090379008747,1.218528332992183,1.2238298929861475,0.11428571428571432,"[""TestBuddhistChronology"", ""BuddhistChronology""]","[0.01749271137026239, 0.01574344023323615]","[1.114868804664723, 1.3434402332361517]"
org.joda.time.chrono.TestBuddhistChronology.testWithUTC,0.01749271137026239,0.01661807580174927,0.01574344023323615,0.03323615160349854,0.016572042350774897,0.016595043114586244,0.0008746355685131206,1.3434402332361517,1.2291545189504374,1.114868804664723,2.4583090379008747,1.218528332992183,1.2238298929861475,0.11428571428571432,"[""TestBuddhistChronology"", ""BuddhistChronology""]","[0.01749271137026239, 0.01574344023323615]","[1.114868804664723, 1.3434402332361517]"
org.joda.time.chrono.TestBuddhistChronology.testFactoryUTC,0.01749271137026239,0.01661807580174927,0.01574344023323615,0.03323615160349854,0.016572042350774897,0.016595043114586244,0.0008746355685131206,1.3434402332361517,1.2291545189504374,1.114868804664723,2.4583090379008747,1.218528332992183,1.2238298929861475,0.11428571428571432,"[""TestBuddhistChronology"", ""BuddhistChronology"", ""Object""]","[0.01749271137026239, 0.01574344023323615]","[1.114868804664723, 1.3434402332361517]"
org.joda.time.chrono.TestBuddhistChronology.testFactory_Zone,0.01749271137026239,0.01661807580174927,0.01574344023323615,0.03323615160349854,0.016572042350774897,0.016595043114586244,0.0008746355685131206,1.3434402332361517,1.2291545189504374,1.114868804664723,2.4583090379008747,1.218528332992183,1.2238298929861475,0.11428571428571432,"[""TestBuddhistChronology"", ""BuddhistChronology"", ""Object""]","[0.01749271137026239, 0.01574344023323615]","[1.114868804664723, 1.3434402332361517]"
org.joda.time.chrono.TestBuddhistChronology.testWithZone,0.01749271137026239,0.01661807580174927,0.01574344023323615,0.03323615160349854,0.016572042350774897,0.016595043114586244,0.0008746355685131206,1.3434402332361517,1.2291545189504374,1.114868804664723,2.4583090379008747,1.218528332992183,1.2238298929861475,0.11428571428571432,"[""TestBuddhistChronology"", ""BuddhistChronology""]","[0.01749271137026239, 0.01574344023323615]","[1.114868804664723, 1.3434402332361517]"
org.joda.time.chrono.TestBuddhistChronology.testFactory,0.01749271137026239,0.01661807580174927,0.01574344023323615,0.03323615160349854,0.016572042350774897,0.016595043114586244,0.0008746355685131206,1.3434402332361517,1.2291545189504374,1.114868804664723,2.4583090379008747,1.218528332992183,1.2238298929861475,0.11428571428571432,"[""TestBuddhistChronology"", ""BuddhistChronology"", ""Object""]","[0.01749271137026239, 0.01574344023323615]","[1.114868804664723, 1.3434402332361517]"
org.joda.time.TestDateTime_Constructors.testTest,0.018658892128279883,0.016482034619998254,0.01430517711171662,0.03296406923999651,0.016194527117398272,0.016337648441665603,0.002176857508281631,2.1859673024523163,1.5746163042873826,0.963265306122449,3.1492326085747653,1.3372568650769479,1.4510914729162991,0.6113509981649337,"[""TestDateTime_Constructors"", ""Instant""]","[0.018658892128279883, 0.01430517711171662]","[0.963265306122449, 2.1859673024523163]"
org.joda.time.convert.TestLongConverter.testGetInstantMillis_Object_Chronology,0.018060200668896322,0.016344319175875897,0.014628437682855471,0.03268863835175179,0.016164180176728372,0.016254000123809963,0.0017158814930204255,0.47558528428093644,0.36652289374959635,0.2574605032182563,0.7330457874991927,0.3340703369482284,0.34992060044268236,0.10906239053134006,"[""LongConverter"", ""Long"", ""TestLongConverter""]","[0.018060200668896322, 0.014628437682855471]","[0.47558528428093644, 0.2574605032182563]"
org.joda.time.convert.TestLongConverter.testToString,0.018060200668896322,0.016344319175875897,0.014628437682855471,0.03268863835175179,0.016164180176728372,0.016254000123809963,0.0017158814930204255,0.47558528428093644,0.36652289374959635,0.2574605032182563,0.7330457874991927,0.3340703369482284,0.34992060044268236,0.10906239053134006,"[""LongConverter"", ""TestLongConverter""]","[0.018060200668896322, 0.014628437682855471]","[0.47558528428093644, 0.2574605032182563]"
org.joda.time.convert.TestLongConverter.testGetChronology_Object_Zone,0.018060200668896322,0.016344319175875897,0.014628437682855471,0.03268863835175179,0.016164180176728372,0.016254000123809963,0.0017158814930204255,0.47558528428093644,0.36652289374959635,0.2574605032182563,0.7330457874991927,0.3340703369482284,0.34992060044268236,0.10906239053134006,"[""LongConverter"", ""Long"", ""TestLongConverter""]","[0.018060200668896322, 0.014628437682855471]","[0.47558528428093644, 0.2574605032182563]"
org.joda.time.convert.TestLongConverter.testSupportedType,0.018060200668896322,0.016344319175875897,0.014628437682855471,0.03268863835175179,0.016164180176728372,0.016254000123809963,0.0017158814930204255,0.47558528428093644,0.36652289374959635,0.2574605032182563,0.7330457874991927,0.3340703369482284,0.34992060044268236,0.10906239053134006,"[""LongConverter"", ""TestLongConverter""]","[0.018060200668896322, 0.014628437682855471]","[0.47558528428093644, 0.2574605032182563]"
org.joda.time.convert.TestLongConverter.testGetChronology_Object_Chronology,0.018060200668896322,0.016344319175875897,0.014628437682855471,0.03268863835175179,0.016164180176728372,0.016254000123809963,0.0017158814930204255,0.47558528428093644,0.36652289374959635,0.2574605032182563,0.7330457874991927,0.3340703369482284,0.34992060044268236,0.10906239053134006,"[""LongConverter"", ""Long"", ""TestLongConverter""]","[0.018060200668896322, 0.014628437682855471]","[0.47558528428093644, 0.2574605032182563]"
org.joda.time.convert.TestLongConverter.testGetDurationMillis_Object,0.018060200668896322,0.016344319175875897,0.014628437682855471,0.03268863835175179,0.016164180176728372,0.016254000123809963,0.0017158814930204255,0.47558528428093644,0.36652289374959635,0.2574605032182563,0.7330457874991927,0.3340703369482284,0.34992060044268236,0.10906239053134006,"[""LongConverter"", ""Long"", ""TestLongConverter""]","[0.018060200668896322, 0.014628437682855471]","[0.47558528428093644, 0.2574605032182563]"
org.joda.time.TestChronology.testTest,0.018658892128279883,0.016300786110615542,0.013942680092951201,0.032601572221231084,0.015959657532348785,0.016129320005303757,0.002358106017664341,1.2765298218435321,1.1198975639829905,0.963265306122449,2.239795127965981,1.0979905030235617,1.1088899357522122,0.15663225786054158,"[""TestChronology"", ""Instant""]","[0.018658892128279883, 0.013942680092951201]","[0.963265306122449, 1.2765298218435321]"
org.joda.time.chrono.TestISOChronology.testFactory_Zone,0.016628873771730914,0.016186157002483534,0.01574344023323615,0.03237231400496707,0.01617404800479231,0.016180101370859006,0.00044271676924738206,1.7513227513227514,1.2260986934456324,0.7008746355685131,2.4521973868912648,1.001108394991212,1.1079068982076874,0.5252240578771191,"[""TestISOChronology"", ""Object"", ""ISOChronology""]","[0.016628873771730914, 0.01574344023323615]","[1.7513227513227514, 0.7008746355685131]"
org.joda.time.chrono.TestISOChronology.testEquality,0.016628873771730914,0.016186157002483534,0.01574344023323615,0.03237231400496707,0.01617404800479231,0.016180101370859006,0.00044271676924738206,1.7513227513227514,1.2260986934456324,0.7008746355685131,2.4521973868912648,1.001108394991212,1.1079068982076874,0.5252240578771191,"[""TestISOChronology"", ""ISOChronology""]","[0.016628873771730914, 0.01574344023323615]","[1.7513227513227514, 0.7008746355685131]"
org.joda.time.chrono.TestISOChronology.testFactoryUTC,0.016628873771730914,0.016186157002483534,0.01574344023323615,0.03237231400496707,0.01617404800479231,0.016180101370859006,0.00044271676924738206,1.7513227513227514,1.2260986934456324,0.7008746355685131,2.4521973868912648,1.001108394991212,1.1079068982076874,0.5252240578771191,"[""TestISOChronology"", ""Object"", ""ISOChronology""]","[0.016628873771730914, 0.01574344023323615]","[1.7513227513227514, 0.7008746355685131]"
org.joda.time.chrono.TestISOChronology.testFactory,0.016628873771730914,0.016186157002483534,0.01574344023323615,0.03237231400496707,0.01617404800479231,0.016180101370859006,0.00044271676924738206,1.7513227513227514,1.2260986934456324,0.7008746355685131,2.4521973868912648,1.001108394991212,1.1079068982076874,0.5252240578771191,"[""TestISOChronology"", ""Object"", ""ISOChronology""]","[0.016628873771730914, 0.01574344023323615]","[1.7513227513227514, 0.7008746355685131]"
org.joda.time.chrono.TestISOChronology.testWithUTC,0.016628873771730914,0.016186157002483534,0.01574344023323615,0.03237231400496707,0.01617404800479231,0.016180101370859006,0.00044271676924738206,1.7513227513227514,1.2260986934456324,0.7008746355685131,2.4521973868912648,1.001108394991212,1.1079068982076874,0.5252240578771191,"[""TestISOChronology"", ""ISOChronology""]","[0.016628873771730914, 0.01574344023323615]","[1.7513227513227514, 0.7008746355685131]"
org.joda.time.chrono.TestISOChronology.testWithZone,0.016628873771730914,0.016186157002483534,0.01574344023323615,0.03237231400496707,0.01617404800479231,0.016180101370859006,0.00044271676924738206,1.7513227513227514,1.2260986934456324,0.7008746355685131,2.4521973868912648,1.001108394991212,1.1079068982076874,0.5252240578771191,"[""TestISOChronology"", ""ISOChronology""]","[0.016628873771730914, 0.01574344023323615]","[1.7513227513227514, 0.7008746355685131]"
org.joda.time.chrono.TestISOChronology.testToString,0.016628873771730914,0.016186157002483534,0.01574344023323615,0.03237231400496707,0.01617404800479231,0.016180101370859006,0.00044271676924738206,1.7513227513227514,1.2260986934456324,0.7008746355685131,2.4521973868912648,1.001108394991212,1.1079068982076874,0.5252240578771191,"[""TestISOChronology"", ""ISOChronology""]","[0.016628873771730914, 0.01574344023323615]","[1.7513227513227514, 0.7008746355685131]"
org.joda.time.TestMutableDateTime_Properties.testTest,0.018658892128279883,0.016081400577288484,0.013503909026297086,0.03216280115457697,0.015668285894677163,0.01587349935684575,0.0025774915509913987,2.397299218194741,1.6802822621585949,0.963265306122449,3.3605645243171898,1.3743138383874136,1.519616782376881,0.7170169560361459,"[""TestMutableDateTime_Properties"", ""Instant""]","[0.018658892128279883, 0.013503909026297086]","[0.963265306122449, 2.397299218194741]"
org.joda.time.TestInstant_Constructors.testConstructor_invalidObject,0.018658892128279883,0.015800835709916507,0.012942779291553134,0.03160167141983301,0.015283870237930647,0.015540203429853319,0.0028580564183633746,0.963265306122449,0.7680767947505978,0.5728882833787466,1.5361535895011955,0.7184742612123592,0.7428616342649502,0.19518851137185117,"[""Instant"", ""Object"", ""TestInstant_Constructors""]","[0.018658892128279883, 0.012942779291553134]","[0.963265306122449, 0.5728882833787466]"
org.joda.time.TestMutableInterval_Updates.testTest,0.018658892128279883,0.01573487183655893,0.01281085154483798,0.03146974367311786,0.015191499462433153,0.015460798719553252,0.0029240202917209515,1.330821401657875,1.147043353890162,0.963265306122449,2.294086707780324,1.1175986334907393,1.132225280084436,0.183778047767713,"[""TestMutableInterval_Updates"", ""Instant""]","[0.018658892128279883, 0.01281085154483798]","[0.963265306122449, 1.330821401657875]"
org.joda.time.format.TestPeriodFormat.test_wordBased_ja_cached,0.018947368421052633,0.015732888923339277,0.012518409425625921,0.031465777846678554,0.015076119623589694,0.0154010037151126,0.003214479497713356,1.2178947368421054,0.8294922874195799,0.4410898379970545,1.6589845748391598,0.6476262652692014,0.7329399649160562,0.38840244942252544,"[""PeriodFormat"", ""TestPeriodFormat""]","[0.018947368421052633, 0.012518409425625921]","[1.2178947368421054, 0.4410898379970545]"
org.joda.time.format.TestPeriodFormat.test_wordBased_es_cached,0.018947368421052633,0.015732888923339277,0.012518409425625921,0.031465777846678554,0.015076119623589694,0.0154010037151126,0.003214479497713356,1.2178947368421054,0.8294922874195799,0.4410898379970545,1.6589845748391598,0.6476262652692014,0.7329399649160562,0.38840244942252544,"[""PeriodFormat"", ""TestPeriodFormat""]","[0.018947368421052633, 0.012518409425625921]","[1.2178947368421054, 0.4410898379970545]"
org.joda.time.format.TestPeriodFormat.test_wordBased_nl_cached,0.018947368421052633,0.015732888923339277,0.012518409425625921,0.031465777846678554,0.015076119623589694,0.0154010037151126,0.003214479497713356,1.2178947368421054,0.8294922874195799,0.4410898379970545,1.6589845748391598,0.6476262652692014,0.7329399649160562,0.38840244942252544,"[""PeriodFormat"", ""TestPeriodFormat""]","[0.018947368421052633, 0.012518409425625921]","[1.2178947368421054, 0.4410898379970545]"
org.joda.time.format.TestPeriodFormat.testSubclassableConstructor,0.018947368421052633,0.015732888923339277,0.012518409425625921,0.031465777846678554,0.015076119623589694,0.0154010037151126,0.003214479497713356,1.2178947368421054,0.8294922874195799,0.4410898379970545,1.6589845748391598,0.6476262652692014,0.7329399649160562,0.38840244942252544,"[""PeriodFormat"", ""TestPeriodFormat"", ""TestPeriodFormat$1""]","[0.018947368421052633, 0.012518409425625921]","[1.2178947368421054, 0.4410898379970545]"
org.joda.time.format.TestPeriodFormat.test_wordBased_da_cached,0.018947368421052633,0.015732888923339277,0.012518409425625921,0.031465777846678554,0.015076119623589694,0.0154010037151126,0.003214479497713356,1.2178947368421054,0.8294922874195799,0.4410898379970545,1.6589845748391598,0.6476262652692014,0.7329399649160562,0.38840244942252544,"[""PeriodFormat"", ""TestPeriodFormat""]","[0.018947368421052633, 0.012518409425625921]","[1.2178947368421054, 0.4410898379970545]"
org.joda.time.format.TestPeriodFormat.test_getDefault_cached,0.018947368421052633,0.015732888923339277,0.012518409425625921,0.031465777846678554,0.015076119623589694,0.0154010037151126,0.003214479497713356,1.2178947368421054,0.8294922874195799,0.4410898379970545,1.6589845748391598,0.6476262652692014,0.7329399649160562,0.38840244942252544,"[""PeriodFormat"", ""TestPeriodFormat""]","[0.018947368421052633, 0.012518409425625921]","[1.2178947368421054, 0.4410898379970545]"
org.joda.time.format.TestPeriodFormat.test_wordBased_de_cached,0.018947368421052633,0.015732888923339277,0.012518409425625921,0.031465777846678554,0.015076119623589694,0.0154010037151126,0.003214479497713356,1.2178947368421054,0.8294922874195799,0.4410898379970545,1.6589845748391598,0.6476262652692014,0.7329399649160562,0.38840244942252544,"[""PeriodFormat"", ""TestPeriodFormat""]","[0.018947368421052633, 0.012518409425625921]","[1.2178947368421054, 0.4410898379970545]"
org.joda.time.format.TestPeriodFormat.test_wordBased_pt_cached,0.018947368421052633,0.015732888923339277,0.012518409425625921,0.031465777846678554,0.015076119623589694,0.0154010037151126,0.003214479497713356,1.2178947368421054,0.8294922874195799,0.4410898379970545,1.6589845748391598,0.6476262652692014,0.7329399649160562,0.38840244942252544,"[""PeriodFormat"", ""TestPeriodFormat""]","[0.018947368421052633, 0.012518409425625921]","[1.2178947368421054, 0.4410898379970545]"
org.joda.time.format.TestPeriodFormat.test_wordBased_fr_cached,0.018947368421052633,0.015732888923339277,0.012518409425625921,0.031465777846678554,0.015076119623589694,0.0154010037151126,0.003214479497713356,1.2178947368421054,0.8294922874195799,0.4410898379970545,1.6589845748391598,0.6476262652692014,0.7329399649160562,0.38840244942252544,"[""PeriodFormat"", ""TestPeriodFormat""]","[0.018947368421052633, 0.012518409425625921]","[1.2178947368421054, 0.4410898379970545]"
org.joda.time.convert.TestReadableDurationConverter.testSupportedType,0.019099590723055934,0.015693739188327265,0.012287887653598596,0.03138747837665453,0.014954602100765532,0.015319713608113735,0.003405851534728669,0.5163710777626194,0.41822064713174856,0.3200702165008777,0.8364412942634971,0.3951861386752814,0.40654028417153587,0.09815043063087084,"[""ReadableDurationConverter"", ""TestReadableDurationConverter""]","[0.019099590723055934, 0.012287887653598596]","[0.5163710777626194, 0.3200702165008777]"
org.joda.time.convert.TestReadableDurationConverter.testToString,0.019099590723055934,0.015693739188327265,0.012287887653598596,0.03138747837665453,0.014954602100765532,0.015319713608113735,0.003405851534728669,0.5163710777626194,0.41822064713174856,0.3200702165008777,0.8364412942634971,0.3951861386752814,0.40654028417153587,0.09815043063087084,"[""ReadableDurationConverter"", ""TestReadableDurationConverter""]","[0.019099590723055934, 0.012287887653598596]","[0.5163710777626194, 0.3200702165008777]"
org.joda.time.TestMutableDateTime_Constructors.testTest,0.018658892128279883,0.015680892782559137,0.012702893436838392,0.031361785565118275,0.015115333140892749,0.015395516176958866,0.0029779993457207457,1.6414961185603387,1.3023807123413937,0.963265306122449,2.6047614246827875,1.2140814480438626,1.2574562660958974,0.33911540621894487,"[""TestMutableDateTime_Constructors"", ""Instant""]","[0.018658892128279883, 0.012702893436838392]","[0.963265306122449, 1.6414961185603387]"
org.joda.time.TestMutableInterval_Updates.testSetInterval_long_long1,0.01852958756724447,0.015670219556041226,0.01281085154483798,0.03134043911208245,0.015148466469286269,0.015407134565228027,0.002859368011203245,1.330821401657875,1.303187150320868,1.2755528989838614,2.606374300641736,1.3026011624627398,1.3028941234476683,0.02763425133700681,"[""MutableInterval"", ""TestMutableInterval_Updates""]","[0.01852958756724447, 0.01281085154483798]","[1.2755528989838614, 1.330821401657875]"
org.joda.time.TestMutableInterval_Updates.testSeDurationBeforeEnd_long2,0.01852958756724447,0.015670219556041226,0.01281085154483798,0.03134043911208245,0.015148466469286269,0.015407134565228027,0.002859368011203245,1.330821401657875,1.303187150320868,1.2755528989838614,2.606374300641736,1.3026011624627398,1.3028941234476683,0.02763425133700681,"[""MutableInterval"", ""TestMutableInterval_Updates""]","[0.01852958756724447, 0.01281085154483798]","[1.2755528989838614, 1.330821401657875]"
org.joda.time.TestMutableInterval_Updates.testSetEnd_RI3,0.01852958756724447,0.015670219556041226,0.01281085154483798,0.03134043911208245,0.015148466469286269,0.015407134565228027,0.002859368011203245,1.330821401657875,1.303187150320868,1.2755528989838614,2.606374300641736,1.3026011624627398,1.3028941234476683,0.02763425133700681,"[""MutableInterval"", ""TestMutableInterval_Updates""]","[0.01852958756724447, 0.01281085154483798]","[1.2755528989838614, 1.330821401657875]"
org.joda.time.TestMutableInterval_Updates.testSetPeriodAfterStart_RI3,0.01852958756724447,0.015670219556041226,0.01281085154483798,0.03134043911208245,0.015148466469286269,0.015407134565228027,0.002859368011203245,1.330821401657875,1.303187150320868,1.2755528989838614,2.606374300641736,1.3026011624627398,1.3028941234476683,0.02763425133700681,"[""MutableInterval"", ""TestMutableInterval_Updates""]","[0.01852958756724447, 0.01281085154483798]","[1.2755528989838614, 1.330821401657875]"
org.joda.time.TestMutableInterval_Updates.testSetStartMillis_long1,0.01852958756724447,0.015670219556041226,0.01281085154483798,0.03134043911208245,0.015148466469286269,0.015407134565228027,0.002859368011203245,1.330821401657875,1.303187150320868,1.2755528989838614,2.606374300641736,1.3026011624627398,1.3028941234476683,0.02763425133700681,"[""MutableInterval"", ""TestMutableInterval_Updates""]","[0.01852958756724447, 0.01281085154483798]","[1.2755528989838614, 1.330821401657875]"
org.joda.time.TestMutableInterval_Updates.testSetStart_RI3,0.01852958756724447,0.015670219556041226,0.01281085154483798,0.03134043911208245,0.015148466469286269,0.015407134565228027,0.002859368011203245,1.330821401657875,1.303187150320868,1.2755528989838614,2.606374300641736,1.3026011624627398,1.3028941234476683,0.02763425133700681,"[""MutableInterval"", ""TestMutableInterval_Updates""]","[0.01852958756724447, 0.01281085154483798]","[1.2755528989838614, 1.330821401657875]"
org.joda.time.TestMutableInterval_Updates.testSetDurationAfterStart_long1,0.01852958756724447,0.015670219556041226,0.01281085154483798,0.03134043911208245,0.015148466469286269,0.015407134565228027,0.002859368011203245,1.330821401657875,1.303187150320868,1.2755528989838614,2.606374300641736,1.3026011624627398,1.3028941234476683,0.02763425133700681,"[""MutableInterval"", ""TestMutableInterval_Updates""]","[0.01852958756724447, 0.01281085154483798]","[1.2755528989838614, 1.330821401657875]"
org.joda.time.TestMutableInterval_Updates.testSeDurationAfterStart_long2,0.01852958756724447,0.015670219556041226,0.01281085154483798,0.03134043911208245,0.015148466469286269,0.015407134565228027,0.002859368011203245,1.330821401657875,1.303187150320868,1.2755528989838614,2.606374300641736,1.3026011624627398,1.3028941234476683,0.02763425133700681,"[""MutableInterval"", ""TestMutableInterval_Updates""]","[0.01852958756724447, 0.01281085154483798]","[1.2755528989838614, 1.330821401657875]"
org.joda.time.TestMutableInterval_Updates.testSetInterval_RInterval3,0.01852958756724447,0.015670219556041226,0.01281085154483798,0.03134043911208245,0.015148466469286269,0.015407134565228027,0.002859368011203245,1.330821401657875,1.303187150320868,1.2755528989838614,2.606374300641736,1.3026011624627398,1.3028941234476683,0.02763425133700681,"[""MutableInterval"", ""TestMutableInterval_Updates""]","[0.01852958756724447, 0.01281085154483798]","[1.2755528989838614, 1.330821401657875]"
org.joda.time.TestMutableInterval_Updates.testSetDurationBeforeEnd_RI3,0.01852958756724447,0.015670219556041226,0.01281085154483798,0.03134043911208245,0.015148466469286269,0.015407134565228027,0.002859368011203245,1.330821401657875,1.303187150320868,1.2755528989838614,2.606374300641736,1.3026011624627398,1.3028941234476683,0.02763425133700681,"[""MutableInterval"", ""TestMutableInterval_Updates""]","[0.01852958756724447, 0.01281085154483798]","[1.2755528989838614, 1.330821401657875]"
org.joda.time.TestMutableInterval_Updates.testSetEndMillis_long2,0.01852958756724447,0.015670219556041226,0.01281085154483798,0.03134043911208245,0.015148466469286269,0.015407134565228027,0.002859368011203245,1.330821401657875,1.303187150320868,1.2755528989838614,2.606374300641736,1.3026011624627398,1.3028941234476683,0.02763425133700681,"[""MutableInterval"", ""TestMutableInterval_Updates""]","[0.01852958756724447, 0.01281085154483798]","[1.2755528989838614, 1.330821401657875]"
org.joda.time.TestMutableInterval_Updates.testSetDurationBeforeEnd_long1,0.01852958756724447,0.015670219556041226,0.01281085154483798,0.03134043911208245,0.015148466469286269,0.015407134565228027,0.002859368011203245,1.330821401657875,1.303187150320868,1.2755528989838614,2.606374300641736,1.3026011624627398,1.3028941234476683,0.02763425133700681,"[""MutableInterval"", ""TestMutableInterval_Updates""]","[0.01852958756724447, 0.01281085154483798]","[1.2755528989838614, 1.330821401657875]"
org.joda.time.TestMutableInterval_Updates.testSetInterval_RI_RI5,0.01852958756724447,0.015670219556041226,0.01281085154483798,0.03134043911208245,0.015148466469286269,0.015407134565228027,0.002859368011203245,1.330821401657875,1.303187150320868,1.2755528989838614,2.606374300641736,1.3026011624627398,1.3028941234476683,0.02763425133700681,"[""MutableInterval"", ""TestMutableInterval_Updates""]","[0.01852958756724447, 0.01281085154483798]","[1.2755528989838614, 1.330821401657875]"
org.joda.time.TestMutableInterval_Updates.testSetInterval_long_long2,0.01852958756724447,0.015670219556041226,0.01281085154483798,0.03134043911208245,0.015148466469286269,0.015407134565228027,0.002859368011203245,1.330821401657875,1.303187150320868,1.2755528989838614,2.606374300641736,1.3026011624627398,1.3028941234476683,0.02763425133700681,"[""MutableInterval"", ""TestMutableInterval_Updates""]","[0.01852958756724447, 0.01281085154483798]","[1.2755528989838614, 1.330821401657875]"
org.joda.time.TestMutableInterval_Updates.testSetPeriodBeforeEnd_RI3,0.01852958756724447,0.015670219556041226,0.01281085154483798,0.03134043911208245,0.015148466469286269,0.015407134565228027,0.002859368011203245,1.330821401657875,1.303187150320868,1.2755528989838614,2.606374300641736,1.3026011624627398,1.3028941234476683,0.02763425133700681,"[""MutableInterval"", ""TestMutableInterval_Updates""]","[0.01852958756724447, 0.01281085154483798]","[1.2755528989838614, 1.330821401657875]"
org.joda.time.TestMutableInterval_Updates.testSetEndMillis_long1,0.01852958756724447,0.015670219556041226,0.01281085154483798,0.03134043911208245,0.015148466469286269,0.015407134565228027,0.002859368011203245,1.330821401657875,1.303187150320868,1.2755528989838614,2.606374300641736,1.3026011624627398,1.3028941234476683,0.02763425133700681,"[""MutableInterval"", ""TestMutableInterval_Updates""]","[0.01852958756724447, 0.01281085154483798]","[1.2755528989838614, 1.330821401657875]"
org.joda.time.TestMutableInterval_Updates.testSetDurationAfterStart_RI3,0.01852958756724447,0.015670219556041226,0.01281085154483798,0.03134043911208245,0.015148466469286269,0.015407134565228027,0.002859368011203245,1.330821401657875,1.303187150320868,1.2755528989838614,2.606374300641736,1.3026011624627398,1.3028941234476683,0.02763425133700681,"[""MutableInterval"", ""TestMutableInterval_Updates""]","[0.01852958756724447, 0.01281085154483798]","[1.2755528989838614, 1.330821401657875]"
org.joda.time.TestMutableInterval_Updates.testSetStartMillis_long2,0.01852958756724447,0.015670219556041226,0.01281085154483798,0.03134043911208245,0.015148466469286269,0.015407134565228027,0.002859368011203245,1.330821401657875,1.303187150320868,1.2755528989838614,2.606374300641736,1.3026011624627398,1.3028941234476683,0.02763425133700681,"[""MutableInterval"", ""TestMutableInterval_Updates""]","[0.01852958756724447, 0.01281085154483798]","[1.2755528989838614, 1.330821401657875]"
org.joda.time.TestDateMidnight_Constructors.testTest,0.018658892128279883,0.015207730988068019,0.011756569847856155,0.030415461976136038,0.014424542935553581,0.014810961096084737,0.003451161140211864,1.6887966804979253,1.3260309933101873,0.963265306122449,2.6520619866203745,1.2267882573072526,1.2754447269162272,0.36276568718773816,"[""TestDateMidnight_Constructors"", ""Instant""]","[0.018658892128279883, 0.011756569847856155]","[0.963265306122449, 1.6887966804979253]"
org.joda.time.tz.TestCompiler.testDateTimeZoneBuilder,0.018075801749271137,0.014741322927867508,0.011406844106463879,0.029482645855735016,0.01398706572416905,0.014359242760441194,0.0033344788214036292,3.7236151603498544,2.2311041581216955,0.7385931558935361,4.462208316243391,1.232679640977032,1.6583837531210364,1.4925110022281591,"[""Object"", ""TestCompiler$1"", ""DateTimeZoneBuilder"", ""Thread"", ""TestCompiler""]","[0.018075801749271137, 0.011406844106463879]","[3.7236151603498544, 0.7385931558935361]"
org.joda.time.tz.TestFixedDateTimeZone.testHashCode,0.018617021276595744,0.014556324049376589,0.010495626822157435,0.029112648098753177,0.013423533798540457,0.013978458708288049,0.004060697227219154,0.6888297872340425,0.4761933192729979,0.26355685131195333,0.9523866385459958,0.38124392440123295,0.4260819285223054,0.2126364679610446,"[""FixedDateTimeZone"", ""TestFixedDateTimeZone""]","[0.018617021276595744, 0.010495626822157435]","[0.6888297872340425, 0.26355685131195333]"
org.joda.time.tz.TestFixedDateTimeZone.testEquals,0.018617021276595744,0.014556324049376589,0.010495626822157435,0.029112648098753177,0.013423533798540457,0.013978458708288049,0.004060697227219154,0.6888297872340425,0.4761933192729979,0.26355685131195333,0.9523866385459958,0.38124392440123295,0.4260819285223054,0.2126364679610446,"[""FixedDateTimeZone"", ""TestFixedDateTimeZone""]","[0.018617021276595744, 0.010495626822157435]","[0.6888297872340425, 0.26355685131195333]"
org.joda.time.TestDateTimeComparator.testEqualsHashCode,0.014577259475218658,0.014285714285714285,0.013994169096209912,0.02857142857142857,0.014279764383887665,0.01428273902497479,0.00029154518950437296,3.033819241982507,1.9037900874635567,0.7737609329446065,3.8075801749271134,1.2330407761441922,1.5321392910116505,1.1300291545189505,"[""DateTimeComparator"", ""TestDateTimeComparator""]","[0.014577259475218658, 0.013994169096209912]","[3.033819241982507, 0.7737609329446065]"
org.joda.time.TestDateTimeComparator.testStaticGetInstance,0.014577259475218658,0.014285714285714285,0.013994169096209912,0.02857142857142857,0.014279764383887665,0.01428273902497479,0.00029154518950437296,3.033819241982507,1.9037900874635567,0.7737609329446065,3.8075801749271134,1.2330407761441922,1.5321392910116505,1.1300291545189505,"[""DateTimeComparator"", ""TestDateTimeComparator""]","[0.014577259475218658, 0.013994169096209912]","[3.033819241982507, 0.7737609329446065]"
org.joda.time.format.TestISOPeriodFormat.testSubclassableConstructor,0.015772870662460567,0.014145640044043244,0.012518409425625921,0.028291280088086488,0.013958453074965104,0.014051734866916776,0.001627230618417323,0.8801261829652997,0.742345860260264,0.6045655375552282,1.484691720520528,0.7167736595638821,0.7294477081469566,0.1377803227050357,"[""TestISOPeriodFormat"", ""ISOPeriodFormat"", ""TestISOPeriodFormat$1""]","[0.015772870662460567, 0.012518409425625921]","[0.8801261829652997, 0.6045655375552282]"
org.joda.time.convert.TestCalendarConverter.testToString,0.015006821282401092,0.013062216960685626,0.011117612638970159,0.026124433921371253,0.012772718939069854,0.012916656918877613,0.0019446043217154667,0.6664392905866303,0.5078831912266095,0.34932709186658867,1.015766382453219,0.45838354824069366,0.4824990148034087,0.15855609936002082,"[""CalendarConverter"", ""TestCalendarConverter""]","[0.015006821282401092, 0.011117612638970159]","[0.6664392905866303, 0.34932709186658867]"
org.joda.time.convert.TestCalendarConverter.testSupportedType,0.015006821282401092,0.013062216960685626,0.011117612638970159,0.026124433921371253,0.012772718939069854,0.012916656918877613,0.0019446043217154667,0.6664392905866303,0.5078831912266095,0.34932709186658867,1.015766382453219,0.45838354824069366,0.4824990148034087,0.15855609936002082,"[""CalendarConverter"", ""TestCalendarConverter""]","[0.015006821282401092, 0.011117612638970159]","[0.6664392905866303, 0.34932709186658867]"
org.joda.time.field.TestMillisDurationField.testSerialization,0.014026402640264026,0.00867947155075868,0.006006006006006006,0.026038414652276038,0.0074203404626800515,0.007968427188375647,0.003780851231926405,0.83003300330033,0.32973072081982974,0.07507507507507508,0.9891921624594892,0.11356053395705083,0.17368739888791998,0.3537862546342823,"[""ByteArrayOutputStream"", ""ObjectInputStream"", ""TestMillisDurationField"", ""ObjectOutputStream"", ""ByteArrayInputStream""]","[0.014026402640264026, 0.006006006006006006, 0.006006006006006006]","[0.83003300330033, 0.08408408408408409, 0.07507507507507508]"
org.joda.time.convert.TestDateConverter.testGetChronology_Object_Chronology,0.01432469304229195,0.008317557245956689,0.00243605359317905,0.024952671737870066,0.004980237154150197,0.006587481046094534,0.004854329652614048,0.4597544338335607,0.22854297168915558,0.04506699147381242,0.6856289150674667,0.10035120342260617,0.15531031598578043,0.17262758738387718,"[""TestDateConverter"", ""DateConverter"", ""Date""]","[0.01432469304229195, 0.008191925102399064, 0.00243605359317905]","[0.4597544338335607, 0.18080748976009361, 0.04506699147381242]"
org.joda.time.convert.TestDateConverter.testGetChronology_Object_Zone,0.01432469304229195,0.008317557245956689,0.00243605359317905,0.024952671737870066,0.004980237154150197,0.006587481046094534,0.004854329652614048,0.4597544338335607,0.22854297168915558,0.04506699147381242,0.6856289150674667,0.10035120342260617,0.15531031598578043,0.17262758738387718,"[""TestDateConverter"", ""DateConverter"", ""Date""]","[0.01432469304229195, 0.008191925102399064, 0.00243605359317905]","[0.4597544338335607, 0.18080748976009361, 0.04506699147381242]"
org.joda.time.convert.TestDateConverter.testGetInstantMillis_Object_Chronology,0.01432469304229195,0.008317557245956689,0.00243605359317905,0.024952671737870066,0.004980237154150197,0.006587481046094534,0.004854329652614048,0.4597544338335607,0.22854297168915558,0.04506699147381242,0.6856289150674667,0.10035120342260617,0.15531031598578043,0.17262758738387718,"[""TestDateConverter"", ""DateConverter"", ""Date""]","[0.01432469304229195, 0.008191925102399064, 0.00243605359317905]","[0.4597544338335607, 0.18080748976009361, 0.04506699147381242]"
org.joda.time.field.TestScaledDurationField.testSerialization,0.012396694214876033,0.008136235408962682,0.006006006006006006,0.024408706226888045,0.007252215954875101,0.007647024313498183,0.0030125993126272716,1.0710743801652893,0.4100778464414829,0.07507507507507508,1.2302335393244486,0.11473811413305776,0.18909341334299212,0.4674096017819892,"[""TestScaledDurationField"", ""ByteArrayOutputStream"", ""ObjectInputStream"", ""ObjectOutputStream"", ""ByteArrayInputStream""]","[0.012396694214876033, 0.006006006006006006, 0.006006006006006006]","[1.0710743801652893, 0.08408408408408409, 0.07507507507507508]"
org.joda.time.field.TestPreciseDurationField.testSerialization,0.012396694214876033,0.008136235408962682,0.006006006006006006,0.024408706226888045,0.007252215954875101,0.007647024313498183,0.0030125993126272716,1.0148760330578512,0.3913450640723368,0.07507507507507508,1.1740351922170105,0.11451168766994915,0.18572663482251098,0.44091831633825485,"[""ByteArrayOutputStream"", ""ObjectInputStream"", ""TestPreciseDurationField"", ""ObjectOutputStream"", ""ByteArrayInputStream""]","[0.012396694214876033, 0.006006006006006006, 0.006006006006006006]","[1.0148760330578512, 0.08408408408408409, 0.07507507507507508]"
org.joda.time.convert.TestStringConverter.testSingleton,0.024303073624017155,0.024303073624017155,0.024303073624017155,0.024303073624017155,0.024303073624017155,0.02430307362401716,0.0,2.1558255897069336,2.1558255897069336,2.1558255897069336,2.1558255897069336,2.1558255897069336,2.1558255897069336,0.0,"[""Constructor"", ""Modifier"", ""Field"", ""Class"", ""TestStringConverter""]",[0.024303073624017155],[2.1558255897069336]
org.joda.time.field.TestMillisDurationField.test_getMillis_long_long,0.014026402640264026,0.011986870132302874,0.00994733762434172,0.023973740264605747,0.011639849366655255,0.011812085451674673,0.0020395325079611533,0.83003300330033,0.759955062211897,0.689877121123464,1.519910124423794,0.7534929461324272,0.7567171061594249,0.07007794108843302,"[""TestMillisDurationField"", ""DurationField""]","[0.014026402640264026, 0.00994733762434172]","[0.83003300330033, 0.689877121123464]"
org.joda.time.field.TestMillisDurationField.test_getMillis_long,0.014026402640264026,0.011986870132302874,0.00994733762434172,0.023973740264605747,0.011639849366655255,0.011812085451674673,0.0020395325079611533,0.83003300330033,0.759955062211897,0.689877121123464,1.519910124423794,0.7534929461324272,0.7567171061594249,0.07007794108843302,"[""TestMillisDurationField"", ""DurationField""]","[0.014026402640264026, 0.00994733762434172]","[0.83003300330033, 0.689877121123464]"
org.joda.time.field.TestMillisDurationField.test_toString,0.014026402640264026,0.011986870132302874,0.00994733762434172,0.023973740264605747,0.011639849366655255,0.011812085451674673,0.0020395325079611533,0.83003300330033,0.759955062211897,0.689877121123464,1.519910124423794,0.7534929461324272,0.7567171061594249,0.07007794108843302,"[""TestMillisDurationField"", ""DurationField""]","[0.014026402640264026, 0.00994733762434172]","[0.83003300330033, 0.689877121123464]"
org.joda.time.field.TestMillisDurationField.test_getUnitMillis,0.014026402640264026,0.011986870132302874,0.00994733762434172,0.023973740264605747,0.011639849366655255,0.011812085451674673,0.0020395325079611533,0.83003300330033,0.759955062211897,0.689877121123464,1.519910124423794,0.7534929461324272,0.7567171061594249,0.07007794108843302,"[""TestMillisDurationField"", ""DurationField""]","[0.014026402640264026, 0.00994733762434172]","[0.83003300330033, 0.689877121123464]"
org.joda.time.field.TestMillisDurationField.test_getValueAsLong_long_long,0.014026402640264026,0.011986870132302874,0.00994733762434172,0.023973740264605747,0.011639849366655255,0.011812085451674673,0.0020395325079611533,0.83003300330033,0.759955062211897,0.689877121123464,1.519910124423794,0.7534929461324272,0.7567171061594249,0.07007794108843302,"[""TestMillisDurationField"", ""DurationField""]","[0.014026402640264026, 0.00994733762434172]","[0.83003300330033, 0.689877121123464]"
org.joda.time.field.TestMillisDurationField.test_getDifference_long_int,0.014026402640264026,0.011986870132302874,0.00994733762434172,0.023973740264605747,0.011639849366655255,0.011812085451674673,0.0020395325079611533,0.83003300330033,0.759955062211897,0.689877121123464,1.519910124423794,0.7534929461324272,0.7567171061594249,0.07007794108843302,"[""TestMillisDurationField"", ""DurationField""]","[0.014026402640264026, 0.00994733762434172]","[0.83003300330033, 0.689877121123464]"
org.joda.time.field.TestMillisDurationField.test_isPrecise,0.014026402640264026,0.011986870132302874,0.00994733762434172,0.023973740264605747,0.011639849366655255,0.011812085451674673,0.0020395325079611533,0.83003300330033,0.759955062211897,0.689877121123464,1.519910124423794,0.7534929461324272,0.7567171061594249,0.07007794108843302,"[""TestMillisDurationField"", ""DurationField""]","[0.014026402640264026, 0.00994733762434172]","[0.83003300330033, 0.689877121123464]"
org.joda.time.field.TestMillisDurationField.test_getName,0.014026402640264026,0.011986870132302874,0.00994733762434172,0.023973740264605747,0.011639849366655255,0.011812085451674673,0.0020395325079611533,0.83003300330033,0.759955062211897,0.689877121123464,1.519910124423794,0.7534929461324272,0.7567171061594249,0.07007794108843302,"[""TestMillisDurationField"", ""DurationField""]","[0.014026402640264026, 0.00994733762434172]","[0.83003300330033, 0.689877121123464]"
org.joda.time.field.TestMillisDurationField.test_getDifferenceAsLong_long_long,0.014026402640264026,0.011986870132302874,0.00994733762434172,0.023973740264605747,0.011639849366655255,0.011812085451674673,0.0020395325079611533,0.83003300330033,0.759955062211897,0.689877121123464,1.519910124423794,0.7534929461324272,0.7567171061594249,0.07007794108843302,"[""TestMillisDurationField"", ""DurationField""]","[0.014026402640264026, 0.00994733762434172]","[0.83003300330033, 0.689877121123464]"
org.joda.time.field.TestMillisDurationField.test_isSupported,0.014026402640264026,0.011986870132302874,0.00994733762434172,0.023973740264605747,0.011639849366655255,0.011812085451674673,0.0020395325079611533,0.83003300330033,0.759955062211897,0.689877121123464,1.519910124423794,0.7534929461324272,0.7567171061594249,0.07007794108843302,"[""TestMillisDurationField"", ""DurationField""]","[0.014026402640264026, 0.00994733762434172]","[0.83003300330033, 0.689877121123464]"
org.joda.time.field.TestMillisDurationField.test_getMillis_int,0.014026402640264026,0.011986870132302874,0.00994733762434172,0.023973740264605747,0.011639849366655255,0.011812085451674673,0.0020395325079611533,0.83003300330033,0.759955062211897,0.689877121123464,1.519910124423794,0.7534929461324272,0.7567171061594249,0.07007794108843302,"[""TestMillisDurationField"", ""DurationField""]","[0.014026402640264026, 0.00994733762434172]","[0.83003300330033, 0.689877121123464]"
org.joda.time.field.TestMillisDurationField.test_getMillis_int_long,0.014026402640264026,0.011986870132302874,0.00994733762434172,0.023973740264605747,0.011639849366655255,0.011812085451674673,0.0020395325079611533,0.83003300330033,0.759955062211897,0.689877121123464,1.519910124423794,0.7534929461324272,0.7567171061594249,0.07007794108843302,"[""TestMillisDurationField"", ""DurationField""]","[0.014026402640264026, 0.00994733762434172]","[0.83003300330033, 0.689877121123464]"
org.joda.time.field.TestMillisDurationField.test_getValueAsLong_long,0.014026402640264026,0.011986870132302874,0.00994733762434172,0.023973740264605747,0.011639849366655255,0.011812085451674673,0.0020395325079611533,0.83003300330033,0.759955062211897,0.689877121123464,1.519910124423794,0.7534929461324272,0.7567171061594249,0.07007794108843302,"[""TestMillisDurationField"", ""DurationField""]","[0.014026402640264026, 0.00994733762434172]","[0.83003300330033, 0.689877121123464]"
org.joda.time.field.TestMillisDurationField.test_getValue_long_long,0.014026402640264026,0.011986870132302874,0.00994733762434172,0.023973740264605747,0.011639849366655255,0.011812085451674673,0.0020395325079611533,0.83003300330033,0.759955062211897,0.689877121123464,1.519910124423794,0.7534929461324272,0.7567171061594249,0.07007794108843302,"[""TestMillisDurationField"", ""DurationField""]","[0.014026402640264026, 0.00994733762434172]","[0.83003300330033, 0.689877121123464]"
org.joda.time.field.TestMillisDurationField.test_add_long_int,0.014026402640264026,0.011986870132302874,0.00994733762434172,0.023973740264605747,0.011639849366655255,0.011812085451674673,0.0020395325079611533,0.83003300330033,0.759955062211897,0.689877121123464,1.519910124423794,0.7534929461324272,0.7567171061594249,0.07007794108843302,"[""TestMillisDurationField"", ""DurationField""]","[0.014026402640264026, 0.00994733762434172]","[0.83003300330033, 0.689877121123464]"
org.joda.time.field.TestMillisDurationField.test_getValue_long,0.014026402640264026,0.011986870132302874,0.00994733762434172,0.023973740264605747,0.011639849366655255,0.011812085451674673,0.0020395325079611533,0.83003300330033,0.759955062211897,0.689877121123464,1.519910124423794,0.7534929461324272,0.7567171061594249,0.07007794108843302,"[""TestMillisDurationField"", ""DurationField""]","[0.014026402640264026, 0.00994733762434172]","[0.83003300330033, 0.689877121123464]"
org.joda.time.field.TestMillisDurationField.test_add_long_long,0.014026402640264026,0.011986870132302874,0.00994733762434172,0.023973740264605747,0.011639849366655255,0.011812085451674673,0.0020395325079611533,0.83003300330033,0.759955062211897,0.689877121123464,1.519910124423794,0.7534929461324272,0.7567171061594249,0.07007794108843302,"[""TestMillisDurationField"", ""DurationField""]","[0.014026402640264026, 0.00994733762434172]","[0.83003300330033, 0.689877121123464]"
org.joda.time.convert.TestReadableInstantConverter.testToString,0.015688949522510234,0.011940437312454649,0.008191925102399064,0.023880874624909298,0.01076365095017633,0.011336785233200959,0.0037485122100555848,0.5375170532060027,0.41094694088035655,0.28437682855471036,0.8218938817607131,0.37196382228162056,0.39096981326541896,0.1265701123256462,"[""TestReadableInstantConverter"", ""ReadableInstantConverter""]","[0.015688949522510234, 0.008191925102399064]","[0.5375170532060027, 0.28437682855471036]"
org.joda.time.convert.TestReadableInstantConverter.testSupportedType,0.015688949522510234,0.011940437312454649,0.008191925102399064,0.023880874624909298,0.01076365095017633,0.011336785233200959,0.0037485122100555848,0.5375170532060027,0.41094694088035655,0.28437682855471036,0.8218938817607131,0.37196382228162056,0.39096981326541896,0.1265701123256462,"[""TestReadableInstantConverter"", ""ReadableInstantConverter""]","[0.015688949522510234, 0.008191925102399064]","[0.5375170532060027, 0.28437682855471036]"
org.joda.time.tz.TestUTCProvider.testGetZone_String,0.009776536312849162,0.007935872838762745,0.006997084548104956,0.023807618516288237,0.007744552690617413,0.00783612676326212,0.0013016328624714006,0.28212290502793297,0.18409937991695416,0.12011661807580175,0.5522981397508625,0.1618659066587178,0.17196264924305735,0.07038271296276448,"[""Provider"", ""UTCProvider"", ""TestUTCProvider""]","[0.009776536312849162, 0.007033997655334115, 0.006997084548104956]","[0.28212290502793297, 0.15005861664712777, 0.12011661807580175]"
org.joda.time.tz.TestUTCProvider.testGetAvailableIDs,0.009776536312849162,0.007935872838762745,0.006997084548104956,0.023807618516288237,0.007744552690617413,0.00783612676326212,0.0013016328624714006,0.28212290502793297,0.18409937991695416,0.12011661807580175,0.5522981397508625,0.1618659066587178,0.17196264924305735,0.07038271296276448,"[""Provider"", ""UTCProvider"", ""TestUTCProvider"", ""Set"", ""Iterator""]","[0.009776536312849162, 0.007033997655334115, 0.006997084548104956]","[0.28212290502793297, 0.15005861664712777, 0.12011661807580175]"
org.joda.time.convert.TestDateConverter.testSupportedType,0.01432469304229195,0.011258309072345507,0.008191925102399064,0.022516618144691015,0.010423129420523638,0.010832673378133052,0.0030663839699464433,0.4597544338335607,0.32028096179682713,0.18080748976009361,0.6405619235936543,0.25954413469087645,0.2883176114765089,0.13947347203673352,"[""TestDateConverter"", ""DateConverter""]","[0.01432469304229195, 0.008191925102399064]","[0.4597544338335607, 0.18080748976009361]"
org.joda.time.convert.TestDateConverter.testToString,0.01432469304229195,0.011258309072345507,0.008191925102399064,0.022516618144691015,0.010423129420523638,0.010832673378133052,0.0030663839699464433,0.4597544338335607,0.32028096179682713,0.18080748976009361,0.6405619235936543,0.25954413469087645,0.2883176114765089,0.13947347203673352,"[""TestDateConverter"", ""DateConverter""]","[0.01432469304229195, 0.008191925102399064]","[0.4597544338335607, 0.18080748976009361]"
org.joda.time.convert.TestReadablePartialConverter.testSupportedType,0.013991769547325103,0.011111111111111112,0.00823045267489712,0.022222222222222223,0.010364273738759337,0.010731197374819177,0.0028806584362139915,0.5925925925925926,0.4580246913580247,0.3234567901234568,0.9160493827160494,0.4184885694319656,0.4378105730232395,0.13456790123456788,"[""ReadablePartialConverter"", ""TestReadablePartialConverter""]","[0.013991769547325103, 0.00823045267489712]","[0.5925925925925926, 0.3234567901234568]"
org.joda.time.convert.TestReadablePartialConverter.testToString,0.013991769547325103,0.011111111111111112,0.00823045267489712,0.022222222222222223,0.010364273738759337,0.010731197374819177,0.0028806584362139915,0.5925925925925926,0.4580246913580247,0.3234567901234568,0.9160493827160494,0.4184885694319656,0.4378105730232395,0.13456790123456788,"[""ReadablePartialConverter"", ""TestReadablePartialConverter""]","[0.013991769547325103, 0.00823045267489712]","[0.5925925925925926, 0.3234567901234568]"
org.joda.time.format.TestPeriodFormatter.testWithGetLocaleMethods,0.013371537726838587,0.011104031013640207,0.008836524300441826,0.022208062027280415,0.01064099315936154,0.010870046828670236,0.0022675067131983804,1.0589101620029455,1.0213366473816063,0.9837631327602674,2.0426732947632127,1.0199543715133905,1.0206452754427955,0.037573514621339066,"[""TestPeriodFormatter"", ""PeriodFormatter""]","[0.013371537726838587, 0.008836524300441826]","[0.9837631327602674, 1.0589101620029455]"
org.joda.time.field.TestPreciseDurationField.test_getMillis_long_long,0.012396694214876033,0.010879447165951767,0.009362200117027502,0.021758894331903533,0.010667851983553727,0.010773130094325716,0.001517247048924266,1.0148760330578512,0.7175023816547301,0.42012873025160913,1.4350047633094603,0.5942538868624454,0.6529767064232729,0.29737365140312105,"[""TestPreciseDurationField"", ""PreciseDurationField""]","[0.012396694214876033, 0.009362200117027502]","[1.0148760330578512, 0.42012873025160913]"
org.joda.time.field.TestPreciseDurationField.test_getUnitMillis,0.012396694214876033,0.010879447165951767,0.009362200117027502,0.021758894331903533,0.010667851983553727,0.010773130094325716,0.001517247048924266,1.0148760330578512,0.7175023816547301,0.42012873025160913,1.4350047633094603,0.5942538868624454,0.6529767064232729,0.29737365140312105,"[""TestPreciseDurationField"", ""PreciseDurationField""]","[0.012396694214876033, 0.009362200117027502]","[1.0148760330578512, 0.42012873025160913]"
org.joda.time.field.TestPreciseDurationField.test_getMillis_int_long,0.012396694214876033,0.010879447165951767,0.009362200117027502,0.021758894331903533,0.010667851983553727,0.010773130094325716,0.001517247048924266,1.0148760330578512,0.7175023816547301,0.42012873025160913,1.4350047633094603,0.5942538868624454,0.6529767064232729,0.29737365140312105,"[""TestPreciseDurationField"", ""PreciseDurationField""]","[0.012396694214876033, 0.009362200117027502]","[1.0148760330578512, 0.42012873025160913]"
org.joda.time.field.TestPreciseDurationField.test_isSupported,0.012396694214876033,0.010879447165951767,0.009362200117027502,0.021758894331903533,0.010667851983553727,0.010773130094325716,0.001517247048924266,1.0148760330578512,0.7175023816547301,0.42012873025160913,1.4350047633094603,0.5942538868624454,0.6529767064232729,0.29737365140312105,"[""TestPreciseDurationField"", ""PreciseDurationField""]","[0.012396694214876033, 0.009362200117027502]","[1.0148760330578512, 0.42012873025160913]"
org.joda.time.field.TestPreciseDurationField.test_add_long_int,0.012396694214876033,0.010879447165951767,0.009362200117027502,0.021758894331903533,0.010667851983553727,0.010773130094325716,0.001517247048924266,1.0148760330578512,0.7175023816547301,0.42012873025160913,1.4350047633094603,0.5942538868624454,0.6529767064232729,0.29737365140312105,"[""TestPreciseDurationField"", ""PreciseDurationField""]","[0.012396694214876033, 0.009362200117027502]","[1.0148760330578512, 0.42012873025160913]"
org.joda.time.field.TestPreciseDurationField.test_getName,0.012396694214876033,0.010879447165951767,0.009362200117027502,0.021758894331903533,0.010667851983553727,0.010773130094325716,0.001517247048924266,1.0148760330578512,0.7175023816547301,0.42012873025160913,1.4350047633094603,0.5942538868624454,0.6529767064232729,0.29737365140312105,"[""TestPreciseDurationField"", ""PreciseDurationField""]","[0.012396694214876033, 0.009362200117027502]","[1.0148760330578512, 0.42012873025160913]"
org.joda.time.field.TestPreciseDurationField.test_getValueAsLong_long_long,0.012396694214876033,0.010879447165951767,0.009362200117027502,0.021758894331903533,0.010667851983553727,0.010773130094325716,0.001517247048924266,1.0148760330578512,0.7175023816547301,0.42012873025160913,1.4350047633094603,0.5942538868624454,0.6529767064232729,0.29737365140312105,"[""TestPreciseDurationField"", ""PreciseDurationField""]","[0.012396694214876033, 0.009362200117027502]","[1.0148760330578512, 0.42012873025160913]"
org.joda.time.field.TestPreciseDurationField.test_constructor,0.012396694214876033,0.010879447165951767,0.009362200117027502,0.021758894331903533,0.010667851983553727,0.010773130094325716,0.001517247048924266,1.0148760330578512,0.7175023816547301,0.42012873025160913,1.4350047633094603,0.5942538868624454,0.6529767064232729,0.29737365140312105,"[""TestPreciseDurationField"", ""PreciseDurationField""]","[0.012396694214876033, 0.009362200117027502]","[1.0148760330578512, 0.42012873025160913]"
org.joda.time.field.TestPreciseDurationField.test_toString,0.012396694214876033,0.010879447165951767,0.009362200117027502,0.021758894331903533,0.010667851983553727,0.010773130094325716,0.001517247048924266,1.0148760330578512,0.7175023816547301,0.42012873025160913,1.4350047633094603,0.5942538868624454,0.6529767064232729,0.29737365140312105,"[""TestPreciseDurationField"", ""PreciseDurationField""]","[0.012396694214876033, 0.009362200117027502]","[1.0148760330578512, 0.42012873025160913]"
org.joda.time.field.TestPreciseDurationField.test_getValue_long_long,0.012396694214876033,0.010879447165951767,0.009362200117027502,0.021758894331903533,0.010667851983553727,0.010773130094325716,0.001517247048924266,1.0148760330578512,0.7175023816547301,0.42012873025160913,1.4350047633094603,0.5942538868624454,0.6529767064232729,0.29737365140312105,"[""TestPreciseDurationField"", ""PreciseDurationField""]","[0.012396694214876033, 0.009362200117027502]","[1.0148760330578512, 0.42012873025160913]"
org.joda.time.field.TestPreciseDurationField.test_getValueAsLong_long,0.012396694214876033,0.010879447165951767,0.009362200117027502,0.021758894331903533,0.010667851983553727,0.010773130094325716,0.001517247048924266,1.0148760330578512,0.7175023816547301,0.42012873025160913,1.4350047633094603,0.5942538868624454,0.6529767064232729,0.29737365140312105,"[""TestPreciseDurationField"", ""PreciseDurationField""]","[0.012396694214876033, 0.009362200117027502]","[1.0148760330578512, 0.42012873025160913]"
org.joda.time.field.TestPreciseDurationField.test_getValue_long,0.012396694214876033,0.010879447165951767,0.009362200117027502,0.021758894331903533,0.010667851983553727,0.010773130094325716,0.001517247048924266,1.0148760330578512,0.7175023816547301,0.42012873025160913,1.4350047633094603,0.5942538868624454,0.6529767064232729,0.29737365140312105,"[""TestPreciseDurationField"", ""PreciseDurationField""]","[0.012396694214876033, 0.009362200117027502]","[1.0148760330578512, 0.42012873025160913]"
org.joda.time.field.TestPreciseDurationField.test_getDifference_long_int,0.012396694214876033,0.010879447165951767,0.009362200117027502,0.021758894331903533,0.010667851983553727,0.010773130094325716,0.001517247048924266,1.0148760330578512,0.7175023816547301,0.42012873025160913,1.4350047633094603,0.5942538868624454,0.6529767064232729,0.29737365140312105,"[""TestPreciseDurationField"", ""PreciseDurationField""]","[0.012396694214876033, 0.009362200117027502]","[1.0148760330578512, 0.42012873025160913]"
org.joda.time.field.TestPreciseDurationField.test_getMillis_long,0.012396694214876033,0.010879447165951767,0.009362200117027502,0.021758894331903533,0.010667851983553727,0.010773130094325716,0.001517247048924266,1.0148760330578512,0.7175023816547301,0.42012873025160913,1.4350047633094603,0.5942538868624454,0.6529767064232729,0.29737365140312105,"[""TestPreciseDurationField"", ""PreciseDurationField""]","[0.012396694214876033, 0.009362200117027502]","[1.0148760330578512, 0.42012873025160913]"
org.joda.time.field.TestPreciseDurationField.test_getMillis_int,0.012396694214876033,0.010879447165951767,0.009362200117027502,0.021758894331903533,0.010667851983553727,0.010773130094325716,0.001517247048924266,1.0148760330578512,0.7175023816547301,0.42012873025160913,1.4350047633094603,0.5942538868624454,0.6529767064232729,0.29737365140312105,"[""TestPreciseDurationField"", ""PreciseDurationField""]","[0.012396694214876033, 0.009362200117027502]","[1.0148760330578512, 0.42012873025160913]"
org.joda.time.field.TestPreciseDurationField.test_isPrecise,0.012396694214876033,0.010879447165951767,0.009362200117027502,0.021758894331903533,0.010667851983553727,0.010773130094325716,0.001517247048924266,1.0148760330578512,0.7175023816547301,0.42012873025160913,1.4350047633094603,0.5942538868624454,0.6529767064232729,0.29737365140312105,"[""TestPreciseDurationField"", ""PreciseDurationField""]","[0.012396694214876033, 0.009362200117027502]","[1.0148760330578512, 0.42012873025160913]"
org.joda.time.field.TestPreciseDurationField.test_add_long_long,0.012396694214876033,0.010879447165951767,0.009362200117027502,0.021758894331903533,0.010667851983553727,0.010773130094325716,0.001517247048924266,1.0148760330578512,0.7175023816547301,0.42012873025160913,1.4350047633094603,0.5942538868624454,0.6529767064232729,0.29737365140312105,"[""TestPreciseDurationField"", ""PreciseDurationField""]","[0.012396694214876033, 0.009362200117027502]","[1.0148760330578512, 0.42012873025160913]"
org.joda.time.field.TestPreciseDurationField.test_getDifferenceAsLong_long_long,0.012396694214876033,0.010879447165951767,0.009362200117027502,0.021758894331903533,0.010667851983553727,0.010773130094325716,0.001517247048924266,1.0148760330578512,0.7175023816547301,0.42012873025160913,1.4350047633094603,0.5942538868624454,0.6529767064232729,0.29737365140312105,"[""TestPreciseDurationField"", ""PreciseDurationField""]","[0.012396694214876033, 0.009362200117027502]","[1.0148760330578512, 0.42012873025160913]"
org.joda.time.convert.TestConverterManager.testSingleton,0.021443888491779844,0.021443888491779844,0.021443888491779844,0.021443888491779844,0.021443888491779844,0.021443888491779844,0.0,3.695496783416726,3.695496783416726,3.695496783416726,3.695496783416726,3.6954967834167256,3.695496783416726,0.0,"[""TestConverterManager"", ""Constructor"", ""Modifier"", ""Field"", ""Class""]",[0.021443888491779844],[3.695496783416726]
org.joda.time.convert.TestReadablePeriodConverter.testToString,0.013950073421439061,0.010656921835903624,0.007363770250368188,0.021313843671807248,0.009639287707371519,0.010135340924273092,0.0032931515855354363,0.48164464023494863,0.36784735693632553,0.2540500736377025,0.7356947138726511,0.3326430216544258,0.3498025962151988,0.11379728329862307,"[""TestReadablePeriodConverter"", ""ReadablePeriodConverter""]","[0.013950073421439061, 0.007363770250368188]","[0.48164464023494863, 0.2540500736377025]"
org.joda.time.convert.TestReadablePeriodConverter.testSupportedType,0.013950073421439061,0.010656921835903624,0.007363770250368188,0.021313843671807248,0.009639287707371519,0.010135340924273092,0.0032931515855354363,0.48164464023494863,0.36784735693632553,0.2540500736377025,0.7356947138726511,0.3326430216544258,0.3498025962151988,0.11379728329862307,"[""TestReadablePeriodConverter"", ""ReadablePeriodConverter""]","[0.013950073421439061, 0.007363770250368188]","[0.48164464023494863, 0.2540500736377025]"
org.joda.time.field.TestScaledDurationField.test_isSupported,0.012396694214876033,0.010586878412294658,0.008777062609713282,0.021173756824589315,0.01027749229188078,0.01043103836046236,0.0018098158025813757,1.0710743801652893,0.7523306365425627,0.43358689291983615,1.5046612730851254,0.6172868550404085,0.6814717988162879,0.3187437436227266,"[""TestScaledDurationField"", ""ScaledDurationField""]","[0.012396694214876033, 0.008777062609713282]","[1.0710743801652893, 0.43358689291983615]"
org.joda.time.field.TestScaledDurationField.test_toString,0.012396694214876033,0.010586878412294658,0.008777062609713282,0.021173756824589315,0.01027749229188078,0.01043103836046236,0.0018098158025813757,1.0710743801652893,0.7523306365425627,0.43358689291983615,1.5046612730851254,0.6172868550404085,0.6814717988162879,0.3187437436227266,"[""TestScaledDurationField"", ""ScaledDurationField""]","[0.012396694214876033, 0.008777062609713282]","[1.0710743801652893, 0.43358689291983615]"
org.joda.time.field.TestScaledDurationField.test_getValueAsLong_long_long,0.012396694214876033,0.010586878412294658,0.008777062609713282,0.021173756824589315,0.01027749229188078,0.01043103836046236,0.0018098158025813757,1.0710743801652893,0.7523306365425627,0.43358689291983615,1.5046612730851254,0.6172868550404085,0.6814717988162879,0.3187437436227266,"[""TestScaledDurationField"", ""ScaledDurationField""]","[0.012396694214876033, 0.008777062609713282]","[1.0710743801652893, 0.43358689291983615]"
org.joda.time.field.TestScaledDurationField.test_getValueAsLong_long,0.012396694214876033,0.010586878412294658,0.008777062609713282,0.021173756824589315,0.01027749229188078,0.01043103836046236,0.0018098158025813757,1.0710743801652893,0.7523306365425627,0.43358689291983615,1.5046612730851254,0.6172868550404085,0.6814717988162879,0.3187437436227266,"[""TestScaledDurationField"", ""ScaledDurationField""]","[0.012396694214876033, 0.008777062609713282]","[1.0710743801652893, 0.43358689291983615]"
org.joda.time.field.TestScaledDurationField.test_getDifferenceAsLong_long_long,0.012396694214876033,0.010586878412294658,0.008777062609713282,0.021173756824589315,0.01027749229188078,0.01043103836046236,0.0018098158025813757,1.0710743801652893,0.7523306365425627,0.43358689291983615,1.5046612730851254,0.6172868550404085,0.6814717988162879,0.3187437436227266,"[""TestScaledDurationField"", ""ScaledDurationField""]","[0.012396694214876033, 0.008777062609713282]","[1.0710743801652893, 0.43358689291983615]"
org.joda.time.field.TestScaledDurationField.test_getUnitMillis,0.012396694214876033,0.010586878412294658,0.008777062609713282,0.021173756824589315,0.01027749229188078,0.01043103836046236,0.0018098158025813757,1.0710743801652893,0.7523306365425627,0.43358689291983615,1.5046612730851254,0.6172868550404085,0.6814717988162879,0.3187437436227266,"[""TestScaledDurationField"", ""ScaledDurationField""]","[0.012396694214876033, 0.008777062609713282]","[1.0710743801652893, 0.43358689291983615]"
org.joda.time.field.TestScaledDurationField.test_getMillis_int,0.012396694214876033,0.010586878412294658,0.008777062609713282,0.021173756824589315,0.01027749229188078,0.01043103836046236,0.0018098158025813757,1.0710743801652893,0.7523306365425627,0.43358689291983615,1.5046612730851254,0.6172868550404085,0.6814717988162879,0.3187437436227266,"[""TestScaledDurationField"", ""ScaledDurationField""]","[0.012396694214876033, 0.008777062609713282]","[1.0710743801652893, 0.43358689291983615]"
org.joda.time.field.TestScaledDurationField.test_getScalar,0.012396694214876033,0.010586878412294658,0.008777062609713282,0.021173756824589315,0.01027749229188078,0.01043103836046236,0.0018098158025813757,1.0710743801652893,0.7523306365425627,0.43358689291983615,1.5046612730851254,0.6172868550404085,0.6814717988162879,0.3187437436227266,"[""TestScaledDurationField"", ""ScaledDurationField""]","[0.012396694214876033, 0.008777062609713282]","[1.0710743801652893, 0.43358689291983615]"
org.joda.time.field.TestScaledDurationField.test_getDifference_long_int,0.012396694214876033,0.010586878412294658,0.008777062609713282,0.021173756824589315,0.01027749229188078,0.01043103836046236,0.0018098158025813757,1.0710743801652893,0.7523306365425627,0.43358689291983615,1.5046612730851254,0.6172868550404085,0.6814717988162879,0.3187437436227266,"[""TestScaledDurationField"", ""ScaledDurationField""]","[0.012396694214876033, 0.008777062609713282]","[1.0710743801652893, 0.43358689291983615]"
org.joda.time.field.TestScaledDurationField.test_isPrecise,0.012396694214876033,0.010586878412294658,0.008777062609713282,0.021173756824589315,0.01027749229188078,0.01043103836046236,0.0018098158025813757,1.0710743801652893,0.7523306365425627,0.43358689291983615,1.5046612730851254,0.6172868550404085,0.6814717988162879,0.3187437436227266,"[""TestScaledDurationField"", ""ScaledDurationField""]","[0.012396694214876033, 0.008777062609713282]","[1.0710743801652893, 0.43358689291983615]"
org.joda.time.field.TestScaledDurationField.test_getMillis_long,0.012396694214876033,0.010586878412294658,0.008777062609713282,0.021173756824589315,0.01027749229188078,0.01043103836046236,0.0018098158025813757,1.0710743801652893,0.7523306365425627,0.43358689291983615,1.5046612730851254,0.6172868550404085,0.6814717988162879,0.3187437436227266,"[""TestScaledDurationField"", ""ScaledDurationField""]","[0.012396694214876033, 0.008777062609713282]","[1.0710743801652893, 0.43358689291983615]"
org.joda.time.field.TestScaledDurationField.test_add_long_long,0.012396694214876033,0.010586878412294658,0.008777062609713282,0.021173756824589315,0.01027749229188078,0.01043103836046236,0.0018098158025813757,1.0710743801652893,0.7523306365425627,0.43358689291983615,1.5046612730851254,0.6172868550404085,0.6814717988162879,0.3187437436227266,"[""TestScaledDurationField"", ""ScaledDurationField""]","[0.012396694214876033, 0.008777062609713282]","[1.0710743801652893, 0.43358689291983615]"
org.joda.time.field.TestScaledDurationField.test_getName,0.012396694214876033,0.010586878412294658,0.008777062609713282,0.021173756824589315,0.01027749229188078,0.01043103836046236,0.0018098158025813757,1.0710743801652893,0.7523306365425627,0.43358689291983615,1.5046612730851254,0.6172868550404085,0.6814717988162879,0.3187437436227266,"[""TestScaledDurationField"", ""ScaledDurationField""]","[0.012396694214876033, 0.008777062609713282]","[1.0710743801652893, 0.43358689291983615]"
org.joda.time.field.TestScaledDurationField.test_getMillis_int_long,0.012396694214876033,0.010586878412294658,0.008777062609713282,0.021173756824589315,0.01027749229188078,0.01043103836046236,0.0018098158025813757,1.0710743801652893,0.7523306365425627,0.43358689291983615,1.5046612730851254,0.6172868550404085,0.6814717988162879,0.3187437436227266,"[""TestScaledDurationField"", ""ScaledDurationField""]","[0.012396694214876033, 0.008777062609713282]","[1.0710743801652893, 0.43358689291983615]"
org.joda.time.field.TestScaledDurationField.test_getValue_long_long,0.012396694214876033,0.010586878412294658,0.008777062609713282,0.021173756824589315,0.01027749229188078,0.01043103836046236,0.0018098158025813757,1.0710743801652893,0.7523306365425627,0.43358689291983615,1.5046612730851254,0.6172868550404085,0.6814717988162879,0.3187437436227266,"[""TestScaledDurationField"", ""ScaledDurationField""]","[0.012396694214876033, 0.008777062609713282]","[1.0710743801652893, 0.43358689291983615]"
org.joda.time.field.TestScaledDurationField.test_getMillis_long_long,0.012396694214876033,0.010586878412294658,0.008777062609713282,0.021173756824589315,0.01027749229188078,0.01043103836046236,0.0018098158025813757,1.0710743801652893,0.7523306365425627,0.43358689291983615,1.5046612730851254,0.6172868550404085,0.6814717988162879,0.3187437436227266,"[""TestScaledDurationField"", ""ScaledDurationField""]","[0.012396694214876033, 0.008777062609713282]","[1.0710743801652893, 0.43358689291983615]"
org.joda.time.field.TestScaledDurationField.test_add_long_int,0.012396694214876033,0.010586878412294658,0.008777062609713282,0.021173756824589315,0.01027749229188078,0.01043103836046236,0.0018098158025813757,1.0710743801652893,0.7523306365425627,0.43358689291983615,1.5046612730851254,0.6172868550404085,0.6814717988162879,0.3187437436227266,"[""TestScaledDurationField"", ""ScaledDurationField""]","[0.012396694214876033, 0.008777062609713282]","[1.0710743801652893, 0.43358689291983615]"
org.joda.time.field.TestScaledDurationField.test_getValue_long,0.012396694214876033,0.010586878412294658,0.008777062609713282,0.021173756824589315,0.01027749229188078,0.01043103836046236,0.0018098158025813757,1.0710743801652893,0.7523306365425627,0.43358689291983615,1.5046612730851254,0.6172868550404085,0.6814717988162879,0.3187437436227266,"[""TestScaledDurationField"", ""ScaledDurationField""]","[0.012396694214876033, 0.008777062609713282]","[1.0710743801652893, 0.43358689291983615]"
org.joda.time.convert.TestReadableIntervalConverter.testSingleton,0.020773638968481375,0.020773638968481375,0.020773638968481375,0.020773638968481375,0.020773638968481375,0.02077363896848138,0.0,0.7449856733524355,0.7449856733524355,0.7449856733524355,0.7449856733524355,0.7449856733524355,0.7449856733524355,0.0,"[""Constructor"", ""Modifier"", ""Field"", ""TestReadableIntervalConverter"", ""Class""]",[0.020773638968481375],[0.7449856733524355]
org.joda.time.TestDateTimeComparator.testBasicComps5,0.014577259475218658,0.010291632740612332,0.006006006006006006,0.020583265481224664,0.008507018290089322,0.00935687490347451,0.004285626734606326,3.033819241982507,1.5949876990693317,0.15615615615615616,3.1899753981386634,0.2970239529602658,0.6882946689467904,1.4388315429131755,"[""TestDateTimeComparator"", ""Calendar"", ""Comparator""]","[0.014577259475218658, 0.006006006006006006]","[3.033819241982507, 0.15615615615615616]"
org.joda.time.convert.TestNullConverter.testSingleton,0.020463847203274217,0.020463847203274217,0.020463847203274217,0.020463847203274217,0.020463847203274217,0.02046384720327422,0.0,0.7435197817189632,0.7435197817189632,0.7435197817189632,0.7435197817189632,0.7435197817189632,0.7435197817189632,0.0,"[""Constructor"", ""Modifier"", ""Field"", ""Class"", ""TestNullConverter""]",[0.020463847203274217],[0.7435197817189632]
org.joda.time.convert.TestReadableDurationConverter.testSingleton,0.019099590723055934,0.019099590723055934,0.019099590723055934,0.019099590723055934,0.019099590723055934,0.019099590723055934,0.0,0.5163710777626194,0.5163710777626194,0.5163710777626194,0.5163710777626194,0.5163710777626194,0.5163710777626194,0.0,"[""Constructor"", ""Modifier"", ""Field"", ""TestReadableDurationConverter"", ""Class""]",[0.019099590723055934],[0.5163710777626194]
org.joda.time.TestDateTimeConstants.testConstructor,0.009912536443148687,0.009363047882591293,0.008813559322033898,0.018726095765182586,0.00933080008444163,0.009346910076250537,0.0005494885605573947,0.42565597667638483,0.403675445965311,0.38169491525423727,0.807350891930622,0.40247858414186,0.4030765708211683,0.02198053071107378,"[""DateTimeConstants"", ""Object"", ""TestDateTimeConstants"", ""TestDateTimeConstants$1""]","[0.009912536443148687, 0.008813559322033898]","[0.42565597667638483, 0.38169491525423727]"
org.joda.time.chrono.TestIslamicChronology.test15BasedLeapYear,0.01838235294117647,0.01838235294117647,0.01838235294117647,0.01838235294117647,0.01838235294117647,0.018382352941176475,0.0,3.8848039215686274,3.8848039215686274,3.8848039215686274,3.8848039215686274,3.884803921568628,3.8848039215686274,0.0,"[""IslamicChronology$LeapYearPatternType"", ""TestIslamicChronology""]",[0.01838235294117647],[3.8848039215686274]
org.joda.time.chrono.TestIslamicChronology.test16BasedLeapYear,0.01838235294117647,0.01838235294117647,0.01838235294117647,0.01838235294117647,0.01838235294117647,0.018382352941176475,0.0,3.8848039215686274,3.8848039215686274,3.8848039215686274,3.8848039215686274,3.884803921568628,3.8848039215686274,0.0,"[""IslamicChronology$LeapYearPatternType"", ""TestIslamicChronology""]",[0.01838235294117647],[3.8848039215686274]
org.joda.time.chrono.TestIslamicChronology.testIndianBasedLeapYear,0.01838235294117647,0.01838235294117647,0.01838235294117647,0.01838235294117647,0.01838235294117647,0.018382352941176475,0.0,3.8848039215686274,3.8848039215686274,3.8848039215686274,3.8848039215686274,3.884803921568628,3.8848039215686274,0.0,"[""IslamicChronology$LeapYearPatternType"", ""TestIslamicChronology""]",[0.01838235294117647],[3.8848039215686274]
org.joda.time.chrono.TestIslamicChronology.testHabashAlHasibBasedLeapYear,0.01838235294117647,0.01838235294117647,0.01838235294117647,0.01838235294117647,0.01838235294117647,0.018382352941176475,0.0,3.8848039215686274,3.8848039215686274,3.8848039215686274,3.8848039215686274,3.884803921568628,3.8848039215686274,0.0,"[""IslamicChronology$LeapYearPatternType"", ""TestIslamicChronology""]",[0.01838235294117647],[3.8848039215686274]
org.joda.time.convert.TestConverterSet.testAddNullRemoved3,0.010007147962830594,0.009099536532614829,0.008191925102399064,0.018199073065229658,0.009009009009009009,0.009054159629702446,0.0009076114302157649,0.6693973083674664,0.6467072317391299,0.6240171551107935,1.2934144634782598,0.6459111380012954,0.6463090622962739,0.022690076628336442,"[""ConverterSet"", ""TestConverterSet""]","[0.010007147962830594, 0.008191925102399064]","[0.6240171551107935, 0.6693973083674664]"
org.joda.time.convert.TestConverterSet.testAddNullRemoved1,0.010007147962830594,0.009099536532614829,0.008191925102399064,0.018199073065229658,0.009009009009009009,0.009054159629702446,0.0009076114302157649,0.6693973083674664,0.6467072317391299,0.6240171551107935,1.2934144634782598,0.6459111380012954,0.6463090622962739,0.022690076628336442,"[""ConverterSet"", ""TestConverterSet""]","[0.010007147962830594, 0.008191925102399064]","[0.6240171551107935, 0.6693973083674664]"
org.joda.time.convert.TestConverterSet.testRemoveNullRemoved1,0.010007147962830594,0.009099536532614829,0.008191925102399064,0.018199073065229658,0.009009009009009009,0.009054159629702446,0.0009076114302157649,0.6693973083674664,0.6467072317391299,0.6240171551107935,1.2934144634782598,0.6459111380012954,0.6463090622962739,0.022690076628336442,"[""ConverterSet"", ""TestConverterSet""]","[0.010007147962830594, 0.008191925102399064]","[0.6240171551107935, 0.6693973083674664]"
org.joda.time.convert.TestConverterSet.testAddNullRemoved2,0.010007147962830594,0.009099536532614829,0.008191925102399064,0.018199073065229658,0.009009009009009009,0.009054159629702446,0.0009076114302157649,0.6693973083674664,0.6467072317391299,0.6240171551107935,1.2934144634782598,0.6459111380012954,0.6463090622962739,0.022690076628336442,"[""ConverterSet"", ""TestConverterSet""]","[0.010007147962830594, 0.008191925102399064]","[0.6240171551107935, 0.6693973083674664]"
org.joda.time.convert.TestConverterSet.testRemoveBadIndex1,0.010007147962830594,0.009099536532614829,0.008191925102399064,0.018199073065229658,0.009009009009009009,0.009054159629702446,0.0009076114302157649,0.6693973083674664,0.6467072317391299,0.6240171551107935,1.2934144634782598,0.6459111380012954,0.6463090622962739,0.022690076628336442,"[""ConverterSet"", ""TestConverterSet""]","[0.010007147962830594, 0.008191925102399064]","[0.6240171551107935, 0.6693973083674664]"
org.joda.time.convert.TestConverterSet.testRemoveNullRemoved2,0.010007147962830594,0.009099536532614829,0.008191925102399064,0.018199073065229658,0.009009009009009009,0.009054159629702446,0.0009076114302157649,0.6693973083674664,0.6467072317391299,0.6240171551107935,1.2934144634782598,0.6459111380012954,0.6463090622962739,0.022690076628336442,"[""ConverterSet"", ""TestConverterSet""]","[0.010007147962830594, 0.008191925102399064]","[0.6240171551107935, 0.6693973083674664]"
org.joda.time.convert.TestConverterSet.testRemoveBadIndex2,0.010007147962830594,0.009099536532614829,0.008191925102399064,0.018199073065229658,0.009009009009009009,0.009054159629702446,0.0009076114302157649,0.6693973083674664,0.6467072317391299,0.6240171551107935,1.2934144634782598,0.6459111380012954,0.6463090622962739,0.022690076628336442,"[""ConverterSet"", ""TestConverterSet""]","[0.010007147962830594, 0.008191925102399064]","[0.6240171551107935, 0.6693973083674664]"
org.joda.time.convert.TestConverterSet.testBigHashtable,0.010007147962830594,0.009099536532614829,0.008191925102399064,0.018199073065229658,0.009009009009009009,0.009054159629702446,0.0009076114302157649,0.6693973083674664,0.6467072317391299,0.6240171551107935,1.2934144634782598,0.6459111380012954,0.6463090622962739,0.022690076628336442,"[""ConverterSet"", ""TestConverterSet""]","[0.010007147962830594, 0.008191925102399064]","[0.6240171551107935, 0.6693973083674664]"
org.joda.time.convert.TestLongConverter.testSingleton,0.018060200668896322,0.018060200668896322,0.018060200668896322,0.018060200668896322,0.018060200668896322,0.01806020066889633,0.0,0.47558528428093644,0.47558528428093644,0.47558528428093644,0.47558528428093644,0.47558528428093644,0.47558528428093644,0.0,"[""Constructor"", ""Modifier"", ""Field"", ""Class"", ""TestLongConverter""]",[0.018060200668896322],[0.47558528428093644]
org.joda.time.TestInstant_Basics.testImmutable,0.017711171662125342,0.017711171662125342,0.017711171662125342,0.017711171662125342,0.017711171662125342,0.017711171662125342,0.0,1.957765667574932,1.957765667574932,1.957765667574932,1.957765667574932,1.957765667574932,1.957765667574932,0.0,"[""TestInstant_Basics"", ""Modifier"", ""Class""]",[0.017711171662125342],[1.957765667574932]
org.joda.time.TestDateTimeComparator.testBasicComps3,0.014577259475218658,0.008506656534198853,0.00243605359317905,0.017013313068397706,0.004174493842621582,0.005959109440454148,0.006070602941019803,3.033819241982507,1.5394431167281597,0.04506699147381242,3.0788862334563194,0.08881465279607152,0.36976358110489155,1.4943761252543473,"[""TestDateTimeComparator"", ""System"", ""Date"", ""Comparator""]","[0.014577259475218658, 0.00243605359317905]","[3.033819241982507, 0.04506699147381242]"
org.joda.time.convert.TestReadableInstantConverter.testSingleton,0.015688949522510234,0.015688949522510234,0.015688949522510234,0.015688949522510234,0.015688949522510234,0.015688949522510234,0.0,0.5375170532060027,0.5375170532060027,0.5375170532060027,0.5375170532060027,0.5375170532060027,0.5375170532060027,0.0,"[""Constructor"", ""Modifier"", ""Field"", ""Class"", ""TestReadableInstantConverter""]",[0.015688949522510234],[0.5375170532060027]
org.joda.time.convert.TestCalendarConverter.testSingleton,0.015006821282401092,0.015006821282401092,0.015006821282401092,0.015006821282401092,0.015006821282401094,0.015006821282401096,0.0,0.6664392905866303,0.6664392905866303,0.6664392905866303,0.6664392905866303,0.6664392905866303,0.6664392905866303,0.0,"[""Constructor"", ""Modifier"", ""Field"", ""TestCalendarConverter"", ""Class""]",[0.015006821282401092],[0.6664392905866303]
org.joda.time.TestDateTimeComparator.testBasicComps4,0.014577259475218658,0.014577259475218658,0.014577259475218658,0.014577259475218658,0.014577259475218656,0.014577259475218655,0.0,3.033819241982507,3.033819241982507,3.033819241982507,3.033819241982507,3.033819241982507,3.0338192419825067,0.0,"[""TestDateTimeComparator"", ""System"", ""Long"", ""Comparator""]",[0.014577259475218658],[3.033819241982507]
org.joda.time.TestDateTimeComparator.testClass,0.014577259475218658,0.014577259475218658,0.014577259475218658,0.014577259475218658,0.014577259475218656,0.014577259475218655,0.0,3.033819241982507,3.033819241982507,3.033819241982507,3.033819241982507,3.033819241982507,3.0338192419825067,0.0,"[""TestDateTimeComparator"", ""Constructor"", ""Modifier"", ""Class""]",[0.014577259475218658],[3.033819241982507]
org.joda.time.convert.TestDateConverter.testSingleton,0.01432469304229195,0.01432469304229195,0.01432469304229195,0.01432469304229195,0.01432469304229195,0.014324693042291947,0.0,0.4597544338335607,0.4597544338335607,0.4597544338335607,0.4597544338335607,0.4597544338335607,0.4597544338335607,0.0,"[""Constructor"", ""Modifier"", ""Field"", ""TestDateConverter"", ""Class""]",[0.01432469304229195],[0.4597544338335607]
org.joda.time.convert.TestReadablePartialConverter.testSingleton,0.013991769547325103,0.013991769547325103,0.013991769547325103,0.013991769547325103,0.013991769547325103,0.013991769547325105,0.0,0.5925925925925926,0.5925925925925926,0.5925925925925926,0.5925925925925926,0.5925925925925926,0.5925925925925926,0.0,"[""Constructor"", ""Modifier"", ""Field"", ""Class"", ""TestReadablePartialConverter""]",[0.013991769547325103],[0.5925925925925926]
org.joda.time.convert.TestReadablePeriodConverter.testSingleton,0.013950073421439061,0.013950073421439061,0.013950073421439061,0.013950073421439061,0.013950073421439063,0.013950073421439061,0.0,0.48164464023494863,0.48164464023494863,0.48164464023494863,0.48164464023494863,0.48164464023494863,0.48164464023494863,0.0,"[""Constructor"", ""Modifier"", ""Field"", ""Class"", ""TestReadablePeriodConverter""]",[0.013950073421439061],[0.48164464023494863]
org.joda.time.tz.TestCompiler.test_2400_fromDay,0.011406844106463879,0.011406844106463879,0.011406844106463879,0.011406844106463879,0.011406844106463879,0.01140684410646388,0.0,0.7385931558935361,0.7385931558935361,0.7385931558935361,0.7385931558935361,0.7385931558935361,0.7385931558935361,0.0,"[""ZoneInfoCompiler$DateTimeOfYear"", ""StringTokenizer"", ""TestCompiler""]",[0.011406844106463879],[0.7385931558935361]
org.joda.time.tz.TestCompiler.test_2400_last,0.011406844106463879,0.011406844106463879,0.011406844106463879,0.011406844106463879,0.011406844106463879,0.01140684410646388,0.0,0.7385931558935361,0.7385931558935361,0.7385931558935361,0.7385931558935361,0.7385931558935361,0.7385931558935361,0.0,"[""ZoneInfoCompiler$DateTimeOfYear"", ""StringTokenizer"", ""TestCompiler""]",[0.011406844106463879],[0.7385931558935361]
org.joda.time.convert.TestConverterSet.testClass,0.010007147962830594,0.010007147962830594,0.010007147962830594,0.010007147962830594,0.010007147962830594,0.01000714796283059,0.0,0.6240171551107935,0.6240171551107935,0.6240171551107935,0.6240171551107935,0.6240171551107935,0.6240171551107935,0.0,"[""TestConverterSet"", ""Modifier"", ""Class"", ""Constructor""]",[0.010007147962830594],[0.6240171551107935]
org.joda.time.tz.TestUTCProvider.testClass,0.009776536312849162,0.009776536312849162,0.009776536312849162,0.009776536312849162,0.009776536312849162,0.009776536312849162,0.0,0.28212290502793297,0.28212290502793297,0.28212290502793297,0.28212290502793297,0.28212290502793297,0.28212290502793297,0.0,"[""Modifier"", ""Constructor"", ""TestUTCProvider"", ""Class""]",[0.009776536312849162],[0.28212290502793297]
org.joda.time.TestDateTimeUtils.testOffsetMillisToZero,,,,0.0,,,,,,,0.0,,,,[],[],[]
org.joda.time.format.TestDateTimeFormatStyle.testForStyle_shortFullDateTime,,,,0.0,,,,,,,0.0,,,,[],[],[]
org.joda.time.format.TestDateTimeFormatterBuilder.test_printParseShortNameWithAutoLookup,,,,0.0,,,,,,,0.0,,,,[],[],[]
org.joda.time.format.TestPeriodFormatParsing.testParseStandard1,,,,0.0,,,,,,,0.0,,,,[],[],[]
org.joda.time.TestDateTimeConstants.testDaysOfWeek,,,,0.0,,,,,,,0.0,,,,[],[],[]
org.joda.time.format.TestDateTimeFormatterBuilder.test_printParseShortNameWithLookup,,,,0.0,,,,,,,0.0,,,,[],[],[]
org.joda.time.TestDateTimeComparator.testMillis,,,,0.0,,,,,,,0.0,,,,[],[],[]
org.joda.time.TestDateTimeConstants.testMaths,,,,0.0,,,,,,,0.0,,,,[],[],[]
org.joda.time.format.TestDateTimeFormat.testFormat_zoneLongText,,,,0.0,,,,,,,0.0,,,,[],[],[]
org.joda.time.TestDateTimeZone.testGetName_berlin,,,,0.0,,,,,,,0.0,,,,[],[],[]
org.joda.time.TestDateTimeConstants.testHalfdaysOfDay,,,,0.0,,,,,,,0.0,,,,[],[],[]
org.joda.time.format.TestDateTimeFormatStyle.testForStyle_fullTime,,,,0.0,,,,,,,0.0,,,,[],[],[]
org.joda.time.format.TestDateTimeFormatterBuilder.test_printParseLongNameWithLookup,,,,0.0,,,,,,,0.0,,,,[],[],[]
org.joda.time.format.TestDateTimeFormatStyle.testForStyle_longTime,,,,0.0,,,,,,,0.0,,,,[],[],[]
org.joda.time.format.TestDateTimeFormat.testFormat_zoneText,,,,0.0,,,,,,,0.0,,,,[],[],[]
org.joda.time.format.TestDateTimeFormatter.testZoneShortNameNearTransition,,,,0.0,,,,,,,0.0,,,,[],[],[]
org.joda.time.TestDateTimeZone.testGetShortName_berlin,,,,0.0,,,,,,,0.0,,,,[],[],[]
org.joda.time.format.TestDateTimeFormatStyle.testForStyle_mediumFullDateTime,,,,0.0,,,,,,,0.0,,,,[],[],[]
org.joda.time.TestDateTimeConstants.testEras,,,,0.0,,,,,,,0.0,,,,[],[],[]
org.joda.time.format.TestDateTimeFormatStyle.testForStyle_longDateTime,,,,0.0,,,,,,,0.0,,,,[],[],[]
org.joda.time.format.TestDateTimeFormatStyle.testForStyle_mediumLongDateTime,,,,0.0,,,,,,,0.0,,,,[],[],[]
org.joda.time.format.TestDateTimeFormatter.testZoneNameNearTransition,,,,0.0,,,,,,,0.0,,,,[],[],[]
org.joda.time.TestDateTimeZone.testGetName,,,,0.0,,,,,,,0.0,,,,[],[],[]
org.joda.time.format.TestDateTimeFormatStyle.testForStyle_shortLongDateTime,,,,0.0,,,,,,,0.0,,,,[],[],[]
org.joda.time.TestDateTimeZone.testGetShortName,,,,0.0,,,,,,,0.0,,,,[],[],[]
org.joda.time.format.TestDateTimeFormatterBuilder.test_printParseLongName,,,,0.0,,,,,,,0.0,,,,[],[],[]
org.joda.time.format.TestDateTimeFormatterBuilder.test_printParseShortName,,,,0.0,,,,,,,0.0,,,,[],[],[]
org.joda.time.TestDateTimeConstants.testMonthsOfYear,,,,0.0,,,,,,,0.0,,,,[],[],[]
org.joda.time.format.TestDateTimeFormatStyle.testForStyle_fullDateTime,,,,0.0,,,,,,,0.0,,,,[],[],[]
