TestCase,Max,Avg,Min,Sum,HarmonicMean,GeometricMean,StandardDeviation,MaxLinesRatio,AvgLinesRatio,MinLinesRatio,SumLinesRatio,HarmonicMeanLinesRatio,GeometricMeanLinesRatio,StandardDeviationLinesRatio,used_classes,changeProneness,linesRatio
org.joda.time.TestBaseSingleFieldPeriod.testFactory_between_RPartial,0.0718562874251497,0.032308063778677946,0.013479359730412805,0.2907725740081015,0.02492123485713754,0.028057921170161974,0.01844404440867436,10.74251497005988,4.211709016792917,1.2468407750631845,37.905381151136254,2.8180313829478583,3.3941980742602795,2.972751671410364,"[""YearMonthDay"", ""TestBaseSingleFieldPeriod$Single"", ""TestBaseSingleFieldPeriod"", ""DateTimeFieldType"", ""LocalTime"", ""LocalDate"", ""DurationFieldType"", ""Partial"", ""BaseSingleFieldPeriod"", ""PeriodType""]","[0.0718562874251497, 0.05547226386806597, 0.03952011291460833, 0.024943310657596373, 0.023423423423423424, 0.023423423423423424, 0.02096273291925466, 0.017691659646166806, 0.013479359730412805]","[10.74251497005988, 8.113943028485757, 3.5356386732533522, 3.6621315192743764, 2.511711711711712, 1.9243243243243244, 3.9332298136645965, 2.2350463352990735, 1.2468407750631845]"
org.joda.time.TestChronology.testToString,0.03832116788321168,0.01853359093021694,0.008547008547008548,0.25947027302303716,0.016150382959689437,0.01730914335825984,0.007090216700686968,3.5,1.4266286296641535,0.5537240537240538,19.97280081529815,1.0292916270859813,1.1986443877086623,0.8859391423058941,"[""LimitChronology"", ""StrictChronology"", ""GJChronology"", ""TestChronology"", ""EthiopicChronology"", ""BuddhistChronology"", ""DateTimeZone"", ""IslamicChronology"", ""GregorianChronology"", ""LenientChronology"", ""JulianChronology"", ""ISOChronology"", ""ZonedChronology"", ""CopticChronology""]","[0.03832116788321168, 0.023114355231143552, 0.02298095863427446, 0.022818791946308724, 0.021289537712895375, 0.019464720194647202, 0.016927083333333332, 0.016423357664233577, 0.016423357664233577, 0.015206812652068127, 0.014754098360655738, 0.014041514041514042, 0.009157509157509158, 0.008547008547008548]","[3.5, 2.911192214111922, 0.8850952068286277, 2.257718120805369, 2.0072992700729926, 0.8479318734793188, 1.07421875, 1.1368613138686132, 0.6593673965936739, 0.7195863746958637, 1.3508196721311476, 1.5128205128205128, 0.5561660561660562, 0.5537240537240538]"
org.joda.time.TestLocalDate_Basics.testCompareTo,0.0718562874251497,0.03661607622788617,0.016423357664233577,0.25631253359520323,0.028731832335441198,0.03242434155833323,0.01796178793321472,10.74251497005988,4.608961187855123,0.6593673965936739,32.262728314985864,2.3448547359906122,3.488945900712085,3.099447857283006,"[""YearMonthDay"", ""TimeOfDay"", ""DateTimeFieldType"", ""TestLocalDate_Basics"", ""GregorianChronology"", ""LocalDate"", ""Partial""]","[0.0718562874251497, 0.04654346338124572, 0.03952011291460833, 0.039334341906202726, 0.024943310657596373, 0.017691659646166806, 0.016423357664233577]","[10.74251497005988, 4.317590691307323, 3.5356386732533522, 7.110438729198185, 3.6621315192743764, 2.2350463352990735, 0.6593673965936739]"
org.joda.time.TestLocalDate_Basics.testToLocalDateTime_LocalTime,0.0718562874251497,0.057010034677100106,0.039334341906202726,0.22804013870840042,0.05430395974404499,0.05569676703791619,0.011771561123119443,11.95808383233533,9.481245140019787,7.110438729198185,37.92498056007915,9.078602448663949,9.278418950832197,1.9503698106845633,"[""LocalDateTime"", ""TestLocalDate_Basics"", ""LocalTime"", ""LocalDate""]","[0.0718562874251497, 0.061377245508982034, 0.05547226386806597, 0.039334341906202726]","[10.74251497005988, 11.95808383233533, 8.113943028485757, 7.110438729198185]"
org.joda.time.TestLocalDateTime_Basics.testCompareTo,0.061377245508982034,0.03641115988350471,0.017691659646166806,0.21846695930102827,0.030782097795032163,0.033504131488525386,0.014616692126625733,11.95808383233533,5.338902031186024,2.2350463352990735,32.03341218711614,4.063228732266614,4.5980577353601815,3.202241832231531,"[""YearMonthDay"", ""LocalDateTime"", ""TimeOfDay"", ""DateTimeFieldType"", ""TestLocalDateTime_Basics"", ""Partial""]","[0.061377245508982034, 0.04654346338124572, 0.03952011291460833, 0.028391167192429023, 0.024943310657596373, 0.017691659646166806]","[11.95808383233533, 4.317590691307323, 3.5356386732533522, 6.3249211356466875, 3.6621315192743764, 2.2350463352990735]"
org.joda.time.TestLocalDate_Basics.testToInterval_Zone_noMidnight,0.0718562874251497,0.043040589939463664,0.02372034956304619,0.21520294969731832,0.038046259622406,0.0404155741102855,0.015752903053633322,10.74251497005988,5.793094544402494,1.618601747815231,28.965472722012468,3.834080451244901,4.8170841380228735,3.1291264186209284,"[""Interval"", ""TestLocalDate_Basics"", ""DateTimeZone"", ""LocalDate"", ""DateTime""]","[0.0718562874251497, 0.041970802919708027, 0.039334341906202726, 0.03832116788321168, 0.02372034956304619]","[10.74251497005988, 5.9939172749391725, 7.110438729198185, 3.5, 1.618601747815231]"
org.joda.time.TestLocalDate_Basics.testToInterval_nullZone,0.0718562874251497,0.0417477627342277,0.02372034956304619,0.2087388136711385,0.036572707454744904,0.03894951615874628,0.01634143071466478,10.74251497005988,6.11935717066512,1.618601747815231,30.5967858533256,4.121123913854058,5.200155454195329,2.9531202569898958,"[""Interval"", ""TestLocalDate_Basics"", ""LocalDate"", ""DateTime"", ""Period""]","[0.0718562874251497, 0.041970802919708027, 0.039334341906202726, 0.031857031857031856, 0.02372034956304619]","[10.74251497005988, 5.9939172749391725, 7.110438729198185, 5.1313131313131315, 1.618601747815231]"
org.joda.time.TestLocalDate_Basics.testToInterval,0.0718562874251497,0.0417477627342277,0.02372034956304619,0.2087388136711385,0.036572707454744904,0.03894951615874628,0.01634143071466478,10.74251497005988,6.11935717066512,1.618601747815231,30.5967858533256,4.121123913854058,5.200155454195329,2.9531202569898958,"[""Interval"", ""TestLocalDate_Basics"", ""LocalDate"", ""DateTime"", ""Period""]","[0.0718562874251497, 0.041970802919708027, 0.039334341906202726, 0.031857031857031856, 0.02372034956304619]","[10.74251497005988, 5.9939172749391725, 7.110438729198185, 5.1313131313131315, 1.618601747815231]"
org.joda.time.TestLocalDate_Basics.testToInterval_Zone,0.0718562874251497,0.0417477627342277,0.02372034956304619,0.2087388136711385,0.036572707454744904,0.03894951615874628,0.01634143071466478,10.74251497005988,6.11935717066512,1.618601747815231,30.5967858533256,4.121123913854058,5.200155454195329,2.9531202569898958,"[""Interval"", ""TestLocalDate_Basics"", ""LocalDate"", ""DateTime"", ""Period""]","[0.0718562874251497, 0.041970802919708027, 0.039334341906202726, 0.031857031857031856, 0.02372034956304619]","[10.74251497005988, 5.9939172749391725, 7.110438729198185, 5.1313131313131315, 1.618601747815231]"
org.joda.time.TestLocalDate_Basics.testToDateTime_LocalTime,0.0718562874251497,0.0521584240297816,0.039334341906202726,0.2086336961191264,0.0492654171752635,0.05064830989342069,0.012915417753707146,10.74251497005988,7.990203500670749,5.9939172749391725,31.960814002682994,7.636403149165235,7.8070375134251675,1.7571051934534705,"[""DateTime"", ""TestLocalDate_Basics"", ""LocalTime"", ""LocalDate""]","[0.0718562874251497, 0.05547226386806597, 0.041970802919708027, 0.039334341906202726]","[10.74251497005988, 8.113943028485757, 5.9939172749391725, 7.110438729198185]"
org.joda.time.TestLocalDate_Basics.testToDateTime_LocalTime_nullZone,0.0718562874251497,0.0521584240297816,0.039334341906202726,0.2086336961191264,0.0492654171752635,0.05064830989342069,0.012915417753707146,10.74251497005988,7.990203500670749,5.9939172749391725,31.960814002682994,7.636403149165235,7.8070375134251675,1.7571051934534705,"[""DateTime"", ""TestLocalDate_Basics"", ""LocalTime"", ""LocalDate""]","[0.0718562874251497, 0.05547226386806597, 0.041970802919708027, 0.039334341906202726]","[10.74251497005988, 8.113943028485757, 5.9939172749391725, 7.110438729198185]"
org.joda.time.TestLocalDate_Basics.testToDateTime_LocalTime_Zone,0.0718562874251497,0.0521584240297816,0.039334341906202726,0.2086336961191264,0.0492654171752635,0.05064830989342069,0.012915417753707146,10.74251497005988,7.990203500670749,5.9939172749391725,31.960814002682994,7.636403149165235,7.8070375134251675,1.7571051934534705,"[""DateTime"", ""TestLocalDate_Basics"", ""LocalTime"", ""LocalDate""]","[0.0718562874251497, 0.05547226386806597, 0.041970802919708027, 0.039334341906202726]","[10.74251497005988, 8.113943028485757, 5.9939172749391725, 7.110438729198185]"
org.joda.time.chrono.TestGJChronology.testSubtractDays,0.041970802919708027,0.033084349757154956,0.023114355231143552,0.19850609854292975,0.03124476903472195,0.032179232350109443,0.007487337094160574,5.9939172749391725,3.912557660858404,2.403284671532847,23.475345965150424,3.550578684471095,3.7229900882201914,1.2523532649167213,"[""YearMonthDay"", ""GJChronology"", ""DateTimeZone"", ""TestGJChronology"", ""DateTime"", ""Period""]","[0.041970802919708027, 0.03952011291460833, 0.03832116788321168, 0.031857031857031856, 0.023722627737226276, 0.023114355231143552]","[5.9939172749391725, 3.5356386732533522, 3.5, 5.1313131313131315, 2.403284671532847, 2.911192214111922]"
org.joda.time.tz.TestCompiler.testCompile,0.041970802919708027,0.019349133193852862,0.0072992700729927005,0.19349133193852863,0.014003985560146868,0.01633428749607999,0.011632930075165419,5.9939172749391725,2.080798844978166,0.019083969465648856,20.807988449781657,0.15284971885302798,0.9670655249500646,1.8143548266729428,"[""DateTimeZoneBuilder"", ""FileOutputStream"", ""InputStream"", ""DateTimeFormatter"", ""TestCompiler"", ""File"", ""Random"", ""Provider"", ""StringBuilder"", ""String"", ""ZoneInfoCompiler"", ""System"", ""DateTimeZone"", ""ZoneInfoProvider"", ""DateTime"", ""TestBuilder"", ""ByteArrayInputStream""]","[0.041970802919708027, 0.03832116788321168, 0.026155717761557177, 0.017639902676399026, 0.016423357664233577, 0.014866204162537165, 0.012232415902140673, 0.010948905109489052, 0.007633587786259542, 0.0072992700729927005]","[5.9939172749391725, 3.5, 2.559610705596107, 3.8789537712895377, 1.7931873479318734, 1.4469772051536174, 0.7920489296636085, 0.698905109489051, 0.019083969465648856, 0.12530413625304138]"
org.joda.time.TestLocalDate_Basics.testToDateTimeAtStartOfDay_avoidDST,0.0718562874251497,0.04787065003356803,0.03832116788321168,0.19148260013427212,0.04481236961283851,0.04617486871178939,0.013912046603866919,10.74251497005988,6.836717743549309,3.5,27.346870974197238,5.828554885397584,6.326962913405824,2.606442646722181,"[""DateTime"", ""TestLocalDate_Basics"", ""DateTimeZone"", ""LocalDate""]","[0.0718562874251497, 0.041970802919708027, 0.039334341906202726, 0.03832116788321168]","[10.74251497005988, 5.9939172749391725, 7.110438729198185, 3.5]"
org.joda.time.format.TestDateTimeFormatterBuilder.test_localPrintParseOffset,0.061377245508982034,0.03745793085362122,0.01338199513381995,0.18728965426810612,0.028473942141224066,0.03315069560867898,0.01642033324138686,11.95808383233533,5.966920902720107,1.2706812652068127,29.83460451360053,3.2209998650855165,4.515446378528176,3.844685819153218,"[""LocalDateTime"", ""TestDateTimeFormatterBuilder"", ""DateTimeFormatter"", ""DateTimeFormatterBuilder"", ""DateTime""]","[0.061377245508982034, 0.04440389294403893, 0.041970802919708027, 0.026155717761557177, 0.01338199513381995]","[11.95808383233533, 8.052311435523114, 5.9939172749391725, 2.559610705596107, 1.2706812652068127]"
org.joda.time.format.TestDateTimeFormatterBuilder.test_localPrintParseZoneTokyo,0.061377245508982034,0.03745793085362122,0.01338199513381995,0.18728965426810612,0.028473942141224066,0.03315069560867898,0.01642033324138686,11.95808383233533,5.966920902720107,1.2706812652068127,29.83460451360053,3.2209998650855165,4.515446378528176,3.844685819153218,"[""LocalDateTime"", ""TestDateTimeFormatterBuilder"", ""DateTimeFormatter"", ""DateTimeFormatterBuilder"", ""DateTime""]","[0.061377245508982034, 0.04440389294403893, 0.041970802919708027, 0.026155717761557177, 0.01338199513381995]","[11.95808383233533, 8.052311435523114, 5.9939172749391725, 2.559610705596107, 1.2706812652068127]"
org.joda.time.format.TestDateTimeFormatterBuilder.test_localPrintParseOffsetAndZone,0.061377245508982034,0.03745793085362122,0.01338199513381995,0.18728965426810612,0.028473942141224066,0.03315069560867898,0.01642033324138686,11.95808383233533,5.966920902720107,1.2706812652068127,29.83460451360053,3.2209998650855165,4.515446378528176,3.844685819153218,"[""LocalDateTime"", ""TestDateTimeFormatterBuilder"", ""DateTimeFormatter"", ""DateTimeFormatterBuilder"", ""DateTime""]","[0.061377245508982034, 0.04440389294403893, 0.041970802919708027, 0.026155717761557177, 0.01338199513381995]","[11.95808383233533, 8.052311435523114, 5.9939172749391725, 2.559610705596107, 1.2706812652068127]"
org.joda.time.TestLocalTime_Basics.testCompareTo,0.05547226386806597,0.03110632749862409,0.016423357664233577,0.18663796499174454,0.02540934715460485,0.027965617560987015,0.014698345184519764,8.113943028485757,4.015055768342991,0.6593673965936739,24.090334610057948,2.152130333301063,3.1433827270626535,2.3319534467030856,"[""TimeOfDay"", ""DateTimeFieldType"", ""LocalTime"", ""GregorianChronology"", ""TestLocalTime_Basics"", ""Partial""]","[0.05547226386806597, 0.04654346338124572, 0.02556390977443609, 0.024943310657596373, 0.017691659646166806, 0.016423357664233577]","[8.113943028485757, 4.317590691307323, 5.102255639097744, 3.6621315192743764, 2.2350463352990735, 0.6593673965936739]"
org.joda.time.convert.TestReadableInstantConverter.testGetChronology_Object_Zone,0.041970802919708027,0.023250046620853785,0.007896625987078248,0.18600037296683028,0.016347073357413113,0.019642830455211865,0.012557410658049113,5.9939172749391725,2.235163285458319,0.17946877243359655,17.881306283666554,0.62179119498153,1.2429885873214492,1.996871351473179,"[""BaseChronology"", ""ReadableInstantConverter"", ""DateTimeZone"", ""MutableDateTime"", ""Instant"", ""DateTime"", ""TestReadableInstantConverter"", ""TestReadableInstantConverter$1"", ""MockBadChronology""]","[0.041970802919708027, 0.03832116788321168, 0.03527980535279805, 0.019464720194647202, 0.018032786885245903, 0.016487455197132617, 0.008547008547008548, 0.007896625987078248]","[5.9939172749391725, 3.5, 4.203771289537713, 1.0048661800486618, 2.137704918032787, 0.5648745519713262, 0.2967032967032967, 0.17946877243359655]"
org.joda.time.TestDateTimeZoneCutover.test_DateTime_JustAfterLastEverOverlap,0.0718562874251497,0.04642423198633371,0.017639902676399026,0.18569692794533485,0.0354382443210147,0.04121324682807585,0.01972364752314815,11.47939262472885,8.02369466025436,3.8789537712895377,32.09477864101744,6.613341410699103,7.317497058898851,3.1871894189582606,"[""DateTime"", ""TestDateTimeZoneCutover"", ""DateTimeZoneBuilder"", ""LocalDate""]","[0.0718562874251497, 0.05422993492407809, 0.041970802919708027, 0.017639902676399026]","[10.74251497005988, 11.47939262472885, 5.9939172749391725, 3.8789537712895377]"
org.joda.time.TestMonthDay_Basics.testCompareTo,0.05547226386806597,0.030559417127872805,0.016423357664233577,0.18335650276723683,0.025088662638406062,0.027525491988966918,0.014446367843583167,8.113943028485757,4.683273012870622,0.6593673965936739,28.09963807722373,2.2509920230437013,3.5276362446643783,2.7509706292092857,"[""TestMonthDay_Basics"", ""DateTimeFieldType"", ""LocalTime"", ""GregorianChronology"", ""Partial"", ""MonthDay""]","[0.05547226386806597, 0.044534412955465584, 0.024943310657596373, 0.024291497975708502, 0.017691659646166806, 0.016423357664233577]","[8.113943028485757, 7.753036437246964, 3.6621315192743764, 5.676113360323886, 2.2350463352990735, 0.6593673965936739]"
org.joda.time.TestLocalDate_Basics.testEqualsHashCode,0.0718562874251497,0.036571519716610865,0.012073863636363636,0.18285759858305434,0.025344042044569814,0.03065509361200017,0.020657583438843715,10.74251497005988,4.816355183748025,0.3203125,24.081775918740128,1.2315445892546786,2.9004384459474606,3.693438464386573,"[""YearMonthDay"", ""Object"", ""TestLocalDate_Basics$MockInstant"", ""MockPartial"", ""TestLocalDate_Basics"", ""LocalDate"", ""Chronology""]","[0.0718562874251497, 0.03952011291460833, 0.039334341906202726, 0.020072992700729927, 0.012073863636363636]","[10.74251497005988, 3.5356386732533522, 7.110438729198185, 2.3728710462287106, 0.3203125]"
org.joda.time.TestDateTimeUtils.testIsContiguous_RP,0.04654346338124572,0.03034256362389375,0.017691659646166806,0.1820553817433625,0.027473873686469547,0.028858151715763333,0.009687635772762994,4.317590691307323,2.890691609801514,1.5562330623306233,17.344149658809084,2.533462201853147,2.7100918557137277,0.9988065795455497,"[""YearMonthDay"", ""TimeOfDay"", ""DateTimeFieldType"", ""TestDateTimeUtils"", ""Partial"", ""DateTimeUtils""]","[0.04654346338124572, 0.03952011291460833, 0.02710027100271003, 0.02625656414103526, 0.024943310657596373, 0.017691659646166806]","[4.317590691307323, 3.5356386732533522, 1.5562330623306233, 2.0375093773443362, 3.6621315192743764, 2.2350463352990735]"
org.joda.time.TestDateTimeUtils.testIsContiguous_RP_GJChronology,0.04654346338124572,0.03034256362389375,0.017691659646166806,0.1820553817433625,0.027473873686469547,0.028858151715763333,0.009687635772762994,4.317590691307323,2.890691609801514,1.5562330623306233,17.344149658809084,2.533462201853147,2.7100918557137277,0.9988065795455497,"[""YearMonthDay"", ""TimeOfDay"", ""DateTimeFieldType"", ""TestDateTimeUtils"", ""Partial"", ""DateTimeUtils""]","[0.04654346338124572, 0.03952011291460833, 0.02710027100271003, 0.02625656414103526, 0.024943310657596373, 0.017691659646166806]","[4.317590691307323, 3.5356386732533522, 1.5562330623306233, 2.0375093773443362, 3.6621315192743764, 2.2350463352990735]"
org.joda.time.TestInterval_Basics.testEqualsHashCode,0.041970802919708027,0.02597968621153207,0.015206812652068127,0.1818578034807245,0.02372160916445943,0.02481268035110543,0.008026305458268834,5.9939172749391725,2.9320768499791514,0.7195863746958637,20.52453794985406,1.815892704160757,2.324824658994581,1.897660301183453,"[""TestInterval_Basics$MockInterval"", ""GJChronology"", ""Interval"", ""AbstractInterval"", ""MutableInterval"", ""TestInterval_Basics"", ""ISOChronology"", ""DateTime""]","[0.041970802919708027, 0.029780564263322883, 0.02871410736579276, 0.02372034956304619, 0.023114355231143552, 0.019350811485642945, 0.015206812652068127]","[5.9939172749391725, 5.471003134796239, 2.478152309612984, 1.618601747815231, 2.911192214111922, 1.3320848938826466, 0.7195863746958637]"
org.joda.time.TestLocalDate_Basics.testToDateTime_nullLocalTime,0.0718562874251497,0.04506542581344262,0.02710027100271003,0.18026170325377047,0.039973685104733175,0.042343757487941766,0.0164538678346269,10.74251497005988,6.350776009131965,1.5562330623306233,25.40310403652786,3.8345784092978676,5.1665059884623945,3.2779356603692964,"[""LocalDate"", ""DateTime"", ""TestLocalDate_Basics"", ""DateTimeUtils""]","[0.0718562874251497, 0.041970802919708027, 0.039334341906202726, 0.02710027100271003]","[10.74251497005988, 5.9939172749391725, 7.110438729198185, 1.5562330623306233]"
org.joda.time.TestLocalDate_Basics.testToDateTimeAtCurrentTime_Zone,0.0718562874251497,0.04506542581344262,0.02710027100271003,0.18026170325377047,0.039973685104733175,0.042343757487941766,0.0164538678346269,10.74251497005988,6.350776009131965,1.5562330623306233,25.40310403652786,3.8345784092978676,5.1665059884623945,3.2779356603692964,"[""TestLocalDate_Basics"", ""LocalDate"", ""DateTime$Property"", ""DateTime"", ""DateTimeUtils""]","[0.0718562874251497, 0.041970802919708027, 0.039334341906202726, 0.02710027100271003]","[10.74251497005988, 5.9939172749391725, 7.110438729198185, 1.5562330623306233]"
org.joda.time.TestLocalDate_Basics.testToDateTimeAtCurrentTime_nullZone,0.0718562874251497,0.04506542581344262,0.02710027100271003,0.18026170325377047,0.039973685104733175,0.042343757487941766,0.0164538678346269,10.74251497005988,6.350776009131965,1.5562330623306233,25.40310403652786,3.8345784092978676,5.1665059884623945,3.2779356603692964,"[""TestLocalDate_Basics"", ""LocalDate"", ""DateTime$Property"", ""DateTime"", ""DateTimeUtils""]","[0.0718562874251497, 0.041970802919708027, 0.039334341906202726, 0.02710027100271003]","[10.74251497005988, 5.9939172749391725, 7.110438729198185, 1.5562330623306233]"
org.joda.time.TestLocalDate_Basics.testToDateTime_nullRI,0.0718562874251497,0.04506542581344262,0.02710027100271003,0.18026170325377047,0.039973685104733175,0.042343757487941766,0.0164538678346269,10.74251497005988,6.350776009131965,1.5562330623306233,25.40310403652786,3.8345784092978676,5.1665059884623945,3.2779356603692964,"[""TestLocalDate_Basics"", ""LocalDate"", ""DateTime$Property"", ""DateTime"", ""DateTimeUtils""]","[0.0718562874251497, 0.041970802919708027, 0.039334341906202726, 0.02710027100271003]","[10.74251497005988, 5.9939172749391725, 7.110438729198185, 1.5562330623306233]"
org.joda.time.TestLocalDate_Basics.testToDateTimeAtCurrentTime,0.0718562874251497,0.04506542581344262,0.02710027100271003,0.18026170325377047,0.039973685104733175,0.042343757487941766,0.0164538678346269,10.74251497005988,6.350776009131965,1.5562330623306233,25.40310403652786,3.8345784092978676,5.1665059884623945,3.2779356603692964,"[""TestLocalDate_Basics"", ""LocalDate"", ""DateTime$Property"", ""DateTime"", ""DateTimeUtils""]","[0.0718562874251497, 0.041970802919708027, 0.039334341906202726, 0.02710027100271003]","[10.74251497005988, 5.9939172749391725, 7.110438729198185, 1.5562330623306233]"
org.joda.time.TestLocalDate_Basics.testToDateTime_nullLocalTime_Zone,0.0718562874251497,0.04506542581344262,0.02710027100271003,0.18026170325377047,0.039973685104733175,0.042343757487941766,0.0164538678346269,10.74251497005988,6.350776009131965,1.5562330623306233,25.40310403652786,3.8345784092978676,5.1665059884623945,3.2779356603692964,"[""LocalDate"", ""DateTime"", ""TestLocalDate_Basics"", ""DateTimeUtils""]","[0.0718562874251497, 0.041970802919708027, 0.039334341906202726, 0.02710027100271003]","[10.74251497005988, 5.9939172749391725, 7.110438729198185, 1.5562330623306233]"
org.joda.time.convert.TestReadablePartialConverter.testGetPartialValues,0.04654346338124572,0.02224958011101478,0.007662835249042145,0.17799664088811823,0.015565769153892928,0.018577828452676165,0.013240609831474825,4.317590691307323,1.6467234569784375,0.08812260536398467,13.1737876558275,0.4203875081877349,0.9340943441581872,1.478217686961304,"[""YearMonthDay"", ""TimeOfDay"", ""TestReadablePartialConverter$MockTOD"", ""ReadablePartialConverter"", ""Arrays"", ""BasePartial"", ""TestReadablePartialConverter"", ""ISOChronology"", ""Chronology""]","[0.04654346338124572, 0.03952011291460833, 0.025389025389025387, 0.020072992700729927, 0.015206812652068127, 0.01486013986013986, 0.008741258741258742, 0.007662835249042145]","[4.317590691307323, 3.5356386732533522, 1.1670761670761671, 2.3728710462287106, 0.7195863746958637, 0.6293706293706294, 0.34353146853146854, 0.08812260536398467]"
org.joda.time.TestInterval_Constructors.testConstructor_RP_RI3,0.041970802919708027,0.0251102424269807,0.010378510378510378,0.17577169698886488,0.021420886191591736,0.0233549028538452,0.009039205081432551,5.9939172749391725,3.0219928186430494,0.7197802197802198,21.153949730501346,1.7068584165314156,2.3167885502283365,1.9261521566145223,"[""TestInterval_Constructors"", ""Interval"", ""DurationField"", ""DateTime"", ""PeriodType"", ""CopticChronology"", ""Period""]","[0.041970802919708027, 0.031857031857031856, 0.023901310717039322, 0.02372034956304619, 0.02298095863427446, 0.02096273291925466, 0.010378510378510378]","[5.9939172749391725, 5.1313131313131315, 2.87201233616037, 1.618601747815231, 0.8850952068286277, 3.9332298136645965, 0.7197802197802198]"
org.joda.time.TestInterval_Constructors.testConstructor_RI_RP3,0.041970802919708027,0.0251102424269807,0.010378510378510378,0.17577169698886488,0.021420886191591736,0.0233549028538452,0.009039205081432551,5.9939172749391725,3.0219928186430494,0.7197802197802198,21.153949730501346,1.7068584165314156,2.3167885502283365,1.9261521566145223,"[""TestInterval_Constructors"", ""Interval"", ""DurationField"", ""DateTime"", ""PeriodType"", ""CopticChronology"", ""Period""]","[0.041970802919708027, 0.031857031857031856, 0.023901310717039322, 0.02372034956304619, 0.02298095863427446, 0.02096273291925466, 0.010378510378510378]","[5.9939172749391725, 5.1313131313131315, 2.87201233616037, 1.618601747815231, 0.8850952068286277, 3.9332298136645965, 0.7197802197802198]"
org.joda.time.format.TestDateTimeFormatter.testParseLocalDate_yearOfCentury,0.0718562874251497,0.034910961090426976,0.023114355231143552,0.17455480545213486,0.029357952010348944,0.03149500506473212,0.018524406792811077,10.74251497005988,4.572867810055624,2.559610705596107,22.86433905027812,3.4775918942140063,3.873560803052221,3.1086996500827095,"[""TestDateTimeFormatter"", ""GJChronology"", ""DateTimeFormatter"", ""DateTimeFormat"", ""LocalDate""]","[0.0718562874251497, 0.02727272727272727, 0.026155717761557177, 0.026155717761557177, 0.023114355231143552]","[10.74251497005988, 3.731313131313131, 2.559610705596107, 2.9197080291970803, 2.911192214111922]"
org.joda.time.format.TestDateTimeFormatter.testParseLocalDate_weekyear_month_week_2010,0.0718562874251497,0.034910961090426976,0.023114355231143552,0.17455480545213486,0.029357952010348944,0.03149500506473212,0.018524406792811077,10.74251497005988,4.572867810055624,2.559610705596107,22.86433905027812,3.4775918942140063,3.873560803052221,3.1086996500827095,"[""TestDateTimeFormatter"", ""GJChronology"", ""DateTimeFormatter"", ""DateTimeFormat"", ""LocalDate""]","[0.0718562874251497, 0.02727272727272727, 0.026155717761557177, 0.026155717761557177, 0.023114355231143552]","[10.74251497005988, 3.731313131313131, 2.559610705596107, 2.9197080291970803, 2.911192214111922]"
org.joda.time.format.TestDateTimeFormatter.testParseLocalDate_monthDay_withDefaultYear_feb29,0.0718562874251497,0.034910961090426976,0.023114355231143552,0.17455480545213486,0.029357952010348944,0.03149500506473212,0.018524406792811077,10.74251497005988,4.572867810055624,2.559610705596107,22.86433905027812,3.4775918942140063,3.873560803052221,3.1086996500827095,"[""TestDateTimeFormatter"", ""GJChronology"", ""DateTimeFormatter"", ""DateTimeFormat"", ""LocalDate""]","[0.0718562874251497, 0.02727272727272727, 0.026155717761557177, 0.026155717761557177, 0.023114355231143552]","[10.74251497005988, 3.731313131313131, 2.559610705596107, 2.9197080291970803, 2.911192214111922]"
org.joda.time.format.TestDateTimeFormatter.testParseLocalDate_weekyear_month_week_2012,0.0718562874251497,0.034910961090426976,0.023114355231143552,0.17455480545213486,0.029357952010348944,0.03149500506473212,0.018524406792811077,10.74251497005988,4.572867810055624,2.559610705596107,22.86433905027812,3.4775918942140063,3.873560803052221,3.1086996500827095,"[""TestDateTimeFormatter"", ""GJChronology"", ""DateTimeFormatter"", ""DateTimeFormat"", ""LocalDate""]","[0.0718562874251497, 0.02727272727272727, 0.026155717761557177, 0.026155717761557177, 0.023114355231143552]","[10.74251497005988, 3.731313131313131, 2.559610705596107, 2.9197080291970803, 2.911192214111922]"
org.joda.time.format.TestDateTimeFormatter.testParseLocalDate_year_month_week_2016,0.0718562874251497,0.034910961090426976,0.023114355231143552,0.17455480545213486,0.029357952010348944,0.03149500506473212,0.018524406792811077,10.74251497005988,4.572867810055624,2.559610705596107,22.86433905027812,3.4775918942140063,3.873560803052221,3.1086996500827095,"[""TestDateTimeFormatter"", ""GJChronology"", ""DateTimeFormatter"", ""DateTimeFormat"", ""LocalDate""]","[0.0718562874251497, 0.02727272727272727, 0.026155717761557177, 0.026155717761557177, 0.023114355231143552]","[10.74251497005988, 3.731313131313131, 2.559610705596107, 2.9197080291970803, 2.911192214111922]"
org.joda.time.format.TestDateTimeFormatter.testParseLocalDate_year_month_week_2011,0.0718562874251497,0.034910961090426976,0.023114355231143552,0.17455480545213486,0.029357952010348944,0.03149500506473212,0.018524406792811077,10.74251497005988,4.572867810055624,2.559610705596107,22.86433905027812,3.4775918942140063,3.873560803052221,3.1086996500827095,"[""TestDateTimeFormatter"", ""GJChronology"", ""DateTimeFormatter"", ""DateTimeFormat"", ""LocalDate""]","[0.0718562874251497, 0.02727272727272727, 0.026155717761557177, 0.026155717761557177, 0.023114355231143552]","[10.74251497005988, 3.731313131313131, 2.559610705596107, 2.9197080291970803, 2.911192214111922]"
org.joda.time.format.TestDateTimeFormatter.testParseLocalDate_year_month_week_2013,0.0718562874251497,0.034910961090426976,0.023114355231143552,0.17455480545213486,0.029357952010348944,0.03149500506473212,0.018524406792811077,10.74251497005988,4.572867810055624,2.559610705596107,22.86433905027812,3.4775918942140063,3.873560803052221,3.1086996500827095,"[""TestDateTimeFormatter"", ""GJChronology"", ""DateTimeFormatter"", ""DateTimeFormat"", ""LocalDate""]","[0.0718562874251497, 0.02727272727272727, 0.026155717761557177, 0.026155717761557177, 0.023114355231143552]","[10.74251497005988, 3.731313131313131, 2.559610705596107, 2.9197080291970803, 2.911192214111922]"
org.joda.time.format.TestDateTimeFormatter.testParseLocalDate_weekyear_month_week_2011,0.0718562874251497,0.034910961090426976,0.023114355231143552,0.17455480545213486,0.029357952010348944,0.03149500506473212,0.018524406792811077,10.74251497005988,4.572867810055624,2.559610705596107,22.86433905027812,3.4775918942140063,3.873560803052221,3.1086996500827095,"[""TestDateTimeFormatter"", ""GJChronology"", ""DateTimeFormatter"", ""DateTimeFormat"", ""LocalDate""]","[0.0718562874251497, 0.02727272727272727, 0.026155717761557177, 0.026155717761557177, 0.023114355231143552]","[10.74251497005988, 3.731313131313131, 2.559610705596107, 2.9197080291970803, 2.911192214111922]"
org.joda.time.format.TestDateTimeFormatter.testParseLocalDate_monthDay_feb29,0.0718562874251497,0.034910961090426976,0.023114355231143552,0.17455480545213486,0.029357952010348944,0.03149500506473212,0.018524406792811077,10.74251497005988,4.572867810055624,2.559610705596107,22.86433905027812,3.4775918942140063,3.873560803052221,3.1086996500827095,"[""TestDateTimeFormatter"", ""GJChronology"", ""DateTimeFormatter"", ""DateTimeFormat"", ""LocalDate""]","[0.0718562874251497, 0.02727272727272727, 0.026155717761557177, 0.026155717761557177, 0.023114355231143552]","[10.74251497005988, 3.731313131313131, 2.559610705596107, 2.9197080291970803, 2.911192214111922]"
org.joda.time.format.TestDateTimeFormatter.testParseLocalDate_yearOfEra,0.0718562874251497,0.034910961090426976,0.023114355231143552,0.17455480545213486,0.029357952010348944,0.03149500506473212,0.018524406792811077,10.74251497005988,4.572867810055624,2.559610705596107,22.86433905027812,3.4775918942140063,3.873560803052221,3.1086996500827095,"[""TestDateTimeFormatter"", ""GJChronology"", ""DateTimeFormatter"", ""DateTimeFormat"", ""LocalDate""]","[0.0718562874251497, 0.02727272727272727, 0.026155717761557177, 0.026155717761557177, 0.023114355231143552]","[10.74251497005988, 3.731313131313131, 2.559610705596107, 2.9197080291970803, 2.911192214111922]"
org.joda.time.format.TestDateTimeFormatter.testParseLocalDate_year_month_week_2012,0.0718562874251497,0.034910961090426976,0.023114355231143552,0.17455480545213486,0.029357952010348944,0.03149500506473212,0.018524406792811077,10.74251497005988,4.572867810055624,2.559610705596107,22.86433905027812,3.4775918942140063,3.873560803052221,3.1086996500827095,"[""TestDateTimeFormatter"", ""GJChronology"", ""DateTimeFormatter"", ""DateTimeFormat"", ""LocalDate""]","[0.0718562874251497, 0.02727272727272727, 0.026155717761557177, 0.026155717761557177, 0.023114355231143552]","[10.74251497005988, 3.731313131313131, 2.559610705596107, 2.9197080291970803, 2.911192214111922]"
org.joda.time.format.TestDateTimeFormatter.testParseLocalDate_year_month_week_2010,0.0718562874251497,0.034910961090426976,0.023114355231143552,0.17455480545213486,0.029357952010348944,0.03149500506473212,0.018524406792811077,10.74251497005988,4.572867810055624,2.559610705596107,22.86433905027812,3.4775918942140063,3.873560803052221,3.1086996500827095,"[""TestDateTimeFormatter"", ""GJChronology"", ""DateTimeFormatter"", ""DateTimeFormat"", ""LocalDate""]","[0.0718562874251497, 0.02727272727272727, 0.026155717761557177, 0.026155717761557177, 0.023114355231143552]","[10.74251497005988, 3.731313131313131, 2.559610705596107, 2.9197080291970803, 2.911192214111922]"
org.joda.time.format.TestDateTimeFormatter.testParseLocalDate_year_month_week_2014,0.0718562874251497,0.034910961090426976,0.023114355231143552,0.17455480545213486,0.029357952010348944,0.03149500506473212,0.018524406792811077,10.74251497005988,4.572867810055624,2.559610705596107,22.86433905027812,3.4775918942140063,3.873560803052221,3.1086996500827095,"[""TestDateTimeFormatter"", ""GJChronology"", ""DateTimeFormatter"", ""DateTimeFormat"", ""LocalDate""]","[0.0718562874251497, 0.02727272727272727, 0.026155717761557177, 0.026155717761557177, 0.023114355231143552]","[10.74251497005988, 3.731313131313131, 2.559610705596107, 2.9197080291970803, 2.911192214111922]"
org.joda.time.format.TestDateTimeFormatter.testParseLocalDate_year_month_week_2015,0.0718562874251497,0.034910961090426976,0.023114355231143552,0.17455480545213486,0.029357952010348944,0.03149500506473212,0.018524406792811077,10.74251497005988,4.572867810055624,2.559610705596107,22.86433905027812,3.4775918942140063,3.873560803052221,3.1086996500827095,"[""TestDateTimeFormatter"", ""GJChronology"", ""DateTimeFormatter"", ""DateTimeFormat"", ""LocalDate""]","[0.0718562874251497, 0.02727272727272727, 0.026155717761557177, 0.026155717761557177, 0.023114355231143552]","[10.74251497005988, 3.731313131313131, 2.559610705596107, 2.9197080291970803, 2.911192214111922]"
org.joda.time.TestDateTimeZoneCutover.test_LocalDate_toDateMidnight_Turk,0.0718562874251497,0.05753261675206817,0.046511627906976744,0.17259785025620453,0.0557034102865631,0.05659201176484075,0.010607190076098718,11.47939262472885,7.539085477332677,0.3953488372093023,22.617256431998033,1.1071693998772474,3.6531579315700284,5.060334445934611,"[""IllegalInstantException"", ""String"", ""TestDateTimeZoneCutover"", ""LocalDate""]","[0.0718562874251497, 0.05422993492407809, 0.046511627906976744]","[10.74251497005988, 11.47939262472885, 0.3953488372093023]"
org.joda.time.TestDateTimeZoneCutover.test_LocalDate_toDateMidnight_Gaza,0.0718562874251497,0.05753261675206817,0.046511627906976744,0.17259785025620453,0.0557034102865631,0.05659201176484075,0.010607190076098718,11.47939262472885,7.539085477332677,0.3953488372093023,22.617256431998033,1.1071693998772474,3.6531579315700284,5.060334445934611,"[""IllegalInstantException"", ""String"", ""TestDateTimeZoneCutover"", ""LocalDate""]","[0.0718562874251497, 0.05422993492407809, 0.046511627906976744]","[10.74251497005988, 11.47939262472885, 0.3953488372093023]"
org.joda.time.TestDateTimeUtils.testGetInstantChronology_RI,0.041970802919708027,0.024654035190851346,0.015206812652068127,0.17257824633595942,0.02221740857233777,0.023361259382564073,0.008405786443839276,5.9939172749391725,2.053103282136395,0.7195863746958637,14.371722974954764,1.3766638050260398,1.6259264811204375,1.669503688305072,"[""BuddhistChronology"", ""AbstractInstant"", ""Instant"", ""TestDateTimeUtils$6"", ""ISOChronology"", ""TestDateTimeUtils"", ""DateTime"", ""DateTimeUtils""]","[0.041970802919708027, 0.02710027100271003, 0.02625656414103526, 0.026155717761557177, 0.019464720194647202, 0.016423357664233577, 0.015206812652068127]","[5.9939172749391725, 1.5562330623306233, 2.0375093773443362, 1.9227493917274938, 1.0048661800486618, 1.1368613138686132, 0.7195863746958637]"
org.joda.time.TestMutableDateTime_Basics.testEqualsHashCode,0.041970802919708027,0.02462653950701892,0.015206812652068127,0.17238577654913242,0.02158654055645248,0.02296550036525562,0.009594280611948242,5.9939172749391725,2.605129705463696,0.6593673965936739,18.235907938245873,1.4945509284291976,1.9993392274882036,1.7754262855118002,"[""TestMutableDateTime_Basics$MockEqualsChronology"", ""BaseChronology"", ""AbstractInstant"", ""MutableDateTime"", ""GregorianChronology"", ""TestMutableDateTime_Basics"", ""ISOChronology"", ""TestMutableDateTime_Basics$MockInstant"", ""DateTime""]","[0.041970802919708027, 0.03527980535279805, 0.026155717761557177, 0.019316493313521546, 0.018032786885245903, 0.016423357664233577, 0.015206812652068127]","[5.9939172749391725, 4.203771289537713, 1.9227493917274938, 2.598811292719168, 2.137704918032787, 0.6593673965936739, 0.7195863746958637]"
org.joda.time.field.TestBaseDateTimeField.test_add_RP_int_intarray_int,0.04654346338124572,0.019067777657188825,0.007662835249042145,0.1716099989146994,0.014891421522868091,0.016686505281737048,0.010971320935875209,4.317590691307323,1.682845801483411,0.08812260536398467,15.145612213350699,0.494157335998331,1.0987362876765874,1.2471264225471888,"[""TestBaseDateTimeField$MockStandardBaseDateTimeField"", ""BaseDateTimeField"", ""TimeOfDay"", ""Arrays"", ""TestBaseDateTimeField"", ""DateTimeFieldType"", ""TestBaseDateTimeField$MockPartial"", ""BaseDurationField"", ""BasePartial"", ""DurationFieldType"", ""ISOChronology"", ""TestBaseDateTimeField$MockBaseDateTimeField"", ""TestBaseDateTimeField$MockCountingDurationField""]","[0.04654346338124572, 0.025389025389025387, 0.021408839779005526, 0.017691659646166806, 0.015206812652068127, 0.014134275618374558, 0.013479359730412805, 0.010093727469358327, 0.007662835249042145]","[4.317590691307323, 1.1670761670761671, 2.5476519337016574, 2.2350463352990735, 0.7195863746958637, 2.393992932862191, 1.2468407750631845, 0.4297043979812545, 0.08812260536398467]"
org.joda.time.TestDateTimeZoneCutover.testBug2182444_ausNSW,0.05422993492407809,0.034203651218392264,0.016423357664233577,0.1710182560919613,0.02792229180817593,0.031027003518483684,0.01410070194785902,11.47939262472885,4.801109668498081,0.6593673965936739,24.005548342490407,2.018001966105872,3.2750645266894924,3.7620609099929743,"[""DateTimeZone"", ""GregorianChronology"", ""DateTime"", ""Chronology"", ""TestDateTimeZoneCutover""]","[0.05422993492407809, 0.041970802919708027, 0.03832116788321168, 0.020072992700729927, 0.016423357664233577]","[11.47939262472885, 5.9939172749391725, 3.5, 2.3728710462287106, 0.6593673965936739]"
org.joda.time.TestDateTimeZoneCutover.testBug2182444_usCentral,0.05422993492407809,0.034203651218392264,0.016423357664233577,0.1710182560919613,0.02792229180817593,0.031027003518483684,0.01410070194785902,11.47939262472885,4.801109668498081,0.6593673965936739,24.005548342490407,2.018001966105872,3.2750645266894924,3.7620609099929743,"[""DateTimeZone"", ""GregorianChronology"", ""DateTime"", ""Chronology"", ""TestDateTimeZoneCutover""]","[0.05422993492407809, 0.041970802919708027, 0.03832116788321168, 0.020072992700729927, 0.016423357664233577]","[11.47939262472885, 5.9939172749391725, 3.5, 2.3728710462287106, 0.6593673965936739]"
org.joda.time.TestLocalDate_Constructors.testConstructor_nullDateTimeZone,0.0718562874251497,0.04261908761527452,0.02710027100271003,0.17047635046109808,0.0368715048446584,0.039421403172628974,0.01779673614506867,10.74251497005988,5.549838177532263,1.5562330623306233,22.19935271012905,3.4528226152246337,4.448104719135365,3.384151474191079,"[""DateTimeUtils"", ""LocalDate"", ""TestLocalDate_Constructors"", ""DateTime""]","[0.0718562874251497, 0.041970802919708027, 0.029548989113530325, 0.02710027100271003]","[10.74251497005988, 5.9939172749391725, 3.906687402799378, 1.5562330623306233]"
org.joda.time.TestLocalDate_Constructors.testConstructor_DateTimeZone,0.0718562874251497,0.04261908761527452,0.02710027100271003,0.17047635046109808,0.0368715048446584,0.039421403172628974,0.01779673614506867,10.74251497005988,5.549838177532263,1.5562330623306233,22.19935271012905,3.4528226152246337,4.448104719135365,3.384151474191079,"[""DateTimeUtils"", ""LocalDate"", ""TestLocalDate_Constructors"", ""DateTime""]","[0.0718562874251497, 0.041970802919708027, 0.029548989113530325, 0.02710027100271003]","[10.74251497005988, 5.9939172749391725, 3.906687402799378, 1.5562330623306233]"
org.joda.time.TestYearMonthDay_Basics.testCompareTo,0.04654346338124572,0.028237909969901064,0.016423357664233577,0.16942745981940638,0.024446358212933724,0.02620763558951695,0.011101848396581177,4.317590691307323,2.981779565584263,0.6593673965936739,17.890677393505577,1.9744538715730522,2.567979362316858,1.2079157556497584,"[""YearMonthDay"", ""TimeOfDay"", ""DateTimeFieldType"", ""GregorianChronology"", ""TestYearMonthDay_Basics"", ""Partial""]","[0.04654346338124572, 0.03952011291460833, 0.024943310657596373, 0.024305555555555556, 0.017691659646166806, 0.016423357664233577]","[4.317590691307323, 3.5356386732533522, 3.6621315192743764, 3.4809027777777777, 2.2350463352990735, 0.6593673965936739]"
org.joda.time.TestLocalDate_Constructors.testParse_formatter,0.0718562874251497,0.033784704942772505,0.015206812652068127,0.16892352471386252,0.026318021212947885,0.029433084457354607,0.019641423849028113,10.74251497005988,4.169621496469662,0.7195863746958637,20.84810748234831,2.0227101354809003,2.9559846918415866,3.4446835476325104,"[""DateTimeFormatter"", ""DateTimeFormat"", ""LocalDate"", ""ISOChronology"", ""TestLocalDate_Constructors""]","[0.0718562874251497, 0.029548989113530325, 0.026155717761557177, 0.026155717761557177, 0.015206812652068127]","[10.74251497005988, 3.906687402799378, 2.559610705596107, 2.9197080291970803, 0.7195863746958637]"
org.joda.time.TestYearMonth_Basics.testCompareTo,0.05547226386806597,0.027860361797238525,0.016423357664233577,0.16716217078343115,0.02273011414936087,0.024916058343139442,0.014169666931896337,8.113943028485757,4.261967344854427,0.6593673965936739,25.571804069126564,2.1865167949971647,3.279444530226739,2.507203936912985,"[""DateTimeFieldType"", ""YearMonth"", ""TestYearMonth_Basics"", ""LocalTime"", ""GregorianChronology"", ""Partial""]","[0.05547226386806597, 0.03618421052631579, 0.024943310657596373, 0.017691659646166806, 0.01644736842105263, 0.016423357664233577]","[8.113943028485757, 6.592105263157895, 3.6621315192743764, 2.2350463352990735, 4.309210526315789, 0.6593673965936739]"
org.joda.time.TestPeriod_Constructors.testConstructor_RP_RP_PeriodType6,0.04654346338124572,0.033353740251608595,0.02096273291925466,0.16676870125804297,0.030913062254228876,0.03213225971681067,0.008918220980972981,5.54841208365608,4.493236878638896,3.5356386732533522,22.46618439319448,4.37138366286924,4.431708419983793,0.7459208854044391,"[""YearMonthDay"", ""TimeOfDay"", ""TestPeriod_Constructors"", ""PeriodType"", ""Period""]","[0.04654346338124572, 0.03952011291460833, 0.031857031857031856, 0.027885360185902403, 0.02096273291925466]","[4.317590691307323, 3.5356386732533522, 5.1313131313131315, 5.54841208365608, 3.9332298136645965]"
org.joda.time.TestLocalDate_Basics.testToLocalDateTime_wrongChronologyLocalTime,0.0718562874251497,0.05555429773313946,0.039334341906202726,0.16666289319941838,0.0522950824623023,0.0539226033097292,0.013277155374316266,10.74251497005988,8.655632242581275,7.110438729198185,25.966896727743823,8.404043772699199,8.525989104899985,1.5314622333701362,"[""TestLocalDate_Basics"", ""LocalTime"", ""LocalDate""]","[0.0718562874251497, 0.05547226386806597, 0.039334341906202726]","[10.74251497005988, 8.113943028485757, 7.110438729198185]"
org.joda.time.TestLocalDate_Basics.testToDateTime_wrongChronoLocalTime_Zone,0.0718562874251497,0.05555429773313946,0.039334341906202726,0.16666289319941838,0.0522950824623023,0.0539226033097292,0.013277155374316266,10.74251497005988,8.655632242581275,7.110438729198185,25.966896727743823,8.404043772699199,8.525989104899985,1.5314622333701362,"[""TestLocalDate_Basics"", ""LocalTime"", ""LocalDate""]","[0.0718562874251497, 0.05547226386806597, 0.039334341906202726]","[10.74251497005988, 8.113943028485757, 7.110438729198185]"
org.joda.time.TestInterval_Constructors.testConstructor_RI_RP2,0.041970802919708027,0.0237856483260073,0.010378510378510378,0.1664995382820511,0.01984684605964805,0.02178509906696533,0.009767898668589845,5.9939172749391725,2.5800110378218073,0.7195863746958637,18.06007726475265,1.3720431365344654,1.8508853571456378,2.020473448609528,"[""TestInterval_Constructors"", ""Interval"", ""DurationField"", ""Instant"", ""ISOChronology"", ""DateTime"", ""Period""]","[0.041970802919708027, 0.031857031857031856, 0.023901310717039322, 0.02372034956304619, 0.019464720194647202, 0.015206812652068127, 0.010378510378510378]","[5.9939172749391725, 5.1313131313131315, 2.87201233616037, 1.618601747815231, 1.0048661800486618, 0.7195863746958637, 0.7197802197802198]"
org.joda.time.TestInterval_Constructors.testConstructor_RP_RI2,0.041970802919708027,0.0237856483260073,0.010378510378510378,0.1664995382820511,0.01984684605964805,0.02178509906696533,0.009767898668589845,5.9939172749391725,2.5800110378218073,0.7195863746958637,18.06007726475265,1.3720431365344654,1.8508853571456378,2.020473448609528,"[""TestInterval_Constructors"", ""Interval"", ""DurationField"", ""Instant"", ""ISOChronology"", ""DateTime"", ""Period""]","[0.041970802919708027, 0.031857031857031856, 0.023901310717039322, 0.02372034956304619, 0.019464720194647202, 0.015206812652068127, 0.010378510378510378]","[5.9939172749391725, 5.1313131313131315, 2.87201233616037, 1.618601747815231, 1.0048661800486618, 0.7195863746958637, 0.7197802197802198]"
org.joda.time.TestLocalDateTime_Basics.testEqualsHashCode,0.061377245508982034,0.027425039890377968,0.012073863636363636,0.1645502393422678,0.021369702858499692,0.02389985600511863,0.016043142613775343,11.95808383233533,4.478894394797362,0.3203125,26.873366368784176,1.3316776640855303,2.788886671939959,3.803007204829485,"[""LocalDateTime"", ""Object"", ""TestLocalDateTime_Basics$MockInstant"", ""DateTimeFieldType"", ""MockPartial"", ""TestLocalDateTime_Basics"", ""Partial"", ""Chronology""]","[0.061377245508982034, 0.028391167192429023, 0.024943310657596373, 0.020072992700729927, 0.017691659646166806, 0.012073863636363636]","[11.95808383233533, 6.3249211356466875, 3.6621315192743764, 2.3728710462287106, 2.2350463352990735, 0.3203125]"
org.joda.time.format.TestDateTimeFormatterBuilder.test_printParseOffset,0.04440389294403893,0.032846715328467155,0.01338199513381995,0.1642335766423358,0.026968468443385157,0.03017025036475803,0.011579565970112695,8.052311435523114,4.275304136253041,1.2706812652068127,21.376520681265205,2.849974180504392,3.531685151830608,2.4409782591456453,"[""TestDateTimeFormatterBuilder"", ""DateTimeFormatter"", ""DateTimeZone"", ""DateTimeFormatterBuilder"", ""DateTime""]","[0.04440389294403893, 0.041970802919708027, 0.03832116788321168, 0.026155717761557177, 0.01338199513381995]","[8.052311435523114, 5.9939172749391725, 3.5, 2.559610705596107, 1.2706812652068127]"
org.joda.time.format.TestDateTimeFormatterBuilder.test_parseWrongOffset,0.04440389294403893,0.032846715328467155,0.01338199513381995,0.1642335766423358,0.026968468443385157,0.03017025036475803,0.011579565970112695,8.052311435523114,4.275304136253041,1.2706812652068127,21.376520681265205,2.849974180504392,3.531685151830608,2.4409782591456453,"[""TestDateTimeFormatterBuilder"", ""DateTimeFormatter"", ""DateTimeZone"", ""DateTimeFormatterBuilder"", ""DateTime""]","[0.04440389294403893, 0.041970802919708027, 0.03832116788321168, 0.026155717761557177, 0.01338199513381995]","[8.052311435523114, 5.9939172749391725, 3.5, 2.559610705596107, 1.2706812652068127]"
org.joda.time.format.TestDateTimeFormatterBuilder.test_printParseZoneBahiaBanderas,0.04440389294403893,0.032846715328467155,0.01338199513381995,0.1642335766423358,0.026968468443385157,0.03017025036475803,0.011579565970112695,8.052311435523114,4.275304136253041,1.2706812652068127,21.376520681265205,2.849974180504392,3.531685151830608,2.4409782591456453,"[""TestDateTimeFormatterBuilder"", ""DateTimeFormatter"", ""DateTimeZone"", ""DateTimeFormatterBuilder"", ""DateTime""]","[0.04440389294403893, 0.041970802919708027, 0.03832116788321168, 0.026155717761557177, 0.01338199513381995]","[8.052311435523114, 5.9939172749391725, 3.5, 2.559610705596107, 1.2706812652068127]"
org.joda.time.format.TestDateTimeFormatterBuilder.test_printParseZoneDawsonCreek,0.04440389294403893,0.032846715328467155,0.01338199513381995,0.1642335766423358,0.026968468443385157,0.03017025036475803,0.011579565970112695,8.052311435523114,4.275304136253041,1.2706812652068127,21.376520681265205,2.849974180504392,3.531685151830608,2.4409782591456453,"[""TestDateTimeFormatterBuilder"", ""DateTimeFormatter"", ""DateTimeZone"", ""DateTimeFormatterBuilder"", ""DateTime""]","[0.04440389294403893, 0.041970802919708027, 0.03832116788321168, 0.026155717761557177, 0.01338199513381995]","[8.052311435523114, 5.9939172749391725, 3.5, 2.559610705596107, 1.2706812652068127]"
org.joda.time.format.TestDateTimeFormatterBuilder.test_printParseOffsetAndZone,0.04440389294403893,0.032846715328467155,0.01338199513381995,0.1642335766423358,0.026968468443385157,0.03017025036475803,0.011579565970112695,8.052311435523114,4.275304136253041,1.2706812652068127,21.376520681265205,2.849974180504392,3.531685151830608,2.4409782591456453,"[""TestDateTimeFormatterBuilder"", ""DateTimeFormatter"", ""DateTimeZone"", ""DateTimeFormatterBuilder"", ""DateTime""]","[0.04440389294403893, 0.041970802919708027, 0.03832116788321168, 0.026155717761557177, 0.01338199513381995]","[8.052311435523114, 5.9939172749391725, 3.5, 2.559610705596107, 1.2706812652068127]"
org.joda.time.format.TestDateTimeFormatterBuilder.test_parseWrongOffsetAndZone,0.04440389294403893,0.032846715328467155,0.01338199513381995,0.1642335766423358,0.026968468443385157,0.03017025036475803,0.011579565970112695,8.052311435523114,4.275304136253041,1.2706812652068127,21.376520681265205,2.849974180504392,3.531685151830608,2.4409782591456453,"[""TestDateTimeFormatterBuilder"", ""DateTimeFormatter"", ""DateTimeZone"", ""DateTimeFormatterBuilder"", ""DateTime""]","[0.04440389294403893, 0.041970802919708027, 0.03832116788321168, 0.026155717761557177, 0.01338199513381995]","[8.052311435523114, 5.9939172749391725, 3.5, 2.559610705596107, 1.2706812652068127]"
org.joda.time.format.TestDateTimeFormatter.testParseLocalDateTime_monthDay_feb29,0.061377245508982034,0.03281515270719344,0.023114355231143552,0.1640757635359672,0.02895401471698704,0.030517588057824497,0.014347914442010449,11.95808383233533,4.815981582510714,2.559610705596107,24.079907912553573,3.5006310711074433,3.9575052774864314,3.5916964141509338,"[""TestDateTimeFormatter"", ""LocalDateTime"", ""GJChronology"", ""DateTimeFormatter"", ""DateTimeFormat""]","[0.061377245508982034, 0.02727272727272727, 0.026155717761557177, 0.026155717761557177, 0.023114355231143552]","[11.95808383233533, 3.731313131313131, 2.559610705596107, 2.9197080291970803, 2.911192214111922]"
org.joda.time.format.TestDateTimeFormatter.testParseLocalDateTime_monthDay_withDefaultYear_feb29,0.061377245508982034,0.03281515270719344,0.023114355231143552,0.1640757635359672,0.02895401471698704,0.030517588057824497,0.014347914442010449,11.95808383233533,4.815981582510714,2.559610705596107,24.079907912553573,3.5006310711074433,3.9575052774864314,3.5916964141509338,"[""TestDateTimeFormatter"", ""LocalDateTime"", ""GJChronology"", ""DateTimeFormatter"", ""DateTimeFormat""]","[0.061377245508982034, 0.02727272727272727, 0.026155717761557177, 0.026155717761557177, 0.023114355231143552]","[11.95808383233533, 3.731313131313131, 2.559610705596107, 2.9197080291970803, 2.911192214111922]"
org.joda.time.TestLocalDateTime_Constructors.testConstructor_ObjectLocalDate,0.0718562874251497,0.05443227469112408,0.030063291139240507,0.16329682407337223,0.04726455781751134,0.050992099935578634,0.01775458812784607,11.95808383233533,9.259904242148615,5.079113924050633,27.779712726445844,8.030016314288074,8.673316044302304,2.997627692877572,"[""TestLocalDateTime_Constructors"", ""LocalDateTime"", ""LocalDate""]","[0.0718562874251497, 0.061377245508982034, 0.030063291139240507]","[10.74251497005988, 11.95808383233533, 5.079113924050633]"
org.joda.time.format.TestDateTimeFormatter.testParseDateTime_zone3,0.04440389294403893,0.03258349922583499,0.023114355231143552,0.16291749612917497,0.03039347066114254,0.03144192040556355,0.008798051370354547,8.052311435523114,4.947722480277224,2.559610705596107,24.73861240138612,4.248421630547154,4.586197291856857,1.9086187958249652,"[""TestDateTimeFormatter"", ""DateTimeFormatter"", ""ISODateTimeFormat"", ""DateTimeFormatterBuilder"", ""DateTime""]","[0.04440389294403893, 0.041970802919708027, 0.02727272727272727, 0.026155717761557177, 0.023114355231143552]","[8.052311435523114, 5.9939172749391725, 3.731313131313131, 2.559610705596107, 4.401459854014599]"
org.joda.time.TestPeriod_Constructors.testFactoryFieldDifference1,0.03952011291460833,0.027143368030093405,0.017691659646166806,0.16286020818056043,0.025329991877074454,0.026217727966967624,0.0071685457283821525,5.54841208365608,4.007628592743435,2.2350463352990735,24.04577155646061,3.674950663170757,3.846854989179652,1.0898322850864453,"[""YearMonthDay"", ""DateTimeFieldType"", ""TestPeriod_Constructors"", ""Partial"", ""PeriodType"", ""Period""]","[0.03952011291460833, 0.031857031857031856, 0.027885360185902403, 0.024943310657596373, 0.02096273291925466, 0.017691659646166806]","[3.5356386732533522, 5.1313131313131315, 5.54841208365608, 3.6621315192743764, 3.9332298136645965, 2.2350463352990735]"
org.joda.time.TestLocalDate_Constructors.testConstructor_ObjectLocalDateTime,0.0718562874251497,0.05426084068255402,0.029548989113530325,0.16278252204766205,0.046837343612474595,0.05069964663275554,0.01798998398826958,11.95808383233533,8.86909540173153,3.906687402799378,26.607286205194587,6.933452881942841,7.946796182401116,3.543869991561274,"[""LocalDateTime"", ""TestLocalDate_Constructors"", ""LocalDate""]","[0.0718562874251497, 0.061377245508982034, 0.029548989113530325]","[10.74251497005988, 11.95808383233533, 3.906687402799378]"
org.joda.time.TestMonths.testFactory_monthsBetween_RPartial_LocalDate,0.0718562874251497,0.040456712697552126,0.023423423423423424,0.1618268507902085,0.03363816638108623,0.03661701173245476,0.019087298872107663,10.74251497005988,4.786655527945425,2.2414414414414416,19.1466221117817,3.3257884551870527,3.8671538056986394,3.470569653279736,"[""YearMonthDay"", ""Months"", ""TestMonths"", ""LocalDate""]","[0.0718562874251497, 0.03952011291460833, 0.02702702702702703, 0.023423423423423424]","[10.74251497005988, 3.5356386732533522, 2.627027027027027, 2.2414414414414416]"
org.joda.time.TestDays.testFactory_daysBetween_RPartial_LocalDate,0.0718562874251497,0.040456712697552126,0.023423423423423424,0.1618268507902085,0.03363816638108623,0.03661701173245476,0.019087298872107663,10.74251497005988,5.043412284702181,2.745945945945946,20.173649138808724,3.782143425760915,4.257244254697182,3.302204578722772,"[""Days"", ""YearMonthDay"", ""TestDays"", ""LocalDate""]","[0.0718562874251497, 0.03952011291460833, 0.02702702702702703, 0.023423423423423424]","[10.74251497005988, 3.5356386732533522, 3.1495495495495494, 2.745945945945946]"
org.joda.time.TestLocalDateTime_Basics.testToLocalDate,0.0718562874251497,0.05387490004218692,0.028391167192429023,0.16162470012656074,0.045849425846733696,0.05002861409553917,0.018520584221141115,11.95808383233533,9.675173312680633,6.3249211356466875,29.025519938041896,8.960085123673869,9.331272924260405,2.4204054966091837,"[""LocalDateTime"", ""LocalDate"", ""TestLocalDateTime_Basics""]","[0.0718562874251497, 0.061377245508982034, 0.028391167192429023]","[10.74251497005988, 11.95808383233533, 6.3249211356466875]"
org.joda.time.TestYearMonthDay_Basics.testToInterval_nullZone,0.041970802919708027,0.03227477056199,0.02372034956304619,0.16137385280994998,0.03052118199269244,0.031387699076750285,0.007528200865547235,5.9939172749391725,3.952074721019733,1.618601747815231,19.760373605098664,3.226532901360903,3.6095063262243423,1.5099829364573034,"[""YearMonthDay"", ""Interval"", ""TestYearMonthDay_Basics"", ""DateTime"", ""Period""]","[0.041970802919708027, 0.03952011291460833, 0.031857031857031856, 0.024305555555555556, 0.02372034956304619]","[5.9939172749391725, 3.5356386732533522, 5.1313131313131315, 3.4809027777777777, 1.618601747815231]"
org.joda.time.TestYearMonthDay_Basics.testToInterval_Zone,0.041970802919708027,0.03227477056199,0.02372034956304619,0.16137385280994998,0.03052118199269244,0.031387699076750285,0.007528200865547235,5.9939172749391725,3.952074721019733,1.618601747815231,19.760373605098664,3.226532901360903,3.6095063262243423,1.5099829364573034,"[""YearMonthDay"", ""Interval"", ""TestYearMonthDay_Basics"", ""DateTime"", ""Period""]","[0.041970802919708027, 0.03952011291460833, 0.031857031857031856, 0.024305555555555556, 0.02372034956304619]","[5.9939172749391725, 3.5356386732533522, 5.1313131313131315, 3.4809027777777777, 1.618601747815231]"
org.joda.time.TestYearMonthDay_Basics.testToInterval,0.041970802919708027,0.03227477056199,0.02372034956304619,0.16137385280994998,0.03052118199269244,0.031387699076750285,0.007528200865547235,5.9939172749391725,3.952074721019733,1.618601747815231,19.760373605098664,3.226532901360903,3.6095063262243423,1.5099829364573034,"[""YearMonthDay"", ""Interval"", ""TestYearMonthDay_Basics"", ""DateTime"", ""Period""]","[0.041970802919708027, 0.03952011291460833, 0.031857031857031856, 0.024305555555555556, 0.02372034956304619]","[5.9939172749391725, 3.5356386732533522, 5.1313131313131315, 3.4809027777777777, 1.618601747815231]"
org.joda.time.format.TestDateTimeFormat.testFormat_weekyearOfEra_twoDigit,0.04440389294403893,0.03223844282238443,0.022506082725060828,0.16119221411192214,0.029896405913661248,0.031014180064068114,0.009071217460976763,8.052311435523114,4.668734793187348,2.559610705596107,23.34367396593674,3.887672053823146,4.244230804820251,2.070542584723615,"[""TestDateTimeFormat"", ""DateTimeFormatter"", ""DateTimeFormat"", ""DateTimeFormatterBuilder"", ""DateTime"", ""Integer""]","[0.04440389294403893, 0.041970802919708027, 0.026155717761557177, 0.026155717761557177, 0.022506082725060828]","[8.052311435523114, 5.9939172749391725, 2.559610705596107, 2.9197080291970803, 3.818126520681265]"
org.joda.time.format.TestDateTimeFormat.testFormat_year_twoDigit,0.04440389294403893,0.03223844282238443,0.022506082725060828,0.16119221411192214,0.029896405913661248,0.031014180064068114,0.009071217460976763,8.052311435523114,4.668734793187348,2.559610705596107,23.34367396593674,3.887672053823146,4.244230804820251,2.070542584723615,"[""TestDateTimeFormat"", ""DateTimeFormatter"", ""DateTimeFormat"", ""DateTimeFormatterBuilder"", ""DateTime"", ""Integer""]","[0.04440389294403893, 0.041970802919708027, 0.026155717761557177, 0.026155717761557177, 0.022506082725060828]","[8.052311435523114, 5.9939172749391725, 2.559610705596107, 2.9197080291970803, 3.818126520681265]"
org.joda.time.format.TestTextFields.testMonthNames_monthEnd,0.041970802919708027,0.023023666730643284,0.015180265654648957,0.16116566711450298,0.020430006459826233,0.021587895907063864,0.008892261179692353,5.9939172749391725,2.454183839770898,0.7182163187855788,17.179286878396287,1.511527932770484,1.9418642468626408,1.6517881521566413,"[""TestTextFields"", ""DateTimeField"", ""DateTimeFormatter"", ""DateTimeFormat"", ""ISOChronology"", ""DateTime"", ""Chronology""]","[0.041970802919708027, 0.026155717761557177, 0.026155717761557177, 0.020072992700729927, 0.016423357664233577, 0.015206812652068127, 0.015180265654648957]","[5.9939172749391725, 2.559610705596107, 2.9197080291970803, 2.3728710462287106, 1.8953771289537713, 0.7195863746958637, 0.7182163187855788]"
org.joda.time.convert.TestCalendarConverter.testGetChronology_Object_nullChronology,0.023114355231143552,0.01236805750319462,0.0026666666666666666,0.16078474754153005,0.009035693986675655,0.01084913751029617,0.005634329753078373,2.911192214111922,0.6393753081370157,0.04933333333333333,8.311879005781204,0.22379370440128799,0.37793416992248585,0.7300278188315668,"[""TestCalendarConverter"", ""GJChronology"", ""MockUnknownTimeZone"", ""Calendar"", ""BuddhistChronology"", ""GregorianChronology"", ""MockUnknownCalendar"", ""Class"", ""JulianChronology"", ""ISOChronology"", ""CalendarConverter"", ""GregorianCalendar"", ""TimeZone"", ""Date""]","[0.023114355231143552, 0.019464720194647202, 0.016423357664233577, 0.016423357664233577, 0.015770609318996417, 0.015206812652068127, 0.0115995115995116, 0.01003584229390681, 0.007633587786259542, 0.007633587786259542, 0.007633587786259542, 0.007178750897343862, 0.0026666666666666666]","[2.911192214111922, 0.8479318734793188, 1.1368613138686132, 0.6593673965936739, 0.7003584229390681, 0.7195863746958637, 0.36446886446886445, 0.24229390681003585, 0.1984732824427481, 0.14122137404580154, 0.14122137404580154, 0.19956927494615936, 0.04933333333333333]"
org.joda.time.TestLocalDateTime_Constructors.testConstructor_DateTimeZone,0.061377245508982034,0.04012790264266015,0.02710027100271003,0.1605116105706406,0.0362706753553393,0.03806196513209436,0.013471696668781594,11.95808383233533,6.14683702341394,1.5562330623306233,24.58734809365576,3.669983181950615,4.878751890445223,3.7419129889703626,"[""TestLocalDateTime_Constructors"", ""DateTimeUtils"", ""LocalDateTime"", ""DateTime""]","[0.061377245508982034, 0.041970802919708027, 0.030063291139240507, 0.02710027100271003]","[11.95808383233533, 5.9939172749391725, 5.079113924050633, 1.5562330623306233]"
org.joda.time.TestWeeks.testFactory_weeksBetween_RPartial,0.0718562874251497,0.04000626224710167,0.023423423423423424,0.1600250489884067,0.0329068054859743,0.03599084915415835,0.019417325021163123,10.74251497005988,5.004223095512992,2.67027027027027,20.016892382051967,3.716395164356927,4.200129511578491,3.327131482575391,"[""TestWeeks"", ""YearMonthDay"", ""Weeks"", ""LocalDate""]","[0.0718562874251497, 0.03952011291460833, 0.025225225225225224, 0.023423423423423424]","[10.74251497005988, 3.5356386732533522, 3.0684684684684687, 2.67027027027027]"
org.joda.time.TestYears.testFactory_yearsBetween_RPartial,0.0718562874251497,0.04000626224710167,0.023423423423423424,0.1600250489884067,0.0329068054859743,0.03599084915415835,0.019417325021163123,10.74251497005988,4.692511383801281,2.0504504504504504,18.770045535205124,3.1416551561213595,3.713362596161526,3.535134358234741,"[""YearMonthDay"", ""Years"", ""TestYears"", ""LocalDate""]","[0.0718562874251497, 0.03952011291460833, 0.025225225225225224, 0.023423423423423424]","[10.74251497005988, 3.5356386732533522, 2.4414414414414414, 2.0504504504504504]"
org.joda.time.TestBaseSingleFieldPeriod.testEqualsHashCode,0.031857031857031856,0.022856116885770432,0.013479359730412805,0.15999281820039302,0.02160155946932272,0.022261814750134317,0.004983003895324626,5.1313131313131315,2.89107283516672,1.2468407750631845,20.23750984616704,2.4158455277385786,2.649489832688759,1.191004031371841,"[""TestBaseSingleFieldPeriod$Single"", ""TestBaseSingleFieldPeriod"", ""Hours"", ""DurationFieldType"", ""Days"", ""BaseSingleFieldPeriod"", ""PeriodType"", ""Period""]","[0.031857031857031856, 0.023423423423423424, 0.023423423423423424, 0.023423423423423424, 0.023423423423423424, 0.02096273291925466, 0.013479359730412805]","[5.1313131313131315, 2.511711711711712, 2.744144144144144, 2.745945945945946, 1.9243243243243244, 3.9332298136645965, 1.2468407750631845]"
org.joda.time.TestLocalTime_Basics.testEqualsHashCode,0.05547226386806597,0.03194529867216827,0.012073863636363636,0.15972649336084135,0.023666210319377542,0.027593325957036167,0.016390071433206692,8.113943028485757,4.045394581023907,0.3203125,20.226972905119535,1.2212312525478488,2.6706485034355363,2.6236502805320616,"[""Object"", ""TimeOfDay"", ""MockPartial"", ""LocalTime"", ""TestLocalTime_Basics"", ""TestLocalTime_Basics$MockInstant"", ""Chronology""]","[0.05547226386806597, 0.04654346338124572, 0.02556390977443609, 0.020072992700729927, 0.012073863636363636]","[8.113943028485757, 4.317590691307323, 5.102255639097744, 2.3728710462287106, 0.3203125]"
org.joda.time.TestLocalDateTime_Constructors.testParse_formatter,0.061377245508982034,0.031791756964681006,0.015206812652068127,0.15895878482340503,0.026071410194163754,0.028618250409065814,0.015600506274896661,11.95808383233533,4.647220573175003,0.7195863746958637,23.23610286587502,2.08040185654641,3.1827986433722684,3.909065832306938,"[""TestLocalDateTime_Constructors"", ""LocalDateTime"", ""DateTimeFormatter"", ""DateTimeFormat"", ""ISOChronology""]","[0.061377245508982034, 0.030063291139240507, 0.026155717761557177, 0.026155717761557177, 0.015206812652068127]","[11.95808383233533, 5.079113924050633, 2.559610705596107, 2.9197080291970803, 0.7195863746958637]"
org.joda.time.TestLocalTime_Constructors.testConstructor_ObjectLocalDate,0.0718562874251497,0.05296916622054557,0.031578947368421054,0.15890749866163673,0.04716212866905074,0.05011635052863223,0.01653814084444613,10.74251497005988,8.032353167435012,5.2406015037593985,24.097059502305036,7.36828267390499,7.701459210059747,2.246887569763168,"[""TestLocalTime_Constructors"", ""LocalTime"", ""LocalDate""]","[0.0718562874251497, 0.05547226386806597, 0.031578947368421054]","[10.74251497005988, 8.113943028485757, 5.2406015037593985]"
org.joda.time.TestMutableInterval_Constructors.testConstructor_RI_RP3,0.041970802919708027,0.022433701080333428,0.010378510378510378,0.157035907562334,0.018692431198929885,0.020422417284923222,0.01004263384984264,5.9939172749391725,2.8941011331031055,0.7195863746958637,20.258707931721737,1.5359663912257318,2.135779156089475,1.9930721194058791,"[""TestMutableInterval_Constructors"", ""DurationField"", ""MutableInterval"", ""ISOChronology"", ""DateTime"", ""PeriodType"", ""Period""]","[0.041970802919708027, 0.031857031857031856, 0.02096273291925466, 0.019350811485642945, 0.01730920535011802, 0.015206812652068127, 0.010378510378510378]","[5.9939172749391725, 5.1313131313131315, 3.9332298136645965, 1.3320848938826466, 2.4287962234461054, 0.7195863746958637, 0.7197802197802198]"
org.joda.time.TestMutableInterval_Constructors.testConstructor_RP_RI3,0.041970802919708027,0.022433701080333428,0.010378510378510378,0.157035907562334,0.018692431198929885,0.020422417284923222,0.01004263384984264,5.9939172749391725,2.8941011331031055,0.7195863746958637,20.258707931721737,1.5359663912257318,2.135779156089475,1.9930721194058791,"[""TestMutableInterval_Constructors"", ""DurationField"", ""MutableInterval"", ""ISOChronology"", ""DateTime"", ""PeriodType"", ""Period""]","[0.041970802919708027, 0.031857031857031856, 0.02096273291925466, 0.019350811485642945, 0.01730920535011802, 0.015206812652068127, 0.010378510378510378]","[5.9939172749391725, 5.1313131313131315, 3.9332298136645965, 1.3320848938826466, 2.4287962234461054, 0.7195863746958637, 0.7197802197802198]"
org.joda.time.TestLocalDate_Constructors.testConstructor_ObjectLocalTime,0.0718562874251497,0.05229251346891533,0.029548989113530325,0.15687754040674598,0.045602547169301344,0.04901862193114316,0.017417615260759474,10.74251497005988,7.587715133781671,3.906687402799378,22.763145401345014,6.351840508335222,6.9831096463808215,2.815412519235642,"[""TestLocalDate_Constructors"", ""LocalTime"", ""LocalDate""]","[0.0718562874251497, 0.05547226386806597, 0.029548989113530325]","[10.74251497005988, 8.113943028485757, 3.906687402799378]"
org.joda.time.format.TestDateTimeFormatter.testParseInto_zone3,0.04440389294403893,0.031245299712452997,0.023114355231143552,0.15622649856226498,0.029580940150237604,0.030368605120613113,0.007710035615718058,8.052311435523114,4.589693283196932,2.559610705596107,22.94846641598466,4.006559524228795,4.272070396800004,1.845651312404209,"[""TestDateTimeFormatter"", ""DateTimeFormatter"", ""ISODateTimeFormat"", ""MutableDateTime"", ""DateTimeFormatterBuilder""]","[0.04440389294403893, 0.03527980535279805, 0.02727272727272727, 0.026155717761557177, 0.023114355231143552]","[8.052311435523114, 4.203771289537713, 3.731313131313131, 2.559610705596107, 4.401459854014599]"
org.joda.time.format.TestDateTimeFormatter.testParseMutableDateTime_zone3,0.04440389294403893,0.031245299712452997,0.023114355231143552,0.15622649856226498,0.029580940150237604,0.030368605120613113,0.007710035615718058,8.052311435523114,4.589693283196932,2.559610705596107,22.94846641598466,4.006559524228795,4.272070396800004,1.845651312404209,"[""TestDateTimeFormatter"", ""DateTimeFormatter"", ""ISODateTimeFormat"", ""MutableDateTime"", ""DateTimeFormatterBuilder""]","[0.04440389294403893, 0.03527980535279805, 0.02727272727272727, 0.026155717761557177, 0.023114355231143552]","[8.052311435523114, 4.203771289537713, 3.731313131313131, 2.559610705596107, 4.401459854014599]"
org.joda.time.TestDateTimeZoneCutover.testWithMinuteOfHourInDstChange_mockZone,0.05422993492407809,0.03904173184300486,0.021645021645021644,0.15616692737201943,0.03491579726572439,0.03706771202511964,0.011645017264232237,11.47939262472885,5.368868600458131,0.5021645021645021,21.475474401832525,1.5803767641369866,3.316163441140443,4.0282337420632155,"[""DateTime"", ""DateTimeZone"", ""TestDateTimeZoneCutover"", ""MockZone""]","[0.05422993492407809, 0.041970802919708027, 0.03832116788321168, 0.021645021645021644]","[11.47939262472885, 5.9939172749391725, 3.5, 0.5021645021645021]"
org.joda.time.TestLocalTime_Constructors.testConstructor_nullDateTimeZone,0.05547226386806597,0.03903057128972627,0.02710027100271003,0.15612228515890508,0.03622539346162155,0.03757064169465421,0.01091825284651262,8.113943028485757,5.226173717378738,1.5562330623306233,20.90469486951495,3.560380236327084,4.462719786334424,2.3662900465148966,"[""DateTimeUtils"", ""TestLocalTime_Constructors"", ""LocalTime"", ""DateTime""]","[0.05547226386806597, 0.041970802919708027, 0.031578947368421054, 0.02710027100271003]","[8.113943028485757, 5.9939172749391725, 5.2406015037593985, 1.5562330623306233]"
org.joda.time.TestLocalTime_Constructors.testConstructor_DateTimeZone,0.05547226386806597,0.03903057128972627,0.02710027100271003,0.15612228515890508,0.03622539346162155,0.03757064169465421,0.01091825284651262,8.113943028485757,5.226173717378738,1.5562330623306233,20.90469486951495,3.560380236327084,4.462719786334424,2.3662900465148966,"[""DateTimeUtils"", ""TestLocalTime_Constructors"", ""LocalTime"", ""DateTime""]","[0.05547226386806597, 0.041970802919708027, 0.031578947368421054, 0.02710027100271003]","[8.113943028485757, 5.9939172749391725, 5.2406015037593985, 1.5562330623306233]"
org.joda.time.TestMutableInterval_Constructors.testConstructor_RP_RI2,0.041970802919708027,0.022219699262532363,0.010378510378510378,0.15553789483772654,0.01851095651546053,0.020207248555853905,0.01008755941895436,5.9939172749391725,2.4757634711579715,0.7195863746958637,17.3303442981058,1.3211772964981816,1.7574918935525587,2.0378816315455905,"[""TestMutableInterval_Constructors"", ""DurationField"", ""Instant"", ""MutableInterval"", ""ISOChronology"", ""DateTime"", ""Period""]","[0.041970802919708027, 0.031857031857031856, 0.019464720194647202, 0.019350811485642945, 0.01730920535011802, 0.015206812652068127, 0.010378510378510378]","[5.9939172749391725, 5.1313131313131315, 1.0048661800486618, 1.3320848938826466, 2.4287962234461054, 0.7195863746958637, 0.7197802197802198]"
org.joda.time.TestMutableInterval_Constructors.testConstructor_RI_RP2,0.041970802919708027,0.022219699262532363,0.010378510378510378,0.15553789483772654,0.01851095651546053,0.020207248555853905,0.01008755941895436,5.9939172749391725,2.4757634711579715,0.7195863746958637,17.3303442981058,1.3211772964981816,1.7574918935525587,2.0378816315455905,"[""TestMutableInterval_Constructors"", ""DurationField"", ""Instant"", ""MutableInterval"", ""ISOChronology"", ""DateTime"", ""Period""]","[0.041970802919708027, 0.031857031857031856, 0.019464720194647202, 0.019350811485642945, 0.01730920535011802, 0.015206812652068127, 0.010378510378510378]","[5.9939172749391725, 5.1313131313131315, 1.0048661800486618, 1.3320848938826466, 2.4287962234461054, 0.7195863746958637, 0.7197802197802198]"
org.joda.time.field.TestPreciseDurationDateTimeField.test_add_RP_int_intarray_int,0.04654346338124572,0.01727756323830641,0.007662835249042145,0.15549806914475767,0.013518837628969054,0.014987380706991717,0.011053483949881676,4.317590691307323,1.618474422924351,0.08812260536398467,14.56626980631916,0.4683895088040931,1.0100323860170188,1.294792029793897,"[""TestPreciseDurationDateTimeField"", ""BaseDateTimeField"", ""TimeOfDay"", ""TestPreciseDurationDateTimeField$MockStandardBaseDateTimeField"", ""Arrays"", ""DateTimeFieldType"", ""BaseDurationField"", ""TestPreciseDurationDateTimeField$MockPreciseDurationDateTimeField"", ""PreciseDurationDateTimeField"", ""DurationFieldType"", ""TestPreciseDurationDateTimeField$MockCountingDurationField"", ""ISOChronology""]","[0.04654346338124572, 0.021408839779005526, 0.017691659646166806, 0.015206812652068127, 0.013479359730412805, 0.012422360248447204, 0.01098901098901099, 0.010093727469358327, 0.007662835249042145]","[4.317590691307323, 2.5476519337016574, 2.2350463352990735, 0.7195863746958637, 1.2468407750631845, 2.4463176574977816, 0.5354090354090354, 0.4297043979812545, 0.08812260536398467]"
org.joda.time.TestLocalTime_Constructors.testParse_formatter,0.05547226386806597,0.0309138918823339,0.015206812652068127,0.1545694594116695,0.0260526834274847,0.028322331647517445,0.013383188807322933,8.113943028485757,3.9106899283468417,0.7195863746958637,19.553449641734208,2.051758413983638,2.963752087885537,2.5466292821279977,"[""DateTimeFormatter"", ""DateTimeFormat"", ""LocalTime"", ""TestLocalTime_Constructors"", ""ISOChronology""]","[0.05547226386806597, 0.031578947368421054, 0.026155717761557177, 0.026155717761557177, 0.015206812652068127]","[8.113943028485757, 5.2406015037593985, 2.559610705596107, 2.9197080291970803, 0.7195863746958637]"
org.joda.time.field.TestPreciseDateTimeField.test_add_RP_int_intarray_int,0.04654346338124572,0.017074063034806203,0.007662835249042145,0.15366656731325584,0.013159093106358162,0.014686821719924796,0.01118348109569625,4.317590691307323,1.6083971602590965,0.08812260536398467,14.475574442331869,0.45803689552037674,0.987232220910737,1.3053309144759169,"[""BaseDateTimeField"", ""TestPreciseDateTimeField"", ""PreciseDateTimeField"", ""TestPreciseDateTimeField$MockPreciseDateTimeField"", ""TimeOfDay"", ""Arrays"", ""TestPreciseDateTimeField$MockStandardDateTimeField"", ""DateTimeFieldType"", ""BaseDurationField"", ""DurationFieldType"", ""TestPreciseDateTimeField$MockCountingDurationField"", ""ISOChronology""]","[0.04654346338124572, 0.021408839779005526, 0.017691659646166806, 0.015206812652068127, 0.013479359730412805, 0.012422360248447204, 0.010093727469358327, 0.009157509157509158, 0.007662835249042145]","[4.317590691307323, 2.5476519337016574, 2.2350463352990735, 0.7195863746958637, 1.2468407750631845, 2.4569653948535937, 0.4297043979812545, 0.4340659340659341, 0.08812260536398467]"
org.joda.time.convert.TestCalendarConverter.testGetChronology_Object_Zone,0.023114355231143552,0.01280049972034885,0.0026666666666666666,0.1536059966441862,0.009234758575151153,0.011228991196154333,0.005653323172110521,2.911192214111922,0.6760258109029205,0.04933333333333333,8.112309730835046,0.22608057654091124,0.39858996989789597,0.7482579519800571,"[""TestCalendarConverter"", ""GJChronology"", ""Calendar"", ""BuddhistChronology"", ""GregorianChronology"", ""MockUnknownCalendar"", ""Class"", ""JulianChronology"", ""ISOChronology"", ""CalendarConverter"", ""GregorianCalendar"", ""TimeZone"", ""Date""]","[0.023114355231143552, 0.019464720194647202, 0.016423357664233577, 0.016423357664233577, 0.015770609318996417, 0.015206812652068127, 0.0115995115995116, 0.01003584229390681, 0.007633587786259542, 0.007633587786259542, 0.007633587786259542, 0.0026666666666666666]","[2.911192214111922, 0.8479318734793188, 1.1368613138686132, 0.6593673965936739, 0.7003584229390681, 0.7195863746958637, 0.36446886446886445, 0.24229390681003585, 0.1984732824427481, 0.14122137404580154, 0.14122137404580154, 0.04933333333333333]"
org.joda.time.TestLocalDate_Basics.testToDateTimeAtMidnight,0.0718562874251497,0.05105381075035348,0.039334341906202726,0.15316143225106044,0.047494032359832156,0.04913541709282322,0.014748898456563093,10.74251497005988,7.948956991399079,5.9939172749391725,23.846870974197238,7.4894740695633155,7.707337381691315,2.0272526030007096,"[""DateTime"", ""TestLocalDate_Basics"", ""LocalDate""]","[0.0718562874251497, 0.041970802919708027, 0.039334341906202726]","[10.74251497005988, 5.9939172749391725, 7.110438729198185]"
org.joda.time.TestLocalDate_Basics.testToDateTimeAtStartOfDay,0.0718562874251497,0.05105381075035348,0.039334341906202726,0.15316143225106044,0.047494032359832156,0.04913541709282322,0.014748898456563093,10.74251497005988,7.948956991399079,5.9939172749391725,23.846870974197238,7.4894740695633155,7.707337381691315,2.0272526030007096,"[""DateTime"", ""TestLocalDate_Basics"", ""LocalDate""]","[0.0718562874251497, 0.041970802919708027, 0.039334341906202726]","[10.74251497005988, 5.9939172749391725, 7.110438729198185]"
org.joda.time.TestLocalDate_Basics.testToDateTimeAtStartOfDay_nullZone,0.0718562874251497,0.05105381075035348,0.039334341906202726,0.15316143225106044,0.047494032359832156,0.04913541709282322,0.014748898456563093,10.74251497005988,7.948956991399079,5.9939172749391725,23.846870974197238,7.4894740695633155,7.707337381691315,2.0272526030007096,"[""DateTime"", ""TestLocalDate_Basics"", ""LocalDate""]","[0.0718562874251497, 0.041970802919708027, 0.039334341906202726]","[10.74251497005988, 5.9939172749391725, 7.110438729198185]"
org.joda.time.TestLocalDate_Basics.testToDateTimeAtMidnight_nullZone,0.0718562874251497,0.05105381075035348,0.039334341906202726,0.15316143225106044,0.047494032359832156,0.04913541709282322,0.014748898456563093,10.74251497005988,7.948956991399079,5.9939172749391725,23.846870974197238,7.4894740695633155,7.707337381691315,2.0272526030007096,"[""DateTime"", ""TestLocalDate_Basics"", ""LocalDate""]","[0.0718562874251497, 0.041970802919708027, 0.039334341906202726]","[10.74251497005988, 5.9939172749391725, 7.110438729198185]"
org.joda.time.TestLocalDate_Basics.testToDateTimeAtStartOfDay_Zone_avoidDST,0.0718562874251497,0.05105381075035348,0.039334341906202726,0.15316143225106044,0.047494032359832156,0.04913541709282322,0.014748898456563093,10.74251497005988,7.948956991399079,5.9939172749391725,23.846870974197238,7.4894740695633155,7.707337381691315,2.0272526030007096,"[""DateTime"", ""TestLocalDate_Basics"", ""LocalDate""]","[0.0718562874251497, 0.041970802919708027, 0.039334341906202726]","[10.74251497005988, 5.9939172749391725, 7.110438729198185]"
org.joda.time.TestLocalDate_Basics.testToDateTimeAtMidnight_Zone,0.0718562874251497,0.05105381075035348,0.039334341906202726,0.15316143225106044,0.047494032359832156,0.04913541709282322,0.014748898456563093,10.74251497005988,7.948956991399079,5.9939172749391725,23.846870974197238,7.4894740695633155,7.707337381691315,2.0272526030007096,"[""DateTime"", ""TestLocalDate_Basics"", ""LocalDate""]","[0.0718562874251497, 0.041970802919708027, 0.039334341906202726]","[10.74251497005988, 5.9939172749391725, 7.110438729198185]"
org.joda.time.TestLocalDate_Basics.testToDateTime_RI,0.0718562874251497,0.05105381075035348,0.039334341906202726,0.15316143225106044,0.047494032359832156,0.04913541709282322,0.014748898456563093,10.74251497005988,7.948956991399079,5.9939172749391725,23.846870974197238,7.4894740695633155,7.707337381691315,2.0272526030007096,"[""DateTime$Property"", ""DateTime"", ""TestLocalDate_Basics"", ""LocalDate""]","[0.0718562874251497, 0.041970802919708027, 0.039334341906202726]","[10.74251497005988, 5.9939172749391725, 7.110438729198185]"
org.joda.time.TestLocalDate_Basics.testToDateTimeAtStartOfDay_Zone,0.0718562874251497,0.05105381075035348,0.039334341906202726,0.15316143225106044,0.047494032359832156,0.04913541709282322,0.014748898456563093,10.74251497005988,7.948956991399079,5.9939172749391725,23.846870974197238,7.4894740695633155,7.707337381691315,2.0272526030007096,"[""DateTime"", ""TestLocalDate_Basics"", ""LocalDate""]","[0.0718562874251497, 0.041970802919708027, 0.039334341906202726]","[10.74251497005988, 5.9939172749391725, 7.110438729198185]"
org.joda.time.format.TestDateTimeFormat.testFormatParse_textYear_UK,0.04440389294403893,0.030545631199306356,0.017691659646166806,0.15272815599653178,0.026949029979460595,0.028681422741025406,0.010693140154096734,8.052311435523114,4.531802454407747,2.2350463352990735,22.659012272038733,3.594446561110866,4.023355559394291,2.2002602363200503,"[""TestDateTimeFormat"", ""DateTimeFieldType"", ""DateTimeFormatter"", ""DateTimeFormatterBuilder"", ""DateTime""]","[0.04440389294403893, 0.041970802919708027, 0.026155717761557177, 0.022506082725060828, 0.017691659646166806]","[8.052311435523114, 5.9939172749391725, 2.559610705596107, 3.818126520681265, 2.2350463352990735]"
org.joda.time.format.TestDateTimeFormat.testFormatParse_textYear_France,0.04440389294403893,0.030545631199306356,0.017691659646166806,0.15272815599653178,0.026949029979460595,0.028681422741025406,0.010693140154096734,8.052311435523114,4.531802454407747,2.2350463352990735,22.659012272038733,3.594446561110866,4.023355559394291,2.2002602363200503,"[""TestDateTimeFormat"", ""DateTimeFieldType"", ""DateTimeFormatter"", ""DateTimeFormatterBuilder"", ""DateTime""]","[0.04440389294403893, 0.041970802919708027, 0.026155717761557177, 0.022506082725060828, 0.017691659646166806]","[8.052311435523114, 5.9939172749391725, 2.559610705596107, 3.818126520681265, 2.2350463352990735]"
org.joda.time.TestPeriod_Constructors.testConstructor_RP_RP2Local,0.0718562874251497,0.03814035309683465,0.02096273291925466,0.1525614123873386,0.031038616019795177,0.03401132576353667,0.019852454936369227,10.74251497005988,6.338867499673421,3.9332298136645965,25.355469998693685,5.536748397357796,5.889292560215683,2.6106613643406584,"[""TestPeriod_Constructors"", ""PeriodType"", ""Period"", ""LocalDate""]","[0.0718562874251497, 0.031857031857031856, 0.027885360185902403, 0.02096273291925466]","[10.74251497005988, 5.1313131313131315, 5.54841208365608, 3.9332298136645965]"
org.joda.time.TestPeriod_Constructors.testConstructor_trickyDifferences_LD_LD_toFeb_endOfMonth1,0.0718562874251497,0.03814035309683465,0.02096273291925466,0.1525614123873386,0.031038616019795177,0.03401132576353667,0.019852454936369227,10.74251497005988,6.338867499673421,3.9332298136645965,25.355469998693685,5.536748397357796,5.889292560215683,2.6106613643406584,"[""TestPeriod_Constructors"", ""PeriodType"", ""Period"", ""LocalDate""]","[0.0718562874251497, 0.031857031857031856, 0.027885360185902403, 0.02096273291925466]","[10.74251497005988, 5.1313131313131315, 5.54841208365608, 3.9332298136645965]"
org.joda.time.TestPeriod_Constructors.testConstructor_trickyDifferences_LD_LD_toFeb_endOfMonth2,0.0718562874251497,0.03814035309683465,0.02096273291925466,0.1525614123873386,0.031038616019795177,0.03401132576353667,0.019852454936369227,10.74251497005988,6.338867499673421,3.9332298136645965,25.355469998693685,5.536748397357796,5.889292560215683,2.6106613643406584,"[""TestPeriod_Constructors"", ""PeriodType"", ""Period"", ""LocalDate""]","[0.0718562874251497, 0.031857031857031856, 0.027885360185902403, 0.02096273291925466]","[10.74251497005988, 5.1313131313131315, 5.54841208365608, 3.9332298136645965]"
org.joda.time.TestPeriod_Constructors.testConstructor_RP_RP_PeriodType2Local,0.0718562874251497,0.03814035309683465,0.02096273291925466,0.1525614123873386,0.031038616019795177,0.03401132576353667,0.019852454936369227,10.74251497005988,6.338867499673421,3.9332298136645965,25.355469998693685,5.536748397357796,5.889292560215683,2.6106613643406584,"[""TestPeriod_Constructors"", ""PeriodType"", ""Period"", ""LocalDate""]","[0.0718562874251497, 0.031857031857031856, 0.027885360185902403, 0.02096273291925466]","[10.74251497005988, 5.1313131313131315, 5.54841208365608, 3.9332298136645965]"
org.joda.time.TestPeriod_Constructors.testConstructor_trickyDifferences_LD_LD_toFeb_endOfMonth3,0.0718562874251497,0.03814035309683465,0.02096273291925466,0.1525614123873386,0.031038616019795177,0.03401132576353667,0.019852454936369227,10.74251497005988,6.338867499673421,3.9332298136645965,25.355469998693685,5.536748397357796,5.889292560215683,2.6106613643406584,"[""TestPeriod_Constructors"", ""PeriodType"", ""Period"", ""LocalDate""]","[0.0718562874251497, 0.031857031857031856, 0.027885360185902403, 0.02096273291925466]","[10.74251497005988, 5.1313131313131315, 5.54841208365608, 3.9332298136645965]"
org.joda.time.TestPeriod_Constructors.testConstructor_trickyDifferences_LD_LD_toMar_endOfMonth2,0.0718562874251497,0.03814035309683465,0.02096273291925466,0.1525614123873386,0.031038616019795177,0.03401132576353667,0.019852454936369227,10.74251497005988,6.338867499673421,3.9332298136645965,25.355469998693685,5.536748397357796,5.889292560215683,2.6106613643406584,"[""TestPeriod_Constructors"", ""PeriodType"", ""Period"", ""LocalDate""]","[0.0718562874251497, 0.031857031857031856, 0.027885360185902403, 0.02096273291925466]","[10.74251497005988, 5.1313131313131315, 5.54841208365608, 3.9332298136645965]"
org.joda.time.TestPeriod_Constructors.testConstructor_trickyDifferences_LD_LD_toMar_endOfMonth1,0.0718562874251497,0.03814035309683465,0.02096273291925466,0.1525614123873386,0.031038616019795177,0.03401132576353667,0.019852454936369227,10.74251497005988,6.338867499673421,3.9332298136645965,25.355469998693685,5.536748397357796,5.889292560215683,2.6106613643406584,"[""TestPeriod_Constructors"", ""PeriodType"", ""Period"", ""LocalDate""]","[0.0718562874251497, 0.031857031857031856, 0.027885360185902403, 0.02096273291925466]","[10.74251497005988, 5.1313131313131315, 5.54841208365608, 3.9332298136645965]"
org.joda.time.TestPeriod_Constructors.testConstructor_trickyDifferences_LD_LD_toFeb_exactMonths,0.0718562874251497,0.03814035309683465,0.02096273291925466,0.1525614123873386,0.031038616019795177,0.03401132576353667,0.019852454936369227,10.74251497005988,6.338867499673421,3.9332298136645965,25.355469998693685,5.536748397357796,5.889292560215683,2.6106613643406584,"[""TestPeriod_Constructors"", ""PeriodType"", ""Period"", ""LocalDate""]","[0.0718562874251497, 0.031857031857031856, 0.027885360185902403, 0.02096273291925466]","[10.74251497005988, 5.1313131313131315, 5.54841208365608, 3.9332298136645965]"
org.joda.time.TestPeriod_Constructors.testConstructor_trickyDifferences_LD_LD_toFeb_leapYear,0.0718562874251497,0.03814035309683465,0.02096273291925466,0.1525614123873386,0.031038616019795177,0.03401132576353667,0.019852454936369227,10.74251497005988,6.338867499673421,3.9332298136645965,25.355469998693685,5.536748397357796,5.889292560215683,2.6106613643406584,"[""TestPeriod_Constructors"", ""PeriodType"", ""Period"", ""LocalDate""]","[0.0718562874251497, 0.031857031857031856, 0.027885360185902403, 0.02096273291925466]","[10.74251497005988, 5.1313131313131315, 5.54841208365608, 3.9332298136645965]"
org.joda.time.TestPeriod_Constructors.testConstructor_trickyDifferences_LD_LD_toFeb_standardYear,0.0718562874251497,0.03814035309683465,0.02096273291925466,0.1525614123873386,0.031038616019795177,0.03401132576353667,0.019852454936369227,10.74251497005988,6.338867499673421,3.9332298136645965,25.355469998693685,5.536748397357796,5.889292560215683,2.6106613643406584,"[""TestPeriod_Constructors"", ""PeriodType"", ""Period"", ""LocalDate""]","[0.0718562874251497, 0.031857031857031856, 0.027885360185902403, 0.02096273291925466]","[10.74251497005988, 5.1313131313131315, 5.54841208365608, 3.9332298136645965]"
org.joda.time.TestYearMonthDay_Basics.testToDateTime_TOD_Zone,0.04654346338124572,0.038084983692779406,0.024305555555555556,0.15233993477111762,0.03579168214449323,0.03701113689718008,0.008345323621298773,5.9939172749391725,4.3320123543194065,3.4809027777777777,17.328049417277626,4.129831227652864,4.2245260808866885,1.0149796181106043,"[""YearMonthDay"", ""TestYearMonthDay_Basics"", ""TimeOfDay"", ""DateTime""]","[0.04654346338124572, 0.041970802919708027, 0.03952011291460833, 0.024305555555555556]","[4.317590691307323, 5.9939172749391725, 3.5356386732533522, 3.4809027777777777]"
org.joda.time.TestYearMonthDay_Basics.testToDateTime_TOD,0.04654346338124572,0.038084983692779406,0.024305555555555556,0.15233993477111762,0.03579168214449323,0.03701113689718008,0.008345323621298773,5.9939172749391725,4.3320123543194065,3.4809027777777777,17.328049417277626,4.129831227652864,4.2245260808866885,1.0149796181106043,"[""YearMonthDay"", ""TestYearMonthDay_Basics"", ""TimeOfDay"", ""DateTime""]","[0.04654346338124572, 0.041970802919708027, 0.03952011291460833, 0.024305555555555556]","[4.317590691307323, 5.9939172749391725, 3.5356386732533522, 3.4809027777777777]"
org.joda.time.TestYearMonthDay_Basics.testToDateTime_TOD_nullZone,0.04654346338124572,0.038084983692779406,0.024305555555555556,0.15233993477111762,0.03579168214449323,0.03701113689718008,0.008345323621298773,5.9939172749391725,4.3320123543194065,3.4809027777777777,17.328049417277626,4.129831227652864,4.2245260808866885,1.0149796181106043,"[""YearMonthDay"", ""TestYearMonthDay_Basics"", ""TimeOfDay"", ""DateTime""]","[0.04654346338124572, 0.041970802919708027, 0.03952011291460833, 0.024305555555555556]","[4.317590691307323, 5.9939172749391725, 3.5356386732533522, 3.4809027777777777]"
org.joda.time.chrono.TestGJChronology.testCutoverAddYears,0.041970802919708027,0.02536429481860156,0.010378510378510378,0.15218576891160937,0.019666514674009473,0.022426890014339246,0.011900602320666859,5.9939172749391725,2.8017756381134493,0.7197802197802198,16.810653828680696,1.7643897404249274,2.259492671165899,1.715207352466966,"[""YearMonthDay"", ""GJChronology"", ""DurationField"", ""DurationFieldType"", ""TestGJChronology"", ""DateTime""]","[0.041970802919708027, 0.03952011291460833, 0.023722627737226276, 0.023114355231143552, 0.013479359730412805, 0.010378510378510378]","[5.9939172749391725, 3.5356386732533522, 2.403284671532847, 2.911192214111922, 1.2468407750631845, 0.7197802197802198]"
org.joda.time.chrono.TestGJChronology.testCutoverAddMonths,0.041970802919708027,0.02536429481860156,0.010378510378510378,0.15218576891160937,0.019666514674009473,0.022426890014339246,0.011900602320666859,5.9939172749391725,2.8017756381134493,0.7197802197802198,16.810653828680696,1.7643897404249274,2.259492671165899,1.715207352466966,"[""YearMonthDay"", ""GJChronology"", ""DurationField"", ""DurationFieldType"", ""TestGJChronology"", ""DateTime""]","[0.041970802919708027, 0.03952011291460833, 0.023722627737226276, 0.023114355231143552, 0.013479359730412805, 0.010378510378510378]","[5.9939172749391725, 3.5356386732533522, 2.403284671532847, 2.911192214111922, 1.2468407750631845, 0.7197802197802198]"
org.joda.time.chrono.TestGJChronology.testCutoverAddWeekyears,0.041970802919708027,0.02536429481860156,0.010378510378510378,0.15218576891160937,0.019666514674009473,0.022426890014339246,0.011900602320666859,5.9939172749391725,2.8017756381134493,0.7197802197802198,16.810653828680696,1.7643897404249274,2.259492671165899,1.715207352466966,"[""YearMonthDay"", ""GJChronology"", ""DurationField"", ""DurationFieldType"", ""TestGJChronology"", ""DateTime""]","[0.041970802919708027, 0.03952011291460833, 0.023722627737226276, 0.023114355231143552, 0.013479359730412805, 0.010378510378510378]","[5.9939172749391725, 3.5356386732533522, 2.403284671532847, 2.911192214111922, 1.2468407750631845, 0.7197802197802198]"
org.joda.time.chrono.TestGJChronology.testCutoverAddDays,0.041970802919708027,0.02536429481860156,0.010378510378510378,0.15218576891160937,0.019666514674009473,0.022426890014339246,0.011900602320666859,5.9939172749391725,2.8017756381134493,0.7197802197802198,16.810653828680696,1.7643897404249274,2.259492671165899,1.715207352466966,"[""YearMonthDay"", ""GJChronology"", ""DurationField"", ""DurationFieldType"", ""TestGJChronology"", ""DateTime""]","[0.041970802919708027, 0.03952011291460833, 0.023722627737226276, 0.023114355231143552, 0.013479359730412805, 0.010378510378510378]","[5.9939172749391725, 3.5356386732533522, 2.403284671532847, 2.911192214111922, 1.2468407750631845, 0.7197802197802198]"
org.joda.time.chrono.TestGJChronology.testCutoverAddWeeks,0.041970802919708027,0.02536429481860156,0.010378510378510378,0.15218576891160937,0.019666514674009473,0.022426890014339246,0.011900602320666859,5.9939172749391725,2.8017756381134493,0.7197802197802198,16.810653828680696,1.7643897404249274,2.259492671165899,1.715207352466966,"[""YearMonthDay"", ""GJChronology"", ""DurationField"", ""DurationFieldType"", ""TestGJChronology"", ""DateTime""]","[0.041970802919708027, 0.03952011291460833, 0.023722627737226276, 0.023114355231143552, 0.013479359730412805, 0.010378510378510378]","[5.9939172749391725, 3.5356386732533522, 2.403284671532847, 2.911192214111922, 1.2468407750631845, 0.7197802197802198]"
org.joda.time.chrono.TestGJChronology.testYearEndAddDays,0.041970802919708027,0.02536429481860156,0.010378510378510378,0.15218576891160937,0.019666514674009473,0.022426890014339246,0.011900602320666859,5.9939172749391725,2.8017756381134493,0.7197802197802198,16.810653828680696,1.7643897404249274,2.259492671165899,1.715207352466966,"[""YearMonthDay"", ""GJChronology"", ""DurationField"", ""DurationFieldType"", ""TestGJChronology"", ""DateTime""]","[0.041970802919708027, 0.03952011291460833, 0.023722627737226276, 0.023114355231143552, 0.013479359730412805, 0.010378510378510378]","[5.9939172749391725, 3.5356386732533522, 2.403284671532847, 2.911192214111922, 1.2468407750631845, 0.7197802197802198]"
org.joda.time.TestMinutes.testFactory_minutesBetween_RPartial,0.05547226386806597,0.037666093974490084,0.023423423423423424,0.15066437589796033,0.032827923923369626,0.03514430846878673,0.013724943110315116,8.113943028485757,4.498423970488811,2.637837837837838,17.993695881955244,3.717772754450038,4.05449494469074,2.181985860785246,"[""TestMinutes"", ""Minutes"", ""LocalTime"", ""TimeOfDay""]","[0.05547226386806597, 0.04654346338124572, 0.025225225225225224, 0.023423423423423424]","[8.113943028485757, 4.317590691307323, 2.924324324324324, 2.637837837837838]"
org.joda.time.TestSeconds.testFactory_secondsBetween_RPartial,0.05547226386806597,0.037666093974490084,0.023423423423423424,0.15066437589796033,0.032827923923369626,0.03514430846878673,0.013724943110315116,8.113943028485757,4.484009556074397,2.637837837837838,17.936038224297587,3.6941575059844127,4.0343602693759655,2.192502011847254,"[""Seconds"", ""TimeOfDay"", ""LocalTime"", ""TestSeconds""]","[0.05547226386806597, 0.04654346338124572, 0.025225225225225224, 0.023423423423423424]","[8.113943028485757, 4.317590691307323, 2.8666666666666667, 2.637837837837838]"
org.joda.time.TestHours.testFactory_hoursBetween_RPartial,0.05547226386806597,0.037666093974490084,0.023423423423423424,0.15066437589796033,0.032827923923369626,0.03514430846878673,0.013724943110315116,8.113943028485757,4.555631177696018,2.744144144144144,18.22252471078407,3.818703975387963,4.136973527515876,2.1375313992064195,"[""Hours"", ""TestHours"", ""LocalTime"", ""TimeOfDay""]","[0.05547226386806597, 0.04654346338124572, 0.025225225225225224, 0.023423423423423424]","[8.113943028485757, 4.317590691307323, 3.046846846846847, 2.744144144144144]"
org.joda.time.TestMutableInterval_Basics.testEqualsHashCode,0.041970802919708027,0.025064464562114572,0.015206812652068127,0.15038678737268743,0.02266326545850352,0.023774553709204435,0.008582684353257593,5.9939172749391725,2.561080504650581,0.7195863746958637,15.366483027903485,1.6797438393459971,2.0760528266393448,1.6936972935878092,"[""TestMutableInterval_Basics$MockInterval"", ""TestMutableInterval_Basics"", ""GJChronology"", ""AbstractInterval"", ""MutableInterval"", ""ISOChronology"", ""DateTime""]","[0.041970802919708027, 0.02871410736579276, 0.023114355231143552, 0.022029897718332022, 0.019350811485642945, 0.015206812652068127]","[5.9939172749391725, 2.478152309612984, 2.911192214111922, 1.931549960660897, 1.3320848938826466, 0.7195863746958637]"
org.joda.time.TestLocalTime_Basics.testToDateTime_nullRI,0.05547226386806597,0.03752681189123003,0.02556390977443609,0.1501072475649201,0.03393547275530084,0.03563740063420881,0.01218207786945735,8.113943028485757,5.191587251213324,1.5562330623306233,20.766349004853296,3.5440587339926006,4.432970974438189,2.366837392570498,"[""TestLocalTime_Basics"", ""DateTime"", ""LocalTime"", ""DateTimeUtils""]","[0.05547226386806597, 0.041970802919708027, 0.02710027100271003, 0.02556390977443609]","[8.113943028485757, 5.9939172749391725, 1.5562330623306233, 5.102255639097744]"
org.joda.time.TestLocalTime_Basics.testToDateTimeTodayDefaultZone,0.05547226386806597,0.03752681189123003,0.02556390977443609,0.1501072475649201,0.03393547275530084,0.03563740063420881,0.01218207786945735,8.113943028485757,5.191587251213324,1.5562330623306233,20.766349004853296,3.5440587339926006,4.432970974438189,2.366837392570498,"[""LocalTime"", ""TestLocalTime_Basics"", ""DateTime$Property"", ""DateTime"", ""DateTimeUtils""]","[0.05547226386806597, 0.041970802919708027, 0.02710027100271003, 0.02556390977443609]","[8.113943028485757, 5.9939172749391725, 1.5562330623306233, 5.102255639097744]"
org.joda.time.TestLocalTime_Basics.testToDateTimeToday_nullZone,0.05547226386806597,0.03752681189123003,0.02556390977443609,0.1501072475649201,0.03393547275530084,0.03563740063420881,0.01218207786945735,8.113943028485757,5.191587251213324,1.5562330623306233,20.766349004853296,3.5440587339926006,4.432970974438189,2.366837392570498,"[""LocalTime"", ""TestLocalTime_Basics"", ""DateTime$Property"", ""DateTime"", ""DateTimeUtils""]","[0.05547226386806597, 0.041970802919708027, 0.02710027100271003, 0.02556390977443609]","[8.113943028485757, 5.9939172749391725, 1.5562330623306233, 5.102255639097744]"
org.joda.time.TestLocalTime_Basics.testToDateTimeToday_Zone,0.05547226386806597,0.03752681189123003,0.02556390977443609,0.1501072475649201,0.03393547275530084,0.03563740063420881,0.01218207786945735,8.113943028485757,5.191587251213324,1.5562330623306233,20.766349004853296,3.5440587339926006,4.432970974438189,2.366837392570498,"[""LocalTime"", ""TestLocalTime_Basics"", ""DateTime$Property"", ""DateTime"", ""DateTimeUtils""]","[0.05547226386806597, 0.041970802919708027, 0.02710027100271003, 0.02556390977443609]","[8.113943028485757, 5.9939172749391725, 1.5562330623306233, 5.102255639097744]"
org.joda.time.TestMonthDay_Constructors.testConstructor_nullDateTimeZone,0.044534412955465584,0.0375106834603616,0.02710027100271003,0.1500427338414464,0.036158166969903524,0.036858745507605956,0.006684953161076021,7.753036437246964,4.690169163264818,1.5562330623306233,18.76067665305927,3.2583320498664405,3.976532453843715,2.367592066871286,"[""TestMonthDay_Constructors"", ""DateTimeUtils"", ""MonthDay"", ""DateTime""]","[0.044534412955465584, 0.041970802919708027, 0.03643724696356275, 0.02710027100271003]","[7.753036437246964, 5.9939172749391725, 3.45748987854251, 1.5562330623306233]"
org.joda.time.TestMonthDay_Constructors.testConstructor_DateTimeZone,0.044534412955465584,0.0375106834603616,0.02710027100271003,0.1500427338414464,0.036158166969903524,0.036858745507605956,0.006684953161076021,7.753036437246964,4.690169163264818,1.5562330623306233,18.76067665305927,3.2583320498664405,3.976532453843715,2.367592066871286,"[""TestMonthDay_Constructors"", ""DateTimeUtils"", ""MonthDay"", ""DateTime""]","[0.044534412955465584, 0.041970802919708027, 0.03643724696356275, 0.02710027100271003]","[7.753036437246964, 5.9939172749391725, 3.45748987854251, 1.5562330623306233]"
org.joda.time.TestDateTimeUtils.testGetIntervalChronology_RI_RI,0.041970802919708027,0.02498979450233825,0.015206812652068127,0.1499387670140295,0.02230690784948118,0.023568820506907007,0.008827414294643895,5.9939172749391725,2.0548671016678726,0.7195863746958637,12.329202610007236,1.2767771214203447,1.5480235662321795,1.8147143482992836,"[""BuddhistChronology"", ""ISOChronology"", ""TestDateTimeUtils"", ""DateTime"", ""CopticChronology"", ""DateTimeUtils""]","[0.041970802919708027, 0.02710027100271003, 0.02625656414103526, 0.02298095863427446, 0.016423357664233577, 0.015206812652068127]","[5.9939172749391725, 1.5562330623306233, 2.0375093773443362, 0.8850952068286277, 1.1368613138686132, 0.7195863746958637]"
org.joda.time.TestDateTimeZoneCutover.testPeriod,0.05422993492407809,0.03725512565501816,0.02096273291925466,0.14902050262007263,0.032959779670584985,0.0351123496793904,0.012298000238797905,11.47939262472885,6.634463211161438,3.9332298136645965,26.53785284464575,5.689299167513728,6.104524959154061,2.891356176137845,"[""Period"", ""PeriodType"", ""TestDateTimeZoneCutover"", ""DateTime""]","[0.05422993492407809, 0.041970802919708027, 0.031857031857031856, 0.02096273291925466]","[11.47939262472885, 5.9939172749391725, 5.1313131313131315, 3.9332298136645965]"
org.joda.time.TestMonthDay_Constructors.testParse_formatter,0.044534412955465584,0.029697981618842163,0.015206812652068127,0.1484899080942108,0.026024844562535142,0.02789218606481924,0.010006264404719108,7.753036437246964,3.4818862850557055,0.7195863746958637,17.409431425278527,1.9676668760242777,2.702500625863816,2.3255217151347325,"[""TestMonthDay_Constructors"", ""DateTimeFormatter"", ""DateTimeFormat"", ""ISOChronology"", ""MonthDay""]","[0.044534412955465584, 0.03643724696356275, 0.026155717761557177, 0.026155717761557177, 0.015206812652068127]","[7.753036437246964, 3.45748987854251, 2.559610705596107, 2.9197080291970803, 0.7195863746958637]"
org.joda.time.TestLocalTime_Constructors.testConstructor_ObjectLocalDateTime,0.061377245508982034,0.04947615224848969,0.031578947368421054,0.14842845674546906,0.04546392988438382,0.04755107189901782,0.012882796252735746,11.95808383233533,8.437542788193495,5.2406015037593985,25.312628364580483,7.543604481322551,7.981629449661166,2.7519302089072752,"[""TestLocalTime_Constructors"", ""LocalDateTime"", ""LocalTime""]","[0.061377245508982034, 0.05547226386806597, 0.031578947368421054]","[11.95808383233533, 8.113943028485757, 5.2406015037593985]"
org.joda.time.TestInterval_Basics.testToPeriod_PeriodType2,0.041970802919708027,0.02965829630447272,0.02096273291925466,0.1482914815223636,0.027986608146595888,0.02879591607259353,0.007311897711598884,5.9939172749391725,4.429613020505673,1.618601747815231,22.148065102528367,3.5296757632204696,4.036259783359795,1.5602631111011138,"[""Interval"", ""TestInterval_Basics"", ""DateTime"", ""PeriodType"", ""Period""]","[0.041970802919708027, 0.031857031857031856, 0.029780564263322883, 0.02372034956304619, 0.02096273291925466]","[5.9939172749391725, 5.1313131313131315, 5.471003134796239, 1.618601747815231, 3.9332298136645965]"
org.joda.time.TestInterval_Basics.testToPeriod,0.041970802919708027,0.02965829630447272,0.02096273291925466,0.1482914815223636,0.027986608146595888,0.02879591607259353,0.007311897711598884,5.9939172749391725,4.429613020505673,1.618601747815231,22.148065102528367,3.5296757632204696,4.036259783359795,1.5602631111011138,"[""Interval"", ""TestInterval_Basics"", ""DateTime"", ""PeriodType"", ""Period""]","[0.041970802919708027, 0.031857031857031856, 0.029780564263322883, 0.02372034956304619, 0.02096273291925466]","[5.9939172749391725, 5.1313131313131315, 5.471003134796239, 1.618601747815231, 3.9332298136645965]"
org.joda.time.TestInterval_Basics.testToPeriod_PeriodType1,0.041970802919708027,0.02965829630447272,0.02096273291925466,0.1482914815223636,0.027986608146595888,0.02879591607259353,0.007311897711598884,5.9939172749391725,4.429613020505673,1.618601747815231,22.148065102528367,3.5296757632204696,4.036259783359795,1.5602631111011138,"[""Interval"", ""TestInterval_Basics"", ""DateTime"", ""PeriodType"", ""Period""]","[0.041970802919708027, 0.031857031857031856, 0.029780564263322883, 0.02372034956304619, 0.02096273291925466]","[5.9939172749391725, 5.1313131313131315, 5.471003134796239, 1.618601747815231, 3.9332298136645965]"
org.joda.time.TestLocalDate_Basics.testEqualsHashCodeAPI,0.0718562874251497,0.036921744924078986,0.016423357664233577,0.14768697969631595,0.026658346721626636,0.031069029342443533,0.021967630821823226,10.74251497005988,5.530300468610137,1.8953771289537713,22.121201874440548,3.381930953446046,4.305197057053974,3.6347642693232425,"[""Object"", ""DateTimeField"", ""TestLocalDate_Basics"", ""LocalDate"", ""Chronology""]","[0.0718562874251497, 0.039334341906202726, 0.020072992700729927, 0.016423357664233577]","[10.74251497005988, 7.110438729198185, 2.3728710462287106, 1.8953771289537713]"
org.joda.time.convert.TestConverterManager.testGetPartialConverter,0.04654346338124572,0.021031042158407173,0.0026666666666666666,0.1472172951088502,0.009105358849111917,0.014486323742851704,0.01592676180529724,5.9939172749391725,2.3131415739575467,0.04933333333333333,16.191991017702826,0.21954520166487476,0.8517695735998975,2.2230776154943532,"[""TestConverterManager"", ""TimeOfDay"", ""GregorianCalendar"", ""PartialConverter"", ""DateTime"", ""ConverterManager"", ""Long"", ""Date""]","[0.04654346338124572, 0.041970802919708027, 0.022590361445783132, 0.017094017094017096, 0.008718395815170008, 0.007633587786259542, 0.0026666666666666666]","[4.317590691307323, 5.9939172749391725, 3.8930722891566263, 1.4847374847374848, 0.3121185701830863, 0.14122137404580154, 0.04933333333333333]"
org.joda.time.TestInterval_Constructors.testConstructor_RI_RP1,0.041970802919708027,0.024505803014567316,0.010378510378510378,0.1470348180874039,0.01991199717294016,0.022197876708083045,0.010377064085679262,5.9939172749391725,2.842535180783998,0.7195863746958637,17.055211084703988,1.4610189105557887,2.0492332845134746,2.0688803662430226,"[""TestInterval_Constructors"", ""Interval"", ""DurationField"", ""ISOChronology"", ""DateTime"", ""Period""]","[0.041970802919708027, 0.031857031857031856, 0.023901310717039322, 0.02372034956304619, 0.015206812652068127, 0.010378510378510378]","[5.9939172749391725, 5.1313131313131315, 2.87201233616037, 1.618601747815231, 0.7195863746958637, 0.7197802197802198]"
org.joda.time.TestInterval_Constructors.testConstructor_RP_RI4,0.041970802919708027,0.024505803014567316,0.010378510378510378,0.1470348180874039,0.01991199717294016,0.022197876708083045,0.010377064085679262,5.9939172749391725,2.842535180783998,0.7195863746958637,17.055211084703988,1.4610189105557887,2.0492332845134746,2.0688803662430226,"[""TestInterval_Constructors"", ""Interval"", ""DurationField"", ""ISOChronology"", ""DateTime"", ""Period""]","[0.041970802919708027, 0.031857031857031856, 0.023901310717039322, 0.02372034956304619, 0.015206812652068127, 0.010378510378510378]","[5.9939172749391725, 5.1313131313131315, 2.87201233616037, 1.618601747815231, 0.7195863746958637, 0.7197802197802198]"
org.joda.time.TestInterval_Constructors.testConstructor_RI_RP4,0.041970802919708027,0.024505803014567316,0.010378510378510378,0.1470348180874039,0.01991199717294016,0.022197876708083045,0.010377064085679262,5.9939172749391725,2.842535180783998,0.7195863746958637,17.055211084703988,1.4610189105557887,2.0492332845134746,2.0688803662430226,"[""TestInterval_Constructors"", ""Interval"", ""DurationField"", ""ISOChronology"", ""DateTime"", ""Period""]","[0.041970802919708027, 0.031857031857031856, 0.023901310717039322, 0.02372034956304619, 0.015206812652068127, 0.010378510378510378]","[5.9939172749391725, 5.1313131313131315, 2.87201233616037, 1.618601747815231, 0.7195863746958637, 0.7197802197802198]"
org.joda.time.TestInterval_Constructors.testConstructor_RP_RI1,0.041970802919708027,0.024505803014567316,0.010378510378510378,0.1470348180874039,0.01991199717294016,0.022197876708083045,0.010377064085679262,5.9939172749391725,2.842535180783998,0.7195863746958637,17.055211084703988,1.4610189105557887,2.0492332845134746,2.0688803662430226,"[""TestInterval_Constructors"", ""Interval"", ""DurationField"", ""ISOChronology"", ""DateTime"", ""Period""]","[0.041970802919708027, 0.031857031857031856, 0.023901310717039322, 0.02372034956304619, 0.015206812652068127, 0.010378510378510378]","[5.9939172749391725, 5.1313131313131315, 2.87201233616037, 1.618601747815231, 0.7195863746958637, 0.7197802197802198]"
org.joda.time.TestLocalDateTime_Constructors.testConstructor_ObjectLocalTime,0.061377245508982034,0.0489709335054295,0.030063291139240507,0.1469128005162885,0.04438994815551395,0.04677781539997098,0.013585320679092506,11.95808383233533,8.383713594957241,5.079113924050633,25.15114078487172,7.430251948239739,7.898788780416236,2.814798852336504,"[""TestLocalDateTime_Constructors"", ""LocalDateTime"", ""LocalTime""]","[0.061377245508982034, 0.05547226386806597, 0.030063291139240507]","[11.95808383233533, 8.113943028485757, 5.079113924050633]"
org.joda.time.chrono.TestGregorianChronology.testMaximumValue,0.03952011291460833,0.024429271934193923,0.016423357664233577,0.14657563160516354,0.021806780713919675,0.023000171470920032,0.008854406562061134,4.0378181818181815,2.297015720776318,0.6593673965936739,13.782094324657908,1.5886655413813946,1.9455604912518412,1.186436056544734,"[""YearMonthDay"", ""DateTimeField"", ""DateMidnight"", ""TestGregorianChronology"", ""GregorianChronology"", ""Chronology""]","[0.03952011291460833, 0.03345454545454545, 0.02068126520681265, 0.020072992700729927, 0.016423357664233577, 0.016423357664233577]","[3.5356386732533522, 4.0378181818181815, 1.281021897810219, 2.3728710462287106, 0.6593673965936739, 1.8953771289537713]"
org.joda.time.TestPeriod_Constructors.testConstructor_RI_RD1,0.041970802919708027,0.029279255488988624,0.02096273291925466,0.14639627744494313,0.027633616209377192,0.028419705051397282,0.007344783646264614,5.9939172749391725,4.4450948102776415,1.618601747815231,22.225474051388208,3.5360413382243148,4.047617451782975,1.5708675579950098,"[""Interval"", ""TestPeriod_Constructors"", ""DateTime"", ""PeriodType"", ""Period""]","[0.041970802919708027, 0.031857031857031856, 0.027885360185902403, 0.02372034956304619, 0.02096273291925466]","[5.9939172749391725, 5.1313131313131315, 5.54841208365608, 1.618601747815231, 3.9332298136645965]"
org.joda.time.TestPeriod_Constructors.testConstructor_RD_RI_PeriodType1,0.041970802919708027,0.029279255488988624,0.02096273291925466,0.14639627744494313,0.027633616209377192,0.028419705051397282,0.007344783646264614,5.9939172749391725,4.4450948102776415,1.618601747815231,22.225474051388208,3.5360413382243148,4.047617451782975,1.5708675579950098,"[""Interval"", ""TestPeriod_Constructors"", ""DateTime"", ""PeriodType"", ""Period""]","[0.041970802919708027, 0.031857031857031856, 0.027885360185902403, 0.02372034956304619, 0.02096273291925466]","[5.9939172749391725, 5.1313131313131315, 5.54841208365608, 1.618601747815231, 3.9332298136645965]"
org.joda.time.TestPeriod_Constructors.testConstructor_RD_RI1,0.041970802919708027,0.029279255488988624,0.02096273291925466,0.14639627744494313,0.027633616209377192,0.028419705051397282,0.007344783646264614,5.9939172749391725,4.4450948102776415,1.618601747815231,22.225474051388208,3.5360413382243148,4.047617451782975,1.5708675579950098,"[""Interval"", ""TestPeriod_Constructors"", ""DateTime"", ""PeriodType"", ""Period""]","[0.041970802919708027, 0.031857031857031856, 0.027885360185902403, 0.02372034956304619, 0.02096273291925466]","[5.9939172749391725, 5.1313131313131315, 5.54841208365608, 1.618601747815231, 3.9332298136645965]"
org.joda.time.TestPeriod_Constructors.testConstructor_RI_RD_PeriodType1,0.041970802919708027,0.029279255488988624,0.02096273291925466,0.14639627744494313,0.027633616209377192,0.028419705051397282,0.007344783646264614,5.9939172749391725,4.4450948102776415,1.618601747815231,22.225474051388208,3.5360413382243148,4.047617451782975,1.5708675579950098,"[""Interval"", ""TestPeriod_Constructors"", ""DateTime"", ""PeriodType"", ""Period""]","[0.041970802919708027, 0.031857031857031856, 0.027885360185902403, 0.02372034956304619, 0.02096273291925466]","[5.9939172749391725, 5.1313131313131315, 5.54841208365608, 1.618601747815231, 3.9332298136645965]"
org.joda.time.TestDuration_Basics.testToPeriodFrom_PeriodType,0.041970802919708027,0.029170123751209122,0.020757020757020756,0.1458506187560456,0.02715966821804473,0.02813521988517152,0.007880379506830982,5.9939172749391725,4.114651306942643,1.6178266178266179,20.573256534713217,3.35416375958024,3.7711127563597455,1.4751050412309794,"[""Duration"", ""DateTime"", ""PeriodType"", ""TestDuration_Basics"", ""Period""]","[0.041970802919708027, 0.031857031857031856, 0.030303030303030304, 0.02096273291925466, 0.020757020757020756]","[5.9939172749391725, 5.1313131313131315, 3.896969696969697, 3.9332298136645965, 1.6178266178266179]"
org.joda.time.TestDuration_Basics.testToPeriodTo_PeriodType,0.041970802919708027,0.029170123751209122,0.020757020757020756,0.1458506187560456,0.02715966821804473,0.02813521988517152,0.007880379506830982,5.9939172749391725,4.114651306942643,1.6178266178266179,20.573256534713217,3.35416375958024,3.7711127563597455,1.4751050412309794,"[""Duration"", ""DateTime"", ""PeriodType"", ""TestDuration_Basics"", ""Period""]","[0.041970802919708027, 0.031857031857031856, 0.030303030303030304, 0.02096273291925466, 0.020757020757020756]","[5.9939172749391725, 5.1313131313131315, 3.896969696969697, 3.9332298136645965, 1.6178266178266179]"
org.joda.time.TestPeriod_Constructors.testFactoryFieldDifference3,0.04654346338124572,0.03645149208469708,0.027885360185902403,0.1458059683387883,0.03507534429840563,0.03575317465654322,0.007172028983127303,5.54841208365608,4.633238644882471,3.5356386732533522,18.532954579529886,4.496612035287002,4.565902598558136,0.7729779986174089,"[""YearMonthDay"", ""TimeOfDay"", ""Period"", ""TestPeriod_Constructors""]","[0.04654346338124572, 0.03952011291460833, 0.031857031857031856, 0.027885360185902403]","[4.317590691307323, 3.5356386732533522, 5.1313131313131315, 5.54841208365608]"
org.joda.time.TestPeriod_Constructors.testConstructor_RP_RP6,0.04654346338124572,0.03645149208469708,0.027885360185902403,0.1458059683387883,0.03507534429840563,0.03575317465654322,0.007172028983127303,5.54841208365608,4.633238644882471,3.5356386732533522,18.532954579529886,4.496612035287002,4.565902598558136,0.7729779986174089,"[""YearMonthDay"", ""TimeOfDay"", ""Period"", ""TestPeriod_Constructors""]","[0.04654346338124572, 0.03952011291460833, 0.031857031857031856, 0.027885360185902403]","[4.317590691307323, 3.5356386732533522, 5.1313131313131315, 5.54841208365608]"
org.joda.time.TestPeriod_Constructors.testConstructor_long_long_Chronology1,0.041970802919708027,0.029131377303234278,0.02096273291925466,0.1456568865161714,0.027428004980312715,0.02824027864781866,0.007461729054846404,5.9939172749391725,4.298393502080321,0.8850952068286277,21.491967510401604,2.5960332715946692,3.5873145294266773,1.8392961805582593,"[""TestPeriod_Constructors"", ""DateTime"", ""PeriodType"", ""CopticChronology"", ""Period""]","[0.041970802919708027, 0.031857031857031856, 0.027885360185902403, 0.02298095863427446, 0.02096273291925466]","[5.9939172749391725, 5.1313131313131315, 5.54841208365608, 0.8850952068286277, 3.9332298136645965]"
org.joda.time.TestPeriod_Constructors.testConstructor_long_long_PeriodType_Chronology1,0.041970802919708027,0.029131377303234278,0.02096273291925466,0.1456568865161714,0.027428004980312715,0.02824027864781866,0.007461729054846404,5.9939172749391725,4.298393502080321,0.8850952068286277,21.491967510401604,2.5960332715946692,3.5873145294266773,1.8392961805582593,"[""TestPeriod_Constructors"", ""DateTime"", ""PeriodType"", ""CopticChronology"", ""Period""]","[0.041970802919708027, 0.031857031857031856, 0.027885360185902403, 0.02298095863427446, 0.02096273291925466]","[5.9939172749391725, 5.1313131313131315, 5.54841208365608, 0.8850952068286277, 3.9332298136645965]"
org.joda.time.format.TestDateTimeFormatterBuilder.test_localParseWrongOffsetAndZone,0.061377245508982034,0.03632971283709953,0.01338199513381995,0.14531885134839811,0.02635513808690797,0.03125208434855953,0.01818432842405026,11.95808383233533,5.96017180966534,1.2706812652068127,23.84068723866136,2.887091880832856,4.206764259335433,4.298462929782226,"[""DateTimeFormatterBuilder"", ""DateTimeFormatter"", ""LocalDateTime"", ""TestDateTimeFormatterBuilder""]","[0.061377245508982034, 0.04440389294403893, 0.026155717761557177, 0.01338199513381995]","[11.95808383233533, 8.052311435523114, 2.559610705596107, 1.2706812652068127]"
org.joda.time.TestLocalDateTime_Basics.testToLocalTime,0.061377245508982034,0.04841355885649234,0.028391167192429023,0.145240676569477,0.04313943984766014,0.045893957649009734,0.01436173917060542,11.95808383233533,8.798982665489257,6.3249211356466875,26.396947996467773,8.219745180446266,8.497990100287986,2.350190058986795,"[""LocalDateTime"", ""LocalTime"", ""TestLocalDateTime_Basics""]","[0.061377245508982034, 0.05547226386806597, 0.028391167192429023]","[11.95808383233533, 8.113943028485757, 6.3249211356466875]"
org.joda.time.TestLocalDate_Basics.testToDateMidnight,0.0718562874251497,0.04821505826196596,0.03345454545454545,0.1446451747858979,0.04333315888422349,0.045557924685071256,0.016888335004530144,10.74251497005988,7.2969239603587495,4.0378181818181815,21.890771881076247,6.232019705715167,6.756415897067267,2.7403554893049176,"[""DateMidnight"", ""TestLocalDate_Basics"", ""LocalDate""]","[0.0718562874251497, 0.039334341906202726, 0.03345454545454545]","[10.74251497005988, 7.110438729198185, 4.0378181818181815]"
org.joda.time.TestLocalDate_Basics.testToDateMidnight_nullZone,0.0718562874251497,0.04821505826196596,0.03345454545454545,0.1446451747858979,0.04333315888422349,0.045557924685071256,0.016888335004530144,10.74251497005988,7.2969239603587495,4.0378181818181815,21.890771881076247,6.232019705715167,6.756415897067267,2.7403554893049176,"[""DateMidnight"", ""TestLocalDate_Basics"", ""LocalDate""]","[0.0718562874251497, 0.039334341906202726, 0.03345454545454545]","[10.74251497005988, 7.110438729198185, 4.0378181818181815]"
org.joda.time.TestLocalDate_Basics.testToDateMidnight_Zone,0.0718562874251497,0.04821505826196596,0.03345454545454545,0.1446451747858979,0.04333315888422349,0.045557924685071256,0.016888335004530144,10.74251497005988,7.2969239603587495,4.0378181818181815,21.890771881076247,6.232019705715167,6.756415897067267,2.7403554893049176,"[""DateMidnight"", ""TestLocalDate_Basics"", ""LocalDate""]","[0.0718562874251497, 0.039334341906202726, 0.03345454545454545]","[10.74251497005988, 7.110438729198185, 4.0378181818181815]"
org.joda.time.TestPartial_Basics.testCompareTo,0.04654346338124572,0.028914312494526622,0.015873015873015872,0.14457156247263311,0.024224385542168672,0.026424805484561685,0.012124868441770773,4.317590691307323,3.603142668316621,2.2350463352990735,18.015713341583105,3.402800882561178,3.5102334767652876,0.7521463245734433,"[""YearMonthDay"", ""TimeOfDay"", ""DateTimeFieldType"", ""TestPartial_Basics"", ""Partial""]","[0.04654346338124572, 0.03952011291460833, 0.024943310657596373, 0.017691659646166806, 0.015873015873015872]","[4.317590691307323, 3.5356386732533522, 3.6621315192743764, 2.2350463352990735, 4.26530612244898]"
org.joda.time.TestDateTime_Basics.testToLocalDate,0.0718562874251497,0.04796383803668963,0.030064423765211165,0.1438915141100689,0.04225074901043148,0.044925023425643126,0.017579861953909152,10.74251497005988,7.13046906377086,4.654974946313529,21.39140719131258,6.319144587094299,6.692340356922927,2.61194032112793,"[""LocalDate"", ""TestDateTime_Basics"", ""DateTime""]","[0.0718562874251497, 0.041970802919708027, 0.030064423765211165]","[10.74251497005988, 5.9939172749391725, 4.654974946313529]"
org.joda.time.format.TestDateTimeFormatterBuilder.test_appendFixedSignedDecimal,0.04440389294403893,0.028720813681058183,0.01338199513381995,0.1436040684052909,0.023166351399160512,0.025849067584492506,0.01253014365615953,8.052311435523114,4.022313403312856,1.2706812652068127,20.11156701656428,2.609459533342901,3.2286850057106085,2.5703465970177217,"[""TestDateTimeFormatterBuilder"", ""DateTimeFieldType"", ""DateTimeFormatter"", ""DateTimeFormatterBuilder"", ""DateTime""]","[0.04440389294403893, 0.041970802919708027, 0.026155717761557177, 0.017691659646166806, 0.01338199513381995]","[8.052311435523114, 5.9939172749391725, 2.559610705596107, 2.2350463352990735, 1.2706812652068127]"
org.joda.time.format.TestDateTimeFormatterBuilder.test_appendFixedDecimal,0.04440389294403893,0.028720813681058183,0.01338199513381995,0.1436040684052909,0.023166351399160512,0.025849067584492506,0.01253014365615953,8.052311435523114,4.022313403312856,1.2706812652068127,20.11156701656428,2.609459533342901,3.2286850057106085,2.5703465970177217,"[""TestDateTimeFormatterBuilder"", ""DateTimeFieldType"", ""DateTimeFormatter"", ""DateTimeFormatterBuilder"", ""DateTime""]","[0.04440389294403893, 0.041970802919708027, 0.026155717761557177, 0.017691659646166806, 0.01338199513381995]","[8.052311435523114, 5.9939172749391725, 2.559610705596107, 2.2350463352990735, 1.2706812652068127]"
org.joda.time.TestLocalDate_Constructors.testConstructor_long3_DateTimeZone,0.0718562874251497,0.047792026486129346,0.029548989113530325,0.14337607945838804,0.04190830360877059,0.0446668054965284,0.017755597342148797,10.74251497005988,6.8810398825994765,3.906687402799378,20.64311964779843,5.815134415407945,6.312602720436093,2.8603466600042458,"[""LocalDate"", ""TestLocalDate_Constructors"", ""DateTime""]","[0.0718562874251497, 0.041970802919708027, 0.029548989113530325]","[10.74251497005988, 5.9939172749391725, 3.906687402799378]"
org.joda.time.TestLocalDate_Constructors.testConstructor_long4_DateTimeZone,0.0718562874251497,0.047792026486129346,0.029548989113530325,0.14337607945838804,0.04190830360877059,0.0446668054965284,0.017755597342148797,10.74251497005988,6.8810398825994765,3.906687402799378,20.64311964779843,5.815134415407945,6.312602720436093,2.8603466600042458,"[""LocalDate"", ""TestLocalDate_Constructors"", ""DateTime""]","[0.0718562874251497, 0.041970802919708027, 0.029548989113530325]","[10.74251497005988, 5.9939172749391725, 3.906687402799378]"
org.joda.time.TestLocalDate_Basics.testPlus_RP,0.0718562874251497,0.04768255372946143,0.031857031857031856,0.1430476611883843,0.04241482440996576,0.044820908756783434,0.017363843506654833,10.74251497005988,7.661422276857066,5.1313131313131315,22.984266830571197,6.999398488269833,7.318301448535941,2.3236585622866075,"[""TestLocalDate_Basics"", ""Period"", ""LocalDate""]","[0.0718562874251497, 0.039334341906202726, 0.031857031857031856]","[10.74251497005988, 7.110438729198185, 5.1313131313131315]"
org.joda.time.TestLocalDate_Basics.testMinus_RP,0.0718562874251497,0.04768255372946143,0.031857031857031856,0.1430476611883843,0.04241482440996576,0.044820908756783434,0.017363843506654833,10.74251497005988,7.661422276857066,5.1313131313131315,22.984266830571197,6.999398488269833,7.318301448535941,2.3236585622866075,"[""TestLocalDate_Basics"", ""Period"", ""LocalDate""]","[0.0718562874251497, 0.039334341906202726, 0.031857031857031856]","[10.74251497005988, 7.110438729198185, 5.1313131313131315]"
org.joda.time.TestDateTimeZoneCutover.test_DateTime_parse_Turk,0.05422993492407809,0.047570788583587625,0.041970802919708027,0.14271236575076288,0.04704695149391117,0.047305971626236266,0.005060497036148506,11.47939262472885,5.956219578959108,0.3953488372093023,17.868658736877325,1.077833911150338,3.0074843324580756,4.525120440984551,"[""IllegalInstantException"", ""String"", ""TestDateTimeZoneCutover"", ""DateTime""]","[0.05422993492407809, 0.046511627906976744, 0.041970802919708027]","[11.47939262472885, 0.3953488372093023, 5.9939172749391725]"
org.joda.time.TestDateTimeZoneCutover.test_DateTime_parse_Gaza,0.05422993492407809,0.047570788583587625,0.041970802919708027,0.14271236575076288,0.04704695149391117,0.047305971626236266,0.005060497036148506,11.47939262472885,5.956219578959108,0.3953488372093023,17.868658736877325,1.077833911150338,3.0074843324580756,4.525120440984551,"[""IllegalInstantException"", ""String"", ""TestDateTimeZoneCutover"", ""DateTime""]","[0.05422993492407809, 0.046511627906976744, 0.041970802919708027]","[11.47939262472885, 0.3953488372093023, 5.9939172749391725]"
org.joda.time.TestDateTimeZoneCutover.test_DateTime_new_Gaza,0.05422993492407809,0.047570788583587625,0.041970802919708027,0.14271236575076288,0.04704695149391117,0.047305971626236266,0.005060497036148506,11.47939262472885,5.956219578959108,0.3953488372093023,17.868658736877325,1.077833911150338,3.0074843324580756,4.525120440984551,"[""IllegalInstantException"", ""String"", ""TestDateTimeZoneCutover"", ""DateTime""]","[0.05422993492407809, 0.046511627906976744, 0.041970802919708027]","[11.47939262472885, 0.3953488372093023, 5.9939172749391725]"
org.joda.time.TestDateTimeZoneCutover.test_DateTime_new_Turk,0.05422993492407809,0.047570788583587625,0.041970802919708027,0.14271236575076288,0.04704695149391117,0.047305971626236266,0.005060497036148506,11.47939262472885,5.956219578959108,0.3953488372093023,17.868658736877325,1.077833911150338,3.0074843324580756,4.525120440984551,"[""IllegalInstantException"", ""String"", ""TestDateTimeZoneCutover"", ""DateTime""]","[0.05422993492407809, 0.046511627906976744, 0.041970802919708027]","[11.47939262472885, 0.3953488372093023, 5.9939172749391725]"
org.joda.time.TestInstant_Constructors.testParse_formatter,0.041970802919708027,0.023759057324204746,0.013600572655690766,0.14255434394522848,0.020621921474008986,0.022070932689675735,0.009468655934310257,5.9939172749391725,2.299948809899094,0.6020042949176807,13.799692859394565,1.2131057758272772,1.6405991150586934,1.8777082144372004,"[""DateTimeFormatter"", ""DateTimeFormat"", ""Instant"", ""ISOChronology"", ""DateTime"", ""TestInstant_Constructors""]","[0.041970802919708027, 0.026155717761557177, 0.026155717761557177, 0.019464720194647202, 0.015206812652068127, 0.013600572655690766]","[5.9939172749391725, 2.559610705596107, 2.9197080291970803, 1.0048661800486618, 0.7195863746958637, 0.6020042949176807]"
org.joda.time.TestPeriod_Constructors.testFactoryFieldDifference4,0.03952011291460833,0.028379495052261155,0.017691659646166806,0.14189747526130578,0.02643130190627381,0.027417287322602613,0.007245522572063893,5.54841208365608,4.022508348559203,2.2350463352990735,20.112541742796015,3.6273125013642304,3.829808988396627,1.1932949546282638,"[""YearMonthDay"", ""DateTimeFieldType"", ""TestPeriod_Constructors"", ""Partial"", ""Period""]","[0.03952011291460833, 0.031857031857031856, 0.027885360185902403, 0.024943310657596373, 0.017691659646166806]","[3.5356386732533522, 5.1313131313131315, 5.54841208365608, 3.6621315192743764, 2.2350463352990735]"
org.joda.time.convert.TestReadableInstantConverter.testGetChronology_Object_nullChronology,0.041970802919708027,0.02363713081867073,0.008547008547008548,0.14182278491202438,0.018125997235828657,0.020823333405138866,0.011406263963440764,5.9939172749391725,2.4061672732381467,0.2967032967032967,14.43700363942888,0.8618237708302878,1.4694938139439213,2.0779910498811724,"[""ReadableInstantConverter"", ""MutableDateTime"", ""Instant"", ""TestReadableInstantConverter$2"", ""DateTime"", ""TestReadableInstantConverter"", ""Chronology""]","[0.041970802919708027, 0.03527980535279805, 0.020072992700729927, 0.019464720194647202, 0.016487455197132617, 0.008547008547008548]","[5.9939172749391725, 4.203771289537713, 2.3728710462287106, 1.0048661800486618, 0.5648745519713262, 0.2967032967032967]"
org.joda.time.convert.TestReadableIntervalConverter.testSetIntoInterval_Object2,0.02372034956304619,0.02017400523555855,0.013741411617738912,0.14121803664890986,0.01944638751480516,0.019826651503190882,0.0035488048174411053,2.911192214111922,1.2918403140940415,0.37414116177389134,9.04288219865829,0.9128507691293121,1.0922639562824006,0.7577511641094523,"[""ReadableIntervalConverter"", ""GJChronology"", ""Interval"", ""BuddhistChronology"", ""TestReadableIntervalConverter"", ""MutableInterval"", ""CopticChronology""]","[0.02372034956304619, 0.023114355231143552, 0.02298095863427446, 0.02188679245283019, 0.019350811485642945, 0.016423357664233577, 0.013741411617738912]","[1.618601747815231, 2.911192214111922, 0.8850952068286277, 0.7849056603773585, 1.3320848938826466, 1.1368613138686132, 0.37414116177389134]"
org.joda.time.TestLocalDate_Constructors.testConstructor_ObjectYearMonthDay,0.0718562874251497,0.046975129817762785,0.029548989113530325,0.14092538945328836,0.0410608237034496,0.04377994314450944,0.018058420572811765,10.74251497005988,6.061613682037536,3.5356386732533522,18.18484104611261,4.747633674512553,5.294124721978622,3.3133615298345527,"[""YearMonthDay"", ""TestLocalDate_Constructors"", ""LocalDate""]","[0.0718562874251497, 0.03952011291460833, 0.029548989113530325]","[10.74251497005988, 3.5356386732533522, 3.906687402799378]"
org.joda.time.TestMonthDay_Basics.testToLocalDate,0.0718562874251497,0.04689406611877459,0.024291497975708502,0.14068219835632378,0.03869076697606253,0.04267808604106617,0.019489796837161642,10.74251497005988,8.057221589210242,5.676113360323886,24.171664767630727,7.533019394580871,7.790098535053909,2.0795035902493746,"[""MonthDay"", ""TestMonthDay_Basics"", ""LocalDate""]","[0.0718562874251497, 0.044534412955465584, 0.024291497975708502]","[10.74251497005988, 7.753036437246964, 5.676113360323886]"
org.joda.time.field.TestPreciseDurationDateTimeField.test_set_RP_int_intarray_int,0.04654346338124572,0.01753640706158619,0.007662835249042145,0.14029125649268953,0.013333828693242036,0.014960175292567114,0.011698245369944477,4.317590691307323,1.7308354289529118,0.08812260536398467,13.846683431623294,0.4488055919098055,1.0537603307902097,1.3313234916384042,"[""TestPreciseDurationDateTimeField"", ""BaseDateTimeField"", ""TimeOfDay"", ""Arrays"", ""DateTimeFieldType"", ""BaseDurationField"", ""TestPreciseDurationDateTimeField$MockPreciseDurationDateTimeField"", ""PreciseDurationDateTimeField"", ""DurationFieldType"", ""TestPreciseDurationDateTimeField$MockCountingDurationField""]","[0.04654346338124572, 0.021408839779005526, 0.017691659646166806, 0.013479359730412805, 0.012422360248447204, 0.01098901098901099, 0.010093727469358327, 0.007662835249042145]","[4.317590691307323, 2.5476519337016574, 2.2350463352990735, 1.2468407750631845, 2.4463176574977816, 0.5354090354090354, 0.4297043979812545, 0.08812260536398467]"
org.joda.time.field.TestPreciseDurationDateTimeField.test_set_RP_int_intarray_String_Locale,0.04654346338124572,0.01753640706158619,0.007662835249042145,0.14029125649268953,0.013333828693242036,0.014960175292567114,0.011698245369944477,4.317590691307323,1.7308354289529118,0.08812260536398467,13.846683431623294,0.4488055919098055,1.0537603307902097,1.3313234916384042,"[""TestPreciseDurationDateTimeField"", ""BaseDateTimeField"", ""TimeOfDay"", ""Arrays"", ""DateTimeFieldType"", ""BaseDurationField"", ""TestPreciseDurationDateTimeField$MockPreciseDurationDateTimeField"", ""PreciseDurationDateTimeField"", ""DurationFieldType"", ""TestPreciseDurationDateTimeField$MockCountingDurationField""]","[0.04654346338124572, 0.021408839779005526, 0.017691659646166806, 0.013479359730412805, 0.012422360248447204, 0.01098901098901099, 0.010093727469358327, 0.007662835249042145]","[4.317590691307323, 2.5476519337016574, 2.2350463352990735, 1.2468407750631845, 2.4463176574977816, 0.5354090354090354, 0.4297043979812545, 0.08812260536398467]"
org.joda.time.field.TestPreciseDurationDateTimeField.test_addWrapField_RP_int_intarray_int,0.04654346338124572,0.01753640706158619,0.007662835249042145,0.14029125649268953,0.013333828693242036,0.014960175292567114,0.011698245369944477,4.317590691307323,1.7308354289529118,0.08812260536398467,13.846683431623294,0.4488055919098055,1.0537603307902097,1.3313234916384042,"[""TestPreciseDurationDateTimeField"", ""BaseDateTimeField"", ""TimeOfDay"", ""Arrays"", ""DateTimeFieldType"", ""BaseDurationField"", ""TestPreciseDurationDateTimeField$MockPreciseDurationDateTimeField"", ""PreciseDurationDateTimeField"", ""DurationFieldType"", ""TestPreciseDurationDateTimeField$MockCountingDurationField""]","[0.04654346338124572, 0.021408839779005526, 0.017691659646166806, 0.013479359730412805, 0.012422360248447204, 0.01098901098901099, 0.010093727469358327, 0.007662835249042145]","[4.317590691307323, 2.5476519337016574, 2.2350463352990735, 1.2468407750631845, 2.4463176574977816, 0.5354090354090354, 0.4297043979812545, 0.08812260536398467]"
org.joda.time.format.TestDateTimeFormat.testFormat_yearOfEraParse,0.041970802919708027,0.027980535279805353,0.022506082725060828,0.13990267639902676,0.026597613083552664,0.027217764453695063,0.007155932442750724,5.9939172749391725,3.640510948905109,2.559610705596107,18.202554744525546,3.3213087588435166,3.4628131388059424,1.2481888181457108,"[""GJChronology"", ""TestDateTimeFormat"", ""DateTimeFormatter"", ""DateTimeFormat"", ""DateTime""]","[0.041970802919708027, 0.026155717761557177, 0.026155717761557177, 0.023114355231143552, 0.022506082725060828]","[5.9939172749391725, 2.559610705596107, 2.9197080291970803, 2.911192214111922, 3.818126520681265]"
org.joda.time.tz.TestBuilder.testForwardTransitions,0.041970802919708027,0.027790759080682615,0.014866204162537165,0.13895379540341307,0.02357265176979097,0.0256170895669011,0.010814069710454566,5.9939172749391725,3.475891791395687,1.4469772051536174,17.379458956978436,2.7899732724617303,3.1320291836043967,1.51390606892187,"[""DateTimeZoneBuilder"", ""DateTime"", ""TestBuilder"", ""DateTimeFormatter"", ""DateTimeZone""]","[0.041970802919708027, 0.03832116788321168, 0.026155717761557177, 0.017639902676399026, 0.014866204162537165]","[5.9939172749391725, 3.5, 2.559610705596107, 3.8789537712895377, 1.4469772051536174]"
org.joda.time.tz.TestBuilder.testSerialization,0.041970802919708027,0.027790759080682615,0.014866204162537165,0.13895379540341307,0.02357265176979097,0.0256170895669011,0.010814069710454566,5.9939172749391725,3.475891791395687,1.4469772051536174,17.379458956978436,2.7899732724617303,3.1320291836043967,1.51390606892187,"[""ByteArrayOutputStream"", ""DateTimeZoneBuilder"", ""DateTimeFormatter"", ""DateTimeZone"", ""DateTime"", ""TestBuilder"", ""ByteArrayInputStream""]","[0.041970802919708027, 0.03832116788321168, 0.026155717761557177, 0.017639902676399026, 0.014866204162537165]","[5.9939172749391725, 3.5, 2.559610705596107, 3.8789537712895377, 1.4469772051536174]"
org.joda.time.tz.TestBuilder.testFixed,0.041970802919708027,0.027790759080682615,0.014866204162537165,0.13895379540341307,0.02357265176979097,0.0256170895669011,0.010814069710454566,5.9939172749391725,3.475891791395687,1.4469772051536174,17.379458956978436,2.7899732724617303,3.1320291836043967,1.51390606892187,"[""DateTimeZoneBuilder"", ""ByteArrayOutputStream"", ""DateTimeFormatter"", ""DateTimeZone"", ""DateTime"", ""TestBuilder"", ""ByteArrayInputStream""]","[0.041970802919708027, 0.03832116788321168, 0.026155717761557177, 0.017639902676399026, 0.014866204162537165]","[5.9939172749391725, 3.5, 2.559610705596107, 3.8789537712895377, 1.4469772051536174]"
org.joda.time.tz.TestBuilder.testReverseTransitions,0.041970802919708027,0.027790759080682615,0.014866204162537165,0.13895379540341307,0.02357265176979097,0.0256170895669011,0.010814069710454566,5.9939172749391725,3.475891791395687,1.4469772051536174,17.379458956978436,2.7899732724617303,3.1320291836043967,1.51390606892187,"[""DateTimeZoneBuilder"", ""DateTime"", ""TestBuilder"", ""DateTimeFormatter"", ""DateTimeZone""]","[0.041970802919708027, 0.03832116788321168, 0.026155717761557177, 0.017639902676399026, 0.014866204162537165]","[5.9939172749391725, 3.5, 2.559610705596107, 3.8789537712895377, 1.4469772051536174]"
org.joda.time.field.TestPreciseDateTimeField.test_set_RP_int_intarray_int,0.04654346338124572,0.017307469332648463,0.007662835249042145,0.1384597546611877,0.012941262480588758,0.01462308574464347,0.01184118761341817,4.317590691307323,1.7194985084545007,0.08812260536398467,13.755988067636006,0.43813085954034603,1.0270376627019429,1.3437943703129667,"[""TestPreciseDateTimeField"", ""TestPreciseDateTimeField$MockPreciseDateTimeField"", ""BaseDateTimeField"", ""PreciseDateTimeField"", ""TimeOfDay"", ""Arrays"", ""DateTimeFieldType"", ""BaseDurationField"", ""DurationFieldType"", ""TestPreciseDateTimeField$MockCountingDurationField""]","[0.04654346338124572, 0.021408839779005526, 0.017691659646166806, 0.013479359730412805, 0.012422360248447204, 0.010093727469358327, 0.009157509157509158, 0.007662835249042145]","[4.317590691307323, 2.5476519337016574, 2.2350463352990735, 1.2468407750631845, 2.4569653948535937, 0.4297043979812545, 0.4340659340659341, 0.08812260536398467]"
org.joda.time.field.TestPreciseDateTimeField.test_set_RP_int_intarray_String_Locale,0.04654346338124572,0.017307469332648463,0.007662835249042145,0.1384597546611877,0.012941262480588758,0.01462308574464347,0.01184118761341817,4.317590691307323,1.7194985084545007,0.08812260536398467,13.755988067636006,0.43813085954034603,1.0270376627019429,1.3437943703129667,"[""TestPreciseDateTimeField"", ""TestPreciseDateTimeField$MockPreciseDateTimeField"", ""BaseDateTimeField"", ""PreciseDateTimeField"", ""TimeOfDay"", ""Arrays"", ""DateTimeFieldType"", ""BaseDurationField"", ""DurationFieldType"", ""TestPreciseDateTimeField$MockCountingDurationField""]","[0.04654346338124572, 0.021408839779005526, 0.017691659646166806, 0.013479359730412805, 0.012422360248447204, 0.010093727469358327, 0.009157509157509158, 0.007662835249042145]","[4.317590691307323, 2.5476519337016574, 2.2350463352990735, 1.2468407750631845, 2.4569653948535937, 0.4297043979812545, 0.4340659340659341, 0.08812260536398467]"
org.joda.time.field.TestPreciseDateTimeField.test_addWrapField_RP_int_intarray_int,0.04654346338124572,0.017307469332648463,0.007662835249042145,0.1384597546611877,0.012941262480588758,0.01462308574464347,0.01184118761341817,4.317590691307323,1.7194985084545007,0.08812260536398467,13.755988067636006,0.43813085954034603,1.0270376627019429,1.3437943703129667,"[""TestPreciseDateTimeField"", ""TestPreciseDateTimeField$MockPreciseDateTimeField"", ""BaseDateTimeField"", ""PreciseDateTimeField"", ""TimeOfDay"", ""Arrays"", ""DateTimeFieldType"", ""BaseDurationField"", ""DurationFieldType"", ""TestPreciseDateTimeField$MockCountingDurationField""]","[0.04654346338124572, 0.021408839779005526, 0.017691659646166806, 0.013479359730412805, 0.012422360248447204, 0.010093727469358327, 0.009157509157509158, 0.007662835249042145]","[4.317590691307323, 2.5476519337016574, 2.2350463352990735, 1.2468407750631845, 2.4569653948535937, 0.4297043979812545, 0.4340659340659341, 0.08812260536398467]"
org.joda.time.TestTimeOfDay_Constructors.testConstructor_DateTimeZone,0.04654346338124572,0.034545995437027056,0.022569444444444444,0.13818398174810823,0.03161578640342362,0.033061695314666184,0.009974261742820205,5.9939172749391725,3.733428312699835,1.5562330623306233,14.93371325079934,2.925720607214399,3.333487007303047,1.630700219532406,"[""DateTimeUtils"", ""TestTimeOfDay_Constructors"", ""TimeOfDay"", ""DateTime""]","[0.04654346338124572, 0.041970802919708027, 0.02710027100271003, 0.022569444444444444]","[4.317590691307323, 5.9939172749391725, 1.5562330623306233, 3.0659722222222223]"
org.joda.time.TestTimeOfDay_Constructors.testConstructor_nullDateTimeZone,0.04654346338124572,0.034545995437027056,0.022569444444444444,0.13818398174810823,0.03161578640342362,0.033061695314666184,0.009974261742820205,5.9939172749391725,3.733428312699835,1.5562330623306233,14.93371325079934,2.925720607214399,3.333487007303047,1.630700219532406,"[""DateTimeUtils"", ""TestTimeOfDay_Constructors"", ""TimeOfDay"", ""DateTime""]","[0.04654346338124572, 0.041970802919708027, 0.02710027100271003, 0.022569444444444444]","[4.317590691307323, 5.9939172749391725, 1.5562330623306233, 3.0659722222222223]"
org.joda.time.format.TestTextFields.testHalfdayNames,0.03527980535279805,0.0230085519805599,0.015180265654648957,0.1380513118833594,0.020959737603908603,0.021949848472692234,0.00708472154083939,4.203771289537713,2.2489606273401757,0.7182163187855788,13.493763764041054,1.437290352181672,1.8377825626190205,1.2291736931771242,"[""TestTextFields"", ""DateTimeFormatter"", ""DateTimeFormat"", ""MutableDateTime"", ""ISOChronology"", ""Chronology""]","[0.03527980535279805, 0.026155717761557177, 0.026155717761557177, 0.020072992700729927, 0.015206812652068127, 0.015180265654648957]","[4.203771289537713, 2.559610705596107, 2.9197080291970803, 2.3728710462287106, 0.7195863746958637, 0.7182163187855788]"
org.joda.time.TestMonthDay_Basics.testToDateTime_nullRI,0.044534412955465584,0.034474246213398035,0.024291497975708502,0.13789698485359214,0.03216796850166773,0.03330563629121811,0.0088807261725764,7.753036437246964,5.244825033710161,1.5562330623306233,20.979300134840646,3.588822534202231,4.501187114652605,2.271782559065701,"[""TestMonthDay_Basics"", ""DateTime$Property"", ""MonthDay"", ""DateTime"", ""DateTimeUtils""]","[0.044534412955465584, 0.041970802919708027, 0.02710027100271003, 0.024291497975708502]","[7.753036437246964, 5.9939172749391725, 1.5562330623306233, 5.676113360323886]"
org.joda.time.TestInstant_Basics.testIsAfter_RI,0.041970802919708027,0.022972120190351126,0.015206812652068127,0.13783272114210676,0.020421131154823375,0.02151988083970805,0.009179597407810623,5.9939172749391725,2.0596253645135763,0.6593673965936739,12.357752187081458,1.1823926867025414,1.498098615115207,1.842386913995396,"[""AbstractInstant"", ""GregorianChronology"", ""Instant"", ""TestInstant_Basics$MockInstant"", ""ISOChronology"", ""DateTime"", ""TestInstant_Basics""]","[0.041970802919708027, 0.026155717761557177, 0.019464720194647202, 0.018611309949892626, 0.016423357664233577, 0.015206812652068127]","[5.9939172749391725, 1.9227493917274938, 1.0048661800486618, 2.0572655690765926, 0.6593673965936739, 0.7195863746958637]"
org.joda.time.TestInstant_Basics.testCompareTo,0.041970802919708027,0.022972120190351126,0.015206812652068127,0.13783272114210676,0.020421131154823375,0.02151988083970805,0.009179597407810623,5.9939172749391725,2.0596253645135763,0.6593673965936739,12.357752187081458,1.1823926867025414,1.498098615115207,1.842386913995396,"[""AbstractInstant"", ""GregorianChronology"", ""Instant"", ""TestInstant_Basics$MockInstant"", ""ISOChronology"", ""DateTime"", ""TestInstant_Basics""]","[0.041970802919708027, 0.026155717761557177, 0.019464720194647202, 0.018611309949892626, 0.016423357664233577, 0.015206812652068127]","[5.9939172749391725, 1.9227493917274938, 1.0048661800486618, 2.0572655690765926, 0.6593673965936739, 0.7195863746958637]"
org.joda.time.TestInstant_Basics.testIsBefore_RI,0.041970802919708027,0.022972120190351126,0.015206812652068127,0.13783272114210676,0.020421131154823375,0.02151988083970805,0.009179597407810623,5.9939172749391725,2.0596253645135763,0.6593673965936739,12.357752187081458,1.1823926867025414,1.498098615115207,1.842386913995396,"[""AbstractInstant"", ""GregorianChronology"", ""Instant"", ""TestInstant_Basics$MockInstant"", ""ISOChronology"", ""DateTime"", ""TestInstant_Basics""]","[0.041970802919708027, 0.026155717761557177, 0.019464720194647202, 0.018611309949892626, 0.016423357664233577, 0.015206812652068127]","[5.9939172749391725, 1.9227493917274938, 1.0048661800486618, 2.0572655690765926, 0.6593673965936739, 0.7195863746958637]"
org.joda.time.TestInstant_Basics.testIsEqual_RI,0.041970802919708027,0.022972120190351126,0.015206812652068127,0.13783272114210676,0.020421131154823375,0.02151988083970805,0.009179597407810623,5.9939172749391725,2.0596253645135763,0.6593673965936739,12.357752187081458,1.1823926867025414,1.498098615115207,1.842386913995396,"[""AbstractInstant"", ""GregorianChronology"", ""Instant"", ""TestInstant_Basics$MockInstant"", ""ISOChronology"", ""DateTime"", ""TestInstant_Basics""]","[0.041970802919708027, 0.026155717761557177, 0.019464720194647202, 0.018611309949892626, 0.016423357664233577, 0.015206812652068127]","[5.9939172749391725, 1.9227493917274938, 1.0048661800486618, 2.0572655690765926, 0.6593673965936739, 0.7195863746958637]"
org.joda.time.TestLocalDate_Basics.testToString_DTFormatter,0.0718562874251497,0.04578211569763654,0.026155717761557177,0.1373463470929096,0.038673597832249135,0.04196956184287933,0.019206177080015062,10.74251497005988,6.924220576151716,2.9197080291970803,20.772661728455148,5.206287251404744,6.064298870206244,3.196360952593415,"[""DateTimeFormat"", ""TestLocalDate_Basics"", ""LocalDate""]","[0.0718562874251497, 0.039334341906202726, 0.026155717761557177]","[10.74251497005988, 7.110438729198185, 2.9197080291970803]"
org.joda.time.TestLocalDate_Properties.testPropertyCompareToYear,0.0718562874251497,0.04574267546076641,0.0234009360374415,0.13722802638229922,0.037278154461222617,0.04132521236089178,0.01996080386450842,10.74251497005988,6.840901231952362,3.786271450858034,20.522703695857086,5.724798116510031,6.247066845259593,2.9023401296411038,"[""DateTime"", ""TestLocalDate_Properties"", ""LocalDate$Property"", ""LocalDate""]","[0.0718562874251497, 0.041970802919708027, 0.0234009360374415]","[10.74251497005988, 5.9939172749391725, 3.786271450858034]"
org.joda.time.TestLocalDate_Properties.testPropertyCompareToMonth,0.0718562874251497,0.04574267546076641,0.0234009360374415,0.13722802638229922,0.037278154461222617,0.04132521236089178,0.01996080386450842,10.74251497005988,6.840901231952362,3.786271450858034,20.522703695857086,5.724798116510031,6.247066845259593,2.9023401296411038,"[""DateTime"", ""TestLocalDate_Properties"", ""LocalDate$Property"", ""LocalDate""]","[0.0718562874251497, 0.041970802919708027, 0.0234009360374415]","[10.74251497005988, 5.9939172749391725, 3.786271450858034]"
org.joda.time.TestLocalDate_Properties.testPropertyCompareToDay,0.0718562874251497,0.04574267546076641,0.0234009360374415,0.13722802638229922,0.037278154461222617,0.04132521236089178,0.01996080386450842,10.74251497005988,6.840901231952362,3.786271450858034,20.522703695857086,5.724798116510031,6.247066845259593,2.9023401296411038,"[""DateTime"", ""TestLocalDate_Properties"", ""LocalDate$Property"", ""LocalDate""]","[0.0718562874251497, 0.041970802919708027, 0.0234009360374415]","[10.74251497005988, 5.9939172749391725, 3.786271450858034]"
org.joda.time.chrono.TestISOChronology.testCutoverAddYears,0.041970802919708027,0.02275500658164606,0.010378510378510378,0.13653003948987635,0.017239888180817096,0.019581183352155498,0.012861325778418807,5.9939172749391725,2.308857251570847,0.7195863746958637,13.853143509425081,1.2927053058119544,1.6790759122194245,1.9023830758540614,"[""TestISOChronology"", ""YearMonthDay"", ""DurationField"", ""DurationFieldType"", ""ISOChronology"", ""DateTime""]","[0.041970802919708027, 0.03952011291460833, 0.01597444089456869, 0.015206812652068127, 0.013479359730412805, 0.010378510378510378]","[5.9939172749391725, 3.5356386732533522, 1.6373801916932906, 0.7195863746958637, 1.2468407750631845, 0.7197802197802198]"
org.joda.time.chrono.TestISOChronology.testAddMonths,0.041970802919708027,0.02275500658164606,0.010378510378510378,0.13653003948987635,0.017239888180817096,0.019581183352155498,0.012861325778418807,5.9939172749391725,2.308857251570847,0.7195863746958637,13.853143509425081,1.2927053058119544,1.6790759122194245,1.9023830758540614,"[""TestISOChronology"", ""YearMonthDay"", ""DurationField"", ""DurationFieldType"", ""ISOChronology"", ""DateTime""]","[0.041970802919708027, 0.03952011291460833, 0.01597444089456869, 0.015206812652068127, 0.013479359730412805, 0.010378510378510378]","[5.9939172749391725, 3.5356386732533522, 1.6373801916932906, 0.7195863746958637, 1.2468407750631845, 0.7197802197802198]"
org.joda.time.TestTimeOfDay_Basics.testToDateTimeToday_nullZone,0.04654346338124572,0.03411196765924928,0.020833333333333332,0.13644787063699712,0.030719280964553997,0.03240668387934195,0.010509393382847586,5.9939172749391725,3.8983588682553907,1.5562330623306233,15.593435473021563,3.05476412826176,3.4999232544706502,1.5876465799502755,"[""TimeOfDay"", ""TestTimeOfDay_Basics"", ""DateTime$Property"", ""DateTime"", ""DateTimeUtils""]","[0.04654346338124572, 0.041970802919708027, 0.02710027100271003, 0.020833333333333332]","[4.317590691307323, 5.9939172749391725, 1.5562330623306233, 3.7256944444444446]"
org.joda.time.TestTimeOfDay_Basics.testToDateTime_nullRI,0.04654346338124572,0.03411196765924928,0.020833333333333332,0.13644787063699712,0.030719280964553997,0.03240668387934195,0.010509393382847586,5.9939172749391725,3.8983588682553907,1.5562330623306233,15.593435473021563,3.05476412826176,3.4999232544706502,1.5876465799502755,"[""TimeOfDay"", ""DateTime"", ""TestTimeOfDay_Basics"", ""DateTimeUtils""]","[0.04654346338124572, 0.041970802919708027, 0.02710027100271003, 0.020833333333333332]","[4.317590691307323, 5.9939172749391725, 1.5562330623306233, 3.7256944444444446]"
org.joda.time.TestTimeOfDay_Basics.testToDateTimeToday,0.04654346338124572,0.03411196765924928,0.020833333333333332,0.13644787063699712,0.030719280964553997,0.03240668387934195,0.010509393382847586,5.9939172749391725,3.8983588682553907,1.5562330623306233,15.593435473021563,3.05476412826176,3.4999232544706502,1.5876465799502755,"[""TimeOfDay"", ""TestTimeOfDay_Basics"", ""DateTime$Property"", ""DateTime"", ""DateTimeUtils""]","[0.04654346338124572, 0.041970802919708027, 0.02710027100271003, 0.020833333333333332]","[4.317590691307323, 5.9939172749391725, 1.5562330623306233, 3.7256944444444446]"
org.joda.time.TestTimeOfDay_Basics.testToDateTimeToday_Zone,0.04654346338124572,0.03411196765924928,0.020833333333333332,0.13644787063699712,0.030719280964553997,0.03240668387934195,0.010509393382847586,5.9939172749391725,3.8983588682553907,1.5562330623306233,15.593435473021563,3.05476412826176,3.4999232544706502,1.5876465799502755,"[""TimeOfDay"", ""TestTimeOfDay_Basics"", ""DateTime$Property"", ""DateTime"", ""DateTimeUtils""]","[0.04654346338124572, 0.041970802919708027, 0.02710027100271003, 0.020833333333333332]","[4.317590691307323, 5.9939172749391725, 1.5562330623306233, 3.7256944444444446]"
org.joda.time.TestMutableInterval_Basics.testToPeriod_PeriodType2,0.041970802919708027,0.0272342553799939,0.019350811485642945,0.1361712768999695,0.02500121117613002,0.02602929648706731,0.008568569495876716,5.9939172749391725,3.664419014892089,1.3320848938826466,18.322095074460446,2.6533876738040227,3.152283631059017,1.7940578223138053,"[""TestMutableInterval_Basics"", ""MutableInterval"", ""DateTime"", ""PeriodType"", ""Period""]","[0.041970802919708027, 0.031857031857031856, 0.022029897718332022, 0.02096273291925466, 0.019350811485642945]","[5.9939172749391725, 5.1313131313131315, 1.931549960660897, 3.9332298136645965, 1.3320848938826466]"
org.joda.time.TestMutableInterval_Basics.testToPeriod,0.041970802919708027,0.0272342553799939,0.019350811485642945,0.1361712768999695,0.02500121117613002,0.02602929648706731,0.008568569495876716,5.9939172749391725,3.664419014892089,1.3320848938826466,18.322095074460446,2.6533876738040227,3.152283631059017,1.7940578223138053,"[""TestMutableInterval_Basics"", ""MutableInterval"", ""DateTime"", ""PeriodType"", ""Period""]","[0.041970802919708027, 0.031857031857031856, 0.022029897718332022, 0.02096273291925466, 0.019350811485642945]","[5.9939172749391725, 5.1313131313131315, 1.931549960660897, 3.9332298136645965, 1.3320848938826466]"
org.joda.time.TestMutableInterval_Basics.testToPeriod_PeriodType1,0.041970802919708027,0.0272342553799939,0.019350811485642945,0.1361712768999695,0.02500121117613002,0.02602929648706731,0.008568569495876716,5.9939172749391725,3.664419014892089,1.3320848938826466,18.322095074460446,2.6533876738040227,3.152283631059017,1.7940578223138053,"[""TestMutableInterval_Basics"", ""MutableInterval"", ""DateTime"", ""PeriodType"", ""Period""]","[0.041970802919708027, 0.031857031857031856, 0.022029897718332022, 0.02096273291925466, 0.019350811485642945]","[5.9939172749391725, 5.1313131313131315, 1.931549960660897, 3.9332298136645965, 1.3320848938826466]"
org.joda.time.TestMutableInterval_Constructors.testConstructor_RP_RI4,0.041970802919708027,0.02267886244051322,0.010378510378510378,0.13607317464307933,0.018361009467942377,0.020333728471016332,0.010827873680213625,5.9939172749391725,2.7209130196761895,0.7195863746958637,16.325478118057138,1.3943282517820885,1.9291123171801836,2.1034337863563155,"[""TestMutableInterval_Constructors"", ""DurationField"", ""MutableInterval"", ""ISOChronology"", ""DateTime"", ""Period""]","[0.041970802919708027, 0.031857031857031856, 0.019350811485642945, 0.01730920535011802, 0.015206812652068127, 0.010378510378510378]","[5.9939172749391725, 5.1313131313131315, 1.3320848938826466, 2.4287962234461054, 0.7195863746958637, 0.7197802197802198]"
org.joda.time.TestMutableInterval_Constructors.testConstructor_RI_RP1,0.041970802919708027,0.02267886244051322,0.010378510378510378,0.13607317464307933,0.018361009467942377,0.020333728471016332,0.010827873680213625,5.9939172749391725,2.7209130196761895,0.7195863746958637,16.325478118057138,1.3943282517820885,1.9291123171801836,2.1034337863563155,"[""TestMutableInterval_Constructors"", ""DurationField"", ""MutableInterval"", ""ISOChronology"", ""DateTime"", ""Period""]","[0.041970802919708027, 0.031857031857031856, 0.019350811485642945, 0.01730920535011802, 0.015206812652068127, 0.010378510378510378]","[5.9939172749391725, 5.1313131313131315, 1.3320848938826466, 2.4287962234461054, 0.7195863746958637, 0.7197802197802198]"
org.joda.time.TestMutableInterval_Constructors.testConstructor_RI_RP4,0.041970802919708027,0.02267886244051322,0.010378510378510378,0.13607317464307933,0.018361009467942377,0.020333728471016332,0.010827873680213625,5.9939172749391725,2.7209130196761895,0.7195863746958637,16.325478118057138,1.3943282517820885,1.9291123171801836,2.1034337863563155,"[""TestMutableInterval_Constructors"", ""DurationField"", ""MutableInterval"", ""ISOChronology"", ""DateTime"", ""Period""]","[0.041970802919708027, 0.031857031857031856, 0.019350811485642945, 0.01730920535011802, 0.015206812652068127, 0.010378510378510378]","[5.9939172749391725, 5.1313131313131315, 1.3320848938826466, 2.4287962234461054, 0.7195863746958637, 0.7197802197802198]"
org.joda.time.TestMutableInterval_Constructors.testConstructor_RP_RI1,0.041970802919708027,0.02267886244051322,0.010378510378510378,0.13607317464307933,0.018361009467942377,0.020333728471016332,0.010827873680213625,5.9939172749391725,2.7209130196761895,0.7195863746958637,16.325478118057138,1.3943282517820885,1.9291123171801836,2.1034337863563155,"[""TestMutableInterval_Constructors"", ""DurationField"", ""MutableInterval"", ""ISOChronology"", ""DateTime"", ""Period""]","[0.041970802919708027, 0.031857031857031856, 0.019350811485642945, 0.01730920535011802, 0.015206812652068127, 0.010378510378510378]","[5.9939172749391725, 5.1313131313131315, 1.3320848938826466, 2.4287962234461054, 0.7195863746958637, 0.7197802197802198]"
org.joda.time.TestInterval_Constructors.testConstructor_RD_RI1,0.041970802919708027,0.022655801164565465,0.010378510378510378,0.1359348069873928,0.018861275446173463,0.020668298247211767,0.009879090006000197,5.9939172749391725,2.256954095202912,0.7195863746958637,13.541724571217472,1.3245166608586265,1.6906043329775933,1.8205114267500966,"[""TestInterval_Constructors"", ""Interval"", ""Duration"", ""DurationField"", ""ISOChronology"", ""DateTime""]","[0.041970802919708027, 0.023901310717039322, 0.02372034956304619, 0.020757020757020756, 0.015206812652068127, 0.010378510378510378]","[5.9939172749391725, 2.87201233616037, 1.618601747815231, 1.6178266178266179, 0.7195863746958637, 0.7197802197802198]"
org.joda.time.TestInterval_Constructors.testConstructor_RI_RD1,0.041970802919708027,0.022655801164565465,0.010378510378510378,0.1359348069873928,0.018861275446173463,0.020668298247211767,0.009879090006000197,5.9939172749391725,2.256954095202912,0.7195863746958637,13.541724571217472,1.3245166608586265,1.6906043329775933,1.8205114267500966,"[""TestInterval_Constructors"", ""Interval"", ""Duration"", ""DurationField"", ""ISOChronology"", ""DateTime""]","[0.041970802919708027, 0.023901310717039322, 0.02372034956304619, 0.020757020757020756, 0.015206812652068127, 0.010378510378510378]","[5.9939172749391725, 2.87201233616037, 1.618601747815231, 1.6178266178266179, 0.7195863746958637, 0.7197802197802198]"
org.joda.time.TestYearMonthDay_Basics.testToLocalDate,0.0718562874251497,0.0452273186317712,0.024305555555555556,0.1356819558953136,0.03733056810606621,0.041020048353704285,0.019827542681112746,10.74251497005988,5.919685473697004,3.4809027777777777,17.75905642109101,4.523493681363373,5.094347650132009,3.4103286515920255,"[""YearMonthDay"", ""TestYearMonthDay_Basics"", ""LocalDate""]","[0.0718562874251497, 0.03952011291460833, 0.024305555555555556]","[10.74251497005988, 3.5356386732533522, 3.4809027777777777]"
org.joda.time.format.TestDateTimeFormat.testFormatParse_textHalfdayAM_UK,0.04440389294403893,0.03375912408759124,0.022506082725060828,0.13503649635036497,0.031004957772705524,0.03236374118422641,0.009554913669346111,8.052311435523114,5.105991484184915,2.559610705596107,20.42396593673966,4.2390092802052575,4.66030011541482,2.098324611405901,"[""DateTimeFormatterBuilder"", ""TestDateTimeFormat"", ""DateTime"", ""DateTimeFormatter""]","[0.04440389294403893, 0.041970802919708027, 0.026155717761557177, 0.022506082725060828]","[8.052311435523114, 5.9939172749391725, 2.559610705596107, 3.818126520681265]"
org.joda.time.format.TestDateTimeFormat.testFormatParse_textAdjoiningHelloWorld_UK,0.04440389294403893,0.03375912408759124,0.022506082725060828,0.13503649635036497,0.031004957772705524,0.03236374118422641,0.009554913669346111,8.052311435523114,5.105991484184915,2.559610705596107,20.42396593673966,4.2390092802052575,4.66030011541482,2.098324611405901,"[""DateTimeFormatterBuilder"", ""DateTimeFormatter"", ""DateTime"", ""TestDateTimeFormat""]","[0.04440389294403893, 0.041970802919708027, 0.026155717761557177, 0.022506082725060828]","[8.052311435523114, 5.9939172749391725, 2.559610705596107, 3.818126520681265]"
org.joda.time.format.TestDateTimeFormat.testFormatParse_textAdjoiningMonthDOW_UK,0.04440389294403893,0.03375912408759124,0.022506082725060828,0.13503649635036497,0.031004957772705524,0.03236374118422641,0.009554913669346111,8.052311435523114,5.105991484184915,2.559610705596107,20.42396593673966,4.2390092802052575,4.66030011541482,2.098324611405901,"[""DateTimeFormatterBuilder"", ""DateTimeFormatter"", ""DateTime"", ""TestDateTimeFormat""]","[0.04440389294403893, 0.041970802919708027, 0.026155717761557177, 0.022506082725060828]","[8.052311435523114, 5.9939172749391725, 2.559610705596107, 3.818126520681265]"
org.joda.time.format.TestDateTimeFormat.testFormatParse_textEraAD_UK,0.04440389294403893,0.03375912408759124,0.022506082725060828,0.13503649635036497,0.031004957772705524,0.03236374118422641,0.009554913669346111,8.052311435523114,5.105991484184915,2.559610705596107,20.42396593673966,4.2390092802052575,4.66030011541482,2.098324611405901,"[""DateTimeFormatterBuilder"", ""TestDateTimeFormat"", ""DateTime"", ""DateTimeFormatter""]","[0.04440389294403893, 0.041970802919708027, 0.026155717761557177, 0.022506082725060828]","[8.052311435523114, 5.9939172749391725, 2.559610705596107, 3.818126520681265]"
org.joda.time.format.TestDateTimeFormat.testFormatParse_textEraAD_France,0.04440389294403893,0.03375912408759124,0.022506082725060828,0.13503649635036497,0.031004957772705524,0.03236374118422641,0.009554913669346111,8.052311435523114,5.105991484184915,2.559610705596107,20.42396593673966,4.2390092802052575,4.66030011541482,2.098324611405901,"[""DateTimeFormatterBuilder"", ""TestDateTimeFormat"", ""DateTime"", ""DateTimeFormatter""]","[0.04440389294403893, 0.041970802919708027, 0.026155717761557177, 0.022506082725060828]","[8.052311435523114, 5.9939172749391725, 2.559610705596107, 3.818126520681265]"
org.joda.time.format.TestDateTimeFormat.testFormatParse_textHalfdayAM_France,0.04440389294403893,0.03375912408759124,0.022506082725060828,0.13503649635036497,0.031004957772705524,0.03236374118422641,0.009554913669346111,8.052311435523114,5.105991484184915,2.559610705596107,20.42396593673966,4.2390092802052575,4.66030011541482,2.098324611405901,"[""DateTimeFormatterBuilder"", ""TestDateTimeFormat"", ""DateTime"", ""DateTimeFormatter""]","[0.04440389294403893, 0.041970802919708027, 0.026155717761557177, 0.022506082725060828]","[8.052311435523114, 5.9939172749391725, 2.559610705596107, 3.818126520681265]"
org.joda.time.format.TestDateTimeFormat.testFormatParse_textEraBC_France,0.04440389294403893,0.03375912408759124,0.022506082725060828,0.13503649635036497,0.031004957772705524,0.03236374118422641,0.009554913669346111,8.052311435523114,5.105991484184915,2.559610705596107,20.42396593673966,4.2390092802052575,4.66030011541482,2.098324611405901,"[""DateTimeFormatterBuilder"", ""TestDateTimeFormat"", ""DateTime"", ""DateTimeFormatter""]","[0.04440389294403893, 0.041970802919708027, 0.026155717761557177, 0.022506082725060828]","[8.052311435523114, 5.9939172749391725, 2.559610705596107, 3.818126520681265]"
org.joda.time.TestDateTimeZoneCutover.test_getOffsetFromLocal_Gaza,0.05422993492407809,0.044840635242332595,0.03832116788321168,0.1345219057269978,0.043884462416849686,0.04434810145125408,0.0068043696920985965,11.47939262472885,6.991103299889342,3.5,20.973309899668024,5.559027773089252,6.221559130496844,3.3330128153730256,"[""DateTimeZone"", ""TestDateTimeZoneCutover"", ""DateTime""]","[0.05422993492407809, 0.041970802919708027, 0.03832116788321168]","[11.47939262472885, 5.9939172749391725, 3.5]"
org.joda.time.TestDateTimeZoneCutover.testDateTimeCreation_london,0.05422993492407809,0.044840635242332595,0.03832116788321168,0.1345219057269978,0.043884462416849686,0.04434810145125408,0.0068043696920985965,11.47939262472885,6.991103299889342,3.5,20.973309899668024,5.559027773089252,6.221559130496844,3.3330128153730256,"[""DateTimeZone"", ""TestDateTimeZoneCutover"", ""DateTime""]","[0.05422993492407809, 0.041970802919708027, 0.03832116788321168]","[11.47939262472885, 5.9939172749391725, 3.5]"
org.joda.time.TestDateTimeZoneCutover.testDateTimeCreation_losAngeles,0.05422993492407809,0.044840635242332595,0.03832116788321168,0.1345219057269978,0.043884462416849686,0.04434810145125408,0.0068043696920985965,11.47939262472885,6.991103299889342,3.5,20.973309899668024,5.559027773089252,6.221559130496844,3.3330128153730256,"[""DateTimeZone"", ""TestDateTimeZoneCutover"", ""DateTime""]","[0.05422993492407809, 0.041970802919708027, 0.03832116788321168]","[11.47939262472885, 5.9939172749391725, 3.5]"
org.joda.time.TestDateTimeZoneCutover.testDateTimeCreation_paris,0.05422993492407809,0.044840635242332595,0.03832116788321168,0.1345219057269978,0.043884462416849686,0.04434810145125408,0.0068043696920985965,11.47939262472885,6.991103299889342,3.5,20.973309899668024,5.559027773089252,6.221559130496844,3.3330128153730256,"[""DateTimeZone"", ""TestDateTimeZoneCutover"", ""DateTime""]","[0.05422993492407809, 0.041970802919708027, 0.03832116788321168]","[11.47939262472885, 5.9939172749391725, 3.5]"
org.joda.time.TestDateTimeZoneCutover.test_getOffsetFromLocal_NewYork_Spring,0.05422993492407809,0.044840635242332595,0.03832116788321168,0.1345219057269978,0.043884462416849686,0.04434810145125408,0.0068043696920985965,11.47939262472885,6.991103299889342,3.5,20.973309899668024,5.559027773089252,6.221559130496844,3.3330128153730256,"[""DateTimeZone"", ""TestDateTimeZoneCutover"", ""DateTime""]","[0.05422993492407809, 0.041970802919708027, 0.03832116788321168]","[11.47939262472885, 5.9939172749391725, 3.5]"
org.joda.time.TestDateTimeZoneCutover.test_getOffsetFromLocal_Moscow_Spring,0.05422993492407809,0.044840635242332595,0.03832116788321168,0.1345219057269978,0.043884462416849686,0.04434810145125408,0.0068043696920985965,11.47939262472885,6.991103299889342,3.5,20.973309899668024,5.559027773089252,6.221559130496844,3.3330128153730256,"[""DateTimeZone"", ""TestDateTimeZoneCutover"", ""DateTime""]","[0.05422993492407809, 0.041970802919708027, 0.03832116788321168]","[11.47939262472885, 5.9939172749391725, 3.5]"
org.joda.time.TestDateTimeZoneCutover.test_getOffsetFromLocal_Moscow_Autumn,0.05422993492407809,0.044840635242332595,0.03832116788321168,0.1345219057269978,0.043884462416849686,0.04434810145125408,0.0068043696920985965,11.47939262472885,6.991103299889342,3.5,20.973309899668024,5.559027773089252,6.221559130496844,3.3330128153730256,"[""DateTimeZone"", ""TestDateTimeZoneCutover"", ""DateTime""]","[0.05422993492407809, 0.041970802919708027, 0.03832116788321168]","[11.47939262472885, 5.9939172749391725, 3.5]"
org.joda.time.TestDateTimeZoneCutover.testDateTimeCreation_athens,0.05422993492407809,0.044840635242332595,0.03832116788321168,0.1345219057269978,0.043884462416849686,0.04434810145125408,0.0068043696920985965,11.47939262472885,6.991103299889342,3.5,20.973309899668024,5.559027773089252,6.221559130496844,3.3330128153730256,"[""DateTimeZone"", ""TestDateTimeZoneCutover"", ""DateTime""]","[0.05422993492407809, 0.041970802919708027, 0.03832116788321168]","[11.47939262472885, 5.9939172749391725, 3.5]"
org.joda.time.TestDateTimeZoneCutover.testBug3476684_adjustOffset,0.05422993492407809,0.044840635242332595,0.03832116788321168,0.1345219057269978,0.043884462416849686,0.04434810145125408,0.0068043696920985965,11.47939262472885,6.991103299889342,3.5,20.973309899668024,5.559027773089252,6.221559130496844,3.3330128153730256,"[""DateTimeZone"", ""TestDateTimeZoneCutover"", ""DateTime""]","[0.05422993492407809, 0.041970802919708027, 0.03832116788321168]","[11.47939262472885, 5.9939172749391725, 3.5]"
org.joda.time.TestDateTimeZoneCutover.testBug3476684_adjustOffset_springGap,0.05422993492407809,0.044840635242332595,0.03832116788321168,0.1345219057269978,0.043884462416849686,0.04434810145125408,0.0068043696920985965,11.47939262472885,6.991103299889342,3.5,20.973309899668024,5.559027773089252,6.221559130496844,3.3330128153730256,"[""DateTimeZone"", ""TestDateTimeZoneCutover"", ""DateTime""]","[0.05422993492407809, 0.041970802919708027, 0.03832116788321168]","[11.47939262472885, 5.9939172749391725, 3.5]"
org.joda.time.TestDateTimeZoneCutover.testDateTimeCreation_newYork,0.05422993492407809,0.044840635242332595,0.03832116788321168,0.1345219057269978,0.043884462416849686,0.04434810145125408,0.0068043696920985965,11.47939262472885,6.991103299889342,3.5,20.973309899668024,5.559027773089252,6.221559130496844,3.3330128153730256,"[""DateTimeZone"", ""TestDateTimeZoneCutover"", ""DateTime""]","[0.05422993492407809, 0.041970802919708027, 0.03832116788321168]","[11.47939262472885, 5.9939172749391725, 3.5]"
org.joda.time.TestDateTimeZoneCutover.test_getOffsetFromLocal_Guatemata_Autumn,0.05422993492407809,0.044840635242332595,0.03832116788321168,0.1345219057269978,0.043884462416849686,0.04434810145125408,0.0068043696920985965,11.47939262472885,6.991103299889342,3.5,20.973309899668024,5.559027773089252,6.221559130496844,3.3330128153730256,"[""DateTimeZone"", ""TestDateTimeZoneCutover"", ""DateTime""]","[0.05422993492407809, 0.041970802919708027, 0.03832116788321168]","[11.47939262472885, 5.9939172749391725, 3.5]"
org.joda.time.TestDateTimeZoneCutover.testForum4013394_retainOffsetWhenRetainFields_sameOffsetsDifferentZones,0.05422993492407809,0.044840635242332595,0.03832116788321168,0.1345219057269978,0.043884462416849686,0.04434810145125408,0.0068043696920985965,11.47939262472885,6.991103299889342,3.5,20.973309899668024,5.559027773089252,6.221559130496844,3.3330128153730256,"[""DateTimeZone"", ""TestDateTimeZoneCutover"", ""DateTime""]","[0.05422993492407809, 0.041970802919708027, 0.03832116788321168]","[11.47939262472885, 5.9939172749391725, 3.5]"
org.joda.time.TestDateTimeZoneCutover.test_getOffsetFromLocal_NewYork_Autumn,0.05422993492407809,0.044840635242332595,0.03832116788321168,0.1345219057269978,0.043884462416849686,0.04434810145125408,0.0068043696920985965,11.47939262472885,6.991103299889342,3.5,20.973309899668024,5.559027773089252,6.221559130496844,3.3330128153730256,"[""DateTimeZone"", ""TestDateTimeZoneCutover"", ""DateTime""]","[0.05422993492407809, 0.041970802919708027, 0.03832116788321168]","[11.47939262472885, 5.9939172749391725, 3.5]"
org.joda.time.TestDateTimeZoneCutover.test_getOffsetFromLocal_Turk,0.05422993492407809,0.044840635242332595,0.03832116788321168,0.1345219057269978,0.043884462416849686,0.04434810145125408,0.0068043696920985965,11.47939262472885,6.991103299889342,3.5,20.973309899668024,5.559027773089252,6.221559130496844,3.3330128153730256,"[""DateTimeZone"", ""TestDateTimeZoneCutover"", ""DateTime""]","[0.05422993492407809, 0.041970802919708027, 0.03832116788321168]","[11.47939262472885, 5.9939172749391725, 3.5]"
org.joda.time.TestDateTimeZoneCutover.testBug3192457_adjustOffset,0.05422993492407809,0.044840635242332595,0.03832116788321168,0.1345219057269978,0.043884462416849686,0.04434810145125408,0.0068043696920985965,11.47939262472885,6.991103299889342,3.5,20.973309899668024,5.559027773089252,6.221559130496844,3.3330128153730256,"[""DateTimeZone"", ""TestDateTimeZoneCutover"", ""DateTime""]","[0.05422993492407809, 0.041970802919708027, 0.03832116788321168]","[11.47939262472885, 5.9939172749391725, 3.5]"
org.joda.time.TestDateTimeZoneCutover.test_getOffsetFromLocal_Moscow_Autumn_overlap_mins,0.05422993492407809,0.044840635242332595,0.03832116788321168,0.1345219057269978,0.043884462416849686,0.04434810145125408,0.0068043696920985965,11.47939262472885,6.991103299889342,3.5,20.973309899668024,5.559027773089252,6.221559130496844,3.3330128153730256,"[""StringBuilder"", ""DateTime"", ""DateTimeZone"", ""TestDateTimeZoneCutover""]","[0.05422993492407809, 0.041970802919708027, 0.03832116788321168]","[11.47939262472885, 5.9939172749391725, 3.5]"
org.joda.time.TestLocalDate_Basics.testSerialization,0.0718562874251497,0.026824128030582733,0.007633587786259542,0.13412064015291367,0.01157836923122597,0.016604152446449503,0.025644140234171768,10.74251497005988,3.6286732761915856,0.08812260536398467,18.14336638095793,0.15914091753772278,0.5852171306180265,4.475531473771482,"[""ByteArrayOutputStream"", ""Arrays"", ""TestLocalDate_Basics"", ""ObjectInputStream"", ""LocalDate"", ""ObjectOutputStream"", ""ByteArrayInputStream""]","[0.0718562874251497, 0.039334341906202726, 0.007662835249042145, 0.007633587786259542, 0.007633587786259542]","[10.74251497005988, 7.110438729198185, 0.08812260536398467, 0.09541984732824428, 0.10687022900763359]"
org.joda.time.TestInterval_Basics.testToString_reparse,0.041970802919708027,0.0334482211573222,0.02372034956304619,0.1337928846292888,0.03183239172191317,0.032648257358593696,0.0071495314975306475,5.9939172749391725,4.14588053938766,1.618601747815231,16.58352215755064,3.191958498950081,3.69187033498821,1.7302810053790214,"[""Interval"", ""DateTimeZone"", ""TestInterval_Basics"", ""DateTime""]","[0.041970802919708027, 0.03832116788321168, 0.029780564263322883, 0.02372034956304619]","[5.9939172749391725, 3.5, 5.471003134796239, 1.618601747815231]"
org.joda.time.format.TestDateTimeFormatter.testParseDateTime_offsetParsed,0.041970802919708027,0.03343010395930104,0.026155717761557177,0.13372041583720415,0.032046005281596415,0.0327280632970755,0.006850109985510556,5.9939172749391725,3.9462102779621024,2.559610705596107,15.78484111184841,3.599593252157397,3.7623015447548105,1.2610557794315937,"[""TestDateTimeFormatter"", ""DateTimeFormatter"", ""DateTimeZone"", ""DateTime""]","[0.041970802919708027, 0.03832116788321168, 0.02727272727272727, 0.026155717761557177]","[5.9939172749391725, 3.5, 3.731313131313131, 2.559610705596107]"
org.joda.time.TestLocalTime_Constructors.testConstructor_ObjectTimeOfDay,0.05547226386806597,0.044531558205910905,0.031578947368421054,0.13359467461773272,0.042147269752577425,0.04336214381148644,0.009857601640830466,8.113943028485757,5.89071174118416,4.317590691307323,17.67213522355248,5.497797273365102,5.68353039129441,1.6165921476165839,"[""TestLocalTime_Constructors"", ""LocalTime"", ""TimeOfDay""]","[0.05547226386806597, 0.04654346338124572, 0.031578947368421054]","[8.113943028485757, 4.317590691307323, 5.2406015037593985]"
org.joda.time.TestDateTime_Basics.testToLocalDateTime,0.061377245508982034,0.04447082406463374,0.030064423765211165,0.13341247219390123,0.04088269853749508,0.042625470459133945,0.01290505794079978,11.95808383233533,7.535658684529344,4.654974946313529,22.60697605358803,6.447658778793406,6.935800011795109,3.1745419386956666,"[""LocalDateTime"", ""TestDateTime_Basics"", ""DateTime""]","[0.061377245508982034, 0.041970802919708027, 0.030064423765211165]","[11.95808383233533, 5.9939172749391725, 4.654974946313529]"
org.joda.time.TestYearMonthDay_Basics.testToDateTimeAtCurrentTime,0.041970802919708027,0.03322418559814549,0.024305555555555556,0.13289674239258195,0.03145333709405842,0.03233040612293955,0.007635219498364405,5.9939172749391725,3.6416729470752314,1.5562330623306233,14.566691788300925,2.899539921015246,3.2733035982272227,1.5747383278986826,"[""YearMonthDay"", ""TestYearMonthDay_Basics"", ""DateTime$Property"", ""DateTime"", ""DateTimeUtils""]","[0.041970802919708027, 0.03952011291460833, 0.02710027100271003, 0.024305555555555556]","[5.9939172749391725, 3.5356386732533522, 1.5562330623306233, 3.4809027777777777]"
org.joda.time.TestYearMonthDay_Basics.testToDateTimeAtCurrentTime_nullZone,0.041970802919708027,0.03322418559814549,0.024305555555555556,0.13289674239258195,0.03145333709405842,0.03233040612293955,0.007635219498364405,5.9939172749391725,3.6416729470752314,1.5562330623306233,14.566691788300925,2.899539921015246,3.2733035982272227,1.5747383278986826,"[""YearMonthDay"", ""TestYearMonthDay_Basics"", ""DateTime$Property"", ""DateTime"", ""DateTimeUtils""]","[0.041970802919708027, 0.03952011291460833, 0.02710027100271003, 0.024305555555555556]","[5.9939172749391725, 3.5356386732533522, 1.5562330623306233, 3.4809027777777777]"
org.joda.time.TestYearMonthDay_Basics.testToDateTime_nullTOD,0.041970802919708027,0.03322418559814549,0.024305555555555556,0.13289674239258195,0.03145333709405842,0.03233040612293955,0.007635219498364405,5.9939172749391725,3.6416729470752314,1.5562330623306233,14.566691788300925,2.899539921015246,3.2733035982272227,1.5747383278986826,"[""YearMonthDay"", ""TestYearMonthDay_Basics"", ""DateTime"", ""DateTimeUtils""]","[0.041970802919708027, 0.03952011291460833, 0.02710027100271003, 0.024305555555555556]","[5.9939172749391725, 3.5356386732533522, 1.5562330623306233, 3.4809027777777777]"
org.joda.time.TestYearMonthDay_Basics.testToDateTimeAtCurrentTime_Zone,0.041970802919708027,0.03322418559814549,0.024305555555555556,0.13289674239258195,0.03145333709405842,0.03233040612293955,0.007635219498364405,5.9939172749391725,3.6416729470752314,1.5562330623306233,14.566691788300925,2.899539921015246,3.2733035982272227,1.5747383278986826,"[""YearMonthDay"", ""TestYearMonthDay_Basics"", ""DateTime$Property"", ""DateTime"", ""DateTimeUtils""]","[0.041970802919708027, 0.03952011291460833, 0.02710027100271003, 0.024305555555555556]","[5.9939172749391725, 3.5356386732533522, 1.5562330623306233, 3.4809027777777777]"
org.joda.time.TestYearMonthDay_Basics.testToDateTime_nullRI,0.041970802919708027,0.03322418559814549,0.024305555555555556,0.13289674239258195,0.03145333709405842,0.03233040612293955,0.007635219498364405,5.9939172749391725,3.6416729470752314,1.5562330623306233,14.566691788300925,2.899539921015246,3.2733035982272227,1.5747383278986826,"[""YearMonthDay"", ""TestYearMonthDay_Basics"", ""DateTime$Property"", ""DateTime"", ""DateTimeUtils""]","[0.041970802919708027, 0.03952011291460833, 0.02710027100271003, 0.024305555555555556]","[5.9939172749391725, 3.5356386732533522, 1.5562330623306233, 3.4809027777777777]"
org.joda.time.TestYearMonthDay_Basics.testToDateTime_nullTOD_Zone,0.041970802919708027,0.03322418559814549,0.024305555555555556,0.13289674239258195,0.03145333709405842,0.03233040612293955,0.007635219498364405,5.9939172749391725,3.6416729470752314,1.5562330623306233,14.566691788300925,2.899539921015246,3.2733035982272227,1.5747383278986826,"[""YearMonthDay"", ""TestYearMonthDay_Basics"", ""DateTime"", ""DateTimeUtils""]","[0.041970802919708027, 0.03952011291460833, 0.02710027100271003, 0.024305555555555556]","[5.9939172749391725, 3.5356386732533522, 1.5562330623306233, 3.4809027777777777]"
org.joda.time.field.TestPreciseDurationDateTimeField.test_getAsText_RP_int_Locale,0.04654346338124572,0.018946917320521055,0.010093727469358327,0.13262842124364738,0.014910186056508136,0.016460515206533965,0.011852530550851224,4.317590691307323,1.9655086894656155,0.4297043979812545,13.758560826259309,1.0807032503888612,1.5020780182578621,1.2589889208592873,"[""TestPreciseDurationDateTimeField"", ""BaseDateTimeField"", ""TimeOfDay"", ""DateTimeFieldType"", ""BaseDurationField"", ""TestPreciseDurationDateTimeField$MockPreciseDurationDateTimeField"", ""PreciseDurationDateTimeField"", ""DurationFieldType"", ""TestPreciseDurationDateTimeField$MockCountingDurationField""]","[0.04654346338124572, 0.021408839779005526, 0.017691659646166806, 0.013479359730412805, 0.012422360248447204, 0.01098901098901099, 0.010093727469358327]","[4.317590691307323, 2.5476519337016574, 2.2350463352990735, 1.2468407750631845, 2.4463176574977816, 0.5354090354090354, 0.4297043979812545]"
org.joda.time.field.TestPreciseDurationDateTimeField.test_getAsShortText_RP_Locale,0.04654346338124572,0.018946917320521055,0.010093727469358327,0.13262842124364738,0.014910186056508136,0.016460515206533965,0.011852530550851224,4.317590691307323,1.9655086894656155,0.4297043979812545,13.758560826259309,1.0807032503888612,1.5020780182578621,1.2589889208592873,"[""TestPreciseDurationDateTimeField"", ""BaseDateTimeField"", ""TimeOfDay"", ""DateTimeFieldType"", ""BaseDurationField"", ""TestPreciseDurationDateTimeField$MockPreciseDurationDateTimeField"", ""PreciseDurationDateTimeField"", ""DurationFieldType"", ""TestPreciseDurationDateTimeField$MockCountingDurationField""]","[0.04654346338124572, 0.021408839779005526, 0.017691659646166806, 0.013479359730412805, 0.012422360248447204, 0.01098901098901099, 0.010093727469358327]","[4.317590691307323, 2.5476519337016574, 2.2350463352990735, 1.2468407750631845, 2.4463176574977816, 0.5354090354090354, 0.4297043979812545]"
org.joda.time.field.TestPreciseDurationDateTimeField.test_getMinimumValue_RP,0.04654346338124572,0.018946917320521055,0.010093727469358327,0.13262842124364738,0.014910186056508136,0.016460515206533965,0.011852530550851224,4.317590691307323,1.9655086894656155,0.4297043979812545,13.758560826259309,1.0807032503888612,1.5020780182578621,1.2589889208592873,"[""TestPreciseDurationDateTimeField"", ""BaseDateTimeField"", ""TimeOfDay"", ""DateTimeFieldType"", ""BaseDurationField"", ""TestPreciseDurationDateTimeField$MockPreciseDurationDateTimeField"", ""PreciseDurationDateTimeField"", ""DurationFieldType"", ""TestPreciseDurationDateTimeField$MockCountingDurationField""]","[0.04654346338124572, 0.021408839779005526, 0.017691659646166806, 0.013479359730412805, 0.012422360248447204, 0.01098901098901099, 0.010093727469358327]","[4.317590691307323, 2.5476519337016574, 2.2350463352990735, 1.2468407750631845, 2.4463176574977816, 0.5354090354090354, 0.4297043979812545]"
org.joda.time.field.TestPreciseDurationDateTimeField.test_getMaximumValue_RP,0.04654346338124572,0.018946917320521055,0.010093727469358327,0.13262842124364738,0.014910186056508136,0.016460515206533965,0.011852530550851224,4.317590691307323,1.9655086894656155,0.4297043979812545,13.758560826259309,1.0807032503888612,1.5020780182578621,1.2589889208592873,"[""TestPreciseDurationDateTimeField"", ""BaseDateTimeField"", ""TimeOfDay"", ""DateTimeFieldType"", ""BaseDurationField"", ""TestPreciseDurationDateTimeField$MockPreciseDurationDateTimeField"", ""PreciseDurationDateTimeField"", ""DurationFieldType"", ""TestPreciseDurationDateTimeField$MockCountingDurationField""]","[0.04654346338124572, 0.021408839779005526, 0.017691659646166806, 0.013479359730412805, 0.012422360248447204, 0.01098901098901099, 0.010093727469358327]","[4.317590691307323, 2.5476519337016574, 2.2350463352990735, 1.2468407750631845, 2.4463176574977816, 0.5354090354090354, 0.4297043979812545]"
org.joda.time.field.TestPreciseDurationDateTimeField.test_getAsShortText_RP_int_Locale,0.04654346338124572,0.018946917320521055,0.010093727469358327,0.13262842124364738,0.014910186056508136,0.016460515206533965,0.011852530550851224,4.317590691307323,1.9655086894656155,0.4297043979812545,13.758560826259309,1.0807032503888612,1.5020780182578621,1.2589889208592873,"[""TestPreciseDurationDateTimeField"", ""BaseDateTimeField"", ""TimeOfDay"", ""DateTimeFieldType"", ""BaseDurationField"", ""TestPreciseDurationDateTimeField$MockPreciseDurationDateTimeField"", ""PreciseDurationDateTimeField"", ""DurationFieldType"", ""TestPreciseDurationDateTimeField$MockCountingDurationField""]","[0.04654346338124572, 0.021408839779005526, 0.017691659646166806, 0.013479359730412805, 0.012422360248447204, 0.01098901098901099, 0.010093727469358327]","[4.317590691307323, 2.5476519337016574, 2.2350463352990735, 1.2468407750631845, 2.4463176574977816, 0.5354090354090354, 0.4297043979812545]"
org.joda.time.field.TestPreciseDurationDateTimeField.test_getMaximumValue_RP_intarray,0.04654346338124572,0.018946917320521055,0.010093727469358327,0.13262842124364738,0.014910186056508136,0.016460515206533965,0.011852530550851224,4.317590691307323,1.9655086894656155,0.4297043979812545,13.758560826259309,1.0807032503888612,1.5020780182578621,1.2589889208592873,"[""TestPreciseDurationDateTimeField"", ""BaseDateTimeField"", ""TimeOfDay"", ""DateTimeFieldType"", ""BaseDurationField"", ""TestPreciseDurationDateTimeField$MockPreciseDurationDateTimeField"", ""PreciseDurationDateTimeField"", ""DurationFieldType"", ""TestPreciseDurationDateTimeField$MockCountingDurationField""]","[0.04654346338124572, 0.021408839779005526, 0.017691659646166806, 0.013479359730412805, 0.012422360248447204, 0.01098901098901099, 0.010093727469358327]","[4.317590691307323, 2.5476519337016574, 2.2350463352990735, 1.2468407750631845, 2.4463176574977816, 0.5354090354090354, 0.4297043979812545]"
org.joda.time.field.TestPreciseDurationDateTimeField.test_getAsText_RP_Locale,0.04654346338124572,0.018946917320521055,0.010093727469358327,0.13262842124364738,0.014910186056508136,0.016460515206533965,0.011852530550851224,4.317590691307323,1.9655086894656155,0.4297043979812545,13.758560826259309,1.0807032503888612,1.5020780182578621,1.2589889208592873,"[""TestPreciseDurationDateTimeField"", ""BaseDateTimeField"", ""TimeOfDay"", ""DateTimeFieldType"", ""BaseDurationField"", ""TestPreciseDurationDateTimeField$MockPreciseDurationDateTimeField"", ""PreciseDurationDateTimeField"", ""DurationFieldType"", ""TestPreciseDurationDateTimeField$MockCountingDurationField""]","[0.04654346338124572, 0.021408839779005526, 0.017691659646166806, 0.013479359730412805, 0.012422360248447204, 0.01098901098901099, 0.010093727469358327]","[4.317590691307323, 2.5476519337016574, 2.2350463352990735, 1.2468407750631845, 2.4463176574977816, 0.5354090354090354, 0.4297043979812545]"
org.joda.time.field.TestPreciseDurationDateTimeField.test_getMinimumValue_RP_intarray,0.04654346338124572,0.018946917320521055,0.010093727469358327,0.13262842124364738,0.014910186056508136,0.016460515206533965,0.011852530550851224,4.317590691307323,1.9655086894656155,0.4297043979812545,13.758560826259309,1.0807032503888612,1.5020780182578621,1.2589889208592873,"[""TestPreciseDurationDateTimeField"", ""BaseDateTimeField"", ""TimeOfDay"", ""DateTimeFieldType"", ""BaseDurationField"", ""TestPreciseDurationDateTimeField$MockPreciseDurationDateTimeField"", ""PreciseDurationDateTimeField"", ""DurationFieldType"", ""TestPreciseDurationDateTimeField$MockCountingDurationField""]","[0.04654346338124572, 0.021408839779005526, 0.017691659646166806, 0.013479359730412805, 0.012422360248447204, 0.01098901098901099, 0.010093727469358327]","[4.317590691307323, 2.5476519337016574, 2.2350463352990735, 1.2468407750631845, 2.4463176574977816, 0.5354090354090354, 0.4297043979812545]"
org.joda.time.TestLocalTime_Basics.testIsSupported_DateTimeFieldType,0.05547226386806597,0.02645603714396232,0.013479359730412805,0.1322801857198116,0.02103720440544896,0.02324612808825972,0.015024573408463315,8.113943028485757,3.814191364834894,1.2468407750631845,19.07095682417447,2.5124216183994346,3.072367529425282,2.502373524461786,"[""DateTimeFieldType"", ""TestLocalTime_Basics$2"", ""LocalTime"", ""DurationFieldType"", ""TestLocalTime_Basics"", ""TestLocalTime_Basics$1"", ""Chronology""]","[0.05547226386806597, 0.02556390977443609, 0.020072992700729927, 0.017691659646166806, 0.013479359730412805]","[8.113943028485757, 5.102255639097744, 2.3728710462287106, 2.2350463352990735, 1.2468407750631845]"
org.joda.time.chrono.TestLenientChronology.test_lenientChrononolgy_Chicago,0.041970802919708027,0.02639344339644898,0.009157509157509158,0.1319672169822449,0.019120699477880355,0.02276709365629597,0.012712078106946467,5.9939172749391725,2.497211252084588,0.5561660561660562,12.48605626042294,1.1840258396763532,1.705046630390587,2.0381281681332384,"[""TestLenientChronology"", ""DateTimeZone"", ""LenientChronology"", ""ISOChronology"", ""DateTime""]","[0.041970802919708027, 0.03832116788321168, 0.0273109243697479, 0.015206812652068127, 0.009157509157509158]","[5.9939172749391725, 3.5, 1.7163865546218486, 0.7195863746958637, 0.5561660561660562]"
org.joda.time.chrono.TestLenientChronology.testNearDstTransition,0.041970802919708027,0.02639344339644898,0.009157509157509158,0.1319672169822449,0.019120699477880355,0.02276709365629597,0.012712078106946467,5.9939172749391725,2.497211252084588,0.5561660561660562,12.48605626042294,1.1840258396763532,1.705046630390587,2.0381281681332384,"[""TestLenientChronology"", ""DateTimeZone"", ""LenientChronology"", ""ISOChronology"", ""DateTime""]","[0.041970802919708027, 0.03832116788321168, 0.0273109243697479, 0.015206812652068127, 0.009157509157509158]","[5.9939172749391725, 3.5, 1.7163865546218486, 0.7195863746958637, 0.5561660561660562]"
org.joda.time.TestLocalDateTime_Basics.testToDateTime_nullZone,0.061377245508982034,0.043913071873706355,0.028391167192429023,0.13173921562111907,0.03981896065021527,0.04181954528737649,0.013536362071440305,11.95808383233533,8.092307414307063,5.9939172749391725,24.276922242921188,7.342755280581704,7.6820267963456,2.736854809763501,"[""LocalDateTime"", ""DateTime"", ""TestLocalDateTime_Basics""]","[0.061377245508982034, 0.041970802919708027, 0.028391167192429023]","[11.95808383233533, 5.9939172749391725, 6.3249211356466875]"
org.joda.time.TestLocalDateTime_Basics.testToDateTime_nullRI,0.061377245508982034,0.043913071873706355,0.028391167192429023,0.13173921562111907,0.03981896065021527,0.04181954528737649,0.013536362071440305,11.95808383233533,8.092307414307063,5.9939172749391725,24.276922242921188,7.342755280581704,7.6820267963456,2.736854809763501,"[""LocalDateTime"", ""DateTime"", ""TestLocalDateTime_Basics""]","[0.061377245508982034, 0.041970802919708027, 0.028391167192429023]","[11.95808383233533, 5.9939172749391725, 6.3249211356466875]"
org.joda.time.TestLocalDateTime_Basics.testToDateTime_Zone,0.061377245508982034,0.043913071873706355,0.028391167192429023,0.13173921562111907,0.03981896065021527,0.04181954528737649,0.013536362071440305,11.95808383233533,8.092307414307063,5.9939172749391725,24.276922242921188,7.342755280581704,7.6820267963456,2.736854809763501,"[""LocalDateTime"", ""DateTime"", ""TestLocalDateTime_Basics""]","[0.061377245508982034, 0.041970802919708027, 0.028391167192429023]","[11.95808383233533, 5.9939172749391725, 6.3249211356466875]"
org.joda.time.TestLocalDateTime_Basics.testToDateTime,0.061377245508982034,0.043913071873706355,0.028391167192429023,0.13173921562111907,0.03981896065021527,0.04181954528737649,0.013536362071440305,11.95808383233533,8.092307414307063,5.9939172749391725,24.276922242921188,7.342755280581704,7.6820267963456,2.736854809763501,"[""LocalDateTime"", ""DateTime"", ""TestLocalDateTime_Basics""]","[0.061377245508982034, 0.041970802919708027, 0.028391167192429023]","[11.95808383233533, 5.9939172749391725, 6.3249211356466875]"
org.joda.time.TestLocalDateTime_Basics.testToDateTime_RI,0.061377245508982034,0.043913071873706355,0.028391167192429023,0.13173921562111907,0.03981896065021527,0.04181954528737649,0.013536362071440305,11.95808383233533,8.092307414307063,5.9939172749391725,24.276922242921188,7.342755280581704,7.6820267963456,2.736854809763501,"[""LocalDateTime"", ""DateTime"", ""TestLocalDateTime_Basics""]","[0.061377245508982034, 0.041970802919708027, 0.028391167192429023]","[11.95808383233533, 5.9939172749391725, 6.3249211356466875]"
org.joda.time.TestYearMonth_Constructors.testConstructor_DateTimeZone,0.041970802919708027,0.03289276848060452,0.02631578947368421,0.13157107392241807,0.03165497330284613,0.032259980762889585,0.006520237340517403,6.592105263157895,4.23786653168587,1.5562330623306233,16.95146612674348,3.037017643549036,3.6253375620957944,2.1129582499004647,"[""DateTimeUtils"", ""YearMonth"", ""TestYearMonth_Constructors"", ""DateTime""]","[0.041970802919708027, 0.03618421052631579, 0.02710027100271003, 0.02631578947368421]","[5.9939172749391725, 6.592105263157895, 1.5562330623306233, 2.8092105263157894]"
org.joda.time.TestYearMonth_Constructors.testConstructor_nullDateTimeZone,0.041970802919708027,0.03289276848060452,0.02631578947368421,0.13157107392241807,0.03165497330284613,0.032259980762889585,0.006520237340517403,6.592105263157895,4.23786653168587,1.5562330623306233,16.95146612674348,3.037017643549036,3.6253375620957944,2.1129582499004647,"[""DateTimeUtils"", ""YearMonth"", ""TestYearMonth_Constructors"", ""DateTime""]","[0.041970802919708027, 0.03618421052631579, 0.02710027100271003, 0.02631578947368421]","[5.9939172749391725, 6.592105263157895, 1.5562330623306233, 2.8092105263157894]"
org.joda.time.TestChronology.testEqualsHashCode_Zoned,0.041970802919708027,0.02630848390570779,0.014754098360655738,0.13154241952853896,0.02169851351555333,0.023828714999076715,0.011589249881451649,5.9939172749391725,2.7143245183678353,0.7195863746958637,13.571622591839176,1.6230022765352592,2.100942878625332,1.88207465530198,"[""Object"", ""TestChronology"", ""DateTime"", ""DateTimeZone"", ""ISOChronology"", ""ZonedChronology""]","[0.041970802919708027, 0.03832116788321168, 0.021289537712895375, 0.015206812652068127, 0.014754098360655738]","[5.9939172749391725, 3.5, 2.0072992700729926, 0.7195863746958637, 1.3508196721311476]"
org.joda.time.TestDateMidnight_Basics.testToLocalDate,0.0718562874251497,0.043837235414046855,0.026200873362445413,0.13151170624214056,0.03659668508287292,0.03978736934542869,0.02003254679108629,10.74251497005988,6.184904840048631,3.7743813682678313,18.554714520145893,4.953023437149075,5.470573224591633,3.224511054570316,"[""TestDateMidnight_Basics"", ""DateMidnight"", ""LocalDate""]","[0.0718562874251497, 0.03345454545454545, 0.026200873362445413]","[10.74251497005988, 4.0378181818181815, 3.7743813682678313]"
org.joda.time.chrono.TestLenientChronology.test_strictChrononolgy_Chicago,0.041970802919708027,0.02627134327434886,0.008547008547008548,0.1313567163717443,0.01856688114080595,0.02245509772281496,0.012878881275426976,5.9939172749391725,2.4967228515961875,0.5537240537240538,12.483614257980937,1.1818066938276994,1.7035466970098605,2.0385934854015617,"[""StrictChronology"", ""TestLenientChronology"", ""DateTimeZone"", ""ISOChronology"", ""DateTime""]","[0.041970802919708027, 0.03832116788321168, 0.0273109243697479, 0.015206812652068127, 0.008547008547008548]","[5.9939172749391725, 3.5, 1.7163865546218486, 0.7195863746958637, 0.5537240537240538]"
org.joda.time.TestLocalDate_Basics.testGetFields,0.0718562874251497,0.04375454067736079,0.020072992700729927,0.13126362203208236,0.03364815843655022,0.03842521121081468,0.021370244438025512,10.74251497005988,6.741941581828925,2.3728710462287106,20.225824745486776,4.579056692487757,5.6592494116939935,3.4268136282019057,"[""Chronology"", ""TestLocalDate_Basics"", ""LocalDate""]","[0.0718562874251497, 0.039334341906202726, 0.020072992700729927]","[10.74251497005988, 7.110438729198185, 2.3728710462287106]"
org.joda.time.TestLocalDate_Basics.testGetField_int,0.0718562874251497,0.04375454067736079,0.020072992700729927,0.13126362203208236,0.03364815843655022,0.03842521121081468,0.021370244438025512,10.74251497005988,6.741941581828925,2.3728710462287106,20.225824745486776,4.579056692487757,5.6592494116939935,3.4268136282019057,"[""Chronology"", ""TestLocalDate_Basics"", ""LocalDate""]","[0.0718562874251497, 0.039334341906202726, 0.020072992700729927]","[10.74251497005988, 7.110438729198185, 2.3728710462287106]"
org.joda.time.field.TestBaseDateTimeField.test_set_RP_int_intarray_String_Locale,0.04654346338124572,0.018716308696229415,0.007662835249042145,0.1310141608736059,0.014021657582181496,0.01592525249148992,0.012116099154372619,4.317590691307323,1.8941356673683813,0.08812260536398467,13.25894967157867,0.43842360873210356,1.1572000403843794,1.3358532817901538,"[""BaseDateTimeField"", ""TimeOfDay"", ""Arrays"", ""TestBaseDateTimeField"", ""DateTimeFieldType"", ""BaseDurationField"", ""DurationFieldType"", ""TestBaseDateTimeField$MockBaseDateTimeField"", ""TestBaseDateTimeField$MockCountingDurationField""]","[0.04654346338124572, 0.021408839779005526, 0.017691659646166806, 0.014134275618374558, 0.013479359730412805, 0.010093727469358327, 0.007662835249042145]","[4.317590691307323, 2.5476519337016574, 2.2350463352990735, 2.393992932862191, 1.2468407750631845, 0.4297043979812545, 0.08812260536398467]"
org.joda.time.field.TestBaseDateTimeField.test_set_RP_int_intarray_int,0.04654346338124572,0.018716308696229415,0.007662835249042145,0.1310141608736059,0.014021657582181496,0.01592525249148992,0.012116099154372619,4.317590691307323,1.8941356673683813,0.08812260536398467,13.25894967157867,0.43842360873210356,1.1572000403843794,1.3358532817901538,"[""BaseDateTimeField"", ""TimeOfDay"", ""Arrays"", ""TestBaseDateTimeField"", ""DateTimeFieldType"", ""BaseDurationField"", ""DurationFieldType"", ""TestBaseDateTimeField$MockBaseDateTimeField"", ""TestBaseDateTimeField$MockCountingDurationField""]","[0.04654346338124572, 0.021408839779005526, 0.017691659646166806, 0.014134275618374558, 0.013479359730412805, 0.010093727469358327, 0.007662835249042145]","[4.317590691307323, 2.5476519337016574, 2.2350463352990735, 2.393992932862191, 1.2468407750631845, 0.4297043979812545, 0.08812260536398467]"
org.joda.time.field.TestBaseDateTimeField.test_addWrapField_RP_int_intarray_int,0.04654346338124572,0.018716308696229415,0.007662835249042145,0.1310141608736059,0.014021657582181496,0.01592525249148992,0.012116099154372619,4.317590691307323,1.8941356673683813,0.08812260536398467,13.25894967157867,0.43842360873210356,1.1572000403843794,1.3358532817901538,"[""BaseDateTimeField"", ""TimeOfDay"", ""Arrays"", ""TestBaseDateTimeField"", ""DateTimeFieldType"", ""BaseDurationField"", ""DurationFieldType"", ""TestBaseDateTimeField$MockBaseDateTimeField"", ""TestBaseDateTimeField$MockCountingDurationField""]","[0.04654346338124572, 0.021408839779005526, 0.017691659646166806, 0.014134275618374558, 0.013479359730412805, 0.010093727469358327, 0.007662835249042145]","[4.317590691307323, 2.5476519337016574, 2.2350463352990735, 2.393992932862191, 1.2468407750631845, 0.4297043979812545, 0.08812260536398467]"
org.joda.time.field.TestPreciseDateTimeField.test_getMinimumValue_RP_intarray,0.04654346338124572,0.01868527420173508,0.009157509157509158,0.13079691941214555,0.01435374195240281,0.016037320840490088,0.012043981320629647,4.317590691307323,1.952552208896003,0.4297043979812545,13.66786546227202,1.012796127684654,1.4586240697982096,1.2764169129284098,"[""TestPreciseDateTimeField"", ""TestPreciseDateTimeField$MockPreciseDateTimeField"", ""BaseDateTimeField"", ""PreciseDateTimeField"", ""TimeOfDay"", ""DateTimeFieldType"", ""BaseDurationField"", ""DurationFieldType"", ""TestPreciseDateTimeField$MockCountingDurationField""]","[0.04654346338124572, 0.021408839779005526, 0.017691659646166806, 0.013479359730412805, 0.012422360248447204, 0.010093727469358327, 0.009157509157509158]","[4.317590691307323, 2.5476519337016574, 2.2350463352990735, 1.2468407750631845, 2.4569653948535937, 0.4297043979812545, 0.4340659340659341]"
org.joda.time.field.TestPreciseDateTimeField.test_getAsText_RP_Locale,0.04654346338124572,0.01868527420173508,0.009157509157509158,0.13079691941214555,0.01435374195240281,0.016037320840490088,0.012043981320629647,4.317590691307323,1.952552208896003,0.4297043979812545,13.66786546227202,1.012796127684654,1.4586240697982096,1.2764169129284098,"[""TestPreciseDateTimeField"", ""TestPreciseDateTimeField$MockPreciseDateTimeField"", ""BaseDateTimeField"", ""PreciseDateTimeField"", ""TimeOfDay"", ""DateTimeFieldType"", ""BaseDurationField"", ""DurationFieldType"", ""TestPreciseDateTimeField$MockCountingDurationField""]","[0.04654346338124572, 0.021408839779005526, 0.017691659646166806, 0.013479359730412805, 0.012422360248447204, 0.010093727469358327, 0.009157509157509158]","[4.317590691307323, 2.5476519337016574, 2.2350463352990735, 1.2468407750631845, 2.4569653948535937, 0.4297043979812545, 0.4340659340659341]"
org.joda.time.field.TestPreciseDateTimeField.test_getMaximumValue_RP_intarray,0.04654346338124572,0.01868527420173508,0.009157509157509158,0.13079691941214555,0.01435374195240281,0.016037320840490088,0.012043981320629647,4.317590691307323,1.952552208896003,0.4297043979812545,13.66786546227202,1.012796127684654,1.4586240697982096,1.2764169129284098,"[""TestPreciseDateTimeField"", ""TestPreciseDateTimeField$MockPreciseDateTimeField"", ""BaseDateTimeField"", ""PreciseDateTimeField"", ""TimeOfDay"", ""DateTimeFieldType"", ""BaseDurationField"", ""DurationFieldType"", ""TestPreciseDateTimeField$MockCountingDurationField""]","[0.04654346338124572, 0.021408839779005526, 0.017691659646166806, 0.013479359730412805, 0.012422360248447204, 0.010093727469358327, 0.009157509157509158]","[4.317590691307323, 2.5476519337016574, 2.2350463352990735, 1.2468407750631845, 2.4569653948535937, 0.4297043979812545, 0.4340659340659341]"
org.joda.time.field.TestPreciseDateTimeField.test_getAsText_RP_int_Locale,0.04654346338124572,0.01868527420173508,0.009157509157509158,0.13079691941214555,0.01435374195240281,0.016037320840490088,0.012043981320629647,4.317590691307323,1.952552208896003,0.4297043979812545,13.66786546227202,1.012796127684654,1.4586240697982096,1.2764169129284098,"[""TestPreciseDateTimeField"", ""TestPreciseDateTimeField$MockPreciseDateTimeField"", ""BaseDateTimeField"", ""PreciseDateTimeField"", ""TimeOfDay"", ""DateTimeFieldType"", ""BaseDurationField"", ""DurationFieldType"", ""TestPreciseDateTimeField$MockCountingDurationField""]","[0.04654346338124572, 0.021408839779005526, 0.017691659646166806, 0.013479359730412805, 0.012422360248447204, 0.010093727469358327, 0.009157509157509158]","[4.317590691307323, 2.5476519337016574, 2.2350463352990735, 1.2468407750631845, 2.4569653948535937, 0.4297043979812545, 0.4340659340659341]"
org.joda.time.field.TestPreciseDateTimeField.test_getAsShortText_RP_Locale,0.04654346338124572,0.01868527420173508,0.009157509157509158,0.13079691941214555,0.01435374195240281,0.016037320840490088,0.012043981320629647,4.317590691307323,1.952552208896003,0.4297043979812545,13.66786546227202,1.012796127684654,1.4586240697982096,1.2764169129284098,"[""TestPreciseDateTimeField"", ""TestPreciseDateTimeField$MockPreciseDateTimeField"", ""BaseDateTimeField"", ""PreciseDateTimeField"", ""TimeOfDay"", ""DateTimeFieldType"", ""BaseDurationField"", ""DurationFieldType"", ""TestPreciseDateTimeField$MockCountingDurationField""]","[0.04654346338124572, 0.021408839779005526, 0.017691659646166806, 0.013479359730412805, 0.012422360248447204, 0.010093727469358327, 0.009157509157509158]","[4.317590691307323, 2.5476519337016574, 2.2350463352990735, 1.2468407750631845, 2.4569653948535937, 0.4297043979812545, 0.4340659340659341]"
org.joda.time.field.TestPreciseDateTimeField.test_getMinimumValue_RP,0.04654346338124572,0.01868527420173508,0.009157509157509158,0.13079691941214555,0.01435374195240281,0.016037320840490088,0.012043981320629647,4.317590691307323,1.952552208896003,0.4297043979812545,13.66786546227202,1.012796127684654,1.4586240697982096,1.2764169129284098,"[""TestPreciseDateTimeField"", ""TestPreciseDateTimeField$MockPreciseDateTimeField"", ""BaseDateTimeField"", ""PreciseDateTimeField"", ""TimeOfDay"", ""DateTimeFieldType"", ""BaseDurationField"", ""DurationFieldType"", ""TestPreciseDateTimeField$MockCountingDurationField""]","[0.04654346338124572, 0.021408839779005526, 0.017691659646166806, 0.013479359730412805, 0.012422360248447204, 0.010093727469358327, 0.009157509157509158]","[4.317590691307323, 2.5476519337016574, 2.2350463352990735, 1.2468407750631845, 2.4569653948535937, 0.4297043979812545, 0.4340659340659341]"
org.joda.time.field.TestPreciseDateTimeField.test_getMaximumValue_RP,0.04654346338124572,0.01868527420173508,0.009157509157509158,0.13079691941214555,0.01435374195240281,0.016037320840490088,0.012043981320629647,4.317590691307323,1.952552208896003,0.4297043979812545,13.66786546227202,1.012796127684654,1.4586240697982096,1.2764169129284098,"[""TestPreciseDateTimeField"", ""TestPreciseDateTimeField$MockPreciseDateTimeField"", ""BaseDateTimeField"", ""PreciseDateTimeField"", ""TimeOfDay"", ""DateTimeFieldType"", ""BaseDurationField"", ""DurationFieldType"", ""TestPreciseDateTimeField$MockCountingDurationField""]","[0.04654346338124572, 0.021408839779005526, 0.017691659646166806, 0.013479359730412805, 0.012422360248447204, 0.010093727469358327, 0.009157509157509158]","[4.317590691307323, 2.5476519337016574, 2.2350463352990735, 1.2468407750631845, 2.4569653948535937, 0.4297043979812545, 0.4340659340659341]"
org.joda.time.field.TestPreciseDateTimeField.test_getAsShortText_RP_int_Locale,0.04654346338124572,0.01868527420173508,0.009157509157509158,0.13079691941214555,0.01435374195240281,0.016037320840490088,0.012043981320629647,4.317590691307323,1.952552208896003,0.4297043979812545,13.66786546227202,1.012796127684654,1.4586240697982096,1.2764169129284098,"[""TestPreciseDateTimeField"", ""TestPreciseDateTimeField$MockPreciseDateTimeField"", ""BaseDateTimeField"", ""PreciseDateTimeField"", ""TimeOfDay"", ""DateTimeFieldType"", ""BaseDurationField"", ""DurationFieldType"", ""TestPreciseDateTimeField$MockCountingDurationField""]","[0.04654346338124572, 0.021408839779005526, 0.017691659646166806, 0.013479359730412805, 0.012422360248447204, 0.010093727469358327, 0.009157509157509158]","[4.317590691307323, 2.5476519337016574, 2.2350463352990735, 1.2468407750631845, 2.4569653948535937, 0.4297043979812545, 0.4340659340659341]"
org.joda.time.TestDateTime_Basics.testProperty,0.041970802919708027,0.021779795589004378,0.010378510378510378,0.13067877353402627,0.01751046471386652,0.01940451801529575,0.010907701839612807,5.9939172749391725,2.729468512941118,0.778998778998779,16.376811077646707,1.6683109844939241,2.1124367375916835,1.9237513151018257,"[""UnsupportedDateTimeField"", ""UnsupportedDurationField"", ""DateTimeFieldType"", ""DurationFieldType"", ""TestDateTime_Basics$1"", ""TestDateTime_Basics"", ""DateTime""]","[0.041970802919708027, 0.030064423765211165, 0.017691659646166806, 0.017094017094017096, 0.013479359730412805, 0.010378510378510378]","[5.9939172749391725, 4.654974946313529, 2.2350463352990735, 1.467032967032967, 1.2468407750631845, 0.778998778998779]"
org.joda.time.TestPartial_Match.testIsMatch_Partial,0.0718562874251497,0.03264580293797535,0.016091954022988506,0.1305832117519014,0.023165006800333437,0.02672692884016041,0.022882563211648686,10.74251497005988,4.394118608457183,0.9367816091954023,17.576474433828732,2.1264653981646666,3.0125981008469327,3.789878417242605,"[""Partial"", ""DateTimeFieldType"", ""TestPartial_Match"", ""LocalDate""]","[0.0718562874251497, 0.024943310657596373, 0.017691659646166806, 0.016091954022988506]","[10.74251497005988, 3.6621315192743764, 2.2350463352990735, 0.9367816091954023]"
org.joda.time.TestLocalDateTime_Basics.testSerialization,0.061377245508982034,0.021731680528189853,0.007633587786259542,0.1303900831691391,0.011987084763106571,0.015481071592354914,0.01926951910580243,11.95808383233533,3.468077330830159,0.08812260536398467,20.808463984980953,0.1882405079353211,0.7304620721178449,4.3942909550389695,"[""LocalDateTime"", ""ByteArrayOutputStream"", ""Arrays"", ""DateTimeFieldType"", ""ObjectInputStream"", ""TestLocalDateTime_Basics"", ""ObjectOutputStream"", ""ByteArrayInputStream""]","[0.061377245508982034, 0.028391167192429023, 0.017691659646166806, 0.007662835249042145, 0.007633587786259542, 0.007633587786259542]","[11.95808383233533, 6.3249211356466875, 2.2350463352990735, 0.08812260536398467, 0.09541984732824428, 0.10687022900763359]"
org.joda.time.TestYearMonth_Constructors.testParse_formatter,0.03618421052631579,0.026003649635036496,0.015206812652068127,0.13001824817518248,0.02405448090735333,0.025071562286390223,0.006638662359344946,6.592105263157895,3.120044179792547,0.7195863746958637,15.600220898962736,1.9007503077130252,2.5098105402555486,1.9114519953709925,"[""YearMonth"", ""DateTimeFormatter"", ""DateTimeFormat"", ""ISOChronology"", ""TestYearMonth_Constructors""]","[0.03618421052631579, 0.02631578947368421, 0.026155717761557177, 0.026155717761557177, 0.015206812652068127]","[6.592105263157895, 2.8092105263157894, 2.559610705596107, 2.9197080291970803, 0.7195863746958637]"
org.joda.time.TestMutablePeriod_Updates.testAdd_RInterval4,0.041970802919708027,0.025864785459491484,0.020914020139426802,0.12932392729745742,0.024100243215698956,0.02486031653273016,0.008116951882022105,5.9939172749391725,4.150805675709654,1.618601747815231,20.75402837854827,3.297507724751451,3.7443745639384773,1.6785036302029779,"[""TestMutablePeriod_Updates"", ""Interval"", ""MutablePeriod"", ""DateTime"", ""PeriodType""]","[0.041970802919708027, 0.02372034956304619, 0.021756021756021756, 0.02096273291925466, 0.020914020139426802]","[5.9939172749391725, 1.618601747815231, 3.2222222222222223, 3.9332298136645965, 5.986057319907049]"
org.joda.time.TestLocalTime_Constructors.testConstructor_long_DateTimeZone_2,0.05547226386806597,0.04300733805206502,0.031578947368421054,0.12902201415619505,0.04080534481288892,0.041892885270972305,0.009781903262266457,8.113943028485757,6.449487269061443,5.2406015037593985,19.34846180718433,6.2383260802013165,6.340272811957305,1.2164650684360325,"[""TestLocalTime_Constructors"", ""LocalTime"", ""DateTime""]","[0.05547226386806597, 0.041970802919708027, 0.031578947368421054]","[8.113943028485757, 5.9939172749391725, 5.2406015037593985]"
org.joda.time.TestLocalDate_Basics.testIsSupported_DateTimeFieldType,0.0718562874251497,0.04296076299250642,0.017691659646166806,0.12888228897751924,0.031294479523895954,0.03684131129941879,0.02226080146850561,10.74251497005988,6.696000011519047,2.2350463352990735,20.08800003455714,4.404352526709268,5.547487074529942,3.4855009425612815,"[""DateTimeFieldType"", ""TestLocalDate_Basics"", ""LocalDate""]","[0.0718562874251497, 0.039334341906202726, 0.017691659646166806]","[10.74251497005988, 7.110438729198185, 2.2350463352990735]"
org.joda.time.TestLocalDate_Basics.testWithField_DateTimeFieldType_int_4,0.0718562874251497,0.04296076299250642,0.017691659646166806,0.12888228897751924,0.031294479523895954,0.03684131129941879,0.02226080146850561,10.74251497005988,6.696000011519047,2.2350463352990735,20.08800003455714,4.404352526709268,5.547487074529942,3.4855009425612815,"[""DateTimeFieldType"", ""TestLocalDate_Basics"", ""LocalDate""]","[0.0718562874251497, 0.039334341906202726, 0.017691659646166806]","[10.74251497005988, 7.110438729198185, 2.2350463352990735]"
org.joda.time.TestLocalDate_Basics.testGetFieldType_int,0.0718562874251497,0.04296076299250642,0.017691659646166806,0.12888228897751924,0.031294479523895954,0.03684131129941879,0.02226080146850561,10.74251497005988,6.696000011519047,2.2350463352990735,20.08800003455714,4.404352526709268,5.547487074529942,3.4855009425612815,"[""DateTimeFieldType"", ""TestLocalDate_Basics"", ""LocalDate""]","[0.0718562874251497, 0.039334341906202726, 0.017691659646166806]","[10.74251497005988, 7.110438729198185, 2.2350463352990735]"
org.joda.time.TestLocalDate_Basics.testProperty,0.0718562874251497,0.04296076299250642,0.017691659646166806,0.12888228897751924,0.031294479523895954,0.03684131129941879,0.02226080146850561,10.74251497005988,6.696000011519047,2.2350463352990735,20.08800003455714,4.404352526709268,5.547487074529942,3.4855009425612815,"[""DateTimeFieldType"", ""TestLocalDate_Basics"", ""LocalDate""]","[0.0718562874251497, 0.039334341906202726, 0.017691659646166806]","[10.74251497005988, 7.110438729198185, 2.2350463352990735]"
org.joda.time.TestLocalDate_Basics.testGetFieldTypes,0.0718562874251497,0.04296076299250642,0.017691659646166806,0.12888228897751924,0.031294479523895954,0.03684131129941879,0.02226080146850561,10.74251497005988,6.696000011519047,2.2350463352990735,20.08800003455714,4.404352526709268,5.547487074529942,3.4855009425612815,"[""DateTimeFieldType"", ""TestLocalDate_Basics"", ""LocalDate""]","[0.0718562874251497, 0.039334341906202726, 0.017691659646166806]","[10.74251497005988, 7.110438729198185, 2.2350463352990735]"
org.joda.time.TestLocalDate_Basics.testWithField_DateTimeFieldType_int_3,0.0718562874251497,0.04296076299250642,0.017691659646166806,0.12888228897751924,0.031294479523895954,0.03684131129941879,0.02226080146850561,10.74251497005988,6.696000011519047,2.2350463352990735,20.08800003455714,4.404352526709268,5.547487074529942,3.4855009425612815,"[""DateTimeFieldType"", ""TestLocalDate_Basics"", ""LocalDate""]","[0.0718562874251497, 0.039334341906202726, 0.017691659646166806]","[10.74251497005988, 7.110438729198185, 2.2350463352990735]"
org.joda.time.TestLocalDate_Basics.testWithField_DateTimeFieldType_int_1,0.0718562874251497,0.04296076299250642,0.017691659646166806,0.12888228897751924,0.031294479523895954,0.03684131129941879,0.02226080146850561,10.74251497005988,6.696000011519047,2.2350463352990735,20.08800003455714,4.404352526709268,5.547487074529942,3.4855009425612815,"[""DateTimeFieldType"", ""TestLocalDate_Basics"", ""LocalDate""]","[0.0718562874251497, 0.039334341906202726, 0.017691659646166806]","[10.74251497005988, 7.110438729198185, 2.2350463352990735]"
org.joda.time.TestLocalDate_Basics.testGet_DateTimeFieldType,0.0718562874251497,0.04296076299250642,0.017691659646166806,0.12888228897751924,0.031294479523895954,0.03684131129941879,0.02226080146850561,10.74251497005988,6.696000011519047,2.2350463352990735,20.08800003455714,4.404352526709268,5.547487074529942,3.4855009425612815,"[""DateTimeFieldType"", ""TestLocalDate_Basics"", ""LocalDate""]","[0.0718562874251497, 0.039334341906202726, 0.017691659646166806]","[10.74251497005988, 7.110438729198185, 2.2350463352990735]"
org.joda.time.TestDateTimeZone.testIsLocalDateTimeGap_NewYork,0.061377245508982034,0.04295806583046379,0.029175784099197667,0.12887419749139137,0.03913234664168943,0.04094079035080349,0.013548902690165997,11.95808383233533,6.388775330447785,3.5,19.166325991343353,4.694767533843877,5.374019546458622,3.9390133359421156,"[""LocalDateTime"", ""DateTimeZone"", ""TestDateTimeZone""]","[0.061377245508982034, 0.03832116788321168, 0.029175784099197667]","[11.95808383233533, 3.5, 3.7082421590080235]"
org.joda.time.TestDateTimeZone.testIsLocalDateTimeGap_Berlin,0.061377245508982034,0.04295806583046379,0.029175784099197667,0.12887419749139137,0.03913234664168943,0.04094079035080349,0.013548902690165997,11.95808383233533,6.388775330447785,3.5,19.166325991343353,4.694767533843877,5.374019546458622,3.9390133359421156,"[""LocalDateTime"", ""DateTimeZone"", ""TestDateTimeZone""]","[0.061377245508982034, 0.03832116788321168, 0.029175784099197667]","[11.95808383233533, 3.5, 3.7082421590080235]"
org.joda.time.TestMutablePeriod_Constructors.testConstructor_RI_RD_PeriodType1,0.041970802919708027,0.02570986679179203,0.020139426800929512,0.12854933395896015,0.023888490369404238,0.02467337564139723,0.00821674138356706,5.9939172749391725,3.7320605169180197,1.618601747815231,18.6603025845901,3.11302025595057,3.4355247127269535,1.4077496177609876,"[""Interval"", ""TestMutablePeriod_Constructors"", ""MutablePeriod"", ""DateTime"", ""PeriodType""]","[0.041970802919708027, 0.02372034956304619, 0.021756021756021756, 0.02096273291925466, 0.020139426800929512]","[5.9939172749391725, 1.618601747815231, 3.2222222222222223, 3.9332298136645965, 3.892331525948877]"
org.joda.time.TestMutablePeriod_Constructors.testConstructor_RI_RD1,0.041970802919708027,0.02570986679179203,0.020139426800929512,0.12854933395896015,0.023888490369404238,0.02467337564139723,0.00821674138356706,5.9939172749391725,3.7320605169180197,1.618601747815231,18.6603025845901,3.11302025595057,3.4355247127269535,1.4077496177609876,"[""Interval"", ""TestMutablePeriod_Constructors"", ""MutablePeriod"", ""DateTime"", ""PeriodType""]","[0.041970802919708027, 0.02372034956304619, 0.021756021756021756, 0.02096273291925466, 0.020139426800929512]","[5.9939172749391725, 1.618601747815231, 3.2222222222222223, 3.9332298136645965, 3.892331525948877]"
org.joda.time.convert.TestStringConverter.testSetIntoInterval_Object_Chronology7,0.041970802919708027,0.025675581347732755,0.016423357664233577,0.12837790673866378,0.023212364914764545,0.024342873507632836,0.00884942997858127,5.9939172749391725,2.3244452416636436,0.8882783882783882,11.622226208318217,1.4866594730020286,1.7887370346153193,1.8934403748345536,"[""BuddhistChronology"", ""MutableInterval"", ""DateTime"", ""StringConverter"", ""TestStringConverter""]","[0.041970802919708027, 0.025602409638554216, 0.025030525030525032, 0.019350811485642945, 0.016423357664233577]","[5.9939172749391725, 2.2710843373493974, 0.8882783882783882, 1.3320848938826466, 1.1368613138686132]"
org.joda.time.convert.TestStringConverter.testSetIntoInterval_Object_Chronology8,0.041970802919708027,0.025675581347732755,0.016423357664233577,0.12837790673866378,0.023212364914764545,0.024342873507632836,0.00884942997858127,5.9939172749391725,2.3244452416636436,0.8882783882783882,11.622226208318217,1.4866594730020286,1.7887370346153193,1.8934403748345536,"[""BuddhistChronology"", ""MutableInterval"", ""DateTime"", ""StringConverter"", ""TestStringConverter""]","[0.041970802919708027, 0.025602409638554216, 0.025030525030525032, 0.019350811485642945, 0.016423357664233577]","[5.9939172749391725, 2.2710843373493974, 0.8882783882783882, 1.3320848938826466, 1.1368613138686132]"
org.joda.time.TestLocalTime_Constructors.testConstructor_Object2,0.05547226386806597,0.021349901451136053,0.0026666666666666666,0.12809940870681633,0.008219663925263028,0.01358720862992657,0.018245639102491412,8.113943028485757,2.7757941226964937,0.04933333333333333,16.65476473617896,0.1815575246186396,0.7451399008154383,3.044300317170711,"[""GJChronology"", ""Calendar"", ""LocalTime"", ""TestLocalTime_Constructors"", ""GregorianCalendar"", ""Date""]","[0.05547226386806597, 0.031578947368421054, 0.023114355231143552, 0.007633587786259542, 0.007633587786259542, 0.0026666666666666666]","[8.113943028485757, 5.2406015037593985, 2.911192214111922, 0.1984732824427481, 0.14122137404580154, 0.04933333333333333]"
org.joda.time.TestDateTimeUtils.testGetIntervalChronology_RInterval,0.02710027100271003,0.021343027751456023,0.015206812652068127,0.12805816650873614,0.02030663580073591,0.02082517487671008,0.0046325940153174264,2.0375093773443362,1.4001461283228858,0.7195863746958637,8.400876769937314,1.2575466763314982,1.332312482925606,0.41138601160619664,"[""TestDateTimeUtils$7"", ""Interval"", ""BuddhistChronology"", ""MutableInterval"", ""TestDateTimeUtils"", ""ISOChronology"", ""DateTimeUtils""]","[0.02710027100271003, 0.02625656414103526, 0.02372034956304619, 0.019350811485642945, 0.016423357664233577, 0.015206812652068127]","[1.5562330623306233, 2.0375093773443362, 1.618601747815231, 1.3320848938826466, 1.1368613138686132, 0.7195863746958637]"
org.joda.time.TestInterval_Constructors.testConstructor_RI_RI_chronoEnd,0.041970802919708027,0.025582726216601043,0.015206812652068127,0.1279136310830052,0.023057854309573054,0.02423717573678629,0.008816088707916872,5.9939172749391725,2.8230619895445117,0.7195863746958637,14.115309947722558,1.7445734805810669,2.255475804830141,1.785487073602093,"[""TestInterval_Constructors"", ""GJChronology"", ""Interval"", ""ISOChronology"", ""DateTime""]","[0.041970802919708027, 0.023901310717039322, 0.02372034956304619, 0.023114355231143552, 0.015206812652068127]","[5.9939172749391725, 2.87201233616037, 1.618601747815231, 2.911192214111922, 0.7195863746958637]"
org.joda.time.TestMutablePeriod_Constructors.testConstructor_long_long_PeriodType_Chronology1,0.041970802919708027,0.025561988606037683,0.020139426800929512,0.12780994303018842,0.023734679521829304,0.024517601503436466,0.008257767446007388,5.9939172749391725,3.585359208720699,0.8850952068286277,17.926796043603495,2.3605371170679503,3.044830166136613,1.6394933406727776,"[""TestMutablePeriod_Constructors"", ""MutablePeriod"", ""DateTime"", ""PeriodType"", ""CopticChronology""]","[0.041970802919708027, 0.02298095863427446, 0.021756021756021756, 0.02096273291925466, 0.020139426800929512]","[5.9939172749391725, 0.8850952068286277, 3.2222222222222223, 3.9332298136645965, 3.892331525948877]"
org.joda.time.TestMutablePeriod_Constructors.testConstructor_long_long_Chronology1,0.041970802919708027,0.025561988606037683,0.020139426800929512,0.12780994303018842,0.023734679521829304,0.024517601503436466,0.008257767446007388,5.9939172749391725,3.585359208720699,0.8850952068286277,17.926796043603495,2.3605371170679503,3.044830166136613,1.6394933406727776,"[""TestMutablePeriod_Constructors"", ""MutablePeriod"", ""DateTime"", ""PeriodType"", ""CopticChronology""]","[0.041970802919708027, 0.02298095863427446, 0.021756021756021756, 0.02096273291925466, 0.020139426800929512]","[5.9939172749391725, 0.8850952068286277, 3.2222222222222223, 3.9332298136645965, 3.892331525948877]"
org.joda.time.TestDateMidnight_Basics.testIsAfter,0.041970802919708027,0.031945484874564015,0.026155717761557177,0.12778193949825606,0.030741654060550797,0.031319960478561504,0.006505886380585761,5.9939172749391725,3.93221655418817,1.9227493917274938,15.72886621675268,3.3346478405632527,3.6404619115399406,1.4426219002761587,"[""TestDateMidnight_Basics"", ""DateTime"", ""DateMidnight"", ""AbstractInstant"", ""TestDateMidnight_Basics$MockInstant""]","[0.041970802919708027, 0.03345454545454545, 0.026200873362445413, 0.026155717761557177]","[5.9939172749391725, 4.0378181818181815, 3.7743813682678313, 1.9227493917274938]"
org.joda.time.TestDateMidnight_Basics.testIsEqual,0.041970802919708027,0.031945484874564015,0.026155717761557177,0.12778193949825606,0.030741654060550797,0.031319960478561504,0.006505886380585761,5.9939172749391725,3.93221655418817,1.9227493917274938,15.72886621675268,3.3346478405632527,3.6404619115399406,1.4426219002761587,"[""TestDateMidnight_Basics"", ""DateTime"", ""DateMidnight"", ""AbstractInstant"", ""TestDateMidnight_Basics$MockInstant""]","[0.041970802919708027, 0.03345454545454545, 0.026200873362445413, 0.026155717761557177]","[5.9939172749391725, 4.0378181818181815, 3.7743813682678313, 1.9227493917274938]"
org.joda.time.TestDateMidnight_Basics.testIsBefore,0.041970802919708027,0.031945484874564015,0.026155717761557177,0.12778193949825606,0.030741654060550797,0.031319960478561504,0.006505886380585761,5.9939172749391725,3.93221655418817,1.9227493917274938,15.72886621675268,3.3346478405632527,3.6404619115399406,1.4426219002761587,"[""TestDateMidnight_Basics"", ""DateTime"", ""DateMidnight"", ""AbstractInstant"", ""TestDateMidnight_Basics$MockInstant""]","[0.041970802919708027, 0.03345454545454545, 0.026200873362445413, 0.026155717761557177]","[5.9939172749391725, 4.0378181818181815, 3.7743813682678313, 1.9227493917274938]"
org.joda.time.TestLocalDate_Basics.testIsAfter_LocalDate,0.0718562874251497,0.04253799566519534,0.016423357664233577,0.12761398699558602,0.02993156671712111,0.03593901787875613,0.022743496851119087,10.74251497005988,6.170773698617246,0.6593673965936739,18.51232109585174,1.7139610065542172,3.6929770749373616,4.1697077455018245,"[""GregorianChronology"", ""TestLocalDate_Basics"", ""LocalDate""]","[0.0718562874251497, 0.039334341906202726, 0.016423357664233577]","[10.74251497005988, 7.110438729198185, 0.6593673965936739]"
org.joda.time.TestLocalDate_Basics.testIsBefore_LocalDate,0.0718562874251497,0.04253799566519534,0.016423357664233577,0.12761398699558602,0.02993156671712111,0.03593901787875613,0.022743496851119087,10.74251497005988,6.170773698617246,0.6593673965936739,18.51232109585174,1.7139610065542172,3.6929770749373616,4.1697077455018245,"[""GregorianChronology"", ""TestLocalDate_Basics"", ""LocalDate""]","[0.0718562874251497, 0.039334341906202726, 0.016423357664233577]","[10.74251497005988, 7.110438729198185, 0.6593673965936739]"
org.joda.time.TestLocalDate_Basics.testIsEqual_LocalDate,0.0718562874251497,0.04253799566519534,0.016423357664233577,0.12761398699558602,0.02993156671712111,0.03593901787875613,0.022743496851119087,10.74251497005988,6.170773698617246,0.6593673965936739,18.51232109585174,1.7139610065542172,3.6929770749373616,4.1697077455018245,"[""GregorianChronology"", ""TestLocalDate_Basics"", ""LocalDate""]","[0.0718562874251497, 0.039334341906202726, 0.016423357664233577]","[10.74251497005988, 7.110438729198185, 0.6593673965936739]"
org.joda.time.TestPartial_Basics.testToDateTime_nullRI,0.041970802919708027,0.025515812019839424,0.015873015873015872,0.12757906009919712,0.02269211999582803,0.024002728163909134,0.0092499283401394,5.9939172749391725,3.5425268628584448,1.5562330623306233,17.712634314292224,2.8339114694883323,3.1809087541796623,1.562107453175621,"[""Partial"", ""DateTime"", ""DateTimeFieldType"", ""TestPartial_Basics"", ""DateTimeUtils""]","[0.041970802919708027, 0.02710027100271003, 0.024943310657596373, 0.017691659646166806, 0.015873015873015872]","[5.9939172749391725, 1.5562330623306233, 3.6621315192743764, 2.2350463352990735, 4.26530612244898]"
org.joda.time.TestDateTime_Basics.testToLocalTime,0.05547226386806597,0.04250249685099505,0.030064423765211165,0.12750749055298516,0.039938750600146525,0.041212157477316075,0.010379518566243324,8.113943028485757,6.254278416579486,4.654974946313529,18.76283524973846,5.941719201294985,6.094714254153744,1.4240683484132681,"[""LocalTime"", ""TestDateTime_Basics"", ""DateTime""]","[0.05547226386806597, 0.041970802919708027, 0.030064423765211165]","[8.113943028485757, 5.9939172749391725, 4.654974946313529]"
org.joda.time.TestInterval_Basics.testWithPeriodAfterStart1,0.041970802919708027,0.031832187150777236,0.02372034956304619,0.12732874860310894,0.030545269804900334,0.031174654471255298,0.006572731785405017,5.9939172749391725,4.553708822215943,1.618601747815231,18.21483528886377,3.441402760559369,4.062436239851577,1.7222158342722569,"[""Interval"", ""TestInterval_Basics"", ""Period"", ""DateTime""]","[0.041970802919708027, 0.031857031857031856, 0.029780564263322883, 0.02372034956304619]","[5.9939172749391725, 5.1313131313131315, 5.471003134796239, 1.618601747815231]"
org.joda.time.TestInterval_Basics.testWithPeriodBeforeEnd1,0.041970802919708027,0.031832187150777236,0.02372034956304619,0.12732874860310894,0.030545269804900334,0.031174654471255298,0.006572731785405017,5.9939172749391725,4.553708822215943,1.618601747815231,18.21483528886377,3.441402760559369,4.062436239851577,1.7222158342722569,"[""Interval"", ""TestInterval_Basics"", ""Period"", ""DateTime""]","[0.041970802919708027, 0.031857031857031856, 0.029780564263322883, 0.02372034956304619]","[5.9939172749391725, 5.1313131313131315, 5.471003134796239, 1.618601747815231]"
org.joda.time.convert.TestStringConverter.testSetIntoInterval_Object_Chronology3,0.041970802919708027,0.025432272345299666,0.015206812652068127,0.12716136172649833,0.022699048590659323,0.02397105184892371,0.009113259935824987,5.9939172749391725,2.240990253829094,0.7195863746958637,11.204951269145468,1.2908830930220363,1.632381211712994,1.952228213484468,"[""MutableInterval"", ""ISOChronology"", ""DateTime"", ""StringConverter"", ""TestStringConverter""]","[0.041970802919708027, 0.025602409638554216, 0.025030525030525032, 0.019350811485642945, 0.015206812652068127]","[5.9939172749391725, 2.2710843373493974, 0.8882783882783882, 1.3320848938826466, 0.7195863746958637]"
org.joda.time.convert.TestStringConverter.testSetIntoInterval_Object_Chronology2,0.041970802919708027,0.025432272345299666,0.015206812652068127,0.12716136172649833,0.022699048590659323,0.02397105184892371,0.009113259935824987,5.9939172749391725,2.240990253829094,0.7195863746958637,11.204951269145468,1.2908830930220363,1.632381211712994,1.952228213484468,"[""MutableInterval"", ""ISOChronology"", ""DateTime"", ""StringConverter"", ""TestStringConverter""]","[0.041970802919708027, 0.025602409638554216, 0.025030525030525032, 0.019350811485642945, 0.015206812652068127]","[5.9939172749391725, 2.2710843373493974, 0.8882783882783882, 1.3320848938826466, 0.7195863746958637]"
org.joda.time.convert.TestStringConverter.testSetIntoInterval_Object_Chronology5,0.041970802919708027,0.025432272345299666,0.015206812652068127,0.12716136172649833,0.022699048590659323,0.02397105184892371,0.009113259935824987,5.9939172749391725,2.240990253829094,0.7195863746958637,11.204951269145468,1.2908830930220363,1.632381211712994,1.952228213484468,"[""MutableInterval"", ""ISOChronology"", ""DateTime"", ""StringConverter"", ""TestStringConverter""]","[0.041970802919708027, 0.025602409638554216, 0.025030525030525032, 0.019350811485642945, 0.015206812652068127]","[5.9939172749391725, 2.2710843373493974, 0.8882783882783882, 1.3320848938826466, 0.7195863746958637]"
org.joda.time.convert.TestStringConverter.testSetIntoInterval_Object_Chronology6,0.041970802919708027,0.025432272345299666,0.015206812652068127,0.12716136172649833,0.022699048590659323,0.02397105184892371,0.009113259935824987,5.9939172749391725,2.240990253829094,0.7195863746958637,11.204951269145468,1.2908830930220363,1.632381211712994,1.952228213484468,"[""MutableInterval"", ""ISOChronology"", ""DateTime"", ""StringConverter"", ""TestStringConverter""]","[0.041970802919708027, 0.025602409638554216, 0.025030525030525032, 0.019350811485642945, 0.015206812652068127]","[5.9939172749391725, 2.2710843373493974, 0.8882783882783882, 1.3320848938826466, 0.7195863746958637]"
org.joda.time.convert.TestStringConverter.testSetIntoInterval_Object_Chronology1,0.041970802919708027,0.025432272345299666,0.015206812652068127,0.12716136172649833,0.022699048590659323,0.02397105184892371,0.009113259935824987,5.9939172749391725,2.240990253829094,0.7195863746958637,11.204951269145468,1.2908830930220363,1.632381211712994,1.952228213484468,"[""MutableInterval"", ""ISOChronology"", ""DateTime"", ""StringConverter"", ""TestStringConverter""]","[0.041970802919708027, 0.025602409638554216, 0.025030525030525032, 0.019350811485642945, 0.015206812652068127]","[5.9939172749391725, 2.2710843373493974, 0.8882783882783882, 1.3320848938826466, 0.7195863746958637]"
org.joda.time.convert.TestStringConverter.testSetIntoInterval_Object_Chronology4,0.041970802919708027,0.025432272345299666,0.015206812652068127,0.12716136172649833,0.022699048590659323,0.02397105184892371,0.009113259935824987,5.9939172749391725,2.240990253829094,0.7195863746958637,11.204951269145468,1.2908830930220363,1.632381211712994,1.952228213484468,"[""MutableInterval"", ""ISOChronology"", ""DateTime"", ""StringConverter"", ""TestStringConverter""]","[0.041970802919708027, 0.025602409638554216, 0.025030525030525032, 0.019350811485642945, 0.015206812652068127]","[5.9939172749391725, 2.2710843373493974, 0.8882783882783882, 1.3320848938826466, 0.7195863746958637]"
org.joda.time.format.TestDateTimeFormatter.testParseMutableDateTime_offsetParsed,0.03832116788321168,0.031757354567573545,0.026155717761557177,0.12702941827029418,0.03092641056649408,0.03133754944003549,0.005171593604902523,4.203771289537713,3.4986737816117377,2.559610705596107,13.99469512644695,3.383286143530999,3.442989392113596,0.5985659492286667,"[""TestDateTimeFormatter"", ""DateTimeFormatter"", ""DateTimeZone"", ""MutableDateTime""]","[0.03832116788321168, 0.03527980535279805, 0.02727272727272727, 0.026155717761557177]","[3.5, 4.203771289537713, 3.731313131313131, 2.559610705596107]"
org.joda.time.format.TestDateTimeFormatter.testParseInto_offsetParsed,0.03832116788321168,0.031757354567573545,0.026155717761557177,0.12702941827029418,0.03092641056649408,0.03133754944003549,0.005171593604902523,4.203771289537713,3.4986737816117377,2.559610705596107,13.99469512644695,3.383286143530999,3.442989392113596,0.5985659492286667,"[""TestDateTimeFormatter"", ""DateTimeFormatter"", ""DateTimeZone"", ""MutableDateTime""]","[0.03832116788321168, 0.03527980535279805, 0.02727272727272727, 0.026155717761557177]","[3.5, 4.203771289537713, 3.731313131313131, 2.559610705596107]"
org.joda.time.format.TestISODateTimeFormatParsing.test_timeParser,0.041970802919708027,0.03170442431788036,0.023114355231143552,0.12681769727152145,0.029433673604390195,0.030543841839961144,0.008540255284753339,6.501672240802676,5.099262342439111,3.5,20.397049369756445,4.798729184817801,4.94994247166882,1.2053764271037977,"[""TestISODateTimeFormatParsing"", ""DateTimeZone"", ""ISODateTimeFormat"", ""DateTime""]","[0.041970802919708027, 0.03832116788321168, 0.023411371237458192, 0.023114355231143552]","[5.9939172749391725, 3.5, 6.501672240802676, 4.401459854014599]"
org.joda.time.format.TestISODateTimeFormatParsing.test_basicWeekDateTime,0.041970802919708027,0.03170442431788036,0.023114355231143552,0.12681769727152145,0.029433673604390195,0.030543841839961144,0.008540255284753339,6.501672240802676,5.099262342439111,3.5,20.397049369756445,4.798729184817801,4.94994247166882,1.2053764271037977,"[""TestISODateTimeFormatParsing"", ""DateTimeZone"", ""ISODateTimeFormat"", ""DateTime""]","[0.041970802919708027, 0.03832116788321168, 0.023411371237458192, 0.023114355231143552]","[5.9939172749391725, 3.5, 6.501672240802676, 4.401459854014599]"
org.joda.time.format.TestISODateTimeFormatParsing.test_timeNoMillis,0.041970802919708027,0.03170442431788036,0.023114355231143552,0.12681769727152145,0.029433673604390195,0.030543841839961144,0.008540255284753339,6.501672240802676,5.099262342439111,3.5,20.397049369756445,4.798729184817801,4.94994247166882,1.2053764271037977,"[""TestISODateTimeFormatParsing"", ""DateTimeZone"", ""ISODateTimeFormat"", ""DateTime""]","[0.041970802919708027, 0.03832116788321168, 0.023411371237458192, 0.023114355231143552]","[5.9939172749391725, 3.5, 6.501672240802676, 4.401459854014599]"
org.joda.time.format.TestISODateTimeFormatParsing.test_tTimeNoMillis,0.041970802919708027,0.03170442431788036,0.023114355231143552,0.12681769727152145,0.029433673604390195,0.030543841839961144,0.008540255284753339,6.501672240802676,5.099262342439111,3.5,20.397049369756445,4.798729184817801,4.94994247166882,1.2053764271037977,"[""TestISODateTimeFormatParsing"", ""DateTimeZone"", ""ISODateTimeFormat"", ""DateTime""]","[0.041970802919708027, 0.03832116788321168, 0.023411371237458192, 0.023114355231143552]","[5.9939172749391725, 3.5, 6.501672240802676, 4.401459854014599]"
org.joda.time.format.TestISODateTimeFormatParsing.test_basicDateTimeNoMillis,0.041970802919708027,0.03170442431788036,0.023114355231143552,0.12681769727152145,0.029433673604390195,0.030543841839961144,0.008540255284753339,6.501672240802676,5.099262342439111,3.5,20.397049369756445,4.798729184817801,4.94994247166882,1.2053764271037977,"[""TestISODateTimeFormatParsing"", ""DateTimeZone"", ""ISODateTimeFormat"", ""DateTime""]","[0.041970802919708027, 0.03832116788321168, 0.023411371237458192, 0.023114355231143552]","[5.9939172749391725, 3.5, 6.501672240802676, 4.401459854014599]"
org.joda.time.format.TestISODateTimeFormatParsing.test_basicTTimeNoMillis,0.041970802919708027,0.03170442431788036,0.023114355231143552,0.12681769727152145,0.029433673604390195,0.030543841839961144,0.008540255284753339,6.501672240802676,5.099262342439111,3.5,20.397049369756445,4.798729184817801,4.94994247166882,1.2053764271037977,"[""TestISODateTimeFormatParsing"", ""DateTimeZone"", ""ISODateTimeFormat"", ""DateTime""]","[0.041970802919708027, 0.03832116788321168, 0.023411371237458192, 0.023114355231143552]","[5.9939172749391725, 3.5, 6.501672240802676, 4.401459854014599]"
org.joda.time.format.TestISODateTimeFormatParsing.test_basicWeekDateTimeNoMillis,0.041970802919708027,0.03170442431788036,0.023114355231143552,0.12681769727152145,0.029433673604390195,0.030543841839961144,0.008540255284753339,6.501672240802676,5.099262342439111,3.5,20.397049369756445,4.798729184817801,4.94994247166882,1.2053764271037977,"[""TestISODateTimeFormatParsing"", ""DateTimeZone"", ""ISODateTimeFormat"", ""DateTime""]","[0.041970802919708027, 0.03832116788321168, 0.023411371237458192, 0.023114355231143552]","[5.9939172749391725, 3.5, 6.501672240802676, 4.401459854014599]"
org.joda.time.format.TestISODateTimeFormatParsing.test_weekDateTimeNoMillis,0.041970802919708027,0.03170442431788036,0.023114355231143552,0.12681769727152145,0.029433673604390195,0.030543841839961144,0.008540255284753339,6.501672240802676,5.099262342439111,3.5,20.397049369756445,4.798729184817801,4.94994247166882,1.2053764271037977,"[""TestISODateTimeFormatParsing"", ""DateTimeZone"", ""ISODateTimeFormat"", ""DateTime""]","[0.041970802919708027, 0.03832116788321168, 0.023411371237458192, 0.023114355231143552]","[5.9939172749391725, 3.5, 6.501672240802676, 4.401459854014599]"
org.joda.time.format.TestISODateTimeFormatParsing.test_basicTime,0.041970802919708027,0.03170442431788036,0.023114355231143552,0.12681769727152145,0.029433673604390195,0.030543841839961144,0.008540255284753339,6.501672240802676,5.099262342439111,3.5,20.397049369756445,4.798729184817801,4.94994247166882,1.2053764271037977,"[""TestISODateTimeFormatParsing"", ""DateTimeZone"", ""ISODateTimeFormat"", ""DateTime""]","[0.041970802919708027, 0.03832116788321168, 0.023411371237458192, 0.023114355231143552]","[5.9939172749391725, 3.5, 6.501672240802676, 4.401459854014599]"
org.joda.time.format.TestISODateTimeFormatParsing.test_weekDateTime,0.041970802919708027,0.03170442431788036,0.023114355231143552,0.12681769727152145,0.029433673604390195,0.030543841839961144,0.008540255284753339,6.501672240802676,5.099262342439111,3.5,20.397049369756445,4.798729184817801,4.94994247166882,1.2053764271037977,"[""TestISODateTimeFormatParsing"", ""DateTimeZone"", ""ISODateTimeFormat"", ""DateTime""]","[0.041970802919708027, 0.03832116788321168, 0.023411371237458192, 0.023114355231143552]","[5.9939172749391725, 3.5, 6.501672240802676, 4.401459854014599]"
org.joda.time.format.TestISODateTimeFormatParsing.test_hourMinuteSecondMillis,0.041970802919708027,0.03170442431788036,0.023114355231143552,0.12681769727152145,0.029433673604390195,0.030543841839961144,0.008540255284753339,6.501672240802676,5.099262342439111,3.5,20.397049369756445,4.798729184817801,4.94994247166882,1.2053764271037977,"[""TestISODateTimeFormatParsing"", ""DateTimeZone"", ""ISODateTimeFormat"", ""DateTime""]","[0.041970802919708027, 0.03832116788321168, 0.023411371237458192, 0.023114355231143552]","[5.9939172749391725, 3.5, 6.501672240802676, 4.401459854014599]"
org.joda.time.format.TestISODateTimeFormatParsing.test_time,0.041970802919708027,0.03170442431788036,0.023114355231143552,0.12681769727152145,0.029433673604390195,0.030543841839961144,0.008540255284753339,6.501672240802676,5.099262342439111,3.5,20.397049369756445,4.798729184817801,4.94994247166882,1.2053764271037977,"[""TestISODateTimeFormatParsing"", ""DateTimeZone"", ""ISODateTimeFormat"", ""DateTime""]","[0.041970802919708027, 0.03832116788321168, 0.023411371237458192, 0.023114355231143552]","[5.9939172749391725, 3.5, 6.501672240802676, 4.401459854014599]"
org.joda.time.format.TestISODateTimeFormatParsing.test_hourMinuteSecondFraction,0.041970802919708027,0.03170442431788036,0.023114355231143552,0.12681769727152145,0.029433673604390195,0.030543841839961144,0.008540255284753339,6.501672240802676,5.099262342439111,3.5,20.397049369756445,4.798729184817801,4.94994247166882,1.2053764271037977,"[""TestISODateTimeFormatParsing"", ""DateTimeZone"", ""ISODateTimeFormat"", ""DateTime""]","[0.041970802919708027, 0.03832116788321168, 0.023411371237458192, 0.023114355231143552]","[5.9939172749391725, 3.5, 6.501672240802676, 4.401459854014599]"
org.joda.time.format.TestISODateTimeFormatParsing.test_tTime,0.041970802919708027,0.03170442431788036,0.023114355231143552,0.12681769727152145,0.029433673604390195,0.030543841839961144,0.008540255284753339,6.501672240802676,5.099262342439111,3.5,20.397049369756445,4.798729184817801,4.94994247166882,1.2053764271037977,"[""TestISODateTimeFormatParsing"", ""DateTimeZone"", ""ISODateTimeFormat"", ""DateTime""]","[0.041970802919708027, 0.03832116788321168, 0.023411371237458192, 0.023114355231143552]","[5.9939172749391725, 3.5, 6.501672240802676, 4.401459854014599]"
org.joda.time.format.TestISODateTimeFormatParsing.test_ordinalDateTimeNoMillis,0.041970802919708027,0.03170442431788036,0.023114355231143552,0.12681769727152145,0.029433673604390195,0.030543841839961144,0.008540255284753339,6.501672240802676,5.099262342439111,3.5,20.397049369756445,4.798729184817801,4.94994247166882,1.2053764271037977,"[""TestISODateTimeFormatParsing"", ""DateTimeZone"", ""ISODateTimeFormat"", ""DateTime""]","[0.041970802919708027, 0.03832116788321168, 0.023411371237458192, 0.023114355231143552]","[5.9939172749391725, 3.5, 6.501672240802676, 4.401459854014599]"
org.joda.time.format.TestISODateTimeFormatParsing.test_dateTime,0.041970802919708027,0.03170442431788036,0.023114355231143552,0.12681769727152145,0.029433673604390195,0.030543841839961144,0.008540255284753339,6.501672240802676,5.099262342439111,3.5,20.397049369756445,4.798729184817801,4.94994247166882,1.2053764271037977,"[""TestISODateTimeFormatParsing"", ""DateTimeZone"", ""ISODateTimeFormat"", ""DateTime""]","[0.041970802919708027, 0.03832116788321168, 0.023411371237458192, 0.023114355231143552]","[5.9939172749391725, 3.5, 6.501672240802676, 4.401459854014599]"
org.joda.time.format.TestISODateTimeFormatParsing.test_hourMinuteSecond,0.041970802919708027,0.03170442431788036,0.023114355231143552,0.12681769727152145,0.029433673604390195,0.030543841839961144,0.008540255284753339,6.501672240802676,5.099262342439111,3.5,20.397049369756445,4.798729184817801,4.94994247166882,1.2053764271037977,"[""TestISODateTimeFormatParsing"", ""DateTimeZone"", ""ISODateTimeFormat"", ""DateTime""]","[0.041970802919708027, 0.03832116788321168, 0.023411371237458192, 0.023114355231143552]","[5.9939172749391725, 3.5, 6.501672240802676, 4.401459854014599]"
org.joda.time.format.TestISODateTimeFormatParsing.test_basicDateTime,0.041970802919708027,0.03170442431788036,0.023114355231143552,0.12681769727152145,0.029433673604390195,0.030543841839961144,0.008540255284753339,6.501672240802676,5.099262342439111,3.5,20.397049369756445,4.798729184817801,4.94994247166882,1.2053764271037977,"[""TestISODateTimeFormatParsing"", ""DateTimeZone"", ""ISODateTimeFormat"", ""DateTime""]","[0.041970802919708027, 0.03832116788321168, 0.023411371237458192, 0.023114355231143552]","[5.9939172749391725, 3.5, 6.501672240802676, 4.401459854014599]"
org.joda.time.format.TestISODateTimeFormatParsing.test_basicOrdinalDateTimeNoMillis,0.041970802919708027,0.03170442431788036,0.023114355231143552,0.12681769727152145,0.029433673604390195,0.030543841839961144,0.008540255284753339,6.501672240802676,5.099262342439111,3.5,20.397049369756445,4.798729184817801,4.94994247166882,1.2053764271037977,"[""TestISODateTimeFormatParsing"", ""DateTimeZone"", ""ISODateTimeFormat"", ""DateTime""]","[0.041970802919708027, 0.03832116788321168, 0.023411371237458192, 0.023114355231143552]","[5.9939172749391725, 3.5, 6.501672240802676, 4.401459854014599]"
org.joda.time.format.TestISODateTimeFormatParsing.test_basicTimeNoMillis,0.041970802919708027,0.03170442431788036,0.023114355231143552,0.12681769727152145,0.029433673604390195,0.030543841839961144,0.008540255284753339,6.501672240802676,5.099262342439111,3.5,20.397049369756445,4.798729184817801,4.94994247166882,1.2053764271037977,"[""TestISODateTimeFormatParsing"", ""DateTimeZone"", ""ISODateTimeFormat"", ""DateTime""]","[0.041970802919708027, 0.03832116788321168, 0.023411371237458192, 0.023114355231143552]","[5.9939172749391725, 3.5, 6.501672240802676, 4.401459854014599]"
org.joda.time.format.TestISODateTimeFormatParsing.test_basicTTime,0.041970802919708027,0.03170442431788036,0.023114355231143552,0.12681769727152145,0.029433673604390195,0.030543841839961144,0.008540255284753339,6.501672240802676,5.099262342439111,3.5,20.397049369756445,4.798729184817801,4.94994247166882,1.2053764271037977,"[""TestISODateTimeFormatParsing"", ""DateTimeZone"", ""ISODateTimeFormat"", ""DateTime""]","[0.041970802919708027, 0.03832116788321168, 0.023411371237458192, 0.023114355231143552]","[5.9939172749391725, 3.5, 6.501672240802676, 4.401459854014599]"
org.joda.time.format.TestISODateTimeFormatParsing.test_dateTimeNoMillis,0.041970802919708027,0.03170442431788036,0.023114355231143552,0.12681769727152145,0.029433673604390195,0.030543841839961144,0.008540255284753339,6.501672240802676,5.099262342439111,3.5,20.397049369756445,4.798729184817801,4.94994247166882,1.2053764271037977,"[""TestISODateTimeFormatParsing"", ""DateTimeZone"", ""ISODateTimeFormat"", ""DateTime""]","[0.041970802919708027, 0.03832116788321168, 0.023411371237458192, 0.023114355231143552]","[5.9939172749391725, 3.5, 6.501672240802676, 4.401459854014599]"
org.joda.time.format.TestISODateTimeFormatParsing.test_hourMinute,0.041970802919708027,0.03170442431788036,0.023114355231143552,0.12681769727152145,0.029433673604390195,0.030543841839961144,0.008540255284753339,6.501672240802676,5.099262342439111,3.5,20.397049369756445,4.798729184817801,4.94994247166882,1.2053764271037977,"[""TestISODateTimeFormatParsing"", ""DateTimeZone"", ""ISODateTimeFormat"", ""DateTime""]","[0.041970802919708027, 0.03832116788321168, 0.023411371237458192, 0.023114355231143552]","[5.9939172749391725, 3.5, 6.501672240802676, 4.401459854014599]"
org.joda.time.format.TestISODateTimeFormatParsing.test_basicOrdinalDateTime,0.041970802919708027,0.03170442431788036,0.023114355231143552,0.12681769727152145,0.029433673604390195,0.030543841839961144,0.008540255284753339,6.501672240802676,5.099262342439111,3.5,20.397049369756445,4.798729184817801,4.94994247166882,1.2053764271037977,"[""TestISODateTimeFormatParsing"", ""DateTimeZone"", ""ISODateTimeFormat"", ""DateTime""]","[0.041970802919708027, 0.03832116788321168, 0.023411371237458192, 0.023114355231143552]","[5.9939172749391725, 3.5, 6.501672240802676, 4.401459854014599]"
org.joda.time.format.TestISODateTimeFormatParsing.test_ordinalDateTime,0.041970802919708027,0.03170442431788036,0.023114355231143552,0.12681769727152145,0.029433673604390195,0.030543841839961144,0.008540255284753339,6.501672240802676,5.099262342439111,3.5,20.397049369756445,4.798729184817801,4.94994247166882,1.2053764271037977,"[""TestISODateTimeFormatParsing"", ""DateTimeZone"", ""ISODateTimeFormat"", ""DateTime""]","[0.041970802919708027, 0.03832116788321168, 0.023411371237458192, 0.023114355231143552]","[5.9939172749391725, 3.5, 6.501672240802676, 4.401459854014599]"
org.joda.time.TestIllegalFieldValueException.testZoneTransition,0.041970802919708027,0.025298480475782214,0.013157894736842105,0.12649240237891107,0.020194840490028013,0.0224851008046282,0.012261884677946125,5.9939172749391725,2.9028102659072985,1.2532894736842106,14.514051329536493,2.1270297422135007,2.4595953085282343,1.7296288382527585,"[""IllegalFieldValueException"", ""DateTimeFieldType"", ""DateTimeZone"", ""TestIllegalFieldValueException"", ""DateTime$Property"", ""Integer"", ""DateTime""]","[0.041970802919708027, 0.03832116788321168, 0.017691659646166806, 0.015350877192982455, 0.013157894736842105]","[5.9939172749391725, 3.5, 2.2350463352990735, 1.2532894736842106, 1.531798245614035]"
org.joda.time.TestTimeOfDay_Basics.testCompareTo,0.04654346338124572,0.025287024936515162,0.016423357664233577,0.1264351246825758,0.022027508676802265,0.023407790203897702,0.011027636692999535,4.317590691307323,2.9199660773837786,0.6593673965936739,14.599830386918892,1.8267474773706192,2.44185194432187,1.3215735889276232,"[""TimeOfDay"", ""DateTimeFieldType"", ""TestTimeOfDay_Basics"", ""GregorianChronology"", ""Partial""]","[0.04654346338124572, 0.024943310657596373, 0.020833333333333332, 0.017691659646166806, 0.016423357664233577]","[4.317590691307323, 3.6621315192743764, 3.7256944444444446, 2.2350463352990735, 0.6593673965936739]"
org.joda.time.format.TestDateTimeFormatter.testPrint_writerMethods,0.041970802919708027,0.025229438194279113,0.007633587786259542,0.12614719097139557,0.018315791895071203,0.022109076145908926,0.010948916334387132,5.9939172749391725,3.341076987065732,0.019083969465648856,16.70538493532866,0.0935406098260997,1.3689965807789886,1.9980282692603666,"[""TestDateTimeFormatter"", ""DateTimeFormatter"", ""ISODateTimeFormat"", ""CharArrayWriter"", ""DateTime""]","[0.041970802919708027, 0.02727272727272727, 0.026155717761557177, 0.023114355231143552, 0.007633587786259542]","[5.9939172749391725, 3.731313131313131, 2.559610705596107, 4.401459854014599, 0.019083969465648856]"
org.joda.time.TestDateTimeZoneCutover.test_LocalDate_new_Gaza,0.0718562874251497,0.06304311117461389,0.05422993492407809,0.12608622234922778,0.061811064180488304,0.06242404817817986,0.008813176250535803,11.47939262472885,11.110953797394366,10.74251497005988,22.221907594788732,11.098736379163407,11.104843408096517,0.36843882733448563,"[""TestDateTimeZoneCutover"", ""LocalDate""]","[0.0718562874251497, 0.05422993492407809]","[10.74251497005988, 11.47939262472885]"
org.joda.time.TestDateTimeZoneCutover.test_LocalDate_new_Turk,0.0718562874251497,0.06304311117461389,0.05422993492407809,0.12608622234922778,0.061811064180488304,0.06242404817817986,0.008813176250535803,11.47939262472885,11.110953797394366,10.74251497005988,22.221907594788732,11.098736379163407,11.104843408096517,0.36843882733448563,"[""TestDateTimeZoneCutover"", ""LocalDate""]","[0.0718562874251497, 0.05422993492407809]","[10.74251497005988, 11.47939262472885]"
org.joda.time.format.TestDateTimeFormatterBuilder.test_appendTimeZoneId,0.04440389294403893,0.031478102189781025,0.01338199513381995,0.1259124087591241,0.025108836485091702,0.028419338088754995,0.012579444560604352,8.052311435523114,4.469130170316301,1.2706812652068127,17.876520681265205,2.723520014139825,3.5396511578971417,2.69446208353795,"[""DateTimeFormatterBuilder"", ""DateTimeFormatter"", ""TestDateTimeFormatterBuilder"", ""DateTime""]","[0.04440389294403893, 0.041970802919708027, 0.026155717761557177, 0.01338199513381995]","[8.052311435523114, 5.9939172749391725, 2.559610705596107, 1.2706812652068127]"
org.joda.time.format.TestDateTimeFormatterBuilder.test_printParseZoneTokyo,0.04440389294403893,0.031478102189781025,0.01338199513381995,0.1259124087591241,0.025108836485091702,0.028419338088754995,0.012579444560604352,8.052311435523114,4.469130170316301,1.2706812652068127,17.876520681265205,2.723520014139825,3.5396511578971417,2.69446208353795,"[""DateTimeFormatterBuilder"", ""DateTimeFormatter"", ""TestDateTimeFormatterBuilder"", ""DateTime""]","[0.04440389294403893, 0.041970802919708027, 0.026155717761557177, 0.01338199513381995]","[8.052311435523114, 5.9939172749391725, 2.559610705596107, 1.2706812652068127]"
org.joda.time.format.TestDateTimeFormatterBuilder.test_printParseZoneParis,0.04440389294403893,0.031478102189781025,0.01338199513381995,0.1259124087591241,0.025108836485091702,0.028419338088754995,0.012579444560604352,8.052311435523114,4.469130170316301,1.2706812652068127,17.876520681265205,2.723520014139825,3.5396511578971417,2.69446208353795,"[""DateTimeFormatterBuilder"", ""DateTimeFormatter"", ""TestDateTimeFormatterBuilder"", ""DateTime""]","[0.04440389294403893, 0.041970802919708027, 0.026155717761557177, 0.01338199513381995]","[8.052311435523114, 5.9939172749391725, 2.559610705596107, 1.2706812652068127]"
org.joda.time.TestInterval_Constructors.testConstructor_Object4,0.041970802919708027,0.025111259321776484,0.015206812652068127,0.12555629660888243,0.022546982752956152,0.02372130945114213,0.008996669086117307,5.9939172749391725,2.5643888702874507,0.7195863746958637,12.821944351437253,1.5920315049551308,2.005443318827063,1.8466232372429199,"[""TestInterval_Constructors"", ""Object"", ""Interval"", ""Duration"", ""ISOChronology"", ""TestInterval_Constructors$MockInterval"", ""DateTime""]","[0.041970802919708027, 0.023901310717039322, 0.02372034956304619, 0.020757020757020756, 0.015206812652068127]","[5.9939172749391725, 2.87201233616037, 1.618601747815231, 1.6178266178266179, 0.7195863746958637]"
org.joda.time.TestLocalTime_Constructors.testConstructor_ObjectString1Tokyo,0.05547226386806597,0.04179079303989957,0.031578947368421054,0.1253723791196987,0.039583616356473304,0.04064159639368176,0.010058209495531236,8.113943028485757,5.618181510748386,3.5,16.854544532245157,5.001861377833812,5.299404194656671,1.9024620125487275,"[""TestLocalTime_Constructors"", ""DateTimeZone"", ""LocalTime""]","[0.05547226386806597, 0.03832116788321168, 0.031578947368421054]","[8.113943028485757, 3.5, 5.2406015037593985]"
org.joda.time.TestLocalTime_Constructors.testConstructor_ObjectString1NewYork,0.05547226386806597,0.04179079303989957,0.031578947368421054,0.1253723791196987,0.039583616356473304,0.04064159639368176,0.010058209495531236,8.113943028485757,5.618181510748386,3.5,16.854544532245157,5.001861377833812,5.299404194656671,1.9024620125487275,"[""TestLocalTime_Constructors"", ""DateTimeZone"", ""LocalTime""]","[0.05547226386806597, 0.03832116788321168, 0.031578947368421054]","[8.113943028485757, 3.5, 5.2406015037593985]"
org.joda.time.TestSerialization.testSerializedLocalDateBuddhist,0.0718562874251497,0.025066662607326005,0.007633587786259542,0.12533331303663003,0.013064874359458243,0.017183605348433256,0.02401066189475257,10.74251497005988,2.9074008101792357,0.09541984732824428,14.537004050896178,0.23565873272412788,0.7890127636336552,4.011942012091569,"[""StringBuilder"", ""ByteArrayOutputStream"", ""BuddhistChronology"", ""ObjectInputStream"", ""TestSerialization"", ""LocalDate"", ""FileInputStream"", ""ObjectOutputStream"", ""ByteArrayInputStream""]","[0.0718562874251497, 0.02178649237472767, 0.016423357664233577, 0.007633587786259542, 0.007633587786259542]","[10.74251497005988, 2.4553376906318083, 1.1368613138686132, 0.09541984732824428, 0.10687022900763359]"
org.joda.time.format.TestDateTimeFormatter.testParseLocalDate_simple,0.0718562874251497,0.041761577486478046,0.026155717761557177,0.12528473245943414,0.03377773898623142,0.0371466792328966,0.021285058958208182,10.74251497005988,5.677812935656372,2.559610705596107,17.033438806969116,3.9905575551136425,4.681451488119492,3.613089782681489,"[""TestDateTimeFormatter"", ""DateTimeFormatter"", ""LocalDate""]","[0.0718562874251497, 0.02727272727272727, 0.026155717761557177]","[10.74251497005988, 3.731313131313131, 2.559610705596107]"
org.joda.time.convert.TestReadableIntervalConverter.testSetIntoPeriod_Object2,0.02372034956304619,0.02084137782386103,0.013741411617738912,0.12504826694316618,0.020147577491775346,0.020525244852399108,0.0032969682228695973,3.9332298136645965,1.803032635446988,0.37414116177389134,10.818195812681928,0.9586112549402677,1.3217458618425704,1.3233024570727558,"[""ReadableIntervalConverter"", ""Interval"", ""MutablePeriod"", ""TestReadableIntervalConverter"", ""PeriodType"", ""CopticChronology""]","[0.02372034956304619, 0.02298095863427446, 0.02188679245283019, 0.021756021756021756, 0.02096273291925466, 0.013741411617738912]","[1.618601747815231, 0.8850952068286277, 0.7849056603773585, 3.2222222222222223, 3.9332298136645965, 0.37414116177389134]"
org.joda.time.TestMutableInterval_Constructors.testConstructor_RI_RD1,0.041970802919708027,0.020828860590511377,0.010378510378510378,0.12497316354306826,0.017463911427781725,0.018932601980069276,0.010019786517652686,5.9939172749391725,2.135331934095104,0.7195863746958637,12.811991604570624,1.2694708465906486,1.5915053043848895,1.8209860802385667,"[""TestMutableInterval_Constructors"", ""Duration"", ""DurationField"", ""MutableInterval"", ""ISOChronology"", ""DateTime""]","[0.041970802919708027, 0.020757020757020756, 0.019350811485642945, 0.01730920535011802, 0.015206812652068127, 0.010378510378510378]","[5.9939172749391725, 1.6178266178266179, 1.3320848938826466, 2.4287962234461054, 0.7195863746958637, 0.7197802197802198]"
org.joda.time.TestMutableInterval_Constructors.testConstructor_RD_RI1,0.041970802919708027,0.020828860590511377,0.010378510378510378,0.12497316354306826,0.017463911427781725,0.018932601980069276,0.010019786517652686,5.9939172749391725,2.135331934095104,0.7195863746958637,12.811991604570624,1.2694708465906486,1.5915053043848895,1.8209860802385667,"[""TestMutableInterval_Constructors"", ""Duration"", ""DurationField"", ""MutableInterval"", ""ISOChronology"", ""DateTime""]","[0.041970802919708027, 0.020757020757020756, 0.019350811485642945, 0.01730920535011802, 0.015206812652068127, 0.010378510378510378]","[5.9939172749391725, 1.6178266178266179, 1.3320848938826466, 2.4287962234461054, 0.7195863746958637, 0.7197802197802198]"
org.joda.time.TestDuration_Basics.testToPeriodFrom,0.041970802919708027,0.031221971459197733,0.020757020757020756,0.12488788583679093,0.029327060941325298,0.030283140868660928,0.00752164087022981,5.9939172749391725,4.160006680262154,1.6178266178266179,16.640026721048617,3.235092884009265,3.7316385153645557,1.6460963075976298,"[""TestDuration_Basics"", ""Duration"", ""Period"", ""DateTime""]","[0.041970802919708027, 0.031857031857031856, 0.030303030303030304, 0.020757020757020756]","[5.9939172749391725, 5.1313131313131315, 3.896969696969697, 1.6178266178266179]"
org.joda.time.TestDuration_Basics.testToPeriodTo,0.041970802919708027,0.031221971459197733,0.020757020757020756,0.12488788583679093,0.029327060941325298,0.030283140868660928,0.00752164087022981,5.9939172749391725,4.160006680262154,1.6178266178266179,16.640026721048617,3.235092884009265,3.7316385153645557,1.6460963075976298,"[""TestDuration_Basics"", ""Duration"", ""Period"", ""DateTime""]","[0.041970802919708027, 0.031857031857031856, 0.030303030303030304, 0.020757020757020756]","[5.9939172749391725, 5.1313131313131315, 3.896969696969697, 1.6178266178266179]"
org.joda.time.TestLocalDate_Basics.testWithFieldAdded_DurationFieldType_int_5,0.0718562874251497,0.041556663020588414,0.013479359730412805,0.12466998906176524,0.026425375135867648,0.03364872728960091,0.023884031696522236,10.74251497005988,6.366598158107084,1.2468407750631845,19.09979447432125,2.896442348986312,4.566720732817469,3.9121120639012363,"[""TestLocalDate_Basics"", ""DurationFieldType"", ""LocalDate""]","[0.0718562874251497, 0.039334341906202726, 0.013479359730412805]","[10.74251497005988, 7.110438729198185, 1.2468407750631845]"
org.joda.time.TestLocalDate_Basics.testIsSupported_DurationFieldType,0.0718562874251497,0.041556663020588414,0.013479359730412805,0.12466998906176524,0.026425375135867648,0.03364872728960091,0.023884031696522236,10.74251497005988,6.366598158107084,1.2468407750631845,19.09979447432125,2.896442348986312,4.566720732817469,3.9121120639012363,"[""TestLocalDate_Basics"", ""DurationFieldType"", ""LocalDate""]","[0.0718562874251497, 0.039334341906202726, 0.013479359730412805]","[10.74251497005988, 7.110438729198185, 1.2468407750631845]"
org.joda.time.TestLocalDate_Basics.testWithFieldAdded_DurationFieldType_int_4,0.0718562874251497,0.041556663020588414,0.013479359730412805,0.12466998906176524,0.026425375135867648,0.03364872728960091,0.023884031696522236,10.74251497005988,6.366598158107084,1.2468407750631845,19.09979447432125,2.896442348986312,4.566720732817469,3.9121120639012363,"[""TestLocalDate_Basics"", ""DurationFieldType"", ""LocalDate""]","[0.0718562874251497, 0.039334341906202726, 0.013479359730412805]","[10.74251497005988, 7.110438729198185, 1.2468407750631845]"
org.joda.time.TestLocalDate_Basics.testWithFieldAdded_DurationFieldType_int_1,0.0718562874251497,0.041556663020588414,0.013479359730412805,0.12466998906176524,0.026425375135867648,0.03364872728960091,0.023884031696522236,10.74251497005988,6.366598158107084,1.2468407750631845,19.09979447432125,2.896442348986312,4.566720732817469,3.9121120639012363,"[""TestLocalDate_Basics"", ""DurationFieldType"", ""LocalDate""]","[0.0718562874251497, 0.039334341906202726, 0.013479359730412805]","[10.74251497005988, 7.110438729198185, 1.2468407750631845]"
org.joda.time.TestDateTime_Constructors.testParse_formatter,0.041970802919708027,0.024904252595499214,0.015032211882605583,0.12452126297749608,0.021498440183565646,0.02309023374094464,0.009857961243441233,5.9939172749391725,2.897977504802609,0.7195863746958637,14.489887524013046,1.8348317077642156,2.3653535599000213,1.7208306687880899,"[""DateTimeFormatter"", ""DateTimeFormat"", ""ISOChronology"", ""DateTime"", ""TestDateTime_Constructors""]","[0.041970802919708027, 0.026155717761557177, 0.026155717761557177, 0.015206812652068127, 0.015032211882605583]","[5.9939172749391725, 2.559610705596107, 2.9197080291970803, 0.7195863746958637, 2.2970651395848245]"
org.joda.time.TestYearMonth_Basics.testToLocalDate,0.0718562874251497,0.04149595545750604,0.01644736842105263,0.12448786637251812,0.02931031930484212,0.03496982286005157,0.022930300942365412,10.74251497005988,7.214610253177855,4.309210526315789,21.643830759533564,6.291342682398609,6.732493421629539,2.6630165681577695,"[""YearMonth"", ""TestYearMonth_Basics"", ""LocalDate""]","[0.0718562874251497, 0.03618421052631579, 0.01644736842105263]","[10.74251497005988, 6.592105263157895, 4.309210526315789]"
org.joda.time.TestYearMonthDay_Constructors.testConstructor_nullDateTimeZone,0.041970802919708027,0.0310540467092566,0.015625,0.1242161868370264,0.0266613951071786,0.028949414097532416,0.010542030969480315,5.9939172749391725,3.243886488741898,1.5562330623306233,12.975545954967592,2.4669794958249676,2.809731381055541,1.755678613287249,"[""DateTimeUtils"", ""TestYearMonthDay_Constructors"", ""YearMonthDay"", ""DateTime""]","[0.041970802919708027, 0.03952011291460833, 0.02710027100271003, 0.015625]","[5.9939172749391725, 3.5356386732533522, 1.5562330623306233, 1.8897569444444444]"
org.joda.time.TestYearMonthDay_Constructors.testConstructor_DateTimeZone,0.041970802919708027,0.0310540467092566,0.015625,0.1242161868370264,0.0266613951071786,0.028949414097532416,0.010542030969480315,5.9939172749391725,3.243886488741898,1.5562330623306233,12.975545954967592,2.4669794958249676,2.809731381055541,1.755678613287249,"[""DateTimeUtils"", ""TestYearMonthDay_Constructors"", ""YearMonthDay"", ""DateTime""]","[0.041970802919708027, 0.03952011291460833, 0.02710027100271003, 0.015625]","[5.9939172749391725, 3.5356386732533522, 1.5562330623306233, 1.8897569444444444]"
org.joda.time.TestLocalDateTime_Properties.testPropertyCompareToMonth,0.061377245508982034,0.0413058895606182,0.020569620253164556,0.12391766868185461,0.03380885316310471,0.03756012093575374,0.016666276370486004,11.95808383233533,8.457629061074622,5.9939172749391725,25.372887183223867,7.7878377367067655,8.10231955306738,2.542826209030089,"[""LocalDateTime$Property"", ""LocalDateTime"", ""TestLocalDateTime_Properties"", ""DateTime""]","[0.061377245508982034, 0.041970802919708027, 0.020569620253164556]","[11.95808383233533, 5.9939172749391725, 7.420886075949367]"
org.joda.time.TestLocalDateTime_Properties.testPropertyCompareToMilli,0.061377245508982034,0.0413058895606182,0.020569620253164556,0.12391766868185461,0.03380885316310471,0.03756012093575374,0.016666276370486004,11.95808383233533,8.457629061074622,5.9939172749391725,25.372887183223867,7.7878377367067655,8.10231955306738,2.542826209030089,"[""LocalDateTime$Property"", ""LocalDateTime"", ""TestLocalDateTime_Properties"", ""DateTime""]","[0.061377245508982034, 0.041970802919708027, 0.020569620253164556]","[11.95808383233533, 5.9939172749391725, 7.420886075949367]"
org.joda.time.TestLocalDateTime_Properties.testPropertyCompareToYear,0.061377245508982034,0.0413058895606182,0.020569620253164556,0.12391766868185461,0.03380885316310471,0.03756012093575374,0.016666276370486004,11.95808383233533,8.457629061074622,5.9939172749391725,25.372887183223867,7.7878377367067655,8.10231955306738,2.542826209030089,"[""LocalDateTime$Property"", ""LocalDateTime"", ""TestLocalDateTime_Properties"", ""DateTime""]","[0.061377245508982034, 0.041970802919708027, 0.020569620253164556]","[11.95808383233533, 5.9939172749391725, 7.420886075949367]"
org.joda.time.TestLocalDateTime_Properties.testPropertyCompareToMinute,0.061377245508982034,0.0413058895606182,0.020569620253164556,0.12391766868185461,0.03380885316310471,0.03756012093575374,0.016666276370486004,11.95808383233533,8.457629061074622,5.9939172749391725,25.372887183223867,7.7878377367067655,8.10231955306738,2.542826209030089,"[""LocalDateTime$Property"", ""LocalDateTime"", ""TestLocalDateTime_Properties"", ""DateTime""]","[0.061377245508982034, 0.041970802919708027, 0.020569620253164556]","[11.95808383233533, 5.9939172749391725, 7.420886075949367]"
org.joda.time.TestLocalDateTime_Properties.testPropertyCompareToSecond,0.061377245508982034,0.0413058895606182,0.020569620253164556,0.12391766868185461,0.03380885316310471,0.03756012093575374,0.016666276370486004,11.95808383233533,8.457629061074622,5.9939172749391725,25.372887183223867,7.7878377367067655,8.10231955306738,2.542826209030089,"[""LocalDateTime$Property"", ""LocalDateTime"", ""TestLocalDateTime_Properties"", ""DateTime""]","[0.061377245508982034, 0.041970802919708027, 0.020569620253164556]","[11.95808383233533, 5.9939172749391725, 7.420886075949367]"
org.joda.time.TestLocalDateTime_Properties.testPropertyCompareToDay,0.061377245508982034,0.0413058895606182,0.020569620253164556,0.12391766868185461,0.03380885316310471,0.03756012093575374,0.016666276370486004,11.95808383233533,8.457629061074622,5.9939172749391725,25.372887183223867,7.7878377367067655,8.10231955306738,2.542826209030089,"[""LocalDateTime$Property"", ""LocalDateTime"", ""TestLocalDateTime_Properties"", ""DateTime""]","[0.061377245508982034, 0.041970802919708027, 0.020569620253164556]","[11.95808383233533, 5.9939172749391725, 7.420886075949367]"
org.joda.time.TestLocalDateTime_Properties.testPropertyCompareToHour,0.061377245508982034,0.0413058895606182,0.020569620253164556,0.12391766868185461,0.03380885316310471,0.03756012093575374,0.016666276370486004,11.95808383233533,8.457629061074622,5.9939172749391725,25.372887183223867,7.7878377367067655,8.10231955306738,2.542826209030089,"[""LocalDateTime$Property"", ""LocalDateTime"", ""TestLocalDateTime_Properties"", ""DateTime""]","[0.061377245508982034, 0.041970802919708027, 0.020569620253164556]","[11.95808383233533, 5.9939172749391725, 7.420886075949367]"
org.joda.time.field.TestBaseDateTimeField.test_getMaximumValue_RP_intarray,0.04654346338124572,0.020558554270760625,0.010093727469358327,0.12335132562456376,0.01627217006821715,0.017990192058079543,0.012145345632800857,4.317590691307323,2.195137844369114,0.4297043979812545,13.170827066214684,1.2991322674626882,1.7774414022269067,1.20320619525507,"[""BaseDateTimeField"", ""TimeOfDay"", ""DateTimeFieldType"", ""TestBaseDateTimeField"", ""BaseDurationField"", ""DurationFieldType"", ""TestBaseDateTimeField$MockBaseDateTimeField"", ""TestBaseDateTimeField$MockCountingDurationField""]","[0.04654346338124572, 0.021408839779005526, 0.017691659646166806, 0.014134275618374558, 0.013479359730412805, 0.010093727469358327]","[4.317590691307323, 2.5476519337016574, 2.2350463352990735, 2.393992932862191, 1.2468407750631845, 0.4297043979812545]"
org.joda.time.field.TestBaseDateTimeField.test_getMinimumValue_RP,0.04654346338124572,0.020558554270760625,0.010093727469358327,0.12335132562456376,0.01627217006821715,0.017990192058079543,0.012145345632800857,4.317590691307323,2.195137844369114,0.4297043979812545,13.170827066214684,1.2991322674626882,1.7774414022269067,1.20320619525507,"[""BaseDateTimeField"", ""TimeOfDay"", ""DateTimeFieldType"", ""TestBaseDateTimeField"", ""BaseDurationField"", ""DurationFieldType"", ""TestBaseDateTimeField$MockBaseDateTimeField"", ""TestBaseDateTimeField$MockCountingDurationField""]","[0.04654346338124572, 0.021408839779005526, 0.017691659646166806, 0.014134275618374558, 0.013479359730412805, 0.010093727469358327]","[4.317590691307323, 2.5476519337016574, 2.2350463352990735, 2.393992932862191, 1.2468407750631845, 0.4297043979812545]"
org.joda.time.field.TestBaseDateTimeField.test_getAsShortText_RP_Locale,0.04654346338124572,0.020558554270760625,0.010093727469358327,0.12335132562456376,0.01627217006821715,0.017990192058079543,0.012145345632800857,4.317590691307323,2.195137844369114,0.4297043979812545,13.170827066214684,1.2991322674626882,1.7774414022269067,1.20320619525507,"[""BaseDateTimeField"", ""TimeOfDay"", ""DateTimeFieldType"", ""TestBaseDateTimeField"", ""BaseDurationField"", ""DurationFieldType"", ""TestBaseDateTimeField$MockBaseDateTimeField"", ""TestBaseDateTimeField$MockCountingDurationField""]","[0.04654346338124572, 0.021408839779005526, 0.017691659646166806, 0.014134275618374558, 0.013479359730412805, 0.010093727469358327]","[4.317590691307323, 2.5476519337016574, 2.2350463352990735, 2.393992932862191, 1.2468407750631845, 0.4297043979812545]"
org.joda.time.field.TestBaseDateTimeField.test_getAsText_RP_int_Locale,0.04654346338124572,0.020558554270760625,0.010093727469358327,0.12335132562456376,0.01627217006821715,0.017990192058079543,0.012145345632800857,4.317590691307323,2.195137844369114,0.4297043979812545,13.170827066214684,1.2991322674626882,1.7774414022269067,1.20320619525507,"[""BaseDateTimeField"", ""TimeOfDay"", ""DateTimeFieldType"", ""TestBaseDateTimeField"", ""BaseDurationField"", ""DurationFieldType"", ""TestBaseDateTimeField$MockBaseDateTimeField"", ""TestBaseDateTimeField$MockCountingDurationField""]","[0.04654346338124572, 0.021408839779005526, 0.017691659646166806, 0.014134275618374558, 0.013479359730412805, 0.010093727469358327]","[4.317590691307323, 2.5476519337016574, 2.2350463352990735, 2.393992932862191, 1.2468407750631845, 0.4297043979812545]"
org.joda.time.field.TestBaseDateTimeField.test_getMinimumValue_RP_intarray,0.04654346338124572,0.020558554270760625,0.010093727469358327,0.12335132562456376,0.01627217006821715,0.017990192058079543,0.012145345632800857,4.317590691307323,2.195137844369114,0.4297043979812545,13.170827066214684,1.2991322674626882,1.7774414022269067,1.20320619525507,"[""BaseDateTimeField"", ""TimeOfDay"", ""DateTimeFieldType"", ""TestBaseDateTimeField"", ""BaseDurationField"", ""DurationFieldType"", ""TestBaseDateTimeField$MockBaseDateTimeField"", ""TestBaseDateTimeField$MockCountingDurationField""]","[0.04654346338124572, 0.021408839779005526, 0.017691659646166806, 0.014134275618374558, 0.013479359730412805, 0.010093727469358327]","[4.317590691307323, 2.5476519337016574, 2.2350463352990735, 2.393992932862191, 1.2468407750631845, 0.4297043979812545]"
org.joda.time.field.TestBaseDateTimeField.test_getMaximumValue_RP,0.04654346338124572,0.020558554270760625,0.010093727469358327,0.12335132562456376,0.01627217006821715,0.017990192058079543,0.012145345632800857,4.317590691307323,2.195137844369114,0.4297043979812545,13.170827066214684,1.2991322674626882,1.7774414022269067,1.20320619525507,"[""BaseDateTimeField"", ""TimeOfDay"", ""DateTimeFieldType"", ""TestBaseDateTimeField"", ""BaseDurationField"", ""DurationFieldType"", ""TestBaseDateTimeField$MockBaseDateTimeField"", ""TestBaseDateTimeField$MockCountingDurationField""]","[0.04654346338124572, 0.021408839779005526, 0.017691659646166806, 0.014134275618374558, 0.013479359730412805, 0.010093727469358327]","[4.317590691307323, 2.5476519337016574, 2.2350463352990735, 2.393992932862191, 1.2468407750631845, 0.4297043979812545]"
org.joda.time.field.TestBaseDateTimeField.test_getAsShortText_RP_int_Locale,0.04654346338124572,0.020558554270760625,0.010093727469358327,0.12335132562456376,0.01627217006821715,0.017990192058079543,0.012145345632800857,4.317590691307323,2.195137844369114,0.4297043979812545,13.170827066214684,1.2991322674626882,1.7774414022269067,1.20320619525507,"[""BaseDateTimeField"", ""TimeOfDay"", ""DateTimeFieldType"", ""TestBaseDateTimeField"", ""BaseDurationField"", ""DurationFieldType"", ""TestBaseDateTimeField$MockBaseDateTimeField"", ""TestBaseDateTimeField$MockCountingDurationField""]","[0.04654346338124572, 0.021408839779005526, 0.017691659646166806, 0.014134275618374558, 0.013479359730412805, 0.010093727469358327]","[4.317590691307323, 2.5476519337016574, 2.2350463352990735, 2.393992932862191, 1.2468407750631845, 0.4297043979812545]"
org.joda.time.field.TestBaseDateTimeField.test_getAsText_RP_Locale,0.04654346338124572,0.020558554270760625,0.010093727469358327,0.12335132562456376,0.01627217006821715,0.017990192058079543,0.012145345632800857,4.317590691307323,2.195137844369114,0.4297043979812545,13.170827066214684,1.2991322674626882,1.7774414022269067,1.20320619525507,"[""BaseDateTimeField"", ""TimeOfDay"", ""DateTimeFieldType"", ""TestBaseDateTimeField"", ""BaseDurationField"", ""DurationFieldType"", ""TestBaseDateTimeField$MockBaseDateTimeField"", ""TestBaseDateTimeField$MockCountingDurationField""]","[0.04654346338124572, 0.021408839779005526, 0.017691659646166806, 0.014134275618374558, 0.013479359730412805, 0.010093727469358327]","[4.317590691307323, 2.5476519337016574, 2.2350463352990735, 2.393992932862191, 1.2468407750631845, 0.4297043979812545]"
org.joda.time.TestPeriod_Constructors.testConstructor_RP_RP_PeriodType7,0.031857031857031856,0.02466801905319042,0.017691659646166806,0.1233400952659521,0.02363286506727537,0.02415185141450774,0.004990144495619269,5.54841208365608,4.102026576641451,2.2350463352990735,20.51013288320726,3.704140933561945,3.9123112949068894,1.1712452413376246,"[""DateTimeFieldType"", ""TestPeriod_Constructors"", ""Partial"", ""PeriodType"", ""Period""]","[0.031857031857031856, 0.027885360185902403, 0.024943310657596373, 0.02096273291925466, 0.017691659646166806]","[5.1313131313131315, 5.54841208365608, 3.6621315192743764, 3.9332298136645965, 2.2350463352990735]"
org.joda.time.TestPeriod_Constructors.testConstructor_RP_RP_PeriodType8,0.031857031857031856,0.02466801905319042,0.017691659646166806,0.1233400952659521,0.02363286506727537,0.02415185141450774,0.004990144495619269,5.54841208365608,4.102026576641451,2.2350463352990735,20.51013288320726,3.704140933561945,3.9123112949068894,1.1712452413376246,"[""DateTimeFieldType"", ""TestPeriod_Constructors"", ""Partial"", ""PeriodType"", ""Period""]","[0.031857031857031856, 0.027885360185902403, 0.024943310657596373, 0.02096273291925466, 0.017691659646166806]","[5.1313131313131315, 5.54841208365608, 3.6621315192743764, 3.9332298136645965, 2.2350463352990735]"
org.joda.time.TestBaseSingleFieldPeriod.testFactory_between_RInstant,0.041970802919708027,0.02465194848324447,0.013479359730412805,0.12325974241622234,0.021635477117310523,0.02305011179774475,0.00939572581075156,5.9939172749391725,3.1220047799405974,1.2468407750631845,15.610023899702988,2.3354613808517084,2.694659063683484,1.686956050544932,"[""BaseSingleFieldPeriod"", ""TestBaseSingleFieldPeriod$Single"", ""TestBaseSingleFieldPeriod"", ""DurationFieldType"", ""DateTime"", ""PeriodType""]","[0.041970802919708027, 0.023423423423423424, 0.023423423423423424, 0.02096273291925466, 0.013479359730412805]","[5.9939172749391725, 2.511711711711712, 1.9243243243243244, 3.9332298136645965, 1.2468407750631845]"
org.joda.time.convert.TestConverterManager.testGetPeriodConverter,0.031857031857031856,0.02050196461831767,0.006993006993006993,0.12301178770990602,0.0163269181979919,0.01867040684585211,0.0075036441262657985,5.1313131313131315,2.3191562400392103,0.16938616938616938,13.914937440235262,0.7259643813472877,1.5364558943053266,1.667625255777993,"[""TestConverterManager"", ""Interval"", ""Duration"", ""PeriodConverter"", ""ConverterManager"", ""Period""]","[0.031857031857031856, 0.02372034956304619, 0.022590361445783132, 0.020757020757020756, 0.017094017094017096, 0.006993006993006993]","[5.1313131313131315, 1.618601747815231, 3.8930722891566263, 1.6178266178266179, 1.4847374847374848, 0.16938616938616938]"
org.joda.time.TestLocalTime_Basics.testToDateTime_RI,0.05547226386806597,0.041002325520736696,0.02556390977443609,0.12300697656221009,0.037050411301310225,0.03904362635224821,0.01222922381024856,8.113943028485757,6.403371980840891,5.102255639097744,19.210115942522673,6.1719227093064175,6.283982559433832,1.2631455709163777,"[""TestLocalTime_Basics"", ""DateTime"", ""LocalTime""]","[0.05547226386806597, 0.041970802919708027, 0.02556390977443609]","[8.113943028485757, 5.9939172749391725, 5.102255639097744]"
org.joda.time.TestTimeOfDay_Basics.testToLocalTime,0.05547226386806597,0.04094968686088167,0.020833333333333332,0.12284906058264501,0.03428088708835004,0.03774833348888775,0.014684041881519777,8.113943028485757,5.385742721412508,3.7256944444444446,16.157228164237523,4.813387902832939,5.072556413359099,1.9442038607784105,"[""LocalTime"", ""TimeOfDay"", ""TestTimeOfDay_Basics""]","[0.05547226386806597, 0.04654346338124572, 0.020833333333333332]","[8.113943028485757, 4.317590691307323, 3.7256944444444446]"
org.joda.time.chrono.TestLenientChronology.test_isoChrononolgy_Chicago,0.041970802919708027,0.030702426956183932,0.015206812652068127,0.12280970782473573,0.02626452015110695,0.028588419894596345,0.010447940737583362,5.9939172749391725,2.982472551064221,0.7195863746958637,11.929890204256884,1.649582039427761,2.2561564197853734,2.003762809250557,"[""TestLenientChronology"", ""DateTime"", ""DateTimeZone"", ""ISOChronology""]","[0.041970802919708027, 0.03832116788321168, 0.0273109243697479, 0.015206812652068127]","[5.9939172749391725, 3.5, 1.7163865546218486, 0.7195863746958637]"
org.joda.time.TestPeriod_Constructors.testConstructor_trickyDifferences_RI_RI_toMar_endOfMonth2,0.041970802919708027,0.030668981970474234,0.02096273291925466,0.12267592788189693,0.02882235897808884,0.029733373527593688,0.007601026907354906,5.9939172749391725,5.151718075893244,3.9332298136645965,20.606872303572978,5.023904879659128,5.0899594612980925,0.7667782654752369,"[""TestPeriod_Constructors"", ""PeriodType"", ""Period"", ""DateTime""]","[0.041970802919708027, 0.031857031857031856, 0.027885360185902403, 0.02096273291925466]","[5.9939172749391725, 5.1313131313131315, 5.54841208365608, 3.9332298136645965]"
org.joda.time.TestPeriod_Constructors.testConstructor_RI_RI_PeriodType1,0.041970802919708027,0.030668981970474234,0.02096273291925466,0.12267592788189693,0.02882235897808884,0.029733373527593688,0.007601026907354906,5.9939172749391725,5.151718075893244,3.9332298136645965,20.606872303572978,5.023904879659128,5.0899594612980925,0.7667782654752369,"[""TestPeriod_Constructors"", ""PeriodType"", ""Period"", ""DateTime""]","[0.041970802919708027, 0.031857031857031856, 0.027885360185902403, 0.02096273291925466]","[5.9939172749391725, 5.1313131313131315, 5.54841208365608, 3.9332298136645965]"
org.joda.time.TestPeriod_Constructors.testToPeriod_PeriodType3,0.041970802919708027,0.030668981970474234,0.02096273291925466,0.12267592788189693,0.02882235897808884,0.029733373527593688,0.007601026907354906,5.9939172749391725,5.151718075893244,3.9332298136645965,20.606872303572978,5.023904879659128,5.0899594612980925,0.7667782654752369,"[""TestPeriod_Constructors"", ""PeriodType"", ""Period"", ""DateTime""]","[0.041970802919708027, 0.031857031857031856, 0.027885360185902403, 0.02096273291925466]","[5.9939172749391725, 5.1313131313131315, 5.54841208365608, 3.9332298136645965]"
org.joda.time.TestPeriod_Constructors.testConstructor_long_long_PeriodType2,0.041970802919708027,0.030668981970474234,0.02096273291925466,0.12267592788189693,0.02882235897808884,0.029733373527593688,0.007601026907354906,5.9939172749391725,5.151718075893244,3.9332298136645965,20.606872303572978,5.023904879659128,5.0899594612980925,0.7667782654752369,"[""TestPeriod_Constructors"", ""PeriodType"", ""Period"", ""DateTime""]","[0.041970802919708027, 0.031857031857031856, 0.027885360185902403, 0.02096273291925466]","[5.9939172749391725, 5.1313131313131315, 5.54841208365608, 3.9332298136645965]"
org.joda.time.TestPeriod_Constructors.testConstructor_long_long1,0.041970802919708027,0.030668981970474234,0.02096273291925466,0.12267592788189693,0.02882235897808884,0.029733373527593688,0.007601026907354906,5.9939172749391725,5.151718075893244,3.9332298136645965,20.606872303572978,5.023904879659128,5.0899594612980925,0.7667782654752369,"[""TestPeriod_Constructors"", ""PeriodType"", ""Period"", ""DateTime""]","[0.041970802919708027, 0.031857031857031856, 0.027885360185902403, 0.02096273291925466]","[5.9939172749391725, 5.1313131313131315, 5.54841208365608, 3.9332298136645965]"
org.joda.time.TestPeriod_Constructors.testConstructor_RD_RI2,0.041970802919708027,0.030668981970474234,0.02096273291925466,0.12267592788189693,0.02882235897808884,0.029733373527593688,0.007601026907354906,5.9939172749391725,5.151718075893244,3.9332298136645965,20.606872303572978,5.023904879659128,5.0899594612980925,0.7667782654752369,"[""TestPeriod_Constructors"", ""PeriodType"", ""Period"", ""DateTime""]","[0.041970802919708027, 0.031857031857031856, 0.027885360185902403, 0.02096273291925466]","[5.9939172749391725, 5.1313131313131315, 5.54841208365608, 3.9332298136645965]"
org.joda.time.TestPeriod_Constructors.testConstructor_RI_RD_PeriodType2,0.041970802919708027,0.030668981970474234,0.02096273291925466,0.12267592788189693,0.02882235897808884,0.029733373527593688,0.007601026907354906,5.9939172749391725,5.151718075893244,3.9332298136645965,20.606872303572978,5.023904879659128,5.0899594612980925,0.7667782654752369,"[""TestPeriod_Constructors"", ""PeriodType"", ""Period"", ""DateTime""]","[0.041970802919708027, 0.031857031857031856, 0.027885360185902403, 0.02096273291925466]","[5.9939172749391725, 5.1313131313131315, 5.54841208365608, 3.9332298136645965]"
org.joda.time.TestPeriod_Constructors.testConstructor_trickyDifferences_RI_RI_toFeb_leapYear,0.041970802919708027,0.030668981970474234,0.02096273291925466,0.12267592788189693,0.02882235897808884,0.029733373527593688,0.007601026907354906,5.9939172749391725,5.151718075893244,3.9332298136645965,20.606872303572978,5.023904879659128,5.0899594612980925,0.7667782654752369,"[""TestPeriod_Constructors"", ""PeriodType"", ""Period"", ""DateTime""]","[0.041970802919708027, 0.031857031857031856, 0.027885360185902403, 0.02096273291925466]","[5.9939172749391725, 5.1313131313131315, 5.54841208365608, 3.9332298136645965]"
org.joda.time.TestPeriod_Constructors.testConstructor_long_long_PeriodType1,0.041970802919708027,0.030668981970474234,0.02096273291925466,0.12267592788189693,0.02882235897808884,0.029733373527593688,0.007601026907354906,5.9939172749391725,5.151718075893244,3.9332298136645965,20.606872303572978,5.023904879659128,5.0899594612980925,0.7667782654752369,"[""TestPeriod_Constructors"", ""PeriodType"", ""Period"", ""DateTime""]","[0.041970802919708027, 0.031857031857031856, 0.027885360185902403, 0.02096273291925466]","[5.9939172749391725, 5.1313131313131315, 5.54841208365608, 3.9332298136645965]"
org.joda.time.TestPeriod_Constructors.testConstructor_long_long_Chronology2,0.041970802919708027,0.030668981970474234,0.02096273291925466,0.12267592788189693,0.02882235897808884,0.029733373527593688,0.007601026907354906,5.9939172749391725,5.151718075893244,3.9332298136645965,20.606872303572978,5.023904879659128,5.0899594612980925,0.7667782654752369,"[""TestPeriod_Constructors"", ""PeriodType"", ""Period"", ""DateTime""]","[0.041970802919708027, 0.031857031857031856, 0.027885360185902403, 0.02096273291925466]","[5.9939172749391725, 5.1313131313131315, 5.54841208365608, 3.9332298136645965]"
org.joda.time.TestPeriod_Constructors.testConstructor_RI_RI_PeriodType2,0.041970802919708027,0.030668981970474234,0.02096273291925466,0.12267592788189693,0.02882235897808884,0.029733373527593688,0.007601026907354906,5.9939172749391725,5.151718075893244,3.9332298136645965,20.606872303572978,5.023904879659128,5.0899594612980925,0.7667782654752369,"[""TestPeriod_Constructors"", ""PeriodType"", ""Period"", ""DateTime""]","[0.041970802919708027, 0.031857031857031856, 0.027885360185902403, 0.02096273291925466]","[5.9939172749391725, 5.1313131313131315, 5.54841208365608, 3.9332298136645965]"
org.joda.time.TestPeriod_Constructors.testConstructor_RI_RI_PeriodType4,0.041970802919708027,0.030668981970474234,0.02096273291925466,0.12267592788189693,0.02882235897808884,0.029733373527593688,0.007601026907354906,5.9939172749391725,5.151718075893244,3.9332298136645965,20.606872303572978,5.023904879659128,5.0899594612980925,0.7667782654752369,"[""TestPeriod_Constructors"", ""PeriodType"", ""Period"", ""DateTime""]","[0.041970802919708027, 0.031857031857031856, 0.027885360185902403, 0.02096273291925466]","[5.9939172749391725, 5.1313131313131315, 5.54841208365608, 3.9332298136645965]"
org.joda.time.TestPeriod_Constructors.testConstructor_RI_RI2,0.041970802919708027,0.030668981970474234,0.02096273291925466,0.12267592788189693,0.02882235897808884,0.029733373527593688,0.007601026907354906,5.9939172749391725,5.151718075893244,3.9332298136645965,20.606872303572978,5.023904879659128,5.0899594612980925,0.7667782654752369,"[""TestPeriod_Constructors"", ""PeriodType"", ""Period"", ""DateTime""]","[0.041970802919708027, 0.031857031857031856, 0.027885360185902403, 0.02096273291925466]","[5.9939172749391725, 5.1313131313131315, 5.54841208365608, 3.9332298136645965]"
org.joda.time.TestPeriod_Constructors.testConstructor_trickyDifferences_RI_RI_toFeb_endOfMonth1,0.041970802919708027,0.030668981970474234,0.02096273291925466,0.12267592788189693,0.02882235897808884,0.029733373527593688,0.007601026907354906,5.9939172749391725,5.151718075893244,3.9332298136645965,20.606872303572978,5.023904879659128,5.0899594612980925,0.7667782654752369,"[""TestPeriod_Constructors"", ""PeriodType"", ""Period"", ""DateTime""]","[0.041970802919708027, 0.031857031857031856, 0.027885360185902403, 0.02096273291925466]","[5.9939172749391725, 5.1313131313131315, 5.54841208365608, 3.9332298136645965]"
org.joda.time.TestPeriod_Constructors.testConstructor_long_long_PeriodType3,0.041970802919708027,0.030668981970474234,0.02096273291925466,0.12267592788189693,0.02882235897808884,0.029733373527593688,0.007601026907354906,5.9939172749391725,5.151718075893244,3.9332298136645965,20.606872303572978,5.023904879659128,5.0899594612980925,0.7667782654752369,"[""TestPeriod_Constructors"", ""PeriodType"", ""Period"", ""DateTime""]","[0.041970802919708027, 0.031857031857031856, 0.027885360185902403, 0.02096273291925466]","[5.9939172749391725, 5.1313131313131315, 5.54841208365608, 3.9332298136645965]"
org.joda.time.TestPeriod_Constructors.testConstructor_trickyDifferences_RI_RI_toFeb_endOfMonth3,0.041970802919708027,0.030668981970474234,0.02096273291925466,0.12267592788189693,0.02882235897808884,0.029733373527593688,0.007601026907354906,5.9939172749391725,5.151718075893244,3.9332298136645965,20.606872303572978,5.023904879659128,5.0899594612980925,0.7667782654752369,"[""TestPeriod_Constructors"", ""PeriodType"", ""Period"", ""DateTime""]","[0.041970802919708027, 0.031857031857031856, 0.027885360185902403, 0.02096273291925466]","[5.9939172749391725, 5.1313131313131315, 5.54841208365608, 3.9332298136645965]"
org.joda.time.TestPeriod_Constructors.testConstructor_trickyDifferences_RI_RI_toMar_endOfMonth1,0.041970802919708027,0.030668981970474234,0.02096273291925466,0.12267592788189693,0.02882235897808884,0.029733373527593688,0.007601026907354906,5.9939172749391725,5.151718075893244,3.9332298136645965,20.606872303572978,5.023904879659128,5.0899594612980925,0.7667782654752369,"[""TestPeriod_Constructors"", ""PeriodType"", ""Period"", ""DateTime""]","[0.041970802919708027, 0.031857031857031856, 0.027885360185902403, 0.02096273291925466]","[5.9939172749391725, 5.1313131313131315, 5.54841208365608, 3.9332298136645965]"
org.joda.time.TestPeriod_Constructors.testConstructor_RI_RI1,0.041970802919708027,0.030668981970474234,0.02096273291925466,0.12267592788189693,0.02882235897808884,0.029733373527593688,0.007601026907354906,5.9939172749391725,5.151718075893244,3.9332298136645965,20.606872303572978,5.023904879659128,5.0899594612980925,0.7667782654752369,"[""TestPeriod_Constructors"", ""PeriodType"", ""Period"", ""DateTime""]","[0.041970802919708027, 0.031857031857031856, 0.027885360185902403, 0.02096273291925466]","[5.9939172749391725, 5.1313131313131315, 5.54841208365608, 3.9332298136645965]"
org.joda.time.TestPeriod_Constructors.testConstructor_RI_RD2,0.041970802919708027,0.030668981970474234,0.02096273291925466,0.12267592788189693,0.02882235897808884,0.029733373527593688,0.007601026907354906,5.9939172749391725,5.151718075893244,3.9332298136645965,20.606872303572978,5.023904879659128,5.0899594612980925,0.7667782654752369,"[""TestPeriod_Constructors"", ""PeriodType"", ""Period"", ""DateTime""]","[0.041970802919708027, 0.031857031857031856, 0.027885360185902403, 0.02096273291925466]","[5.9939172749391725, 5.1313131313131315, 5.54841208365608, 3.9332298136645965]"
org.joda.time.TestPeriod_Constructors.testConstructor_RD_RI_PeriodType2,0.041970802919708027,0.030668981970474234,0.02096273291925466,0.12267592788189693,0.02882235897808884,0.029733373527593688,0.007601026907354906,5.9939172749391725,5.151718075893244,3.9332298136645965,20.606872303572978,5.023904879659128,5.0899594612980925,0.7667782654752369,"[""TestPeriod_Constructors"", ""PeriodType"", ""Period"", ""DateTime""]","[0.041970802919708027, 0.031857031857031856, 0.027885360185902403, 0.02096273291925466]","[5.9939172749391725, 5.1313131313131315, 5.54841208365608, 3.9332298136645965]"
org.joda.time.TestPeriod_Constructors.testConstructor_trickyDifferences_RI_RI_toFeb_endOfMonth2,0.041970802919708027,0.030668981970474234,0.02096273291925466,0.12267592788189693,0.02882235897808884,0.029733373527593688,0.007601026907354906,5.9939172749391725,5.151718075893244,3.9332298136645965,20.606872303572978,5.023904879659128,5.0899594612980925,0.7667782654752369,"[""TestPeriod_Constructors"", ""PeriodType"", ""Period"", ""DateTime""]","[0.041970802919708027, 0.031857031857031856, 0.027885360185902403, 0.02096273291925466]","[5.9939172749391725, 5.1313131313131315, 5.54841208365608, 3.9332298136645965]"
org.joda.time.TestPeriod_Constructors.testConstructor_RI_RI3,0.041970802919708027,0.030668981970474234,0.02096273291925466,0.12267592788189693,0.02882235897808884,0.029733373527593688,0.007601026907354906,5.9939172749391725,5.151718075893244,3.9332298136645965,20.606872303572978,5.023904879659128,5.0899594612980925,0.7667782654752369,"[""TestPeriod_Constructors"", ""PeriodType"", ""Period"", ""DateTime""]","[0.041970802919708027, 0.031857031857031856, 0.027885360185902403, 0.02096273291925466]","[5.9939172749391725, 5.1313131313131315, 5.54841208365608, 3.9332298136645965]"
org.joda.time.TestPeriod_Constructors.testConstructor_trickyDifferences_RI_RI_toFeb_exactMonths,0.041970802919708027,0.030668981970474234,0.02096273291925466,0.12267592788189693,0.02882235897808884,0.029733373527593688,0.007601026907354906,5.9939172749391725,5.151718075893244,3.9332298136645965,20.606872303572978,5.023904879659128,5.0899594612980925,0.7667782654752369,"[""TestPeriod_Constructors"", ""PeriodType"", ""Period"", ""DateTime""]","[0.041970802919708027, 0.031857031857031856, 0.027885360185902403, 0.02096273291925466]","[5.9939172749391725, 5.1313131313131315, 5.54841208365608, 3.9332298136645965]"
org.joda.time.TestPeriod_Constructors.testConstructor_long_long2,0.041970802919708027,0.030668981970474234,0.02096273291925466,0.12267592788189693,0.02882235897808884,0.029733373527593688,0.007601026907354906,5.9939172749391725,5.151718075893244,3.9332298136645965,20.606872303572978,5.023904879659128,5.0899594612980925,0.7667782654752369,"[""TestPeriod_Constructors"", ""PeriodType"", ""Period"", ""DateTime""]","[0.041970802919708027, 0.031857031857031856, 0.027885360185902403, 0.02096273291925466]","[5.9939172749391725, 5.1313131313131315, 5.54841208365608, 3.9332298136645965]"
org.joda.time.TestPeriod_Constructors.testConstructor_RI_RI4,0.041970802919708027,0.030668981970474234,0.02096273291925466,0.12267592788189693,0.02882235897808884,0.029733373527593688,0.007601026907354906,5.9939172749391725,5.151718075893244,3.9332298136645965,20.606872303572978,5.023904879659128,5.0899594612980925,0.7667782654752369,"[""TestPeriod_Constructors"", ""PeriodType"", ""Period"", ""DateTime""]","[0.041970802919708027, 0.031857031857031856, 0.027885360185902403, 0.02096273291925466]","[5.9939172749391725, 5.1313131313131315, 5.54841208365608, 3.9332298136645965]"
org.joda.time.TestPeriod_Constructors.testConstructor_RI_RI_PeriodType3,0.041970802919708027,0.030668981970474234,0.02096273291925466,0.12267592788189693,0.02882235897808884,0.029733373527593688,0.007601026907354906,5.9939172749391725,5.151718075893244,3.9332298136645965,20.606872303572978,5.023904879659128,5.0899594612980925,0.7667782654752369,"[""TestPeriod_Constructors"", ""PeriodType"", ""Period"", ""DateTime""]","[0.041970802919708027, 0.031857031857031856, 0.027885360185902403, 0.02096273291925466]","[5.9939172749391725, 5.1313131313131315, 5.54841208365608, 3.9332298136645965]"
org.joda.time.TestPeriod_Constructors.testConstructor_trickyDifferences_RI_RI_toFeb_standardYear,0.041970802919708027,0.030668981970474234,0.02096273291925466,0.12267592788189693,0.02882235897808884,0.029733373527593688,0.007601026907354906,5.9939172749391725,5.151718075893244,3.9332298136645965,20.606872303572978,5.023904879659128,5.0899594612980925,0.7667782654752369,"[""TestPeriod_Constructors"", ""PeriodType"", ""Period"", ""DateTime""]","[0.041970802919708027, 0.031857031857031856, 0.027885360185902403, 0.02096273291925466]","[5.9939172749391725, 5.1313131313131315, 5.54841208365608, 3.9332298136645965]"
org.joda.time.TestPeriod_Constructors.testConstructor_long_long_PeriodType_Chronology2,0.041970802919708027,0.030668981970474234,0.02096273291925466,0.12267592788189693,0.02882235897808884,0.029733373527593688,0.007601026907354906,5.9939172749391725,5.151718075893244,3.9332298136645965,20.606872303572978,5.023904879659128,5.0899594612980925,0.7667782654752369,"[""TestPeriod_Constructors"", ""PeriodType"", ""Period"", ""DateTime""]","[0.041970802919708027, 0.031857031857031856, 0.027885360185902403, 0.02096273291925466]","[5.9939172749391725, 5.1313131313131315, 5.54841208365608, 3.9332298136645965]"
org.joda.time.TestDays.testAddToLocalDate,0.0718562874251497,0.04076891262520005,0.023423423423423424,0.12230673787560015,0.032048209272067384,0.035697500361991624,0.02203126783607614,10.74251497005988,5.546003488518458,2.745945945945946,16.638010465555375,3.8721317770981054,4.529137081995308,3.6781809499220595,"[""Days"", ""TestDays"", ""LocalDate""]","[0.0718562874251497, 0.02702702702702703, 0.023423423423423424]","[10.74251497005988, 3.1495495495495494, 2.745945945945946]"
org.joda.time.TestMonths.testAddToLocalDate,0.0718562874251497,0.04076891262520005,0.023423423423423424,0.12230673787560015,0.032048209272067384,0.035697500361991624,0.02203126783607614,10.74251497005988,5.203661146176116,2.2414414414414416,15.610983438528347,3.2612666362609155,3.984427863949903,3.919723231957131,"[""Months"", ""TestMonths"", ""LocalDate""]","[0.0718562874251497, 0.02702702702702703, 0.023423423423423424]","[10.74251497005988, 2.627027027027027, 2.2414414414414416]"
org.joda.time.TestYearMonth_Basics.testToDateTime_nullRI,0.041970802919708027,0.030425663217446622,0.01644736842105263,0.12170265286978649,0.026816400401716036,0.028683629779449136,0.009655336304991439,6.592105263157895,4.61286653168587,1.5562330623306233,18.45146612674348,3.3524120418047314,4.034612289139513,1.9531962425201606,"[""YearMonth"", ""TestYearMonth_Basics"", ""DateTime$Property"", ""DateTime"", ""DateTimeUtils""]","[0.041970802919708027, 0.03618421052631579, 0.02710027100271003, 0.01644736842105263]","[5.9939172749391725, 6.592105263157895, 1.5562330623306233, 4.309210526315789]"
org.joda.time.TestLocalDateTime_Basics.testMinus_RP,0.061377245508982034,0.04054181485281431,0.028391167192429023,0.12162544455844292,0.03618593096234309,0.03814743283922281,0.014800662877932554,11.95808383233533,7.804772699765049,5.1313131313131315,23.414318099295148,6.871088165209679,7.294268441516048,2.976986176202531,"[""LocalDateTime"", ""Period"", ""TestLocalDateTime_Basics""]","[0.061377245508982034, 0.031857031857031856, 0.028391167192429023]","[11.95808383233533, 5.1313131313131315, 6.3249211356466875]"
org.joda.time.TestLocalDateTime_Basics.testPlus_RP,0.061377245508982034,0.04054181485281431,0.028391167192429023,0.12162544455844292,0.03618593096234309,0.03814743283922281,0.014800662877932554,11.95808383233533,7.804772699765049,5.1313131313131315,23.414318099295148,6.871088165209679,7.294268441516048,2.976986176202531,"[""LocalDateTime"", ""Period"", ""TestLocalDateTime_Basics""]","[0.061377245508982034, 0.031857031857031856, 0.028391167192429023]","[11.95808383233533, 5.1313131313131315, 6.3249211356466875]"
org.joda.time.TestLocalDate_Basics.testToDate_autumnDST,0.0718562874251497,0.03037272094606966,0.0026666666666666666,0.12149088378427864,0.0073348771055446495,0.01548757865531531,0.027775396300728773,10.74251497005988,4.5108771016593,0.04933333333333333,18.0435084066372,0.14500593547419469,0.8541041161667008,4.598649126450355,"[""TestLocalDate_Basics"", ""LocalDate"", ""TimeZone"", ""Date"", ""SimpleTimeZone""]","[0.0718562874251497, 0.039334341906202726, 0.007633587786259542, 0.0026666666666666666]","[10.74251497005988, 7.110438729198185, 0.14122137404580154, 0.04933333333333333]"
org.joda.time.TestLocalDate_Basics.testToDate_springDST,0.0718562874251497,0.03037272094606966,0.0026666666666666666,0.12149088378427864,0.0073348771055446495,0.01548757865531531,0.027775396300728773,10.74251497005988,4.5108771016593,0.04933333333333333,18.0435084066372,0.14500593547419469,0.8541041161667008,4.598649126450355,"[""TestLocalDate_Basics"", ""LocalDate"", ""TimeZone"", ""Date"", ""SimpleTimeZone""]","[0.0718562874251497, 0.039334341906202726, 0.007633587786259542, 0.0026666666666666666]","[10.74251497005988, 7.110438729198185, 0.14122137404580154, 0.04933333333333333]"
org.joda.time.TestLocalDate_Basics.testToDate_springDST_2Hour40Savings,0.0718562874251497,0.03037272094606966,0.0026666666666666666,0.12149088378427864,0.0073348771055446495,0.01548757865531531,0.027775396300728773,10.74251497005988,4.5108771016593,0.04933333333333333,18.0435084066372,0.14500593547419469,0.8541041161667008,4.598649126450355,"[""TestLocalDate_Basics"", ""LocalDate"", ""TimeZone"", ""Date"", ""SimpleTimeZone""]","[0.0718562874251497, 0.039334341906202726, 0.007633587786259542, 0.0026666666666666666]","[10.74251497005988, 7.110438729198185, 0.14122137404580154, 0.04933333333333333]"
org.joda.time.TestInterval_Constructors.testConstructor_RI_RP8,0.041970802919708027,0.03036237376420635,0.02372034956304619,0.1214494950568254,0.028732962150029493,0.02950691784490058,0.007464104960760778,5.9939172749391725,3.903961122556976,1.618601747815231,15.615844490227904,3.01267701627485,3.457931549822389,1.7437097982278598,"[""Interval"", ""TestInterval_Constructors"", ""Period"", ""DateTime""]","[0.041970802919708027, 0.031857031857031856, 0.023901310717039322, 0.02372034956304619]","[5.9939172749391725, 5.1313131313131315, 2.87201233616037, 1.618601747815231]"
org.joda.time.TestInterval_Constructors.testConstructor_RP_RI8,0.041970802919708027,0.03036237376420635,0.02372034956304619,0.1214494950568254,0.028732962150029493,0.02950691784490058,0.007464104960760778,5.9939172749391725,3.903961122556976,1.618601747815231,15.615844490227904,3.01267701627485,3.457931549822389,1.7437097982278598,"[""Interval"", ""TestInterval_Constructors"", ""Period"", ""DateTime""]","[0.041970802919708027, 0.031857031857031856, 0.023901310717039322, 0.02372034956304619]","[5.9939172749391725, 5.1313131313131315, 2.87201233616037, 1.618601747815231]"
org.joda.time.TestInstant_Basics.testEqualsHashCode,0.041970802919708027,0.024281872695574632,0.015206812652068127,0.12140936347787316,0.02146619114381154,0.022715141392740678,0.00953023087515432,5.9939172749391725,2.3396769580975567,0.7195863746958637,11.698384790487784,1.4053426726648812,1.7653181615813245,1.8980764153795842,"[""AbstractInstant"", ""Instant"", ""TestInstant_Basics$MockInstant"", ""ISOChronology"", ""DateTime"", ""TestInstant_Basics""]","[0.041970802919708027, 0.026155717761557177, 0.019464720194647202, 0.018611309949892626, 0.015206812652068127]","[5.9939172749391725, 1.9227493917274938, 1.0048661800486618, 2.0572655690765926, 0.7195863746958637]"
org.joda.time.TestDuration_Basics.testToPeriod,0.03832116788321168,0.030309562700073647,0.020757020757020756,0.12123825080029459,0.028847134526839097,0.029602185886999918,0.006281551931016271,5.1313131313131315,3.5365273615273614,1.6178266178266179,14.146109446109445,2.951334649076496,3.2620370679869697,1.2605561392405589,"[""TestDuration_Basics"", ""DateTimeZone"", ""Duration"", ""Period""]","[0.03832116788321168, 0.031857031857031856, 0.030303030303030304, 0.020757020757020756]","[3.5, 5.1313131313131315, 3.896969696969697, 1.6178266178266179]"
org.joda.time.TestDuration_Basics.testToPeriod_fixedZone,0.03832116788321168,0.030309562700073647,0.020757020757020756,0.12123825080029459,0.028847134526839097,0.029602185886999918,0.006281551931016271,5.1313131313131315,3.5365273615273614,1.6178266178266179,14.146109446109445,2.951334649076496,3.2620370679869697,1.2605561392405589,"[""TestDuration_Basics"", ""DateTimeZone"", ""Duration"", ""Period""]","[0.03832116788321168, 0.031857031857031856, 0.030303030303030304, 0.020757020757020756]","[3.5, 5.1313131313131315, 3.896969696969697, 1.6178266178266179]"
org.joda.time.TestWeeks.testAddToLocalDate,0.0718562874251497,0.04016831202459945,0.023423423423423424,0.12050493607379835,0.03116823808119345,0.034885910763048936,0.022418853095444058,10.74251497005988,5.493751236266206,2.67027027027027,16.48125370879862,3.7808256526510204,4.448302204988225,3.7149949305620726,"[""TestWeeks"", ""Weeks"", ""LocalDate""]","[0.0718562874251497, 0.025225225225225224, 0.023423423423423424]","[10.74251497005988, 3.0684684684684687, 2.67027027027027]"
org.joda.time.TestYears.testAddToLocalDate,0.0718562874251497,0.04016831202459945,0.023423423423423424,0.12050493607379835,0.03116823808119345,0.034885910763048936,0.022418853095444058,10.74251497005988,5.07813562065059,2.0504504504504504,15.23440686195177,3.0291406891113053,3.7745674130670244,4.008500430274795,"[""Years"", ""LocalDate"", ""TestYears""]","[0.0718562874251497, 0.025225225225225224, 0.023423423423423424]","[10.74251497005988, 2.4414414414414414, 2.0504504504504504]"
org.joda.time.TestLocalDate_Basics.testEqualsHashCodeLenient,0.0718562874251497,0.04011604616295386,0.009157509157509158,0.12034813848886158,0.0201966149092447,0.02958044308537936,0.025602636520775948,10.74251497005988,6.136373251808041,0.5561660561660562,18.409119755424122,1.4765592392728177,3.4892783452416793,4.21521282298446,"[""LenientChronology"", ""TestLocalDate_Basics"", ""LocalDate""]","[0.0718562874251497, 0.039334341906202726, 0.009157509157509158]","[10.74251497005988, 7.110438729198185, 0.5561660561660562]"
org.joda.time.TestPeriod_Constructors.testConstructor_RP_RP_PeriodType2,0.03952011291460833,0.03005630946919931,0.02096273291925466,0.12022523787679724,0.02851874423585377,0.029289496872945416,0.006712159340177488,5.54841208365608,4.53714842547179,3.5356386732533522,18.14859370188716,4.385042000150192,4.4607060597988815,0.8281644398166896,"[""YearMonthDay"", ""PeriodType"", ""Period"", ""TestPeriod_Constructors""]","[0.03952011291460833, 0.031857031857031856, 0.027885360185902403, 0.02096273291925466]","[3.5356386732533522, 5.1313131313131315, 5.54841208365608, 3.9332298136645965]"
org.joda.time.TestPeriod_Constructors.testConstructor_RP_RP_PeriodType1,0.03952011291460833,0.03005630946919931,0.02096273291925466,0.12022523787679724,0.02851874423585377,0.029289496872945416,0.006712159340177488,5.54841208365608,4.53714842547179,3.5356386732533522,18.14859370188716,4.385042000150192,4.4607060597988815,0.8281644398166896,"[""YearMonthDay"", ""PeriodType"", ""Period"", ""TestPeriod_Constructors""]","[0.03952011291460833, 0.031857031857031856, 0.027885360185902403, 0.02096273291925466]","[3.5356386732533522, 5.1313131313131315, 5.54841208365608, 3.9332298136645965]"
org.joda.time.TestPeriod_Constructors.testConstructor_RP_RP2,0.03952011291460833,0.03005630946919931,0.02096273291925466,0.12022523787679724,0.02851874423585377,0.029289496872945416,0.006712159340177488,5.54841208365608,4.53714842547179,3.5356386732533522,18.14859370188716,4.385042000150192,4.4607060597988815,0.8281644398166896,"[""YearMonthDay"", ""PeriodType"", ""Period"", ""TestPeriod_Constructors""]","[0.03952011291460833, 0.031857031857031856, 0.027885360185902403, 0.02096273291925466]","[3.5356386732533522, 5.1313131313131315, 5.54841208365608, 3.9332298136645965]"
org.joda.time.TestPeriod_Constructors.testConstructor_RP_RP1,0.03952011291460833,0.03005630946919931,0.02096273291925466,0.12022523787679724,0.02851874423585377,0.029289496872945416,0.006712159340177488,5.54841208365608,4.53714842547179,3.5356386732533522,18.14859370188716,4.385042000150192,4.4607060597988815,0.8281644398166896,"[""YearMonthDay"", ""PeriodType"", ""Period"", ""TestPeriod_Constructors""]","[0.03952011291460833, 0.031857031857031856, 0.027885360185902403, 0.02096273291925466]","[3.5356386732533522, 5.1313131313131315, 5.54841208365608, 3.9332298136645965]"
org.joda.time.TestPeriod_Constructors.testConstructor_RP_RP_PeriodType3,0.03952011291460833,0.03005630946919931,0.02096273291925466,0.12022523787679724,0.02851874423585377,0.029289496872945416,0.006712159340177488,5.54841208365608,4.53714842547179,3.5356386732533522,18.14859370188716,4.385042000150192,4.4607060597988815,0.8281644398166896,"[""YearMonthDay"", ""PeriodType"", ""Period"", ""TestPeriod_Constructors""]","[0.03952011291460833, 0.031857031857031856, 0.027885360185902403, 0.02096273291925466]","[3.5356386732533522, 5.1313131313131315, 5.54841208365608, 3.9332298136645965]"
org.joda.time.convert.TestStringConverter.testGetPartialValues,0.04654346338124572,0.024009209190287047,0.007662835249042145,0.12004604595143523,0.016848896629335926,0.02033327977609718,0.013084801194513253,4.317590691307323,1.6569324793989915,0.08812260536398467,8.284662396994957,0.3439921485082203,0.8880528602234357,1.5090987958306428,"[""TimeOfDay"", ""Arrays"", ""ISOChronology"", ""StringConverter"", ""TestStringConverter""]","[0.04654346338124572, 0.025602409638554216, 0.025030525030525032, 0.015206812652068127, 0.007662835249042145]","[4.317590691307323, 2.2710843373493974, 0.8882783882783882, 0.7195863746958637, 0.08812260536398467]"
org.joda.time.chrono.TestGJChronology.testMaximumValue,0.03952011291460833,0.029952910334380904,0.023114355231143552,0.11981164133752362,0.02844709853092638,0.029179609250366906,0.006880680759675992,4.0378181818181815,3.2219834351790757,2.403284671532847,12.887933740716303,3.100554300100738,3.161350749151986,0.6186325223594782,"[""YearMonthDay"", ""GJChronology"", ""DateMidnight"", ""TestGJChronology"", ""YearMonthDay$Property"", ""DateMidnight$Property""]","[0.03952011291460833, 0.03345454545454545, 0.023722627737226276, 0.023114355231143552]","[3.5356386732533522, 4.0378181818181815, 2.403284671532847, 2.911192214111922]"
org.joda.time.TestLocalDate_Basics.testEqualsHashCodeStrict,0.0718562874251497,0.039912545959453656,0.008547008547008548,0.11973763787836098,0.019188978637910532,0.028907925970826115,0.025849138450671282,10.74251497005988,6.1355592509940395,0.5537240537240538,18.40667775298212,1.4708189067675572,3.4841639687719512,4.2162904376532655,"[""StrictChronology"", ""TestLocalDate_Basics"", ""LocalDate""]","[0.0718562874251497, 0.039334341906202726, 0.008547008547008548]","[10.74251497005988, 7.110438729198185, 0.5537240537240538]"
org.joda.time.TestMutableDateTime_Sets.testSetTime_Object3,0.041970802919708027,0.023929122596112705,0.008017492711370262,0.11964561298056353,0.01703376990736248,0.020360596653280102,0.012647608893000149,5.9939172749391725,2.8956804492386903,0.17346938775510204,14.47840224619345,0.6997951887674974,1.7905111048839364,2.0076289662904894,"[""BaseChronology"", ""MockNullZoneChronology"", ""DateTime"", ""TestMutableDateTime_Sets"", ""MutableDateTime""]","[0.041970802919708027, 0.03527980535279805, 0.018032786885245903, 0.01634472511144131, 0.008017492711370262]","[5.9939172749391725, 4.203771289537713, 2.137704918032787, 1.9695393759286777, 0.17346938775510204]"
org.joda.time.TestDuration_Basics.testToPeriod_PeriodType_Chronology,0.031857031857031856,0.02381732569768114,0.015206812652068127,0.11908662848840569,0.02212091646753571,0.02296510826855873,0.006298513166227344,5.1313131313131315,3.059785126893981,0.7195863746958637,15.298925634469905,1.8426142432075137,2.467993180625342,1.6316118680602238,"[""Duration"", ""ISOChronology"", ""PeriodType"", ""TestDuration_Basics"", ""Period""]","[0.031857031857031856, 0.030303030303030304, 0.02096273291925466, 0.020757020757020756, 0.015206812652068127]","[5.1313131313131315, 3.896969696969697, 3.9332298136645965, 1.6178266178266179, 0.7195863746958637]"
org.joda.time.TestPeriod_Constructors.testConstructor_long_fixedZone,0.03832116788321168,0.029756573211350147,0.02096273291925466,0.11902629284540059,0.0283586783607941,0.029064780764609992,0.006296770475509358,5.54841208365608,4.528238757158452,3.5,18.11295502863381,4.371241203861031,4.44942251746571,0.8390117551947242,"[""PeriodType"", ""DateTimeZone"", ""Period"", ""TestPeriod_Constructors""]","[0.03832116788321168, 0.031857031857031856, 0.027885360185902403, 0.02096273291925466]","[3.5, 5.1313131313131315, 5.54841208365608, 3.9332298136645965]"
org.joda.time.TestLocalDate_Basics.testToDate_summer,0.0718562874251497,0.03960807237253732,0.007633587786259542,0.11882421711761197,0.017611861664095136,0.027839095612687263,0.02621952177930184,10.74251497005988,5.998058357767956,0.14122137404580154,17.994175073303868,0.4101269951919231,2.2095352419280228,4.398855839517038,"[""GregorianCalendar"", ""TestLocalDate_Basics"", ""LocalDate""]","[0.0718562874251497, 0.039334341906202726, 0.007633587786259542]","[10.74251497005988, 7.110438729198185, 0.14122137404580154]"
org.joda.time.TestLocalDate_Basics.testToDate_winter,0.0718562874251497,0.03960807237253732,0.007633587786259542,0.11882421711761197,0.017611861664095136,0.027839095612687263,0.02621952177930184,10.74251497005988,5.998058357767956,0.14122137404580154,17.994175073303868,0.4101269951919231,2.2095352419280228,4.398855839517038,"[""GregorianCalendar"", ""TestLocalDate_Basics"", ""LocalDate""]","[0.0718562874251497, 0.039334341906202726, 0.007633587786259542]","[10.74251497005988, 7.110438729198185, 0.14122137404580154]"
org.joda.time.TestMutableInterval_Constructors.testConstructor_Object_Chronology1,0.041970802919708027,0.02375490539654975,0.016423357664233577,0.11877452698274876,0.021157482072771454,0.022269031271871863,0.009450024350187885,5.9939172749391725,2.5020522907903535,1.1368613138686132,12.510261453951768,1.7688487732748073,2.044072257934802,1.8006411354906866,"[""Interval"", ""BuddhistChronology"", ""TestMutableInterval_Constructors"", ""MutableInterval"", ""DateTime""]","[0.041970802919708027, 0.02372034956304619, 0.019350811485642945, 0.01730920535011802, 0.016423357664233577]","[5.9939172749391725, 1.618601747815231, 1.3320848938826466, 2.4287962234461054, 1.1368613138686132]"
org.joda.time.TestDateTime_Basics.testToTimeOfDay,0.04654346338124572,0.03952623002205497,0.030064423765211165,0.11857869006616491,0.038180915664630104,0.03887045457159111,0.006946060713606621,5.9939172749391725,4.988827637520008,4.317590691307323,14.966482912560025,4.891806423083809,4.938819874261525,0.7239295169729638,"[""TestDateTime_Basics"", ""TimeOfDay"", ""DateTime""]","[0.04654346338124572, 0.041970802919708027, 0.030064423765211165]","[4.317590691307323, 5.9939172749391725, 4.654974946313529]"
org.joda.time.format.TestDateTimeFormatter.testPrint_appendableMethods,0.041970802919708027,0.029628400796284007,0.023114355231143552,0.11851360318513603,0.028171301582796078,0.028842378261081884,0.007286569923672824,5.9939172749391725,4.171575241465753,2.559610705596107,16.686300965863012,3.799681817082253,3.9841508728823722,1.2415753916484746,"[""TestDateTimeFormatter"", ""StringBuilder"", ""DateTimeFormatter"", ""ISODateTimeFormat"", ""DateTime""]","[0.041970802919708027, 0.02727272727272727, 0.026155717761557177, 0.023114355231143552]","[5.9939172749391725, 3.731313131313131, 2.559610705596107, 4.401459854014599]"
org.joda.time.format.TestDateTimeFormatter.testPrint_bufferMethods,0.041970802919708027,0.029628400796284007,0.023114355231143552,0.11851360318513603,0.028171301582796078,0.028842378261081884,0.007286569923672824,5.9939172749391725,4.171575241465753,2.559610705596107,16.686300965863012,3.799681817082253,3.9841508728823722,1.2415753916484746,"[""TestDateTimeFormatter"", ""DateTimeFormatter"", ""ISODateTimeFormat"", ""DateTime"", ""StringBuffer""]","[0.041970802919708027, 0.02727272727272727, 0.026155717761557177, 0.023114355231143552]","[5.9939172749391725, 3.731313131313131, 2.559610705596107, 4.401459854014599]"
org.joda.time.TestYearMonth_Basics.testToInterval_Zone,0.041970802919708027,0.02958068285753066,0.01644736842105263,0.11832273143012265,0.0259033224634938,0.027744121082260813,0.010049242598791043,6.592105263157895,4.628458703057023,1.618601747815231,18.51383481222809,3.423453819854905,4.074442083302119,1.9288301644968913,"[""DateTime"", ""Interval"", ""YearMonth"", ""TestYearMonth_Basics""]","[0.041970802919708027, 0.03618421052631579, 0.02372034956304619, 0.01644736842105263]","[5.9939172749391725, 6.592105263157895, 1.618601747815231, 4.309210526315789]"
org.joda.time.TestYearMonth_Basics.testToInterval_nullZone,0.041970802919708027,0.02958068285753066,0.01644736842105263,0.11832273143012265,0.0259033224634938,0.027744121082260813,0.010049242598791043,6.592105263157895,4.628458703057023,1.618601747815231,18.51383481222809,3.423453819854905,4.074442083302119,1.9288301644968913,"[""DateTime"", ""Interval"", ""YearMonth"", ""TestYearMonth_Basics""]","[0.041970802919708027, 0.03618421052631579, 0.02372034956304619, 0.01644736842105263]","[5.9939172749391725, 6.592105263157895, 1.618601747815231, 4.309210526315789]"
org.joda.time.TestYearMonth_Basics.testToInterval,0.041970802919708027,0.02958068285753066,0.01644736842105263,0.11832273143012265,0.0259033224634938,0.027744121082260813,0.010049242598791043,6.592105263157895,4.628458703057023,1.618601747815231,18.51383481222809,3.423453819854905,4.074442083302119,1.9288301644968913,"[""DateTime"", ""Interval"", ""YearMonth"", ""TestYearMonth_Basics""]","[0.041970802919708027, 0.03618421052631579, 0.02372034956304619, 0.01644736842105263]","[5.9939172749391725, 6.592105263157895, 1.618601747815231, 4.309210526315789]"
org.joda.time.TestDateMidnight_Basics.testProperty,0.03345454545454545,0.019716494277682992,0.010378510378510378,0.11829896566609795,0.016967259497734626,0.018261284243883603,0.007830052732674604,4.0378181818181815,2.2566864010800027,0.778998778998779,13.540118406480017,1.6097034531028513,1.9099021581539024,1.2452040106591276,"[""TestDateMidnight_Basics"", ""UnsupportedDateTimeField"", ""UnsupportedDurationField"", ""DateTimeFieldType"", ""DateMidnight"", ""DurationFieldType"", ""TestDateMidnight_Basics$1""]","[0.03345454545454545, 0.026200873362445413, 0.017691659646166806, 0.017094017094017096, 0.013479359730412805, 0.010378510378510378]","[4.0378181818181815, 3.7743813682678313, 2.2350463352990735, 1.467032967032967, 1.2468407750631845, 0.778998778998779]"
org.joda.time.TestLocalDate_Properties.testPropertyEquals,0.0718562874251497,0.03941272736562188,0.02298095863427446,0.11823818209686565,0.02995079512229908,0.03380819996896507,0.022941702018477676,10.74251497005988,5.137960542582181,0.8850952068286277,15.413881627746541,2.017454882017284,3.3019404336583262,4.136220388039468,"[""TestLocalDate_Properties"", ""CopticChronology"", ""LocalDate$Property"", ""LocalDate""]","[0.0718562874251497, 0.0234009360374415, 0.02298095863427446]","[10.74251497005988, 3.786271450858034, 0.8850952068286277]"
org.joda.time.convert.TestReadableIntervalConverter.testSetIntoInterval_Object1,0.02372034956304619,0.019683946902961044,0.013741411617738912,0.11810368141776627,0.018945322058642907,0.019326088823451125,0.003607203633320095,1.618601747815231,1.021948330757728,0.37414116177389134,6.131689984546368,0.8191368640695885,0.9276206104185641,0.39999106549560104,"[""ReadableIntervalConverter"", ""Interval"", ""BuddhistChronology"", ""TestReadableIntervalConverter"", ""MutableInterval"", ""CopticChronology""]","[0.02372034956304619, 0.02298095863427446, 0.02188679245283019, 0.019350811485642945, 0.016423357664233577, 0.013741411617738912]","[1.618601747815231, 0.8850952068286277, 0.7849056603773585, 1.3320848938826466, 1.1368613138686132, 0.37414116177389134]"
org.joda.time.TestMutableInterval_Constructors.testConstructor_Object_Chronology2,0.041970802919708027,0.02351159639411666,0.015206812652068127,0.1175579819705833,0.02073018955646824,0.021928886212877224,0.00964921864359414,5.9939172749391725,2.4185973029558037,0.7195863746958637,12.09298651477902,1.49845520980221,1.8653972521758124,1.8703024973358537,"[""Interval"", ""TestMutableInterval_Constructors"", ""MutableInterval"", ""ISOChronology"", ""DateTime""]","[0.041970802919708027, 0.02372034956304619, 0.019350811485642945, 0.01730920535011802, 0.015206812652068127]","[5.9939172749391725, 1.618601747815231, 1.3320848938826466, 2.4287962234461054, 0.7195863746958637]"
org.joda.time.TestMonthDay_Basics.testPlus_RP,0.044534412955465584,0.02927657511310988,0.016423357664233577,0.11710630045243953,0.025657415974570146,0.027428643033045673,0.010362390716972777,7.753036437246964,4.924331060688149,1.1368613138686132,19.697324242752597,2.8992749752632863,4.00280766566955,2.3955437479856108,"[""MonthDay"", ""BuddhistChronology"", ""TestMonthDay_Basics"", ""Period""]","[0.044534412955465584, 0.031857031857031856, 0.024291497975708502, 0.016423357664233577]","[7.753036437246964, 5.1313131313131315, 5.676113360323886, 1.1368613138686132]"
org.joda.time.TestMonthDay_Basics.testMinus_RP,0.044534412955465584,0.02927657511310988,0.016423357664233577,0.11710630045243953,0.025657415974570146,0.027428643033045673,0.010362390716972777,7.753036437246964,4.924331060688149,1.1368613138686132,19.697324242752597,2.8992749752632863,4.00280766566955,2.3955437479856108,"[""MonthDay"", ""BuddhistChronology"", ""TestMonthDay_Basics"", ""Period""]","[0.044534412955465584, 0.031857031857031856, 0.024291497975708502, 0.016423357664233577]","[7.753036437246964, 5.1313131313131315, 5.676113360323886, 1.1368613138686132]"
org.joda.time.TestLocalTime_Properties.testPropertyCompareToMinute,0.05547226386806597,0.038997312989408374,0.019548872180451128,0.11699193896822513,0.03225565049721266,0.035703842515726926,0.014815616746294969,8.113943028485757,6.447983509662946,5.23609022556391,19.343950528988838,6.236194126378892,6.338452986136342,1.2179603983596106,"[""LocalTime$Property"", ""DateTime"", ""LocalTime"", ""TestLocalTime_Properties""]","[0.05547226386806597, 0.041970802919708027, 0.019548872180451128]","[8.113943028485757, 5.9939172749391725, 5.23609022556391]"
org.joda.time.TestLocalTime_Properties.testPropertyCompareToSecond,0.05547226386806597,0.038997312989408374,0.019548872180451128,0.11699193896822513,0.03225565049721266,0.035703842515726926,0.014815616746294969,8.113943028485757,6.447983509662946,5.23609022556391,19.343950528988838,6.236194126378892,6.338452986136342,1.2179603983596106,"[""LocalTime$Property"", ""DateTime"", ""LocalTime"", ""TestLocalTime_Properties""]","[0.05547226386806597, 0.041970802919708027, 0.019548872180451128]","[8.113943028485757, 5.9939172749391725, 5.23609022556391]"
org.joda.time.TestLocalTime_Properties.testPropertyCompareToMilli,0.05547226386806597,0.038997312989408374,0.019548872180451128,0.11699193896822513,0.03225565049721266,0.035703842515726926,0.014815616746294969,8.113943028485757,6.447983509662946,5.23609022556391,19.343950528988838,6.236194126378892,6.338452986136342,1.2179603983596106,"[""LocalTime$Property"", ""DateTime"", ""LocalTime"", ""TestLocalTime_Properties""]","[0.05547226386806597, 0.041970802919708027, 0.019548872180451128]","[8.113943028485757, 5.9939172749391725, 5.23609022556391]"
org.joda.time.TestLocalTime_Properties.testPropertyCompareToHour,0.05547226386806597,0.038997312989408374,0.019548872180451128,0.11699193896822513,0.03225565049721266,0.035703842515726926,0.014815616746294969,8.113943028485757,6.447983509662946,5.23609022556391,19.343950528988838,6.236194126378892,6.338452986136342,1.2179603983596106,"[""LocalTime$Property"", ""DateTime"", ""LocalTime"", ""TestLocalTime_Properties""]","[0.05547226386806597, 0.041970802919708027, 0.019548872180451128]","[8.113943028485757, 5.9939172749391725, 5.23609022556391]"
org.joda.time.TestMutableInterval_Constructors.testConstructor_RI_RI9,0.041970802919708027,0.023390397527736133,0.015206812652068127,0.11695198763868066,0.020635627557640684,0.02181567794831703,0.009649641226381282,5.9939172749391725,2.677115396215142,0.7195863746958637,13.38557698107571,1.632677360908002,2.0977682494169603,1.8307733881200954,"[""GJChronology"", ""TestMutableInterval_Constructors"", ""MutableInterval"", ""ISOChronology"", ""DateTime""]","[0.041970802919708027, 0.023114355231143552, 0.019350811485642945, 0.01730920535011802, 0.015206812652068127]","[5.9939172749391725, 2.911192214111922, 1.3320848938826466, 2.4287962234461054, 0.7195863746958637]"
org.joda.time.format.TestDateTimeFormat.testFormat_dayOfYearText,0.041970802919708027,0.029197080291970802,0.022506082725060828,0.11678832116788321,0.027638885531976597,0.028352745415080035,0.007523915375214708,5.9939172749391725,3.822840632603406,2.559610705596107,15.291362530413624,3.4425518231031185,3.6163345498514827,1.3346342530417756,"[""TestDateTimeFormat"", ""DateTimeFormatter"", ""DateTimeFormat"", ""DateTime""]","[0.041970802919708027, 0.026155717761557177, 0.026155717761557177, 0.022506082725060828]","[5.9939172749391725, 2.559610705596107, 2.9197080291970803, 3.818126520681265]"
org.joda.time.format.TestDateTimeFormat.testFormat_monthOfYearText,0.041970802919708027,0.029197080291970802,0.022506082725060828,0.11678832116788321,0.027638885531976597,0.028352745415080035,0.007523915375214708,5.9939172749391725,3.822840632603406,2.559610705596107,15.291362530413624,3.4425518231031185,3.6163345498514827,1.3346342530417756,"[""TestDateTimeFormat"", ""DateTimeFormatter"", ""DateTimeFormat"", ""DateTime""]","[0.041970802919708027, 0.026155717761557177, 0.026155717761557177, 0.022506082725060828]","[5.9939172749391725, 2.559610705596107, 2.9197080291970803, 3.818126520681265]"
org.joda.time.format.TestDateTimeFormat.testFormat_shortBasicParse,0.041970802919708027,0.029197080291970802,0.022506082725060828,0.11678832116788321,0.027638885531976597,0.028352745415080035,0.007523915375214708,5.9939172749391725,3.822840632603406,2.559610705596107,15.291362530413624,3.4425518231031185,3.6163345498514827,1.3346342530417756,"[""TestDateTimeFormat"", ""DateTimeFormatter"", ""DateTimeFormat"", ""DateTime""]","[0.041970802919708027, 0.026155717761557177, 0.026155717761557177, 0.022506082725060828]","[5.9939172749391725, 2.559610705596107, 2.9197080291970803, 3.818126520681265]"
org.joda.time.format.TestDateTimeFormat.testFormat_era,0.041970802919708027,0.029197080291970802,0.022506082725060828,0.11678832116788321,0.027638885531976597,0.028352745415080035,0.007523915375214708,5.9939172749391725,3.822840632603406,2.559610705596107,15.291362530413624,3.4425518231031185,3.6163345498514827,1.3346342530417756,"[""TestDateTimeFormat"", ""DateTimeFormatter"", ""DateTimeFormat"", ""DateTime""]","[0.041970802919708027, 0.026155717761557177, 0.026155717761557177, 0.022506082725060828]","[5.9939172749391725, 2.559610705596107, 2.9197080291970803, 3.818126520681265]"
org.joda.time.format.TestDateTimeFormat.testFormat_yearOfEra_twoDigit,0.041970802919708027,0.029197080291970802,0.022506082725060828,0.11678832116788321,0.027638885531976597,0.028352745415080035,0.007523915375214708,5.9939172749391725,3.822840632603406,2.559610705596107,15.291362530413624,3.4425518231031185,3.6163345498514827,1.3346342530417756,"[""TestDateTimeFormat"", ""DateTimeFormatter"", ""DateTimeFormat"", ""DateTime"", ""Integer""]","[0.041970802919708027, 0.026155717761557177, 0.026155717761557177, 0.022506082725060828]","[5.9939172749391725, 2.559610705596107, 2.9197080291970803, 3.818126520681265]"
org.joda.time.format.TestDateTimeFormat.testFormat_centuryOfEra,0.041970802919708027,0.029197080291970802,0.022506082725060828,0.11678832116788321,0.027638885531976597,0.028352745415080035,0.007523915375214708,5.9939172749391725,3.822840632603406,2.559610705596107,15.291362530413624,3.4425518231031185,3.6163345498514827,1.3346342530417756,"[""TestDateTimeFormat"", ""DateTimeFormatter"", ""DateTimeFormat"", ""DateTime""]","[0.041970802919708027, 0.026155717761557177, 0.026155717761557177, 0.022506082725060828]","[5.9939172749391725, 2.559610705596107, 2.9197080291970803, 3.818126520681265]"
org.joda.time.format.TestDateTimeFormat.testFormat_zoneAmountID,0.041970802919708027,0.029197080291970802,0.022506082725060828,0.11678832116788321,0.027638885531976597,0.028352745415080035,0.007523915375214708,5.9939172749391725,3.822840632603406,2.559610705596107,15.291362530413624,3.4425518231031185,3.6163345498514827,1.3346342530417756,"[""TestDateTimeFormat"", ""DateTimeFormatter"", ""DateTimeFormat"", ""DateTime""]","[0.041970802919708027, 0.026155717761557177, 0.026155717761557177, 0.022506082725060828]","[5.9939172749391725, 2.559610705596107, 2.9197080291970803, 3.818126520681265]"
org.joda.time.format.TestDateTimeFormat.testParse_pivotYear,0.041970802919708027,0.029197080291970802,0.022506082725060828,0.11678832116788321,0.027638885531976597,0.028352745415080035,0.007523915375214708,5.9939172749391725,3.822840632603406,2.559610705596107,15.291362530413624,3.4425518231031185,3.6163345498514827,1.3346342530417756,"[""DateTime"", ""DateTimeFormatter"", ""DateTimeFormat"", ""TestDateTimeFormat""]","[0.041970802919708027, 0.026155717761557177, 0.026155717761557177, 0.022506082725060828]","[5.9939172749391725, 2.559610705596107, 2.9197080291970803, 3.818126520681265]"
org.joda.time.format.TestDateTimeFormat.testFormat_yearOfEra,0.041970802919708027,0.029197080291970802,0.022506082725060828,0.11678832116788321,0.027638885531976597,0.028352745415080035,0.007523915375214708,5.9939172749391725,3.822840632603406,2.559610705596107,15.291362530413624,3.4425518231031185,3.6163345498514827,1.3346342530417756,"[""TestDateTimeFormat"", ""DateTimeFormatter"", ""DateTimeFormat"", ""DateTime""]","[0.041970802919708027, 0.026155717761557177, 0.026155717761557177, 0.022506082725060828]","[5.9939172749391725, 2.559610705596107, 2.9197080291970803, 3.818126520681265]"
org.joda.time.format.TestDateTimeFormat.testFormat_dayOfWeek,0.041970802919708027,0.029197080291970802,0.022506082725060828,0.11678832116788321,0.027638885531976597,0.028352745415080035,0.007523915375214708,5.9939172749391725,3.822840632603406,2.559610705596107,15.291362530413624,3.4425518231031185,3.6163345498514827,1.3346342530417756,"[""TestDateTimeFormat"", ""DateTimeFormatter"", ""DateTimeFormat"", ""DateTime""]","[0.041970802919708027, 0.026155717761557177, 0.026155717761557177, 0.022506082725060828]","[5.9939172749391725, 2.559610705596107, 2.9197080291970803, 3.818126520681265]"
org.joda.time.format.TestDateTimeFormat.testFormat_dayOfMonth,0.041970802919708027,0.029197080291970802,0.022506082725060828,0.11678832116788321,0.027638885531976597,0.028352745415080035,0.007523915375214708,5.9939172749391725,3.822840632603406,2.559610705596107,15.291362530413624,3.4425518231031185,3.6163345498514827,1.3346342530417756,"[""TestDateTimeFormat"", ""DateTimeFormatter"", ""DateTimeFormat"", ""DateTime""]","[0.041970802919708027, 0.026155717761557177, 0.026155717761557177, 0.022506082725060828]","[5.9939172749391725, 2.559610705596107, 2.9197080291970803, 3.818126520681265]"
org.joda.time.format.TestDateTimeFormat.testFormat_zoneAmount,0.041970802919708027,0.029197080291970802,0.022506082725060828,0.11678832116788321,0.027638885531976597,0.028352745415080035,0.007523915375214708,5.9939172749391725,3.822840632603406,2.559610705596107,15.291362530413624,3.4425518231031185,3.6163345498514827,1.3346342530417756,"[""TestDateTimeFormat"", ""DateTimeFormatter"", ""DateTimeFormat"", ""DateTime""]","[0.041970802919708027, 0.026155717761557177, 0.026155717761557177, 0.022506082725060828]","[5.9939172749391725, 2.559610705596107, 2.9197080291970803, 3.818126520681265]"
org.joda.time.format.TestDateTimeFormat.testFormat_clockhourOfHalfday,0.041970802919708027,0.029197080291970802,0.022506082725060828,0.11678832116788321,0.027638885531976597,0.028352745415080035,0.007523915375214708,5.9939172749391725,3.822840632603406,2.559610705596107,15.291362530413624,3.4425518231031185,3.6163345498514827,1.3346342530417756,"[""TestDateTimeFormat"", ""DateTimeFormatter"", ""DateTimeFormat"", ""DateTime""]","[0.041970802919708027, 0.026155717761557177, 0.026155717761557177, 0.022506082725060828]","[5.9939172749391725, 2.559610705596107, 2.9197080291970803, 3.818126520681265]"
org.joda.time.format.TestDateTimeFormat.testFormatParse_textMonthJanShort_UK,0.041970802919708027,0.029197080291970802,0.022506082725060828,0.11678832116788321,0.027638885531976597,0.028352745415080035,0.007523915375214708,5.9939172749391725,3.822840632603406,2.559610705596107,15.291362530413624,3.4425518231031185,3.6163345498514827,1.3346342530417756,"[""TestDateTimeFormat"", ""DateTime"", ""DateTimeFormatter"", ""DateTimeFormat""]","[0.041970802919708027, 0.026155717761557177, 0.026155717761557177, 0.022506082725060828]","[5.9939172749391725, 2.559610705596107, 2.9197080291970803, 3.818126520681265]"
org.joda.time.format.TestDateTimeFormat.testFormatParse_zoneId_colon_parseZ,0.041970802919708027,0.029197080291970802,0.022506082725060828,0.11678832116788321,0.027638885531976597,0.028352745415080035,0.007523915375214708,5.9939172749391725,3.822840632603406,2.559610705596107,15.291362530413624,3.4425518231031185,3.6163345498514827,1.3346342530417756,"[""DateTime"", ""DateTimeFormatter"", ""DateTimeFormat"", ""TestDateTimeFormat""]","[0.041970802919708027, 0.026155717761557177, 0.026155717761557177, 0.022506082725060828]","[5.9939172749391725, 2.559610705596107, 2.9197080291970803, 3.818126520681265]"
org.joda.time.format.TestDateTimeFormat.testFormat_second,0.041970802919708027,0.029197080291970802,0.022506082725060828,0.11678832116788321,0.027638885531976597,0.028352745415080035,0.007523915375214708,5.9939172749391725,3.822840632603406,2.559610705596107,15.291362530413624,3.4425518231031185,3.6163345498514827,1.3346342530417756,"[""TestDateTimeFormat"", ""DateTimeFormatter"", ""DateTimeFormat"", ""DateTime""]","[0.041970802919708027, 0.026155717761557177, 0.026155717761557177, 0.022506082725060828]","[5.9939172749391725, 2.559610705596107, 2.9197080291970803, 3.818126520681265]"
org.joda.time.format.TestDateTimeFormat.testFormatParse_textMonthJanShort_France,0.041970802919708027,0.029197080291970802,0.022506082725060828,0.11678832116788321,0.027638885531976597,0.028352745415080035,0.007523915375214708,5.9939172749391725,3.822840632603406,2.559610705596107,15.291362530413624,3.4425518231031185,3.6163345498514827,1.3346342530417756,"[""TestDateTimeFormat"", ""DateTime"", ""DateTimeFormatter"", ""DateTimeFormat""]","[0.041970802919708027, 0.026155717761557177, 0.026155717761557177, 0.022506082725060828]","[5.9939172749391725, 2.559610705596107, 2.9197080291970803, 3.818126520681265]"
org.joda.time.format.TestDateTimeFormat.testFormat_year,0.041970802919708027,0.029197080291970802,0.022506082725060828,0.11678832116788321,0.027638885531976597,0.028352745415080035,0.007523915375214708,5.9939172749391725,3.822840632603406,2.559610705596107,15.291362530413624,3.4425518231031185,3.6163345498514827,1.3346342530417756,"[""TestDateTimeFormat"", ""DateTimeFormatter"", ""DateTimeFormat"", ""DateTime""]","[0.041970802919708027, 0.026155717761557177, 0.026155717761557177, 0.022506082725060828]","[5.9939172749391725, 2.559610705596107, 2.9197080291970803, 3.818126520681265]"
org.joda.time.format.TestDateTimeFormat.testFormat_weekyear,0.041970802919708027,0.029197080291970802,0.022506082725060828,0.11678832116788321,0.027638885531976597,0.028352745415080035,0.007523915375214708,5.9939172749391725,3.822840632603406,2.559610705596107,15.291362530413624,3.4425518231031185,3.6163345498514827,1.3346342530417756,"[""TestDateTimeFormat"", ""DateTimeFormatter"", ""DateTimeFormat"", ""DateTime""]","[0.041970802919708027, 0.026155717761557177, 0.026155717761557177, 0.022506082725060828]","[5.9939172749391725, 2.559610705596107, 2.9197080291970803, 3.818126520681265]"
org.joda.time.format.TestDateTimeFormat.testFormat_dayOfWeekText,0.041970802919708027,0.029197080291970802,0.022506082725060828,0.11678832116788321,0.027638885531976597,0.028352745415080035,0.007523915375214708,5.9939172749391725,3.822840632603406,2.559610705596107,15.291362530413624,3.4425518231031185,3.6163345498514827,1.3346342530417756,"[""TestDateTimeFormat"", ""DateTimeFormatter"", ""DateTimeFormat"", ""DateTime""]","[0.041970802919708027, 0.026155717761557177, 0.026155717761557177, 0.022506082725060828]","[5.9939172749391725, 2.559610705596107, 2.9197080291970803, 3.818126520681265]"
org.joda.time.format.TestDateTimeFormat.testFormat_monthOfYearShortText,0.041970802919708027,0.029197080291970802,0.022506082725060828,0.11678832116788321,0.027638885531976597,0.028352745415080035,0.007523915375214708,5.9939172749391725,3.822840632603406,2.559610705596107,15.291362530413624,3.4425518231031185,3.6163345498514827,1.3346342530417756,"[""TestDateTimeFormat"", ""DateTimeFormatter"", ""DateTimeFormat"", ""DateTime""]","[0.041970802919708027, 0.026155717761557177, 0.026155717761557177, 0.022506082725060828]","[5.9939172749391725, 2.559610705596107, 2.9197080291970803, 3.818126520681265]"
org.joda.time.format.TestDateTimeFormat.testFormatParse_textMonthJanShortUpperCase_UK,0.041970802919708027,0.029197080291970802,0.022506082725060828,0.11678832116788321,0.027638885531976597,0.028352745415080035,0.007523915375214708,5.9939172749391725,3.822840632603406,2.559610705596107,15.291362530413624,3.4425518231031185,3.6163345498514827,1.3346342530417756,"[""DateTime"", ""TestDateTimeFormat"", ""DateTimeFormatter"", ""DateTimeFormat""]","[0.041970802919708027, 0.026155717761557177, 0.026155717761557177, 0.022506082725060828]","[5.9939172749391725, 2.559610705596107, 2.9197080291970803, 3.818126520681265]"
org.joda.time.format.TestDateTimeFormat.testFormat_other,0.041970802919708027,0.029197080291970802,0.022506082725060828,0.11678832116788321,0.027638885531976597,0.028352745415080035,0.007523915375214708,5.9939172749391725,3.822840632603406,2.559610705596107,15.291362530413624,3.4425518231031185,3.6163345498514827,1.3346342530417756,"[""TestDateTimeFormat"", ""DateTimeFormatter"", ""DateTimeFormat"", ""DateTime""]","[0.041970802919708027, 0.026155717761557177, 0.026155717761557177, 0.022506082725060828]","[5.9939172749391725, 2.559610705596107, 2.9197080291970803, 3.818126520681265]"
org.joda.time.format.TestDateTimeFormat.testFormat_clockhourOfDay,0.041970802919708027,0.029197080291970802,0.022506082725060828,0.11678832116788321,0.027638885531976597,0.028352745415080035,0.007523915375214708,5.9939172749391725,3.822840632603406,2.559610705596107,15.291362530413624,3.4425518231031185,3.6163345498514827,1.3346342530417756,"[""TestDateTimeFormat"", ""DateTimeFormatter"", ""DateTimeFormat"", ""DateTime""]","[0.041970802919708027, 0.026155717761557177, 0.026155717761557177, 0.022506082725060828]","[5.9939172749391725, 2.559610705596107, 2.9197080291970803, 3.818126520681265]"
org.joda.time.format.TestDateTimeFormat.testFormatParse_zoneId_noColon_parseZ,0.041970802919708027,0.029197080291970802,0.022506082725060828,0.11678832116788321,0.027638885531976597,0.028352745415080035,0.007523915375214708,5.9939172749391725,3.822840632603406,2.559610705596107,15.291362530413624,3.4425518231031185,3.6163345498514827,1.3346342530417756,"[""DateTime"", ""DateTimeFormatter"", ""DateTimeFormat"", ""TestDateTimeFormat""]","[0.041970802919708027, 0.026155717761557177, 0.026155717761557177, 0.022506082725060828]","[5.9939172749391725, 2.559610705596107, 2.9197080291970803, 3.818126520681265]"
org.joda.time.format.TestDateTimeFormat.testFormat_year_long,0.041970802919708027,0.029197080291970802,0.022506082725060828,0.11678832116788321,0.027638885531976597,0.028352745415080035,0.007523915375214708,5.9939172749391725,3.822840632603406,2.559610705596107,15.291362530413624,3.4425518231031185,3.6163345498514827,1.3346342530417756,"[""TestDateTimeFormat"", ""DateTimeFormatter"", ""DateTimeFormat"", ""DateTime""]","[0.041970802919708027, 0.026155717761557177, 0.026155717761557177, 0.022506082725060828]","[5.9939172749391725, 2.559610705596107, 2.9197080291970803, 3.818126520681265]"
org.joda.time.format.TestDateTimeFormat.testFormatParse_zoneId_colon,0.041970802919708027,0.029197080291970802,0.022506082725060828,0.11678832116788321,0.027638885531976597,0.028352745415080035,0.007523915375214708,5.9939172749391725,3.822840632603406,2.559610705596107,15.291362530413624,3.4425518231031185,3.6163345498514827,1.3346342530417756,"[""DateTime"", ""DateTimeFormatter"", ""DateTimeFormat"", ""TestDateTimeFormat""]","[0.041970802919708027, 0.026155717761557177, 0.026155717761557177, 0.022506082725060828]","[5.9939172749391725, 2.559610705596107, 2.9197080291970803, 3.818126520681265]"
org.joda.time.format.TestDateTimeFormat.testFormatParse_textMonthApr_Korean,0.041970802919708027,0.029197080291970802,0.022506082725060828,0.11678832116788321,0.027638885531976597,0.028352745415080035,0.007523915375214708,5.9939172749391725,3.822840632603406,2.559610705596107,15.291362530413624,3.4425518231031185,3.6163345498514827,1.3346342530417756,"[""DateTime"", ""DateTimeFormatter"", ""DateTimeFormat"", ""TestDateTimeFormat""]","[0.041970802919708027, 0.026155717761557177, 0.026155717761557177, 0.022506082725060828]","[5.9939172749391725, 2.559610705596107, 2.9197080291970803, 3.818126520681265]"
org.joda.time.format.TestDateTimeFormat.testFormat_halfdayOfDay,0.041970802919708027,0.029197080291970802,0.022506082725060828,0.11678832116788321,0.027638885531976597,0.028352745415080035,0.007523915375214708,5.9939172749391725,3.822840632603406,2.559610705596107,15.291362530413624,3.4425518231031185,3.6163345498514827,1.3346342530417756,"[""TestDateTimeFormat"", ""DateTimeFormatter"", ""DateTimeFormat"", ""DateTime""]","[0.041970802919708027, 0.026155717761557177, 0.026155717761557177, 0.022506082725060828]","[5.9939172749391725, 2.559610705596107, 2.9197080291970803, 3.818126520681265]"
org.joda.time.format.TestDateTimeFormat.testFormat_monthOfYear,0.041970802919708027,0.029197080291970802,0.022506082725060828,0.11678832116788321,0.027638885531976597,0.028352745415080035,0.007523915375214708,5.9939172749391725,3.822840632603406,2.559610705596107,15.291362530413624,3.4425518231031185,3.6163345498514827,1.3346342530417756,"[""TestDateTimeFormat"", ""DateTimeFormatter"", ""DateTimeFormat"", ""DateTime""]","[0.041970802919708027, 0.026155717761557177, 0.026155717761557177, 0.022506082725060828]","[5.9939172749391725, 2.559610705596107, 2.9197080291970803, 3.818126520681265]"
org.joda.time.format.TestDateTimeFormat.testFormat_fractionOfSecondLong,0.041970802919708027,0.029197080291970802,0.022506082725060828,0.11678832116788321,0.027638885531976597,0.028352745415080035,0.007523915375214708,5.9939172749391725,3.822840632603406,2.559610705596107,15.291362530413624,3.4425518231031185,3.6163345498514827,1.3346342530417756,"[""TestDateTimeFormat"", ""DateTimeFormatter"", ""DateTimeFormat"", ""DateTime""]","[0.041970802919708027, 0.026155717761557177, 0.026155717761557177, 0.022506082725060828]","[5.9939172749391725, 2.559610705596107, 2.9197080291970803, 3.818126520681265]"
org.joda.time.format.TestDateTimeFormat.testFormat_dayOfWeekShortText,0.041970802919708027,0.029197080291970802,0.022506082725060828,0.11678832116788321,0.027638885531976597,0.028352745415080035,0.007523915375214708,5.9939172749391725,3.822840632603406,2.559610705596107,15.291362530413624,3.4425518231031185,3.6163345498514827,1.3346342530417756,"[""TestDateTimeFormat"", ""DateTimeFormatter"", ""DateTimeFormat"", ""DateTime""]","[0.041970802919708027, 0.026155717761557177, 0.026155717761557177, 0.022506082725060828]","[5.9939172749391725, 2.559610705596107, 2.9197080291970803, 3.818126520681265]"
org.joda.time.format.TestDateTimeFormat.testFormat_zoneAmountColon,0.041970802919708027,0.029197080291970802,0.022506082725060828,0.11678832116788321,0.027638885531976597,0.028352745415080035,0.007523915375214708,5.9939172749391725,3.822840632603406,2.559610705596107,15.291362530413624,3.4425518231031185,3.6163345498514827,1.3346342530417756,"[""TestDateTimeFormat"", ""DateTimeFormatter"", ""DateTimeFormat"", ""DateTime""]","[0.041970802919708027, 0.026155717761557177, 0.026155717761557177, 0.022506082725060828]","[5.9939172749391725, 2.559610705596107, 2.9197080291970803, 3.818126520681265]"
org.joda.time.format.TestDateTimeFormat.testFormat_hourOfHalfday,0.041970802919708027,0.029197080291970802,0.022506082725060828,0.11678832116788321,0.027638885531976597,0.028352745415080035,0.007523915375214708,5.9939172749391725,3.822840632603406,2.559610705596107,15.291362530413624,3.4425518231031185,3.6163345498514827,1.3346342530417756,"[""TestDateTimeFormat"", ""DateTimeFormatter"", ""DateTimeFormat"", ""DateTime""]","[0.041970802919708027, 0.026155717761557177, 0.026155717761557177, 0.022506082725060828]","[5.9939172749391725, 2.559610705596107, 2.9197080291970803, 3.818126520681265]"
org.joda.time.format.TestDateTimeFormat.testFormatParse_textMonthApr_France,0.041970802919708027,0.029197080291970802,0.022506082725060828,0.11678832116788321,0.027638885531976597,0.028352745415080035,0.007523915375214708,5.9939172749391725,3.822840632603406,2.559610705596107,15.291362530413624,3.4425518231031185,3.6163345498514827,1.3346342530417756,"[""TestDateTimeFormat"", ""DateTime"", ""DateTimeFormatter"", ""DateTimeFormat""]","[0.041970802919708027, 0.026155717761557177, 0.026155717761557177, 0.022506082725060828]","[5.9939172749391725, 2.559610705596107, 2.9197080291970803, 3.818126520681265]"
org.joda.time.format.TestDateTimeFormat.testParse_textMonthJanLong_UK,0.041970802919708027,0.029197080291970802,0.022506082725060828,0.11678832116788321,0.027638885531976597,0.028352745415080035,0.007523915375214708,5.9939172749391725,3.822840632603406,2.559610705596107,15.291362530413624,3.4425518231031185,3.6163345498514827,1.3346342530417756,"[""DateTime"", ""TestDateTimeFormat"", ""DateTimeFormatter"", ""DateTimeFormat""]","[0.041970802919708027, 0.026155717761557177, 0.026155717761557177, 0.022506082725060828]","[5.9939172749391725, 2.559610705596107, 2.9197080291970803, 3.818126520681265]"
org.joda.time.format.TestDateTimeFormat.testFormatParse_textMonthAtEnd_France,0.041970802919708027,0.029197080291970802,0.022506082725060828,0.11678832116788321,0.027638885531976597,0.028352745415080035,0.007523915375214708,5.9939172749391725,3.822840632603406,2.559610705596107,15.291362530413624,3.4425518231031185,3.6163345498514827,1.3346342530417756,"[""TestDateTimeFormat"", ""DateTime"", ""DateTimeFormatter"", ""DateTimeFormat""]","[0.041970802919708027, 0.026155717761557177, 0.026155717761557177, 0.022506082725060828]","[5.9939172749391725, 2.559610705596107, 2.9197080291970803, 3.818126520681265]"
org.joda.time.format.TestDateTimeFormat.testFormat_samples,0.041970802919708027,0.029197080291970802,0.022506082725060828,0.11678832116788321,0.027638885531976597,0.028352745415080035,0.007523915375214708,5.9939172749391725,3.822840632603406,2.559610705596107,15.291362530413624,3.4425518231031185,3.6163345498514827,1.3346342530417756,"[""TestDateTimeFormat"", ""DateTimeFormatter"", ""DateTimeFormat"", ""DateTime""]","[0.041970802919708027, 0.026155717761557177, 0.026155717761557177, 0.022506082725060828]","[5.9939172749391725, 2.559610705596107, 2.9197080291970803, 3.818126520681265]"
org.joda.time.format.TestDateTimeFormat.testParse_pivotYear_ignored4DigitYear,0.041970802919708027,0.029197080291970802,0.022506082725060828,0.11678832116788321,0.027638885531976597,0.028352745415080035,0.007523915375214708,5.9939172749391725,3.822840632603406,2.559610705596107,15.291362530413624,3.4425518231031185,3.6163345498514827,1.3346342530417756,"[""DateTime"", ""DateTimeFormatter"", ""DateTimeFormat"", ""TestDateTimeFormat""]","[0.041970802919708027, 0.026155717761557177, 0.026155717761557177, 0.022506082725060828]","[5.9939172749391725, 2.559610705596107, 2.9197080291970803, 3.818126520681265]"
org.joda.time.format.TestDateTimeFormat.testFormat_minute,0.041970802919708027,0.029197080291970802,0.022506082725060828,0.11678832116788321,0.027638885531976597,0.028352745415080035,0.007523915375214708,5.9939172749391725,3.822840632603406,2.559610705596107,15.291362530413624,3.4425518231031185,3.6163345498514827,1.3346342530417756,"[""TestDateTimeFormat"", ""DateTimeFormatter"", ""DateTimeFormat"", ""DateTime""]","[0.041970802919708027, 0.026155717761557177, 0.026155717761557177, 0.022506082725060828]","[5.9939172749391725, 2.559610705596107, 2.9197080291970803, 3.818126520681265]"
org.joda.time.format.TestDateTimeFormat.testFormat_fractionOfSecond,0.041970802919708027,0.029197080291970802,0.022506082725060828,0.11678832116788321,0.027638885531976597,0.028352745415080035,0.007523915375214708,5.9939172749391725,3.822840632603406,2.559610705596107,15.291362530413624,3.4425518231031185,3.6163345498514827,1.3346342530417756,"[""TestDateTimeFormat"", ""DateTimeFormatter"", ""DateTimeFormat"", ""DateTime""]","[0.041970802919708027, 0.026155717761557177, 0.026155717761557177, 0.022506082725060828]","[5.9939172749391725, 2.559610705596107, 2.9197080291970803, 3.818126520681265]"
org.joda.time.format.TestDateTimeFormat.testFormatParse_textMonthJanShortLowerCase_UK,0.041970802919708027,0.029197080291970802,0.022506082725060828,0.11678832116788321,0.027638885531976597,0.028352745415080035,0.007523915375214708,5.9939172749391725,3.822840632603406,2.559610705596107,15.291362530413624,3.4425518231031185,3.6163345498514827,1.3346342530417756,"[""DateTime"", ""TestDateTimeFormat"", ""DateTimeFormatter"", ""DateTimeFormat""]","[0.041970802919708027, 0.026155717761557177, 0.026155717761557177, 0.022506082725060828]","[5.9939172749391725, 2.559610705596107, 2.9197080291970803, 3.818126520681265]"
org.joda.time.format.TestDateTimeFormat.testFormatParse_textMonthJanLongUpperCase_UK,0.041970802919708027,0.029197080291970802,0.022506082725060828,0.11678832116788321,0.027638885531976597,0.028352745415080035,0.007523915375214708,5.9939172749391725,3.822840632603406,2.559610705596107,15.291362530413624,3.4425518231031185,3.6163345498514827,1.3346342530417756,"[""DateTime"", ""TestDateTimeFormat"", ""DateTimeFormatter"", ""DateTimeFormat""]","[0.041970802919708027, 0.026155717761557177, 0.026155717761557177, 0.022506082725060828]","[5.9939172749391725, 2.559610705596107, 2.9197080291970803, 3.818126520681265]"
org.joda.time.format.TestDateTimeFormat.testFormatParse_textMonthJanLong_France,0.041970802919708027,0.029197080291970802,0.022506082725060828,0.11678832116788321,0.027638885531976597,0.028352745415080035,0.007523915375214708,5.9939172749391725,3.822840632603406,2.559610705596107,15.291362530413624,3.4425518231031185,3.6163345498514827,1.3346342530417756,"[""DateTime"", ""TestDateTimeFormat"", ""DateTimeFormatter"", ""DateTimeFormat""]","[0.041970802919708027, 0.026155717761557177, 0.026155717761557177, 0.022506082725060828]","[5.9939172749391725, 2.559610705596107, 2.9197080291970803, 3.818126520681265]"
org.joda.time.format.TestDateTimeFormat.testFormat_weekOfWeekyear,0.041970802919708027,0.029197080291970802,0.022506082725060828,0.11678832116788321,0.027638885531976597,0.028352745415080035,0.007523915375214708,5.9939172749391725,3.822840632603406,2.559610705596107,15.291362530413624,3.4425518231031185,3.6163345498514827,1.3346342530417756,"[""TestDateTimeFormat"", ""DateTimeFormatter"", ""DateTimeFormat"", ""DateTime""]","[0.041970802919708027, 0.026155717761557177, 0.026155717761557177, 0.022506082725060828]","[5.9939172749391725, 2.559610705596107, 2.9197080291970803, 3.818126520681265]"
org.joda.time.format.TestDateTimeFormat.testFormat_hourOfDay,0.041970802919708027,0.029197080291970802,0.022506082725060828,0.11678832116788321,0.027638885531976597,0.028352745415080035,0.007523915375214708,5.9939172749391725,3.822840632603406,2.559610705596107,15.291362530413624,3.4425518231031185,3.6163345498514827,1.3346342530417756,"[""TestDateTimeFormat"", ""DateTimeFormatter"", ""DateTimeFormat"", ""DateTime""]","[0.041970802919708027, 0.026155717761557177, 0.026155717761557177, 0.022506082725060828]","[5.9939172749391725, 2.559610705596107, 2.9197080291970803, 3.818126520681265]"
org.joda.time.format.TestDateTimeFormat.testFormatParse_zoneId_noColon,0.041970802919708027,0.029197080291970802,0.022506082725060828,0.11678832116788321,0.027638885531976597,0.028352745415080035,0.007523915375214708,5.9939172749391725,3.822840632603406,2.559610705596107,15.291362530413624,3.4425518231031185,3.6163345498514827,1.3346342530417756,"[""DateTime"", ""DateTimeFormatter"", ""DateTimeFormat"", ""TestDateTimeFormat""]","[0.041970802919708027, 0.026155717761557177, 0.026155717761557177, 0.022506082725060828]","[5.9939172749391725, 2.559610705596107, 2.9197080291970803, 3.818126520681265]"
org.joda.time.format.TestDateTimeFormat.testFormatParse_textMonthAtEnd_France_withSpecifiedDefault,0.041970802919708027,0.029197080291970802,0.022506082725060828,0.11678832116788321,0.027638885531976597,0.028352745415080035,0.007523915375214708,5.9939172749391725,3.822840632603406,2.559610705596107,15.291362530413624,3.4425518231031185,3.6163345498514827,1.3346342530417756,"[""TestDateTimeFormat"", ""DateTime"", ""DateTimeFormatter"", ""DateTimeFormat""]","[0.041970802919708027, 0.026155717761557177, 0.026155717761557177, 0.022506082725060828]","[5.9939172749391725, 2.559610705596107, 2.9197080291970803, 3.818126520681265]"
org.joda.time.format.TestDateTimeFormat.testFormatParse_textMonthJanLongLowerCase_UK,0.041970802919708027,0.029197080291970802,0.022506082725060828,0.11678832116788321,0.027638885531976597,0.028352745415080035,0.007523915375214708,5.9939172749391725,3.822840632603406,2.559610705596107,15.291362530413624,3.4425518231031185,3.6163345498514827,1.3346342530417756,"[""DateTime"", ""TestDateTimeFormat"", ""DateTimeFormatter"", ""DateTimeFormat""]","[0.041970802919708027, 0.026155717761557177, 0.026155717761557177, 0.022506082725060828]","[5.9939172749391725, 2.559610705596107, 2.9197080291970803, 3.818126520681265]"
org.joda.time.TestDuration_Basics.testToIntervalFrom,0.041970802919708027,0.02918780088570132,0.020757020757020756,0.11675120354280528,0.027181215727346313,0.028130656039597912,0.008148925622412656,5.9939172749391725,3.2818288343876794,1.6178266178266179,13.127315337550717,2.410544900624201,2.796581231943331,1.8213353417492602,"[""TestDuration_Basics"", ""Interval"", ""Duration"", ""DateTime""]","[0.041970802919708027, 0.030303030303030304, 0.02372034956304619, 0.020757020757020756]","[5.9939172749391725, 3.896969696969697, 1.618601747815231, 1.6178266178266179]"
org.joda.time.TestDuration_Basics.testToIntervalTo,0.041970802919708027,0.02918780088570132,0.020757020757020756,0.11675120354280528,0.027181215727346313,0.028130656039597912,0.008148925622412656,5.9939172749391725,3.2818288343876794,1.6178266178266179,13.127315337550717,2.410544900624201,2.796581231943331,1.8213353417492602,"[""TestDuration_Basics"", ""Interval"", ""Duration"", ""DateTime""]","[0.041970802919708027, 0.030303030303030304, 0.02372034956304619, 0.020757020757020756]","[5.9939172749391725, 3.896969696969697, 1.618601747815231, 1.6178266178266179]"
org.joda.time.TestInterval_Constructors.testConstructor_Object5,0.041970802919708027,0.023334799179860755,0.009987515605493134,0.11667399589930377,0.018765409353996246,0.02097772254191986,0.01062889984588154,5.9939172749391725,2.4722557662335722,0.3920099875156055,12.361278831167862,1.1474953654985394,1.7458091734393957,1.9283798970339288,"[""StringBuilder"", ""TestInterval_Constructors"", ""Object"", ""Interval"", ""ReadWritableInterval"", ""TestInterval_Constructors$1"", ""DateTime"", ""ConverterManager""]","[0.041970802919708027, 0.023901310717039322, 0.02372034956304619, 0.017094017094017096, 0.009987515605493134]","[5.9939172749391725, 2.87201233616037, 1.618601747815231, 1.4847374847374848, 0.3920099875156055]"
org.joda.time.TestInterval_Basics.testGetMillis,0.041970802919708027,0.029057184375774463,0.020757020757020756,0.11622873750309785,0.027074700516420115,0.02800861127022889,0.008134177036989751,5.9939172749391725,3.675337193844315,1.6178266178266179,14.70134877537726,2.522786999729518,3.04412458436276,2.065414015961553,"[""DateTime"", ""TestInterval_Basics"", ""Duration"", ""Interval""]","[0.041970802919708027, 0.029780564263322883, 0.02372034956304619, 0.020757020757020756]","[5.9939172749391725, 5.471003134796239, 1.618601747815231, 1.6178266178266179]"
org.joda.time.TestDateTime_Basics.testEqualsHashCode,0.041970802919708027,0.029055932832930564,0.018032786885245903,0.11622373133172226,0.02652958031105419,0.027775213990129964,0.008627454974716032,5.9939172749391725,3.6773366327532457,1.9227493917274938,14.709346531012983,2.9206892939376985,3.272462156056098,1.715471126777931,"[""BaseChronology"", ""TestDateTime_Basics"", ""TestDateTime_Basics$MockInstant"", ""DateTime"", ""TestDateTime_Basics$MockEqualsChronology"", ""AbstractInstant""]","[0.041970802919708027, 0.030064423765211165, 0.026155717761557177, 0.018032786885245903]","[5.9939172749391725, 4.654974946313529, 1.9227493917274938, 2.137704918032787]"
org.joda.time.TestMutableDateTime_Constructors.testParse_formatter,0.03527980535279805,0.023234202087468316,0.01337295690936107,0.11617101043734158,0.02037923958093354,0.021786377330853778,0.008047983639445774,4.203771289537713,2.4261519217072847,0.7195863746958637,12.130759608536422,1.7010105673950136,2.0814213297489306,1.167990187314864,"[""DateTimeFormatter"", ""DateTimeFormat"", ""TestMutableDateTime_Constructors"", ""MutableDateTime"", ""ISOChronology""]","[0.03527980535279805, 0.026155717761557177, 0.026155717761557177, 0.015206812652068127, 0.01337295690936107]","[4.203771289537713, 2.559610705596107, 2.9197080291970803, 0.7195863746958637, 1.7280832095096583]"
org.joda.time.TestMonths.testFactory_monthsIn_RInterval,0.041970802919708027,0.02903540073330117,0.023423423423423424,0.11614160293320468,0.02745814035261549,0.028175994372290025,0.007601023828030736,5.9939172749391725,3.120246872805718,1.618601747815231,12.480987491222873,2.48223199998837,2.749227452762853,1.6976810996158003,"[""Months"", ""Interval"", ""TestMonths"", ""DateTime""]","[0.041970802919708027, 0.02702702702702703, 0.02372034956304619, 0.023423423423423424]","[5.9939172749391725, 2.627027027027027, 1.618601747815231, 2.2414414414414416]"
org.joda.time.TestDays.testFactory_daysIn_RInterval,0.041970802919708027,0.02903540073330117,0.023423423423423424,0.11614160293320468,0.02745814035261549,0.028175994372290025,0.007601023828030736,5.9939172749391725,3.377003629562475,1.618601747815231,13.5080145182499,2.72789527257015,3.0265495933684377,1.61169036756886,"[""Days"", ""Interval"", ""TestDays"", ""DateTime""]","[0.041970802919708027, 0.02702702702702703, 0.02372034956304619, 0.023423423423423424]","[5.9939172749391725, 3.1495495495495494, 1.618601747815231, 2.745945945945946]"
org.joda.time.TestLocalDateTime_Basics.testToString_DTFormatter,0.061377245508982034,0.03864137682098941,0.026155717761557177,0.11592413046296823,0.03342712863486053,0.035720628744515134,0.01610256920054952,11.95808383233533,7.0675709990597,2.9197080291970803,21.2027129971791,5.1349624200148565,6.04438395711565,3.7270816022199167,"[""LocalDateTime"", ""DateTimeFormat"", ""TestLocalDateTime_Basics""]","[0.061377245508982034, 0.028391167192429023, 0.026155717761557177]","[11.95808383233533, 6.3249211356466875, 2.9197080291970803]"
org.joda.time.TestTimeOfDay_Basics.testMinus_RP,0.04654346338124572,0.02891429655896112,0.016423357664233577,0.11565718623584448,0.02472731537107849,0.026688316543155188,0.011627260371732217,5.1313131313131315,3.577864895233378,1.1368613138686132,14.311459580933512,2.5404670237540716,3.1124055222333227,1.4950541574983234,"[""Period"", ""BuddhistChronology"", ""TimeOfDay"", ""TestTimeOfDay_Basics""]","[0.04654346338124572, 0.031857031857031856, 0.020833333333333332, 0.016423357664233577]","[4.317590691307323, 5.1313131313131315, 3.7256944444444446, 1.1368613138686132]"
org.joda.time.TestTimeOfDay_Basics.testPlus_RP,0.04654346338124572,0.02891429655896112,0.016423357664233577,0.11565718623584448,0.02472731537107849,0.026688316543155188,0.011627260371732217,5.1313131313131315,3.577864895233378,1.1368613138686132,14.311459580933512,2.5404670237540716,3.1124055222333227,1.4950541574983234,"[""Period"", ""BuddhistChronology"", ""TimeOfDay"", ""TestTimeOfDay_Basics""]","[0.04654346338124572, 0.031857031857031856, 0.020833333333333332, 0.016423357664233577]","[4.317590691307323, 5.1313131313131315, 3.7256944444444446, 1.1368613138686132]"
org.joda.time.TestLocalDate_Properties.testPropertyGetYear,0.0718562874251497,0.03844340538777371,0.020072992700729927,0.11533021616332112,0.028177432438201765,0.03231742208068021,0.02366550677316099,10.74251497005988,5.633885822382208,2.3728710462287106,16.901657467146624,3.85291845298182,4.587019825138405,3.6581410581813274,"[""TestLocalDate_Properties"", ""Chronology"", ""LocalDate$Property"", ""LocalDate""]","[0.0718562874251497, 0.0234009360374415, 0.020072992700729927]","[10.74251497005988, 3.786271450858034, 2.3728710462287106]"
org.joda.time.TestLocalDate_Properties.testPropertyGetDay,0.0718562874251497,0.03844340538777371,0.020072992700729927,0.11533021616332112,0.028177432438201765,0.03231742208068021,0.02366550677316099,10.74251497005988,5.633885822382208,2.3728710462287106,16.901657467146624,3.85291845298182,4.587019825138405,3.6581410581813274,"[""TestLocalDate_Properties"", ""Chronology"", ""LocalDate$Property"", ""LocalDate""]","[0.0718562874251497, 0.0234009360374415, 0.020072992700729927]","[10.74251497005988, 3.786271450858034, 2.3728710462287106]"
org.joda.time.TestLocalDate_Properties.testPropertyGetMonth,0.0718562874251497,0.03844340538777371,0.020072992700729927,0.11533021616332112,0.028177432438201765,0.03231742208068021,0.02366550677316099,10.74251497005988,5.633885822382208,2.3728710462287106,16.901657467146624,3.85291845298182,4.587019825138405,3.6581410581813274,"[""TestLocalDate_Properties"", ""Chronology"", ""LocalDate$Property"", ""LocalDate""]","[0.0718562874251497, 0.0234009360374415, 0.020072992700729927]","[10.74251497005988, 3.786271450858034, 2.3728710462287106]"
org.joda.time.TestDateMidnight_Basics.testToInterval,0.03345454545454545,0.02880820005926723,0.02372034956304619,0.11523280023706892,0.028247368773705997,0.02852819694881944,0.003986485797012836,5.1313131313131315,3.640528607303594,1.618601747815231,14.562114429214375,3.0181807552137006,3.35421012390907,1.2734188519280045,"[""TestDateMidnight_Basics"", ""DateMidnight"", ""Period"", ""Interval""]","[0.03345454545454545, 0.031857031857031856, 0.026200873362445413, 0.02372034956304619]","[4.0378181818181815, 5.1313131313131315, 3.7743813682678313, 1.618601747815231]"
org.joda.time.format.TestDateTimeFormatter.testParseInto_monthOnly_baseStartYear,0.03527980535279805,0.028715992037159917,0.026155717761557177,0.11486396814863967,0.028273224704495295,0.028483739724437015,0.00381695779238609,4.203771289537713,3.3536007889110078,2.559610705596107,13.414403155644031,3.228232274762664,3.290436617790969,0.6488720353569978,"[""TestDateTimeFormatter"", ""DateTimeFormatter"", ""DateTimeFormat"", ""MutableDateTime""]","[0.03527980535279805, 0.02727272727272727, 0.026155717761557177, 0.026155717761557177]","[4.203771289537713, 3.731313131313131, 2.559610705596107, 2.9197080291970803]"
org.joda.time.format.TestDateTimeFormatter.testParseInto_monthOnly_parseEndYear,0.03527980535279805,0.028715992037159917,0.026155717761557177,0.11486396814863967,0.028273224704495295,0.028483739724437015,0.00381695779238609,4.203771289537713,3.3536007889110078,2.559610705596107,13.414403155644031,3.228232274762664,3.290436617790969,0.6488720353569978,"[""TestDateTimeFormatter"", ""DateTimeFormatter"", ""DateTimeFormat"", ""MutableDateTime""]","[0.03527980535279805, 0.02727272727272727, 0.026155717761557177, 0.026155717761557177]","[4.203771289537713, 3.731313131313131, 2.559610705596107, 2.9197080291970803]"
org.joda.time.format.TestDateTimeFormatter.testParseInto_monthDay_withDefaultYear_feb29,0.03527980535279805,0.028715992037159917,0.026155717761557177,0.11486396814863967,0.028273224704495295,0.028483739724437015,0.00381695779238609,4.203771289537713,3.3536007889110078,2.559610705596107,13.414403155644031,3.228232274762664,3.290436617790969,0.6488720353569978,"[""TestDateTimeFormatter"", ""DateTimeFormatter"", ""DateTimeFormat"", ""MutableDateTime""]","[0.03527980535279805, 0.02727272727272727, 0.026155717761557177, 0.026155717761557177]","[4.203771289537713, 3.731313131313131, 2.559610705596107, 2.9197080291970803]"
org.joda.time.format.TestDateTimeFormatter.testParseInto_monthOnly,0.03527980535279805,0.028715992037159917,0.026155717761557177,0.11486396814863967,0.028273224704495295,0.028483739724437015,0.00381695779238609,4.203771289537713,3.3536007889110078,2.559610705596107,13.414403155644031,3.228232274762664,3.290436617790969,0.6488720353569978,"[""TestDateTimeFormatter"", ""DateTimeFormatter"", ""DateTimeFormat"", ""MutableDateTime""]","[0.03527980535279805, 0.02727272727272727, 0.026155717761557177, 0.026155717761557177]","[4.203771289537713, 3.731313131313131, 2.559610705596107, 2.9197080291970803]"
org.joda.time.format.TestDateTimeFormatter.testParseInto_monthDay_feb29,0.03527980535279805,0.028715992037159917,0.026155717761557177,0.11486396814863967,0.028273224704495295,0.028483739724437015,0.00381695779238609,4.203771289537713,3.3536007889110078,2.559610705596107,13.414403155644031,3.228232274762664,3.290436617790969,0.6488720353569978,"[""TestDateTimeFormatter"", ""DateTimeFormatter"", ""DateTimeFormat"", ""MutableDateTime""]","[0.03527980535279805, 0.02727272727272727, 0.026155717761557177, 0.026155717761557177]","[4.203771289537713, 3.731313131313131, 2.559610705596107, 2.9197080291970803]"
org.joda.time.format.TestDateTimeFormatter.testParseInto_monthOnly_parseStartYear,0.03527980535279805,0.028715992037159917,0.026155717761557177,0.11486396814863967,0.028273224704495295,0.028483739724437015,0.00381695779238609,4.203771289537713,3.3536007889110078,2.559610705596107,13.414403155644031,3.228232274762664,3.290436617790969,0.6488720353569978,"[""TestDateTimeFormatter"", ""DateTimeFormatter"", ""DateTimeFormat"", ""MutableDateTime""]","[0.03527980535279805, 0.02727272727272727, 0.026155717761557177, 0.026155717761557177]","[4.203771289537713, 3.731313131313131, 2.559610705596107, 2.9197080291970803]"
org.joda.time.format.TestDateTimeFormatter.testParseInto_monthOnly_baseEndYear,0.03527980535279805,0.028715992037159917,0.026155717761557177,0.11486396814863967,0.028273224704495295,0.028483739724437015,0.00381695779238609,4.203771289537713,3.3536007889110078,2.559610705596107,13.414403155644031,3.228232274762664,3.290436617790969,0.6488720353569978,"[""TestDateTimeFormatter"", ""DateTimeFormatter"", ""DateTimeFormat"", ""MutableDateTime""]","[0.03527980535279805, 0.02727272727272727, 0.026155717761557177, 0.026155717761557177]","[4.203771289537713, 3.731313131313131, 2.559610705596107, 2.9197080291970803]"
org.joda.time.format.TestDateTimeFormatter.testParseLocalDateTime_simple,0.061377245508982034,0.038268563514422156,0.026155717761557177,0.11480569054326648,0.032897655883926236,0.035245272179267456,0.016346667656463053,11.95808383233533,6.083002556414857,2.559610705596107,18.24900766924457,4.041427245537551,4.851757315798955,4.181758533010668,"[""TestDateTimeFormatter"", ""DateTimeFormatter"", ""LocalDateTime""]","[0.061377245508982034, 0.02727272727272727, 0.026155717761557177]","[11.95808383233533, 3.731313131313131, 2.559610705596107]"
org.joda.time.TestDateTimeUtils.test_julianDay,0.041970802919708027,0.02869808956452513,0.019464720194647202,0.11479235825810052,0.026633498862183018,0.027612246569306755,0.008214835669072733,5.9939172749391725,2.6088978970233625,0.8479318734793188,10.43559158809345,1.61319698812762,2.0036021534781447,1.9996215654194258,"[""JulianChronology"", ""DateTimeUtils"", ""TestDateTimeUtils"", ""DateTime""]","[0.041970802919708027, 0.02710027100271003, 0.02625656414103526, 0.019464720194647202]","[5.9939172749391725, 1.5562330623306233, 2.0375093773443362, 0.8479318734793188]"
org.joda.time.TestMutableInterval_Constructors.testConstructor_Object4,0.041970802919708027,0.022918930632911574,0.015206812652068127,0.11459465316455787,0.020225497782325463,0.02135135104512399,0.009709015889283981,5.9939172749391725,2.418442276958081,0.7195863746958637,12.092211384790405,1.4983222924869124,1.865218554431628,1.8703688320465537,"[""TestMutableInterval_Constructors$MockInterval"", ""Object"", ""TestMutableInterval_Constructors"", ""Duration"", ""MutableInterval"", ""ISOChronology"", ""DateTime""]","[0.041970802919708027, 0.020757020757020756, 0.019350811485642945, 0.01730920535011802, 0.015206812652068127]","[5.9939172749391725, 1.6178266178266179, 1.3320848938826466, 2.4287962234461054, 0.7195863746958637]"
org.joda.time.TestWeeks.testFactory_weeksIn_RInterval,0.041970802919708027,0.028584950282850716,0.023423423423423424,0.11433980113140287,0.026968871474935395,0.027694175882809605,0.007758455113007493,5.9939172749391725,3.3378144403732857,1.618601747815231,13.351257761493143,2.693525772008494,2.985945720952498,1.6224007690504163,"[""TestWeeks"", ""Interval"", ""Weeks"", ""DateTime""]","[0.041970802919708027, 0.025225225225225224, 0.02372034956304619, 0.023423423423423424]","[5.9939172749391725, 3.0684684684684687, 1.618601747815231, 2.67027027027027]"
org.joda.time.TestYears.testFactory_yearsIn_RInterval,0.041970802919708027,0.028584950282850716,0.023423423423423424,0.11433980113140287,0.026968871474935395,0.027694175882809605,0.007758455113007493,5.9939172749391725,3.026102728661574,1.618601747815231,12.104410914646296,2.378199312162748,2.639894585104477,1.7380095210421591,"[""Years"", ""TestYears"", ""Interval"", ""DateTime""]","[0.041970802919708027, 0.025225225225225224, 0.02372034956304619, 0.023423423423423424]","[5.9939172749391725, 2.4414414414414414, 1.618601747815231, 2.0504504504504504]"
org.joda.time.TestSeconds.testFactory_secondsIn_RInterval,0.041970802919708027,0.028584950282850716,0.023423423423423424,0.11433980113140287,0.026968871474935395,0.027694175882809605,0.007758455113007493,5.9939172749391725,3.2792558818147266,1.618601747815231,13.117023527258906,2.644473237366038,2.9266380182878162,1.636215572570253,"[""Seconds"", ""Interval"", ""TestSeconds"", ""DateTime""]","[0.041970802919708027, 0.025225225225225224, 0.02372034956304619, 0.023423423423423424]","[5.9939172749391725, 2.8666666666666667, 1.618601747815231, 2.637837837837838]"
org.joda.time.TestMinutes.testFactory_minutesIn_RInterval,0.041970802919708027,0.028584950282850716,0.023423423423423424,0.11433980113140287,0.026968871474935395,0.027694175882809605,0.007758455113007493,5.9939172749391725,3.293670296229141,1.618601747815231,13.174681184916563,2.656552819249984,2.941244276114962,1.6327676693547089,"[""Interval"", ""TestMinutes"", ""Minutes"", ""DateTime""]","[0.041970802919708027, 0.025225225225225224, 0.02372034956304619, 0.023423423423423424]","[5.9939172749391725, 2.924324324324324, 1.618601747815231, 2.637837837837838]"
org.joda.time.TestHours.testFactory_hoursIn_RInterval,0.041970802919708027,0.028584950282850716,0.023423423423423424,0.11433980113140287,0.026968871474935395,0.027694175882809605,0.007758455113007493,5.9939172749391725,3.3508775034363483,1.618601747815231,13.403510013745393,2.7076908770956654,3.001076551884395,1.6160908496030366,"[""Hours"", ""TestHours"", ""Interval"", ""DateTime""]","[0.041970802919708027, 0.025225225225225224, 0.02372034956304619, 0.023423423423423424]","[5.9939172749391725, 3.046846846846847, 1.618601747815231, 2.744144144144144]"
org.joda.time.TestMutablePeriod_Basics.testEqualsHashCode,0.031857031857031856,0.0228504496450009,0.017041053446940357,0.11425224822500449,0.021937654482572448,0.022371932129878654,0.0048923429350841595,5.1313131313131315,3.399500491715584,2.126258714175058,16.99750245857792,3.092709038169376,3.2405928865874833,1.0583831950501672,"[""MutablePeriod"", ""TestMutablePeriod_Basics"", ""BasePeriod"", ""TestMutablePeriod_Basics$MockMutablePeriod"", ""PeriodType"", ""Period""]","[0.031857031857031856, 0.02263540824575586, 0.021756021756021756, 0.02096273291925466, 0.017041053446940357]","[5.1313131313131315, 2.58447857720291, 3.2222222222222223, 3.9332298136645965, 2.126258714175058]"
org.joda.time.format.TestDateTimeFormatStyle.testForStyle_shortTime,0.041970802919708027,0.022814776188065624,0.007633587786259542,0.11407388094032812,0.015946867424129433,0.019281227192885185,0.012110419771948473,5.9939172749391725,2.673651355175085,0.14122137404580154,13.368256775875425,0.5847069703150793,1.6181578594609853,1.916092073875084,"[""DateTimeFormatter"", ""DateFormat"", ""DateTimeFormat"", ""DateTime"", ""TimeZone"", ""TestDateTimeFormatStyle""]","[0.041970802919708027, 0.026155717761557177, 0.026155717761557177, 0.0121580547112462, 0.007633587786259542]","[5.9939172749391725, 2.559610705596107, 2.9197080291970803, 1.7537993920972645, 0.14122137404580154]"
org.joda.time.TestDateTimeZone.testGetOffsetFixed_RI,0.03832116788321168,0.028515485794941647,0.019464720194647202,0.11406194317976659,0.026909708317983054,0.02771218489419816,0.00671763697155569,3.7082421590080235,2.442335350346827,1.0048661800486618,9.769341401387308,1.8238868558978714,2.1225344592913684,1.180325107727315,"[""DateTimeUtils"", ""DateTimeZone"", ""TestDateTimeZone"", ""Instant""]","[0.03832116788321168, 0.029175784099197667, 0.02710027100271003, 0.019464720194647202]","[3.5, 3.7082421590080235, 1.5562330623306233, 1.0048661800486618]"
org.joda.time.TestDateTimeZone.testGetOffset_RI,0.03832116788321168,0.028515485794941647,0.019464720194647202,0.11406194317976659,0.026909708317983054,0.02771218489419816,0.00671763697155569,3.7082421590080235,2.442335350346827,1.0048661800486618,9.769341401387308,1.8238868558978714,2.1225344592913684,1.180325107727315,"[""DateTimeUtils"", ""DateTimeZone"", ""TestDateTimeZone"", ""Instant""]","[0.03832116788321168, 0.029175784099197667, 0.02710027100271003, 0.019464720194647202]","[3.5, 3.7082421590080235, 1.5562330623306233, 1.0048661800486618]"
org.joda.time.convert.TestReadableInstantConverter.testGetPartialValues,0.04654346338124572,0.01898538253685739,0.007662835249042145,0.11391229522114435,0.013429654755690624,0.015682563404304517,0.013021485734620586,4.317590691307323,1.165290616681743,0.08812260536398467,6.991743700090457,0.31405463094703306,0.5988238053156449,1.4397116805963632,"[""ReadableInstantConverter"", ""TimeOfDay"", ""Arrays"", ""Instant"", ""ISOChronology"", ""TestReadableInstantConverter""]","[0.04654346338124572, 0.019464720194647202, 0.016487455197132617, 0.015206812652068127, 0.008547008547008548, 0.007662835249042145]","[4.317590691307323, 1.0048661800486618, 0.5648745519713262, 0.7195863746958637, 0.2967032967032967, 0.08812260536398467]"
org.joda.time.TestMutableDateTime_Basics.testProperty,0.03527980535279805,0.01887330758590445,0.010378510378510378,0.1132398455154267,0.016407864101903265,0.017511038826163637,0.00790767561860804,4.203771289537713,2.088416906441814,0.778998778998779,12.530501438650884,1.5635321790865528,1.8068190761598963,1.122918147994425,"[""UnsupportedDateTimeField"", ""UnsupportedDurationField"", ""DateTimeFieldType"", ""MutableDateTime"", ""DurationFieldType"", ""TestMutableDateTime_Basics"", ""TestMutableDateTime_Basics$1""]","[0.03527980535279805, 0.019316493313521546, 0.017691659646166806, 0.017094017094017096, 0.013479359730412805, 0.010378510378510378]","[4.203771289537713, 2.598811292719168, 2.2350463352990735, 1.467032967032967, 1.2468407750631845, 0.778998778998779]"
org.joda.time.format.TestISODateTimeFormat_Fields.testForFields_time_MS,0.026155717761557177,0.018859652086765162,0.007662835249042145,0.11315791252059097,0.01569884310692763,0.017403243150772765,0.006618758235322172,5.301245753114383,3.041269462110421,0.08812260536398467,18.247616772662525,0.46602572342477955,1.8723027113997985,1.6805826210770907,"[""ArrayList"", ""DateTimeFieldType"", ""Arrays"", ""DateTimeFormatter"", ""ISODateTimeFormat"", ""TestISODateTimeFormat_Fields"", ""Partial"", ""List""]","[0.026155717761557177, 0.024943310657596373, 0.023114355231143552, 0.017691659646166806, 0.013590033975084938, 0.007662835249042145]","[2.559610705596107, 3.6621315192743764, 4.401459854014599, 2.2350463352990735, 5.301245753114383, 0.08812260536398467]"
org.joda.time.format.TestISODateTimeFormat_Fields.testForFields_time_HMSm,0.026155717761557177,0.018859652086765162,0.007662835249042145,0.11315791252059097,0.01569884310692763,0.017403243150772765,0.006618758235322172,5.301245753114383,3.041269462110421,0.08812260536398467,18.247616772662525,0.46602572342477955,1.8723027113997985,1.6805826210770907,"[""ArrayList"", ""DateTimeFieldType"", ""Arrays"", ""DateTimeFormatter"", ""ISODateTimeFormat"", ""TestISODateTimeFormat_Fields"", ""Partial"", ""List""]","[0.026155717761557177, 0.024943310657596373, 0.023114355231143552, 0.017691659646166806, 0.013590033975084938, 0.007662835249042145]","[2.559610705596107, 3.6621315192743764, 4.401459854014599, 2.2350463352990735, 5.301245753114383, 0.08812260536398467]"
org.joda.time.format.TestISODateTimeFormat_Fields.testForFields_time_Sm,0.026155717761557177,0.018859652086765162,0.007662835249042145,0.11315791252059097,0.01569884310692763,0.017403243150772765,0.006618758235322172,5.301245753114383,3.041269462110421,0.08812260536398467,18.247616772662525,0.46602572342477955,1.8723027113997985,1.6805826210770907,"[""ArrayList"", ""DateTimeFieldType"", ""Arrays"", ""DateTimeFormatter"", ""ISODateTimeFormat"", ""TestISODateTimeFormat_Fields"", ""Partial"", ""List""]","[0.026155717761557177, 0.024943310657596373, 0.023114355231143552, 0.017691659646166806, 0.013590033975084938, 0.007662835249042145]","[2.559610705596107, 3.6621315192743764, 4.401459854014599, 2.2350463352990735, 5.301245753114383, 0.08812260536398467]"
org.joda.time.format.TestISODateTimeFormat_Fields.testForFields_calBased_YMD_unmodifiable,0.026155717761557177,0.018859652086765162,0.007662835249042145,0.11315791252059097,0.01569884310692763,0.017403243150772765,0.006618758235322172,5.301245753114383,3.041269462110421,0.08812260536398467,18.247616772662525,0.46602572342477955,1.8723027113997985,1.6805826210770907,"[""Collections"", ""ArrayList"", ""DateTimeFieldType"", ""Arrays"", ""DateTimeFormatter"", ""ISODateTimeFormat"", ""TestISODateTimeFormat_Fields"", ""Partial"", ""List""]","[0.026155717761557177, 0.024943310657596373, 0.023114355231143552, 0.017691659646166806, 0.013590033975084938, 0.007662835249042145]","[2.559610705596107, 3.6621315192743764, 4.401459854014599, 2.2350463352990735, 5.301245753114383, 0.08812260536398467]"
org.joda.time.format.TestISODateTimeFormat_Fields.testForFields_weekBased_YW,0.026155717761557177,0.018859652086765162,0.007662835249042145,0.11315791252059097,0.01569884310692763,0.017403243150772765,0.006618758235322172,5.301245753114383,3.041269462110421,0.08812260536398467,18.247616772662525,0.46602572342477955,1.8723027113997985,1.6805826210770907,"[""ArrayList"", ""DateTimeFieldType"", ""Arrays"", ""DateTimeFormatter"", ""ISODateTimeFormat"", ""TestISODateTimeFormat_Fields"", ""Partial"", ""List""]","[0.026155717761557177, 0.024943310657596373, 0.023114355231143552, 0.017691659646166806, 0.013590033975084938, 0.007662835249042145]","[2.559610705596107, 3.6621315192743764, 4.401459854014599, 2.2350463352990735, 5.301245753114383, 0.08812260536398467]"
org.joda.time.format.TestISODateTimeFormat_Fields.testForFields_ordinalBased_Y,0.026155717761557177,0.018859652086765162,0.007662835249042145,0.11315791252059097,0.01569884310692763,0.017403243150772765,0.006618758235322172,5.301245753114383,3.041269462110421,0.08812260536398467,18.247616772662525,0.46602572342477955,1.8723027113997985,1.6805826210770907,"[""ArrayList"", ""DateTimeFieldType"", ""Arrays"", ""DateTimeFormatter"", ""ISODateTimeFormat"", ""TestISODateTimeFormat_Fields"", ""Partial"", ""List""]","[0.026155717761557177, 0.024943310657596373, 0.023114355231143552, 0.017691659646166806, 0.013590033975084938, 0.007662835249042145]","[2.559610705596107, 3.6621315192743764, 4.401459854014599, 2.2350463352990735, 5.301245753114383, 0.08812260536398467]"
org.joda.time.format.TestISODateTimeFormat_Fields.testForFields_weekBased_Y,0.026155717761557177,0.018859652086765162,0.007662835249042145,0.11315791252059097,0.01569884310692763,0.017403243150772765,0.006618758235322172,5.301245753114383,3.041269462110421,0.08812260536398467,18.247616772662525,0.46602572342477955,1.8723027113997985,1.6805826210770907,"[""ArrayList"", ""DateTimeFieldType"", ""Arrays"", ""DateTimeFormatter"", ""ISODateTimeFormat"", ""TestISODateTimeFormat_Fields"", ""Partial"", ""List""]","[0.026155717761557177, 0.024943310657596373, 0.023114355231143552, 0.017691659646166806, 0.013590033975084938, 0.007662835249042145]","[2.559610705596107, 3.6621315192743764, 4.401459854014599, 2.2350463352990735, 5.301245753114383, 0.08812260536398467]"
org.joda.time.format.TestISODateTimeFormat_Fields.testForFields_time_HMm,0.026155717761557177,0.018859652086765162,0.007662835249042145,0.11315791252059097,0.01569884310692763,0.017403243150772765,0.006618758235322172,5.301245753114383,3.041269462110421,0.08812260536398467,18.247616772662525,0.46602572342477955,1.8723027113997985,1.6805826210770907,"[""ArrayList"", ""DateTimeFieldType"", ""Arrays"", ""DateTimeFormatter"", ""ISODateTimeFormat"", ""TestISODateTimeFormat_Fields"", ""Partial"", ""List""]","[0.026155717761557177, 0.024943310657596373, 0.023114355231143552, 0.017691659646166806, 0.013590033975084938, 0.007662835249042145]","[2.559610705596107, 3.6621315192743764, 4.401459854014599, 2.2350463352990735, 5.301245753114383, 0.08812260536398467]"
org.joda.time.format.TestISODateTimeFormat_Fields.testForFields_calBased_YMD_duplicates,0.026155717761557177,0.018859652086765162,0.007662835249042145,0.11315791252059097,0.01569884310692763,0.017403243150772765,0.006618758235322172,5.301245753114383,3.041269462110421,0.08812260536398467,18.247616772662525,0.46602572342477955,1.8723027113997985,1.6805826210770907,"[""ArrayList"", ""DateTimeFieldType"", ""Arrays"", ""DateTimeFormatter"", ""ISODateTimeFormat"", ""TestISODateTimeFormat_Fields"", ""Partial"", ""List""]","[0.026155717761557177, 0.024943310657596373, 0.023114355231143552, 0.017691659646166806, 0.013590033975084938, 0.007662835249042145]","[2.559610705596107, 3.6621315192743764, 4.401459854014599, 2.2350463352990735, 5.301245753114383, 0.08812260536398467]"
org.joda.time.format.TestISODateTimeFormat_Fields.testForFields_time_MSm,0.026155717761557177,0.018859652086765162,0.007662835249042145,0.11315791252059097,0.01569884310692763,0.017403243150772765,0.006618758235322172,5.301245753114383,3.041269462110421,0.08812260536398467,18.247616772662525,0.46602572342477955,1.8723027113997985,1.6805826210770907,"[""ArrayList"", ""DateTimeFieldType"", ""Arrays"", ""DateTimeFormatter"", ""ISODateTimeFormat"", ""TestISODateTimeFormat_Fields"", ""Partial"", ""List""]","[0.026155717761557177, 0.024943310657596373, 0.023114355231143552, 0.017691659646166806, 0.013590033975084938, 0.007662835249042145]","[2.559610705596107, 3.6621315192743764, 4.401459854014599, 2.2350463352990735, 5.301245753114383, 0.08812260536398467]"
org.joda.time.format.TestISODateTimeFormat_Fields.testForFields_ordinalBased_D,0.026155717761557177,0.018859652086765162,0.007662835249042145,0.11315791252059097,0.01569884310692763,0.017403243150772765,0.006618758235322172,5.301245753114383,3.041269462110421,0.08812260536398467,18.247616772662525,0.46602572342477955,1.8723027113997985,1.6805826210770907,"[""ArrayList"", ""DateTimeFieldType"", ""Arrays"", ""DateTimeFormatter"", ""ISODateTimeFormat"", ""TestISODateTimeFormat_Fields"", ""Partial"", ""List""]","[0.026155717761557177, 0.024943310657596373, 0.023114355231143552, 0.017691659646166806, 0.013590033975084938, 0.007662835249042145]","[2.559610705596107, 3.6621315192743764, 4.401459854014599, 2.2350463352990735, 5.301245753114383, 0.08812260536398467]"
org.joda.time.format.TestISODateTimeFormat_Fields.testForFields_time_H,0.026155717761557177,0.018859652086765162,0.007662835249042145,0.11315791252059097,0.01569884310692763,0.017403243150772765,0.006618758235322172,5.301245753114383,3.041269462110421,0.08812260536398467,18.247616772662525,0.46602572342477955,1.8723027113997985,1.6805826210770907,"[""ArrayList"", ""DateTimeFieldType"", ""Arrays"", ""DateTimeFormatter"", ""ISODateTimeFormat"", ""TestISODateTimeFormat_Fields"", ""Partial"", ""List""]","[0.026155717761557177, 0.024943310657596373, 0.023114355231143552, 0.017691659646166806, 0.013590033975084938, 0.007662835249042145]","[2.559610705596107, 3.6621315192743764, 4.401459854014599, 2.2350463352990735, 5.301245753114383, 0.08812260536398467]"
org.joda.time.format.TestISODateTimeFormat_Fields.testForFields_weekBased_D,0.026155717761557177,0.018859652086765162,0.007662835249042145,0.11315791252059097,0.01569884310692763,0.017403243150772765,0.006618758235322172,5.301245753114383,3.041269462110421,0.08812260536398467,18.247616772662525,0.46602572342477955,1.8723027113997985,1.6805826210770907,"[""ArrayList"", ""DateTimeFieldType"", ""Arrays"", ""DateTimeFormatter"", ""ISODateTimeFormat"", ""TestISODateTimeFormat_Fields"", ""Partial"", ""List""]","[0.026155717761557177, 0.024943310657596373, 0.023114355231143552, 0.017691659646166806, 0.013590033975084938, 0.007662835249042145]","[2.559610705596107, 3.6621315192743764, 4.401459854014599, 2.2350463352990735, 5.301245753114383, 0.08812260536398467]"
org.joda.time.format.TestISODateTimeFormat_Fields.testForFields_calBased_Y,0.026155717761557177,0.018859652086765162,0.007662835249042145,0.11315791252059097,0.01569884310692763,0.017403243150772765,0.006618758235322172,5.301245753114383,3.041269462110421,0.08812260536398467,18.247616772662525,0.46602572342477955,1.8723027113997985,1.6805826210770907,"[""ArrayList"", ""DateTimeFieldType"", ""Arrays"", ""DateTimeFormatter"", ""ISODateTimeFormat"", ""TestISODateTimeFormat_Fields"", ""Partial"", ""List""]","[0.026155717761557177, 0.024943310657596373, 0.023114355231143552, 0.017691659646166806, 0.013590033975084938, 0.007662835249042145]","[2.559610705596107, 3.6621315192743764, 4.401459854014599, 2.2350463352990735, 5.301245753114383, 0.08812260536398467]"
org.joda.time.format.TestISODateTimeFormat_Fields.testForFields_calBased_M,0.026155717761557177,0.018859652086765162,0.007662835249042145,0.11315791252059097,0.01569884310692763,0.017403243150772765,0.006618758235322172,5.301245753114383,3.041269462110421,0.08812260536398467,18.247616772662525,0.46602572342477955,1.8723027113997985,1.6805826210770907,"[""ArrayList"", ""DateTimeFieldType"", ""Arrays"", ""DateTimeFormatter"", ""ISODateTimeFormat"", ""TestISODateTimeFormat_Fields"", ""Partial"", ""List""]","[0.026155717761557177, 0.024943310657596373, 0.023114355231143552, 0.017691659646166806, 0.013590033975084938, 0.007662835249042145]","[2.559610705596107, 3.6621315192743764, 4.401459854014599, 2.2350463352990735, 5.301245753114383, 0.08812260536398467]"
org.joda.time.format.TestISODateTimeFormat_Fields.testForFields_time_HS,0.026155717761557177,0.018859652086765162,0.007662835249042145,0.11315791252059097,0.01569884310692763,0.017403243150772765,0.006618758235322172,5.301245753114383,3.041269462110421,0.08812260536398467,18.247616772662525,0.46602572342477955,1.8723027113997985,1.6805826210770907,"[""ArrayList"", ""DateTimeFieldType"", ""Arrays"", ""DateTimeFormatter"", ""ISODateTimeFormat"", ""TestISODateTimeFormat_Fields"", ""Partial"", ""List""]","[0.026155717761557177, 0.024943310657596373, 0.023114355231143552, 0.017691659646166806, 0.013590033975084938, 0.007662835249042145]","[2.559610705596107, 3.6621315192743764, 4.401459854014599, 2.2350463352990735, 5.301245753114383, 0.08812260536398467]"
org.joda.time.format.TestISODateTimeFormat_Fields.testForFields_calBased_D,0.026155717761557177,0.018859652086765162,0.007662835249042145,0.11315791252059097,0.01569884310692763,0.017403243150772765,0.006618758235322172,5.301245753114383,3.041269462110421,0.08812260536398467,18.247616772662525,0.46602572342477955,1.8723027113997985,1.6805826210770907,"[""ArrayList"", ""DateTimeFieldType"", ""Arrays"", ""DateTimeFormatter"", ""ISODateTimeFormat"", ""TestISODateTimeFormat_Fields"", ""Partial"", ""List""]","[0.026155717761557177, 0.024943310657596373, 0.023114355231143552, 0.017691659646166806, 0.013590033975084938, 0.007662835249042145]","[2.559610705596107, 3.6621315192743764, 4.401459854014599, 2.2350463352990735, 5.301245753114383, 0.08812260536398467]"
org.joda.time.format.TestISODateTimeFormat_Fields.testForFields_time_HM,0.026155717761557177,0.018859652086765162,0.007662835249042145,0.11315791252059097,0.01569884310692763,0.017403243150772765,0.006618758235322172,5.301245753114383,3.041269462110421,0.08812260536398467,18.247616772662525,0.46602572342477955,1.8723027113997985,1.6805826210770907,"[""ArrayList"", ""DateTimeFieldType"", ""Arrays"", ""DateTimeFormatter"", ""ISODateTimeFormat"", ""TestISODateTimeFormat_Fields"", ""Partial"", ""List""]","[0.026155717761557177, 0.024943310657596373, 0.023114355231143552, 0.017691659646166806, 0.013590033975084938, 0.007662835249042145]","[2.559610705596107, 3.6621315192743764, 4.401459854014599, 2.2350463352990735, 5.301245753114383, 0.08812260536398467]"
org.joda.time.format.TestISODateTimeFormat_Fields.testForFields_calBased_MD,0.026155717761557177,0.018859652086765162,0.007662835249042145,0.11315791252059097,0.01569884310692763,0.017403243150772765,0.006618758235322172,5.301245753114383,3.041269462110421,0.08812260536398467,18.247616772662525,0.46602572342477955,1.8723027113997985,1.6805826210770907,"[""ArrayList"", ""DateTimeFieldType"", ""Arrays"", ""DateTimeFormatter"", ""ISODateTimeFormat"", ""TestISODateTimeFormat_Fields"", ""Partial"", ""List""]","[0.026155717761557177, 0.024943310657596373, 0.023114355231143552, 0.017691659646166806, 0.013590033975084938, 0.007662835249042145]","[2.559610705596107, 3.6621315192743764, 4.401459854014599, 2.2350463352990735, 5.301245753114383, 0.08812260536398467]"
org.joda.time.format.TestISODateTimeFormat_Fields.testForFields_time_HSm,0.026155717761557177,0.018859652086765162,0.007662835249042145,0.11315791252059097,0.01569884310692763,0.017403243150772765,0.006618758235322172,5.301245753114383,3.041269462110421,0.08812260536398467,18.247616772662525,0.46602572342477955,1.8723027113997985,1.6805826210770907,"[""ArrayList"", ""DateTimeFieldType"", ""Arrays"", ""DateTimeFormatter"", ""ISODateTimeFormat"", ""TestISODateTimeFormat_Fields"", ""Partial"", ""List""]","[0.026155717761557177, 0.024943310657596373, 0.023114355231143552, 0.017691659646166806, 0.013590033975084938, 0.007662835249042145]","[2.559610705596107, 3.6621315192743764, 4.401459854014599, 2.2350463352990735, 5.301245753114383, 0.08812260536398467]"
org.joda.time.format.TestISODateTimeFormat_Fields.testForFields_weekBased_YWD,0.026155717761557177,0.018859652086765162,0.007662835249042145,0.11315791252059097,0.01569884310692763,0.017403243150772765,0.006618758235322172,5.301245753114383,3.041269462110421,0.08812260536398467,18.247616772662525,0.46602572342477955,1.8723027113997985,1.6805826210770907,"[""ArrayList"", ""DateTimeFieldType"", ""Arrays"", ""DateTimeFormatter"", ""ISODateTimeFormat"", ""TestISODateTimeFormat_Fields"", ""Partial"", ""List""]","[0.026155717761557177, 0.024943310657596373, 0.023114355231143552, 0.017691659646166806, 0.013590033975084938, 0.007662835249042145]","[2.559610705596107, 3.6621315192743764, 4.401459854014599, 2.2350463352990735, 5.301245753114383, 0.08812260536398467]"
org.joda.time.format.TestISODateTimeFormat_Fields.testForFields_datetime_YMDH,0.026155717761557177,0.018859652086765162,0.007662835249042145,0.11315791252059097,0.01569884310692763,0.017403243150772765,0.006618758235322172,5.301245753114383,3.041269462110421,0.08812260536398467,18.247616772662525,0.46602572342477955,1.8723027113997985,1.6805826210770907,"[""ArrayList"", ""DateTimeFieldType"", ""Arrays"", ""DateTimeFormatter"", ""ISODateTimeFormat"", ""TestISODateTimeFormat_Fields"", ""Partial"", ""List""]","[0.026155717761557177, 0.024943310657596373, 0.023114355231143552, 0.017691659646166806, 0.013590033975084938, 0.007662835249042145]","[2.559610705596107, 3.6621315192743764, 4.401459854014599, 2.2350463352990735, 5.301245753114383, 0.08812260536398467]"
org.joda.time.format.TestISODateTimeFormat_Fields.testForFields_calBased_YD,0.026155717761557177,0.018859652086765162,0.007662835249042145,0.11315791252059097,0.01569884310692763,0.017403243150772765,0.006618758235322172,5.301245753114383,3.041269462110421,0.08812260536398467,18.247616772662525,0.46602572342477955,1.8723027113997985,1.6805826210770907,"[""ArrayList"", ""DateTimeFieldType"", ""Arrays"", ""DateTimeFormatter"", ""ISODateTimeFormat"", ""TestISODateTimeFormat_Fields"", ""Partial"", ""List""]","[0.026155717761557177, 0.024943310657596373, 0.023114355231143552, 0.017691659646166806, 0.013590033975084938, 0.007662835249042145]","[2.559610705596107, 3.6621315192743764, 4.401459854014599, 2.2350463352990735, 5.301245753114383, 0.08812260536398467]"
org.joda.time.format.TestISODateTimeFormat_Fields.testForFields_calBased_YMD,0.026155717761557177,0.018859652086765162,0.007662835249042145,0.11315791252059097,0.01569884310692763,0.017403243150772765,0.006618758235322172,5.301245753114383,3.041269462110421,0.08812260536398467,18.247616772662525,0.46602572342477955,1.8723027113997985,1.6805826210770907,"[""ArrayList"", ""DateTimeFieldType"", ""Arrays"", ""DateTimeFormatter"", ""ISODateTimeFormat"", ""TestISODateTimeFormat_Fields"", ""Partial"", ""List""]","[0.026155717761557177, 0.024943310657596373, 0.023114355231143552, 0.017691659646166806, 0.013590033975084938, 0.007662835249042145]","[2.559610705596107, 3.6621315192743764, 4.401459854014599, 2.2350463352990735, 5.301245753114383, 0.08812260536398467]"
org.joda.time.format.TestISODateTimeFormat_Fields.testForFields_ordinalBased_YD,0.026155717761557177,0.018859652086765162,0.007662835249042145,0.11315791252059097,0.01569884310692763,0.017403243150772765,0.006618758235322172,5.301245753114383,3.041269462110421,0.08812260536398467,18.247616772662525,0.46602572342477955,1.8723027113997985,1.6805826210770907,"[""ArrayList"", ""DateTimeFieldType"", ""Arrays"", ""DateTimeFormatter"", ""ISODateTimeFormat"", ""TestISODateTimeFormat_Fields"", ""Partial"", ""List""]","[0.026155717761557177, 0.024943310657596373, 0.023114355231143552, 0.017691659646166806, 0.013590033975084938, 0.007662835249042145]","[2.559610705596107, 3.6621315192743764, 4.401459854014599, 2.2350463352990735, 5.301245753114383, 0.08812260536398467]"
org.joda.time.format.TestISODateTimeFormat_Fields.testForFields_weekBased_W,0.026155717761557177,0.018859652086765162,0.007662835249042145,0.11315791252059097,0.01569884310692763,0.017403243150772765,0.006618758235322172,5.301245753114383,3.041269462110421,0.08812260536398467,18.247616772662525,0.46602572342477955,1.8723027113997985,1.6805826210770907,"[""ArrayList"", ""DateTimeFieldType"", ""Arrays"", ""DateTimeFormatter"", ""ISODateTimeFormat"", ""TestISODateTimeFormat_Fields"", ""Partial"", ""List""]","[0.026155717761557177, 0.024943310657596373, 0.023114355231143552, 0.017691659646166806, 0.013590033975084938, 0.007662835249042145]","[2.559610705596107, 3.6621315192743764, 4.401459854014599, 2.2350463352990735, 5.301245753114383, 0.08812260536398467]"
org.joda.time.format.TestISODateTimeFormat_Fields.testForFields_calBased_YM,0.026155717761557177,0.018859652086765162,0.007662835249042145,0.11315791252059097,0.01569884310692763,0.017403243150772765,0.006618758235322172,5.301245753114383,3.041269462110421,0.08812260536398467,18.247616772662525,0.46602572342477955,1.8723027113997985,1.6805826210770907,"[""ArrayList"", ""DateTimeFieldType"", ""Arrays"", ""DateTimeFormatter"", ""ISODateTimeFormat"", ""TestISODateTimeFormat_Fields"", ""Partial"", ""List""]","[0.026155717761557177, 0.024943310657596373, 0.023114355231143552, 0.017691659646166806, 0.013590033975084938, 0.007662835249042145]","[2.559610705596107, 3.6621315192743764, 4.401459854014599, 2.2350463352990735, 5.301245753114383, 0.08812260536398467]"
org.joda.time.format.TestISODateTimeFormat_Fields.testForFields_time_M,0.026155717761557177,0.018859652086765162,0.007662835249042145,0.11315791252059097,0.01569884310692763,0.017403243150772765,0.006618758235322172,5.301245753114383,3.041269462110421,0.08812260536398467,18.247616772662525,0.46602572342477955,1.8723027113997985,1.6805826210770907,"[""ArrayList"", ""DateTimeFieldType"", ""Arrays"", ""DateTimeFormatter"", ""ISODateTimeFormat"", ""TestISODateTimeFormat_Fields"", ""Partial"", ""List""]","[0.026155717761557177, 0.024943310657596373, 0.023114355231143552, 0.017691659646166806, 0.013590033975084938, 0.007662835249042145]","[2.559610705596107, 3.6621315192743764, 4.401459854014599, 2.2350463352990735, 5.301245753114383, 0.08812260536398467]"
org.joda.time.format.TestISODateTimeFormat_Fields.testForFields_weekBased_WD,0.026155717761557177,0.018859652086765162,0.007662835249042145,0.11315791252059097,0.01569884310692763,0.017403243150772765,0.006618758235322172,5.301245753114383,3.041269462110421,0.08812260536398467,18.247616772662525,0.46602572342477955,1.8723027113997985,1.6805826210770907,"[""ArrayList"", ""DateTimeFieldType"", ""Arrays"", ""DateTimeFormatter"", ""ISODateTimeFormat"", ""TestISODateTimeFormat_Fields"", ""Partial"", ""List""]","[0.026155717761557177, 0.024943310657596373, 0.023114355231143552, 0.017691659646166806, 0.013590033975084938, 0.007662835249042145]","[2.559610705596107, 3.6621315192743764, 4.401459854014599, 2.2350463352990735, 5.301245753114383, 0.08812260536398467]"
org.joda.time.format.TestISODateTimeFormat_Fields.testForFields_datetime_DM,0.026155717761557177,0.018859652086765162,0.007662835249042145,0.11315791252059097,0.01569884310692763,0.017403243150772765,0.006618758235322172,5.301245753114383,3.041269462110421,0.08812260536398467,18.247616772662525,0.46602572342477955,1.8723027113997985,1.6805826210770907,"[""ArrayList"", ""DateTimeFieldType"", ""Arrays"", ""DateTimeFormatter"", ""ISODateTimeFormat"", ""TestISODateTimeFormat_Fields"", ""Partial"", ""List""]","[0.026155717761557177, 0.024943310657596373, 0.023114355231143552, 0.017691659646166806, 0.013590033975084938, 0.007662835249042145]","[2.559610705596107, 3.6621315192743764, 4.401459854014599, 2.2350463352990735, 5.301245753114383, 0.08812260536398467]"
org.joda.time.format.TestISODateTimeFormat_Fields.testForFields_datetime_DH,0.026155717761557177,0.018859652086765162,0.007662835249042145,0.11315791252059097,0.01569884310692763,0.017403243150772765,0.006618758235322172,5.301245753114383,3.041269462110421,0.08812260536398467,18.247616772662525,0.46602572342477955,1.8723027113997985,1.6805826210770907,"[""ArrayList"", ""DateTimeFieldType"", ""Arrays"", ""DateTimeFormatter"", ""ISODateTimeFormat"", ""TestISODateTimeFormat_Fields"", ""Partial"", ""List""]","[0.026155717761557177, 0.024943310657596373, 0.023114355231143552, 0.017691659646166806, 0.013590033975084938, 0.007662835249042145]","[2.559610705596107, 3.6621315192743764, 4.401459854014599, 2.2350463352990735, 5.301245753114383, 0.08812260536398467]"
org.joda.time.format.TestISODateTimeFormat_Fields.testForFields_time_HMS,0.026155717761557177,0.018859652086765162,0.007662835249042145,0.11315791252059097,0.01569884310692763,0.017403243150772765,0.006618758235322172,5.301245753114383,3.041269462110421,0.08812260536398467,18.247616772662525,0.46602572342477955,1.8723027113997985,1.6805826210770907,"[""ArrayList"", ""DateTimeFieldType"", ""Arrays"", ""DateTimeFormatter"", ""ISODateTimeFormat"", ""TestISODateTimeFormat_Fields"", ""Partial"", ""List""]","[0.026155717761557177, 0.024943310657596373, 0.023114355231143552, 0.017691659646166806, 0.013590033975084938, 0.007662835249042145]","[2.559610705596107, 3.6621315192743764, 4.401459854014599, 2.2350463352990735, 5.301245753114383, 0.08812260536398467]"
org.joda.time.format.TestISODateTimeFormat_Fields.testForFields_time_S,0.026155717761557177,0.018859652086765162,0.007662835249042145,0.11315791252059097,0.01569884310692763,0.017403243150772765,0.006618758235322172,5.301245753114383,3.041269462110421,0.08812260536398467,18.247616772662525,0.46602572342477955,1.8723027113997985,1.6805826210770907,"[""ArrayList"", ""DateTimeFieldType"", ""Arrays"", ""DateTimeFormatter"", ""ISODateTimeFormat"", ""TestISODateTimeFormat_Fields"", ""Partial"", ""List""]","[0.026155717761557177, 0.024943310657596373, 0.023114355231143552, 0.017691659646166806, 0.013590033975084938, 0.007662835249042145]","[2.559610705596107, 3.6621315192743764, 4.401459854014599, 2.2350463352990735, 5.301245753114383, 0.08812260536398467]"
org.joda.time.format.TestISODateTimeFormat_Fields.testForFields_datetime_YH,0.026155717761557177,0.018859652086765162,0.007662835249042145,0.11315791252059097,0.01569884310692763,0.017403243150772765,0.006618758235322172,5.301245753114383,3.041269462110421,0.08812260536398467,18.247616772662525,0.46602572342477955,1.8723027113997985,1.6805826210770907,"[""ArrayList"", ""DateTimeFieldType"", ""Arrays"", ""DateTimeFormatter"", ""ISODateTimeFormat"", ""TestISODateTimeFormat_Fields"", ""Partial"", ""List""]","[0.026155717761557177, 0.024943310657596373, 0.023114355231143552, 0.017691659646166806, 0.013590033975084938, 0.007662835249042145]","[2.559610705596107, 3.6621315192743764, 4.401459854014599, 2.2350463352990735, 5.301245753114383, 0.08812260536398467]"
org.joda.time.format.TestISODateTimeFormat_Fields.testForFields_weekBased_YD,0.026155717761557177,0.018859652086765162,0.007662835249042145,0.11315791252059097,0.01569884310692763,0.017403243150772765,0.006618758235322172,5.301245753114383,3.041269462110421,0.08812260536398467,18.247616772662525,0.46602572342477955,1.8723027113997985,1.6805826210770907,"[""ArrayList"", ""DateTimeFieldType"", ""Arrays"", ""DateTimeFormatter"", ""ISODateTimeFormat"", ""TestISODateTimeFormat_Fields"", ""Partial"", ""List""]","[0.026155717761557177, 0.024943310657596373, 0.023114355231143552, 0.017691659646166806, 0.013590033975084938, 0.007662835249042145]","[2.559610705596107, 3.6621315192743764, 4.401459854014599, 2.2350463352990735, 5.301245753114383, 0.08812260536398467]"
org.joda.time.format.TestISODateTimeFormat_Fields.testForFields_time_Mm,0.026155717761557177,0.018859652086765162,0.007662835249042145,0.11315791252059097,0.01569884310692763,0.017403243150772765,0.006618758235322172,5.301245753114383,3.041269462110421,0.08812260536398467,18.247616772662525,0.46602572342477955,1.8723027113997985,1.6805826210770907,"[""ArrayList"", ""DateTimeFieldType"", ""Arrays"", ""DateTimeFormatter"", ""ISODateTimeFormat"", ""TestISODateTimeFormat_Fields"", ""Partial"", ""List""]","[0.026155717761557177, 0.024943310657596373, 0.023114355231143552, 0.017691659646166806, 0.013590033975084938, 0.007662835249042145]","[2.559610705596107, 3.6621315192743764, 4.401459854014599, 2.2350463352990735, 5.301245753114383, 0.08812260536398467]"
org.joda.time.TestBaseSingleFieldPeriod.testToPeriod,0.031857031857031856,0.02262919427070923,0.013479359730412805,0.11314597135354616,0.020949773660085116,0.021813464258606318,0.005880665812036662,5.1313131313131315,2.9494839512153894,1.2468407750631845,14.747419756076948,2.3052621911053452,2.6122057395483553,1.4049715351278176,"[""BaseSingleFieldPeriod"", ""TestBaseSingleFieldPeriod$Single"", ""TestBaseSingleFieldPeriod"", ""PeriodType"", ""Period"", ""DurationFieldType""]","[0.031857031857031856, 0.023423423423423424, 0.023423423423423424, 0.02096273291925466, 0.013479359730412805]","[5.1313131313131315, 2.511711711711712, 1.9243243243243244, 3.9332298136645965, 1.2468407750631845]"
org.joda.time.TestBaseSingleFieldPeriod.testFactory_standardPeriodIn_RPeriod,0.031857031857031856,0.02262919427070923,0.013479359730412805,0.11314597135354616,0.020949773660085116,0.021813464258606318,0.005880665812036662,5.1313131313131315,2.9494839512153894,1.2468407750631845,14.747419756076948,2.3052621911053452,2.6122057395483553,1.4049715351278176,"[""BaseSingleFieldPeriod"", ""TestBaseSingleFieldPeriod$Single"", ""TestBaseSingleFieldPeriod"", ""PeriodType"", ""Period"", ""DurationFieldType""]","[0.031857031857031856, 0.023423423423423424, 0.023423423423423424, 0.02096273291925466, 0.013479359730412805]","[5.1313131313131315, 2.511711711711712, 1.9243243243243244, 3.9332298136645965, 1.2468407750631845]"
org.joda.time.TestLocalTime_Basics.testPlus_RP,0.05547226386806597,0.037631068499844635,0.02556390977443609,0.11289320549953391,0.03388493566342725,0.03561526324203454,0.012874575346055633,8.113943028485757,6.115837266298878,5.102255639097744,18.347511798896633,5.835233101877052,5.966791952889372,1.4129239333445542,"[""TestLocalTime_Basics"", ""LocalTime"", ""Period""]","[0.05547226386806597, 0.031857031857031856, 0.02556390977443609]","[8.113943028485757, 5.1313131313131315, 5.102255639097744]"
org.joda.time.TestLocalTime_Basics.testMinus_RP,0.05547226386806597,0.037631068499844635,0.02556390977443609,0.11289320549953391,0.03388493566342725,0.03561526324203454,0.012874575346055633,8.113943028485757,6.115837266298878,5.102255639097744,18.347511798896633,5.835233101877052,5.966791952889372,1.4129239333445542,"[""TestLocalTime_Basics"", ""LocalTime"", ""Period""]","[0.05547226386806597, 0.031857031857031856, 0.02556390977443609]","[8.113943028485757, 5.1313131313131315, 5.102255639097744]"
org.joda.time.TestInterval_Constructors.testConstructor_RI_RI_chronoStart,0.041970802919708027,0.028176704607734273,0.023114355231143552,0.11270681843093709,0.026475014168734975,0.027232841970105236,0.00796935729303145,5.9939172749391725,3.3489308932566737,1.618601747815231,13.395723573026695,2.709397839278663,3.001075925446145,1.6131536173108407,"[""Interval"", ""TestInterval_Constructors"", ""GJChronology"", ""DateTime""]","[0.041970802919708027, 0.023901310717039322, 0.02372034956304619, 0.023114355231143552]","[5.9939172749391725, 2.87201233616037, 1.618601747815231, 2.911192214111922]"
org.joda.time.TestInterval_Constructors.testConstructor_long_long_Chronology,0.041970802919708027,0.028176704607734273,0.023114355231143552,0.11270681843093709,0.026475014168734975,0.027232841970105236,0.00796935729303145,5.9939172749391725,3.3489308932566737,1.618601747815231,13.395723573026695,2.709397839278663,3.001075925446145,1.6131536173108407,"[""Interval"", ""TestInterval_Constructors"", ""GJChronology"", ""DateTime""]","[0.041970802919708027, 0.023901310717039322, 0.02372034956304619, 0.023114355231143552]","[5.9939172749391725, 2.87201233616037, 1.618601747815231, 2.911192214111922]"
org.joda.time.TestMutableDateTime_Basics.testIsBefore,0.03527980535279805,0.022476437348835695,0.015206812652068127,0.11238218674417848,0.02040853766752149,0.021365066624273624,0.007442255031999861,4.203771289537713,2.020857149054782,0.6593673965936739,10.104285745273911,1.2348563610143577,1.5838329786144953,1.3157302339920767,"[""AbstractInstant"", ""MutableDateTime"", ""GregorianChronology"", ""TestMutableDateTime_Basics"", ""ISOChronology"", ""TestMutableDateTime_Basics$MockInstant""]","[0.03527980535279805, 0.026155717761557177, 0.019316493313521546, 0.016423357664233577, 0.015206812652068127]","[4.203771289537713, 1.9227493917274938, 2.598811292719168, 0.6593673965936739, 0.7195863746958637]"
org.joda.time.TestMutableDateTime_Basics.testCompareTo,0.03527980535279805,0.022476437348835695,0.015206812652068127,0.11238218674417848,0.02040853766752149,0.021365066624273624,0.007442255031999861,4.203771289537713,2.020857149054782,0.6593673965936739,10.104285745273911,1.2348563610143577,1.5838329786144953,1.3157302339920767,"[""AbstractInstant"", ""MutableDateTime"", ""GregorianChronology"", ""TestMutableDateTime_Basics"", ""ISOChronology"", ""TestMutableDateTime_Basics$MockInstant""]","[0.03527980535279805, 0.026155717761557177, 0.019316493313521546, 0.016423357664233577, 0.015206812652068127]","[4.203771289537713, 1.9227493917274938, 2.598811292719168, 0.6593673965936739, 0.7195863746958637]"
org.joda.time.TestMutableDateTime_Basics.testIsAfter,0.03527980535279805,0.022476437348835695,0.015206812652068127,0.11238218674417848,0.02040853766752149,0.021365066624273624,0.007442255031999861,4.203771289537713,2.020857149054782,0.6593673965936739,10.104285745273911,1.2348563610143577,1.5838329786144953,1.3157302339920767,"[""AbstractInstant"", ""MutableDateTime"", ""GregorianChronology"", ""TestMutableDateTime_Basics"", ""ISOChronology"", ""TestMutableDateTime_Basics$MockInstant""]","[0.03527980535279805, 0.026155717761557177, 0.019316493313521546, 0.016423357664233577, 0.015206812652068127]","[4.203771289537713, 1.9227493917274938, 2.598811292719168, 0.6593673965936739, 0.7195863746958637]"
org.joda.time.TestMutableDateTime_Basics.testIsEqual,0.03527980535279805,0.022476437348835695,0.015206812652068127,0.11238218674417848,0.02040853766752149,0.021365066624273624,0.007442255031999861,4.203771289537713,2.020857149054782,0.6593673965936739,10.104285745273911,1.2348563610143577,1.5838329786144953,1.3157302339920767,"[""AbstractInstant"", ""MutableDateTime"", ""GregorianChronology"", ""TestMutableDateTime_Basics"", ""ISOChronology"", ""TestMutableDateTime_Basics$MockInstant""]","[0.03527980535279805, 0.026155717761557177, 0.019316493313521546, 0.016423357664233577, 0.015206812652068127]","[4.203771289537713, 1.9227493917274938, 2.598811292719168, 0.6593673965936739, 0.7195863746958637]"
org.joda.time.TestYearMonthDay_Basics.testMinus_RP,0.03952011291460833,0.028026514497857327,0.016423357664233577,0.11210605799142931,0.025200729899189155,0.026625498486372582,0.00859148490891481,5.1313131313131315,3.3211789740532187,1.1368613138686132,13.284715896212875,2.4321834532949604,2.9108775976887777,1.4247222504694257,"[""TestYearMonthDay_Basics"", ""BuddhistChronology"", ""YearMonthDay"", ""Period""]","[0.03952011291460833, 0.031857031857031856, 0.024305555555555556, 0.016423357664233577]","[3.5356386732533522, 5.1313131313131315, 3.4809027777777777, 1.1368613138686132]"
org.joda.time.TestYearMonthDay_Basics.testPlus_RP,0.03952011291460833,0.028026514497857327,0.016423357664233577,0.11210605799142931,0.025200729899189155,0.026625498486372582,0.00859148490891481,5.1313131313131315,3.3211789740532187,1.1368613138686132,13.284715896212875,2.4321834532949604,2.9108775976887777,1.4247222504694257,"[""TestYearMonthDay_Basics"", ""BuddhistChronology"", ""YearMonthDay"", ""Period""]","[0.03952011291460833, 0.031857031857031856, 0.024305555555555556, 0.016423357664233577]","[3.5356386732533522, 5.1313131313131315, 3.4809027777777777, 1.1368613138686132]"
org.joda.time.convert.TestStringConverter.testGetInstantMillis_Object_Chronology,0.041970802919708027,0.028017114445858617,0.019464720194647202,0.11206845778343447,0.025938465012535352,0.026899026389155388,0.008405346291135088,5.9939172749391725,2.500302968511569,0.8479318734793188,10.001211874046277,1.3735002824904547,1.7894250629372312,2.096833063570007,"[""StringConverter"", ""DateTime"", ""JulianChronology"", ""TestStringConverter""]","[0.041970802919708027, 0.025602409638554216, 0.025030525030525032, 0.019464720194647202]","[5.9939172749391725, 2.2710843373493974, 0.8882783882783882, 0.8479318734793188]"
org.joda.time.convert.TestCalendarConverter.testGetPartialValues,0.04654346338124572,0.015992809528921716,0.0026666666666666666,0.11194966670245202,0.008163997512821795,0.011503636024492921,0.01355513570771272,4.317590691307323,1.147709476812441,0.04933333333333333,8.033966337687087,0.16083162849930163,0.3988444166500699,1.4978522432912684,"[""TestCalendarConverter"", ""TimeOfDay"", ""Arrays"", ""Chronology"", ""CalendarConverter"", ""GregorianCalendar"", ""Date""]","[0.04654346338124572, 0.020072992700729927, 0.015770609318996417, 0.0115995115995116, 0.007662835249042145, 0.007633587786259542, 0.0026666666666666666]","[4.317590691307323, 2.3728710462287106, 0.7003584229390681, 0.36446886446886445, 0.08812260536398467, 0.14122137404580154, 0.04933333333333333]"
org.joda.time.TestMutableDateTime_Basics.testToDateTimeISO,0.041970802919708027,0.027943478559523935,0.015206812652068127,0.11177391423809574,0.023570987477039628,0.02568088495846001,0.011036700734327443,5.9939172749391725,3.3790215579729788,0.7195863746958637,13.516086231891915,1.835539357623169,2.6200035229900625,1.9493085493569156,"[""Object"", ""MutableDateTime"", ""TestMutableDateTime_Basics"", ""ISOChronology"", ""DateTime""]","[0.041970802919708027, 0.03527980535279805, 0.019316493313521546, 0.015206812652068127]","[5.9939172749391725, 4.203771289537713, 2.598811292719168, 0.7195863746958637]"
org.joda.time.TestMutableDateTime_Basics.testToDateTime,0.041970802919708027,0.027943478559523935,0.015206812652068127,0.11177391423809574,0.023570987477039628,0.02568088495846001,0.011036700734327443,5.9939172749391725,3.3790215579729788,0.7195863746958637,13.516086231891915,1.835539357623169,2.6200035229900625,1.9493085493569156,"[""TestMutableDateTime_Basics"", ""MutableDateTime"", ""ISOChronology"", ""DateTime""]","[0.041970802919708027, 0.03527980535279805, 0.019316493313521546, 0.015206812652068127]","[5.9939172749391725, 4.203771289537713, 2.598811292719168, 0.7195863746958637]"
org.joda.time.TestInstant_Basics.testToDateTime_Chronology,0.041970802919708027,0.02233540067610991,0.015206812652068127,0.11167700338054955,0.019563289083102373,0.020696385549630075,0.009934059585309867,5.9939172749391725,2.087000559070793,0.6593673965936739,10.435002795353965,1.0978472367043082,1.425161056751831,2.017119491099003,"[""GregorianChronology"", ""Instant"", ""ISOChronology"", ""DateTime"", ""TestInstant_Basics""]","[0.041970802919708027, 0.019464720194647202, 0.018611309949892626, 0.016423357664233577, 0.015206812652068127]","[5.9939172749391725, 1.0048661800486618, 2.0572655690765926, 0.6593673965936739, 0.7195863746958637]"
org.joda.time.TestDateTime_Basics.testWithFields_RPartial,0.041970802919708027,0.03718511319984251,0.030064423765211165,0.11155533959952753,0.036411495126601565,0.03680776488890145,0.0051335260067927775,5.9939172749391725,4.7281769648353515,3.5356386732533522,14.184530894506054,4.514713033462076,4.620603003567847,1.0049219944895722,"[""YearMonthDay"", ""TestDateTime_Basics"", ""DateTime""]","[0.041970802919708027, 0.03952011291460833, 0.030064423765211165]","[5.9939172749391725, 3.5356386732533522, 4.654974946313529]"
org.joda.time.TestDateTime_Basics.testToYearMonthDay,0.041970802919708027,0.03718511319984251,0.030064423765211165,0.11155533959952753,0.036411495126601565,0.03680776488890145,0.0051335260067927775,5.9939172749391725,4.7281769648353515,3.5356386732533522,14.184530894506054,4.514713033462076,4.620603003567847,1.0049219944895722,"[""YearMonthDay"", ""TestDateTime_Basics"", ""DateTime""]","[0.041970802919708027, 0.03952011291460833, 0.030064423765211165]","[5.9939172749391725, 3.5356386732533522, 4.654974946313529]"
org.joda.time.TestIllegalFieldValueException.testGJCutover,0.041970802919708027,0.02225711794536859,0.013157894736842105,0.11128558972684295,0.018885319581094514,0.020322795561117084,0.010399035194111768,5.9939172749391725,2.7850487087296827,1.2532894736842106,13.925243543648413,2.0759951657529196,2.3706324416245095,1.7048269910687972,"[""IllegalFieldValueException"", ""GJChronology"", ""DateTimeFieldType"", ""TestIllegalFieldValueException"", ""DateTime$Property"", ""Integer"", ""DateTime""]","[0.041970802919708027, 0.023114355231143552, 0.017691659646166806, 0.015350877192982455, 0.013157894736842105]","[5.9939172749391725, 2.911192214111922, 2.2350463352990735, 1.2532894736842106, 1.531798245614035]"
org.joda.time.TestLocalDate_Basics.testToString_String_Locale,0.0718562874251497,0.055595314665676215,0.039334341906202726,0.11119062933135243,0.050839172233990544,0.05316408353100065,0.016260972759473486,10.74251497005988,8.926476849629033,7.110438729198185,17.852953699258066,8.55701479753229,8.739793732812295,1.8160381204308473,"[""TestLocalDate_Basics"", ""LocalDate""]","[0.0718562874251497, 0.039334341906202726]","[10.74251497005988, 7.110438729198185]"
org.joda.time.TestLocalDate_Basics.testSize,0.0718562874251497,0.055595314665676215,0.039334341906202726,0.11119062933135243,0.050839172233990544,0.05316408353100065,0.016260972759473486,10.74251497005988,8.926476849629033,7.110438729198185,17.852953699258066,8.55701479753229,8.739793732812295,1.8160381204308473,"[""TestLocalDate_Basics"", ""LocalDate""]","[0.0718562874251497, 0.039334341906202726]","[10.74251497005988, 7.110438729198185]"
org.joda.time.TestLocalDate_Basics.testMinusWeeks_int,0.0718562874251497,0.055595314665676215,0.039334341906202726,0.11119062933135243,0.050839172233990544,0.05316408353100065,0.016260972759473486,10.74251497005988,8.926476849629033,7.110438729198185,17.852953699258066,8.55701479753229,8.739793732812295,1.8160381204308473,"[""TestLocalDate_Basics"", ""LocalDate""]","[0.0718562874251497, 0.039334341906202726]","[10.74251497005988, 7.110438729198185]"
org.joda.time.TestLocalDate_Basics.testPlusWeeks_int,0.0718562874251497,0.055595314665676215,0.039334341906202726,0.11119062933135243,0.050839172233990544,0.05316408353100065,0.016260972759473486,10.74251497005988,8.926476849629033,7.110438729198185,17.852953699258066,8.55701479753229,8.739793732812295,1.8160381204308473,"[""TestLocalDate_Basics"", ""LocalDate""]","[0.0718562874251497, 0.039334341906202726]","[10.74251497005988, 7.110438729198185]"
org.joda.time.TestLocalDate_Basics.testGetValue_int,0.0718562874251497,0.055595314665676215,0.039334341906202726,0.11119062933135243,0.050839172233990544,0.05316408353100065,0.016260972759473486,10.74251497005988,8.926476849629033,7.110438729198185,17.852953699258066,8.55701479753229,8.739793732812295,1.8160381204308473,"[""TestLocalDate_Basics"", ""LocalDate""]","[0.0718562874251497, 0.039334341906202726]","[10.74251497005988, 7.110438729198185]"
org.joda.time.TestLocalDate_Basics.testToLocalDateTime_nullLocalTime,0.0718562874251497,0.055595314665676215,0.039334341906202726,0.11119062933135243,0.050839172233990544,0.05316408353100065,0.016260972759473486,10.74251497005988,8.926476849629033,7.110438729198185,17.852953699258066,8.55701479753229,8.739793732812295,1.8160381204308473,"[""TestLocalDate_Basics"", ""LocalDate""]","[0.0718562874251497, 0.039334341906202726]","[10.74251497005988, 7.110438729198185]"
org.joda.time.TestLocalDate_Basics.testPlusDays_int,0.0718562874251497,0.055595314665676215,0.039334341906202726,0.11119062933135243,0.050839172233990544,0.05316408353100065,0.016260972759473486,10.74251497005988,8.926476849629033,7.110438729198185,17.852953699258066,8.55701479753229,8.739793732812295,1.8160381204308473,"[""TestLocalDate_Basics"", ""LocalDate""]","[0.0718562874251497, 0.039334341906202726]","[10.74251497005988, 7.110438729198185]"
org.joda.time.TestLocalDate_Basics.testPlusYears_int,0.0718562874251497,0.055595314665676215,0.039334341906202726,0.11119062933135243,0.050839172233990544,0.05316408353100065,0.016260972759473486,10.74251497005988,8.926476849629033,7.110438729198185,17.852953699258066,8.55701479753229,8.739793732812295,1.8160381204308473,"[""TestLocalDate_Basics"", ""LocalDate""]","[0.0718562874251497, 0.039334341906202726]","[10.74251497005988, 7.110438729198185]"
org.joda.time.TestLocalDate_Basics.testToString,0.0718562874251497,0.055595314665676215,0.039334341906202726,0.11119062933135243,0.050839172233990544,0.05316408353100065,0.016260972759473486,10.74251497005988,8.926476849629033,7.110438729198185,17.852953699258066,8.55701479753229,8.739793732812295,1.8160381204308473,"[""TestLocalDate_Basics"", ""LocalDate""]","[0.0718562874251497, 0.039334341906202726]","[10.74251497005988, 7.110438729198185]"
org.joda.time.TestLocalDate_Basics.testMinusMonths_int,0.0718562874251497,0.055595314665676215,0.039334341906202726,0.11119062933135243,0.050839172233990544,0.05316408353100065,0.016260972759473486,10.74251497005988,8.926476849629033,7.110438729198185,17.852953699258066,8.55701479753229,8.739793732812295,1.8160381204308473,"[""TestLocalDate_Basics"", ""LocalDate""]","[0.0718562874251497, 0.039334341906202726]","[10.74251497005988, 7.110438729198185]"
org.joda.time.TestLocalDate_Basics.testWithField_DateTimeFieldType_int_2,0.0718562874251497,0.055595314665676215,0.039334341906202726,0.11119062933135243,0.050839172233990544,0.05316408353100065,0.016260972759473486,10.74251497005988,8.926476849629033,7.110438729198185,17.852953699258066,8.55701479753229,8.739793732812295,1.8160381204308473,"[""TestLocalDate_Basics"", ""LocalDate""]","[0.0718562874251497, 0.039334341906202726]","[10.74251497005988, 7.110438729198185]"
org.joda.time.TestLocalDate_Basics.testToString_String,0.0718562874251497,0.055595314665676215,0.039334341906202726,0.11119062933135243,0.050839172233990544,0.05316408353100065,0.016260972759473486,10.74251497005988,8.926476849629033,7.110438729198185,17.852953699258066,8.55701479753229,8.739793732812295,1.8160381204308473,"[""TestLocalDate_Basics"", ""LocalDate""]","[0.0718562874251497, 0.039334341906202726]","[10.74251497005988, 7.110438729198185]"
org.joda.time.TestLocalDate_Basics.testPlusMonths_int,0.0718562874251497,0.055595314665676215,0.039334341906202726,0.11119062933135243,0.050839172233990544,0.05316408353100065,0.016260972759473486,10.74251497005988,8.926476849629033,7.110438729198185,17.852953699258066,8.55701479753229,8.739793732812295,1.8160381204308473,"[""TestLocalDate_Basics"", ""LocalDate""]","[0.0718562874251497, 0.039334341906202726]","[10.74251497005988, 7.110438729198185]"
org.joda.time.TestLocalDate_Basics.testMinusDays_int,0.0718562874251497,0.055595314665676215,0.039334341906202726,0.11119062933135243,0.050839172233990544,0.05316408353100065,0.016260972759473486,10.74251497005988,8.926476849629033,7.110438729198185,17.852953699258066,8.55701479753229,8.739793732812295,1.8160381204308473,"[""TestLocalDate_Basics"", ""LocalDate""]","[0.0718562874251497, 0.039334341906202726]","[10.74251497005988, 7.110438729198185]"
org.joda.time.TestLocalDate_Basics.testWithFieldAdded_DurationFieldType_int_3,0.0718562874251497,0.055595314665676215,0.039334341906202726,0.11119062933135243,0.050839172233990544,0.05316408353100065,0.016260972759473486,10.74251497005988,8.926476849629033,7.110438729198185,17.852953699258066,8.55701479753229,8.739793732812295,1.8160381204308473,"[""TestLocalDate_Basics"", ""LocalDate""]","[0.0718562874251497, 0.039334341906202726]","[10.74251497005988, 7.110438729198185]"
org.joda.time.TestLocalDate_Basics.testMinusYears_int,0.0718562874251497,0.055595314665676215,0.039334341906202726,0.11119062933135243,0.050839172233990544,0.05316408353100065,0.016260972759473486,10.74251497005988,8.926476849629033,7.110438729198185,17.852953699258066,8.55701479753229,8.739793732812295,1.8160381204308473,"[""TestLocalDate_Basics"", ""LocalDate""]","[0.0718562874251497, 0.039334341906202726]","[10.74251497005988, 7.110438729198185]"
org.joda.time.TestLocalDate_Basics.testGetValues,0.0718562874251497,0.055595314665676215,0.039334341906202726,0.11119062933135243,0.050839172233990544,0.05316408353100065,0.016260972759473486,10.74251497005988,8.926476849629033,7.110438729198185,17.852953699258066,8.55701479753229,8.739793732812295,1.8160381204308473,"[""TestLocalDate_Basics"", ""LocalDate""]","[0.0718562874251497, 0.039334341906202726]","[10.74251497005988, 7.110438729198185]"
org.joda.time.TestLocalDate_Basics.testGetters,0.0718562874251497,0.055595314665676215,0.039334341906202726,0.11119062933135243,0.050839172233990544,0.05316408353100065,0.016260972759473486,10.74251497005988,8.926476849629033,7.110438729198185,17.852953699258066,8.55701479753229,8.739793732812295,1.8160381204308473,"[""TestLocalDate_Basics"", ""LocalDate""]","[0.0718562874251497, 0.039334341906202726]","[10.74251497005988, 7.110438729198185]"
org.joda.time.TestLocalDate_Basics.testWithFieldAdded_DurationFieldType_int_2,0.0718562874251497,0.055595314665676215,0.039334341906202726,0.11119062933135243,0.050839172233990544,0.05316408353100065,0.016260972759473486,10.74251497005988,8.926476849629033,7.110438729198185,17.852953699258066,8.55701479753229,8.739793732812295,1.8160381204308473,"[""TestLocalDate_Basics"", ""LocalDate""]","[0.0718562874251497, 0.039334341906202726]","[10.74251497005988, 7.110438729198185]"
org.joda.time.TestLocalDate_Basics.testWithers,0.0718562874251497,0.055595314665676215,0.039334341906202726,0.11119062933135243,0.050839172233990544,0.05316408353100065,0.016260972759473486,10.74251497005988,8.926476849629033,7.110438729198185,17.852953699258066,8.55701479753229,8.739793732812295,1.8160381204308473,"[""TestLocalDate_Basics"", ""LocalDate""]","[0.0718562874251497, 0.039334341906202726]","[10.74251497005988, 7.110438729198185]"
org.joda.time.TestInterval_Constructors.testConstructor_RP_RI7,0.031857031857031856,0.022221772490683814,0.015206812652068127,0.11110886245341907,0.020658106351265446,0.02142148883096616,0.006012255500049649,5.1313131313131315,2.4473781437876734,0.7195863746958637,12.236890718938367,1.6243397662834775,2.006627123010789,1.5073593497793039,"[""TestInterval_Constructors"", ""Interval"", ""DateTimeField"", ""ISOChronology"", ""Period""]","[0.031857031857031856, 0.023901310717039322, 0.02372034956304619, 0.016423357664233577, 0.015206812652068127]","[5.1313131313131315, 2.87201233616037, 1.618601747815231, 1.8953771289537713, 0.7195863746958637]"
org.joda.time.TestInterval_Constructors.testConstructor_RI_RP7,0.031857031857031856,0.022221772490683814,0.015206812652068127,0.11110886245341907,0.020658106351265446,0.02142148883096616,0.006012255500049649,5.1313131313131315,2.4473781437876734,0.7195863746958637,12.236890718938367,1.6243397662834775,2.006627123010789,1.5073593497793039,"[""TestInterval_Constructors"", ""Interval"", ""DateTimeField"", ""ISOChronology"", ""Period""]","[0.031857031857031856, 0.023901310717039322, 0.02372034956304619, 0.016423357664233577, 0.015206812652068127]","[5.1313131313131315, 2.87201233616037, 1.618601747815231, 1.8953771289537713, 0.7195863746958637]"
org.joda.time.format.TestISODateTimeFormatParsing.test_timeElementParser,0.03832116788321168,0.02775065302834265,0.023114355231143552,0.1110026121133706,0.026612512006613957,0.0271380415731495,0.00621699739679971,6.501672240802676,4.240685700103345,2.559610705596107,16.96274280041338,3.7828542285034334,4.001436643277216,1.4588126087065207,"[""DateTimeFormatter"", ""TestISODateTimeFormatParsing"", ""DateTimeZone"", ""ISODateTimeFormat""]","[0.03832116788321168, 0.026155717761557177, 0.023411371237458192, 0.023114355231143552]","[3.5, 2.559610705596107, 6.501672240802676, 4.401459854014599]"
org.joda.time.TestMonthDay_Properties.testPropertyCompareToDayOfMonth,0.044534412955465584,0.03693223795029404,0.024291497975708502,0.1107967138508821,0.034306376888018374,0.03567514679828114,0.008999416811944825,7.753036437246964,5.517540576126823,2.805668016194332,16.55262172838047,4.599541795268697,5.070758769136475,2.0476514421462975,"[""MonthDay"", ""MonthDay$Property"", ""TestMonthDay_Properties"", ""DateTime""]","[0.044534412955465584, 0.041970802919708027, 0.024291497975708502]","[7.753036437246964, 5.9939172749391725, 2.805668016194332]"
org.joda.time.TestMonthDay_Basics.testToDateTime_RI,0.044534412955465584,0.03693223795029404,0.024291497975708502,0.1107967138508821,0.034306376888018374,0.03567514679828114,0.008999416811944825,7.753036437246964,6.474355690836674,5.676113360323886,19.423067072510023,6.3560073966510435,6.413245671645589,0.9134251184293403,"[""TestMonthDay_Basics"", ""DateTime$Property"", ""MonthDay"", ""DateTime""]","[0.044534412955465584, 0.041970802919708027, 0.024291497975708502]","[7.753036437246964, 5.9939172749391725, 5.676113360323886]"
org.joda.time.TestMonthDay_Properties.testPropertyCompareToMonthOfYear,0.044534412955465584,0.03693223795029404,0.024291497975708502,0.1107967138508821,0.034306376888018374,0.03567514679828114,0.008999416811944825,7.753036437246964,5.517540576126823,2.805668016194332,16.55262172838047,4.599541795268697,5.070758769136475,2.0476514421462975,"[""MonthDay"", ""MonthDay$Property"", ""TestMonthDay_Properties"", ""DateTime""]","[0.044534412955465584, 0.041970802919708027, 0.024291497975708502]","[7.753036437246964, 5.9939172749391725, 2.805668016194332]"
org.joda.time.TestInterval_Basics.testOverlap_RInterval_zone,0.041970802919708027,0.027669632349536306,0.015206812652068127,0.11067852939814522,0.02419507096021212,0.025912533109937613,0.00974548898928443,5.9939172749391725,3.4507771330616266,0.7195863746958637,13.803108532246506,1.6969846586254949,2.485994486972957,2.3111222641932474,"[""Interval"", ""TestInterval_Basics"", ""ISOChronology"", ""DateTime""]","[0.041970802919708027, 0.029780564263322883, 0.02372034956304619, 0.015206812652068127]","[5.9939172749391725, 5.471003134796239, 1.618601747815231, 0.7195863746958637]"
org.joda.time.TestInterval_Basics.testGap_RInterval_zone,0.041970802919708027,0.027669632349536306,0.015206812652068127,0.11067852939814522,0.02419507096021212,0.025912533109937613,0.00974548898928443,5.9939172749391725,3.4507771330616266,0.7195863746958637,13.803108532246506,1.6969846586254949,2.485994486972957,2.3111222641932474,"[""Interval"", ""TestInterval_Basics"", ""ISOChronology"", ""DateTime""]","[0.041970802919708027, 0.029780564263322883, 0.02372034956304619, 0.015206812652068127]","[5.9939172749391725, 5.471003134796239, 1.618601747815231, 0.7195863746958637]"
org.joda.time.TestDateTime_Constructors.testParse_noFormatter,0.041970802919708027,0.027632748834398355,0.015032211882605583,0.11053099533759342,0.021953278151670336,0.024624179848304714,0.012579740837922095,5.9939172749391725,3.127642197304965,0.7195863746958637,12.51056878921986,1.7562535743327543,2.4266590299807462,1.9263160597048643,"[""TestDateTime_Constructors"", ""DateTime"", ""DateTimeZone"", ""ISOChronology""]","[0.041970802919708027, 0.03832116788321168, 0.015206812652068127, 0.015032211882605583]","[5.9939172749391725, 3.5, 0.7195863746958637, 2.2970651395848245]"
org.joda.time.TestMutableInterval_Constructors.testConstructor_RI_RP8,0.041970802919708027,0.027621962903125206,0.01730920535011802,0.11048785161250083,0.02429152588344696,0.025869153924179336,0.00998235860135091,5.9939172749391725,3.7215278808952634,1.3320848938826466,14.886111523581054,2.624418440540897,3.1583885835492946,1.9060325900161073,"[""MutableInterval"", ""TestMutableInterval_Constructors"", ""Period"", ""DateTime""]","[0.041970802919708027, 0.031857031857031856, 0.019350811485642945, 0.01730920535011802]","[5.9939172749391725, 5.1313131313131315, 1.3320848938826466, 2.4287962234461054]"
org.joda.time.TestMutableInterval_Constructors.testConstructor_RP_RI8,0.041970802919708027,0.027621962903125206,0.01730920535011802,0.11048785161250083,0.02429152588344696,0.025869153924179336,0.00998235860135091,5.9939172749391725,3.7215278808952634,1.3320848938826466,14.886111523581054,2.624418440540897,3.1583885835492946,1.9060325900161073,"[""MutableInterval"", ""TestMutableInterval_Constructors"", ""Period"", ""DateTime""]","[0.041970802919708027, 0.031857031857031856, 0.019350811485642945, 0.01730920535011802]","[5.9939172749391725, 5.1313131313131315, 1.3320848938826466, 2.4287962234461054]"
org.joda.time.TestInterval_Constructors.testConstructor_RD_RI5,0.041970802919708027,0.027587370989203573,0.020757020757020756,0.11034948395681429,0.025641163386831613,0.02651024704900675,0.008397584376386503,5.9939172749391725,3.0255894941853474,1.6178266178266179,12.10235797674139,2.2844687543382314,2.591148222486943,1.7885725168378985,"[""Interval"", ""TestInterval_Constructors"", ""Duration"", ""DateTime""]","[0.041970802919708027, 0.023901310717039322, 0.02372034956304619, 0.020757020757020756]","[5.9939172749391725, 2.87201233616037, 1.618601747815231, 1.6178266178266179]"
org.joda.time.TestInterval_Constructors.testConstructor_RI_RD5,0.041970802919708027,0.027587370989203573,0.020757020757020756,0.11034948395681429,0.025641163386831613,0.02651024704900675,0.008397584376386503,5.9939172749391725,3.0255894941853474,1.6178266178266179,12.10235797674139,2.2844687543382314,2.591148222486943,1.7885725168378985,"[""Interval"", ""TestInterval_Constructors"", ""Duration"", ""DateTime""]","[0.041970802919708027, 0.023901310717039322, 0.02372034956304619, 0.020757020757020756]","[5.9939172749391725, 2.87201233616037, 1.618601747815231, 1.6178266178266179]"
org.joda.time.TestTimeOfDay_Constructors.testConstructor_Object2,0.04654346338124572,0.018360184216003245,0.0026666666666666666,0.11016110529601947,0.008042290175718805,0.01247712659903873,0.014781877830767667,4.317590691307323,1.7806305195772254,0.04933333333333333,10.683783117463353,0.18022842381755,0.6134378728206293,1.7104928026360031,"[""TimeOfDay"", ""GJChronology"", ""TestTimeOfDay_Constructors"", ""Calendar"", ""GregorianCalendar"", ""Date""]","[0.04654346338124572, 0.023114355231143552, 0.022569444444444444, 0.007633587786259542, 0.007633587786259542, 0.0026666666666666666]","[4.317590691307323, 2.911192214111922, 3.0659722222222223, 0.1984732824427481, 0.14122137404580154, 0.04933333333333333]"
org.joda.time.TestHours.testAddToLocalDate,0.061377245508982034,0.03667529805254356,0.023423423423423424,0.11002589415763069,0.030417372659692563,0.03310022444688436,0.017482396451644903,11.95808383233533,5.916358274442107,2.744144144144144,17.74907482332632,3.864754497973164,4.641300769012338,4.27393207083992,"[""TestHours"", ""Hours"", ""LocalDateTime""]","[0.061377245508982034, 0.025225225225225224, 0.023423423423423424]","[11.95808383233533, 3.046846846846847, 2.744144144144144]"
org.joda.time.TestMinutes.testAddToLocalDate,0.061377245508982034,0.03667529805254356,0.023423423423423424,0.11002589415763069,0.030417372659692563,0.03310022444688436,0.017482396451644903,11.95808383233533,5.840081998165831,2.637837837837838,17.520245994497493,3.7281755706796202,4.518334798319539,4.32766129750707,"[""TestMinutes"", ""Minutes"", ""LocalDateTime""]","[0.061377245508982034, 0.025225225225225224, 0.023423423423423424]","[11.95808383233533, 2.924324324324324, 2.637837837837838]"
org.joda.time.TestSeconds.testAddToLocalDate,0.061377245508982034,0.03667529805254356,0.023423423423423424,0.11002589415763069,0.030417372659692563,0.03310022444688436,0.017482396451644903,11.95808383233533,5.820862778946612,2.637837837837838,17.462588336839836,3.6965797641842695,4.4884421072835465,4.3406760112409595,"[""Seconds"", ""LocalDateTime"", ""TestSeconds""]","[0.061377245508982034, 0.025225225225225224, 0.023423423423423424]","[11.95808383233533, 2.8666666666666667, 2.637837837837838]"
org.joda.time.TestLocalDateTime_Basics.testGetField_int,0.061377245508982034,0.03661380180071366,0.020072992700729927,0.10984140540214099,0.029605335135700243,0.032704003659355975,0.01783664981506749,11.95808383233533,6.885292004736908,2.3728710462287106,20.655876014210726,4.523791214417166,5.640664664701131,3.9331571433924983,"[""LocalDateTime"", ""Chronology"", ""TestLocalDateTime_Basics""]","[0.061377245508982034, 0.028391167192429023, 0.020072992700729927]","[11.95808383233533, 6.3249211356466875, 2.3728710462287106]"
org.joda.time.TestLocalDateTime_Basics.testGetFields,0.061377245508982034,0.03661380180071366,0.020072992700729927,0.10984140540214099,0.029605335135700243,0.032704003659355975,0.01783664981506749,11.95808383233533,6.885292004736908,2.3728710462287106,20.655876014210726,4.523791214417166,5.640664664701131,3.9331571433924983,"[""LocalDateTime"", ""Chronology"", ""TestLocalDateTime_Basics""]","[0.061377245508982034, 0.028391167192429023, 0.020072992700729927]","[11.95808383233533, 6.3249211356466875, 2.3728710462287106]"
org.joda.time.TestDateTimeZone.testPatchedNameKeysSydney,0.041970802919708027,0.03648925163403913,0.029175784099197667,0.10946775490211738,0.03563100881369519,0.03606917288240074,0.005381763311548264,5.9939172749391725,4.4007198113157315,3.5,13.202159433947195,4.15386100567968,4.26889649992273,1.129763933385851,"[""String"", ""DateTimeZone"", ""TestDateTimeZone"", ""DateTime""]","[0.041970802919708027, 0.03832116788321168, 0.029175784099197667]","[5.9939172749391725, 3.5, 3.7082421590080235]"
org.joda.time.TestDateTimeZone.testPatchedNameKeysGazaHistoric,0.041970802919708027,0.03648925163403913,0.029175784099197667,0.10946775490211738,0.03563100881369519,0.03606917288240074,0.005381763311548264,5.9939172749391725,4.4007198113157315,3.5,13.202159433947195,4.15386100567968,4.26889649992273,1.129763933385851,"[""String"", ""DateTimeZone"", ""TestDateTimeZone"", ""DateTime""]","[0.041970802919708027, 0.03832116788321168, 0.029175784099197667]","[5.9939172749391725, 3.5, 3.7082421590080235]"
org.joda.time.TestDateTimeZone.testPatchedNameKeysSydneyHistoric,0.041970802919708027,0.03648925163403913,0.029175784099197667,0.10946775490211738,0.03563100881369519,0.03606917288240074,0.005381763311548264,5.9939172749391725,4.4007198113157315,3.5,13.202159433947195,4.15386100567968,4.26889649992273,1.129763933385851,"[""String"", ""DateTimeZone"", ""TestDateTimeZone"", ""DateTime""]","[0.041970802919708027, 0.03832116788321168, 0.029175784099197667]","[5.9939172749391725, 3.5, 3.7082421590080235]"
org.joda.time.TestDateTimeZone.testCommentParse,0.041970802919708027,0.03648925163403913,0.029175784099197667,0.10946775490211738,0.03563100881369519,0.03606917288240074,0.005381763311548264,5.9939172749391725,4.4007198113157315,3.5,13.202159433947195,4.15386100567968,4.26889649992273,1.129763933385851,"[""DateTimeZone"", ""TestDateTimeZone"", ""DateTime""]","[0.041970802919708027, 0.03832116788321168, 0.029175784099197667]","[5.9939172749391725, 3.5, 3.7082421590080235]"
org.joda.time.TestDateTimeZone.testPatchedNameKeysLondon,0.041970802919708027,0.03648925163403913,0.029175784099197667,0.10946775490211738,0.03563100881369519,0.03606917288240074,0.005381763311548264,5.9939172749391725,4.4007198113157315,3.5,13.202159433947195,4.15386100567968,4.26889649992273,1.129763933385851,"[""String"", ""DateTimeZone"", ""TestDateTimeZone"", ""DateTime""]","[0.041970802919708027, 0.03832116788321168, 0.029175784099197667]","[5.9939172749391725, 3.5, 3.7082421590080235]"
org.joda.time.format.TestTextFields.testMonthNames_monthMiddle,0.041970802919708027,0.027365626024367835,0.015180265654648957,0.10946250409747134,0.024072283786425414,0.02569448890857622,0.009548847515445638,5.9939172749391725,3.0478630821294845,0.7182163187855788,12.191452328517938,1.744927851066008,2.381605578325497,1.894815522004245,"[""DateTimeFormatter"", ""DateTimeFormat"", ""TestTextFields"", ""DateTime""]","[0.041970802919708027, 0.026155717761557177, 0.026155717761557177, 0.015180265654648957]","[5.9939172749391725, 2.559610705596107, 2.9197080291970803, 0.7182163187855788]"
org.joda.time.format.TestTextFields.testMonthNames_monthStart,0.041970802919708027,0.027365626024367835,0.015180265654648957,0.10946250409747134,0.024072283786425414,0.02569448890857622,0.009548847515445638,5.9939172749391725,3.0478630821294845,0.7182163187855788,12.191452328517938,1.744927851066008,2.381605578325497,1.894815522004245,"[""DateTimeFormatter"", ""DateTimeFormat"", ""TestTextFields"", ""DateTime""]","[0.041970802919708027, 0.026155717761557177, 0.026155717761557177, 0.015180265654648957]","[5.9939172749391725, 2.559610705596107, 2.9197080291970803, 0.7182163187855788]"
org.joda.time.TestTimeOfDay_Basics.testToDateTime_RI,0.04654346338124572,0.03644919987809569,0.020833333333333332,0.10934759963428707,0.032150419010682545,0.034397080198107416,0.011198772905457063,5.9939172749391725,4.679067470230313,3.7256944444444446,14.03720241069094,4.498743996358035,4.585497727524862,0.960627502718851,"[""TimeOfDay"", ""DateTime"", ""TestTimeOfDay_Basics""]","[0.04654346338124572, 0.041970802919708027, 0.020833333333333332]","[4.317590691307323, 5.9939172749391725, 3.7256944444444446]"
org.joda.time.TestInterval_Constructors.testConstructor_RI_RI2,0.041970802919708027,0.027264295848610186,0.019464720194647202,0.10905718339444075,0.025125992503771323,0.026087626099106486,0.008674444577093574,5.9939172749391725,2.8723493847408585,1.0048661800486618,11.489397538963434,1.879700743290672,2.300309749562042,1.9237699228093084,"[""Instant"", ""Interval"", ""TestInterval_Constructors"", ""DateTime""]","[0.041970802919708027, 0.023901310717039322, 0.02372034956304619, 0.019464720194647202]","[5.9939172749391725, 2.87201233616037, 1.618601747815231, 1.0048661800486618]"
org.joda.time.TestLocalDate_Constructors.testFactory_fromCalendarFields_beforeYearZero3,0.0718562874251497,0.03634628810831319,0.007633587786259542,0.10903886432493956,0.016782393208528597,0.025307274111096997,0.026655721617758196,10.74251497005988,4.930141248968353,0.14122137404580154,14.79042374690506,0.403760871551987,1.809693476274616,4.388048146853057,"[""GregorianCalendar"", ""TestLocalDate_Constructors"", ""LocalDate""]","[0.0718562874251497, 0.029548989113530325, 0.007633587786259542]","[10.74251497005988, 3.906687402799378, 0.14122137404580154]"
org.joda.time.TestLocalDate_Constructors.testFactory_fromDateFields_after1970,0.0718562874251497,0.03634628810831319,0.007633587786259542,0.10903886432493956,0.016782393208528597,0.025307274111096997,0.026655721617758196,10.74251497005988,4.930141248968353,0.14122137404580154,14.79042374690506,0.403760871551987,1.809693476274616,4.388048146853057,"[""GregorianCalendar"", ""TestLocalDate_Constructors"", ""LocalDate""]","[0.0718562874251497, 0.029548989113530325, 0.007633587786259542]","[10.74251497005988, 3.906687402799378, 0.14122137404580154]"
org.joda.time.TestLocalDate_Constructors.testFactory_fromCalendarFields_beforeYearZero1,0.0718562874251497,0.03634628810831319,0.007633587786259542,0.10903886432493956,0.016782393208528597,0.025307274111096997,0.026655721617758196,10.74251497005988,4.930141248968353,0.14122137404580154,14.79042374690506,0.403760871551987,1.809693476274616,4.388048146853057,"[""GregorianCalendar"", ""TestLocalDate_Constructors"", ""LocalDate""]","[0.0718562874251497, 0.029548989113530325, 0.007633587786259542]","[10.74251497005988, 3.906687402799378, 0.14122137404580154]"
org.joda.time.TestLocalDate_Constructors.testFactory_fromDateFields_beforeYearZero1,0.0718562874251497,0.03634628810831319,0.007633587786259542,0.10903886432493956,0.016782393208528597,0.025307274111096997,0.026655721617758196,10.74251497005988,4.930141248968353,0.14122137404580154,14.79042374690506,0.403760871551987,1.809693476274616,4.388048146853057,"[""GregorianCalendar"", ""TestLocalDate_Constructors"", ""LocalDate""]","[0.0718562874251497, 0.029548989113530325, 0.007633587786259542]","[10.74251497005988, 3.906687402799378, 0.14122137404580154]"
org.joda.time.TestLocalDate_Constructors.testFactory_fromDateFields_beforeYearZero3,0.0718562874251497,0.03634628810831319,0.007633587786259542,0.10903886432493956,0.016782393208528597,0.025307274111096997,0.026655721617758196,10.74251497005988,4.930141248968353,0.14122137404580154,14.79042374690506,0.403760871551987,1.809693476274616,4.388048146853057,"[""GregorianCalendar"", ""TestLocalDate_Constructors"", ""LocalDate""]","[0.0718562874251497, 0.029548989113530325, 0.007633587786259542]","[10.74251497005988, 3.906687402799378, 0.14122137404580154]"
org.joda.time.TestLocalDate_Constructors.testFactory_fromDateFields_before1970,0.0718562874251497,0.03634628810831319,0.007633587786259542,0.10903886432493956,0.016782393208528597,0.025307274111096997,0.026655721617758196,10.74251497005988,4.930141248968353,0.14122137404580154,14.79042374690506,0.403760871551987,1.809693476274616,4.388048146853057,"[""GregorianCalendar"", ""TestLocalDate_Constructors"", ""LocalDate""]","[0.0718562874251497, 0.029548989113530325, 0.007633587786259542]","[10.74251497005988, 3.906687402799378, 0.14122137404580154]"
org.joda.time.TestLocalDate_Constructors.testFactory_fromCalendarFields,0.0718562874251497,0.03634628810831319,0.007633587786259542,0.10903886432493956,0.016782393208528597,0.025307274111096997,0.026655721617758196,10.74251497005988,4.930141248968353,0.14122137404580154,14.79042374690506,0.403760871551987,1.809693476274616,4.388048146853057,"[""GregorianCalendar"", ""TestLocalDate_Constructors"", ""LocalDate""]","[0.0718562874251497, 0.029548989113530325, 0.007633587786259542]","[10.74251497005988, 3.906687402799378, 0.14122137404580154]"
org.joda.time.TestInterval_Constructors.testConstructor_Object3,0.041970802919708027,0.027235818671359123,0.019350811485642945,0.10894327468543649,0.025078352496450303,0.0260493754667847,0.008700151801359713,5.9939172749391725,2.9541540631993546,1.3320848938826466,11.816616252797418,2.1236564507918647,2.468267577761158,1.8480879324279598,"[""MutableInterval"", ""Interval"", ""TestInterval_Constructors"", ""DateTime""]","[0.041970802919708027, 0.023901310717039322, 0.02372034956304619, 0.019350811485642945]","[5.9939172749391725, 2.87201233616037, 1.618601747815231, 1.3320848938826466]"
org.joda.time.TestSerialization.testSerializedLocalDate,0.0718562874251497,0.027227488843099112,0.007633587786259542,0.10890995537239645,0.012429437050080273,0.017379103695156804,0.02640632510733228,10.74251497005988,3.3500356842568912,0.09541984732824428,13.400142737027565,0.19668094143196593,0.7201586207963464,4.374925168129504,"[""StringBuilder"", ""ByteArrayOutputStream"", ""ObjectInputStream"", ""TestSerialization"", ""LocalDate"", ""FileInputStream"", ""ObjectOutputStream"", ""ByteArrayInputStream""]","[0.0718562874251497, 0.02178649237472767, 0.007633587786259542, 0.007633587786259542]","[10.74251497005988, 2.4553376906318083, 0.09541984732824428, 0.10687022900763359]"
org.joda.time.format.TestDateTimeFormatter.testParseLocalTime_simple,0.05547226386806597,0.036300236300783474,0.026155717761557177,0.10890070890235042,0.03228366517336772,0.0340766610136401,0.013564338252503416,8.113943028485757,4.801622288464999,2.559610705596107,14.404866865394995,3.8366545950409354,4.263397794055099,2.3905122403906853,"[""TestDateTimeFormatter"", ""DateTimeFormatter"", ""LocalTime""]","[0.05547226386806597, 0.02727272727272727, 0.026155717761557177]","[8.113943028485757, 3.731313131313131, 2.559610705596107]"
org.joda.time.format.TestISODateTimeFormat.testFormat_date_partial,0.026155717761557177,0.021723137067384247,0.016710642040457344,0.10861568533692124,0.021012593527457168,0.02137139378968876,0.0038296395165441093,4.401459854014599,3.0749038604973413,2.2350463352990735,15.374519302486707,2.880552229669866,2.9724167835447535,0.8231094244282139,"[""DateTimeFieldType"", ""DateTimeFormatter"", ""TestISODateTimeFormat"", ""ISODateTimeFormat"", ""Partial""]","[0.026155717761557177, 0.024943310657596373, 0.023114355231143552, 0.017691659646166806, 0.016710642040457344]","[2.559610705596107, 3.6621315192743764, 4.401459854014599, 2.2350463352990735, 2.5162708883025506]"
org.joda.time.format.TestISODateTimeFormat.testFormat_timeNoMillis_partial,0.026155717761557177,0.021723137067384247,0.016710642040457344,0.10861568533692124,0.021012593527457168,0.02137139378968876,0.0038296395165441093,4.401459854014599,3.0749038604973413,2.2350463352990735,15.374519302486707,2.880552229669866,2.9724167835447535,0.8231094244282139,"[""DateTimeFieldType"", ""DateTimeFormatter"", ""TestISODateTimeFormat"", ""ISODateTimeFormat"", ""Partial""]","[0.026155717761557177, 0.024943310657596373, 0.023114355231143552, 0.017691659646166806, 0.016710642040457344]","[2.559610705596107, 3.6621315192743764, 4.401459854014599, 2.2350463352990735, 2.5162708883025506]"
org.joda.time.format.TestISODateTimeFormat.testFormat_time_partial,0.026155717761557177,0.021723137067384247,0.016710642040457344,0.10861568533692124,0.021012593527457168,0.02137139378968876,0.0038296395165441093,4.401459854014599,3.0749038604973413,2.2350463352990735,15.374519302486707,2.880552229669866,2.9724167835447535,0.8231094244282139,"[""DateTimeFieldType"", ""DateTimeFormatter"", ""TestISODateTimeFormat"", ""ISODateTimeFormat"", ""Partial""]","[0.026155717761557177, 0.024943310657596373, 0.023114355231143552, 0.017691659646166806, 0.016710642040457344]","[2.559610705596107, 3.6621315192743764, 4.401459854014599, 2.2350463352990735, 2.5162708883025506]"
org.joda.time.convert.TestReadablePartialConverter.testGetChronology_Object_Zone,0.04654346338124572,0.027116507466463997,0.008741258741258742,0.10846602986585599,0.017446324756982347,0.021939340898906493,0.01573864148984923,4.317590691307323,2.1976231973023554,0.34353146853146854,8.790492789209422,0.7972645369686979,1.3444530098471457,1.7383555280324356,"[""ReadablePartialConverter"", ""DateTimeZone"", ""TimeOfDay"", ""TestReadablePartialConverter""]","[0.04654346338124572, 0.03832116788321168, 0.01486013986013986, 0.008741258741258742]","[4.317590691307323, 3.5, 0.6293706293706294, 0.34353146853146854]"
org.joda.time.TestMutablePeriod_Updates.testAdd_RInterval2,0.041970802919708027,0.027090298594550692,0.020914020139426802,0.10836119437820277,0.025037073298511747,0.025943068489130038,0.008651400036861925,5.9939172749391725,4.2051996412209185,1.618601747815231,16.820798564883674,3.1694397651092467,3.698594992486929,1.872678436981511,"[""MutablePeriod"", ""Interval"", ""TestMutablePeriod_Updates"", ""DateTime""]","[0.041970802919708027, 0.02372034956304619, 0.021756021756021756, 0.020914020139426802]","[5.9939172749391725, 1.618601747815231, 3.2222222222222223, 5.986057319907049]"
org.joda.time.TestMutablePeriod_Updates.testSetPeriod_RInterval1,0.041970802919708027,0.027090298594550692,0.020914020139426802,0.10836119437820277,0.025037073298511747,0.025943068489130038,0.008651400036861925,5.9939172749391725,4.2051996412209185,1.618601747815231,16.820798564883674,3.1694397651092467,3.698594992486929,1.872678436981511,"[""MutablePeriod"", ""Interval"", ""TestMutablePeriod_Updates"", ""DateTime""]","[0.041970802919708027, 0.02372034956304619, 0.021756021756021756, 0.020914020139426802]","[5.9939172749391725, 1.618601747815231, 3.2222222222222223, 5.986057319907049]"
org.joda.time.chrono.TestGJChronology.testFactory_Zone_RI,0.041970802919708027,0.027068126520681267,0.019464720194647202,0.10827250608272507,0.024903794927265528,0.02587080872129241,0.00875680051635521,5.9939172749391725,3.078315085158151,1.0048661800486618,12.313260340632604,2.081607053593036,2.5478494831042418,1.822328359853234,"[""Object"", ""GJChronology"", ""Instant"", ""TestGJChronology"", ""DateTime""]","[0.041970802919708027, 0.023722627737226276, 0.023114355231143552, 0.019464720194647202]","[5.9939172749391725, 2.403284671532847, 2.911192214111922, 1.0048661800486618]"
org.joda.time.chrono.TestGJChronology.testFactory_Zone_RI_int,0.041970802919708027,0.027068126520681267,0.019464720194647202,0.10827250608272507,0.024903794927265528,0.02587080872129241,0.00875680051635521,5.9939172749391725,3.078315085158151,1.0048661800486618,12.313260340632604,2.081607053593036,2.5478494831042418,1.822328359853234,"[""Object"", ""GJChronology"", ""Instant"", ""TestGJChronology"", ""DateTime""]","[0.041970802919708027, 0.023722627737226276, 0.023114355231143552, 0.019464720194647202]","[5.9939172749391725, 2.403284671532847, 2.911192214111922, 1.0048661800486618]"
org.joda.time.format.TestISODateTimeFormat.testFormat_basicTimeNoMillis,0.041970802919708027,0.026987879488216526,0.016710642040457344,0.1079515179528661,0.02421836612057952,0.02551803389121244,0.009297933741173494,5.9939172749391725,3.867814680713107,2.5162708883025506,15.471258722852427,3.3837195918929437,3.6104364095920363,1.4442262353487259,"[""DateTimeFormatter"", ""TestISODateTimeFormat"", ""ISODateTimeFormat"", ""DateTime""]","[0.041970802919708027, 0.026155717761557177, 0.023114355231143552, 0.016710642040457344]","[5.9939172749391725, 2.559610705596107, 4.401459854014599, 2.5162708883025506]"
org.joda.time.format.TestISODateTimeFormat.testFormat_basicDateTimeNoMillis,0.041970802919708027,0.026987879488216526,0.016710642040457344,0.1079515179528661,0.02421836612057952,0.02551803389121244,0.009297933741173494,5.9939172749391725,3.867814680713107,2.5162708883025506,15.471258722852427,3.3837195918929437,3.6104364095920363,1.4442262353487259,"[""DateTimeFormatter"", ""TestISODateTimeFormat"", ""ISODateTimeFormat"", ""DateTime""]","[0.041970802919708027, 0.026155717761557177, 0.023114355231143552, 0.016710642040457344]","[5.9939172749391725, 2.559610705596107, 4.401459854014599, 2.5162708883025506]"
org.joda.time.format.TestISODateTimeFormat.testFormat_basicTime,0.041970802919708027,0.026987879488216526,0.016710642040457344,0.1079515179528661,0.02421836612057952,0.02551803389121244,0.009297933741173494,5.9939172749391725,3.867814680713107,2.5162708883025506,15.471258722852427,3.3837195918929437,3.6104364095920363,1.4442262353487259,"[""DateTimeFormatter"", ""TestISODateTimeFormat"", ""ISODateTimeFormat"", ""DateTime""]","[0.041970802919708027, 0.026155717761557177, 0.023114355231143552, 0.016710642040457344]","[5.9939172749391725, 2.559610705596107, 4.401459854014599, 2.5162708883025506]"
org.joda.time.format.TestISODateTimeFormat.testFormat_dateHourMinuteSecondMillis,0.041970802919708027,0.026987879488216526,0.016710642040457344,0.1079515179528661,0.02421836612057952,0.02551803389121244,0.009297933741173494,5.9939172749391725,3.867814680713107,2.5162708883025506,15.471258722852427,3.3837195918929437,3.6104364095920363,1.4442262353487259,"[""DateTimeFormatter"", ""TestISODateTimeFormat"", ""ISODateTimeFormat"", ""DateTime""]","[0.041970802919708027, 0.026155717761557177, 0.023114355231143552, 0.016710642040457344]","[5.9939172749391725, 2.559610705596107, 4.401459854014599, 2.5162708883025506]"
org.joda.time.format.TestISODateTimeFormat.testFormat_weekyear,0.041970802919708027,0.026987879488216526,0.016710642040457344,0.1079515179528661,0.02421836612057952,0.02551803389121244,0.009297933741173494,5.9939172749391725,3.867814680713107,2.5162708883025506,15.471258722852427,3.3837195918929437,3.6104364095920363,1.4442262353487259,"[""DateTimeFormatter"", ""TestISODateTimeFormat"", ""ISODateTimeFormat"", ""DateTime""]","[0.041970802919708027, 0.026155717761557177, 0.023114355231143552, 0.016710642040457344]","[5.9939172749391725, 2.559610705596107, 4.401459854014599, 2.5162708883025506]"
org.joda.time.format.TestISODateTimeFormat.testFormat_basicOrdinalDateTimeNoMillis,0.041970802919708027,0.026987879488216526,0.016710642040457344,0.1079515179528661,0.02421836612057952,0.02551803389121244,0.009297933741173494,5.9939172749391725,3.867814680713107,2.5162708883025506,15.471258722852427,3.3837195918929437,3.6104364095920363,1.4442262353487259,"[""DateTimeFormatter"", ""TestISODateTimeFormat"", ""ISODateTimeFormat"", ""DateTime""]","[0.041970802919708027, 0.026155717761557177, 0.023114355231143552, 0.016710642040457344]","[5.9939172749391725, 2.559610705596107, 4.401459854014599, 2.5162708883025506]"
org.joda.time.format.TestISODateTimeFormat.testFormat_basicOrdinalDate,0.041970802919708027,0.026987879488216526,0.016710642040457344,0.1079515179528661,0.02421836612057952,0.02551803389121244,0.009297933741173494,5.9939172749391725,3.867814680713107,2.5162708883025506,15.471258722852427,3.3837195918929437,3.6104364095920363,1.4442262353487259,"[""DateTimeFormatter"", ""TestISODateTimeFormat"", ""ISODateTimeFormat"", ""DateTime""]","[0.041970802919708027, 0.026155717761557177, 0.023114355231143552, 0.016710642040457344]","[5.9939172749391725, 2.559610705596107, 4.401459854014599, 2.5162708883025506]"
org.joda.time.format.TestISODateTimeFormat.testFormat_weekDateTime,0.041970802919708027,0.026987879488216526,0.016710642040457344,0.1079515179528661,0.02421836612057952,0.02551803389121244,0.009297933741173494,5.9939172749391725,3.867814680713107,2.5162708883025506,15.471258722852427,3.3837195918929437,3.6104364095920363,1.4442262353487259,"[""DateTimeFormatter"", ""TestISODateTimeFormat"", ""ISODateTimeFormat"", ""DateTime""]","[0.041970802919708027, 0.026155717761557177, 0.023114355231143552, 0.016710642040457344]","[5.9939172749391725, 2.559610705596107, 4.401459854014599, 2.5162708883025506]"
org.joda.time.format.TestISODateTimeFormat.testFormat_basicWeekDate,0.041970802919708027,0.026987879488216526,0.016710642040457344,0.1079515179528661,0.02421836612057952,0.02551803389121244,0.009297933741173494,5.9939172749391725,3.867814680713107,2.5162708883025506,15.471258722852427,3.3837195918929437,3.6104364095920363,1.4442262353487259,"[""DateTimeFormatter"", ""TestISODateTimeFormat"", ""ISODateTimeFormat"", ""DateTime""]","[0.041970802919708027, 0.026155717761557177, 0.023114355231143552, 0.016710642040457344]","[5.9939172749391725, 2.559610705596107, 4.401459854014599, 2.5162708883025506]"
org.joda.time.format.TestISODateTimeFormat.testFormat_weekDate,0.041970802919708027,0.026987879488216526,0.016710642040457344,0.1079515179528661,0.02421836612057952,0.02551803389121244,0.009297933741173494,5.9939172749391725,3.867814680713107,2.5162708883025506,15.471258722852427,3.3837195918929437,3.6104364095920363,1.4442262353487259,"[""DateTimeFormatter"", ""TestISODateTimeFormat"", ""ISODateTimeFormat"", ""DateTime""]","[0.041970802919708027, 0.026155717761557177, 0.023114355231143552, 0.016710642040457344]","[5.9939172749391725, 2.559610705596107, 4.401459854014599, 2.5162708883025506]"
org.joda.time.format.TestISODateTimeFormat.testFormat_basicDate,0.041970802919708027,0.026987879488216526,0.016710642040457344,0.1079515179528661,0.02421836612057952,0.02551803389121244,0.009297933741173494,5.9939172749391725,3.867814680713107,2.5162708883025506,15.471258722852427,3.3837195918929437,3.6104364095920363,1.4442262353487259,"[""DateTimeFormatter"", ""TestISODateTimeFormat"", ""ISODateTimeFormat"", ""DateTime""]","[0.041970802919708027, 0.026155717761557177, 0.023114355231143552, 0.016710642040457344]","[5.9939172749391725, 2.559610705596107, 4.401459854014599, 2.5162708883025506]"
org.joda.time.format.TestISODateTimeFormat.testFormat_time,0.041970802919708027,0.026987879488216526,0.016710642040457344,0.1079515179528661,0.02421836612057952,0.02551803389121244,0.009297933741173494,5.9939172749391725,3.867814680713107,2.5162708883025506,15.471258722852427,3.3837195918929437,3.6104364095920363,1.4442262353487259,"[""DateTimeFormatter"", ""TestISODateTimeFormat"", ""ISODateTimeFormat"", ""DateTime""]","[0.041970802919708027, 0.026155717761557177, 0.023114355231143552, 0.016710642040457344]","[5.9939172749391725, 2.559610705596107, 4.401459854014599, 2.5162708883025506]"
org.joda.time.format.TestISODateTimeFormat.testFormat_basicTTime,0.041970802919708027,0.026987879488216526,0.016710642040457344,0.1079515179528661,0.02421836612057952,0.02551803389121244,0.009297933741173494,5.9939172749391725,3.867814680713107,2.5162708883025506,15.471258722852427,3.3837195918929437,3.6104364095920363,1.4442262353487259,"[""DateTimeFormatter"", ""TestISODateTimeFormat"", ""ISODateTimeFormat"", ""DateTime""]","[0.041970802919708027, 0.026155717761557177, 0.023114355231143552, 0.016710642040457344]","[5.9939172749391725, 2.559610705596107, 4.401459854014599, 2.5162708883025506]"
org.joda.time.format.TestISODateTimeFormat.testFormat_hourMinuteSecondMillis,0.041970802919708027,0.026987879488216526,0.016710642040457344,0.1079515179528661,0.02421836612057952,0.02551803389121244,0.009297933741173494,5.9939172749391725,3.867814680713107,2.5162708883025506,15.471258722852427,3.3837195918929437,3.6104364095920363,1.4442262353487259,"[""DateTimeFormatter"", ""TestISODateTimeFormat"", ""ISODateTimeFormat"", ""DateTime""]","[0.041970802919708027, 0.026155717761557177, 0.023114355231143552, 0.016710642040457344]","[5.9939172749391725, 2.559610705596107, 4.401459854014599, 2.5162708883025506]"
org.joda.time.format.TestISODateTimeFormat.testFormat_hourMinute,0.041970802919708027,0.026987879488216526,0.016710642040457344,0.1079515179528661,0.02421836612057952,0.02551803389121244,0.009297933741173494,5.9939172749391725,3.867814680713107,2.5162708883025506,15.471258722852427,3.3837195918929437,3.6104364095920363,1.4442262353487259,"[""DateTimeFormatter"", ""TestISODateTimeFormat"", ""ISODateTimeFormat"", ""DateTime""]","[0.041970802919708027, 0.026155717761557177, 0.023114355231143552, 0.016710642040457344]","[5.9939172749391725, 2.559610705596107, 4.401459854014599, 2.5162708883025506]"
org.joda.time.format.TestISODateTimeFormat.testFormat_basicWeekDateTimeNoMillis,0.041970802919708027,0.026987879488216526,0.016710642040457344,0.1079515179528661,0.02421836612057952,0.02551803389121244,0.009297933741173494,5.9939172749391725,3.867814680713107,2.5162708883025506,15.471258722852427,3.3837195918929437,3.6104364095920363,1.4442262353487259,"[""DateTimeFormatter"", ""TestISODateTimeFormat"", ""ISODateTimeFormat"", ""DateTime""]","[0.041970802919708027, 0.026155717761557177, 0.023114355231143552, 0.016710642040457344]","[5.9939172749391725, 2.559610705596107, 4.401459854014599, 2.5162708883025506]"
org.joda.time.format.TestISODateTimeFormat.testFormat_dateHour,0.041970802919708027,0.026987879488216526,0.016710642040457344,0.1079515179528661,0.02421836612057952,0.02551803389121244,0.009297933741173494,5.9939172749391725,3.867814680713107,2.5162708883025506,15.471258722852427,3.3837195918929437,3.6104364095920363,1.4442262353487259,"[""DateTimeFormatter"", ""TestISODateTimeFormat"", ""ISODateTimeFormat"", ""DateTime""]","[0.041970802919708027, 0.026155717761557177, 0.023114355231143552, 0.016710642040457344]","[5.9939172749391725, 2.559610705596107, 4.401459854014599, 2.5162708883025506]"
org.joda.time.format.TestISODateTimeFormat.testFormat_yearMonthDay,0.041970802919708027,0.026987879488216526,0.016710642040457344,0.1079515179528661,0.02421836612057952,0.02551803389121244,0.009297933741173494,5.9939172749391725,3.867814680713107,2.5162708883025506,15.471258722852427,3.3837195918929437,3.6104364095920363,1.4442262353487259,"[""DateTimeFormatter"", ""TestISODateTimeFormat"", ""ISODateTimeFormat"", ""DateTime""]","[0.041970802919708027, 0.026155717761557177, 0.023114355231143552, 0.016710642040457344]","[5.9939172749391725, 2.559610705596107, 4.401459854014599, 2.5162708883025506]"
org.joda.time.format.TestISODateTimeFormat.testFormat_weekyearWeekDay,0.041970802919708027,0.026987879488216526,0.016710642040457344,0.1079515179528661,0.02421836612057952,0.02551803389121244,0.009297933741173494,5.9939172749391725,3.867814680713107,2.5162708883025506,15.471258722852427,3.3837195918929437,3.6104364095920363,1.4442262353487259,"[""DateTimeFormatter"", ""TestISODateTimeFormat"", ""ISODateTimeFormat"", ""DateTime""]","[0.041970802919708027, 0.026155717761557177, 0.023114355231143552, 0.016710642040457344]","[5.9939172749391725, 2.559610705596107, 4.401459854014599, 2.5162708883025506]"
org.joda.time.format.TestISODateTimeFormat.testFormat_timeNoMillis,0.041970802919708027,0.026987879488216526,0.016710642040457344,0.1079515179528661,0.02421836612057952,0.02551803389121244,0.009297933741173494,5.9939172749391725,3.867814680713107,2.5162708883025506,15.471258722852427,3.3837195918929437,3.6104364095920363,1.4442262353487259,"[""DateTimeFormatter"", ""TestISODateTimeFormat"", ""ISODateTimeFormat"", ""DateTime""]","[0.041970802919708027, 0.026155717761557177, 0.023114355231143552, 0.016710642040457344]","[5.9939172749391725, 2.559610705596107, 4.401459854014599, 2.5162708883025506]"
org.joda.time.format.TestISODateTimeFormat.testFormat_hourMinuteSecondFraction,0.041970802919708027,0.026987879488216526,0.016710642040457344,0.1079515179528661,0.02421836612057952,0.02551803389121244,0.009297933741173494,5.9939172749391725,3.867814680713107,2.5162708883025506,15.471258722852427,3.3837195918929437,3.6104364095920363,1.4442262353487259,"[""DateTimeFormatter"", ""TestISODateTimeFormat"", ""ISODateTimeFormat"", ""DateTime""]","[0.041970802919708027, 0.026155717761557177, 0.023114355231143552, 0.016710642040457344]","[5.9939172749391725, 2.559610705596107, 4.401459854014599, 2.5162708883025506]"
org.joda.time.format.TestISODateTimeFormat.testFormat_dateHourMinuteSecond,0.041970802919708027,0.026987879488216526,0.016710642040457344,0.1079515179528661,0.02421836612057952,0.02551803389121244,0.009297933741173494,5.9939172749391725,3.867814680713107,2.5162708883025506,15.471258722852427,3.3837195918929437,3.6104364095920363,1.4442262353487259,"[""DateTimeFormatter"", ""TestISODateTimeFormat"", ""ISODateTimeFormat"", ""DateTime""]","[0.041970802919708027, 0.026155717761557177, 0.023114355231143552, 0.016710642040457344]","[5.9939172749391725, 2.559610705596107, 4.401459854014599, 2.5162708883025506]"
org.joda.time.format.TestISODateTimeFormat.testFormat_tTimeNoMillis,0.041970802919708027,0.026987879488216526,0.016710642040457344,0.1079515179528661,0.02421836612057952,0.02551803389121244,0.009297933741173494,5.9939172749391725,3.867814680713107,2.5162708883025506,15.471258722852427,3.3837195918929437,3.6104364095920363,1.4442262353487259,"[""DateTimeFormatter"", ""TestISODateTimeFormat"", ""ISODateTimeFormat"", ""DateTime""]","[0.041970802919708027, 0.026155717761557177, 0.023114355231143552, 0.016710642040457344]","[5.9939172749391725, 2.559610705596107, 4.401459854014599, 2.5162708883025506]"
org.joda.time.format.TestISODateTimeFormat.testFormat_basicOrdinalDateTime,0.041970802919708027,0.026987879488216526,0.016710642040457344,0.1079515179528661,0.02421836612057952,0.02551803389121244,0.009297933741173494,5.9939172749391725,3.867814680713107,2.5162708883025506,15.471258722852427,3.3837195918929437,3.6104364095920363,1.4442262353487259,"[""DateTimeFormatter"", ""TestISODateTimeFormat"", ""ISODateTimeFormat"", ""DateTime""]","[0.041970802919708027, 0.026155717761557177, 0.023114355231143552, 0.016710642040457344]","[5.9939172749391725, 2.559610705596107, 4.401459854014599, 2.5162708883025506]"
org.joda.time.format.TestISODateTimeFormat.testFormat_tTime,0.041970802919708027,0.026987879488216526,0.016710642040457344,0.1079515179528661,0.02421836612057952,0.02551803389121244,0.009297933741173494,5.9939172749391725,3.867814680713107,2.5162708883025506,15.471258722852427,3.3837195918929437,3.6104364095920363,1.4442262353487259,"[""DateTimeFormatter"", ""TestISODateTimeFormat"", ""ISODateTimeFormat"", ""DateTime""]","[0.041970802919708027, 0.026155717761557177, 0.023114355231143552, 0.016710642040457344]","[5.9939172749391725, 2.559610705596107, 4.401459854014599, 2.5162708883025506]"
org.joda.time.format.TestISODateTimeFormat.testFormat_weekDateTimeNoMillis,0.041970802919708027,0.026987879488216526,0.016710642040457344,0.1079515179528661,0.02421836612057952,0.02551803389121244,0.009297933741173494,5.9939172749391725,3.867814680713107,2.5162708883025506,15.471258722852427,3.3837195918929437,3.6104364095920363,1.4442262353487259,"[""DateTimeFormatter"", ""TestISODateTimeFormat"", ""ISODateTimeFormat"", ""DateTime""]","[0.041970802919708027, 0.026155717761557177, 0.023114355231143552, 0.016710642040457344]","[5.9939172749391725, 2.559610705596107, 4.401459854014599, 2.5162708883025506]"
org.joda.time.format.TestISODateTimeFormat.testFormat_dateTime,0.041970802919708027,0.026987879488216526,0.016710642040457344,0.1079515179528661,0.02421836612057952,0.02551803389121244,0.009297933741173494,5.9939172749391725,3.867814680713107,2.5162708883025506,15.471258722852427,3.3837195918929437,3.6104364095920363,1.4442262353487259,"[""DateTimeFormatter"", ""TestISODateTimeFormat"", ""ISODateTimeFormat"", ""DateTime""]","[0.041970802919708027, 0.026155717761557177, 0.023114355231143552, 0.016710642040457344]","[5.9939172749391725, 2.559610705596107, 4.401459854014599, 2.5162708883025506]"
org.joda.time.format.TestISODateTimeFormat.testFormat_hourMinuteSecond,0.041970802919708027,0.026987879488216526,0.016710642040457344,0.1079515179528661,0.02421836612057952,0.02551803389121244,0.009297933741173494,5.9939172749391725,3.867814680713107,2.5162708883025506,15.471258722852427,3.3837195918929437,3.6104364095920363,1.4442262353487259,"[""DateTimeFormatter"", ""TestISODateTimeFormat"", ""ISODateTimeFormat"", ""DateTime""]","[0.041970802919708027, 0.026155717761557177, 0.023114355231143552, 0.016710642040457344]","[5.9939172749391725, 2.559610705596107, 4.401459854014599, 2.5162708883025506]"
org.joda.time.format.TestISODateTimeFormat.testFormat_dateHourMinuteSecondFraction,0.041970802919708027,0.026987879488216526,0.016710642040457344,0.1079515179528661,0.02421836612057952,0.02551803389121244,0.009297933741173494,5.9939172749391725,3.867814680713107,2.5162708883025506,15.471258722852427,3.3837195918929437,3.6104364095920363,1.4442262353487259,"[""DateTimeFormatter"", ""TestISODateTimeFormat"", ""ISODateTimeFormat"", ""DateTime""]","[0.041970802919708027, 0.026155717761557177, 0.023114355231143552, 0.016710642040457344]","[5.9939172749391725, 2.559610705596107, 4.401459854014599, 2.5162708883025506]"
org.joda.time.format.TestISODateTimeFormat.testFormat_dateHourMinute,0.041970802919708027,0.026987879488216526,0.016710642040457344,0.1079515179528661,0.02421836612057952,0.02551803389121244,0.009297933741173494,5.9939172749391725,3.867814680713107,2.5162708883025506,15.471258722852427,3.3837195918929437,3.6104364095920363,1.4442262353487259,"[""DateTimeFormatter"", ""TestISODateTimeFormat"", ""ISODateTimeFormat"", ""DateTime""]","[0.041970802919708027, 0.026155717761557177, 0.023114355231143552, 0.016710642040457344]","[5.9939172749391725, 2.559610705596107, 4.401459854014599, 2.5162708883025506]"
org.joda.time.format.TestISODateTimeFormat.testFormat_basicDateTime,0.041970802919708027,0.026987879488216526,0.016710642040457344,0.1079515179528661,0.02421836612057952,0.02551803389121244,0.009297933741173494,5.9939172749391725,3.867814680713107,2.5162708883025506,15.471258722852427,3.3837195918929437,3.6104364095920363,1.4442262353487259,"[""DateTimeFormatter"", ""TestISODateTimeFormat"", ""ISODateTimeFormat"", ""DateTime""]","[0.041970802919708027, 0.026155717761557177, 0.023114355231143552, 0.016710642040457344]","[5.9939172749391725, 2.559610705596107, 4.401459854014599, 2.5162708883025506]"
org.joda.time.format.TestISODateTimeFormat.testFormat_dateTimeNoMillis,0.041970802919708027,0.026987879488216526,0.016710642040457344,0.1079515179528661,0.02421836612057952,0.02551803389121244,0.009297933741173494,5.9939172749391725,3.867814680713107,2.5162708883025506,15.471258722852427,3.3837195918929437,3.6104364095920363,1.4442262353487259,"[""DateTimeFormatter"", ""TestISODateTimeFormat"", ""ISODateTimeFormat"", ""DateTime""]","[0.041970802919708027, 0.026155717761557177, 0.023114355231143552, 0.016710642040457344]","[5.9939172749391725, 2.559610705596107, 4.401459854014599, 2.5162708883025506]"
org.joda.time.format.TestISODateTimeFormat.testFormat_basicTTimeNoMillis,0.041970802919708027,0.026987879488216526,0.016710642040457344,0.1079515179528661,0.02421836612057952,0.02551803389121244,0.009297933741173494,5.9939172749391725,3.867814680713107,2.5162708883025506,15.471258722852427,3.3837195918929437,3.6104364095920363,1.4442262353487259,"[""DateTimeFormatter"", ""TestISODateTimeFormat"", ""ISODateTimeFormat"", ""DateTime""]","[0.041970802919708027, 0.026155717761557177, 0.023114355231143552, 0.016710642040457344]","[5.9939172749391725, 2.559610705596107, 4.401459854014599, 2.5162708883025506]"
org.joda.time.format.TestISODateTimeFormat.testFormat_yearMonth,0.041970802919708027,0.026987879488216526,0.016710642040457344,0.1079515179528661,0.02421836612057952,0.02551803389121244,0.009297933741173494,5.9939172749391725,3.867814680713107,2.5162708883025506,15.471258722852427,3.3837195918929437,3.6104364095920363,1.4442262353487259,"[""DateTimeFormatter"", ""TestISODateTimeFormat"", ""ISODateTimeFormat"", ""DateTime""]","[0.041970802919708027, 0.026155717761557177, 0.023114355231143552, 0.016710642040457344]","[5.9939172749391725, 2.559610705596107, 4.401459854014599, 2.5162708883025506]"
org.joda.time.format.TestISODateTimeFormat.testFormat_ordinalDateTime,0.041970802919708027,0.026987879488216526,0.016710642040457344,0.1079515179528661,0.02421836612057952,0.02551803389121244,0.009297933741173494,5.9939172749391725,3.867814680713107,2.5162708883025506,15.471258722852427,3.3837195918929437,3.6104364095920363,1.4442262353487259,"[""DateTimeFormatter"", ""TestISODateTimeFormat"", ""ISODateTimeFormat"", ""DateTime""]","[0.041970802919708027, 0.026155717761557177, 0.023114355231143552, 0.016710642040457344]","[5.9939172749391725, 2.559610705596107, 4.401459854014599, 2.5162708883025506]"
org.joda.time.format.TestISODateTimeFormat.testFormat_date,0.041970802919708027,0.026987879488216526,0.016710642040457344,0.1079515179528661,0.02421836612057952,0.02551803389121244,0.009297933741173494,5.9939172749391725,3.867814680713107,2.5162708883025506,15.471258722852427,3.3837195918929437,3.6104364095920363,1.4442262353487259,"[""DateTimeFormatter"", ""TestISODateTimeFormat"", ""ISODateTimeFormat"", ""DateTime""]","[0.041970802919708027, 0.026155717761557177, 0.023114355231143552, 0.016710642040457344]","[5.9939172749391725, 2.559610705596107, 4.401459854014599, 2.5162708883025506]"
org.joda.time.format.TestISODateTimeFormat.testFormat_basicWeekDateTime,0.041970802919708027,0.026987879488216526,0.016710642040457344,0.1079515179528661,0.02421836612057952,0.02551803389121244,0.009297933741173494,5.9939172749391725,3.867814680713107,2.5162708883025506,15.471258722852427,3.3837195918929437,3.6104364095920363,1.4442262353487259,"[""DateTimeFormatter"", ""TestISODateTimeFormat"", ""ISODateTimeFormat"", ""DateTime""]","[0.041970802919708027, 0.026155717761557177, 0.023114355231143552, 0.016710642040457344]","[5.9939172749391725, 2.559610705596107, 4.401459854014599, 2.5162708883025506]"
org.joda.time.format.TestISODateTimeFormat.testFormat_ordinalDate,0.041970802919708027,0.026987879488216526,0.016710642040457344,0.1079515179528661,0.02421836612057952,0.02551803389121244,0.009297933741173494,5.9939172749391725,3.867814680713107,2.5162708883025506,15.471258722852427,3.3837195918929437,3.6104364095920363,1.4442262353487259,"[""DateTimeFormatter"", ""TestISODateTimeFormat"", ""ISODateTimeFormat"", ""DateTime""]","[0.041970802919708027, 0.026155717761557177, 0.023114355231143552, 0.016710642040457344]","[5.9939172749391725, 2.559610705596107, 4.401459854014599, 2.5162708883025506]"
org.joda.time.format.TestISODateTimeFormat.testFormat_weekyearWeek,0.041970802919708027,0.026987879488216526,0.016710642040457344,0.1079515179528661,0.02421836612057952,0.02551803389121244,0.009297933741173494,5.9939172749391725,3.867814680713107,2.5162708883025506,15.471258722852427,3.3837195918929437,3.6104364095920363,1.4442262353487259,"[""DateTimeFormatter"", ""TestISODateTimeFormat"", ""ISODateTimeFormat"", ""DateTime""]","[0.041970802919708027, 0.026155717761557177, 0.023114355231143552, 0.016710642040457344]","[5.9939172749391725, 2.559610705596107, 4.401459854014599, 2.5162708883025506]"
org.joda.time.format.TestISODateTimeFormat.testFormat_hour,0.041970802919708027,0.026987879488216526,0.016710642040457344,0.1079515179528661,0.02421836612057952,0.02551803389121244,0.009297933741173494,5.9939172749391725,3.867814680713107,2.5162708883025506,15.471258722852427,3.3837195918929437,3.6104364095920363,1.4442262353487259,"[""DateTimeFormatter"", ""TestISODateTimeFormat"", ""ISODateTimeFormat"", ""DateTime""]","[0.041970802919708027, 0.026155717761557177, 0.023114355231143552, 0.016710642040457344]","[5.9939172749391725, 2.559610705596107, 4.401459854014599, 2.5162708883025506]"
org.joda.time.format.TestISODateTimeFormat.testFormat_ordinalDateTimeNoMillis,0.041970802919708027,0.026987879488216526,0.016710642040457344,0.1079515179528661,0.02421836612057952,0.02551803389121244,0.009297933741173494,5.9939172749391725,3.867814680713107,2.5162708883025506,15.471258722852427,3.3837195918929437,3.6104364095920363,1.4442262353487259,"[""DateTimeFormatter"", ""TestISODateTimeFormat"", ""ISODateTimeFormat"", ""DateTime""]","[0.041970802919708027, 0.026155717761557177, 0.023114355231143552, 0.016710642040457344]","[5.9939172749391725, 2.559610705596107, 4.401459854014599, 2.5162708883025506]"
org.joda.time.format.TestISODateTimeFormat.testFormat_year,0.041970802919708027,0.026987879488216526,0.016710642040457344,0.1079515179528661,0.02421836612057952,0.02551803389121244,0.009297933741173494,5.9939172749391725,3.867814680713107,2.5162708883025506,15.471258722852427,3.3837195918929437,3.6104364095920363,1.4442262353487259,"[""DateTimeFormatter"", ""TestISODateTimeFormat"", ""ISODateTimeFormat"", ""DateTime""]","[0.041970802919708027, 0.026155717761557177, 0.023114355231143552, 0.016710642040457344]","[5.9939172749391725, 2.559610705596107, 4.401459854014599, 2.5162708883025506]"
org.joda.time.TestIllegalFieldValueException.testJulianYearZero,0.041970802919708027,0.021527190938069315,0.013157894736842105,0.10763595469034658,0.018323894757108806,0.019636167348384657,0.010441248269206728,5.9939172749391725,2.3723966406031622,0.8479318734793188,11.86198320301581,1.541154243775892,1.8523465432863182,1.866401679714109,"[""IllegalFieldValueException"", ""DateTimeFieldType"", ""TestIllegalFieldValueException"", ""JulianChronology"", ""DateTime$Property"", ""Integer"", ""DateTime""]","[0.041970802919708027, 0.019464720194647202, 0.017691659646166806, 0.015350877192982455, 0.013157894736842105]","[5.9939172749391725, 0.8479318734793188, 2.2350463352990735, 1.2532894736842106, 1.531798245614035]"
org.joda.time.TestLocalDateTime_Basics.testWithField_DateTimeFieldType_int_1,0.061377245508982034,0.03582002411585929,0.017691659646166806,0.10746007234757787,0.027767823868359947,0.031355933814946974,0.01859208683707397,11.95808383233533,6.83935043442703,2.2350463352990735,20.51805130328109,4.353200121018565,5.529269350548156,3.9860458828080065,"[""DateTimeFieldType"", ""LocalDateTime"", ""TestLocalDateTime_Basics""]","[0.061377245508982034, 0.028391167192429023, 0.017691659646166806]","[11.95808383233533, 6.3249211356466875, 2.2350463352990735]"
org.joda.time.TestLocalDateTime_Basics.testGet_DateTimeFieldType,0.061377245508982034,0.03582002411585929,0.017691659646166806,0.10746007234757787,0.027767823868359947,0.031355933814946974,0.01859208683707397,11.95808383233533,6.83935043442703,2.2350463352990735,20.51805130328109,4.353200121018565,5.529269350548156,3.9860458828080065,"[""DateTimeFieldType"", ""LocalDateTime"", ""TestLocalDateTime_Basics""]","[0.061377245508982034, 0.028391167192429023, 0.017691659646166806]","[11.95808383233533, 6.3249211356466875, 2.2350463352990735]"
org.joda.time.TestLocalDateTime_Basics.testGetFieldTypes,0.061377245508982034,0.03582002411585929,0.017691659646166806,0.10746007234757787,0.027767823868359947,0.031355933814946974,0.01859208683707397,11.95808383233533,6.83935043442703,2.2350463352990735,20.51805130328109,4.353200121018565,5.529269350548156,3.9860458828080065,"[""DateTimeFieldType"", ""LocalDateTime"", ""TestLocalDateTime_Basics""]","[0.061377245508982034, 0.028391167192429023, 0.017691659646166806]","[11.95808383233533, 6.3249211356466875, 2.2350463352990735]"
org.joda.time.TestLocalDateTime_Basics.testProperty,0.061377245508982034,0.03582002411585929,0.017691659646166806,0.10746007234757787,0.027767823868359947,0.031355933814946974,0.01859208683707397,11.95808383233533,6.83935043442703,2.2350463352990735,20.51805130328109,4.353200121018565,5.529269350548156,3.9860458828080065,"[""DateTimeFieldType"", ""LocalDateTime"", ""LocalDateTime$Property"", ""TestLocalDateTime_Basics""]","[0.061377245508982034, 0.028391167192429023, 0.017691659646166806]","[11.95808383233533, 6.3249211356466875, 2.2350463352990735]"
org.joda.time.TestLocalDateTime_Basics.testIsSupported_DateTimeFieldType,0.061377245508982034,0.03582002411585929,0.017691659646166806,0.10746007234757787,0.027767823868359947,0.031355933814946974,0.01859208683707397,11.95808383233533,6.83935043442703,2.2350463352990735,20.51805130328109,4.353200121018565,5.529269350548156,3.9860458828080065,"[""DateTimeFieldType"", ""LocalDateTime"", ""TestLocalDateTime_Basics""]","[0.061377245508982034, 0.028391167192429023, 0.017691659646166806]","[11.95808383233533, 6.3249211356466875, 2.2350463352990735]"
org.joda.time.TestLocalDateTime_Basics.testWithField_DateTimeFieldType_int_3,0.061377245508982034,0.03582002411585929,0.017691659646166806,0.10746007234757787,0.027767823868359947,0.031355933814946974,0.01859208683707397,11.95808383233533,6.83935043442703,2.2350463352990735,20.51805130328109,4.353200121018565,5.529269350548156,3.9860458828080065,"[""DateTimeFieldType"", ""LocalDateTime"", ""TestLocalDateTime_Basics""]","[0.061377245508982034, 0.028391167192429023, 0.017691659646166806]","[11.95808383233533, 6.3249211356466875, 2.2350463352990735]"
org.joda.time.TestLocalDateTime_Basics.testGetFieldType_int,0.061377245508982034,0.03582002411585929,0.017691659646166806,0.10746007234757787,0.027767823868359947,0.031355933814946974,0.01859208683707397,11.95808383233533,6.83935043442703,2.2350463352990735,20.51805130328109,4.353200121018565,5.529269350548156,3.9860458828080065,"[""DateTimeFieldType"", ""LocalDateTime"", ""TestLocalDateTime_Basics""]","[0.061377245508982034, 0.028391167192429023, 0.017691659646166806]","[11.95808383233533, 6.3249211356466875, 2.2350463352990735]"
org.joda.time.TestDateTime_Basics.testToMutableDateTime,0.041970802919708027,0.03577167734590574,0.030064423765211165,0.10731503203771724,0.03511531077187917,0.03544122958464715,0.004873186478808443,5.9939172749391725,4.950887836930138,4.203771289537713,14.852663510790414,4.842291660313098,4.895034129083371,0.7601881308321201,"[""MutableDateTime"", ""TestDateTime_Basics"", ""DateTime""]","[0.041970802919708027, 0.03527980535279805, 0.030064423765211165]","[5.9939172749391725, 4.203771289537713, 4.654974946313529]"
org.joda.time.TestDateTime_Basics.testToMutableDateTime_DateTimeZone,0.041970802919708027,0.03577167734590574,0.030064423765211165,0.10731503203771724,0.03511531077187917,0.03544122958464715,0.004873186478808443,5.9939172749391725,4.950887836930138,4.203771289537713,14.852663510790414,4.842291660313098,4.895034129083371,0.7601881308321201,"[""MutableDateTime"", ""TestDateTime_Basics"", ""DateTime""]","[0.041970802919708027, 0.03527980535279805, 0.030064423765211165]","[5.9939172749391725, 4.203771289537713, 4.654974946313529]"
org.joda.time.TestDateTime_Basics.testToMutableDateTime_Chronology,0.041970802919708027,0.03577167734590574,0.030064423765211165,0.10731503203771724,0.03511531077187917,0.03544122958464715,0.004873186478808443,5.9939172749391725,4.950887836930138,4.203771289537713,14.852663510790414,4.842291660313098,4.895034129083371,0.7601881308321201,"[""MutableDateTime"", ""TestDateTime_Basics"", ""DateTime""]","[0.041970802919708027, 0.03527980535279805, 0.030064423765211165]","[5.9939172749391725, 4.203771289537713, 4.654974946313529]"
org.joda.time.TestDateTime_Basics.testToMutableDateTimeISO,0.041970802919708027,0.03577167734590574,0.030064423765211165,0.10731503203771724,0.03511531077187917,0.03544122958464715,0.004873186478808443,5.9939172749391725,4.950887836930138,4.203771289537713,14.852663510790414,4.842291660313098,4.895034129083371,0.7601881308321201,"[""MutableDateTime"", ""Object"", ""TestDateTime_Basics"", ""DateTime""]","[0.041970802919708027, 0.03527980535279805, 0.030064423765211165]","[5.9939172749391725, 4.203771289537713, 4.654974946313529]"
org.joda.time.TestLocalTime_Basics.testToString_DTFormatter,0.05547226386806597,0.03573063046801975,0.02556390977443609,0.10719189140405924,0.03145404757511431,0.03334954677733461,0.013961533491460756,8.113943028485757,5.378635565593527,2.9197080291970803,16.13590669678058,4.5335273210312526,4.944372673511775,2.1295240007704725,"[""TestLocalTime_Basics"", ""DateTimeFormat"", ""LocalTime""]","[0.05547226386806597, 0.026155717761557177, 0.02556390977443609]","[8.113943028485757, 2.9197080291970803, 5.102255639097744]"
org.joda.time.TestAbstractPartial.testGetPropertyEquals,0.020596590909090908,0.01776089676283114,0.015100671140939598,0.10656538057698685,0.01747133885484072,0.017615782800361347,0.0022637537677851014,2.3728710462287106,1.4571791066547146,0.7195863746958637,8.743074639928288,1.21818870983708,1.33137701601786,0.6126447842278088,"[""IndexOutOfBoundsException"", ""TestAbstractPartial$MockProperty0Val"", ""BuddhistChronology"", ""TestAbstractPartial$MockProperty1"", ""TestAbstractPartial$MockProperty0Field"", ""TestAbstractPartial$MockPartial"", ""TestAbstractPartial"", ""TestAbstractPartial$MockProperty0Chrono"", ""AbstractPartial"", ""TestAbstractPartial$MockProperty0Chrono$1"", ""ISOChronology"", ""TestAbstractPartial$MockProperty0"", ""Chronology"", ""AbstractPartialFieldProperty""]","[0.020596590909090908, 0.020072992700729927, 0.019164955509924708, 0.016423357664233577, 0.015206812652068127, 0.015100671140939598]","[2.1626420454545454, 2.3728710462287106, 1.4106776180698153, 1.1368613138686132, 0.7195863746958637, 0.9404362416107382]"
org.joda.time.format.TestDateTimeFormatStyle.testForStyle_mediumTime,0.041970802919708027,0.026610073288517146,0.0121580547112462,0.10644029315406858,0.021912860927280706,0.0243072688161882,0.01055018641600811,5.9939172749391725,3.3067588504574057,1.7537993920972645,13.227035401829623,2.7206981824728684,2.9771519463682012,1.6078356699443452,"[""DateTimeFormatter"", ""DateFormat"", ""DateTimeFormat"", ""DateTime"", ""TestDateTimeFormatStyle""]","[0.041970802919708027, 0.026155717761557177, 0.026155717761557177, 0.0121580547112462]","[5.9939172749391725, 2.559610705596107, 2.9197080291970803, 1.7537993920972645]"
org.joda.time.format.TestDateTimeFormatStyle.testForStyle_mediumDate,0.041970802919708027,0.026610073288517146,0.0121580547112462,0.10644029315406858,0.021912860927280706,0.0243072688161882,0.01055018641600811,5.9939172749391725,3.3067588504574057,1.7537993920972645,13.227035401829623,2.7206981824728684,2.9771519463682012,1.6078356699443452,"[""DateTimeFormatter"", ""DateFormat"", ""DateTimeFormat"", ""DateTime"", ""TestDateTimeFormatStyle""]","[0.041970802919708027, 0.026155717761557177, 0.026155717761557177, 0.0121580547112462]","[5.9939172749391725, 2.559610705596107, 2.9197080291970803, 1.7537993920972645]"
org.joda.time.format.TestDateTimeFormatStyle.testForStyle_longDate,0.041970802919708027,0.026610073288517146,0.0121580547112462,0.10644029315406858,0.021912860927280706,0.0243072688161882,0.01055018641600811,5.9939172749391725,3.3067588504574057,1.7537993920972645,13.227035401829623,2.7206981824728684,2.9771519463682012,1.6078356699443452,"[""DateTimeFormatter"", ""DateFormat"", ""DateTimeFormat"", ""DateTime"", ""TestDateTimeFormatStyle""]","[0.041970802919708027, 0.026155717761557177, 0.026155717761557177, 0.0121580547112462]","[5.9939172749391725, 2.559610705596107, 2.9197080291970803, 1.7537993920972645]"
org.joda.time.format.TestDateTimeFormatStyle.testForStyle_fullDate,0.041970802919708027,0.026610073288517146,0.0121580547112462,0.10644029315406858,0.021912860927280706,0.0243072688161882,0.01055018641600811,5.9939172749391725,3.3067588504574057,1.7537993920972645,13.227035401829623,2.7206981824728684,2.9771519463682012,1.6078356699443452,"[""DateTimeFormatter"", ""DateFormat"", ""DateTimeFormat"", ""DateTime"", ""TestDateTimeFormatStyle""]","[0.041970802919708027, 0.026155717761557177, 0.026155717761557177, 0.0121580547112462]","[5.9939172749391725, 2.559610705596107, 2.9197080291970803, 1.7537993920972645]"
org.joda.time.format.TestDateTimeFormatStyle.testForStyle_mediumDateTime,0.041970802919708027,0.026610073288517146,0.0121580547112462,0.10644029315406858,0.021912860927280706,0.0243072688161882,0.01055018641600811,5.9939172749391725,3.3067588504574057,1.7537993920972645,13.227035401829623,2.7206981824728684,2.9771519463682012,1.6078356699443452,"[""DateTimeFormatter"", ""DateFormat"", ""DateTimeFormat"", ""DateTime"", ""TestDateTimeFormatStyle""]","[0.041970802919708027, 0.026155717761557177, 0.026155717761557177, 0.0121580547112462]","[5.9939172749391725, 2.559610705596107, 2.9197080291970803, 1.7537993920972645]"
org.joda.time.format.TestDateTimeFormatStyle.testForStyle_shortDate,0.041970802919708027,0.026610073288517146,0.0121580547112462,0.10644029315406858,0.021912860927280706,0.0243072688161882,0.01055018641600811,5.9939172749391725,3.3067588504574057,1.7537993920972645,13.227035401829623,2.7206981824728684,2.9771519463682012,1.6078356699443452,"[""DateTimeFormatter"", ""DateFormat"", ""DateTimeFormat"", ""DateTime"", ""TestDateTimeFormatStyle""]","[0.041970802919708027, 0.026155717761557177, 0.026155717761557177, 0.0121580547112462]","[5.9939172749391725, 2.559610705596107, 2.9197080291970803, 1.7537993920972645]"
org.joda.time.format.TestDateTimeFormatStyle.testForStyle_shortMediumDateTime,0.041970802919708027,0.026610073288517146,0.0121580547112462,0.10644029315406858,0.021912860927280706,0.0243072688161882,0.01055018641600811,5.9939172749391725,3.3067588504574057,1.7537993920972645,13.227035401829623,2.7206981824728684,2.9771519463682012,1.6078356699443452,"[""DateTimeFormatter"", ""DateFormat"", ""DateTimeFormat"", ""DateTime"", ""TestDateTimeFormatStyle""]","[0.041970802919708027, 0.026155717761557177, 0.026155717761557177, 0.0121580547112462]","[5.9939172749391725, 2.559610705596107, 2.9197080291970803, 1.7537993920972645]"
org.joda.time.format.TestDateTimeFormatStyle.testForStyle_shortDateTime,0.041970802919708027,0.026610073288517146,0.0121580547112462,0.10644029315406858,0.021912860927280706,0.0243072688161882,0.01055018641600811,5.9939172749391725,3.3067588504574057,1.7537993920972645,13.227035401829623,2.7206981824728684,2.9771519463682012,1.6078356699443452,"[""DateTimeFormatter"", ""DateFormat"", ""DateTimeFormat"", ""DateTime"", ""TestDateTimeFormatStyle""]","[0.041970802919708027, 0.026155717761557177, 0.026155717761557177, 0.0121580547112462]","[5.9939172749391725, 2.559610705596107, 2.9197080291970803, 1.7537993920972645]"
org.joda.time.format.TestDateTimeFormatStyle.testForStyle_mediumShortDateTime,0.041970802919708027,0.026610073288517146,0.0121580547112462,0.10644029315406858,0.021912860927280706,0.0243072688161882,0.01055018641600811,5.9939172749391725,3.3067588504574057,1.7537993920972645,13.227035401829623,2.7206981824728684,2.9771519463682012,1.6078356699443452,"[""DateTimeFormatter"", ""DateFormat"", ""DateTimeFormat"", ""DateTime"", ""TestDateTimeFormatStyle""]","[0.041970802919708027, 0.026155717761557177, 0.026155717761557177, 0.0121580547112462]","[5.9939172749391725, 2.559610705596107, 2.9197080291970803, 1.7537993920972645]"
org.joda.time.TestDuration_Constructors.testConstructor_Object5,0.041970802919708027,0.026536285734186166,0.019696969696969695,0.10614514293674467,0.024252759879294945,0.025258537437586857,0.009032302652193975,5.9939172749391725,2.7956545919634372,1.6178266178266179,11.182618367853749,2.088784052157183,2.352777202658819,1.85154727819606,"[""TestDuration_Constructors"", ""Interval"", ""Duration"", ""DateTime""]","[0.041970802919708027, 0.02372034956304619, 0.020757020757020756, 0.019696969696969695]","[5.9939172749391725, 1.618601747815231, 1.6178266178266179, 1.9522727272727274]"
org.joda.time.TestInterval_Constructors.testConstructor_Object_Chronology1,0.041970802919708027,0.026503955216006778,0.016423357664233577,0.10601582086402711,0.023709101614977517,0.025002763203268767,0.009425550961475728,5.9939172749391725,2.905348168195846,1.1368613138686132,11.621392672783385,1.9876214023924206,2.3723902730643207,1.8923287577160928,"[""BuddhistChronology"", ""Interval"", ""TestInterval_Constructors"", ""DateTime""]","[0.041970802919708027, 0.023901310717039322, 0.02372034956304619, 0.016423357664233577]","[5.9939172749391725, 2.87201233616037, 1.618601747815231, 1.1368613138686132]"
org.joda.time.TestYearMonthDay_Basics.testToDateTimeAtMidnight,0.041970802919708027,0.03526549046329064,0.024305555555555556,0.10579647138987192,0.03323270634982068,0.03428917232330581,0.007814158101873648,5.9939172749391725,4.336819575323434,3.4809027777777777,13.010458725970302,4.070821826543771,4.193952473136579,1.1719580749376113,"[""YearMonthDay"", ""TestYearMonthDay_Basics"", ""DateTime""]","[0.041970802919708027, 0.03952011291460833, 0.024305555555555556]","[5.9939172749391725, 3.5356386732533522, 3.4809027777777777]"
org.joda.time.TestYearMonthDay_Basics.testToDateTimeAtMidnight_nullZone,0.041970802919708027,0.03526549046329064,0.024305555555555556,0.10579647138987192,0.03323270634982068,0.03428917232330581,0.007814158101873648,5.9939172749391725,4.336819575323434,3.4809027777777777,13.010458725970302,4.070821826543771,4.193952473136579,1.1719580749376113,"[""YearMonthDay"", ""TestYearMonthDay_Basics"", ""DateTime""]","[0.041970802919708027, 0.03952011291460833, 0.024305555555555556]","[5.9939172749391725, 3.5356386732533522, 3.4809027777777777]"
org.joda.time.TestYearMonthDay_Basics.testToDateTime_RI,0.041970802919708027,0.03526549046329064,0.024305555555555556,0.10579647138987192,0.03323270634982068,0.03428917232330581,0.007814158101873648,5.9939172749391725,4.336819575323434,3.4809027777777777,13.010458725970302,4.070821826543771,4.193952473136579,1.1719580749376113,"[""YearMonthDay"", ""TestYearMonthDay_Basics"", ""DateTime$Property"", ""DateTime""]","[0.041970802919708027, 0.03952011291460833, 0.024305555555555556]","[5.9939172749391725, 3.5356386732533522, 3.4809027777777777]"
org.joda.time.TestYearMonthDay_Basics.testToDateTimeAtMidnight_Zone,0.041970802919708027,0.03526549046329064,0.024305555555555556,0.10579647138987192,0.03323270634982068,0.03428917232330581,0.007814158101873648,5.9939172749391725,4.336819575323434,3.4809027777777777,13.010458725970302,4.070821826543771,4.193952473136579,1.1719580749376113,"[""YearMonthDay"", ""TestYearMonthDay_Basics"", ""DateTime""]","[0.041970802919708027, 0.03952011291460833, 0.024305555555555556]","[5.9939172749391725, 3.5356386732533522, 3.4809027777777777]"
org.joda.time.TestDateTime_Constructors.testConstructor_badconverterObject_DateTimeZone,0.041970802919708027,0.021145440442526482,0.015032211882605583,0.1057272022126324,0.018148900341970874,0.0193224810166822,0.010440753638309213,5.9939172749391725,2.230934734110204,0.6593673965936739,11.15467367055102,1.195604178640029,1.575247597291693,1.973586528528025,"[""Integer"", ""GregorianChronology"", ""ISOChronology"", ""DateTime"", ""TestDateTime_Constructors"", ""ConverterManager""]","[0.041970802919708027, 0.017094017094017096, 0.016423357664233577, 0.015206812652068127, 0.015032211882605583]","[5.9939172749391725, 1.4847374847374848, 0.6593673965936739, 0.7195863746958637, 2.2970651395848245]"
org.joda.time.TestDateTime_Constructors.testConstructor_badconverterObject_Chronology,0.041970802919708027,0.021145440442526482,0.015032211882605583,0.1057272022126324,0.018148900341970874,0.0193224810166822,0.010440753638309213,5.9939172749391725,2.230934734110204,0.6593673965936739,11.15467367055102,1.195604178640029,1.575247597291693,1.973586528528025,"[""Integer"", ""GregorianChronology"", ""ISOChronology"", ""DateTime"", ""TestDateTime_Constructors"", ""ConverterManager""]","[0.041970802919708027, 0.017094017094017096, 0.016423357664233577, 0.015206812652068127, 0.015032211882605583]","[5.9939172749391725, 1.4847374847374848, 0.6593673965936739, 0.7195863746958637, 2.2970651395848245]"
org.joda.time.TestMutableInterval_Constructors.testConstructor_Object5,0.041970802919708027,0.02114247049099584,0.009987515605493134,0.1057123524549792,0.017129081431441276,0.018881871552760183,0.010886196661807873,5.9939172749391725,2.326309172904203,0.3920099875156055,11.631545864521016,1.097998458664958,1.623738568039234,1.944226887354253,"[""StringBuilder"", ""Object"", ""TestMutableInterval_Constructors"", ""ReadWritableInterval"", ""MutableInterval"", ""DateTime"", ""TestMutableInterval_Constructors$1"", ""ConverterManager""]","[0.041970802919708027, 0.019350811485642945, 0.01730920535011802, 0.017094017094017096, 0.009987515605493134]","[5.9939172749391725, 1.3320848938826466, 2.4287962234461054, 1.4847374847374848, 0.3920099875156055]"
org.joda.time.TestMutablePeriod_Updates.testSetPeriod_long_long_NoYears,0.041970802919708027,0.026400894433602808,0.020914020139426802,0.10560357773441123,0.02419712558242772,0.02515376772580805,0.00899550280185684,5.9939172749391725,4.78385665768326,3.2222222222222223,19.13542663073304,4.451965916198245,4.617842396528131,1.2320512638956975,"[""PeriodType"", ""TestMutablePeriod_Updates"", ""MutablePeriod"", ""DateTime""]","[0.041970802919708027, 0.021756021756021756, 0.02096273291925466, 0.020914020139426802]","[5.9939172749391725, 3.2222222222222223, 3.9332298136645965, 5.986057319907049]"
org.joda.time.TestMutablePeriod_Updates.testSetPeriod_long_long_NoHours,0.041970802919708027,0.026400894433602808,0.020914020139426802,0.10560357773441123,0.02419712558242772,0.02515376772580805,0.00899550280185684,5.9939172749391725,4.78385665768326,3.2222222222222223,19.13542663073304,4.451965916198245,4.617842396528131,1.2320512638956975,"[""PeriodType"", ""TestMutablePeriod_Updates"", ""MutablePeriod"", ""DateTime""]","[0.041970802919708027, 0.021756021756021756, 0.02096273291925466, 0.020914020139426802]","[5.9939172749391725, 3.2222222222222223, 3.9332298136645965, 5.986057319907049]"
org.joda.time.TestMutablePeriod_Updates.testSetPeriod_long_long_NoWeeks,0.041970802919708027,0.026400894433602808,0.020914020139426802,0.10560357773441123,0.02419712558242772,0.02515376772580805,0.00899550280185684,5.9939172749391725,4.78385665768326,3.2222222222222223,19.13542663073304,4.451965916198245,4.617842396528131,1.2320512638956975,"[""PeriodType"", ""TestMutablePeriod_Updates"", ""MutablePeriod"", ""DateTime""]","[0.041970802919708027, 0.021756021756021756, 0.02096273291925466, 0.020914020139426802]","[5.9939172749391725, 3.2222222222222223, 3.9332298136645965, 5.986057319907049]"
org.joda.time.TestMutablePeriod_Updates.testSetPeriod_long_long_NoMillis,0.041970802919708027,0.026400894433602808,0.020914020139426802,0.10560357773441123,0.02419712558242772,0.02515376772580805,0.00899550280185684,5.9939172749391725,4.78385665768326,3.2222222222222223,19.13542663073304,4.451965916198245,4.617842396528131,1.2320512638956975,"[""PeriodType"", ""TestMutablePeriod_Updates"", ""MutablePeriod"", ""DateTime""]","[0.041970802919708027, 0.021756021756021756, 0.02096273291925466, 0.020914020139426802]","[5.9939172749391725, 3.2222222222222223, 3.9332298136645965, 5.986057319907049]"
org.joda.time.TestMutablePeriod_Updates.testSetPeriod_long_long_NoMinutes,0.041970802919708027,0.026400894433602808,0.020914020139426802,0.10560357773441123,0.02419712558242772,0.02515376772580805,0.00899550280185684,5.9939172749391725,4.78385665768326,3.2222222222222223,19.13542663073304,4.451965916198245,4.617842396528131,1.2320512638956975,"[""PeriodType"", ""TestMutablePeriod_Updates"", ""MutablePeriod"", ""DateTime""]","[0.041970802919708027, 0.021756021756021756, 0.02096273291925466, 0.020914020139426802]","[5.9939172749391725, 3.2222222222222223, 3.9332298136645965, 5.986057319907049]"
org.joda.time.TestMutablePeriod_Updates.testSetPeriod_long_long_NoMonths,0.041970802919708027,0.026400894433602808,0.020914020139426802,0.10560357773441123,0.02419712558242772,0.02515376772580805,0.00899550280185684,5.9939172749391725,4.78385665768326,3.2222222222222223,19.13542663073304,4.451965916198245,4.617842396528131,1.2320512638956975,"[""PeriodType"", ""TestMutablePeriod_Updates"", ""MutablePeriod"", ""DateTime""]","[0.041970802919708027, 0.021756021756021756, 0.02096273291925466, 0.020914020139426802]","[5.9939172749391725, 3.2222222222222223, 3.9332298136645965, 5.986057319907049]"
org.joda.time.TestMutablePeriod_Updates.testSetPeriod_long_long_NoDays,0.041970802919708027,0.026400894433602808,0.020914020139426802,0.10560357773441123,0.02419712558242772,0.02515376772580805,0.00899550280185684,5.9939172749391725,4.78385665768326,3.2222222222222223,19.13542663073304,4.451965916198245,4.617842396528131,1.2320512638956975,"[""PeriodType"", ""TestMutablePeriod_Updates"", ""MutablePeriod"", ""DateTime""]","[0.041970802919708027, 0.021756021756021756, 0.02096273291925466, 0.020914020139426802]","[5.9939172749391725, 3.2222222222222223, 3.9332298136645965, 5.986057319907049]"
org.joda.time.TestMutablePeriod_Updates.testSetPeriod_long_long_NoSeconds,0.041970802919708027,0.026400894433602808,0.020914020139426802,0.10560357773441123,0.02419712558242772,0.02515376772580805,0.00899550280185684,5.9939172749391725,4.78385665768326,3.2222222222222223,19.13542663073304,4.451965916198245,4.617842396528131,1.2320512638956975,"[""PeriodType"", ""TestMutablePeriod_Updates"", ""MutablePeriod"", ""DateTime""]","[0.041970802919708027, 0.021756021756021756, 0.02096273291925466, 0.020914020139426802]","[5.9939172749391725, 3.2222222222222223, 3.9332298136645965, 5.986057319907049]"
org.joda.time.format.TestPeriodFormatterBuilder.testFormatPrefixSimple2,0.03263403263403263,0.021120164239430292,0.009324009324009324,0.10560082119715146,0.015903384488296562,0.018424662639055185,0.010087014058484705,6.074592074592075,3.3541769138099418,0.33255633255633255,16.77088456904971,1.1099981306469713,2.1658792072979796,2.2481795949336947,"[""PeriodFormatterBuilder"", ""PeriodFormatter"", ""PeriodPrinter"", ""Period"", ""TestPeriodFormatterBuilder""]","[0.03263403263403263, 0.031857031857031856, 0.021684737281067557, 0.010101010101010102, 0.009324009324009324]","[6.074592074592075, 5.1313131313131315, 4.115095913261051, 0.33255633255633255, 1.1173271173271173]"
org.joda.time.format.TestPeriodFormatterBuilder.testFormatSecondsWithOptionalMillis,0.03263403263403263,0.021120164239430292,0.009324009324009324,0.10560082119715146,0.015903384488296562,0.018424662639055185,0.010087014058484705,6.074592074592075,3.3541769138099418,0.33255633255633255,16.77088456904971,1.1099981306469713,2.1658792072979796,2.2481795949336947,"[""PeriodFormatterBuilder"", ""PeriodFormatter"", ""PeriodPrinter"", ""Period"", ""TestPeriodFormatterBuilder""]","[0.03263403263403263, 0.031857031857031856, 0.021684737281067557, 0.010101010101010102, 0.009324009324009324]","[6.074592074592075, 5.1313131313131315, 4.115095913261051, 0.33255633255633255, 1.1173271173271173]"
org.joda.time.format.TestPeriodFormatterBuilder.testFormatMillis3Digit,0.03263403263403263,0.021120164239430292,0.009324009324009324,0.10560082119715146,0.015903384488296562,0.018424662639055185,0.010087014058484705,6.074592074592075,3.3541769138099418,0.33255633255633255,16.77088456904971,1.1099981306469713,2.1658792072979796,2.2481795949336947,"[""PeriodFormatterBuilder"", ""PeriodFormatter"", ""PeriodPrinter"", ""Period"", ""TestPeriodFormatterBuilder""]","[0.03263403263403263, 0.031857031857031856, 0.021684737281067557, 0.010101010101010102, 0.009324009324009324]","[6.074592074592075, 5.1313131313131315, 4.115095913261051, 0.33255633255633255, 1.1173271173271173]"
org.joda.time.format.TestPeriodFormatterBuilder.testFormatSuffixSimple2,0.03263403263403263,0.021120164239430292,0.009324009324009324,0.10560082119715146,0.015903384488296562,0.018424662639055185,0.010087014058484705,6.074592074592075,3.3541769138099418,0.33255633255633255,16.77088456904971,1.1099981306469713,2.1658792072979796,2.2481795949336947,"[""PeriodFormatterBuilder"", ""PeriodFormatter"", ""PeriodPrinter"", ""Period"", ""TestPeriodFormatterBuilder""]","[0.03263403263403263, 0.031857031857031856, 0.021684737281067557, 0.010101010101010102, 0.009324009324009324]","[6.074592074592075, 5.1313131313131315, 4.115095913261051, 0.33255633255633255, 1.1173271173271173]"
org.joda.time.format.TestPeriodFormatterBuilder.testFormatPrefixSimple1,0.03263403263403263,0.021120164239430292,0.009324009324009324,0.10560082119715146,0.015903384488296562,0.018424662639055185,0.010087014058484705,6.074592074592075,3.3541769138099418,0.33255633255633255,16.77088456904971,1.1099981306469713,2.1658792072979796,2.2481795949336947,"[""PeriodFormatterBuilder"", ""PeriodFormatter"", ""PeriodPrinter"", ""Period"", ""TestPeriodFormatterBuilder""]","[0.03263403263403263, 0.031857031857031856, 0.021684737281067557, 0.010101010101010102, 0.009324009324009324]","[6.074592074592075, 5.1313131313131315, 4.115095913261051, 0.33255633255633255, 1.1173271173271173]"
org.joda.time.format.TestPeriodFormatterBuilder.testFormatMillis,0.03263403263403263,0.021120164239430292,0.009324009324009324,0.10560082119715146,0.015903384488296562,0.018424662639055185,0.010087014058484705,6.074592074592075,3.3541769138099418,0.33255633255633255,16.77088456904971,1.1099981306469713,2.1658792072979796,2.2481795949336947,"[""PeriodFormatterBuilder"", ""PeriodFormatter"", ""PeriodPrinter"", ""Period"", ""TestPeriodFormatterBuilder""]","[0.03263403263403263, 0.031857031857031856, 0.021684737281067557, 0.010101010101010102, 0.009324009324009324]","[6.074592074592075, 5.1313131313131315, 4.115095913261051, 0.33255633255633255, 1.1173271173271173]"
org.joda.time.format.TestPeriodFormatterBuilder.testFormatSeconds,0.03263403263403263,0.021120164239430292,0.009324009324009324,0.10560082119715146,0.015903384488296562,0.018424662639055185,0.010087014058484705,6.074592074592075,3.3541769138099418,0.33255633255633255,16.77088456904971,1.1099981306469713,2.1658792072979796,2.2481795949336947,"[""PeriodFormatterBuilder"", ""PeriodFormatter"", ""PeriodPrinter"", ""Period"", ""TestPeriodFormatterBuilder""]","[0.03263403263403263, 0.031857031857031856, 0.021684737281067557, 0.010101010101010102, 0.009324009324009324]","[6.074592074592075, 5.1313131313131315, 4.115095913261051, 0.33255633255633255, 1.1173271173271173]"
org.joda.time.format.TestPeriodFormatterBuilder.testFormatPrefixSuffix,0.03263403263403263,0.021120164239430292,0.009324009324009324,0.10560082119715146,0.015903384488296562,0.018424662639055185,0.010087014058484705,6.074592074592075,3.3541769138099418,0.33255633255633255,16.77088456904971,1.1099981306469713,2.1658792072979796,2.2481795949336947,"[""PeriodFormatterBuilder"", ""PeriodFormatter"", ""PeriodPrinter"", ""Period"", ""TestPeriodFormatterBuilder""]","[0.03263403263403263, 0.031857031857031856, 0.021684737281067557, 0.010101010101010102, 0.009324009324009324]","[6.074592074592075, 5.1313131313131315, 4.115095913261051, 0.33255633255633255, 1.1173271173271173]"
org.joda.time.format.TestPeriodFormatterBuilder.testFormatHours,0.03263403263403263,0.021120164239430292,0.009324009324009324,0.10560082119715146,0.015903384488296562,0.018424662639055185,0.010087014058484705,6.074592074592075,3.3541769138099418,0.33255633255633255,16.77088456904971,1.1099981306469713,2.1658792072979796,2.2481795949336947,"[""PeriodFormatterBuilder"", ""PeriodFormatter"", ""PeriodPrinter"", ""Period"", ""TestPeriodFormatterBuilder""]","[0.03263403263403263, 0.031857031857031856, 0.021684737281067557, 0.010101010101010102, 0.009324009324009324]","[6.074592074592075, 5.1313131313131315, 4.115095913261051, 0.33255633255633255, 1.1173271173271173]"
org.joda.time.format.TestPeriodFormatterBuilder.testFormatPrefixPlural1,0.03263403263403263,0.021120164239430292,0.009324009324009324,0.10560082119715146,0.015903384488296562,0.018424662639055185,0.010087014058484705,6.074592074592075,3.3541769138099418,0.33255633255633255,16.77088456904971,1.1099981306469713,2.1658792072979796,2.2481795949336947,"[""PeriodFormatterBuilder"", ""PeriodFormatter"", ""PeriodPrinter"", ""Period"", ""TestPeriodFormatterBuilder""]","[0.03263403263403263, 0.031857031857031856, 0.021684737281067557, 0.010101010101010102, 0.009324009324009324]","[6.074592074592075, 5.1313131313131315, 4.115095913261051, 0.33255633255633255, 1.1173271173271173]"
org.joda.time.format.TestPeriodFormatterBuilder.testFormatMonths,0.03263403263403263,0.021120164239430292,0.009324009324009324,0.10560082119715146,0.015903384488296562,0.018424662639055185,0.010087014058484705,6.074592074592075,3.3541769138099418,0.33255633255633255,16.77088456904971,1.1099981306469713,2.1658792072979796,2.2481795949336947,"[""PeriodFormatterBuilder"", ""PeriodFormatter"", ""PeriodPrinter"", ""Period"", ""TestPeriodFormatterBuilder""]","[0.03263403263403263, 0.031857031857031856, 0.021684737281067557, 0.010101010101010102, 0.009324009324009324]","[6.074592074592075, 5.1313131313131315, 4.115095913261051, 0.33255633255633255, 1.1173271173271173]"
org.joda.time.format.TestPeriodFormatterBuilder.testFormatWeeks,0.03263403263403263,0.021120164239430292,0.009324009324009324,0.10560082119715146,0.015903384488296562,0.018424662639055185,0.010087014058484705,6.074592074592075,3.3541769138099418,0.33255633255633255,16.77088456904971,1.1099981306469713,2.1658792072979796,2.2481795949336947,"[""PeriodFormatterBuilder"", ""PeriodFormatter"", ""PeriodPrinter"", ""Period"", ""TestPeriodFormatterBuilder""]","[0.03263403263403263, 0.031857031857031856, 0.021684737281067557, 0.010101010101010102, 0.009324009324009324]","[6.074592074592075, 5.1313131313131315, 4.115095913261051, 0.33255633255633255, 1.1173271173271173]"
org.joda.time.format.TestPeriodFormatterBuilder.testFormatPrefixPlural2,0.03263403263403263,0.021120164239430292,0.009324009324009324,0.10560082119715146,0.015903384488296562,0.018424662639055185,0.010087014058484705,6.074592074592075,3.3541769138099418,0.33255633255633255,16.77088456904971,1.1099981306469713,2.1658792072979796,2.2481795949336947,"[""PeriodFormatterBuilder"", ""PeriodFormatter"", ""PeriodPrinter"", ""Period"", ""TestPeriodFormatterBuilder""]","[0.03263403263403263, 0.031857031857031856, 0.021684737281067557, 0.010101010101010102, 0.009324009324009324]","[6.074592074592075, 5.1313131313131315, 4.115095913261051, 0.33255633255633255, 1.1173271173271173]"
org.joda.time.format.TestPeriodFormatterBuilder.testFormatDays,0.03263403263403263,0.021120164239430292,0.009324009324009324,0.10560082119715146,0.015903384488296562,0.018424662639055185,0.010087014058484705,6.074592074592075,3.3541769138099418,0.33255633255633255,16.77088456904971,1.1099981306469713,2.1658792072979796,2.2481795949336947,"[""PeriodFormatterBuilder"", ""PeriodFormatter"", ""PeriodPrinter"", ""Period"", ""TestPeriodFormatterBuilder""]","[0.03263403263403263, 0.031857031857031856, 0.021684737281067557, 0.010101010101010102, 0.009324009324009324]","[6.074592074592075, 5.1313131313131315, 4.115095913261051, 0.33255633255633255, 1.1173271173271173]"
org.joda.time.format.TestPeriodFormatterBuilder.testFormatMinutes,0.03263403263403263,0.021120164239430292,0.009324009324009324,0.10560082119715146,0.015903384488296562,0.018424662639055185,0.010087014058484705,6.074592074592075,3.3541769138099418,0.33255633255633255,16.77088456904971,1.1099981306469713,2.1658792072979796,2.2481795949336947,"[""PeriodFormatterBuilder"", ""PeriodFormatter"", ""PeriodPrinter"", ""Period"", ""TestPeriodFormatterBuilder""]","[0.03263403263403263, 0.031857031857031856, 0.021684737281067557, 0.010101010101010102, 0.009324009324009324]","[6.074592074592075, 5.1313131313131315, 4.115095913261051, 0.33255633255633255, 1.1173271173271173]"
org.joda.time.format.TestPeriodFormatterBuilder.testFormatSuffixSimple1,0.03263403263403263,0.021120164239430292,0.009324009324009324,0.10560082119715146,0.015903384488296562,0.018424662639055185,0.010087014058484705,6.074592074592075,3.3541769138099418,0.33255633255633255,16.77088456904971,1.1099981306469713,2.1658792072979796,2.2481795949336947,"[""PeriodFormatterBuilder"", ""PeriodFormatter"", ""PeriodPrinter"", ""Period"", ""TestPeriodFormatterBuilder""]","[0.03263403263403263, 0.031857031857031856, 0.021684737281067557, 0.010101010101010102, 0.009324009324009324]","[6.074592074592075, 5.1313131313131315, 4.115095913261051, 0.33255633255633255, 1.1173271173271173]"
org.joda.time.format.TestPeriodFormatterBuilder.testFormatSuffixPlural2,0.03263403263403263,0.021120164239430292,0.009324009324009324,0.10560082119715146,0.015903384488296562,0.018424662639055185,0.010087014058484705,6.074592074592075,3.3541769138099418,0.33255633255633255,16.77088456904971,1.1099981306469713,2.1658792072979796,2.2481795949336947,"[""PeriodFormatterBuilder"", ""PeriodFormatter"", ""PeriodPrinter"", ""Period"", ""TestPeriodFormatterBuilder""]","[0.03263403263403263, 0.031857031857031856, 0.021684737281067557, 0.010101010101010102, 0.009324009324009324]","[6.074592074592075, 5.1313131313131315, 4.115095913261051, 0.33255633255633255, 1.1173271173271173]"
org.joda.time.format.TestPeriodFormatterBuilder.testFormatSecondsWithMillis,0.03263403263403263,0.021120164239430292,0.009324009324009324,0.10560082119715146,0.015903384488296562,0.018424662639055185,0.010087014058484705,6.074592074592075,3.3541769138099418,0.33255633255633255,16.77088456904971,1.1099981306469713,2.1658792072979796,2.2481795949336947,"[""PeriodFormatterBuilder"", ""PeriodFormatter"", ""PeriodPrinter"", ""Period"", ""TestPeriodFormatterBuilder""]","[0.03263403263403263, 0.031857031857031856, 0.021684737281067557, 0.010101010101010102, 0.009324009324009324]","[6.074592074592075, 5.1313131313131315, 4.115095913261051, 0.33255633255633255, 1.1173271173271173]"
org.joda.time.format.TestPeriodFormatterBuilder.testFormatYears,0.03263403263403263,0.021120164239430292,0.009324009324009324,0.10560082119715146,0.015903384488296562,0.018424662639055185,0.010087014058484705,6.074592074592075,3.3541769138099418,0.33255633255633255,16.77088456904971,1.1099981306469713,2.1658792072979796,2.2481795949336947,"[""PeriodFormatterBuilder"", ""PeriodFormatter"", ""PeriodPrinter"", ""Period"", ""TestPeriodFormatterBuilder""]","[0.03263403263403263, 0.031857031857031856, 0.021684737281067557, 0.010101010101010102, 0.009324009324009324]","[6.074592074592075, 5.1313131313131315, 4.115095913261051, 0.33255633255633255, 1.1173271173271173]"
org.joda.time.format.TestPeriodFormatterBuilder.testFormatSuffixPlural1,0.03263403263403263,0.021120164239430292,0.009324009324009324,0.10560082119715146,0.015903384488296562,0.018424662639055185,0.010087014058484705,6.074592074592075,3.3541769138099418,0.33255633255633255,16.77088456904971,1.1099981306469713,2.1658792072979796,2.2481795949336947,"[""PeriodFormatterBuilder"", ""PeriodFormatter"", ""PeriodPrinter"", ""Period"", ""TestPeriodFormatterBuilder""]","[0.03263403263403263, 0.031857031857031856, 0.021684737281067557, 0.010101010101010102, 0.009324009324009324]","[6.074592074592075, 5.1313131313131315, 4.115095913261051, 0.33255633255633255, 1.1173271173271173]"
org.joda.time.TestDateTime_Basics.testToDateMidnight,0.041970802919708027,0.035163257379821546,0.030064423765211165,0.10548977213946464,0.034490966651591244,0.034819171390452895,0.005008675039392148,5.9939172749391725,4.895570134356961,4.0378181818181815,14.686710403070883,4.76706354505895,4.829753330458879,0.8164947229506677,"[""DateMidnight"", ""TestDateTime_Basics"", ""DateTime""]","[0.041970802919708027, 0.03345454545454545, 0.030064423765211165]","[5.9939172749391725, 4.0378181818181815, 4.654974946313529]"
org.joda.time.TestPartial_Basics.testEqualsHashCode,0.04654346338124572,0.026262862389506196,0.015873015873015872,0.10505144955802478,0.022087243063374628,0.023895174406102955,0.012190759004908054,4.317590691307323,3.620018667082438,2.2350463352990735,14.480074668329753,3.3711365656661605,3.503910752178569,0.8400780441661091,"[""TimeOfDay"", ""Partial"", ""DateTimeFieldType"", ""TestPartial_Basics""]","[0.04654346338124572, 0.024943310657596373, 0.017691659646166806, 0.015873015873015872]","[4.317590691307323, 3.6621315192743764, 2.2350463352990735, 4.26530612244898]"
org.joda.time.TestInstant_Basics.testToMutableDateTime_Chronology,0.03527980535279805,0.020997201162727915,0.015206812652068127,0.10498600581363958,0.019223413635097608,0.01998988458953878,0.007300443831717672,4.203771289537713,1.7289713619905012,0.6593673965936739,8.644856809952506,1.080984425795299,1.327546107105358,1.3356384823504754,"[""MutableDateTime"", ""GregorianChronology"", ""Instant"", ""ISOChronology"", ""TestInstant_Basics""]","[0.03527980535279805, 0.019464720194647202, 0.018611309949892626, 0.016423357664233577, 0.015206812652068127]","[4.203771289537713, 1.0048661800486618, 2.0572655690765926, 0.6593673965936739, 0.7195863746958637]"
org.joda.time.convert.TestNullConverter.testGetPartialValues,0.04654346338124572,0.020984817973467674,0.007662835249042145,0.10492408986733837,0.014896678391228838,0.017483446269092602,0.01351358840237144,4.317590691307323,1.25108023486679,0.08812260536398467,6.25540117433395,0.29211732437734345,0.5950494127052475,1.5539174092397574,"[""NullConverter"", ""TimeOfDay"", ""Arrays"", ""TestNullConverter"", ""ISOChronology""]","[0.04654346338124572, 0.021505376344086023, 0.015206812652068127, 0.014005602240896359, 0.007662835249042145]","[4.317590691307323, 0.7813620071684588, 0.7195863746958637, 0.3487394957983193, 0.08812260536398467]"
org.joda.time.TestMutablePeriod_Constructors.testConstructor_long_long2,0.041970802919708027,0.02620724609897849,0.020139426800929512,0.10482898439591395,0.02393089868838414,0.024917555955833243,0.00911902504818596,5.9939172749391725,4.260425209193717,3.2222222222222223,17.04170083677487,4.047190104426387,4.146735596807163,1.0398809992805897,"[""MutablePeriod"", ""PeriodType"", ""TestMutablePeriod_Constructors"", ""DateTime""]","[0.041970802919708027, 0.021756021756021756, 0.02096273291925466, 0.020139426800929512]","[5.9939172749391725, 3.2222222222222223, 3.9332298136645965, 3.892331525948877]"
org.joda.time.TestMutablePeriod_Constructors.testConstructor_long_long_PeriodType_Chronology2,0.041970802919708027,0.02620724609897849,0.020139426800929512,0.10482898439591395,0.02393089868838414,0.024917555955833243,0.00911902504818596,5.9939172749391725,4.260425209193717,3.2222222222222223,17.04170083677487,4.047190104426387,4.146735596807163,1.0398809992805897,"[""MutablePeriod"", ""PeriodType"", ""TestMutablePeriod_Constructors"", ""DateTime""]","[0.041970802919708027, 0.021756021756021756, 0.02096273291925466, 0.020139426800929512]","[5.9939172749391725, 3.2222222222222223, 3.9332298136645965, 3.892331525948877]"
org.joda.time.TestMutablePeriod_Constructors.testConstructor_RI_RI3,0.041970802919708027,0.02620724609897849,0.020139426800929512,0.10482898439591395,0.02393089868838414,0.024917555955833243,0.00911902504818596,5.9939172749391725,4.260425209193717,3.2222222222222223,17.04170083677487,4.047190104426387,4.146735596807163,1.0398809992805897,"[""MutablePeriod"", ""PeriodType"", ""TestMutablePeriod_Constructors"", ""DateTime""]","[0.041970802919708027, 0.021756021756021756, 0.02096273291925466, 0.020139426800929512]","[5.9939172749391725, 3.2222222222222223, 3.9332298136645965, 3.892331525948877]"
org.joda.time.TestMutablePeriod_Constructors.testConstructor_RI_RI2,0.041970802919708027,0.02620724609897849,0.020139426800929512,0.10482898439591395,0.02393089868838414,0.024917555955833243,0.00911902504818596,5.9939172749391725,4.260425209193717,3.2222222222222223,17.04170083677487,4.047190104426387,4.146735596807163,1.0398809992805897,"[""MutablePeriod"", ""PeriodType"", ""TestMutablePeriod_Constructors"", ""DateTime""]","[0.041970802919708027, 0.021756021756021756, 0.02096273291925466, 0.020139426800929512]","[5.9939172749391725, 3.2222222222222223, 3.9332298136645965, 3.892331525948877]"
org.joda.time.TestMutablePeriod_Constructors.testConstructor_long_long1,0.041970802919708027,0.02620724609897849,0.020139426800929512,0.10482898439591395,0.02393089868838414,0.024917555955833243,0.00911902504818596,5.9939172749391725,4.260425209193717,3.2222222222222223,17.04170083677487,4.047190104426387,4.146735596807163,1.0398809992805897,"[""MutablePeriod"", ""PeriodType"", ""TestMutablePeriod_Constructors"", ""DateTime""]","[0.041970802919708027, 0.021756021756021756, 0.02096273291925466, 0.020139426800929512]","[5.9939172749391725, 3.2222222222222223, 3.9332298136645965, 3.892331525948877]"
org.joda.time.TestMutablePeriod_Constructors.testConstructor_RI_RD2,0.041970802919708027,0.02620724609897849,0.020139426800929512,0.10482898439591395,0.02393089868838414,0.024917555955833243,0.00911902504818596,5.9939172749391725,4.260425209193717,3.2222222222222223,17.04170083677487,4.047190104426387,4.146735596807163,1.0398809992805897,"[""MutablePeriod"", ""PeriodType"", ""TestMutablePeriod_Constructors"", ""DateTime""]","[0.041970802919708027, 0.021756021756021756, 0.02096273291925466, 0.020139426800929512]","[5.9939172749391725, 3.2222222222222223, 3.9332298136645965, 3.892331525948877]"
org.joda.time.TestMutablePeriod_Constructors.testConstructor_RI_RI_PeriodType4,0.041970802919708027,0.02620724609897849,0.020139426800929512,0.10482898439591395,0.02393089868838414,0.024917555955833243,0.00911902504818596,5.9939172749391725,4.260425209193717,3.2222222222222223,17.04170083677487,4.047190104426387,4.146735596807163,1.0398809992805897,"[""PeriodType"", ""MutablePeriod"", ""TestMutablePeriod_Constructors"", ""DateTime""]","[0.041970802919708027, 0.021756021756021756, 0.02096273291925466, 0.020139426800929512]","[5.9939172749391725, 3.2222222222222223, 3.9332298136645965, 3.892331525948877]"
org.joda.time.TestMutablePeriod_Constructors.testConstructor_long_long_PeriodType1,0.041970802919708027,0.02620724609897849,0.020139426800929512,0.10482898439591395,0.02393089868838414,0.024917555955833243,0.00911902504818596,5.9939172749391725,4.260425209193717,3.2222222222222223,17.04170083677487,4.047190104426387,4.146735596807163,1.0398809992805897,"[""MutablePeriod"", ""PeriodType"", ""TestMutablePeriod_Constructors"", ""DateTime""]","[0.041970802919708027, 0.021756021756021756, 0.02096273291925466, 0.020139426800929512]","[5.9939172749391725, 3.2222222222222223, 3.9332298136645965, 3.892331525948877]"
org.joda.time.TestMutablePeriod_Constructors.testConstructor_long_long_PeriodType2,0.041970802919708027,0.02620724609897849,0.020139426800929512,0.10482898439591395,0.02393089868838414,0.024917555955833243,0.00911902504818596,5.9939172749391725,4.260425209193717,3.2222222222222223,17.04170083677487,4.047190104426387,4.146735596807163,1.0398809992805897,"[""PeriodType"", ""MutablePeriod"", ""TestMutablePeriod_Constructors"", ""DateTime""]","[0.041970802919708027, 0.021756021756021756, 0.02096273291925466, 0.020139426800929512]","[5.9939172749391725, 3.2222222222222223, 3.9332298136645965, 3.892331525948877]"
org.joda.time.TestMutablePeriod_Constructors.testConstructor_RI_RI_PeriodType1,0.041970802919708027,0.02620724609897849,0.020139426800929512,0.10482898439591395,0.02393089868838414,0.024917555955833243,0.00911902504818596,5.9939172749391725,4.260425209193717,3.2222222222222223,17.04170083677487,4.047190104426387,4.146735596807163,1.0398809992805897,"[""MutablePeriod"", ""PeriodType"", ""TestMutablePeriod_Constructors"", ""DateTime""]","[0.041970802919708027, 0.021756021756021756, 0.02096273291925466, 0.020139426800929512]","[5.9939172749391725, 3.2222222222222223, 3.9332298136645965, 3.892331525948877]"
org.joda.time.TestMutablePeriod_Constructors.testConstructor_RI_RI_PeriodType2,0.041970802919708027,0.02620724609897849,0.020139426800929512,0.10482898439591395,0.02393089868838414,0.024917555955833243,0.00911902504818596,5.9939172749391725,4.260425209193717,3.2222222222222223,17.04170083677487,4.047190104426387,4.146735596807163,1.0398809992805897,"[""PeriodType"", ""MutablePeriod"", ""TestMutablePeriod_Constructors"", ""DateTime""]","[0.041970802919708027, 0.021756021756021756, 0.02096273291925466, 0.020139426800929512]","[5.9939172749391725, 3.2222222222222223, 3.9332298136645965, 3.892331525948877]"
org.joda.time.TestMutablePeriod_Constructors.testConstructor_long_long_Chronology2,0.041970802919708027,0.02620724609897849,0.020139426800929512,0.10482898439591395,0.02393089868838414,0.024917555955833243,0.00911902504818596,5.9939172749391725,4.260425209193717,3.2222222222222223,17.04170083677487,4.047190104426387,4.146735596807163,1.0398809992805897,"[""MutablePeriod"", ""PeriodType"", ""TestMutablePeriod_Constructors"", ""DateTime""]","[0.041970802919708027, 0.021756021756021756, 0.02096273291925466, 0.020139426800929512]","[5.9939172749391725, 3.2222222222222223, 3.9332298136645965, 3.892331525948877]"
org.joda.time.TestMutablePeriod_Constructors.testConstructor_RI_RI_PeriodType3,0.041970802919708027,0.02620724609897849,0.020139426800929512,0.10482898439591395,0.02393089868838414,0.024917555955833243,0.00911902504818596,5.9939172749391725,4.260425209193717,3.2222222222222223,17.04170083677487,4.047190104426387,4.146735596807163,1.0398809992805897,"[""PeriodType"", ""MutablePeriod"", ""TestMutablePeriod_Constructors"", ""DateTime""]","[0.041970802919708027, 0.021756021756021756, 0.02096273291925466, 0.020139426800929512]","[5.9939172749391725, 3.2222222222222223, 3.9332298136645965, 3.892331525948877]"
org.joda.time.TestMutablePeriod_Constructors.testConstructor_RI_RI1,0.041970802919708027,0.02620724609897849,0.020139426800929512,0.10482898439591395,0.02393089868838414,0.024917555955833243,0.00911902504818596,5.9939172749391725,4.260425209193717,3.2222222222222223,17.04170083677487,4.047190104426387,4.146735596807163,1.0398809992805897,"[""MutablePeriod"", ""PeriodType"", ""TestMutablePeriod_Constructors"", ""DateTime""]","[0.041970802919708027, 0.021756021756021756, 0.02096273291925466, 0.020139426800929512]","[5.9939172749391725, 3.2222222222222223, 3.9332298136645965, 3.892331525948877]"
org.joda.time.TestMutablePeriod_Constructors.testConstructor_RI_RI4,0.041970802919708027,0.02620724609897849,0.020139426800929512,0.10482898439591395,0.02393089868838414,0.024917555955833243,0.00911902504818596,5.9939172749391725,4.260425209193717,3.2222222222222223,17.04170083677487,4.047190104426387,4.146735596807163,1.0398809992805897,"[""MutablePeriod"", ""PeriodType"", ""TestMutablePeriod_Constructors"", ""DateTime""]","[0.041970802919708027, 0.021756021756021756, 0.02096273291925466, 0.020139426800929512]","[5.9939172749391725, 3.2222222222222223, 3.9332298136645965, 3.892331525948877]"
org.joda.time.TestMutablePeriod_Constructors.testConstructor_RI_RD_PeriodType2,0.041970802919708027,0.02620724609897849,0.020139426800929512,0.10482898439591395,0.02393089868838414,0.024917555955833243,0.00911902504818596,5.9939172749391725,4.260425209193717,3.2222222222222223,17.04170083677487,4.047190104426387,4.146735596807163,1.0398809992805897,"[""MutablePeriod"", ""PeriodType"", ""TestMutablePeriod_Constructors"", ""DateTime""]","[0.041970802919708027, 0.021756021756021756, 0.02096273291925466, 0.020139426800929512]","[5.9939172749391725, 3.2222222222222223, 3.9332298136645965, 3.892331525948877]"
org.joda.time.TestMutablePeriod_Constructors.testConstructor_long_long_PeriodType3,0.041970802919708027,0.02620724609897849,0.020139426800929512,0.10482898439591395,0.02393089868838414,0.024917555955833243,0.00911902504818596,5.9939172749391725,4.260425209193717,3.2222222222222223,17.04170083677487,4.047190104426387,4.146735596807163,1.0398809992805897,"[""PeriodType"", ""MutablePeriod"", ""TestMutablePeriod_Constructors"", ""DateTime""]","[0.041970802919708027, 0.021756021756021756, 0.02096273291925466, 0.020139426800929512]","[5.9939172749391725, 3.2222222222222223, 3.9332298136645965, 3.892331525948877]"
org.joda.time.TestInterval_Constructors.testConstructor_long_long_nullZone,0.041970802919708027,0.026199818962965415,0.015206812652068127,0.10479927585186166,0.023043772212609358,0.024526301849895293,0.009759623857723545,5.9939172749391725,2.801029433402659,0.7195863746958637,11.204117733610635,1.5857107430225656,2.1160698314128825,1.9956272058802682,"[""Interval"", ""TestInterval_Constructors"", ""ISOChronology"", ""DateTime""]","[0.041970802919708027, 0.023901310717039322, 0.02372034956304619, 0.015206812652068127]","[5.9939172749391725, 2.87201233616037, 1.618601747815231, 0.7195863746958637]"
org.joda.time.TestInterval_Constructors.testParse_noFormatter,0.041970802919708027,0.026199818962965415,0.015206812652068127,0.10479927585186166,0.023043772212609358,0.024526301849895293,0.009759623857723545,5.9939172749391725,2.801029433402659,0.7195863746958637,11.204117733610635,1.5857107430225656,2.1160698314128825,1.9956272058802682,"[""Interval"", ""DateTime"", ""TestInterval_Constructors"", ""ISOChronology""]","[0.041970802919708027, 0.023901310717039322, 0.02372034956304619, 0.015206812652068127]","[5.9939172749391725, 2.87201233616037, 1.618601747815231, 0.7195863746958637]"
org.joda.time.TestInterval_Constructors.testConstructor_Object_Chronology2,0.041970802919708027,0.026199818962965415,0.015206812652068127,0.10479927585186166,0.023043772212609358,0.024526301849895293,0.009759623857723545,5.9939172749391725,2.801029433402659,0.7195863746958637,11.204117733610635,1.5857107430225656,2.1160698314128825,1.9956272058802682,"[""Interval"", ""TestInterval_Constructors"", ""ISOChronology"", ""DateTime""]","[0.041970802919708027, 0.023901310717039322, 0.02372034956304619, 0.015206812652068127]","[5.9939172749391725, 2.87201233616037, 1.618601747815231, 0.7195863746958637]"
org.joda.time.TestInterval_Constructors.testConstructor_long_long_Zone,0.041970802919708027,0.026199818962965415,0.015206812652068127,0.10479927585186166,0.023043772212609358,0.024526301849895293,0.009759623857723545,5.9939172749391725,2.801029433402659,0.7195863746958637,11.204117733610635,1.5857107430225656,2.1160698314128825,1.9956272058802682,"[""Interval"", ""TestInterval_Constructors"", ""ISOChronology"", ""DateTime""]","[0.041970802919708027, 0.023901310717039322, 0.02372034956304619, 0.015206812652068127]","[5.9939172749391725, 2.87201233616037, 1.618601747815231, 0.7195863746958637]"
org.joda.time.TestInterval_Constructors.testConstructor_long_long1,0.041970802919708027,0.026199818962965415,0.015206812652068127,0.10479927585186166,0.023043772212609358,0.024526301849895293,0.009759623857723545,5.9939172749391725,2.801029433402659,0.7195863746958637,11.204117733610635,1.5857107430225656,2.1160698314128825,1.9956272058802682,"[""Interval"", ""TestInterval_Constructors"", ""ISOChronology"", ""DateTime""]","[0.041970802919708027, 0.023901310717039322, 0.02372034956304619, 0.015206812652068127]","[5.9939172749391725, 2.87201233616037, 1.618601747815231, 0.7195863746958637]"
org.joda.time.TestInterval_Constructors.testConstructor_long_long2,0.041970802919708027,0.026199818962965415,0.015206812652068127,0.10479927585186166,0.023043772212609358,0.024526301849895293,0.009759623857723545,5.9939172749391725,2.801029433402659,0.7195863746958637,11.204117733610635,1.5857107430225656,2.1160698314128825,1.9956272058802682,"[""Interval"", ""TestInterval_Constructors"", ""ISOChronology"", ""DateTime""]","[0.041970802919708027, 0.023901310717039322, 0.02372034956304619, 0.015206812652068127]","[5.9939172749391725, 2.87201233616037, 1.618601747815231, 0.7195863746958637]"
org.joda.time.TestInterval_Constructors.testConstructor_long_long_nullChronology,0.041970802919708027,0.026199818962965415,0.015206812652068127,0.10479927585186166,0.023043772212609358,0.024526301849895293,0.009759623857723545,5.9939172749391725,2.801029433402659,0.7195863746958637,11.204117733610635,1.5857107430225656,2.1160698314128825,1.9956272058802682,"[""Interval"", ""TestInterval_Constructors"", ""ISOChronology"", ""DateTime""]","[0.041970802919708027, 0.023901310717039322, 0.02372034956304619, 0.015206812652068127]","[5.9939172749391725, 2.87201233616037, 1.618601747815231, 0.7195863746958637]"
org.joda.time.TestInterval_Constructors.testConstructor_RI_RI_zones,0.041970802919708027,0.026199818962965415,0.015206812652068127,0.10479927585186166,0.023043772212609358,0.024526301849895293,0.009759623857723545,5.9939172749391725,2.801029433402659,0.7195863746958637,11.204117733610635,1.5857107430225656,2.1160698314128825,1.9956272058802682,"[""Interval"", ""TestInterval_Constructors"", ""ISOChronology"", ""DateTime""]","[0.041970802919708027, 0.023901310717039322, 0.02372034956304619, 0.015206812652068127]","[5.9939172749391725, 2.87201233616037, 1.618601747815231, 0.7195863746958637]"
org.joda.time.TestInterval_Basics.testEqualsHashCodeStrict,0.041970802919708027,0.026157306475896563,0.009157509157509158,0.10462922590358625,0.019160489929781407,0.022826780439948055,0.011812350894656026,5.9939172749391725,3.4099220534291748,0.5561660561660562,13.639688213716699,1.4464145071495642,2.330937067402149,2.359970246527262,"[""LenientChronology"", ""Interval"", ""TestInterval_Basics"", ""DateTime""]","[0.041970802919708027, 0.029780564263322883, 0.02372034956304619, 0.009157509157509158]","[5.9939172749391725, 5.471003134796239, 1.618601747815231, 0.5561660561660562]"
org.joda.time.TestInterval_Basics.testEqualsHashCodeLenient,0.041970802919708027,0.026157306475896563,0.009157509157509158,0.10462922590358625,0.019160489929781407,0.022826780439948055,0.011812350894656026,5.9939172749391725,3.4099220534291748,0.5561660561660562,13.639688213716699,1.4464145071495642,2.330937067402149,2.359970246527262,"[""LenientChronology"", ""Interval"", ""TestInterval_Basics"", ""DateTime""]","[0.041970802919708027, 0.029780564263322883, 0.02372034956304619, 0.009157509157509158]","[5.9939172749391725, 5.471003134796239, 1.618601747815231, 0.5561660561660562]"
org.joda.time.TestLocalDate_Properties.testPropertyEqualsHashCodeLenient,0.0718562874251497,0.03480491087336678,0.009157509157509158,0.10441473262010034,0.01808863430810974,0.024878553283129094,0.026836817752328004,10.74251497005988,5.028317492361324,0.5561660561660562,15.08495247708397,1.3919664925506192,2.828182287208789,4.250288996119908,"[""LenientChronology"", ""TestLocalDate_Properties"", ""LocalDate$Property"", ""LocalDate""]","[0.0718562874251497, 0.0234009360374415, 0.009157509157509158]","[10.74251497005988, 3.786271450858034, 0.5561660561660562]"
org.joda.time.TestDateTime_Properties.testPropertyCompareToYear2,0.041970802919708027,0.03479904782165114,0.02290622763063708,0.10439714346495343,0.03233249587371583,0.033618087934506616,0.008468799578339218,5.9939172749391725,5.065805215849429,3.5356386732533522,15.197415647548286,4.791539468779839,4.934001045948299,1.090148498052492,"[""YearMonthDay"", ""DateTime$Property"", ""TestDateTime_Properties"", ""DateTime""]","[0.041970802919708027, 0.03952011291460833, 0.02290622763063708]","[5.9939172749391725, 3.5356386732533522, 5.667859699355763]"
org.joda.time.TestMutableInterval_Basics.testGetMillis,0.041970802919708027,0.026027133220175934,0.019350811485642945,0.10410853288070374,0.023658442958350307,0.024686299292832288,0.009253726984603017,5.9939172749391725,2.7188446868273335,1.3320848938826466,10.875378747309334,1.9480163494327543,2.2349619958609472,1.902713651265287,"[""MutableInterval"", ""Duration"", ""TestMutableInterval_Basics"", ""DateTime""]","[0.041970802919708027, 0.022029897718332022, 0.020757020757020756, 0.019350811485642945]","[5.9939172749391725, 1.931549960660897, 1.6178266178266179, 1.3320848938826466]"
org.joda.time.TestLocalDate_Constructors.testConstructor_Object1,0.0718562874251497,0.034690647735115564,0.0026666666666666666,0.10407194320534668,0.007096245422195478,0.017823461200752712,0.028479564547365863,10.74251497005988,4.899511902064197,0.04933333333333333,14.69853570619259,0.14549454549080018,1.2745347965189353,4.421561469568701,"[""Date"", ""TestLocalDate_Constructors"", ""LocalDate""]","[0.0718562874251497, 0.029548989113530325, 0.0026666666666666666]","[10.74251497005988, 3.906687402799378, 0.04933333333333333]"
org.joda.time.TestLocalDate_Constructors.testConstructor_Object_DateTimeZone,0.0718562874251497,0.034690647735115564,0.0026666666666666666,0.10407194320534668,0.007096245422195478,0.017823461200752712,0.028479564547365863,10.74251497005988,4.899511902064197,0.04933333333333333,14.69853570619259,0.14549454549080018,1.2745347965189353,4.421561469568701,"[""Date"", ""TestLocalDate_Constructors"", ""LocalDate""]","[0.0718562874251497, 0.029548989113530325, 0.0026666666666666666]","[10.74251497005988, 3.906687402799378, 0.04933333333333333]"
org.joda.time.TestLocalDate_Constructors.testConstructor_Object_Chronology,0.0718562874251497,0.034690647735115564,0.0026666666666666666,0.10407194320534668,0.007096245422195478,0.017823461200752712,0.028479564547365863,10.74251497005988,4.899511902064197,0.04933333333333333,14.69853570619259,0.14549454549080018,1.2745347965189353,4.421561469568701,"[""Date"", ""TestLocalDate_Constructors"", ""LocalDate""]","[0.0718562874251497, 0.029548989113530325, 0.0026666666666666666]","[10.74251497005988, 3.906687402799378, 0.04933333333333333]"
org.joda.time.TestLocalDate_Constructors.testConstructor_Object_nullChronology,0.0718562874251497,0.034690647735115564,0.0026666666666666666,0.10407194320534668,0.007096245422195478,0.017823461200752712,0.028479564547365863,10.74251497005988,4.899511902064197,0.04933333333333333,14.69853570619259,0.14549454549080018,1.2745347965189353,4.421561469568701,"[""Date"", ""TestLocalDate_Constructors"", ""LocalDate""]","[0.0718562874251497, 0.029548989113530325, 0.0026666666666666666]","[10.74251497005988, 3.906687402799378, 0.04933333333333333]"
org.joda.time.TestLocalDate_Constructors.testConstructor_Object_nullDateTimeZone,0.0718562874251497,0.034690647735115564,0.0026666666666666666,0.10407194320534668,0.007096245422195478,0.017823461200752712,0.028479564547365863,10.74251497005988,4.899511902064197,0.04933333333333333,14.69853570619259,0.14549454549080018,1.2745347965189353,4.421561469568701,"[""Date"", ""TestLocalDate_Constructors"", ""LocalDate""]","[0.0718562874251497, 0.029548989113530325, 0.0026666666666666666]","[10.74251497005988, 3.906687402799378, 0.04933333333333333]"
org.joda.time.TestLocalTime_Basics.testSerialization,0.05547226386806597,0.020793236892812657,0.007633587786259542,0.10396618446406328,0.011119891523601926,0.014464719380952788,0.018677014794852755,8.113943028485757,2.701322269856673,0.08812260536398467,13.506611349283364,0.15870897066261325,0.5177443769717961,3.329013843010802,"[""ByteArrayOutputStream"", ""Arrays"", ""ObjectInputStream"", ""LocalTime"", ""TestLocalTime_Basics"", ""ObjectOutputStream"", ""ByteArrayInputStream""]","[0.05547226386806597, 0.02556390977443609, 0.007662835249042145, 0.007633587786259542, 0.007633587786259542]","[8.113943028485757, 5.102255639097744, 0.08812260536398467, 0.09541984732824428, 0.10687022900763359]"
org.joda.time.TestDateTime_Basics.testMinus_RP,0.041970802919708027,0.034630752847317016,0.030064423765211165,0.10389225854195104,0.03390664358244187,0.03425588225685112,0.00524153999263707,5.9939172749391725,5.260068450855278,4.654974946313529,15.780205352565833,5.203440474101433,5.231411347799183,0.5541510558678414,"[""TestDateTime_Basics"", ""Period"", ""DateTime""]","[0.041970802919708027, 0.031857031857031856, 0.030064423765211165]","[5.9939172749391725, 5.1313131313131315, 4.654974946313529]"
org.joda.time.TestDateTime_Basics.testWithDurationAdded_RP_int,0.041970802919708027,0.034630752847317016,0.030064423765211165,0.10389225854195104,0.03390664358244187,0.03425588225685112,0.00524153999263707,5.9939172749391725,5.260068450855278,4.654974946313529,15.780205352565833,5.203440474101433,5.231411347799183,0.5541510558678414,"[""TestDateTime_Basics"", ""Period"", ""DateTime""]","[0.041970802919708027, 0.031857031857031856, 0.030064423765211165]","[5.9939172749391725, 5.1313131313131315, 4.654974946313529]"
org.joda.time.TestDateTime_Basics.testPlus_RP,0.041970802919708027,0.034630752847317016,0.030064423765211165,0.10389225854195104,0.03390664358244187,0.03425588225685112,0.00524153999263707,5.9939172749391725,5.260068450855278,4.654974946313529,15.780205352565833,5.203440474101433,5.231411347799183,0.5541510558678414,"[""TestDateTime_Basics"", ""Period"", ""DateTime""]","[0.041970802919708027, 0.031857031857031856, 0.030064423765211165]","[5.9939172749391725, 5.1313131313131315, 4.654974946313529]"
org.joda.time.TestDuration_Basics.testToPeriod_PeriodType,0.031857031857031856,0.025969953959084392,0.020757020757020756,0.10387981583633757,0.02495781844874672,0.025458104959225396,0.005140043090525998,5.1313131313131315,3.6448348149435104,1.6178266178266179,14.579339259774041,3.0214932736187303,3.3586071742547023,1.2713303750636409,"[""PeriodType"", ""TestDuration_Basics"", ""Duration"", ""Period""]","[0.031857031857031856, 0.030303030303030304, 0.02096273291925466, 0.020757020757020756]","[5.1313131313131315, 3.896969696969697, 3.9332298136645965, 1.6178266178266179]"
org.joda.time.TestLocalDate_Properties.testPropertyEqualsHashCodeStrict,0.0718562874251497,0.03460141066986658,0.008547008547008548,0.10380423200959973,0.017276130146847108,0.024312934545778306,0.02703213115302184,10.74251497005988,5.027503491547322,0.5537240537240538,15.082510474641968,1.3868639151708475,2.824036905983607,4.251145556853049,"[""TestLocalDate_Properties"", ""StrictChronology"", ""LocalDate$Property"", ""LocalDate""]","[0.0718562874251497, 0.0234009360374415, 0.008547008547008548]","[10.74251497005988, 3.786271450858034, 0.5537240537240538]"
org.joda.time.convert.TestLongConverter.testGetPartialValues,0.04654346338124572,0.020727260140434925,0.007662835249042145,0.10363630070217462,0.014880685110632869,0.017344159284651706,0.013420992143668474,4.317590691307323,1.178643538559286,0.08812260536398467,5.89321769279643,0.2674559943772537,0.5163949944227108,1.5838315353359826,"[""LongConverter"", ""TimeOfDay"", ""Arrays"", ""TestLongConverter"", ""ISOChronology"", ""Long""]","[0.04654346338124572, 0.018960674157303372, 0.015262515262515262, 0.015206812652068127, 0.007662835249042145]","[4.317590691307323, 0.49929775280898875, 0.2686202686202686, 0.7195863746958637, 0.08812260536398467]"
org.joda.time.TestLocalDateTime_Basics.testWithFieldAdded_DurationFieldType_int_4,0.061377245508982034,0.03441592414394129,0.013479359730412805,0.10324777243182387,0.023865891797716626,0.028638700106925125,0.02001291479283336,11.95808383233533,6.509948581015067,1.2468407750631845,19.5298457430452,2.8742316607763727,4.551723805975703,4.3748034869881,"[""LocalDateTime"", ""DurationFieldType"", ""TestLocalDateTime_Basics""]","[0.061377245508982034, 0.028391167192429023, 0.013479359730412805]","[11.95808383233533, 6.3249211356466875, 1.2468407750631845]"
org.joda.time.TestLocalDateTime_Basics.testWithFieldAdded_DurationFieldType_int_1,0.061377245508982034,0.03441592414394129,0.013479359730412805,0.10324777243182387,0.023865891797716626,0.028638700106925125,0.02001291479283336,11.95808383233533,6.509948581015067,1.2468407750631845,19.5298457430452,2.8742316607763727,4.551723805975703,4.3748034869881,"[""LocalDateTime"", ""DurationFieldType"", ""TestLocalDateTime_Basics""]","[0.061377245508982034, 0.028391167192429023, 0.013479359730412805]","[11.95808383233533, 6.3249211356466875, 1.2468407750631845]"
org.joda.time.TestLocalDateTime_Basics.testIsSupported_DurationFieldType,0.061377245508982034,0.03441592414394129,0.013479359730412805,0.10324777243182387,0.023865891797716626,0.028638700106925125,0.02001291479283336,11.95808383233533,6.509948581015067,1.2468407750631845,19.5298457430452,2.8742316607763727,4.551723805975703,4.3748034869881,"[""LocalDateTime"", ""DurationFieldType"", ""TestLocalDateTime_Basics""]","[0.061377245508982034, 0.028391167192429023, 0.013479359730412805]","[11.95808383233533, 6.3249211356466875, 1.2468407750631845]"
org.joda.time.TestDateTime_Properties.testPropertyWithMaximumValueMillisOfDayDSTGap,0.041970802919708027,0.03439939947785226,0.02290622763063708,0.10319819843355679,0.03205896282673101,0.033274626960527035,0.008262352703966757,5.9939172749391725,5.053925658098311,3.5,15.161776974294934,4.769600237654552,4.917367049888885,1.1068249180489316,"[""DateTime$Property"", ""DateTimeZone"", ""TestDateTime_Properties"", ""DateTime""]","[0.041970802919708027, 0.03832116788321168, 0.02290622763063708]","[5.9939172749391725, 3.5, 5.667859699355763]"
org.joda.time.TestDateTime_Properties.testPropertyWithMinimumValueMillisOfDayDSTGap,0.041970802919708027,0.03439939947785226,0.02290622763063708,0.10319819843355679,0.03205896282673101,0.033274626960527035,0.008262352703966757,5.9939172749391725,5.053925658098311,3.5,15.161776974294934,4.769600237654552,4.917367049888885,1.1068249180489316,"[""DateTime$Property"", ""DateTimeZone"", ""TestDateTime_Properties"", ""DateTime""]","[0.041970802919708027, 0.03832116788321168, 0.02290622763063708]","[5.9939172749391725, 3.5, 5.667859699355763]"
org.joda.time.TestBaseSingleFieldPeriod.testToMutablePeriod,0.023423423423423424,0.020608992250507212,0.013479359730412805,0.10304496125253607,0.01974410808231734,0.02021154335439878,0.003690921691745833,3.9332298136645965,2.567665769397208,1.2468407750631845,12.83832884698604,2.1887454872971794,2.3800866781447447,0.9439075215409805,"[""PeriodType"", ""BaseSingleFieldPeriod"", ""TestBaseSingleFieldPeriod$Single"", ""TestBaseSingleFieldPeriod"", ""MutablePeriod"", ""DurationFieldType""]","[0.023423423423423424, 0.023423423423423424, 0.021756021756021756, 0.02096273291925466, 0.013479359730412805]","[2.511711711711712, 1.9243243243243244, 3.2222222222222223, 3.9332298136645965, 1.2468407750631845]"
org.joda.time.format.TestTextFields.testWeekdayNames,0.03527980535279805,0.02569287663264034,0.015180265654648957,0.10277150653056136,0.02343499027750942,0.02460280980270845,0.007121317218064431,4.203771289537713,2.60032658577912,0.7182163187855788,10.40130634311648,1.6924739139513045,2.1794751549899054,1.2466992685119374,"[""MutableDateTime"", ""DateTimeFormatter"", ""DateTimeFormat"", ""TestTextFields""]","[0.03527980535279805, 0.026155717761557177, 0.026155717761557177, 0.015180265654648957]","[4.203771289537713, 2.559610705596107, 2.9197080291970803, 0.7182163187855788]"
org.joda.time.TestPeriod_Basics.testMinus,0.031857031857031856,0.02564484042715444,0.02096273291925466,0.10257936170861776,0.025038051025057358,0.025334600699161047,0.004059744080954051,6.344694035631294,4.364921857764868,2.0504504504504504,17.45968743105947,3.654851878328702,4.025403785579491,1.5850859106559771,"[""Years"", ""PeriodType"", ""TestPeriod_Basics"", ""Period""]","[0.031857031857031856, 0.026336173508907823, 0.023423423423423424, 0.02096273291925466]","[5.1313131313131315, 6.344694035631294, 2.0504504504504504, 3.9332298136645965]"
org.joda.time.TestPeriod_Basics.testPlus,0.031857031857031856,0.02564484042715444,0.02096273291925466,0.10257936170861776,0.025038051025057358,0.025334600699161047,0.004059744080954051,6.344694035631294,4.364921857764868,2.0504504504504504,17.45968743105947,3.654851878328702,4.025403785579491,1.5850859106559771,"[""Years"", ""PeriodType"", ""TestPeriod_Basics"", ""Period""]","[0.031857031857031856, 0.026336173508907823, 0.023423423423423424, 0.02096273291925466]","[5.1313131313131315, 6.344694035631294, 2.0504504504504504, 3.9332298136645965]"
org.joda.time.TestTimeOfDay_Basics.testEqualsHashCode,0.04654346338124572,0.025607904746304287,0.012073863636363636,0.10243161898521715,0.02042659834913605,0.022774978032352785,0.01275897000325362,4.317590691307323,2.312173210645099,0.3203125,9.248692842580397,0.841788012133458,1.4613463013645611,1.7337677374532936,"[""Object"", ""TimeOfDay"", ""TestTimeOfDay_Basics$MockInstant"", ""MockPartial"", ""CopticChronology"", ""TestTimeOfDay_Basics""]","[0.04654346338124572, 0.02298095863427446, 0.020833333333333332, 0.012073863636363636]","[4.317590691307323, 0.8850952068286277, 3.7256944444444446, 0.3203125]"
org.joda.time.TestTimeOfDay_Properties.testPropertyCompareToHour,0.04654346338124572,0.03413438506328088,0.013888888888888888,0.10240315518984264,0.025572966344188583,0.030048617305034424,0.014436929323431123,5.9939172749391725,4.373222562822906,2.8081597222222223,13.119667688468716,3.9758714628092893,4.173092453381408,1.3011748473384908,"[""TimeOfDay$Property"", ""TestTimeOfDay_Properties"", ""TimeOfDay"", ""DateTime""]","[0.04654346338124572, 0.041970802919708027, 0.013888888888888888]","[4.317590691307323, 5.9939172749391725, 2.8081597222222223]"
org.joda.time.TestTimeOfDay_Properties.testPropertyCompareToMinute,0.04654346338124572,0.03413438506328088,0.013888888888888888,0.10240315518984264,0.025572966344188583,0.030048617305034424,0.014436929323431123,5.9939172749391725,4.373222562822906,2.8081597222222223,13.119667688468716,3.9758714628092893,4.173092453381408,1.3011748473384908,"[""TimeOfDay$Property"", ""TestTimeOfDay_Properties"", ""TimeOfDay"", ""DateTime""]","[0.04654346338124572, 0.041970802919708027, 0.013888888888888888]","[4.317590691307323, 5.9939172749391725, 2.8081597222222223]"
org.joda.time.TestTimeOfDay_Properties.testPropertyCompareToMilli,0.04654346338124572,0.03413438506328088,0.013888888888888888,0.10240315518984264,0.025572966344188583,0.030048617305034424,0.014436929323431123,5.9939172749391725,4.373222562822906,2.8081597222222223,13.119667688468716,3.9758714628092893,4.173092453381408,1.3011748473384908,"[""TimeOfDay$Property"", ""TestTimeOfDay_Properties"", ""TimeOfDay"", ""DateTime""]","[0.04654346338124572, 0.041970802919708027, 0.013888888888888888]","[4.317590691307323, 5.9939172749391725, 2.8081597222222223]"
org.joda.time.TestTimeOfDay_Properties.testPropertyCompareToSecond,0.04654346338124572,0.03413438506328088,0.013888888888888888,0.10240315518984264,0.025572966344188583,0.030048617305034424,0.014436929323431123,5.9939172749391725,4.373222562822906,2.8081597222222223,13.119667688468716,3.9758714628092893,4.173092453381408,1.3011748473384908,"[""TimeOfDay$Property"", ""TestTimeOfDay_Properties"", ""TimeOfDay"", ""DateTime""]","[0.04654346338124572, 0.041970802919708027, 0.013888888888888888]","[4.317590691307323, 5.9939172749391725, 2.8081597222222223]"
org.joda.time.TestPeriod_Constructors.testConstructor_RP_RP8,0.031857031857031856,0.025594340586674362,0.017691659646166806,0.10237736234669745,0.02441017784482971,0.02502223277781269,0.0051804024642848855,5.54841208365608,4.144225767385666,2.2350463352990735,16.576903069542663,3.650978606425667,3.9070990716977354,1.3060878265636295,"[""DateTimeFieldType"", ""Period"", ""Partial"", ""TestPeriod_Constructors""]","[0.031857031857031856, 0.027885360185902403, 0.024943310657596373, 0.017691659646166806]","[5.1313131313131315, 5.54841208365608, 3.6621315192743764, 2.2350463352990735]"
org.joda.time.TestPeriod_Constructors.testFactoryFieldDifference5,0.031857031857031856,0.025594340586674362,0.017691659646166806,0.10237736234669745,0.02441017784482971,0.02502223277781269,0.0051804024642848855,5.54841208365608,4.144225767385666,2.2350463352990735,16.576903069542663,3.650978606425667,3.9070990716977354,1.3060878265636295,"[""DateTimeFieldType"", ""Period"", ""Partial"", ""TestPeriod_Constructors""]","[0.031857031857031856, 0.027885360185902403, 0.024943310657596373, 0.017691659646166806]","[5.1313131313131315, 5.54841208365608, 3.6621315192743764, 2.2350463352990735]"
org.joda.time.TestPeriod_Constructors.testConstructor_RP_RP7,0.031857031857031856,0.025594340586674362,0.017691659646166806,0.10237736234669745,0.02441017784482971,0.02502223277781269,0.0051804024642848855,5.54841208365608,4.144225767385666,2.2350463352990735,16.576903069542663,3.650978606425667,3.9070990716977354,1.3060878265636295,"[""DateTimeFieldType"", ""Period"", ""Partial"", ""TestPeriod_Constructors""]","[0.031857031857031856, 0.027885360185902403, 0.024943310657596373, 0.017691659646166806]","[5.1313131313131315, 5.54841208365608, 3.6621315192743764, 2.2350463352990735]"
org.joda.time.TestMutableInterval_Constructors.testConstructor_Object3,0.041970802919708027,0.025587792329628795,0.01730920535011802,0.10235116931851518,0.022800580698201508,0.02403040933675391,0.009738137795629636,5.9939172749391725,2.843350035020789,1.3320848938826466,11.373400140083156,2.0543556796238547,2.36697370325945,1.862918375142231,"[""MutableInterval"", ""TestMutableInterval_Constructors"", ""Interval"", ""DateTime""]","[0.041970802919708027, 0.02372034956304619, 0.019350811485642945, 0.01730920535011802]","[5.9939172749391725, 1.618601747815231, 1.3320848938826466, 2.4287962234461054]"
org.joda.time.TestMutableDateTime_Constructors.testParse_noFormatter,0.03832116788321168,0.025545185699359728,0.01337295690936107,0.10218074279743891,0.020515151511748826,0.02289853190709045,0.01132512308476433,4.203771289537713,2.5378602184358083,0.7195863746958637,10.151440873743233,1.605162847147288,2.068181630914416,1.3840909680276166,"[""TestMutableDateTime_Constructors"", ""DateTimeZone"", ""MutableDateTime"", ""ISOChronology""]","[0.03832116788321168, 0.03527980535279805, 0.015206812652068127, 0.01337295690936107]","[3.5, 4.203771289537713, 0.7195863746958637, 1.7280832095096583]"
org.joda.time.convert.TestReadableIntervalConverter.testSetIntoPeriod_Object1,0.02372034956304619,0.02041346166177834,0.013741411617738912,0.1020673083088917,0.01966272398980024,0.020066535040289185,0.003456201079871488,3.9332298136645965,1.98662012117066,0.37414116177389134,9.9331006058533,0.9748047198077637,1.4321204736711162,1.3780889238317366,"[""ReadableIntervalConverter"", ""Interval"", ""MutablePeriod"", ""TestReadableIntervalConverter"", ""PeriodType""]","[0.02372034956304619, 0.02188679245283019, 0.021756021756021756, 0.02096273291925466, 0.013741411617738912]","[1.618601747815231, 0.7849056603773585, 3.2222222222222223, 3.9332298136645965, 0.37414116177389134]"
org.joda.time.TestLocalDateTime_Properties.testPropertyGetMinute,0.061377245508982034,0.034006619487625504,0.020072992700729927,0.10201985846287652,0.02614920313986679,0.02937301981854721,0.019355017201958747,11.95808383233533,7.250613651504469,2.3728710462287106,21.751840954513405,4.688887338758151,5.94927208882495,3.9149985579077984,"[""LocalDateTime$Property"", ""LocalDateTime"", ""Chronology"", ""TestLocalDateTime_Properties""]","[0.061377245508982034, 0.020569620253164556, 0.020072992700729927]","[11.95808383233533, 7.420886075949367, 2.3728710462287106]"
org.joda.time.TestLocalDateTime_Properties.testPropertyGetHour,0.061377245508982034,0.034006619487625504,0.020072992700729927,0.10201985846287652,0.02614920313986679,0.02937301981854721,0.019355017201958747,11.95808383233533,7.250613651504469,2.3728710462287106,21.751840954513405,4.688887338758151,5.94927208882495,3.9149985579077984,"[""LocalDateTime$Property"", ""LocalDateTime"", ""Chronology"", ""TestLocalDateTime_Properties""]","[0.061377245508982034, 0.020569620253164556, 0.020072992700729927]","[11.95808383233533, 7.420886075949367, 2.3728710462287106]"
org.joda.time.TestLocalDateTime_Properties.testPropertyGetMonth,0.061377245508982034,0.034006619487625504,0.020072992700729927,0.10201985846287652,0.02614920313986679,0.02937301981854721,0.019355017201958747,11.95808383233533,7.250613651504469,2.3728710462287106,21.751840954513405,4.688887338758151,5.94927208882495,3.9149985579077984,"[""LocalDateTime$Property"", ""LocalDateTime"", ""Chronology"", ""TestLocalDateTime_Properties""]","[0.061377245508982034, 0.020569620253164556, 0.020072992700729927]","[11.95808383233533, 7.420886075949367, 2.3728710462287106]"
org.joda.time.TestLocalDateTime_Properties.testPropertyGetMilli,0.061377245508982034,0.034006619487625504,0.020072992700729927,0.10201985846287652,0.02614920313986679,0.02937301981854721,0.019355017201958747,11.95808383233533,7.250613651504469,2.3728710462287106,21.751840954513405,4.688887338758151,5.94927208882495,3.9149985579077984,"[""LocalDateTime$Property"", ""LocalDateTime"", ""Chronology"", ""TestLocalDateTime_Properties""]","[0.061377245508982034, 0.020569620253164556, 0.020072992700729927]","[11.95808383233533, 7.420886075949367, 2.3728710462287106]"
org.joda.time.TestLocalDateTime_Properties.testPropertyGetDay,0.061377245508982034,0.034006619487625504,0.020072992700729927,0.10201985846287652,0.02614920313986679,0.02937301981854721,0.019355017201958747,11.95808383233533,7.250613651504469,2.3728710462287106,21.751840954513405,4.688887338758151,5.94927208882495,3.9149985579077984,"[""LocalDateTime$Property"", ""LocalDateTime"", ""Chronology"", ""TestLocalDateTime_Properties""]","[0.061377245508982034, 0.020569620253164556, 0.020072992700729927]","[11.95808383233533, 7.420886075949367, 2.3728710462287106]"
org.joda.time.TestLocalDateTime_Properties.testPropertyGetSecond,0.061377245508982034,0.034006619487625504,0.020072992700729927,0.10201985846287652,0.02614920313986679,0.02937301981854721,0.019355017201958747,11.95808383233533,7.250613651504469,2.3728710462287106,21.751840954513405,4.688887338758151,5.94927208882495,3.9149985579077984,"[""LocalDateTime$Property"", ""LocalDateTime"", ""Chronology"", ""TestLocalDateTime_Properties""]","[0.061377245508982034, 0.020569620253164556, 0.020072992700729927]","[11.95808383233533, 7.420886075949367, 2.3728710462287106]"
org.joda.time.TestLocalDateTime_Properties.testPropertyGetYear,0.061377245508982034,0.034006619487625504,0.020072992700729927,0.10201985846287652,0.02614920313986679,0.02937301981854721,0.019355017201958747,11.95808383233533,7.250613651504469,2.3728710462287106,21.751840954513405,4.688887338758151,5.94927208882495,3.9149985579077984,"[""LocalDateTime$Property"", ""LocalDateTime"", ""Chronology"", ""TestLocalDateTime_Properties""]","[0.061377245508982034, 0.020569620253164556, 0.020072992700729927]","[11.95808383233533, 7.420886075949367, 2.3728710462287106]"
org.joda.time.TestPeriod_Basics.testEqualsHashCode,0.031857031857031856,0.025447836632737548,0.02096273291925466,0.10179134653095019,0.024807261951990508,0.025118780701834813,0.004180096726789924,6.344694035631294,4.498428889452983,2.58447857720291,17.99371555781193,4.025509148953573,4.2652094730516845,1.395698144892182,"[""BasePeriod"", ""TestPeriod_Basics"", ""TestPeriod_Basics$MockPeriod"", ""PeriodType"", ""Period""]","[0.031857031857031856, 0.026336173508907823, 0.02263540824575586, 0.02096273291925466]","[5.1313131313131315, 6.344694035631294, 2.58447857720291, 3.9332298136645965]"
org.joda.time.TestMutableInterval_Constructors.testConstructor_long_long_Chronology1,0.041970802919708027,0.025436293746653134,0.01730920535011802,0.10174517498661254,0.022657832716500497,0.02387543776752861,0.009770671064694182,5.9939172749391725,3.1664976515949617,1.3320848938826466,12.665990606379847,2.39124729274202,2.741108030834385,1.729794507711168,"[""MutableInterval"", ""TestMutableInterval_Constructors"", ""GJChronology"", ""DateTime""]","[0.041970802919708027, 0.023114355231143552, 0.019350811485642945, 0.01730920535011802]","[5.9939172749391725, 2.911192214111922, 1.3320848938826466, 2.4287962234461054]"
org.joda.time.TestMutableInterval_Constructors.testConstructor_RI_RI8,0.041970802919708027,0.025436293746653134,0.01730920535011802,0.10174517498661254,0.022657832716500497,0.02387543776752861,0.009770671064694182,5.9939172749391725,3.1664976515949617,1.3320848938826466,12.665990606379847,2.39124729274202,2.741108030834385,1.729794507711168,"[""MutableInterval"", ""TestMutableInterval_Constructors"", ""GJChronology"", ""DateTime""]","[0.041970802919708027, 0.023114355231143552, 0.019350811485642945, 0.01730920535011802]","[5.9939172749391725, 2.911192214111922, 1.3320848938826466, 2.4287962234461054]"
org.joda.time.TestDateMidnight_Basics.testToDateTime_Chronology,0.041970802919708027,0.03387540724556629,0.026200873362445413,0.10162622173669889,0.032649842271293375,0.03325876049712702,0.006444921155225624,5.9939172749391725,4.602038941675062,3.7743813682678313,13.806116825025185,4.415411417699907,4.503682449735503,0.9900652199530257,"[""TestDateMidnight_Basics"", ""DateMidnight"", ""DateTime""]","[0.041970802919708027, 0.03345454545454545, 0.026200873362445413]","[5.9939172749391725, 4.0378181818181815, 3.7743813682678313]"
org.joda.time.TestDateMidnight_Basics.testToDateTime_DateTimeZone,0.041970802919708027,0.03387540724556629,0.026200873362445413,0.10162622173669889,0.032649842271293375,0.03325876049712702,0.006444921155225624,5.9939172749391725,4.602038941675062,3.7743813682678313,13.806116825025185,4.415411417699907,4.503682449735503,0.9900652199530257,"[""TestDateMidnight_Basics"", ""DateMidnight"", ""DateTime""]","[0.041970802919708027, 0.03345454545454545, 0.026200873362445413]","[5.9939172749391725, 4.0378181818181815, 3.7743813682678313]"
org.joda.time.TestDateMidnight_Basics.testToDateTimeISO,0.041970802919708027,0.03387540724556629,0.026200873362445413,0.10162622173669889,0.032649842271293375,0.03325876049712702,0.006444921155225624,5.9939172749391725,4.602038941675062,3.7743813682678313,13.806116825025185,4.415411417699907,4.503682449735503,0.9900652199530257,"[""TestDateMidnight_Basics"", ""DateMidnight"", ""Object"", ""DateTime""]","[0.041970802919708027, 0.03345454545454545, 0.026200873362445413]","[5.9939172749391725, 4.0378181818181815, 3.7743813682678313]"
org.joda.time.TestDateMidnight_Basics.testToDateTime,0.041970802919708027,0.03387540724556629,0.026200873362445413,0.10162622173669889,0.032649842271293375,0.03325876049712702,0.006444921155225624,5.9939172749391725,4.602038941675062,3.7743813682678313,13.806116825025185,4.415411417699907,4.503682449735503,0.9900652199530257,"[""TestDateMidnight_Basics"", ""DateMidnight"", ""DateTime""]","[0.041970802919708027, 0.03345454545454545, 0.026200873362445413]","[5.9939172749391725, 4.0378181818181815, 3.7743813682678313]"
org.joda.time.TestLocalDate_Constructors.testConstructor_int_int_int_nullChronology,0.0718562874251497,0.05070263826934001,0.029548989113530325,0.10140527653868002,0.04187712370281936,0.04607906959634119,0.021153649155809688,10.74251497005988,7.3246011864296285,3.906687402799378,14.649202372859257,5.7296836837575,6.478244199466138,3.417913783630251,"[""TestLocalDate_Constructors"", ""LocalDate""]","[0.0718562874251497, 0.029548989113530325]","[10.74251497005988, 3.906687402799378]"
org.joda.time.TestLocalDate_Constructors.testConstructor_int_int_int,0.0718562874251497,0.05070263826934001,0.029548989113530325,0.10140527653868002,0.04187712370281936,0.04607906959634119,0.021153649155809688,10.74251497005988,7.3246011864296285,3.906687402799378,14.649202372859257,5.7296836837575,6.478244199466138,3.417913783630251,"[""TestLocalDate_Constructors"", ""LocalDate""]","[0.0718562874251497, 0.029548989113530325]","[10.74251497005988, 3.906687402799378]"
org.joda.time.TestLocalDate_Constructors.testConstructor_long1,0.0718562874251497,0.05070263826934001,0.029548989113530325,0.10140527653868002,0.04187712370281936,0.04607906959634119,0.021153649155809688,10.74251497005988,7.3246011864296285,3.906687402799378,14.649202372859257,5.7296836837575,6.478244199466138,3.417913783630251,"[""TestLocalDate_Constructors"", ""LocalDate""]","[0.0718562874251497, 0.029548989113530325]","[10.74251497005988, 3.906687402799378]"
org.joda.time.TestLocalDate_Constructors.testConstructor_Object_Chronology_crossChronology,0.0718562874251497,0.05070263826934001,0.029548989113530325,0.10140527653868002,0.04187712370281936,0.04607906959634119,0.021153649155809688,10.74251497005988,7.3246011864296285,3.906687402799378,14.649202372859257,5.7296836837575,6.478244199466138,3.417913783630251,"[""TestLocalDate_Constructors"", ""LocalDate""]","[0.0718562874251497, 0.029548989113530325]","[10.74251497005988, 3.906687402799378]"
org.joda.time.TestLocalDate_Constructors.testConstructor_ObjectStringEx5,0.0718562874251497,0.05070263826934001,0.029548989113530325,0.10140527653868002,0.04187712370281936,0.04607906959634119,0.021153649155809688,10.74251497005988,7.3246011864296285,3.906687402799378,14.649202372859257,5.7296836837575,6.478244199466138,3.417913783630251,"[""TestLocalDate_Constructors"", ""LocalDate""]","[0.0718562874251497, 0.029548989113530325]","[10.74251497005988, 3.906687402799378]"
org.joda.time.TestLocalDate_Constructors.testConstructor_ObjectStringEx3,0.0718562874251497,0.05070263826934001,0.029548989113530325,0.10140527653868002,0.04187712370281936,0.04607906959634119,0.021153649155809688,10.74251497005988,7.3246011864296285,3.906687402799378,14.649202372859257,5.7296836837575,6.478244199466138,3.417913783630251,"[""TestLocalDate_Constructors"", ""LocalDate""]","[0.0718562874251497, 0.029548989113530325]","[10.74251497005988, 3.906687402799378]"
org.joda.time.TestLocalDate_Constructors.testConstructor_ObjectStringEx1,0.0718562874251497,0.05070263826934001,0.029548989113530325,0.10140527653868002,0.04187712370281936,0.04607906959634119,0.021153649155809688,10.74251497005988,7.3246011864296285,3.906687402799378,14.649202372859257,5.7296836837575,6.478244199466138,3.417913783630251,"[""TestLocalDate_Constructors"", ""LocalDate""]","[0.0718562874251497, 0.029548989113530325]","[10.74251497005988, 3.906687402799378]"
org.joda.time.TestLocalDate_Constructors.testFactory_fromCalendarFields_null,0.0718562874251497,0.05070263826934001,0.029548989113530325,0.10140527653868002,0.04187712370281936,0.04607906959634119,0.021153649155809688,10.74251497005988,7.3246011864296285,3.906687402799378,14.649202372859257,5.7296836837575,6.478244199466138,3.417913783630251,"[""TestLocalDate_Constructors"", ""LocalDate""]","[0.0718562874251497, 0.029548989113530325]","[10.74251497005988, 3.906687402799378]"
org.joda.time.TestLocalDate_Constructors.testConstructor_ObjectStringEx2,0.0718562874251497,0.05070263826934001,0.029548989113530325,0.10140527653868002,0.04187712370281936,0.04607906959634119,0.021153649155809688,10.74251497005988,7.3246011864296285,3.906687402799378,14.649202372859257,5.7296836837575,6.478244199466138,3.417913783630251,"[""TestLocalDate_Constructors"", ""LocalDate""]","[0.0718562874251497, 0.029548989113530325]","[10.74251497005988, 3.906687402799378]"
org.joda.time.TestLocalDate_Constructors.testConstructor_int_int_int_Chronology,0.0718562874251497,0.05070263826934001,0.029548989113530325,0.10140527653868002,0.04187712370281936,0.04607906959634119,0.021153649155809688,10.74251497005988,7.3246011864296285,3.906687402799378,14.649202372859257,5.7296836837575,6.478244199466138,3.417913783630251,"[""TestLocalDate_Constructors"", ""LocalDate""]","[0.0718562874251497, 0.029548989113530325]","[10.74251497005988, 3.906687402799378]"
org.joda.time.TestLocalDate_Constructors.testConstructor_ObjectString3,0.0718562874251497,0.05070263826934001,0.029548989113530325,0.10140527653868002,0.04187712370281936,0.04607906959634119,0.021153649155809688,10.74251497005988,7.3246011864296285,3.906687402799378,14.649202372859257,5.7296836837575,6.478244199466138,3.417913783630251,"[""TestLocalDate_Constructors"", ""LocalDate""]","[0.0718562874251497, 0.029548989113530325]","[10.74251497005988, 3.906687402799378]"
org.joda.time.TestLocalDate_Constructors.testConstructor_ObjectLocalDate,0.0718562874251497,0.05070263826934001,0.029548989113530325,0.10140527653868002,0.04187712370281936,0.04607906959634119,0.021153649155809688,10.74251497005988,7.3246011864296285,3.906687402799378,14.649202372859257,5.7296836837575,6.478244199466138,3.417913783630251,"[""TestLocalDate_Constructors"", ""LocalDate""]","[0.0718562874251497, 0.029548989113530325]","[10.74251497005988, 3.906687402799378]"
org.joda.time.TestLocalDate_Constructors.testConstructor_long1_DateTimeZone,0.0718562874251497,0.05070263826934001,0.029548989113530325,0.10140527653868002,0.04187712370281936,0.04607906959634119,0.021153649155809688,10.74251497005988,7.3246011864296285,3.906687402799378,14.649202372859257,5.7296836837575,6.478244199466138,3.417913783630251,"[""TestLocalDate_Constructors"", ""LocalDate""]","[0.0718562874251497, 0.029548989113530325]","[10.74251497005988, 3.906687402799378]"
org.joda.time.TestLocalDate_Constructors.testConstructor_ObjectStringEx6,0.0718562874251497,0.05070263826934001,0.029548989113530325,0.10140527653868002,0.04187712370281936,0.04607906959634119,0.021153649155809688,10.74251497005988,7.3246011864296285,3.906687402799378,14.649202372859257,5.7296836837575,6.478244199466138,3.417913783630251,"[""TestLocalDate_Constructors"", ""LocalDate""]","[0.0718562874251497, 0.029548989113530325]","[10.74251497005988, 3.906687402799378]"
org.joda.time.TestLocalDate_Constructors.testConstructor_nullObject,0.0718562874251497,0.05070263826934001,0.029548989113530325,0.10140527653868002,0.04187712370281936,0.04607906959634119,0.021153649155809688,10.74251497005988,7.3246011864296285,3.906687402799378,14.649202372859257,5.7296836837575,6.478244199466138,3.417913783630251,"[""TestLocalDate_Constructors"", ""LocalDate""]","[0.0718562874251497, 0.029548989113530325]","[10.74251497005988, 3.906687402799378]"
org.joda.time.TestLocalDate_Constructors.testConstructor_Chronology,0.0718562874251497,0.05070263826934001,0.029548989113530325,0.10140527653868002,0.04187712370281936,0.04607906959634119,0.021153649155809688,10.74251497005988,7.3246011864296285,3.906687402799378,14.649202372859257,5.7296836837575,6.478244199466138,3.417913783630251,"[""TestLocalDate_Constructors"", ""LocalDate""]","[0.0718562874251497, 0.029548989113530325]","[10.74251497005988, 3.906687402799378]"
org.joda.time.TestLocalDate_Constructors.testConstructor_long2_Chronology,0.0718562874251497,0.05070263826934001,0.029548989113530325,0.10140527653868002,0.04187712370281936,0.04607906959634119,0.021153649155809688,10.74251497005988,7.3246011864296285,3.906687402799378,14.649202372859257,5.7296836837575,6.478244199466138,3.417913783630251,"[""TestLocalDate_Constructors"", ""LocalDate""]","[0.0718562874251497, 0.029548989113530325]","[10.74251497005988, 3.906687402799378]"
org.joda.time.TestLocalDate_Constructors.testConstructor_long_nullDateTimeZone,0.0718562874251497,0.05070263826934001,0.029548989113530325,0.10140527653868002,0.04187712370281936,0.04607906959634119,0.021153649155809688,10.74251497005988,7.3246011864296285,3.906687402799378,14.649202372859257,5.7296836837575,6.478244199466138,3.417913783630251,"[""TestLocalDate_Constructors"", ""LocalDate""]","[0.0718562874251497, 0.029548989113530325]","[10.74251497005988, 3.906687402799378]"
org.joda.time.TestLocalDate_Constructors.testConstructor_ObjectString1,0.0718562874251497,0.05070263826934001,0.029548989113530325,0.10140527653868002,0.04187712370281936,0.04607906959634119,0.021153649155809688,10.74251497005988,7.3246011864296285,3.906687402799378,14.649202372859257,5.7296836837575,6.478244199466138,3.417913783630251,"[""TestLocalDate_Constructors"", ""LocalDate""]","[0.0718562874251497, 0.029548989113530325]","[10.74251497005988, 3.906687402799378]"
org.joda.time.TestLocalDate_Constructors.testConstructor_nullObject_DateTimeZone,0.0718562874251497,0.05070263826934001,0.029548989113530325,0.10140527653868002,0.04187712370281936,0.04607906959634119,0.021153649155809688,10.74251497005988,7.3246011864296285,3.906687402799378,14.649202372859257,5.7296836837575,6.478244199466138,3.417913783630251,"[""TestLocalDate_Constructors"", ""LocalDate""]","[0.0718562874251497, 0.029548989113530325]","[10.74251497005988, 3.906687402799378]"
org.joda.time.TestLocalDate_Constructors.testConstructor_ObjectString2,0.0718562874251497,0.05070263826934001,0.029548989113530325,0.10140527653868002,0.04187712370281936,0.04607906959634119,0.021153649155809688,10.74251497005988,7.3246011864296285,3.906687402799378,14.649202372859257,5.7296836837575,6.478244199466138,3.417913783630251,"[""TestLocalDate_Constructors"", ""LocalDate""]","[0.0718562874251497, 0.029548989113530325]","[10.74251497005988, 3.906687402799378]"
org.joda.time.TestLocalDate_Constructors.testConstructor_long_nullChronology,0.0718562874251497,0.05070263826934001,0.029548989113530325,0.10140527653868002,0.04187712370281936,0.04607906959634119,0.021153649155809688,10.74251497005988,7.3246011864296285,3.906687402799378,14.649202372859257,5.7296836837575,6.478244199466138,3.417913783630251,"[""TestLocalDate_Constructors"", ""LocalDate""]","[0.0718562874251497, 0.029548989113530325]","[10.74251497005988, 3.906687402799378]"
org.joda.time.TestLocalDate_Constructors.testConstructor_long2,0.0718562874251497,0.05070263826934001,0.029548989113530325,0.10140527653868002,0.04187712370281936,0.04607906959634119,0.021153649155809688,10.74251497005988,7.3246011864296285,3.906687402799378,14.649202372859257,5.7296836837575,6.478244199466138,3.417913783630251,"[""TestLocalDate_Constructors"", ""LocalDate""]","[0.0718562874251497, 0.029548989113530325]","[10.74251497005988, 3.906687402799378]"
org.joda.time.TestLocalDate_Constructors.testConstructor,0.0718562874251497,0.05070263826934001,0.029548989113530325,0.10140527653868002,0.04187712370281936,0.04607906959634119,0.021153649155809688,10.74251497005988,7.3246011864296285,3.906687402799378,14.649202372859257,5.7296836837575,6.478244199466138,3.417913783630251,"[""TestLocalDate_Constructors"", ""LocalDate""]","[0.0718562874251497, 0.029548989113530325]","[10.74251497005988, 3.906687402799378]"
org.joda.time.TestLocalDate_Constructors.testConstructor_long1_Chronology,0.0718562874251497,0.05070263826934001,0.029548989113530325,0.10140527653868002,0.04187712370281936,0.04607906959634119,0.021153649155809688,10.74251497005988,7.3246011864296285,3.906687402799378,14.649202372859257,5.7296836837575,6.478244199466138,3.417913783630251,"[""TestLocalDate_Constructors"", ""LocalDate""]","[0.0718562874251497, 0.029548989113530325]","[10.74251497005988, 3.906687402799378]"
org.joda.time.TestLocalDate_Constructors.testConstructor_long2_DateTimeZone,0.0718562874251497,0.05070263826934001,0.029548989113530325,0.10140527653868002,0.04187712370281936,0.04607906959634119,0.021153649155809688,10.74251497005988,7.3246011864296285,3.906687402799378,14.649202372859257,5.7296836837575,6.478244199466138,3.417913783630251,"[""TestLocalDate_Constructors"", ""LocalDate""]","[0.0718562874251497, 0.029548989113530325]","[10.74251497005988, 3.906687402799378]"
org.joda.time.TestLocalDate_Constructors.testConstructor_nullObject_Chronology,0.0718562874251497,0.05070263826934001,0.029548989113530325,0.10140527653868002,0.04187712370281936,0.04607906959634119,0.021153649155809688,10.74251497005988,7.3246011864296285,3.906687402799378,14.649202372859257,5.7296836837575,6.478244199466138,3.417913783630251,"[""TestLocalDate_Constructors"", ""LocalDate""]","[0.0718562874251497, 0.029548989113530325]","[10.74251497005988, 3.906687402799378]"
org.joda.time.TestLocalDate_Constructors.testConstructor_nullChronology,0.0718562874251497,0.05070263826934001,0.029548989113530325,0.10140527653868002,0.04187712370281936,0.04607906959634119,0.021153649155809688,10.74251497005988,7.3246011864296285,3.906687402799378,14.649202372859257,5.7296836837575,6.478244199466138,3.417913783630251,"[""TestLocalDate_Constructors"", ""LocalDate""]","[0.0718562874251497, 0.029548989113530325]","[10.74251497005988, 3.906687402799378]"
org.joda.time.TestLocalDate_Constructors.testFactory_fromDateFields_null,0.0718562874251497,0.05070263826934001,0.029548989113530325,0.10140527653868002,0.04187712370281936,0.04607906959634119,0.021153649155809688,10.74251497005988,7.3246011864296285,3.906687402799378,14.649202372859257,5.7296836837575,6.478244199466138,3.417913783630251,"[""TestLocalDate_Constructors"", ""LocalDate""]","[0.0718562874251497, 0.029548989113530325]","[10.74251497005988, 3.906687402799378]"
org.joda.time.TestLocalDate_Constructors.testConstructor_ObjectStringEx7,0.0718562874251497,0.05070263826934001,0.029548989113530325,0.10140527653868002,0.04187712370281936,0.04607906959634119,0.021153649155809688,10.74251497005988,7.3246011864296285,3.906687402799378,14.649202372859257,5.7296836837575,6.478244199466138,3.417913783630251,"[""TestLocalDate_Constructors"", ""LocalDate""]","[0.0718562874251497, 0.029548989113530325]","[10.74251497005988, 3.906687402799378]"
org.joda.time.TestLocalDate_Constructors.testConstructor_nullObject_nullDateTimeZone,0.0718562874251497,0.05070263826934001,0.029548989113530325,0.10140527653868002,0.04187712370281936,0.04607906959634119,0.021153649155809688,10.74251497005988,7.3246011864296285,3.906687402799378,14.649202372859257,5.7296836837575,6.478244199466138,3.417913783630251,"[""TestLocalDate_Constructors"", ""LocalDate""]","[0.0718562874251497, 0.029548989113530325]","[10.74251497005988, 3.906687402799378]"
org.joda.time.TestLocalDate_Constructors.testConstructor_nullObject_nullChronology,0.0718562874251497,0.05070263826934001,0.029548989113530325,0.10140527653868002,0.04187712370281936,0.04607906959634119,0.021153649155809688,10.74251497005988,7.3246011864296285,3.906687402799378,14.649202372859257,5.7296836837575,6.478244199466138,3.417913783630251,"[""TestLocalDate_Constructors"", ""LocalDate""]","[0.0718562874251497, 0.029548989113530325]","[10.74251497005988, 3.906687402799378]"
org.joda.time.TestLocalDate_Constructors.testParse_noFormatter,0.0718562874251497,0.05070263826934001,0.029548989113530325,0.10140527653868002,0.04187712370281936,0.04607906959634119,0.021153649155809688,10.74251497005988,7.3246011864296285,3.906687402799378,14.649202372859257,5.7296836837575,6.478244199466138,3.417913783630251,"[""TestLocalDate_Constructors"", ""LocalDate""]","[0.0718562874251497, 0.029548989113530325]","[10.74251497005988, 3.906687402799378]"
org.joda.time.TestLocalDate_Constructors.testConstructor_ObjectStringEx4,0.0718562874251497,0.05070263826934001,0.029548989113530325,0.10140527653868002,0.04187712370281936,0.04607906959634119,0.021153649155809688,10.74251497005988,7.3246011864296285,3.906687402799378,14.649202372859257,5.7296836837575,6.478244199466138,3.417913783630251,"[""TestLocalDate_Constructors"", ""LocalDate""]","[0.0718562874251497, 0.029548989113530325]","[10.74251497005988, 3.906687402799378]"
org.joda.time.TestDateTime_Properties.testPropertyGetDayOfWeek,0.041970802919708027,0.025343345228827155,0.016423357664233577,0.10137338091530862,0.02244802344004468,0.023727049256528722,0.009871102843304365,5.9939172749391725,3.982506287369354,1.8953771289537713,15.930025149477416,3.0952585924135967,3.5158059941165503,1.8596521191906605,"[""DateTimeField"", ""TestDateTime_Properties"", ""DateTime$Property"", ""DateTime"", ""Chronology""]","[0.041970802919708027, 0.02290622763063708, 0.020072992700729927, 0.016423357664233577]","[5.9939172749391725, 5.667859699355763, 2.3728710462287106, 1.8953771289537713]"
org.joda.time.TestDateTime_Properties.testPropertyGetMonthOfYear,0.041970802919708027,0.025343345228827155,0.016423357664233577,0.10137338091530862,0.02244802344004468,0.023727049256528722,0.009871102843304365,5.9939172749391725,3.982506287369354,1.8953771289537713,15.930025149477416,3.0952585924135967,3.5158059941165503,1.8596521191906605,"[""DateTimeField"", ""TestDateTime_Properties"", ""DateTime$Property"", ""DateTime"", ""Chronology""]","[0.041970802919708027, 0.02290622763063708, 0.020072992700729927, 0.016423357664233577]","[5.9939172749391725, 5.667859699355763, 2.3728710462287106, 1.8953771289537713]"
org.joda.time.TestDateTime_Properties.testPropertyGetEra,0.041970802919708027,0.025343345228827155,0.016423357664233577,0.10137338091530862,0.02244802344004468,0.023727049256528722,0.009871102843304365,5.9939172749391725,3.982506287369354,1.8953771289537713,15.930025149477416,3.0952585924135967,3.5158059941165503,1.8596521191906605,"[""DateTimeField"", ""TestDateTime_Properties"", ""DateTime$Property"", ""DateTime"", ""Chronology""]","[0.041970802919708027, 0.02290622763063708, 0.020072992700729927, 0.016423357664233577]","[5.9939172749391725, 5.667859699355763, 2.3728710462287106, 1.8953771289537713]"
org.joda.time.TestLocalTime_Basics.testGetFields,0.05547226386806597,0.033703055447744,0.020072992700729927,0.10110916634323198,0.028047119485025862,0.030533160758299475,0.01555552139945047,8.113943028485757,5.196356571270737,2.3728710462287106,15.589069713812211,4.050404356670468,4.61412584416634,2.34472715050047,"[""TestLocalTime_Basics"", ""Chronology"", ""LocalTime""]","[0.05547226386806597, 0.02556390977443609, 0.020072992700729927]","[8.113943028485757, 5.102255639097744, 2.3728710462287106]"
org.joda.time.TestLocalTime_Basics.testGetField_int,0.05547226386806597,0.033703055447744,0.020072992700729927,0.10110916634323198,0.028047119485025862,0.030533160758299475,0.01555552139945047,8.113943028485757,5.196356571270737,2.3728710462287106,15.589069713812211,4.050404356670468,4.61412584416634,2.34472715050047,"[""TestLocalTime_Basics"", ""Chronology"", ""LocalTime""]","[0.05547226386806597, 0.02556390977443609, 0.020072992700729927]","[8.113943028485757, 5.102255639097744, 2.3728710462287106]"
org.joda.time.TestMonthDay_Basics.testEqualsHashCode,0.044534412955465584,0.025243191817066912,0.012073863636363636,0.10097276726826765,0.020380823497890624,0.022628309258785468,0.011970997220489993,7.753036437246964,4.03058333594989,0.3203125,16.12233334379956,1.039355120479314,2.4048762168721987,2.8756975616389764,"[""Object"", ""TestMonthDay_Basics"", ""MockPartial"", ""TestMonthDay_Basics$MockMD"", ""MonthDay"", ""Chronology""]","[0.044534412955465584, 0.024291497975708502, 0.020072992700729927, 0.012073863636363636]","[7.753036437246964, 5.676113360323886, 2.3728710462287106, 0.3203125]"
org.joda.time.convert.TestNullConverter.testSetInto_Object_Chronology2,0.023114355231143552,0.020191420787208668,0.014005602240896359,0.10095710393604335,0.019504213581877157,0.01986824873424514,0.0033770555652811634,2.911192214111922,1.2516947635579947,0.3487394957983193,6.258473817789974,0.7847675811947631,0.986709341399647,0.8867164951381804,"[""NullConverter"", ""GJChronology"", ""MutableInterval"", ""TestNullConverter"", ""CopticChronology""]","[0.023114355231143552, 0.02298095863427446, 0.021505376344086023, 0.019350811485642945, 0.014005602240896359]","[2.911192214111922, 0.8850952068286277, 0.7813620071684588, 1.3320848938826466, 0.3487394957983193]"
org.joda.time.TestYearMonth_Basics.testPlus_RP,0.03618421052631579,0.02522799211715846,0.016423357664233577,0.10091196846863384,0.022134239061233425,0.023622219231403698,0.00892473851219499,6.592105263157895,4.292372558663857,1.1368613138686132,17.169490234655427,2.7430057369494167,3.587892835292326,1.9968804752501106,"[""BuddhistChronology"", ""TestYearMonth_Basics"", ""YearMonth"", ""Period""]","[0.03618421052631579, 0.031857031857031856, 0.01644736842105263, 0.016423357664233577]","[6.592105263157895, 5.1313131313131315, 4.309210526315789, 1.1368613138686132]"
org.joda.time.TestYearMonth_Basics.testMinus_RP,0.03618421052631579,0.02522799211715846,0.016423357664233577,0.10091196846863384,0.022134239061233425,0.023622219231403698,0.00892473851219499,6.592105263157895,4.292372558663857,1.1368613138686132,17.169490234655427,2.7430057369494167,3.587892835292326,1.9968804752501106,"[""BuddhistChronology"", ""TestYearMonth_Basics"", ""YearMonth"", ""Period""]","[0.03618421052631579, 0.031857031857031856, 0.01644736842105263, 0.016423357664233577]","[6.592105263157895, 5.1313131313131315, 4.309210526315789, 1.1368613138686132]"
org.joda.time.TestPartial_Match.testIsMatch_Instant,0.041970802919708027,0.02517443181161493,0.016091954022988506,0.10069772724645971,0.021907765133748494,0.02336520969440945,0.01025493517104712,5.9939172749391725,3.2069691846770056,0.9367816091954023,12.827876738708023,2.046241478418109,2.603708688218561,1.8756757490079425,"[""Partial"", ""DateTime"", ""DateTimeFieldType"", ""TestPartial_Match""]","[0.041970802919708027, 0.024943310657596373, 0.017691659646166806, 0.016091954022988506]","[5.9939172749391725, 3.6621315192743764, 2.2350463352990735, 0.9367816091954023]"
org.joda.time.convert.TestDateConverter.testGetPartialValues,0.04654346338124572,0.016757788330925536,0.0026666666666666666,0.10054672998555322,0.007892327113545152,0.011615771090798387,0.01443246054917747,4.317590691307323,1.2499527477903067,0.04933333333333333,7.49971648674184,0.15135523009769544,0.39940387833176727,1.5904422469250865,"[""TimeOfDay"", ""Arrays"", ""TestDateConverter"", ""DateConverter"", ""Chronology"", ""Date""]","[0.04654346338124572, 0.020072992700729927, 0.015053763440860216, 0.008547008547008548, 0.007662835249042145, 0.0026666666666666666]","[4.317590691307323, 2.3728710462287106, 0.4831541218637993, 0.18864468864468864, 0.08812260536398467, 0.04933333333333333]"
org.joda.time.convert.TestConverterManager.testGetInstantConverter,0.041970802919708027,0.01675040740990717,0.0026666666666666666,0.10050244445944301,0.008004346321384172,0.011886053872675778,0.013032366034247752,5.9939172749391725,1.969171501493279,0.04933333333333333,11.815029008959673,0.18515606786334046,0.6274272409807385,2.240087109923582,"[""TestConverterManager"", ""GregorianCalendar"", ""InstantConverter"", ""DateTime"", ""ConverterManager"", ""Long"", ""Date""]","[0.041970802919708027, 0.022590361445783132, 0.017094017094017096, 0.008547008547008548, 0.007633587786259542, 0.0026666666666666666]","[5.9939172749391725, 3.8930722891566263, 1.4847374847374848, 0.25274725274725274, 0.14122137404580154, 0.04933333333333333]"
org.joda.time.TestPartial_Basics.testToDateTime_RI,0.041970802919708027,0.02511969727412177,0.015873015873015872,0.10047878909648708,0.021805399226981565,0.0232853274665113,0.010303733954895561,5.9939172749391725,4.0391003129904,2.2350463352990735,16.1564012519616,3.565797806409632,3.8033855727192645,1.3480722021478533,"[""Partial"", ""DateTime"", ""DateTimeFieldType"", ""TestPartial_Basics""]","[0.041970802919708027, 0.024943310657596373, 0.017691659646166806, 0.015873015873015872]","[5.9939172749391725, 3.6621315192743764, 2.2350463352990735, 4.26530612244898]"
org.joda.time.TestPeriod_Basics.testTypeIndexMethods,0.031857031857031856,0.020059626652929857,0.007662835249042145,0.10029813326464929,0.015539917212719852,0.017858826889262155,0.008676056256115578,6.344694035631294,3.3488400722072384,0.08812260536398467,16.744200361036192,0.3919542455668334,1.696904376576107,2.3471063883127807,"[""Arrays"", ""DurationFieldType"", ""TestPeriod_Basics"", ""PeriodType"", ""Period""]","[0.031857031857031856, 0.026336173508907823, 0.02096273291925466, 0.013479359730412805, 0.007662835249042145]","[5.1313131313131315, 6.344694035631294, 3.9332298136645965, 1.2468407750631845, 0.08812260536398467]"
org.joda.time.TestMutableInterval_Constructors.testConstructor_RI_RP7,0.031857031857031856,0.020029443801818904,0.015206812652068127,0.10014721900909453,0.01869233791672785,0.019281301855667145,0.006066526299237778,5.1313131313131315,2.3014315504583034,0.7195863746958637,11.507157752291517,1.5269049292954455,1.8663195845667457,1.5252015483540133,"[""DateTimeField"", ""TestMutableInterval_Constructors"", ""MutableInterval"", ""ISOChronology"", ""Period""]","[0.031857031857031856, 0.019350811485642945, 0.01730920535011802, 0.016423357664233577, 0.015206812652068127]","[5.1313131313131315, 1.3320848938826466, 2.4287962234461054, 1.8953771289537713, 0.7195863746958637]"
org.joda.time.TestMutableInterval_Constructors.testConstructor_RP_RI7,0.031857031857031856,0.020029443801818904,0.015206812652068127,0.10014721900909453,0.01869233791672785,0.019281301855667145,0.006066526299237778,5.1313131313131315,2.3014315504583034,0.7195863746958637,11.507157752291517,1.5269049292954455,1.8663195845667457,1.5252015483540133,"[""DateTimeField"", ""TestMutableInterval_Constructors"", ""MutableInterval"", ""ISOChronology"", ""Period""]","[0.031857031857031856, 0.019350811485642945, 0.01730920535011802, 0.016423357664233577, 0.015206812652068127]","[5.1313131313131315, 1.3320848938826466, 2.4287962234461054, 1.8953771289537713, 0.7195863746958637]"
org.joda.time.TestLocalDateTime_Basics.testToDate_autumnDST,0.061377245508982034,0.025017166788584316,0.0026666666666666666,0.10006866715433727,0.0071746960719025095,0.013723725397168493,0.023103965449185183,11.95808383233533,4.618389918840288,0.04933333333333333,18.47355967536115,0.1449638742229582,0.8519996188303509,4.942283677557181,"[""LocalDateTime"", ""TestLocalDateTime_Basics"", ""TimeZone"", ""Date"", ""SimpleTimeZone""]","[0.061377245508982034, 0.028391167192429023, 0.007633587786259542, 0.0026666666666666666]","[11.95808383233533, 6.3249211356466875, 0.14122137404580154, 0.04933333333333333]"
org.joda.time.TestLocalDateTime_Basics.testToDate_springDST,0.061377245508982034,0.025017166788584316,0.0026666666666666666,0.10006866715433727,0.0071746960719025095,0.013723725397168493,0.023103965449185183,11.95808383233533,4.618389918840288,0.04933333333333333,18.47355967536115,0.1449638742229582,0.8519996188303509,4.942283677557181,"[""LocalDateTime"", ""TestLocalDateTime_Basics"", ""TimeZone"", ""Date"", ""SimpleTimeZone""]","[0.061377245508982034, 0.028391167192429023, 0.007633587786259542, 0.0026666666666666666]","[11.95808383233533, 6.3249211356466875, 0.14122137404580154, 0.04933333333333333]"
org.joda.time.TestLocalDateTime_Basics.testToDate_springDST_2Hour40Savings,0.061377245508982034,0.025017166788584316,0.0026666666666666666,0.10006866715433727,0.0071746960719025095,0.013723725397168493,0.023103965449185183,11.95808383233533,4.618389918840288,0.04933333333333333,18.47355967536115,0.1449638742229582,0.8519996188303509,4.942283677557181,"[""LocalDateTime"", ""TestLocalDateTime_Basics"", ""TimeZone"", ""Date"", ""SimpleTimeZone""]","[0.061377245508982034, 0.028391167192429023, 0.007633587786259542, 0.0026666666666666666]","[11.95808383233533, 6.3249211356466875, 0.14122137404580154, 0.04933333333333333]"
org.joda.time.TestInterval_Constructors.testConstructor_RD_RI4,0.023901310717039322,0.020001770270681594,0.015206812652068127,0.10000885135340797,0.019318298666871427,0.019662629399727273,0.003616664382819716,2.87201233616037,1.7446808410903707,0.7195863746958637,8.723404205451853,1.4279981690995034,1.5929691674877395,0.6894044194384221,"[""TestInterval_Constructors"", ""Interval"", ""DateTimeField"", ""Duration"", ""ISOChronology""]","[0.023901310717039322, 0.02372034956304619, 0.020757020757020756, 0.016423357664233577, 0.015206812652068127]","[2.87201233616037, 1.618601747815231, 1.6178266178266179, 1.8953771289537713, 0.7195863746958637]"
org.joda.time.TestInterval_Constructors.testConstructor_RI_RD4,0.023901310717039322,0.020001770270681594,0.015206812652068127,0.10000885135340797,0.019318298666871427,0.019662629399727273,0.003616664382819716,2.87201233616037,1.7446808410903707,0.7195863746958637,8.723404205451853,1.4279981690995034,1.5929691674877395,0.6894044194384221,"[""TestInterval_Constructors"", ""Interval"", ""DateTimeField"", ""Duration"", ""ISOChronology""]","[0.023901310717039322, 0.02372034956304619, 0.020757020757020756, 0.016423357664233577, 0.015206812652068127]","[2.87201233616037, 1.618601747815231, 1.6178266178266179, 1.8953771289537713, 0.7195863746958637]"
org.joda.time.field.TestPreciseDateTimeField.test_constructor,0.021408839779005526,0.014208609811852565,0.009157509157509158,0.09946026868296795,0.013159071743716841,0.013668752788181023,0.0039846083215891665,2.5476519337016574,1.438551592237223,0.4297043979812545,10.06986114566056,0.8674493528545326,1.1292182035252434,0.8849618423418042,"[""TestPreciseDateTimeField"", ""PreciseDateTimeField"", ""BaseDateTimeField"", ""TestPreciseDateTimeField$MockZeroDurationField"", ""DateTimeFieldType"", ""BaseDurationField"", ""DurationFieldType"", ""ISOChronology"", ""TestPreciseDateTimeField$MockImpreciseDurationField""]","[0.021408839779005526, 0.017691659646166806, 0.015206812652068127, 0.013479359730412805, 0.012422360248447204, 0.010093727469358327, 0.009157509157509158]","[2.5476519337016574, 2.2350463352990735, 0.7195863746958637, 1.2468407750631845, 2.4569653948535937, 0.4297043979812545, 0.4340659340659341]"
org.joda.time.TestMutableInterval_Constructors.testConstructor_RI_RD5,0.041970802919708027,0.024846960128122438,0.01730920535011802,0.09938784051248975,0.02204431186763278,0.023241928048316866,0.009962165841369322,5.9939172749391725,2.8431562525236354,1.3320848938826466,11.372625010094541,2.054043411379446,2.366690273151058,1.8630458004731112,"[""MutableInterval"", ""TestMutableInterval_Constructors"", ""Duration"", ""DateTime""]","[0.041970802919708027, 0.020757020757020756, 0.019350811485642945, 0.01730920535011802]","[5.9939172749391725, 1.6178266178266179, 1.3320848938826466, 2.4287962234461054]"
org.joda.time.TestMutableInterval_Constructors.testConstructor_RD_RI5,0.041970802919708027,0.024846960128122438,0.01730920535011802,0.09938784051248975,0.02204431186763278,0.023241928048316866,0.009962165841369322,5.9939172749391725,2.8431562525236354,1.3320848938826466,11.372625010094541,2.054043411379446,2.366690273151058,1.8630458004731112,"[""MutableInterval"", ""TestMutableInterval_Constructors"", ""Duration"", ""DateTime""]","[0.041970802919708027, 0.020757020757020756, 0.019350811485642945, 0.01730920535011802]","[5.9939172749391725, 1.6178266178266179, 1.3320848938826466, 2.4287962234461054]"
org.joda.time.TestPeriod_Constructors.testConstructor_RP_RP4,0.03952011291460833,0.033087501652514194,0.027885360185902403,0.09926250495754259,0.032413185503162,0.032744114354671006,0.004828899785163508,5.54841208365608,4.738454629407522,3.5356386732533522,14.215363888222564,4.559631076986737,4.651807137707916,0.8673974684059964,"[""YearMonthDay"", ""Period"", ""TestPeriod_Constructors""]","[0.03952011291460833, 0.031857031857031856, 0.027885360185902403]","[3.5356386732533522, 5.1313131313131315, 5.54841208365608]"
org.joda.time.TestPeriod_Constructors.testConstructor_RP_RP3,0.03952011291460833,0.033087501652514194,0.027885360185902403,0.09926250495754259,0.032413185503162,0.032744114354671006,0.004828899785163508,5.54841208365608,4.738454629407522,3.5356386732533522,14.215363888222564,4.559631076986737,4.651807137707916,0.8673974684059964,"[""YearMonthDay"", ""Period"", ""TestPeriod_Constructors""]","[0.03952011291460833, 0.031857031857031856, 0.027885360185902403]","[3.5356386732533522, 5.1313131313131315, 5.54841208365608]"
org.joda.time.TestPeriod_Constructors.testFactoryFieldDifference2,0.03952011291460833,0.033087501652514194,0.027885360185902403,0.09926250495754259,0.032413185503162,0.032744114354671006,0.004828899785163508,5.54841208365608,4.738454629407522,3.5356386732533522,14.215363888222564,4.559631076986737,4.651807137707916,0.8673974684059964,"[""YearMonthDay"", ""Period"", ""TestPeriod_Constructors""]","[0.03952011291460833, 0.031857031857031856, 0.027885360185902403]","[3.5356386732533522, 5.1313131313131315, 5.54841208365608]"
org.joda.time.TestPeriod_Constructors.testConstructor_RP_RP_PeriodType4,0.03952011291460833,0.033087501652514194,0.027885360185902403,0.09926250495754259,0.032413185503162,0.032744114354671006,0.004828899785163508,5.54841208365608,4.738454629407522,3.5356386732533522,14.215363888222564,4.559631076986737,4.651807137707916,0.8673974684059964,"[""YearMonthDay"", ""Period"", ""TestPeriod_Constructors""]","[0.03952011291460833, 0.031857031857031856, 0.027885360185902403]","[3.5356386732533522, 5.1313131313131315, 5.54841208365608]"
org.joda.time.TestDateMidnight_Basics.testToYearMonthDay,0.03952011291460833,0.03305851057719974,0.026200873362445413,0.09917553173159921,0.032133145206223714,0.03259840562661785,0.005444763127999291,4.0378181818181815,3.782612741113122,3.5356386732533522,11.347838223339366,3.7715121727344623,3.777056414448147,0.20509653227978933,"[""YearMonthDay"", ""TestDateMidnight_Basics"", ""DateMidnight""]","[0.03952011291460833, 0.03345454545454545, 0.026200873362445413]","[3.5356386732533522, 4.0378181818181815, 3.7743813682678313]"
org.joda.time.TestDateMidnight_Basics.testWithFields_RPartial,0.03952011291460833,0.03305851057719974,0.026200873362445413,0.09917553173159921,0.032133145206223714,0.03259840562661785,0.005444763127999291,4.0378181818181815,3.782612741113122,3.5356386732533522,11.347838223339366,3.7715121727344623,3.777056414448147,0.20509653227978933,"[""YearMonthDay"", ""TestDateMidnight_Basics"", ""DateMidnight""]","[0.03952011291460833, 0.03345454545454545, 0.026200873362445413]","[3.5356386732533522, 4.0378181818181815, 3.7743813682678313]"
org.joda.time.TestLocalDateTime_Constructors.testFactory_fromDateFields_beforeYearZero3,0.061377245508982034,0.033024708144827365,0.007633587786259542,0.09907412443448209,0.016615358364201263,0.024150393258877797,0.022040457940872005,11.95808383233533,5.726139710143922,0.14122137404580154,17.178419130431767,0.40752058845840955,2.046994426587421,4.845860182701336,"[""TestLocalDateTime_Constructors"", ""GregorianCalendar"", ""LocalDateTime""]","[0.061377245508982034, 0.030063291139240507, 0.007633587786259542]","[11.95808383233533, 5.079113924050633, 0.14122137404580154]"
org.joda.time.TestLocalDateTime_Constructors.testFactory_fromCalendarFields,0.061377245508982034,0.033024708144827365,0.007633587786259542,0.09907412443448209,0.016615358364201263,0.024150393258877797,0.022040457940872005,11.95808383233533,5.726139710143922,0.14122137404580154,17.178419130431767,0.40752058845840955,2.046994426587421,4.845860182701336,"[""TestLocalDateTime_Constructors"", ""GregorianCalendar"", ""LocalDateTime""]","[0.061377245508982034, 0.030063291139240507, 0.007633587786259542]","[11.95808383233533, 5.079113924050633, 0.14122137404580154]"
org.joda.time.TestLocalDateTime_Constructors.testFactory_fromCalendarFields_beforeYearZero1,0.061377245508982034,0.033024708144827365,0.007633587786259542,0.09907412443448209,0.016615358364201263,0.024150393258877797,0.022040457940872005,11.95808383233533,5.726139710143922,0.14122137404580154,17.178419130431767,0.40752058845840955,2.046994426587421,4.845860182701336,"[""TestLocalDateTime_Constructors"", ""GregorianCalendar"", ""LocalDateTime""]","[0.061377245508982034, 0.030063291139240507, 0.007633587786259542]","[11.95808383233533, 5.079113924050633, 0.14122137404580154]"
org.joda.time.TestLocalDateTime_Constructors.testFactory_fromDateFields_after1970,0.061377245508982034,0.033024708144827365,0.007633587786259542,0.09907412443448209,0.016615358364201263,0.024150393258877797,0.022040457940872005,11.95808383233533,5.726139710143922,0.14122137404580154,17.178419130431767,0.40752058845840955,2.046994426587421,4.845860182701336,"[""TestLocalDateTime_Constructors"", ""GregorianCalendar"", ""LocalDateTime""]","[0.061377245508982034, 0.030063291139240507, 0.007633587786259542]","[11.95808383233533, 5.079113924050633, 0.14122137404580154]"
org.joda.time.TestLocalDateTime_Constructors.testFactory_fromDateFields_before1970,0.061377245508982034,0.033024708144827365,0.007633587786259542,0.09907412443448209,0.016615358364201263,0.024150393258877797,0.022040457940872005,11.95808383233533,5.726139710143922,0.14122137404580154,17.178419130431767,0.40752058845840955,2.046994426587421,4.845860182701336,"[""TestLocalDateTime_Constructors"", ""GregorianCalendar"", ""LocalDateTime""]","[0.061377245508982034, 0.030063291139240507, 0.007633587786259542]","[11.95808383233533, 5.079113924050633, 0.14122137404580154]"
org.joda.time.TestLocalDateTime_Constructors.testFactory_fromCalendarFields_beforeYearZero3,0.061377245508982034,0.033024708144827365,0.007633587786259542,0.09907412443448209,0.016615358364201263,0.024150393258877797,0.022040457940872005,11.95808383233533,5.726139710143922,0.14122137404580154,17.178419130431767,0.40752058845840955,2.046994426587421,4.845860182701336,"[""TestLocalDateTime_Constructors"", ""GregorianCalendar"", ""LocalDateTime""]","[0.061377245508982034, 0.030063291139240507, 0.007633587786259542]","[11.95808383233533, 5.079113924050633, 0.14122137404580154]"
org.joda.time.TestLocalDateTime_Constructors.testFactory_fromDateFields_beforeYearZero1,0.061377245508982034,0.033024708144827365,0.007633587786259542,0.09907412443448209,0.016615358364201263,0.024150393258877797,0.022040457940872005,11.95808383233533,5.726139710143922,0.14122137404580154,17.178419130431767,0.40752058845840955,2.046994426587421,4.845860182701336,"[""TestLocalDateTime_Constructors"", ""GregorianCalendar"", ""LocalDateTime""]","[0.061377245508982034, 0.030063291139240507, 0.007633587786259542]","[11.95808383233533, 5.079113924050633, 0.14122137404580154]"
org.joda.time.TestYearMonthDay_Properties.testPropertyCompareToYear,0.041970802919708027,0.03295067564847582,0.017361111111111112,0.09885202694542747,0.0281084006581905,0.030651212355338454,0.011068795846094204,5.9939172749391725,3.8767501308789893,2.1006944444444446,11.630250392636968,3.2407795784042928,3.5441642109596616,1.60759940529639,"[""YearMonthDay"", ""DateTime"", ""TestYearMonthDay_Properties"", ""YearMonthDay$Property""]","[0.041970802919708027, 0.03952011291460833, 0.017361111111111112]","[5.9939172749391725, 3.5356386732533522, 2.1006944444444446]"
org.joda.time.TestYearMonthDay_Properties.testPropertyCompareToMonth,0.041970802919708027,0.03295067564847582,0.017361111111111112,0.09885202694542747,0.0281084006581905,0.030651212355338454,0.011068795846094204,5.9939172749391725,3.8767501308789893,2.1006944444444446,11.630250392636968,3.2407795784042928,3.5441642109596616,1.60759940529639,"[""YearMonthDay"", ""DateTime"", ""TestYearMonthDay_Properties"", ""YearMonthDay$Property""]","[0.041970802919708027, 0.03952011291460833, 0.017361111111111112]","[5.9939172749391725, 3.5356386732533522, 2.1006944444444446]"
org.joda.time.TestYearMonthDay_Properties.testPropertyCompareToDay,0.041970802919708027,0.03295067564847582,0.017361111111111112,0.09885202694542747,0.0281084006581905,0.030651212355338454,0.011068795846094204,5.9939172749391725,3.8767501308789893,2.1006944444444446,11.630250392636968,3.2407795784042928,3.5441642109596616,1.60759940529639,"[""YearMonthDay"", ""DateTime"", ""TestYearMonthDay_Properties"", ""YearMonthDay$Property""]","[0.041970802919708027, 0.03952011291460833, 0.017361111111111112]","[5.9939172749391725, 3.5356386732533522, 2.1006944444444446]"
org.joda.time.TestMutablePeriod_Constructors.testConstructor_Object_Chronology2,0.021756021756021756,0.019764402977058962,0.015206812652068127,0.09882201488529481,0.01943571842103674,0.01960900427818602,0.002336668676004231,3.9332298136645965,2.6770393108716353,0.7195863746958637,13.385196554358176,1.7672186552158662,2.2481532295316904,1.2888543502362173,"[""TestMutablePeriod_Constructors"", ""MutablePeriod"", ""Duration"", ""ISOChronology"", ""PeriodType""]","[0.021756021756021756, 0.02096273291925466, 0.020757020757020756, 0.020139426800929512, 0.015206812652068127]","[3.2222222222222223, 3.9332298136645965, 1.6178266178266179, 3.892331525948877, 0.7195863746958637]"
org.joda.time.TestMutablePeriod_Constructors.testConstructor_Object_Chronology1,0.021756021756021756,0.019764402977058962,0.015206812652068127,0.09882201488529481,0.01943571842103674,0.01960900427818602,0.002336668676004231,3.9332298136645965,2.6770393108716353,0.7195863746958637,13.385196554358176,1.7672186552158662,2.2481532295316904,1.2888543502362173,"[""TestMutablePeriod_Constructors"", ""MutablePeriod"", ""Duration"", ""ISOChronology"", ""PeriodType""]","[0.021756021756021756, 0.02096273291925466, 0.020757020757020756, 0.020139426800929512, 0.015206812652068127]","[3.2222222222222223, 3.9332298136645965, 1.6178266178266179, 3.892331525948877, 0.7195863746958637]"
org.joda.time.TestLocalTime_Basics.testWithField_DateTimeFieldType_int_4,0.05547226386806597,0.03290927776288962,0.017691659646166806,0.09872783328866885,0.026392539996416785,0.029274573776060683,0.01627491601631776,8.113943028485757,5.150415000960859,2.2350463352990735,15.451245002882576,3.9131060543114655,4.523003249843584,2.400291103927692,"[""DateTimeFieldType"", ""TestLocalTime_Basics"", ""LocalTime""]","[0.05547226386806597, 0.02556390977443609, 0.017691659646166806]","[8.113943028485757, 5.102255639097744, 2.2350463352990735]"
org.joda.time.TestLocalTime_Basics.testWithField_DateTimeFieldType_int_1,0.05547226386806597,0.03290927776288962,0.017691659646166806,0.09872783328866885,0.026392539996416785,0.029274573776060683,0.01627491601631776,8.113943028485757,5.150415000960859,2.2350463352990735,15.451245002882576,3.9131060543114655,4.523003249843584,2.400291103927692,"[""DateTimeFieldType"", ""TestLocalTime_Basics"", ""LocalTime""]","[0.05547226386806597, 0.02556390977443609, 0.017691659646166806]","[8.113943028485757, 5.102255639097744, 2.2350463352990735]"
org.joda.time.TestLocalTime_Basics.testGet_DateTimeFieldType,0.05547226386806597,0.03290927776288962,0.017691659646166806,0.09872783328866885,0.026392539996416785,0.029274573776060683,0.01627491601631776,8.113943028485757,5.150415000960859,2.2350463352990735,15.451245002882576,3.9131060543114655,4.523003249843584,2.400291103927692,"[""DateTimeFieldType"", ""TestLocalTime_Basics"", ""LocalTime""]","[0.05547226386806597, 0.02556390977443609, 0.017691659646166806]","[8.113943028485757, 5.102255639097744, 2.2350463352990735]"
org.joda.time.TestLocalTime_Basics.testGetFieldTypes,0.05547226386806597,0.03290927776288962,0.017691659646166806,0.09872783328866885,0.026392539996416785,0.029274573776060683,0.01627491601631776,8.113943028485757,5.150415000960859,2.2350463352990735,15.451245002882576,3.9131060543114655,4.523003249843584,2.400291103927692,"[""DateTimeFieldType"", ""TestLocalTime_Basics"", ""LocalTime""]","[0.05547226386806597, 0.02556390977443609, 0.017691659646166806]","[8.113943028485757, 5.102255639097744, 2.2350463352990735]"
org.joda.time.TestLocalTime_Basics.testProperty,0.05547226386806597,0.03290927776288962,0.017691659646166806,0.09872783328866885,0.026392539996416785,0.029274573776060683,0.01627491601631776,8.113943028485757,5.150415000960859,2.2350463352990735,15.451245002882576,3.9131060543114655,4.523003249843584,2.400291103927692,"[""DateTimeFieldType"", ""TestLocalTime_Basics"", ""LocalTime$Property"", ""LocalTime""]","[0.05547226386806597, 0.02556390977443609, 0.017691659646166806]","[8.113943028485757, 5.102255639097744, 2.2350463352990735]"
org.joda.time.TestLocalTime_Basics.testWithField_DateTimeFieldType_int_3,0.05547226386806597,0.03290927776288962,0.017691659646166806,0.09872783328866885,0.026392539996416785,0.029274573776060683,0.01627491601631776,8.113943028485757,5.150415000960859,2.2350463352990735,15.451245002882576,3.9131060543114655,4.523003249843584,2.400291103927692,"[""DateTimeFieldType"", ""TestLocalTime_Basics"", ""LocalTime""]","[0.05547226386806597, 0.02556390977443609, 0.017691659646166806]","[8.113943028485757, 5.102255639097744, 2.2350463352990735]"
org.joda.time.TestLocalTime_Basics.testGetFieldType_int,0.05547226386806597,0.03290927776288962,0.017691659646166806,0.09872783328866885,0.026392539996416785,0.029274573776060683,0.01627491601631776,8.113943028485757,5.150415000960859,2.2350463352990735,15.451245002882576,3.9131060543114655,4.523003249843584,2.400291103927692,"[""DateTimeFieldType"", ""TestLocalTime_Basics"", ""LocalTime""]","[0.05547226386806597, 0.02556390977443609, 0.017691659646166806]","[8.113943028485757, 5.102255639097744, 2.2350463352990735]"
org.joda.time.TestDateTimeComparator.testSerialization1,0.020072992700729927,0.014093180839374313,0.007633587786259542,0.09865226587562019,0.012357248598575947,0.013265931618999678,0.0044535760177287645,3.1648418491484187,1.5238078780611628,0.09541984732824428,10.66665514642814,0.3069437310493146,0.8241765046093145,1.1106755165750295,"[""ByteArrayInputStream"", ""ByteArrayOutputStream"", ""DateTimeFieldType"", ""DateTimeField"", ""ObjectInputStream"", ""TestDateTimeComparator"", ""DateTimeComparator"", ""ObjectOutputStream"", ""Chronology""]","[0.020072992700729927, 0.017691659646166806, 0.016423357664233577, 0.015206812652068127, 0.013990267639902677, 0.007633587786259542, 0.007633587786259542]","[2.3728710462287106, 2.2350463352990735, 1.8953771289537713, 3.1648418491484187, 0.7962287104622872, 0.09541984732824428, 0.10687022900763359]"
org.joda.time.TestSerialization.testSerializedLocalDateTime,0.061377245508982034,0.024607728364057196,0.007633587786259542,0.09843091345622879,0.012338341395887721,0.016707559996803116,0.02200113440420791,11.95808383233533,3.653927899825754,0.09541984732824428,14.615711599303015,0.19677249571932182,0.7397195050463656,4.8897909444271965,"[""StringBuilder"", ""LocalDateTime"", ""ByteArrayOutputStream"", ""ObjectInputStream"", ""TestSerialization"", ""FileInputStream"", ""ObjectOutputStream"", ""ByteArrayInputStream""]","[0.061377245508982034, 0.02178649237472767, 0.007633587786259542, 0.007633587786259542]","[11.95808383233533, 2.4553376906318083, 0.09541984732824428, 0.10687022900763359]"
org.joda.time.TestPeriod_Basics.testToDurationTo,0.031857031857031856,0.02460373657940191,0.019464720194647202,0.09841494631760764,0.023680927531307898,0.024129192730148796,0.004919815599190167,6.344694035631294,3.5246749912049262,1.0048661800486618,14.098699964819705,2.034831745709726,2.697241616520143,2.2649117360293536,"[""TestPeriod_Basics"", ""Duration"", ""Period"", ""Instant""]","[0.031857031857031856, 0.026336173508907823, 0.020757020757020756, 0.019464720194647202]","[5.1313131313131315, 6.344694035631294, 1.6178266178266179, 1.0048661800486618]"
org.joda.time.TestPeriod_Basics.testToDurationFrom,0.031857031857031856,0.02460373657940191,0.019464720194647202,0.09841494631760764,0.023680927531307898,0.024129192730148796,0.004919815599190167,6.344694035631294,3.5246749912049262,1.0048661800486618,14.098699964819705,2.034831745709726,2.697241616520143,2.2649117360293536,"[""TestPeriod_Basics"", ""Duration"", ""Period"", ""Instant""]","[0.031857031857031856, 0.026336173508907823, 0.020757020757020756, 0.019464720194647202]","[5.1313131313131315, 6.344694035631294, 1.6178266178266179, 1.0048661800486618]"
org.joda.time.TestPartial_Properties.testPropertyCompareToMinute,0.041970802919708027,0.02455280385008549,0.013605442176870748,0.09821121540034196,0.020624849877354346,0.02240503633087819,0.010845035898364075,5.9939172749391725,3.4580345533532117,1.9410430839002268,13.832138213412847,2.852038215124715,3.1238602509943743,1.6022889914922345,"[""TestPartial_Properties"", ""DateTimeFieldType"", ""Partial$Property"", ""Partial"", ""DateTime""]","[0.041970802919708027, 0.024943310657596373, 0.017691659646166806, 0.013605442176870748]","[5.9939172749391725, 3.6621315192743764, 2.2350463352990735, 1.9410430839002268]"
org.joda.time.TestPartial_Properties.testPropertyCompareToHour,0.041970802919708027,0.02455280385008549,0.013605442176870748,0.09821121540034196,0.020624849877354346,0.02240503633087819,0.010845035898364075,5.9939172749391725,3.4580345533532117,1.9410430839002268,13.832138213412847,2.852038215124715,3.1238602509943743,1.6022889914922345,"[""TestPartial_Properties"", ""DateTimeFieldType"", ""Partial$Property"", ""Partial"", ""DateTime""]","[0.041970802919708027, 0.024943310657596373, 0.017691659646166806, 0.013605442176870748]","[5.9939172749391725, 3.6621315192743764, 2.2350463352990735, 1.9410430839002268]"
org.joda.time.TestDateTime_Basics.testIsAfter_RI,0.041970802919708027,0.03273031481549212,0.026155717761557177,0.09819094444647636,0.03147275172531365,0.032076644778955235,0.006726041974240467,5.9939172749391725,4.190547204326732,1.9227493917274938,12.571641612980196,3.326870666376848,3.771524429046123,1.694180594263548,"[""TestDateTime_Basics"", ""TestDateTime_Basics$MockInstant"", ""DateTime"", ""AbstractInstant""]","[0.041970802919708027, 0.030064423765211165, 0.026155717761557177]","[5.9939172749391725, 4.654974946313529, 1.9227493917274938]"
org.joda.time.TestDateTime_Basics.testIsEqual_RI,0.041970802919708027,0.03273031481549212,0.026155717761557177,0.09819094444647636,0.03147275172531365,0.032076644778955235,0.006726041974240467,5.9939172749391725,4.190547204326732,1.9227493917274938,12.571641612980196,3.326870666376848,3.771524429046123,1.694180594263548,"[""TestDateTime_Basics"", ""TestDateTime_Basics$MockInstant"", ""DateTime"", ""AbstractInstant""]","[0.041970802919708027, 0.030064423765211165, 0.026155717761557177]","[5.9939172749391725, 4.654974946313529, 1.9227493917274938]"
org.joda.time.TestDateTime_Basics.testIsBefore_RI,0.041970802919708027,0.03273031481549212,0.026155717761557177,0.09819094444647636,0.03147275172531365,0.032076644778955235,0.006726041974240467,5.9939172749391725,4.190547204326732,1.9227493917274938,12.571641612980196,3.326870666376848,3.771524429046123,1.694180594263548,"[""TestDateTime_Basics"", ""TestDateTime_Basics$MockInstant"", ""DateTime"", ""AbstractInstant""]","[0.041970802919708027, 0.030064423765211165, 0.026155717761557177]","[5.9939172749391725, 4.654974946313529, 1.9227493917274938]"
org.joda.time.TestDateTime_Basics.testCompareTo,0.041970802919708027,0.03273031481549212,0.026155717761557177,0.09819094444647636,0.03147275172531365,0.032076644778955235,0.006726041974240467,5.9939172749391725,4.190547204326732,1.9227493917274938,12.571641612980196,3.326870666376848,3.771524429046123,1.694180594263548,"[""TestDateTime_Basics"", ""TestDateTime_Basics$MockInstant"", ""DateTime"", ""AbstractInstant""]","[0.041970802919708027, 0.030064423765211165, 0.026155717761557177]","[5.9939172749391725, 4.654974946313529, 1.9227493917274938]"
org.joda.time.TestDuration_Basics.testToPeriod_Chronology,0.031857031857031856,0.02453097389228776,0.015206812652068127,0.09812389556915103,0.02243073905906107,0.023494902453698823,0.006858762016799939,5.1313131313131315,2.841423955201327,0.7195863746958637,11.365695820805309,1.626484386532427,2.196557687972791,1.7576372218062444,"[""TestDuration_Basics"", ""Duration"", ""Period"", ""ISOChronology""]","[0.031857031857031856, 0.030303030303030304, 0.020757020757020756, 0.015206812652068127]","[5.1313131313131315, 3.896969696969697, 1.6178266178266179, 0.7195863746958637]"
org.joda.time.TestMutableInterval_Constructors.testConstructor_RI_RI2,0.041970802919708027,0.024523884987529047,0.01730920535011802,0.09809553995011619,0.021662460208685543,0.022871409973131255,0.010109431060402374,5.9939172749391725,2.689916143079147,1.0048661800486618,10.759664572316588,1.7208574068203424,2.101045653149803,1.9791226699578948,"[""MutableInterval"", ""Instant"", ""TestMutableInterval_Constructors"", ""DateTime""]","[0.041970802919708027, 0.019464720194647202, 0.019350811485642945, 0.01730920535011802]","[5.9939172749391725, 1.0048661800486618, 1.3320848938826466, 2.4287962234461054]"
org.joda.time.TestDateTime_Basics.testWithZoneRetainFields_DateTimeZone,0.041970802919708027,0.024521376570383835,0.008017492711370262,0.09808550628153534,0.01685844482988257,0.020666902777302595,0.012744487344127064,5.9939172749391725,3.2400166317601475,0.17346938775510204,12.96006652704059,0.6047633864402787,1.7934929492470637,2.2474918741989414,"[""BaseChronology"", ""MockNullZoneChronology"", ""TestDateTime_Basics"", ""DateTime""]","[0.041970802919708027, 0.030064423765211165, 0.018032786885245903, 0.008017492711370262]","[5.9939172749391725, 4.654974946313529, 2.137704918032787, 0.17346938775510204]"
org.joda.time.TestDateTime_Basics.testToDateTimeISO,0.041970802919708027,0.024521376570383835,0.008017492711370262,0.09808550628153534,0.01685844482988257,0.020666902777302595,0.012744487344127064,5.9939172749391725,3.2400166317601475,0.17346938775510204,12.96006652704059,0.6047633864402787,1.7934929492470637,2.2474918741989414,"[""BaseChronology"", ""MockNullZoneChronology"", ""Object"", ""TestDateTime_Basics"", ""DateTime""]","[0.041970802919708027, 0.030064423765211165, 0.018032786885245903, 0.008017492711370262]","[5.9939172749391725, 4.654974946313529, 2.137704918032787, 0.17346938775510204]"
org.joda.time.TestYearMonth_Properties.testPropertyCompareToMonth,0.041970802919708027,0.032630618517095665,0.019736842105263157,0.09789185555128699,0.029374580731719904,0.031063330348697633,0.00941836027839816,6.592105263157895,5.000165407435865,2.414473684210526,15.000496222307593,4.09443767635405,4.569329235346624,1.844597242937566,"[""YearMonth$Property"", ""TestYearMonth_Properties"", ""YearMonth"", ""DateTime""]","[0.041970802919708027, 0.03618421052631579, 0.019736842105263157]","[5.9939172749391725, 6.592105263157895, 2.414473684210526]"
org.joda.time.TestYearMonth_Properties.testPropertyCompareToYear,0.041970802919708027,0.032630618517095665,0.019736842105263157,0.09789185555128699,0.029374580731719904,0.031063330348697633,0.00941836027839816,6.592105263157895,5.000165407435865,2.414473684210526,15.000496222307593,4.09443767635405,4.569329235346624,1.844597242937566,"[""YearMonth$Property"", ""TestYearMonth_Properties"", ""YearMonth"", ""DateTime""]","[0.041970802919708027, 0.03618421052631579, 0.019736842105263157]","[5.9939172749391725, 6.592105263157895, 2.414473684210526]"
org.joda.time.format.TestDateTimeFormatter.testParseMillis_fractionOfSecondLong,0.04440389294403893,0.03261077932610779,0.026155717761557177,0.09783233797832337,0.030794569883213684,0.03164016597051741,0.008351449940622516,8.052311435523114,4.781078424144117,2.559610705596107,14.343235272432352,3.8320317278246327,4.252575759856883,2.3620535845826423,"[""DateTimeFormatterBuilder"", ""DateTimeFormatter"", ""TestDateTimeFormatter""]","[0.04440389294403893, 0.02727272727272727, 0.026155717761557177]","[8.052311435523114, 3.731313131313131, 2.559610705596107]"
org.joda.time.TestLocalTime_Basics.testIsAfter_LocalTime,0.05547226386806597,0.03248651043557854,0.016423357664233577,0.09745953130673563,0.025416499548031393,0.028557599966519343,0.01667625195428442,8.113943028485757,4.625188688059058,0.6593673965936739,13.875566064177175,1.6341279514733515,3.010975435748064,3.0619567947887862,"[""TestLocalTime_Basics"", ""LocalTime"", ""GregorianChronology""]","[0.05547226386806597, 0.02556390977443609, 0.016423357664233577]","[8.113943028485757, 5.102255639097744, 0.6593673965936739]"
org.joda.time.TestLocalTime_Basics.testIsBefore_LocalTime,0.05547226386806597,0.03248651043557854,0.016423357664233577,0.09745953130673563,0.025416499548031393,0.028557599966519343,0.01667625195428442,8.113943028485757,4.625188688059058,0.6593673965936739,13.875566064177175,1.6341279514733515,3.010975435748064,3.0619567947887862,"[""TestLocalTime_Basics"", ""LocalTime"", ""GregorianChronology""]","[0.05547226386806597, 0.02556390977443609, 0.016423357664233577]","[8.113943028485757, 5.102255639097744, 0.6593673965936739]"
org.joda.time.TestLocalTime_Basics.testIsEqual_LocalTime,0.05547226386806597,0.03248651043557854,0.016423357664233577,0.09745953130673563,0.025416499548031393,0.028557599966519343,0.01667625195428442,8.113943028485757,4.625188688059058,0.6593673965936739,13.875566064177175,1.6341279514733515,3.010975435748064,3.0619567947887862,"[""TestLocalTime_Basics"", ""LocalTime"", ""GregorianChronology""]","[0.05547226386806597, 0.02556390977443609, 0.016423357664233577]","[8.113943028485757, 5.102255639097744, 0.6593673965936739]"
org.joda.time.TestLocalDateTime_Basics.testToDate_summer,0.061377245508982034,0.0324673334958902,0.007633587786259542,0.0974020004876706,0.01643701371978381,0.02369407626142704,0.022129264713713247,11.95808383233533,6.141408780675939,0.14122137404580154,18.42422634202782,0.4096787278207224,2.202279217240686,4.825958777131117,"[""LocalDateTime"", ""GregorianCalendar"", ""TestLocalDateTime_Basics""]","[0.061377245508982034, 0.028391167192429023, 0.007633587786259542]","[11.95808383233533, 6.3249211356466875, 0.14122137404580154]"
org.joda.time.TestLocalDateTime_Basics.testToDate_winter,0.061377245508982034,0.0324673334958902,0.007633587786259542,0.0974020004876706,0.01643701371978381,0.02369407626142704,0.022129264713713247,11.95808383233533,6.141408780675939,0.14122137404580154,18.42422634202782,0.4096787278207224,2.202279217240686,4.825958777131117,"[""LocalDateTime"", ""GregorianCalendar"", ""TestLocalDateTime_Basics""]","[0.061377245508982034, 0.028391167192429023, 0.007633587786259542]","[11.95808383233533, 6.3249211356466875, 0.14122137404580154]"
org.joda.time.TestMutableDateTime_Constructors.testConstructor_badconverterObject_Chronology,0.03527980535279805,0.01947538993449558,0.01337295690936107,0.09737694967247791,0.017344760407055612,0.018231381592782255,0.008002822316416556,4.203771289537713,1.7591091510148786,0.6593673965936739,8.795545755074393,1.1373020100222861,1.3861580797998208,1.2917162939850668,"[""Integer"", ""TestMutableDateTime_Constructors"", ""MutableDateTime"", ""GregorianChronology"", ""ISOChronology"", ""ConverterManager""]","[0.03527980535279805, 0.017094017094017096, 0.016423357664233577, 0.015206812652068127, 0.01337295690936107]","[4.203771289537713, 1.4847374847374848, 0.6593673965936739, 0.7195863746958637, 1.7280832095096583]"
org.joda.time.TestMutableDateTime_Constructors.testConstructor_badconverterObject_DateTimeZone,0.03527980535279805,0.01947538993449558,0.01337295690936107,0.09737694967247791,0.017344760407055612,0.018231381592782255,0.008002822316416556,4.203771289537713,1.7591091510148786,0.6593673965936739,8.795545755074393,1.1373020100222861,1.3861580797998208,1.2917162939850668,"[""Integer"", ""TestMutableDateTime_Constructors"", ""MutableDateTime"", ""GregorianChronology"", ""ISOChronology"", ""ConverterManager""]","[0.03527980535279805, 0.017094017094017096, 0.016423357664233577, 0.015206812652068127, 0.01337295690936107]","[4.203771289537713, 1.4847374847374848, 0.6593673965936739, 0.7195863746958637, 1.7280832095096583]"
org.joda.time.TestYearMonthDay_Basics.testToDateMidnight,0.03952011291460833,0.032426737974903114,0.024305555555555556,0.09728021392470934,0.031140446314160686,0.03179261768079638,0.0062536911803820995,4.0378181818181815,3.6847865442831043,3.4809027777777777,11.054359632849312,3.668492389247962,3.676507950509157,0.250629218021233,"[""YearMonthDay"", ""TestYearMonthDay_Basics"", ""DateMidnight""]","[0.03952011291460833, 0.03345454545454545, 0.024305555555555556]","[3.5356386732533522, 4.0378181818181815, 3.4809027777777777]"
org.joda.time.TestYearMonthDay_Basics.testToDateMidnight_Zone,0.03952011291460833,0.032426737974903114,0.024305555555555556,0.09728021392470934,0.031140446314160686,0.03179261768079638,0.0062536911803820995,4.0378181818181815,3.6847865442831043,3.4809027777777777,11.054359632849312,3.668492389247962,3.676507950509157,0.250629218021233,"[""YearMonthDay"", ""TestYearMonthDay_Basics"", ""DateMidnight""]","[0.03952011291460833, 0.03345454545454545, 0.024305555555555556]","[3.5356386732533522, 4.0378181818181815, 3.4809027777777777]"
org.joda.time.TestYearMonthDay_Basics.testToDateMidnight_nullZone,0.03952011291460833,0.032426737974903114,0.024305555555555556,0.09728021392470934,0.031140446314160686,0.03179261768079638,0.0062536911803820995,4.0378181818181815,3.6847865442831043,3.4809027777777777,11.054359632849312,3.668492389247962,3.676507950509157,0.250629218021233,"[""YearMonthDay"", ""TestYearMonthDay_Basics"", ""DateMidnight""]","[0.03952011291460833, 0.03345454545454545, 0.024305555555555556]","[3.5356386732533522, 4.0378181818181815, 3.4809027777777777]"
org.joda.time.convert.TestReadablePeriodConverter.testSetInto_Object,0.031857031857031856,0.01941261354675291,0.00777000777000777,0.09706306773376454,0.015542160201543347,0.017542694543664205,0.00800442961436436,5.1313131313131315,2.6125927330638876,0.2680652680652681,13.062963665319439,0.7742463029157968,1.5469286922358927,1.9175631249691045,"[""ReadablePeriodConverter"", ""MutablePeriod"", ""TestReadablePeriodConverter"", ""PeriodType"", ""Period""]","[0.031857031857031856, 0.021756021756021756, 0.02096273291925466, 0.01471727343144849, 0.00777000777000777]","[5.1313131313131315, 3.2222222222222223, 3.9332298136645965, 0.5081332300542215, 0.2680652680652681]"
org.joda.time.chrono.TestBuddhistChronology.testDurationFields,0.03832116788321168,0.019350641248451466,0.010378510378510378,0.09675320624225733,0.016129762933750562,0.017478621246734185,0.009743606179937322,3.5,1.4540533675570173,0.6593673965936739,7.270266837785086,1.0270037519209239,1.1882229912046758,1.0485332131661094,"[""BuddhistChronology"", ""DateTimeZone"", ""DurationField"", ""GregorianChronology"", ""TestBuddhistChronology""]","[0.03832116788321168, 0.016423357664233577, 0.016423357664233577, 0.015206812652068127, 0.010378510378510378]","[3.5, 1.1368613138686132, 0.6593673965936739, 1.254257907542579, 0.7197802197802198]"
org.joda.time.chrono.TestEthiopicChronology.testCalendar,0.041970802919708027,0.02417407998783455,0.016423357664233577,0.0966963199513382,0.021120405791647506,0.02241026761265489,0.01035565008804479,5.9939172749391725,3.3643694875304138,1.8953771289537713,13.457477950121655,2.7995047988526993,3.046480930531292,1.587774349518803,"[""StringBuilder"", ""TestEthiopicChronology"", ""PrintStream"", ""DateTimeField"", ""DateTime"", ""Chronology""]","[0.041970802919708027, 0.020072992700729927, 0.018229166666666668, 0.016423357664233577]","[5.9939172749391725, 2.3728710462287106, 3.1953125, 1.8953771289537713]"
org.joda.time.chrono.TestCopticChronology.testCalendar,0.041970802919708027,0.02413609809931086,0.016423357664233577,0.09654439239724344,0.02106911655676783,0.022363427426654033,0.010377640130958713,5.9939172749391725,3.116486309120389,1.8953771289537713,12.465945236481556,2.548368775056528,2.776273055950347,1.6700833398991655,"[""StringBuilder"", ""PrintStream"", ""DateTimeField"", ""TestCopticChronology"", ""DateTime"", ""Chronology""]","[0.041970802919708027, 0.020072992700729927, 0.018077239112571898, 0.016423357664233577]","[5.9939172749391725, 2.3728710462287106, 2.2037797863599016, 1.8953771289537713]"
org.joda.time.convert.TestReadableDurationConverter.testSetInto_Object,0.021756021756021756,0.019273594568124722,0.01282051282051282,0.09636797284062361,0.01854146264613737,0.018938096502447873,0.0032709447592785745,3.9332298136645965,1.9299749634812748,0.3339438339438339,9.649874817406374,0.830562289288069,1.300188671241531,1.431946159512959,"[""MutablePeriod"", ""Duration"", ""TestReadableDurationConverter"", ""PeriodType"", ""ReadableDurationConverter""]","[0.021756021756021756, 0.02096273291925466, 0.020757020757020756, 0.02007168458781362, 0.01282051282051282]","[3.2222222222222223, 3.9332298136645965, 1.6178266178266179, 0.5426523297491039, 0.3339438339438339]"
org.joda.time.TestDateTimeZoneCutover.test_DateTime_roundCeiling_minute_NewYork_Spring_preCutover,0.05422993492407809,0.04810036892189306,0.041970802919708027,0.09620073784378612,0.047319260996584775,0.04770821638928742,0.006129566002185033,11.47939262472885,8.736654949834012,5.9939172749391725,17.473309899668024,7.875614883987017,8.29497014817845,2.742737674894839,"[""DateTime$Property"", ""TestDateTimeZoneCutover"", ""DateTime""]","[0.05422993492407809, 0.041970802919708027]","[11.47939262472885, 5.9939172749391725]"
org.joda.time.TestDateTimeZoneCutover.testWithMillisOfSecondInDstChange_NewYork_summer,0.05422993492407809,0.04810036892189306,0.041970802919708027,0.09620073784378612,0.047319260996584775,0.04770821638928742,0.006129566002185033,11.47939262472885,8.736654949834012,5.9939172749391725,17.473309899668024,7.875614883987017,8.29497014817845,2.742737674894839,"[""TestDateTimeZoneCutover"", ""DateTime""]","[0.05422993492407809, 0.041970802919708027]","[11.47939262472885, 5.9939172749391725]"
org.joda.time.TestDateTimeZoneCutover.test_DateTime_roundFloor_hour_NewYork_Spring_preCutover,0.05422993492407809,0.04810036892189306,0.041970802919708027,0.09620073784378612,0.047319260996584775,0.04770821638928742,0.006129566002185033,11.47939262472885,8.736654949834012,5.9939172749391725,17.473309899668024,7.875614883987017,8.29497014817845,2.742737674894839,"[""DateTime$Property"", ""TestDateTimeZoneCutover"", ""DateTime""]","[0.05422993492407809, 0.041970802919708027]","[11.47939262472885, 5.9939172749391725]"
org.joda.time.TestDateTimeZoneCutover.test_DateTime_roundCeiling_day_NewYork_Autumn_preCutover,0.05422993492407809,0.04810036892189306,0.041970802919708027,0.09620073784378612,0.047319260996584775,0.04770821638928742,0.006129566002185033,11.47939262472885,8.736654949834012,5.9939172749391725,17.473309899668024,7.875614883987017,8.29497014817845,2.742737674894839,"[""DateTime$Property"", ""TestDateTimeZoneCutover"", ""DateTime""]","[0.05422993492407809, 0.041970802919708027]","[11.47939262472885, 5.9939172749391725]"
org.joda.time.TestDateTimeZoneCutover.test_DateTime_roundFloor_Turk,0.05422993492407809,0.04810036892189306,0.041970802919708027,0.09620073784378612,0.047319260996584775,0.04770821638928742,0.006129566002185033,11.47939262472885,8.736654949834012,5.9939172749391725,17.473309899668024,7.875614883987017,8.29497014817845,2.742737674894839,"[""DateTime$Property"", ""TestDateTimeZoneCutover"", ""DateTime""]","[0.05422993492407809, 0.041970802919708027]","[11.47939262472885, 5.9939172749391725]"
org.joda.time.TestDateTimeZoneCutover.test_DateTime_plusHour_Turk,0.05422993492407809,0.04810036892189306,0.041970802919708027,0.09620073784378612,0.047319260996584775,0.04770821638928742,0.006129566002185033,11.47939262472885,8.736654949834012,5.9939172749391725,17.473309899668024,7.875614883987017,8.29497014817845,2.742737674894839,"[""TestDateTimeZoneCutover"", ""DateTime""]","[0.05422993492407809, 0.041970802919708027]","[11.47939262472885, 5.9939172749391725]"
org.joda.time.TestDateTimeZoneCutover.test_MockTurkIsCorrect,0.05422993492407809,0.04810036892189306,0.041970802919708027,0.09620073784378612,0.047319260996584775,0.04770821638928742,0.006129566002185033,11.47939262472885,8.736654949834012,5.9939172749391725,17.473309899668024,7.875614883987017,8.29497014817845,2.742737674894839,"[""TestDateTimeZoneCutover"", ""DateTime""]","[0.05422993492407809, 0.041970802919708027]","[11.47939262472885, 5.9939172749391725]"
org.joda.time.TestDateTimeZoneCutover.test_DateTime_plusHour_Guatemata_Autumn,0.05422993492407809,0.04810036892189306,0.041970802919708027,0.09620073784378612,0.047319260996584775,0.04770821638928742,0.006129566002185033,11.47939262472885,8.736654949834012,5.9939172749391725,17.473309899668024,7.875614883987017,8.29497014817845,2.742737674894839,"[""TestDateTimeZoneCutover"", ""DateTime""]","[0.05422993492407809, 0.041970802919708027]","[11.47939262472885, 5.9939172749391725]"
org.joda.time.TestDateTimeZoneCutover.test_DateTime_setHourAcross_Moscow_Spring,0.05422993492407809,0.04810036892189306,0.041970802919708027,0.09620073784378612,0.047319260996584775,0.04770821638928742,0.006129566002185033,11.47939262472885,8.736654949834012,5.9939172749391725,17.473309899668024,7.875614883987017,8.29497014817845,2.742737674894839,"[""DateTime$Property"", ""TestDateTimeZoneCutover"", ""DateTime""]","[0.05422993492407809, 0.041970802919708027]","[11.47939262472885, 5.9939172749391725]"
org.joda.time.TestDateTimeZoneCutover.test_DateTime_roundCeiling_day_NewYork_Spring_preCutover,0.05422993492407809,0.04810036892189306,0.041970802919708027,0.09620073784378612,0.047319260996584775,0.04770821638928742,0.006129566002185033,11.47939262472885,8.736654949834012,5.9939172749391725,17.473309899668024,7.875614883987017,8.29497014817845,2.742737674894839,"[""DateTime$Property"", ""TestDateTimeZoneCutover"", ""DateTime""]","[0.05422993492407809, 0.041970802919708027]","[11.47939262472885, 5.9939172749391725]"
org.joda.time.TestDateTimeZoneCutover.test_DateTime_newValid_Turk,0.05422993492407809,0.04810036892189306,0.041970802919708027,0.09620073784378612,0.047319260996584775,0.04770821638928742,0.006129566002185033,11.47939262472885,8.736654949834012,5.9939172749391725,17.473309899668024,7.875614883987017,8.29497014817845,2.742737674894839,"[""TestDateTimeZoneCutover"", ""DateTime""]","[0.05422993492407809, 0.041970802919708027]","[11.47939262472885, 5.9939172749391725]"
org.joda.time.TestDateTimeZoneCutover.test_DateTime_roundFloor_minuteOfHour_NewYork_Autumn_preCutover,0.05422993492407809,0.04810036892189306,0.041970802919708027,0.09620073784378612,0.047319260996584775,0.04770821638928742,0.006129566002185033,11.47939262472885,8.736654949834012,5.9939172749391725,17.473309899668024,7.875614883987017,8.29497014817845,2.742737674894839,"[""DateTime$Property"", ""TestDateTimeZoneCutover"", ""DateTime""]","[0.05422993492407809, 0.041970802919708027]","[11.47939262472885, 5.9939172749391725]"
org.joda.time.TestDateTimeZoneCutover.test_DateTime_plusDay_Gaza,0.05422993492407809,0.04810036892189306,0.041970802919708027,0.09620073784378612,0.047319260996584775,0.04770821638928742,0.006129566002185033,11.47939262472885,8.736654949834012,5.9939172749391725,17.473309899668024,7.875614883987017,8.29497014817845,2.742737674894839,"[""TestDateTimeZoneCutover"", ""DateTime""]","[0.05422993492407809, 0.041970802919708027]","[11.47939262472885, 5.9939172749391725]"
org.joda.time.TestDateTimeZoneCutover.test_DateTime_roundFloor_minuteOfHour_NewYork_Autumn_postCutover,0.05422993492407809,0.04810036892189306,0.041970802919708027,0.09620073784378612,0.047319260996584775,0.04770821638928742,0.006129566002185033,11.47939262472885,8.736654949834012,5.9939172749391725,17.473309899668024,7.875614883987017,8.29497014817845,2.742737674894839,"[""DateTime$Property"", ""TestDateTimeZoneCutover"", ""DateTime""]","[0.05422993492407809, 0.041970802919708027]","[11.47939262472885, 5.9939172749391725]"
org.joda.time.TestDateTimeZoneCutover.test_DateTime_setHourAcross_NewYork_Spring,0.05422993492407809,0.04810036892189306,0.041970802919708027,0.09620073784378612,0.047319260996584775,0.04770821638928742,0.006129566002185033,11.47939262472885,8.736654949834012,5.9939172749391725,17.473309899668024,7.875614883987017,8.29497014817845,2.742737674894839,"[""DateTime$Property"", ""TestDateTimeZoneCutover"", ""DateTime""]","[0.05422993492407809, 0.041970802919708027]","[11.47939262472885, 5.9939172749391725]"
org.joda.time.TestDateTimeZoneCutover.test_DateTime_setHourForward_NewYork_Spring,0.05422993492407809,0.04810036892189306,0.041970802919708027,0.09620073784378612,0.047319260996584775,0.04770821638928742,0.006129566002185033,11.47939262472885,8.736654949834012,5.9939172749391725,17.473309899668024,7.875614883987017,8.29497014817845,2.742737674894839,"[""DateTime$Property"", ""TestDateTimeZoneCutover"", ""DateTime""]","[0.05422993492407809, 0.041970802919708027]","[11.47939262472885, 5.9939172749391725]"
org.joda.time.TestDateTimeZoneCutover.test_DateTime_roundCeiling_day_NewYork_Spring_postCutover,0.05422993492407809,0.04810036892189306,0.041970802919708027,0.09620073784378612,0.047319260996584775,0.04770821638928742,0.006129566002185033,11.47939262472885,8.736654949834012,5.9939172749391725,17.473309899668024,7.875614883987017,8.29497014817845,2.742737674894839,"[""DateTime$Property"", ""TestDateTimeZoneCutover"", ""DateTime""]","[0.05422993492407809, 0.041970802919708027]","[11.47939262472885, 5.9939172749391725]"
org.joda.time.TestDateTimeZoneCutover.test_DateTime_roundFloor_minute_NewYork_Spring_preCutover,0.05422993492407809,0.04810036892189306,0.041970802919708027,0.09620073784378612,0.047319260996584775,0.04770821638928742,0.006129566002185033,11.47939262472885,8.736654949834012,5.9939172749391725,17.473309899668024,7.875614883987017,8.29497014817845,2.742737674894839,"[""DateTime$Property"", ""TestDateTimeZoneCutover"", ""DateTime""]","[0.05422993492407809, 0.041970802919708027]","[11.47939262472885, 5.9939172749391725]"
org.joda.time.TestDateTimeZoneCutover.test_DateTime_roundFloor_hourOfDay_NewYork_Autumn_preCutover,0.05422993492407809,0.04810036892189306,0.041970802919708027,0.09620073784378612,0.047319260996584775,0.04770821638928742,0.006129566002185033,11.47939262472885,8.736654949834012,5.9939172749391725,17.473309899668024,7.875614883987017,8.29497014817845,2.742737674894839,"[""DateTime$Property"", ""TestDateTimeZoneCutover"", ""DateTime""]","[0.05422993492407809, 0.041970802919708027]","[11.47939262472885, 5.9939172749391725]"
org.joda.time.TestDateTimeZoneCutover.test_DateTime_plusDayMidGap_Turk,0.05422993492407809,0.04810036892189306,0.041970802919708027,0.09620073784378612,0.047319260996584775,0.04770821638928742,0.006129566002185033,11.47939262472885,8.736654949834012,5.9939172749391725,17.473309899668024,7.875614883987017,8.29497014817845,2.742737674894839,"[""TestDateTimeZoneCutover"", ""DateTime""]","[0.05422993492407809, 0.041970802919708027]","[11.47939262472885, 5.9939172749391725]"
org.joda.time.TestDateTimeZoneCutover.test_DateTime_minusDay_Gaza,0.05422993492407809,0.04810036892189306,0.041970802919708027,0.09620073784378612,0.047319260996584775,0.04770821638928742,0.006129566002185033,11.47939262472885,8.736654949834012,5.9939172749391725,17.473309899668024,7.875614883987017,8.29497014817845,2.742737674894839,"[""TestDateTimeZoneCutover"", ""DateTime""]","[0.05422993492407809, 0.041970802919708027]","[11.47939262472885, 5.9939172749391725]"
org.joda.time.TestDateTimeZoneCutover.test_DateTime_plusDay_Turk,0.05422993492407809,0.04810036892189306,0.041970802919708027,0.09620073784378612,0.047319260996584775,0.04770821638928742,0.006129566002185033,11.47939262472885,8.736654949834012,5.9939172749391725,17.473309899668024,7.875614883987017,8.29497014817845,2.742737674894839,"[""TestDateTimeZoneCutover"", ""DateTime""]","[0.05422993492407809, 0.041970802919708027]","[11.47939262472885, 5.9939172749391725]"
org.joda.time.TestDateTimeZoneCutover.test_DateTime_plusDayMidGap_Gaza,0.05422993492407809,0.04810036892189306,0.041970802919708027,0.09620073784378612,0.047319260996584775,0.04770821638928742,0.006129566002185033,11.47939262472885,8.736654949834012,5.9939172749391725,17.473309899668024,7.875614883987017,8.29497014817845,2.742737674894839,"[""TestDateTimeZoneCutover"", ""DateTime""]","[0.05422993492407809, 0.041970802919708027]","[11.47939262472885, 5.9939172749391725]"
org.joda.time.TestDateTimeZoneCutover.test_DateTime_plusHour_Gaza,0.05422993492407809,0.04810036892189306,0.041970802919708027,0.09620073784378612,0.047319260996584775,0.04770821638928742,0.006129566002185033,11.47939262472885,8.736654949834012,5.9939172749391725,17.473309899668024,7.875614883987017,8.29497014817845,2.742737674894839,"[""TestDateTimeZoneCutover"", ""DateTime""]","[0.05422993492407809, 0.041970802919708027]","[11.47939262472885, 5.9939172749391725]"
org.joda.time.TestDateTimeZoneCutover.testWithHourOfDayInDstChange,0.05422993492407809,0.04810036892189306,0.041970802919708027,0.09620073784378612,0.047319260996584775,0.04770821638928742,0.006129566002185033,11.47939262472885,8.736654949834012,5.9939172749391725,17.473309899668024,7.875614883987017,8.29497014817845,2.742737674894839,"[""TestDateTimeZoneCutover"", ""DateTime""]","[0.05422993492407809, 0.041970802919708027]","[11.47939262472885, 5.9939172749391725]"
org.joda.time.TestDateTimeZoneCutover.test_NewYorkIsCorrect_Autumn,0.05422993492407809,0.04810036892189306,0.041970802919708027,0.09620073784378612,0.047319260996584775,0.04770821638928742,0.006129566002185033,11.47939262472885,8.736654949834012,5.9939172749391725,17.473309899668024,7.875614883987017,8.29497014817845,2.742737674894839,"[""TestDateTimeZoneCutover"", ""DateTime""]","[0.05422993492407809, 0.041970802919708027]","[11.47939262472885, 5.9939172749391725]"
org.joda.time.TestDateTimeZoneCutover.test_DateTime_minusHour_NewYork_Autumn,0.05422993492407809,0.04810036892189306,0.041970802919708027,0.09620073784378612,0.047319260996584775,0.04770821638928742,0.006129566002185033,11.47939262472885,8.736654949834012,5.9939172749391725,17.473309899668024,7.875614883987017,8.29497014817845,2.742737674894839,"[""TestDateTimeZoneCutover"", ""DateTime""]","[0.05422993492407809, 0.041970802919708027]","[11.47939262472885, 5.9939172749391725]"
org.joda.time.TestDateTimeZoneCutover.test_DateTime_roundFloorNotDST_Turk,0.05422993492407809,0.04810036892189306,0.041970802919708027,0.09620073784378612,0.047319260996584775,0.04770821638928742,0.006129566002185033,11.47939262472885,8.736654949834012,5.9939172749391725,17.473309899668024,7.875614883987017,8.29497014817845,2.742737674894839,"[""DateTime$Property"", ""TestDateTimeZoneCutover"", ""DateTime""]","[0.05422993492407809, 0.041970802919708027]","[11.47939262472885, 5.9939172749391725]"
org.joda.time.TestDateTimeZoneCutover.test_DateTime_roundFloor_day_NewYork_Spring_postCutover,0.05422993492407809,0.04810036892189306,0.041970802919708027,0.09620073784378612,0.047319260996584775,0.04770821638928742,0.006129566002185033,11.47939262472885,8.736654949834012,5.9939172749391725,17.473309899668024,7.875614883987017,8.29497014817845,2.742737674894839,"[""DateTime$Property"", ""TestDateTimeZoneCutover"", ""DateTime""]","[0.05422993492407809, 0.041970802919708027]","[11.47939262472885, 5.9939172749391725]"
org.joda.time.TestDateTimeZoneCutover.test_DateTime_roundCeiling_secondOfMinute_NewYork_Autumn_postCutover,0.05422993492407809,0.04810036892189306,0.041970802919708027,0.09620073784378612,0.047319260996584775,0.04770821638928742,0.006129566002185033,11.47939262472885,8.736654949834012,5.9939172749391725,17.473309899668024,7.875614883987017,8.29497014817845,2.742737674894839,"[""DateTime$Property"", ""TestDateTimeZoneCutover"", ""DateTime""]","[0.05422993492407809, 0.041970802919708027]","[11.47939262472885, 5.9939172749391725]"
org.joda.time.TestDateTimeZoneCutover.test_DateTime_roundCeiling_Turk,0.05422993492407809,0.04810036892189306,0.041970802919708027,0.09620073784378612,0.047319260996584775,0.04770821638928742,0.006129566002185033,11.47939262472885,8.736654949834012,5.9939172749391725,17.473309899668024,7.875614883987017,8.29497014817845,2.742737674894839,"[""DateTime$Property"", ""TestDateTimeZoneCutover"", ""DateTime""]","[0.05422993492407809, 0.041970802919708027]","[11.47939262472885, 5.9939172749391725]"
org.joda.time.TestDateTimeZoneCutover.test_MockGazaIsCorrect,0.05422993492407809,0.04810036892189306,0.041970802919708027,0.09620073784378612,0.047319260996584775,0.04770821638928742,0.006129566002185033,11.47939262472885,8.736654949834012,5.9939172749391725,17.473309899668024,7.875614883987017,8.29497014817845,2.742737674894839,"[""TestDateTimeZoneCutover"", ""DateTime""]","[0.05422993492407809, 0.041970802919708027]","[11.47939262472885, 5.9939172749391725]"
org.joda.time.TestDateTimeZoneCutover.test_DateTime_roundCeiling_minuteOfHour_NewYork_Autumn_postCutover,0.05422993492407809,0.04810036892189306,0.041970802919708027,0.09620073784378612,0.047319260996584775,0.04770821638928742,0.006129566002185033,11.47939262472885,8.736654949834012,5.9939172749391725,17.473309899668024,7.875614883987017,8.29497014817845,2.742737674894839,"[""DateTime$Property"", ""TestDateTimeZoneCutover"", ""DateTime""]","[0.05422993492407809, 0.041970802919708027]","[11.47939262472885, 5.9939172749391725]"
org.joda.time.TestDateTimeZoneCutover.test_DateTime_setHourBack_NewYork_Spring,0.05422993492407809,0.04810036892189306,0.041970802919708027,0.09620073784378612,0.047319260996584775,0.04770821638928742,0.006129566002185033,11.47939262472885,8.736654949834012,5.9939172749391725,17.473309899668024,7.875614883987017,8.29497014817845,2.742737674894839,"[""DateTime$Property"", ""TestDateTimeZoneCutover"", ""DateTime""]","[0.05422993492407809, 0.041970802919708027]","[11.47939262472885, 5.9939172749391725]"
org.joda.time.TestDateTimeZoneCutover.testWithSecondOfMinuteInDstChange,0.05422993492407809,0.04810036892189306,0.041970802919708027,0.09620073784378612,0.047319260996584775,0.04770821638928742,0.006129566002185033,11.47939262472885,8.736654949834012,5.9939172749391725,17.473309899668024,7.875614883987017,8.29497014817845,2.742737674894839,"[""TestDateTimeZoneCutover"", ""DateTime""]","[0.05422993492407809, 0.041970802919708027]","[11.47939262472885, 5.9939172749391725]"
org.joda.time.TestDateTimeZoneCutover.test_DateTime_roundCeiling_day_NewYork_Autumn_postCutover,0.05422993492407809,0.04810036892189306,0.041970802919708027,0.09620073784378612,0.047319260996584775,0.04770821638928742,0.006129566002185033,11.47939262472885,8.736654949834012,5.9939172749391725,17.473309899668024,7.875614883987017,8.29497014817845,2.742737674894839,"[""DateTime$Property"", ""TestDateTimeZoneCutover"", ""DateTime""]","[0.05422993492407809, 0.041970802919708027]","[11.47939262472885, 5.9939172749391725]"
org.joda.time.TestDateTimeZoneCutover.test_DateTime_roundFloor_secondOfMinute_NewYork_Autumn_postCutover,0.05422993492407809,0.04810036892189306,0.041970802919708027,0.09620073784378612,0.047319260996584775,0.04770821638928742,0.006129566002185033,11.47939262472885,8.736654949834012,5.9939172749391725,17.473309899668024,7.875614883987017,8.29497014817845,2.742737674894839,"[""DateTime$Property"", ""TestDateTimeZoneCutover"", ""DateTime""]","[0.05422993492407809, 0.041970802919708027]","[11.47939262472885, 5.9939172749391725]"
org.joda.time.TestDateTimeZoneCutover.test_MoscowIsCorrect_Autumn,0.05422993492407809,0.04810036892189306,0.041970802919708027,0.09620073784378612,0.047319260996584775,0.04770821638928742,0.006129566002185033,11.47939262472885,8.736654949834012,5.9939172749391725,17.473309899668024,7.875614883987017,8.29497014817845,2.742737674894839,"[""TestDateTimeZoneCutover"", ""DateTime""]","[0.05422993492407809, 0.041970802919708027]","[11.47939262472885, 5.9939172749391725]"
org.joda.time.TestDateTimeZoneCutover.test_DateTime_roundCeiling_hourOfDay_NewYork_Autumn_postCutover,0.05422993492407809,0.04810036892189306,0.041970802919708027,0.09620073784378612,0.047319260996584775,0.04770821638928742,0.006129566002185033,11.47939262472885,8.736654949834012,5.9939172749391725,17.473309899668024,7.875614883987017,8.29497014817845,2.742737674894839,"[""DateTime$Property"", ""TestDateTimeZoneCutover"", ""DateTime""]","[0.05422993492407809, 0.041970802919708027]","[11.47939262472885, 5.9939172749391725]"
org.joda.time.TestDateTimeZoneCutover.test_DateTime_plusHour_NewYork_Autumn,0.05422993492407809,0.04810036892189306,0.041970802919708027,0.09620073784378612,0.047319260996584775,0.04770821638928742,0.006129566002185033,11.47939262472885,8.736654949834012,5.9939172749391725,17.473309899668024,7.875614883987017,8.29497014817845,2.742737674894839,"[""TestDateTimeZoneCutover"", ""DateTime""]","[0.05422993492407809, 0.041970802919708027]","[11.47939262472885, 5.9939172749391725]"
org.joda.time.TestDateTimeZoneCutover.test_DateTime_minusDay_Turk,0.05422993492407809,0.04810036892189306,0.041970802919708027,0.09620073784378612,0.047319260996584775,0.04770821638928742,0.006129566002185033,11.47939262472885,8.736654949834012,5.9939172749391725,17.473309899668024,7.875614883987017,8.29497014817845,2.742737674894839,"[""TestDateTimeZoneCutover"", ""DateTime""]","[0.05422993492407809, 0.041970802919708027]","[11.47939262472885, 5.9939172749391725]"
org.joda.time.TestDateTimeZoneCutover.test_DateTime_roundFloor_day_NewYork_Autumn_preCutover,0.05422993492407809,0.04810036892189306,0.041970802919708027,0.09620073784378612,0.047319260996584775,0.04770821638928742,0.006129566002185033,11.47939262472885,8.736654949834012,5.9939172749391725,17.473309899668024,7.875614883987017,8.29497014817845,2.742737674894839,"[""DateTime$Property"", ""TestDateTimeZoneCutover"", ""DateTime""]","[0.05422993492407809, 0.041970802919708027]","[11.47939262472885, 5.9939172749391725]"
org.joda.time.TestDateTimeZoneCutover.testWithMillisOfSecondInDstChange_Paris_winter,0.05422993492407809,0.04810036892189306,0.041970802919708027,0.09620073784378612,0.047319260996584775,0.04770821638928742,0.006129566002185033,11.47939262472885,8.736654949834012,5.9939172749391725,17.473309899668024,7.875614883987017,8.29497014817845,2.742737674894839,"[""TestDateTimeZoneCutover"", ""DateTime""]","[0.05422993492407809, 0.041970802919708027]","[11.47939262472885, 5.9939172749391725]"
org.joda.time.TestDateTimeZoneCutover.test_DateTime_minusHour_Turk,0.05422993492407809,0.04810036892189306,0.041970802919708027,0.09620073784378612,0.047319260996584775,0.04770821638928742,0.006129566002185033,11.47939262472885,8.736654949834012,5.9939172749391725,17.473309899668024,7.875614883987017,8.29497014817845,2.742737674894839,"[""TestDateTimeZoneCutover"", ""DateTime""]","[0.05422993492407809, 0.041970802919708027]","[11.47939262472885, 5.9939172749391725]"
org.joda.time.TestDateTimeZoneCutover.test_DateTime_roundCeiling_hour_NewYork_Spring_preCutover,0.05422993492407809,0.04810036892189306,0.041970802919708027,0.09620073784378612,0.047319260996584775,0.04770821638928742,0.006129566002185033,11.47939262472885,8.736654949834012,5.9939172749391725,17.473309899668024,7.875614883987017,8.29497014817845,2.742737674894839,"[""DateTime$Property"", ""TestDateTimeZoneCutover"", ""DateTime""]","[0.05422993492407809, 0.041970802919708027]","[11.47939262472885, 5.9939172749391725]"
org.joda.time.TestDateTimeZoneCutover.test_DateTime_roundFloor_day_NewYork_Spring_preCutover,0.05422993492407809,0.04810036892189306,0.041970802919708027,0.09620073784378612,0.047319260996584775,0.04770821638928742,0.006129566002185033,11.47939262472885,8.736654949834012,5.9939172749391725,17.473309899668024,7.875614883987017,8.29497014817845,2.742737674894839,"[""DateTime$Property"", ""TestDateTimeZoneCutover"", ""DateTime""]","[0.05422993492407809, 0.041970802919708027]","[11.47939262472885, 5.9939172749391725]"
org.joda.time.TestDateTimeZoneCutover.test_DateTime_constructor_Moscow_Autumn,0.05422993492407809,0.04810036892189306,0.041970802919708027,0.09620073784378612,0.047319260996584775,0.04770821638928742,0.006129566002185033,11.47939262472885,8.736654949834012,5.9939172749391725,17.473309899668024,7.875614883987017,8.29497014817845,2.742737674894839,"[""TestDateTimeZoneCutover"", ""DateTime""]","[0.05422993492407809, 0.041970802919708027]","[11.47939262472885, 5.9939172749391725]"
org.joda.time.TestDateTimeZoneCutover.testWithMillisOfSecondInDstChange_Paris_summer,0.05422993492407809,0.04810036892189306,0.041970802919708027,0.09620073784378612,0.047319260996584775,0.04770821638928742,0.006129566002185033,11.47939262472885,8.736654949834012,5.9939172749391725,17.473309899668024,7.875614883987017,8.29497014817845,2.742737674894839,"[""TestDateTimeZoneCutover"", ""DateTime""]","[0.05422993492407809, 0.041970802919708027]","[11.47939262472885, 5.9939172749391725]"
org.joda.time.TestDateTimeZoneCutover.test_DateTime_setHourForward_Moscow_Spring,0.05422993492407809,0.04810036892189306,0.041970802919708027,0.09620073784378612,0.047319260996584775,0.04770821638928742,0.006129566002185033,11.47939262472885,8.736654949834012,5.9939172749391725,17.473309899668024,7.875614883987017,8.29497014817845,2.742737674894839,"[""DateTime$Property"", ""TestDateTimeZoneCutover"", ""DateTime""]","[0.05422993492407809, 0.041970802919708027]","[11.47939262472885, 5.9939172749391725]"
org.joda.time.TestDateTimeZoneCutover.test_DateTime_newValid_Gaza,0.05422993492407809,0.04810036892189306,0.041970802919708027,0.09620073784378612,0.047319260996584775,0.04770821638928742,0.006129566002185033,11.47939262472885,8.736654949834012,5.9939172749391725,17.473309899668024,7.875614883987017,8.29497014817845,2.742737674894839,"[""TestDateTimeZoneCutover"", ""DateTime""]","[0.05422993492407809, 0.041970802919708027]","[11.47939262472885, 5.9939172749391725]"
org.joda.time.TestDateTimeZoneCutover.testPlusMinutesInDstChange,0.05422993492407809,0.04810036892189306,0.041970802919708027,0.09620073784378612,0.047319260996584775,0.04770821638928742,0.006129566002185033,11.47939262472885,8.736654949834012,5.9939172749391725,17.473309899668024,7.875614883987017,8.29497014817845,2.742737674894839,"[""TestDateTimeZoneCutover"", ""DateTime""]","[0.05422993492407809, 0.041970802919708027]","[11.47939262472885, 5.9939172749391725]"
org.joda.time.TestDateTimeZoneCutover.test_DateTime_roundFloor_Gaza,0.05422993492407809,0.04810036892189306,0.041970802919708027,0.09620073784378612,0.047319260996584775,0.04770821638928742,0.006129566002185033,11.47939262472885,8.736654949834012,5.9939172749391725,17.473309899668024,7.875614883987017,8.29497014817845,2.742737674894839,"[""DateTime$Property"", ""TestDateTimeZoneCutover"", ""DateTime""]","[0.05422993492407809, 0.041970802919708027]","[11.47939262472885, 5.9939172749391725]"
org.joda.time.TestDateTimeZoneCutover.testWithMillisOfSecondInDstChange_NewYork_winter,0.05422993492407809,0.04810036892189306,0.041970802919708027,0.09620073784378612,0.047319260996584775,0.04770821638928742,0.006129566002185033,11.47939262472885,8.736654949834012,5.9939172749391725,17.473309899668024,7.875614883987017,8.29497014817845,2.742737674894839,"[""TestDateTimeZoneCutover"", ""DateTime""]","[0.05422993492407809, 0.041970802919708027]","[11.47939262472885, 5.9939172749391725]"
org.joda.time.TestDateTimeZoneCutover.test_DateTime_roundFloor_hourOfDay_NewYork_Autumn_postCutover,0.05422993492407809,0.04810036892189306,0.041970802919708027,0.09620073784378612,0.047319260996584775,0.04770821638928742,0.006129566002185033,11.47939262472885,8.736654949834012,5.9939172749391725,17.473309899668024,7.875614883987017,8.29497014817845,2.742737674894839,"[""DateTime$Property"", ""TestDateTimeZoneCutover"", ""DateTime""]","[0.05422993492407809, 0.041970802919708027]","[11.47939262472885, 5.9939172749391725]"
org.joda.time.TestDateTimeZoneCutover.test_DateTime_withHourZero_Turk,0.05422993492407809,0.04810036892189306,0.041970802919708027,0.09620073784378612,0.047319260996584775,0.04770821638928742,0.006129566002185033,11.47939262472885,8.736654949834012,5.9939172749391725,17.473309899668024,7.875614883987017,8.29497014817845,2.742737674894839,"[""TestDateTimeZoneCutover"", ""DateTime""]","[0.05422993492407809, 0.041970802919708027]","[11.47939262472885, 5.9939172749391725]"
org.joda.time.TestDateTimeZoneCutover.test_DateTime_withDay_Turk,0.05422993492407809,0.04810036892189306,0.041970802919708027,0.09620073784378612,0.047319260996584775,0.04770821638928742,0.006129566002185033,11.47939262472885,8.736654949834012,5.9939172749391725,17.473309899668024,7.875614883987017,8.29497014817845,2.742737674894839,"[""TestDateTimeZoneCutover"", ""DateTime""]","[0.05422993492407809, 0.041970802919708027]","[11.47939262472885, 5.9939172749391725]"
org.joda.time.TestDateTimeZoneCutover.test_DateTime_roundCeiling_Gaza,0.05422993492407809,0.04810036892189306,0.041970802919708027,0.09620073784378612,0.047319260996584775,0.04770821638928742,0.006129566002185033,11.47939262472885,8.736654949834012,5.9939172749391725,17.473309899668024,7.875614883987017,8.29497014817845,2.742737674894839,"[""DateTime$Property"", ""TestDateTimeZoneCutover"", ""DateTime""]","[0.05422993492407809, 0.041970802919708027]","[11.47939262472885, 5.9939172749391725]"
org.joda.time.TestDateTimeZoneCutover.test_MoscowIsCorrect_Spring,0.05422993492407809,0.04810036892189306,0.041970802919708027,0.09620073784378612,0.047319260996584775,0.04770821638928742,0.006129566002185033,11.47939262472885,8.736654949834012,5.9939172749391725,17.473309899668024,7.875614883987017,8.29497014817845,2.742737674894839,"[""TestDateTimeZoneCutover"", ""DateTime""]","[0.05422993492407809, 0.041970802919708027]","[11.47939262472885, 5.9939172749391725]"
org.joda.time.TestDateTimeZoneCutover.test_DateTime_withDay_Gaza,0.05422993492407809,0.04810036892189306,0.041970802919708027,0.09620073784378612,0.047319260996584775,0.04770821638928742,0.006129566002185033,11.47939262472885,8.736654949834012,5.9939172749391725,17.473309899668024,7.875614883987017,8.29497014817845,2.742737674894839,"[""TestDateTimeZoneCutover"", ""DateTime""]","[0.05422993492407809, 0.041970802919708027]","[11.47939262472885, 5.9939172749391725]"
org.joda.time.TestDateTimeZoneCutover.test_DateTime_constructor_NewYork_Autumn,0.05422993492407809,0.04810036892189306,0.041970802919708027,0.09620073784378612,0.047319260996584775,0.04770821638928742,0.006129566002185033,11.47939262472885,8.736654949834012,5.9939172749391725,17.473309899668024,7.875614883987017,8.29497014817845,2.742737674894839,"[""TestDateTimeZoneCutover"", ""DateTime""]","[0.05422993492407809, 0.041970802919708027]","[11.47939262472885, 5.9939172749391725]"
org.joda.time.TestDateTimeZoneCutover.test_DateTime_addWrapFieldDay_Turk,0.05422993492407809,0.04810036892189306,0.041970802919708027,0.09620073784378612,0.047319260996584775,0.04770821638928742,0.006129566002185033,11.47939262472885,8.736654949834012,5.9939172749391725,17.473309899668024,7.875614883987017,8.29497014817845,2.742737674894839,"[""DateTime$Property"", ""TestDateTimeZoneCutover"", ""DateTime""]","[0.05422993492407809, 0.041970802919708027]","[11.47939262472885, 5.9939172749391725]"
org.joda.time.TestDateTimeZoneCutover.test_DateTime_setHourZero_Gaza,0.05422993492407809,0.04810036892189306,0.041970802919708027,0.09620073784378612,0.047319260996584775,0.04770821638928742,0.006129566002185033,11.47939262472885,8.736654949834012,5.9939172749391725,17.473309899668024,7.875614883987017,8.29497014817845,2.742737674894839,"[""DateTime$Property"", ""TestDateTimeZoneCutover"", ""DateTime""]","[0.05422993492407809, 0.041970802919708027]","[11.47939262472885, 5.9939172749391725]"
org.joda.time.TestDateTimeZoneCutover.test_DateTime_withHourZero_Gaza,0.05422993492407809,0.04810036892189306,0.041970802919708027,0.09620073784378612,0.047319260996584775,0.04770821638928742,0.006129566002185033,11.47939262472885,8.736654949834012,5.9939172749391725,17.473309899668024,7.875614883987017,8.29497014817845,2.742737674894839,"[""TestDateTimeZoneCutover"", ""DateTime""]","[0.05422993492407809, 0.041970802919708027]","[11.47939262472885, 5.9939172749391725]"
org.joda.time.TestDateTimeZoneCutover.testWithMinuteOfHourInDstChange,0.05422993492407809,0.04810036892189306,0.041970802919708027,0.09620073784378612,0.047319260996584775,0.04770821638928742,0.006129566002185033,11.47939262472885,8.736654949834012,5.9939172749391725,17.473309899668024,7.875614883987017,8.29497014817845,2.742737674894839,"[""TestDateTimeZoneCutover"", ""DateTime""]","[0.05422993492407809, 0.041970802919708027]","[11.47939262472885, 5.9939172749391725]"
org.joda.time.TestDateTimeZoneCutover.test_DateTime_plusHour_Moscow_Autumn,0.05422993492407809,0.04810036892189306,0.041970802919708027,0.09620073784378612,0.047319260996584775,0.04770821638928742,0.006129566002185033,11.47939262472885,8.736654949834012,5.9939172749391725,17.473309899668024,7.875614883987017,8.29497014817845,2.742737674894839,"[""TestDateTimeZoneCutover"", ""DateTime""]","[0.05422993492407809, 0.041970802919708027]","[11.47939262472885, 5.9939172749391725]"
org.joda.time.TestDateTimeZoneCutover.test_DateTime_roundCeiling_minuteOfHour_NewYork_Autumn_preCutover,0.05422993492407809,0.04810036892189306,0.041970802919708027,0.09620073784378612,0.047319260996584775,0.04770821638928742,0.006129566002185033,11.47939262472885,8.736654949834012,5.9939172749391725,17.473309899668024,7.875614883987017,8.29497014817845,2.742737674894839,"[""DateTime$Property"", ""TestDateTimeZoneCutover"", ""DateTime""]","[0.05422993492407809, 0.041970802919708027]","[11.47939262472885, 5.9939172749391725]"
org.joda.time.TestDateTimeZoneCutover.test_DateTime_minusHour_Moscow_Autumn,0.05422993492407809,0.04810036892189306,0.041970802919708027,0.09620073784378612,0.047319260996584775,0.04770821638928742,0.006129566002185033,11.47939262472885,8.736654949834012,5.9939172749391725,17.473309899668024,7.875614883987017,8.29497014817845,2.742737674894839,"[""TestDateTimeZoneCutover"", ""DateTime""]","[0.05422993492407809, 0.041970802919708027]","[11.47939262472885, 5.9939172749391725]"
org.joda.time.TestDateTimeZoneCutover.test_DateTime_minusHour_Gaza,0.05422993492407809,0.04810036892189306,0.041970802919708027,0.09620073784378612,0.047319260996584775,0.04770821638928742,0.006129566002185033,11.47939262472885,8.736654949834012,5.9939172749391725,17.473309899668024,7.875614883987017,8.29497014817845,2.742737674894839,"[""TestDateTimeZoneCutover"", ""DateTime""]","[0.05422993492407809, 0.041970802919708027]","[11.47939262472885, 5.9939172749391725]"
org.joda.time.TestDateTimeZoneCutover.testPlusSecondsInDstChange,0.05422993492407809,0.04810036892189306,0.041970802919708027,0.09620073784378612,0.047319260996584775,0.04770821638928742,0.006129566002185033,11.47939262472885,8.736654949834012,5.9939172749391725,17.473309899668024,7.875614883987017,8.29497014817845,2.742737674894839,"[""TestDateTimeZoneCutover"", ""DateTime""]","[0.05422993492407809, 0.041970802919708027]","[11.47939262472885, 5.9939172749391725]"
org.joda.time.TestDateTimeZoneCutover.test_DateTime_withZoneRetainFields_Gaza,0.05422993492407809,0.04810036892189306,0.041970802919708027,0.09620073784378612,0.047319260996584775,0.04770821638928742,0.006129566002185033,11.47939262472885,8.736654949834012,5.9939172749391725,17.473309899668024,7.875614883987017,8.29497014817845,2.742737674894839,"[""TestDateTimeZoneCutover"", ""DateTime""]","[0.05422993492407809, 0.041970802919708027]","[11.47939262472885, 5.9939172749391725]"
org.joda.time.TestDateTimeZoneCutover.test_DateTime_minusHour_Guatemata_Autumn,0.05422993492407809,0.04810036892189306,0.041970802919708027,0.09620073784378612,0.047319260996584775,0.04770821638928742,0.006129566002185033,11.47939262472885,8.736654949834012,5.9939172749391725,17.473309899668024,7.875614883987017,8.29497014817845,2.742737674894839,"[""TestDateTimeZoneCutover"", ""DateTime""]","[0.05422993492407809, 0.041970802919708027]","[11.47939262472885, 5.9939172749391725]"
org.joda.time.TestDateTimeZoneCutover.test_DateTime_roundCeiling_hour_NewYork_Spring_postCutover,0.05422993492407809,0.04810036892189306,0.041970802919708027,0.09620073784378612,0.047319260996584775,0.04770821638928742,0.006129566002185033,11.47939262472885,8.736654949834012,5.9939172749391725,17.473309899668024,7.875614883987017,8.29497014817845,2.742737674894839,"[""DateTime$Property"", ""TestDateTimeZoneCutover"", ""DateTime""]","[0.05422993492407809, 0.041970802919708027]","[11.47939262472885, 5.9939172749391725]"
org.joda.time.TestDateTimeZoneCutover.test_DateTime_roundCeiling_minute_NewYork_Spring_postCutover,0.05422993492407809,0.04810036892189306,0.041970802919708027,0.09620073784378612,0.047319260996584775,0.04770821638928742,0.006129566002185033,11.47939262472885,8.736654949834012,5.9939172749391725,17.473309899668024,7.875614883987017,8.29497014817845,2.742737674894839,"[""DateTime$Property"", ""TestDateTimeZoneCutover"", ""DateTime""]","[0.05422993492407809, 0.041970802919708027]","[11.47939262472885, 5.9939172749391725]"
org.joda.time.TestDateTimeZoneCutover.test_DateTime_roundFloor_day_NewYork_Autumn_postCutover,0.05422993492407809,0.04810036892189306,0.041970802919708027,0.09620073784378612,0.047319260996584775,0.04770821638928742,0.006129566002185033,11.47939262472885,8.736654949834012,5.9939172749391725,17.473309899668024,7.875614883987017,8.29497014817845,2.742737674894839,"[""DateTime$Property"", ""TestDateTimeZoneCutover"", ""DateTime""]","[0.05422993492407809, 0.041970802919708027]","[11.47939262472885, 5.9939172749391725]"
org.joda.time.TestDateTimeZoneCutover.test_DateTime_roundFloor_secondOfMinute_NewYork_Autumn_preCutover,0.05422993492407809,0.04810036892189306,0.041970802919708027,0.09620073784378612,0.047319260996584775,0.04770821638928742,0.006129566002185033,11.47939262472885,8.736654949834012,5.9939172749391725,17.473309899668024,7.875614883987017,8.29497014817845,2.742737674894839,"[""DateTime$Property"", ""TestDateTimeZoneCutover"", ""DateTime""]","[0.05422993492407809, 0.041970802919708027]","[11.47939262472885, 5.9939172749391725]"
org.joda.time.TestDateTimeZoneCutover.testPlusMillisInDstChange,0.05422993492407809,0.04810036892189306,0.041970802919708027,0.09620073784378612,0.047319260996584775,0.04770821638928742,0.006129566002185033,11.47939262472885,8.736654949834012,5.9939172749391725,17.473309899668024,7.875614883987017,8.29497014817845,2.742737674894839,"[""TestDateTimeZoneCutover"", ""DateTime""]","[0.05422993492407809, 0.041970802919708027]","[11.47939262472885, 5.9939172749391725]"
org.joda.time.TestDateTimeZoneCutover.test_DateTime_withZoneRetainFields_Turk,0.05422993492407809,0.04810036892189306,0.041970802919708027,0.09620073784378612,0.047319260996584775,0.04770821638928742,0.006129566002185033,11.47939262472885,8.736654949834012,5.9939172749391725,17.473309899668024,7.875614883987017,8.29497014817845,2.742737674894839,"[""TestDateTimeZoneCutover"", ""DateTime""]","[0.05422993492407809, 0.041970802919708027]","[11.47939262472885, 5.9939172749391725]"
org.joda.time.TestDateTimeZoneCutover.test_DateTime_roundFloor_minute_NewYork_Spring_postCutover,0.05422993492407809,0.04810036892189306,0.041970802919708027,0.09620073784378612,0.047319260996584775,0.04770821638928742,0.006129566002185033,11.47939262472885,8.736654949834012,5.9939172749391725,17.473309899668024,7.875614883987017,8.29497014817845,2.742737674894839,"[""DateTime$Property"", ""TestDateTimeZoneCutover"", ""DateTime""]","[0.05422993492407809, 0.041970802919708027]","[11.47939262472885, 5.9939172749391725]"
org.joda.time.TestDateTimeZoneCutover.test_DateTime_roundCeiling_secondOfMinute_NewYork_Autumn_preCutover,0.05422993492407809,0.04810036892189306,0.041970802919708027,0.09620073784378612,0.047319260996584775,0.04770821638928742,0.006129566002185033,11.47939262472885,8.736654949834012,5.9939172749391725,17.473309899668024,7.875614883987017,8.29497014817845,2.742737674894839,"[""DateTime$Property"", ""TestDateTimeZoneCutover"", ""DateTime""]","[0.05422993492407809, 0.041970802919708027]","[11.47939262472885, 5.9939172749391725]"
org.joda.time.TestDateTimeZoneCutover.test_DateTime_setHourBack_Moscow_Spring,0.05422993492407809,0.04810036892189306,0.041970802919708027,0.09620073784378612,0.047319260996584775,0.04770821638928742,0.006129566002185033,11.47939262472885,8.736654949834012,5.9939172749391725,17.473309899668024,7.875614883987017,8.29497014817845,2.742737674894839,"[""DateTime$Property"", ""TestDateTimeZoneCutover"", ""DateTime""]","[0.05422993492407809, 0.041970802919708027]","[11.47939262472885, 5.9939172749391725]"
org.joda.time.TestDateTimeZoneCutover.test_DateTime_setHourZero_Turk,0.05422993492407809,0.04810036892189306,0.041970802919708027,0.09620073784378612,0.047319260996584775,0.04770821638928742,0.006129566002185033,11.47939262472885,8.736654949834012,5.9939172749391725,17.473309899668024,7.875614883987017,8.29497014817845,2.742737674894839,"[""DateTime$Property"", ""TestDateTimeZoneCutover"", ""DateTime""]","[0.05422993492407809, 0.041970802919708027]","[11.47939262472885, 5.9939172749391725]"
org.joda.time.TestDateTimeZoneCutover.test_NewYorkIsCorrect_Spring,0.05422993492407809,0.04810036892189306,0.041970802919708027,0.09620073784378612,0.047319260996584775,0.04770821638928742,0.006129566002185033,11.47939262472885,8.736654949834012,5.9939172749391725,17.473309899668024,7.875614883987017,8.29497014817845,2.742737674894839,"[""TestDateTimeZoneCutover"", ""DateTime""]","[0.05422993492407809, 0.041970802919708027]","[11.47939262472885, 5.9939172749391725]"
org.joda.time.TestDateTimeZoneCutover.test_GuatemataIsCorrect_Autumn,0.05422993492407809,0.04810036892189306,0.041970802919708027,0.09620073784378612,0.047319260996584775,0.04770821638928742,0.006129566002185033,11.47939262472885,8.736654949834012,5.9939172749391725,17.473309899668024,7.875614883987017,8.29497014817845,2.742737674894839,"[""TestDateTimeZoneCutover"", ""DateTime""]","[0.05422993492407809, 0.041970802919708027]","[11.47939262472885, 5.9939172749391725]"
org.joda.time.TestDateTimeZoneCutover.test_DateTime_roundFloor_hour_NewYork_Spring_postCutover,0.05422993492407809,0.04810036892189306,0.041970802919708027,0.09620073784378612,0.047319260996584775,0.04770821638928742,0.006129566002185033,11.47939262472885,8.736654949834012,5.9939172749391725,17.473309899668024,7.875614883987017,8.29497014817845,2.742737674894839,"[""DateTime$Property"", ""TestDateTimeZoneCutover"", ""DateTime""]","[0.05422993492407809, 0.041970802919708027]","[11.47939262472885, 5.9939172749391725]"
org.joda.time.TestDateTimeZoneCutover.test_DateTime_roundCeiling_hourOfDay_NewYork_Autumn_preCutover,0.05422993492407809,0.04810036892189306,0.041970802919708027,0.09620073784378612,0.047319260996584775,0.04770821638928742,0.006129566002185033,11.47939262472885,8.736654949834012,5.9939172749391725,17.473309899668024,7.875614883987017,8.29497014817845,2.742737674894839,"[""DateTime$Property"", ""TestDateTimeZoneCutover"", ""DateTime""]","[0.05422993492407809, 0.041970802919708027]","[11.47939262472885, 5.9939172749391725]"
org.joda.time.TestDateTimeZoneCutover.test_DateTime_addWrapFieldDay_Gaza,0.05422993492407809,0.04810036892189306,0.041970802919708027,0.09620073784378612,0.047319260996584775,0.04770821638928742,0.006129566002185033,11.47939262472885,8.736654949834012,5.9939172749391725,17.473309899668024,7.875614883987017,8.29497014817845,2.742737674894839,"[""DateTime$Property"", ""TestDateTimeZoneCutover"", ""DateTime""]","[0.05422993492407809, 0.041970802919708027]","[11.47939262472885, 5.9939172749391725]"
org.joda.time.field.TestOffsetDateTimeField.test_constructor1,0.017691659646166806,0.013719747944676243,0.009732360097323601,0.0960382356127337,0.013099783776248042,0.01341014839780919,0.0028807820239570717,2.2350463352990735,1.3144386348519426,0.6788321167883211,9.201070443963598,1.0671403114557265,1.1822175151555359,0.5973705960553235,"[""UnsupportedDateTimeField"", ""UnsupportedDurationField"", ""OffsetDateTimeField"", ""DateTimeFieldType"", ""DurationFieldType"", ""TestOffsetDateTimeField"", ""ISOChronology""]","[0.017691659646166806, 0.017094017094017096, 0.015206812652068127, 0.013479359730412805, 0.012455516014234875, 0.010378510378510378, 0.009732360097323601]","[2.2350463352990735, 1.467032967032967, 0.7195863746958637, 1.2468407750631845, 2.074733096085409, 0.778998778998779, 0.6788321167883211]"
org.joda.time.TestYearMonthDay_Basics.testEqualsHashCode,0.03952011291460833,0.02399313120181436,0.012073863636363636,0.09597252480725744,0.020091603668559527,0.021965724414185955,0.009982750062617254,3.5356386732533522,2.42743124931496,0.3203125,9.70972499725984,0.972408457290596,1.748847531433134,1.3020034749597835,"[""YearMonthDay"", ""Object"", ""MockPartial"", ""TestYearMonthDay_Basics$MockInstant"", ""TestYearMonthDay_Basics"", ""Chronology""]","[0.03952011291460833, 0.024305555555555556, 0.020072992700729927, 0.012073863636363636]","[3.5356386732533522, 3.4809027777777777, 2.3728710462287106, 0.3203125]"
org.joda.time.chrono.TestIslamicChronology.testCalendar,0.041970802919708027,0.023979204428550435,0.016423357664233577,0.09591681771420174,0.020850616542820416,0.022166754359588932,0.010472366247107543,5.9939172749391725,3.5484272685706824,1.8953771289537713,14.19370907428273,2.919241987745716,3.208565460779363,1.6001333310964618,"[""StringBuilder"", ""PrintStream"", ""DateTimeField"", ""TestIslamicChronology"", ""DateTime"", ""Chronology""]","[0.041970802919708027, 0.020072992700729927, 0.0174496644295302, 0.016423357664233577]","[5.9939172749391725, 2.3728710462287106, 3.931543624161074, 1.8953771289537713]"
org.joda.time.TestPeriod_Constructors.testConstructor_long_Chronology1,0.031857031857031856,0.02397798440356426,0.015206812652068127,0.09591193761425704,0.022134292672634365,0.023068370407151068,0.006390856157164544,5.54841208365608,3.8331353508324177,0.7195863746958637,15.332541403329671,1.9811347910016386,2.996107350738908,1.8928580208371875,"[""TestPeriod_Constructors"", ""PeriodType"", ""Period"", ""ISOChronology""]","[0.031857031857031856, 0.027885360185902403, 0.02096273291925466, 0.015206812652068127]","[5.1313131313131315, 5.54841208365608, 3.9332298136645965, 0.7195863746958637]"
org.joda.time.TestPeriod_Constructors.testConstructor_long_PeriodType_Chronology2,0.031857031857031856,0.02397798440356426,0.015206812652068127,0.09591193761425704,0.022134292672634365,0.023068370407151068,0.006390856157164544,5.54841208365608,3.8331353508324177,0.7195863746958637,15.332541403329671,1.9811347910016386,2.996107350738908,1.8928580208371875,"[""PeriodType"", ""ISOChronology"", ""Period"", ""TestPeriod_Constructors""]","[0.031857031857031856, 0.027885360185902403, 0.02096273291925466, 0.015206812652068127]","[5.1313131313131315, 5.54841208365608, 3.9332298136645965, 0.7195863746958637]"
org.joda.time.TestPeriod_Constructors.testConstructor_long_PeriodType_Chronology1,0.031857031857031856,0.02397798440356426,0.015206812652068127,0.09591193761425704,0.022134292672634365,0.023068370407151068,0.006390856157164544,5.54841208365608,3.8331353508324177,0.7195863746958637,15.332541403329671,1.9811347910016386,2.996107350738908,1.8928580208371875,"[""PeriodType"", ""ISOChronology"", ""Period"", ""TestPeriod_Constructors""]","[0.031857031857031856, 0.027885360185902403, 0.02096273291925466, 0.015206812652068127]","[5.1313131313131315, 5.54841208365608, 3.9332298136645965, 0.7195863746958637]"
org.joda.time.TestPeriod_Constructors.testConstructor_long_Chronology2,0.031857031857031856,0.02397798440356426,0.015206812652068127,0.09591193761425704,0.022134292672634365,0.023068370407151068,0.006390856157164544,5.54841208365608,3.8331353508324177,0.7195863746958637,15.332541403329671,1.9811347910016386,2.996107350738908,1.8928580208371875,"[""TestPeriod_Constructors"", ""PeriodType"", ""Period"", ""ISOChronology""]","[0.031857031857031856, 0.027885360185902403, 0.02096273291925466, 0.015206812652068127]","[5.1313131313131315, 5.54841208365608, 3.9332298136645965, 0.7195863746958637]"
org.joda.time.TestSerialization.testSerializedUnsupportedDateTimeField,0.02178649237472767,0.013671030685193406,0.007633587786259542,0.09569721479635385,0.011795150241552192,0.0127143608029313,0.00503589788946333,2.4553376906318083,1.197935231908813,0.09541984732824428,8.38554662336169,0.2983902588738052,0.6967825511618245,0.8712008537110144,"[""UnsupportedDateTimeField"", ""StringBuilder"", ""UnsupportedDurationField"", ""ByteArrayOutputStream"", ""DateTimeFieldType"", ""ObjectInputStream"", ""TestSerialization"", ""DurationFieldType"", ""FileInputStream"", ""ObjectOutputStream"", ""ByteArrayInputStream""]","[0.02178649237472767, 0.017691659646166806, 0.017094017094017096, 0.013479359730412805, 0.010378510378510378, 0.007633587786259542, 0.007633587786259542]","[2.4553376906318083, 2.2350463352990735, 1.467032967032967, 1.2468407750631845, 0.778998778998779, 0.09541984732824428, 0.10687022900763359]"
org.joda.time.chrono.TestGJChronology.testDurationFields,0.03832116788321168,0.023884165307522975,0.010378510378510378,0.0955366612300919,0.01924324187488652,0.021609990917836254,0.009892528245755951,3.5,2.383564276356247,0.7197802197802198,9.534257105424988,1.642962595258094,2.048971946943798,1.0360244020570606,"[""TestGJChronology"", ""DateTimeZone"", ""GJChronology"", ""DurationField""]","[0.03832116788321168, 0.023722627737226276, 0.023114355231143552, 0.010378510378510378]","[3.5, 2.403284671532847, 2.911192214111922, 0.7197802197802198]"
org.joda.time.format.TestPeriodFormatterBuilder.testFormatAppend_PrinterParser_PrinterParser,0.03263403263403263,0.02387495277403534,0.009324009324009324,0.09549981109614136,0.018570232690963466,0.021412049037739724,0.009446719876133089,6.074592074592075,4.109582059123344,1.1173271173271173,16.438328236493376,2.671113635001687,3.460003073059866,1.8613717242978298,"[""Period"", ""PeriodFormatterBuilder"", ""PeriodFormatter"", ""TestPeriodFormatterBuilder""]","[0.03263403263403263, 0.031857031857031856, 0.021684737281067557, 0.009324009324009324]","[6.074592074592075, 5.1313131313131315, 4.115095913261051, 1.1173271173271173]"
org.joda.time.format.TestPeriodFormatterBuilder.testFormatAppend_PrinterParser_null_Parser,0.03263403263403263,0.02387495277403534,0.009324009324009324,0.09549981109614136,0.018570232690963466,0.021412049037739724,0.009446719876133089,6.074592074592075,4.109582059123344,1.1173271173271173,16.438328236493376,2.671113635001687,3.460003073059866,1.8613717242978298,"[""Period"", ""PeriodFormatterBuilder"", ""PeriodFormatter"", ""TestPeriodFormatterBuilder""]","[0.03263403263403263, 0.031857031857031856, 0.021684737281067557, 0.009324009324009324]","[6.074592074592075, 5.1313131313131315, 4.115095913261051, 1.1173271173271173]"
org.joda.time.TestMutablePeriod_Updates.testAdd_RP5,0.031857031857031856,0.023872451667933767,0.020914020139426802,0.09548980667173507,0.023138366813956403,0.023478349016494766,0.004622001099995875,5.986057319907049,4.56820562177675,3.2222222222222223,18.272822487107,4.317204147402204,4.441897676541668,1.0656288159991831,"[""Period"", ""PeriodType"", ""TestMutablePeriod_Updates"", ""MutablePeriod""]","[0.031857031857031856, 0.021756021756021756, 0.02096273291925466, 0.020914020139426802]","[5.1313131313131315, 3.2222222222222223, 3.9332298136645965, 5.986057319907049]"
org.joda.time.TestMutablePeriod_Updates.testAdd_RP4,0.031857031857031856,0.023872451667933767,0.020914020139426802,0.09548980667173507,0.023138366813956403,0.023478349016494766,0.004622001099995875,5.986057319907049,4.56820562177675,3.2222222222222223,18.272822487107,4.317204147402204,4.441897676541668,1.0656288159991831,"[""Period"", ""PeriodType"", ""TestMutablePeriod_Updates"", ""MutablePeriod""]","[0.031857031857031856, 0.021756021756021756, 0.02096273291925466, 0.020914020139426802]","[5.1313131313131315, 3.2222222222222223, 3.9332298136645965, 5.986057319907049]"
org.joda.time.TestMutablePeriod_Updates.testAdd_RP3,0.031857031857031856,0.023872451667933767,0.020914020139426802,0.09548980667173507,0.023138366813956403,0.023478349016494766,0.004622001099995875,5.986057319907049,4.56820562177675,3.2222222222222223,18.272822487107,4.317204147402204,4.441897676541668,1.0656288159991831,"[""Period"", ""PeriodType"", ""TestMutablePeriod_Updates"", ""MutablePeriod""]","[0.031857031857031856, 0.021756021756021756, 0.02096273291925466, 0.020914020139426802]","[5.1313131313131315, 3.2222222222222223, 3.9332298136645965, 5.986057319907049]"
org.joda.time.TestMutablePeriod_Updates.testAdd_RP2,0.031857031857031856,0.023872451667933767,0.020914020139426802,0.09548980667173507,0.023138366813956403,0.023478349016494766,0.004622001099995875,5.986057319907049,4.56820562177675,3.2222222222222223,18.272822487107,4.317204147402204,4.441897676541668,1.0656288159991831,"[""Period"", ""PeriodType"", ""TestMutablePeriod_Updates"", ""MutablePeriod""]","[0.031857031857031856, 0.021756021756021756, 0.02096273291925466, 0.020914020139426802]","[5.1313131313131315, 3.2222222222222223, 3.9332298136645965, 5.986057319907049]"
org.joda.time.TestInterval_Basics.testToString,0.041970802919708027,0.0318239055820257,0.02372034956304619,0.0954717167460771,0.030131696890298557,0.030950459058503237,0.007589518857804753,5.9939172749391725,4.361174052516881,1.618601747815231,13.083522157550643,3.100984043752984,3.758136681559343,1.9510060540445529,"[""Interval"", ""TestInterval_Basics"", ""DateTime""]","[0.041970802919708027, 0.029780564263322883, 0.02372034956304619]","[5.9939172749391725, 5.471003134796239, 1.618601747815231]"
org.joda.time.format.TestDateTimeFormatter.testParseDateTime_chrono,0.041970802919708027,0.03179974931799749,0.026155717761557177,0.09539924795399247,0.03038734389829235,0.0310513745491559,0.0072064635843416165,5.9939172749391725,4.094947037282804,2.559610705596107,12.284841111848412,3.634062596204979,3.8540332138421864,1.425432710030257,"[""TestDateTimeFormatter"", ""DateTimeFormatter"", ""DateTime""]","[0.041970802919708027, 0.02727272727272727, 0.026155717761557177]","[5.9939172749391725, 3.731313131313131, 2.559610705596107]"
org.joda.time.format.TestDateTimeFormatter.testParseDateTime_simple,0.041970802919708027,0.03179974931799749,0.026155717761557177,0.09539924795399247,0.03038734389829235,0.0310513745491559,0.0072064635843416165,5.9939172749391725,4.094947037282804,2.559610705596107,12.284841111848412,3.634062596204979,3.8540332138421864,1.425432710030257,"[""TestDateTimeFormatter"", ""DateTimeFormatter"", ""DateTime""]","[0.041970802919708027, 0.02727272727272727, 0.026155717761557177]","[5.9939172749391725, 3.731313131313131, 2.559610705596107]"
org.joda.time.format.TestDateTimeFormatter.testPrint_chrono,0.041970802919708027,0.03179974931799749,0.026155717761557177,0.09539924795399247,0.03038734389829235,0.0310513745491559,0.0072064635843416165,5.9939172749391725,4.094947037282804,2.559610705596107,12.284841111848412,3.634062596204979,3.8540332138421864,1.425432710030257,"[""TestDateTimeFormatter"", ""DateTimeFormatter"", ""DateTime""]","[0.041970802919708027, 0.02727272727272727, 0.026155717761557177]","[5.9939172749391725, 3.731313131313131, 2.559610705596107]"
org.joda.time.format.TestDateTimeFormatter.testPrint_simple,0.041970802919708027,0.03179974931799749,0.026155717761557177,0.09539924795399247,0.03038734389829235,0.0310513745491559,0.0072064635843416165,5.9939172749391725,4.094947037282804,2.559610705596107,12.284841111848412,3.634062596204979,3.8540332138421864,1.425432710030257,"[""TestDateTimeFormatter"", ""DateTimeFormatter"", ""DateTime""]","[0.041970802919708027, 0.02727272727272727, 0.026155717761557177]","[5.9939172749391725, 3.731313131313131, 2.559610705596107]"
org.joda.time.format.TestDateTimeFormatter.testParseDateTime_zone2,0.041970802919708027,0.03179974931799749,0.026155717761557177,0.09539924795399247,0.03038734389829235,0.0310513745491559,0.0072064635843416165,5.9939172749391725,4.094947037282804,2.559610705596107,12.284841111848412,3.634062596204979,3.8540332138421864,1.425432710030257,"[""TestDateTimeFormatter"", ""DateTimeFormatter"", ""DateTime""]","[0.041970802919708027, 0.02727272727272727, 0.026155717761557177]","[5.9939172749391725, 3.731313131313131, 2.559610705596107]"
org.joda.time.format.TestDateTimeFormatter.testParseDateTime_zone,0.041970802919708027,0.03179974931799749,0.026155717761557177,0.09539924795399247,0.03038734389829235,0.0310513745491559,0.0072064635843416165,5.9939172749391725,4.094947037282804,2.559610705596107,12.284841111848412,3.634062596204979,3.8540332138421864,1.425432710030257,"[""TestDateTimeFormatter"", ""DateTimeFormatter"", ""DateTime""]","[0.041970802919708027, 0.02727272727272727, 0.026155717761557177]","[5.9939172749391725, 3.731313131313131, 2.559610705596107]"
org.joda.time.format.TestDateTimeFormatter.testPrint_locale,0.041970802919708027,0.03179974931799749,0.026155717761557177,0.09539924795399247,0.03038734389829235,0.0310513745491559,0.0072064635843416165,5.9939172749391725,4.094947037282804,2.559610705596107,12.284841111848412,3.634062596204979,3.8540332138421864,1.425432710030257,"[""TestDateTimeFormatter"", ""DateTimeFormatter"", ""DateTime""]","[0.041970802919708027, 0.02727272727272727, 0.026155717761557177]","[5.9939172749391725, 3.731313131313131, 2.559610705596107]"
org.joda.time.format.TestDateTimeFormatter.testPrint_chrono_and_zone,0.041970802919708027,0.03179974931799749,0.026155717761557177,0.09539924795399247,0.03038734389829235,0.0310513745491559,0.0072064635843416165,5.9939172749391725,4.094947037282804,2.559610705596107,12.284841111848412,3.634062596204979,3.8540332138421864,1.425432710030257,"[""TestDateTimeFormatter"", ""DateTimeFormatter"", ""DateTime""]","[0.041970802919708027, 0.02727272727272727, 0.026155717761557177]","[5.9939172749391725, 3.731313131313131, 2.559610705596107]"
org.joda.time.format.TestDateTimeFormatter.testPrint_zone,0.041970802919708027,0.03179974931799749,0.026155717761557177,0.09539924795399247,0.03038734389829235,0.0310513745491559,0.0072064635843416165,5.9939172749391725,4.094947037282804,2.559610705596107,12.284841111848412,3.634062596204979,3.8540332138421864,1.425432710030257,"[""TestDateTimeFormatter"", ""DateTimeFormatter"", ""DateTime""]","[0.041970802919708027, 0.02727272727272727, 0.026155717761557177]","[5.9939172749391725, 3.731313131313131, 2.559610705596107]"
org.joda.time.format.TestDateTimeFormatter.testParseDateTime_simple_precedence,0.041970802919708027,0.03179974931799749,0.026155717761557177,0.09539924795399247,0.03038734389829235,0.0310513745491559,0.0072064635843416165,5.9939172749391725,4.094947037282804,2.559610705596107,12.284841111848412,3.634062596204979,3.8540332138421864,1.425432710030257,"[""TestDateTimeFormatter"", ""DateTimeFormatter"", ""DateTime""]","[0.041970802919708027, 0.02727272727272727, 0.026155717761557177]","[5.9939172749391725, 3.731313131313131, 2.559610705596107]"
org.joda.time.TestLocalDate_Properties.testPropertySetCopyYear,0.0718562874251497,0.047628611731295595,0.0234009360374415,0.09525722346259119,0.0353045013239188,0.04100615058651494,0.0242276756938541,10.74251497005988,7.264393210458957,3.786271450858034,14.528786420917914,5.599101888233694,6.37762320473331,3.478121759600923,"[""LocalDate$Property"", ""TestLocalDate_Properties"", ""LocalDate""]","[0.0718562874251497, 0.0234009360374415]","[10.74251497005988, 3.786271450858034]"
org.joda.time.TestLocalDate_Properties.testPropertyGetMaxMinValuesYear,0.0718562874251497,0.047628611731295595,0.0234009360374415,0.09525722346259119,0.0353045013239188,0.04100615058651494,0.0242276756938541,10.74251497005988,7.264393210458957,3.786271450858034,14.528786420917914,5.599101888233694,6.37762320473331,3.478121759600923,"[""TestLocalDate_Properties"", ""LocalDate$Property"", ""LocalDate""]","[0.0718562874251497, 0.0234009360374415]","[10.74251497005988, 3.786271450858034]"
org.joda.time.TestLocalDate_Properties.testPropertyWithMinimumValueDayOfMonth,0.0718562874251497,0.047628611731295595,0.0234009360374415,0.09525722346259119,0.0353045013239188,0.04100615058651494,0.0242276756938541,10.74251497005988,7.264393210458957,3.786271450858034,14.528786420917914,5.599101888233694,6.37762320473331,3.478121759600923,"[""LocalDate$Property"", ""TestLocalDate_Properties"", ""LocalDate""]","[0.0718562874251497, 0.0234009360374415]","[10.74251497005988, 3.786271450858034]"
org.joda.time.TestLocalDate_Properties.testPropertyAddToCopyYear,0.0718562874251497,0.047628611731295595,0.0234009360374415,0.09525722346259119,0.0353045013239188,0.04100615058651494,0.0242276756938541,10.74251497005988,7.264393210458957,3.786271450858034,14.528786420917914,5.599101888233694,6.37762320473331,3.478121759600923,"[""LocalDate$Property"", ""TestLocalDate_Properties"", ""LocalDate""]","[0.0718562874251497, 0.0234009360374415]","[10.74251497005988, 3.786271450858034]"
org.joda.time.TestLocalDate_Properties.testPropertySetCopyDay,0.0718562874251497,0.047628611731295595,0.0234009360374415,0.09525722346259119,0.0353045013239188,0.04100615058651494,0.0242276756938541,10.74251497005988,7.264393210458957,3.786271450858034,14.528786420917914,5.599101888233694,6.37762320473331,3.478121759600923,"[""LocalDate$Property"", ""TestLocalDate_Properties"", ""LocalDate""]","[0.0718562874251497, 0.0234009360374415]","[10.74251497005988, 3.786271450858034]"
org.joda.time.TestLocalDate_Properties.testPropertyAddWrapFieldToCopyDay,0.0718562874251497,0.047628611731295595,0.0234009360374415,0.09525722346259119,0.0353045013239188,0.04100615058651494,0.0242276756938541,10.74251497005988,7.264393210458957,3.786271450858034,14.528786420917914,5.599101888233694,6.37762320473331,3.478121759600923,"[""LocalDate$Property"", ""TestLocalDate_Properties"", ""LocalDate""]","[0.0718562874251497, 0.0234009360374415]","[10.74251497005988, 3.786271450858034]"
org.joda.time.TestLocalDate_Properties.testPropertyAddWrapFieldToCopyMonth,0.0718562874251497,0.047628611731295595,0.0234009360374415,0.09525722346259119,0.0353045013239188,0.04100615058651494,0.0242276756938541,10.74251497005988,7.264393210458957,3.786271450858034,14.528786420917914,5.599101888233694,6.37762320473331,3.478121759600923,"[""LocalDate$Property"", ""TestLocalDate_Properties"", ""LocalDate""]","[0.0718562874251497, 0.0234009360374415]","[10.74251497005988, 3.786271450858034]"
org.joda.time.TestLocalDate_Properties.testPropertyAddWrapFieldToCopyYear,0.0718562874251497,0.047628611731295595,0.0234009360374415,0.09525722346259119,0.0353045013239188,0.04100615058651494,0.0242276756938541,10.74251497005988,7.264393210458957,3.786271450858034,14.528786420917914,5.599101888233694,6.37762320473331,3.478121759600923,"[""LocalDate$Property"", ""TestLocalDate_Properties"", ""LocalDate""]","[0.0718562874251497, 0.0234009360374415]","[10.74251497005988, 3.786271450858034]"
org.joda.time.TestLocalDate_Properties.testPropertySetCopyTextYear,0.0718562874251497,0.047628611731295595,0.0234009360374415,0.09525722346259119,0.0353045013239188,0.04100615058651494,0.0242276756938541,10.74251497005988,7.264393210458957,3.786271450858034,14.528786420917914,5.599101888233694,6.37762320473331,3.478121759600923,"[""LocalDate$Property"", ""TestLocalDate_Properties"", ""LocalDate""]","[0.0718562874251497, 0.0234009360374415]","[10.74251497005988, 3.786271450858034]"
org.joda.time.TestLocalDate_Properties.testPropertySetCopyTextDay,0.0718562874251497,0.047628611731295595,0.0234009360374415,0.09525722346259119,0.0353045013239188,0.04100615058651494,0.0242276756938541,10.74251497005988,7.264393210458957,3.786271450858034,14.528786420917914,5.599101888233694,6.37762320473331,3.478121759600923,"[""LocalDate$Property"", ""TestLocalDate_Properties"", ""LocalDate""]","[0.0718562874251497, 0.0234009360374415]","[10.74251497005988, 3.786271450858034]"
org.joda.time.TestLocalDate_Properties.testPropertyWithMaximumValueDayOfMonth,0.0718562874251497,0.047628611731295595,0.0234009360374415,0.09525722346259119,0.0353045013239188,0.04100615058651494,0.0242276756938541,10.74251497005988,7.264393210458957,3.786271450858034,14.528786420917914,5.599101888233694,6.37762320473331,3.478121759600923,"[""LocalDate$Property"", ""TestLocalDate_Properties"", ""LocalDate""]","[0.0718562874251497, 0.0234009360374415]","[10.74251497005988, 3.786271450858034]"
org.joda.time.TestLocalDate_Properties.testPropertyHashCode,0.0718562874251497,0.047628611731295595,0.0234009360374415,0.09525722346259119,0.0353045013239188,0.04100615058651494,0.0242276756938541,10.74251497005988,7.264393210458957,3.786271450858034,14.528786420917914,5.599101888233694,6.37762320473331,3.478121759600923,"[""TestLocalDate_Properties"", ""LocalDate$Property"", ""LocalDate""]","[0.0718562874251497, 0.0234009360374415]","[10.74251497005988, 3.786271450858034]"
org.joda.time.TestLocalDate_Properties.testPropertyGetMaxMinValuesMonth,0.0718562874251497,0.047628611731295595,0.0234009360374415,0.09525722346259119,0.0353045013239188,0.04100615058651494,0.0242276756938541,10.74251497005988,7.264393210458957,3.786271450858034,14.528786420917914,5.599101888233694,6.37762320473331,3.478121759600923,"[""TestLocalDate_Properties"", ""LocalDate$Property"", ""LocalDate""]","[0.0718562874251497, 0.0234009360374415]","[10.74251497005988, 3.786271450858034]"
org.joda.time.TestLocalDate_Properties.testPropertyAddToCopyDay,0.0718562874251497,0.047628611731295595,0.0234009360374415,0.09525722346259119,0.0353045013239188,0.04100615058651494,0.0242276756938541,10.74251497005988,7.264393210458957,3.786271450858034,14.528786420917914,5.599101888233694,6.37762320473331,3.478121759600923,"[""LocalDate$Property"", ""TestLocalDate_Properties"", ""LocalDate""]","[0.0718562874251497, 0.0234009360374415]","[10.74251497005988, 3.786271450858034]"
org.joda.time.TestLocalDate_Properties.testPropertySetCopyTextMonth,0.0718562874251497,0.047628611731295595,0.0234009360374415,0.09525722346259119,0.0353045013239188,0.04100615058651494,0.0242276756938541,10.74251497005988,7.264393210458957,3.786271450858034,14.528786420917914,5.599101888233694,6.37762320473331,3.478121759600923,"[""LocalDate$Property"", ""TestLocalDate_Properties"", ""LocalDate""]","[0.0718562874251497, 0.0234009360374415]","[10.74251497005988, 3.786271450858034]"
org.joda.time.TestLocalDate_Properties.testPropertyAddToCopyMonth,0.0718562874251497,0.047628611731295595,0.0234009360374415,0.09525722346259119,0.0353045013239188,0.04100615058651494,0.0242276756938541,10.74251497005988,7.264393210458957,3.786271450858034,14.528786420917914,5.599101888233694,6.37762320473331,3.478121759600923,"[""LocalDate$Property"", ""TestLocalDate_Properties"", ""LocalDate""]","[0.0718562874251497, 0.0234009360374415]","[10.74251497005988, 3.786271450858034]"
org.joda.time.TestLocalDate_Properties.testPropertySetCopyMonth,0.0718562874251497,0.047628611731295595,0.0234009360374415,0.09525722346259119,0.0353045013239188,0.04100615058651494,0.0242276756938541,10.74251497005988,7.264393210458957,3.786271450858034,14.528786420917914,5.599101888233694,6.37762320473331,3.478121759600923,"[""LocalDate$Property"", ""TestLocalDate_Properties"", ""LocalDate""]","[0.0718562874251497, 0.0234009360374415]","[10.74251497005988, 3.786271450858034]"
org.joda.time.TestLocalDate_Properties.testPropertyGetMaxMinValuesDay,0.0718562874251497,0.047628611731295595,0.0234009360374415,0.09525722346259119,0.0353045013239188,0.04100615058651494,0.0242276756938541,10.74251497005988,7.264393210458957,3.786271450858034,14.528786420917914,5.599101888233694,6.37762320473331,3.478121759600923,"[""TestLocalDate_Properties"", ""LocalDate$Property"", ""LocalDate""]","[0.0718562874251497, 0.0234009360374415]","[10.74251497005988, 3.786271450858034]"
org.joda.time.TestInstant_Basics.testToDateTime,0.041970802919708027,0.023813411429078994,0.015206812652068127,0.09525364571631598,0.02054528668190442,0.021928182902802525,0.010603506301037754,5.9939172749391725,2.4439088496900725,0.7195863746958637,9.77563539876029,1.3167586170933465,1.728017219678976,2.109276217604156,"[""TestInstant_Basics"", ""DateTime"", ""ISOChronology"", ""Instant""]","[0.041970802919708027, 0.019464720194647202, 0.018611309949892626, 0.015206812652068127]","[5.9939172749391725, 1.0048661800486618, 2.0572655690765926, 0.7195863746958637]"
org.joda.time.TestInstant_Basics.testToDateTime_DateTimeZone,0.041970802919708027,0.023813411429078994,0.015206812652068127,0.09525364571631598,0.02054528668190442,0.021928182902802525,0.010603506301037754,5.9939172749391725,2.4439088496900725,0.7195863746958637,9.77563539876029,1.3167586170933465,1.728017219678976,2.109276217604156,"[""TestInstant_Basics"", ""DateTime"", ""ISOChronology"", ""Instant""]","[0.041970802919708027, 0.019464720194647202, 0.018611309949892626, 0.015206812652068127]","[5.9939172749391725, 1.0048661800486618, 2.0572655690765926, 0.7195863746958637]"
org.joda.time.TestInstant_Basics.testToDateTimeISO,0.041970802919708027,0.023813411429078994,0.015206812652068127,0.09525364571631598,0.02054528668190442,0.021928182902802525,0.010603506301037754,5.9939172749391725,2.4439088496900725,0.7195863746958637,9.77563539876029,1.3167586170933465,1.728017219678976,2.109276217604156,"[""Object"", ""Instant"", ""ISOChronology"", ""DateTime"", ""TestInstant_Basics""]","[0.041970802919708027, 0.019464720194647202, 0.018611309949892626, 0.015206812652068127]","[5.9939172749391725, 1.0048661800486618, 2.0572655690765926, 0.7195863746958637]"
org.joda.time.TestLocalTime_Properties.testPropertyGetMinute,0.05547226386806597,0.031698042916415675,0.019548872180451128,0.09509412874924703,0.025210284233129616,0.02792136041325796,0.016812274523362588,8.113943028485757,5.240968100092792,2.3728710462287106,15.722904300278376,4.077986111557837,4.654121722769392,2.343785360139896,"[""LocalTime$Property"", ""Chronology"", ""LocalTime"", ""TestLocalTime_Properties""]","[0.05547226386806597, 0.020072992700729927, 0.019548872180451128]","[8.113943028485757, 2.3728710462287106, 5.23609022556391]"
org.joda.time.TestLocalTime_Properties.testPropertyGetHour,0.05547226386806597,0.031698042916415675,0.019548872180451128,0.09509412874924703,0.025210284233129616,0.02792136041325796,0.016812274523362588,8.113943028485757,5.240968100092792,2.3728710462287106,15.722904300278376,4.077986111557837,4.654121722769392,2.343785360139896,"[""LocalTime$Property"", ""Chronology"", ""LocalTime"", ""TestLocalTime_Properties""]","[0.05547226386806597, 0.020072992700729927, 0.019548872180451128]","[8.113943028485757, 2.3728710462287106, 5.23609022556391]"
org.joda.time.TestLocalTime_Properties.testPropertyGetSecond,0.05547226386806597,0.031698042916415675,0.019548872180451128,0.09509412874924703,0.025210284233129616,0.02792136041325796,0.016812274523362588,8.113943028485757,5.240968100092792,2.3728710462287106,15.722904300278376,4.077986111557837,4.654121722769392,2.343785360139896,"[""LocalTime$Property"", ""Chronology"", ""LocalTime"", ""TestLocalTime_Properties""]","[0.05547226386806597, 0.020072992700729927, 0.019548872180451128]","[8.113943028485757, 2.3728710462287106, 5.23609022556391]"
org.joda.time.TestLocalTime_Properties.testPropertyGetMilli,0.05547226386806597,0.031698042916415675,0.019548872180451128,0.09509412874924703,0.025210284233129616,0.02792136041325796,0.016812274523362588,8.113943028485757,5.240968100092792,2.3728710462287106,15.722904300278376,4.077986111557837,4.654121722769392,2.343785360139896,"[""LocalTime$Property"", ""Chronology"", ""LocalTime"", ""TestLocalTime_Properties""]","[0.05547226386806597, 0.020072992700729927, 0.019548872180451128]","[8.113943028485757, 2.3728710462287106, 5.23609022556391]"
org.joda.time.TestDays.testFactory_daysBetween_RPartial_MonthDay,0.044534412955465584,0.031661621135305344,0.023423423423423424,0.09498486340591604,0.029369480386116247,0.03043557135502388,0.009220559153936544,7.753036437246964,4.549510644247486,2.745945945945946,13.64853193274246,3.7006852584686176,4.062600191948944,2.2712195104569046,"[""MonthDay"", ""Days"", ""TestDays""]","[0.044534412955465584, 0.02702702702702703, 0.023423423423423424]","[7.753036437246964, 3.1495495495495494, 2.745945945945946]"
org.joda.time.TestMonths.testFactory_monthsBetween_RPartial_MonthDay,0.044534412955465584,0.031661621135305344,0.023423423423423424,0.09498486340591604,0.029369480386116247,0.03043557135502388,0.009220559153936544,7.753036437246964,4.207168301905145,2.2414414414414416,12.621504905715433,3.1387922502332946,3.5740003254126185,2.5122439751315553,"[""MonthDay"", ""Months"", ""TestMonths""]","[0.044534412955465584, 0.02702702702702703, 0.023423423423423424]","[7.753036437246964, 2.627027027027027, 2.2414414414414416]"
org.joda.time.TestMonthDay_Basics.testToString_DTFormatter,0.044534412955465584,0.03166054289757709,0.024291497975708502,0.09498162869273127,0.029453990680167855,0.03047232258099529,0.00913495946179788,7.753036437246964,5.44961927558931,2.9197080291970803,16.34885782676793,4.632069948512475,5.046079671210776,1.9796869370063406,"[""MonthDay"", ""DateTimeFormat"", ""TestMonthDay_Basics""]","[0.044534412955465584, 0.026155717761557177, 0.024291497975708502]","[7.753036437246964, 2.9197080291970803, 5.676113360323886]"
org.joda.time.TestDateMidnight_Basics.testToMutableDateTime_Chronology,0.03527980535279805,0.03164507472326297,0.026200873362445413,0.09493522416978892,0.031119428518107638,0.03138814816367129,0.003921087414386311,4.203771289537713,4.005323613207909,3.7743813682678313,12.015970839623726,3.997419161588308,4.001386841050966,0.17679715092710915,"[""TestDateMidnight_Basics"", ""DateMidnight"", ""MutableDateTime""]","[0.03527980535279805, 0.03345454545454545, 0.026200873362445413]","[4.203771289537713, 4.0378181818181815, 3.7743813682678313]"
org.joda.time.TestDateMidnight_Basics.testToMutableDateTime_DateTimeZone,0.03527980535279805,0.03164507472326297,0.026200873362445413,0.09493522416978892,0.031119428518107638,0.03138814816367129,0.003921087414386311,4.203771289537713,4.005323613207909,3.7743813682678313,12.015970839623726,3.997419161588308,4.001386841050966,0.17679715092710915,"[""TestDateMidnight_Basics"", ""DateMidnight"", ""MutableDateTime""]","[0.03527980535279805, 0.03345454545454545, 0.026200873362445413]","[4.203771289537713, 4.0378181818181815, 3.7743813682678313]"
org.joda.time.TestDateMidnight_Basics.testToMutableDateTimeISO,0.03527980535279805,0.03164507472326297,0.026200873362445413,0.09493522416978892,0.031119428518107638,0.03138814816367129,0.003921087414386311,4.203771289537713,4.005323613207909,3.7743813682678313,12.015970839623726,3.997419161588308,4.001386841050966,0.17679715092710915,"[""TestDateMidnight_Basics"", ""DateMidnight"", ""Object"", ""MutableDateTime""]","[0.03527980535279805, 0.03345454545454545, 0.026200873362445413]","[4.203771289537713, 4.0378181818181815, 3.7743813682678313]"
org.joda.time.TestDateMidnight_Basics.testToMutableDateTime,0.03527980535279805,0.03164507472326297,0.026200873362445413,0.09493522416978892,0.031119428518107638,0.03138814816367129,0.003921087414386311,4.203771289537713,4.005323613207909,3.7743813682678313,12.015970839623726,3.997419161588308,4.001386841050966,0.17679715092710915,"[""TestDateMidnight_Basics"", ""DateMidnight"", ""MutableDateTime""]","[0.03527980535279805, 0.03345454545454545, 0.026200873362445413]","[4.203771289537713, 4.0378181818181815, 3.7743813682678313]"
org.joda.time.TestMutablePeriod_Constructors.testConstructor_Object_PeriodType4,0.031857031857031856,0.023678803333309448,0.020139426800929512,0.09471521333323779,0.02289481077688723,0.02325787061986942,0.004756173238861503,5.1313131313131315,4.044774173287206,3.2222222222222223,16.179096693148825,3.9355122255653288,3.9887405482999494,0.6879025229638301,"[""PeriodType"", ""MutablePeriod"", ""Period"", ""TestMutablePeriod_Constructors""]","[0.031857031857031856, 0.021756021756021756, 0.02096273291925466, 0.020139426800929512]","[5.1313131313131315, 3.2222222222222223, 3.9332298136645965, 3.892331525948877]"
org.joda.time.TestMutablePeriod_Constructors.testConstructor_Object4,0.031857031857031856,0.023678803333309448,0.020139426800929512,0.09471521333323779,0.02289481077688723,0.02325787061986942,0.004756173238861503,5.1313131313131315,4.044774173287206,3.2222222222222223,16.179096693148825,3.9355122255653288,3.9887405482999494,0.6879025229638301,"[""PeriodType"", ""MutablePeriod"", ""Period"", ""TestMutablePeriod_Constructors""]","[0.031857031857031856, 0.021756021756021756, 0.02096273291925466, 0.020139426800929512]","[5.1313131313131315, 3.2222222222222223, 3.9332298136645965, 3.892331525948877]"
org.joda.time.TestMutablePeriod_Constructors.testConstructor_Object3,0.031857031857031856,0.023678803333309448,0.020139426800929512,0.09471521333323779,0.02289481077688723,0.02325787061986942,0.004756173238861503,5.1313131313131315,4.044774173287206,3.2222222222222223,16.179096693148825,3.9355122255653288,3.9887405482999494,0.6879025229638301,"[""PeriodType"", ""MutablePeriod"", ""Period"", ""TestMutablePeriod_Constructors""]","[0.031857031857031856, 0.021756021756021756, 0.02096273291925466, 0.020139426800929512]","[5.1313131313131315, 3.2222222222222223, 3.9332298136645965, 3.892331525948877]"
org.joda.time.TestMutablePeriod_Constructors.testConstructor_Object_PeriodType3,0.031857031857031856,0.023678803333309448,0.020139426800929512,0.09471521333323779,0.02289481077688723,0.02325787061986942,0.004756173238861503,5.1313131313131315,4.044774173287206,3.2222222222222223,16.179096693148825,3.9355122255653288,3.9887405482999494,0.6879025229638301,"[""PeriodType"", ""MutablePeriod"", ""Period"", ""TestMutablePeriod_Constructors""]","[0.031857031857031856, 0.021756021756021756, 0.02096273291925466, 0.020139426800929512]","[5.1313131313131315, 3.2222222222222223, 3.9332298136645965, 3.892331525948877]"
org.joda.time.TestLocalTime_Constructors.testFactory_FromDateFields_before1970,0.05547226386806597,0.031561599674248854,0.007633587786259542,0.09468479902274655,0.016602682355287432,0.023735629156189257,0.019530061580750657,8.113943028485757,4.498588635430319,0.14122137404580154,13.495765906290957,0.40567164040369486,1.817625922894732,3.296868207594232,"[""GregorianCalendar"", ""TestLocalTime_Constructors"", ""LocalTime""]","[0.05547226386806597, 0.031578947368421054, 0.007633587786259542]","[8.113943028485757, 5.2406015037593985, 0.14122137404580154]"
org.joda.time.TestLocalTime_Constructors.testFactory_FromCalendarFields_Calendar,0.05547226386806597,0.031561599674248854,0.007633587786259542,0.09468479902274655,0.016602682355287432,0.023735629156189257,0.019530061580750657,8.113943028485757,4.498588635430319,0.14122137404580154,13.495765906290957,0.40567164040369486,1.817625922894732,3.296868207594232,"[""GregorianCalendar"", ""TestLocalTime_Constructors"", ""LocalTime""]","[0.05547226386806597, 0.031578947368421054, 0.007633587786259542]","[8.113943028485757, 5.2406015037593985, 0.14122137404580154]"
org.joda.time.TestLocalTime_Constructors.testFactory_FromDateFields_after1970,0.05547226386806597,0.031561599674248854,0.007633587786259542,0.09468479902274655,0.016602682355287432,0.023735629156189257,0.019530061580750657,8.113943028485757,4.498588635430319,0.14122137404580154,13.495765906290957,0.40567164040369486,1.817625922894732,3.296868207594232,"[""GregorianCalendar"", ""TestLocalTime_Constructors"", ""LocalTime""]","[0.05547226386806597, 0.031578947368421054, 0.007633587786259542]","[8.113943028485757, 5.2406015037593985, 0.14122137404580154]"
org.joda.time.TestPartial_Constructors.testConstructor_Partial,0.03952011291460833,0.02365668463679242,0.012471655328798186,0.09462673854716969,0.01979217148931271,0.02159564785204718,0.010173374157602498,3.6621315192743764,2.890517057126768,2.129251700680272,11.562068228507073,2.7156093214071015,2.8017464908717002,0.7107632495930076,"[""Partial"", ""YearMonthDay"", ""DateTimeFieldType"", ""TestPartial_Constructors""]","[0.03952011291460833, 0.024943310657596373, 0.017691659646166806, 0.012471655328798186]","[3.5356386732533522, 3.6621315192743764, 2.2350463352990735, 2.129251700680272]"
org.joda.time.TestYearMonth_Basics.testToDateTime_RI,0.041970802919708027,0.031534127289025486,0.01644736842105263,0.09460238186707645,0.026723093823057206,0.02923171303515797,0.010926386494387012,6.592105263157895,5.631744354804286,4.309210526315789,16.895233064412857,5.448666064410523,5.542565874020649,0.9665329837222731,"[""DateTime"", ""DateTime$Property"", ""YearMonth"", ""TestYearMonth_Basics""]","[0.041970802919708027, 0.03618421052631579, 0.01644736842105263]","[5.9939172749391725, 6.592105263157895, 4.309210526315789]"
org.joda.time.convert.TestReadableIntervalConverter.testSetIntoInterval_Object3,0.023114355231143552,0.01890334569031784,0.013741411617738912,0.09451672845158919,0.018228758987257964,0.018571683637609054,0.003453395012298162,2.911192214111922,1.3078370488028863,0.37414116177389134,6.539185244014432,0.844502441890833,1.053010361992112,0.8655418756485448,"[""TestReadableIntervalConverter$1"", ""ReadableIntervalConverter"", ""GJChronology"", ""BuddhistChronology"", ""TestReadableIntervalConverter"", ""MutableInterval""]","[0.023114355231143552, 0.02188679245283019, 0.019350811485642945, 0.016423357664233577, 0.013741411617738912]","[2.911192214111922, 0.7849056603773585, 1.3320848938826466, 1.1368613138686132, 0.37414116177389134]"
org.joda.time.TestLocalTime_Basics.testWithFieldAdded_DurationFieldType_int_1,0.05547226386806597,0.031505177790971624,0.013479359730412805,0.09451553337291486,0.022842841222128322,0.026737705981858168,0.01765077899530713,8.113943028485757,4.8210131475488955,1.2468407750631845,14.463039442646686,2.67555327003571,3.7233602238562558,2.81052739345362,"[""TestLocalTime_Basics"", ""LocalTime"", ""DurationFieldType""]","[0.05547226386806597, 0.02556390977443609, 0.013479359730412805]","[8.113943028485757, 5.102255639097744, 1.2468407750631845]"
org.joda.time.TestLocalTime_Basics.testWithFieldAdded_DurationFieldType_int_8,0.05547226386806597,0.031505177790971624,0.013479359730412805,0.09451553337291486,0.022842841222128322,0.026737705981858168,0.01765077899530713,8.113943028485757,4.8210131475488955,1.2468407750631845,14.463039442646686,2.67555327003571,3.7233602238562558,2.81052739345362,"[""TestLocalTime_Basics"", ""LocalTime"", ""DurationFieldType""]","[0.05547226386806597, 0.02556390977443609, 0.013479359730412805]","[8.113943028485757, 5.102255639097744, 1.2468407750631845]"
org.joda.time.TestLocalTime_Basics.testWithFieldAdded_DurationFieldType_int_7,0.05547226386806597,0.031505177790971624,0.013479359730412805,0.09451553337291486,0.022842841222128322,0.026737705981858168,0.01765077899530713,8.113943028485757,4.8210131475488955,1.2468407750631845,14.463039442646686,2.67555327003571,3.7233602238562558,2.81052739345362,"[""TestLocalTime_Basics"", ""LocalTime"", ""DurationFieldType""]","[0.05547226386806597, 0.02556390977443609, 0.013479359730412805]","[8.113943028485757, 5.102255639097744, 1.2468407750631845]"
org.joda.time.TestLocalTime_Basics.testWithFieldAdded_DurationFieldType_int_6,0.05547226386806597,0.031505177790971624,0.013479359730412805,0.09451553337291486,0.022842841222128322,0.026737705981858168,0.01765077899530713,8.113943028485757,4.8210131475488955,1.2468407750631845,14.463039442646686,2.67555327003571,3.7233602238562558,2.81052739345362,"[""TestLocalTime_Basics"", ""LocalTime"", ""DurationFieldType""]","[0.05547226386806597, 0.02556390977443609, 0.013479359730412805]","[8.113943028485757, 5.102255639097744, 1.2468407750631845]"
org.joda.time.TestLocalTime_Basics.testIsSupported_DurationFieldType,0.05547226386806597,0.031505177790971624,0.013479359730412805,0.09451553337291486,0.022842841222128322,0.026737705981858168,0.01765077899530713,8.113943028485757,4.8210131475488955,1.2468407750631845,14.463039442646686,2.67555327003571,3.7233602238562558,2.81052739345362,"[""TestLocalTime_Basics"", ""LocalTime"", ""DurationFieldType""]","[0.05547226386806597, 0.02556390977443609, 0.013479359730412805]","[8.113943028485757, 5.102255639097744, 1.2468407750631845]"
org.joda.time.TestLocalTime_Basics.testWithFieldAdded_DurationFieldType_int_4,0.05547226386806597,0.031505177790971624,0.013479359730412805,0.09451553337291486,0.022842841222128322,0.026737705981858168,0.01765077899530713,8.113943028485757,4.8210131475488955,1.2468407750631845,14.463039442646686,2.67555327003571,3.7233602238562558,2.81052739345362,"[""TestLocalTime_Basics"", ""LocalTime"", ""DurationFieldType""]","[0.05547226386806597, 0.02556390977443609, 0.013479359730412805]","[8.113943028485757, 5.102255639097744, 1.2468407750631845]"
org.joda.time.TestLocalTime_Basics.testWithFieldAdded_DurationFieldType_int_5,0.05547226386806597,0.031505177790971624,0.013479359730412805,0.09451553337291486,0.022842841222128322,0.026737705981858168,0.01765077899530713,8.113943028485757,4.8210131475488955,1.2468407750631845,14.463039442646686,2.67555327003571,3.7233602238562558,2.81052739345362,"[""TestLocalTime_Basics"", ""LocalTime"", ""DurationFieldType""]","[0.05547226386806597, 0.02556390977443609, 0.013479359730412805]","[8.113943028485757, 5.102255639097744, 1.2468407750631845]"
org.joda.time.TestStringConvert.testLocalDate,0.0718562874251497,0.04722757874082344,0.022598870056497175,0.09445515748164687,0.03438395415472779,0.04029728157411204,0.02462870868432626,10.74251497005988,5.975777259041239,1.2090395480225988,11.951554518082478,2.17346210894598,3.603904194623825,4.76673771101864,"[""StringConvert"", ""TestStringConvert"", ""LocalDate""]","[0.0718562874251497, 0.022598870056497175]","[10.74251497005988, 1.2090395480225988]"
org.joda.time.TestLocalDateTime_Constructors.testConstructor_Object1,0.061377245508982034,0.03136906777162974,0.0026666666666666666,0.09410720331488921,0.007066208285333309,0.01700869067695374,0.023986271163038277,11.95808383233533,5.695510363239766,0.04933333333333333,17.086531089719298,0.14597985746715966,1.441661617931417,4.881225463586909,"[""TestLocalDateTime_Constructors"", ""LocalDateTime"", ""Date""]","[0.061377245508982034, 0.030063291139240507, 0.0026666666666666666]","[11.95808383233533, 5.079113924050633, 0.04933333333333333]"
org.joda.time.TestLocalDateTime_Constructors.testConstructor_Object_nullChronology,0.061377245508982034,0.03136906777162974,0.0026666666666666666,0.09410720331488921,0.007066208285333309,0.01700869067695374,0.023986271163038277,11.95808383233533,5.695510363239766,0.04933333333333333,17.086531089719298,0.14597985746715966,1.441661617931417,4.881225463586909,"[""TestLocalDateTime_Constructors"", ""LocalDateTime"", ""Date""]","[0.061377245508982034, 0.030063291139240507, 0.0026666666666666666]","[11.95808383233533, 5.079113924050633, 0.04933333333333333]"
org.joda.time.TestLocalDateTime_Constructors.testConstructor_Object_nullDateTimeZone,0.061377245508982034,0.03136906777162974,0.0026666666666666666,0.09410720331488921,0.007066208285333309,0.01700869067695374,0.023986271163038277,11.95808383233533,5.695510363239766,0.04933333333333333,17.086531089719298,0.14597985746715966,1.441661617931417,4.881225463586909,"[""TestLocalDateTime_Constructors"", ""LocalDateTime"", ""Date""]","[0.061377245508982034, 0.030063291139240507, 0.0026666666666666666]","[11.95808383233533, 5.079113924050633, 0.04933333333333333]"
org.joda.time.TestLocalDateTime_Constructors.testConstructor_Object_DateTimeZone,0.061377245508982034,0.03136906777162974,0.0026666666666666666,0.09410720331488921,0.007066208285333309,0.01700869067695374,0.023986271163038277,11.95808383233533,5.695510363239766,0.04933333333333333,17.086531089719298,0.14597985746715966,1.441661617931417,4.881225463586909,"[""TestLocalDateTime_Constructors"", ""LocalDateTime"", ""Date""]","[0.061377245508982034, 0.030063291139240507, 0.0026666666666666666]","[11.95808383233533, 5.079113924050633, 0.04933333333333333]"
org.joda.time.TestLocalDateTime_Constructors.testConstructor_Object_Chronology,0.061377245508982034,0.03136906777162974,0.0026666666666666666,0.09410720331488921,0.007066208285333309,0.01700869067695374,0.023986271163038277,11.95808383233533,5.695510363239766,0.04933333333333333,17.086531089719298,0.14597985746715966,1.441661617931417,4.881225463586909,"[""TestLocalDateTime_Constructors"", ""LocalDateTime"", ""Date""]","[0.061377245508982034, 0.030063291139240507, 0.0026666666666666666]","[11.95808383233533, 5.079113924050633, 0.04933333333333333]"
org.joda.time.convert.TestConverterManager.testGetDurationConverter,0.02372034956304619,0.01878595172557539,0.009768009768009768,0.09392975862787695,0.016921846304405852,0.01793791247693589,0.005037714728165132,3.8930722891566263,1.7537389587985228,0.15445665445665446,8.768694793992614,0.578661845646129,1.185124971948406,1.2036234469824811,"[""TestConverterManager"", ""DurationConverter"", ""Interval"", ""Duration"", ""ConverterManager"", ""Long""]","[0.02372034956304619, 0.022590361445783132, 0.020757020757020756, 0.017094017094017096, 0.009768009768009768]","[1.618601747815231, 3.8930722891566263, 1.6178266178266179, 1.4847374847374848, 0.15445665445665446]"
org.joda.time.TestMutableInterval_Constructors.testConstructor_long_long2,0.041970802919708027,0.023459408101884276,0.015206812652068127,0.0938376324075371,0.020096843313255838,0.021502573772051094,0.01078752323059493,5.9939172749391725,2.6185961917409473,0.7195863746958637,10.474384766963789,1.4711547708830144,1.9327654990367902,2.042679982730886,"[""MutableInterval"", ""TestMutableInterval_Constructors"", ""ISOChronology"", ""DateTime""]","[0.041970802919708027, 0.019350811485642945, 0.01730920535011802, 0.015206812652068127]","[5.9939172749391725, 1.3320848938826466, 2.4287962234461054, 0.7195863746958637]"
org.joda.time.TestMutableInterval_Constructors.testParse_noFormatter,0.041970802919708027,0.023459408101884276,0.015206812652068127,0.0938376324075371,0.020096843313255838,0.021502573772051094,0.01078752323059493,5.9939172749391725,2.6185961917409473,0.7195863746958637,10.474384766963789,1.4711547708830144,1.9327654990367902,2.042679982730886,"[""DateTime"", ""MutableInterval"", ""TestMutableInterval_Constructors"", ""ISOChronology""]","[0.041970802919708027, 0.019350811485642945, 0.01730920535011802, 0.015206812652068127]","[5.9939172749391725, 1.3320848938826466, 2.4287962234461054, 0.7195863746958637]"
org.joda.time.TestMutableInterval_Constructors.testConstructor_long_long_Chronology2,0.041970802919708027,0.023459408101884276,0.015206812652068127,0.0938376324075371,0.020096843313255838,0.021502573772051094,0.01078752323059493,5.9939172749391725,2.6185961917409473,0.7195863746958637,10.474384766963789,1.4711547708830144,1.9327654990367902,2.042679982730886,"[""MutableInterval"", ""TestMutableInterval_Constructors"", ""ISOChronology"", ""DateTime""]","[0.041970802919708027, 0.019350811485642945, 0.01730920535011802, 0.015206812652068127]","[5.9939172749391725, 1.3320848938826466, 2.4287962234461054, 0.7195863746958637]"
org.joda.time.TestMutableInterval_Constructors.testConstructor_long_long1,0.041970802919708027,0.023459408101884276,0.015206812652068127,0.0938376324075371,0.020096843313255838,0.021502573772051094,0.01078752323059493,5.9939172749391725,2.6185961917409473,0.7195863746958637,10.474384766963789,1.4711547708830144,1.9327654990367902,2.042679982730886,"[""MutableInterval"", ""TestMutableInterval_Constructors"", ""ISOChronology"", ""DateTime""]","[0.041970802919708027, 0.019350811485642945, 0.01730920535011802, 0.015206812652068127]","[5.9939172749391725, 1.3320848938826466, 2.4287962234461054, 0.7195863746958637]"
org.joda.time.TestDateMidnight_Constructors.testConstructor_badconverterObject_Chronology,0.03345454545454545,0.018763019300245577,0.011636363636363636,0.0938150965012279,0.016612526816289892,0.017543786747880423,0.007583354829545841,4.0378181818181815,1.7350655239326773,0.6593673965936739,8.675327619663387,1.1386341044083605,1.382239141761314,1.229240420975052,"[""Integer"", ""DateMidnight"", ""GregorianChronology"", ""TestDateMidnight_Constructors"", ""ISOChronology"", ""ConverterManager""]","[0.03345454545454545, 0.017094017094017096, 0.016423357664233577, 0.015206812652068127, 0.011636363636363636]","[4.0378181818181815, 1.4847374847374848, 0.6593673965936739, 0.7195863746958637, 1.7738181818181817]"
org.joda.time.TestDateMidnight_Constructors.testConstructor_badconverterObject_DateTimeZone,0.03345454545454545,0.018763019300245577,0.011636363636363636,0.0938150965012279,0.016612526816289892,0.017543786747880423,0.007583354829545841,4.0378181818181815,1.7350655239326773,0.6593673965936739,8.675327619663387,1.1386341044083605,1.382239141761314,1.229240420975052,"[""Integer"", ""DateMidnight"", ""GregorianChronology"", ""TestDateMidnight_Constructors"", ""ISOChronology"", ""ConverterManager""]","[0.03345454545454545, 0.017094017094017096, 0.016423357664233577, 0.015206812652068127, 0.011636363636363636]","[4.0378181818181815, 1.4847374847374848, 0.6593673965936739, 0.7195863746958637, 1.7738181818181817]"
org.joda.time.chrono.TestBuddhistChronology.testCalendar,0.041970802919708027,0.02341849148418491,0.015206812652068127,0.09367396593673964,0.019970727141454845,0.02141730826591571,0.01085983641810044,5.9939172749391725,2.8791058394160585,1.254257907542579,11.516423357664234,2.0907928009377,2.41138658958437,1.8416145716599006,"[""PrintStream"", ""DateTimeField"", ""TestBuddhistChronology"", ""DateTime"", ""Chronology""]","[0.041970802919708027, 0.020072992700729927, 0.016423357664233577, 0.015206812652068127]","[5.9939172749391725, 2.3728710462287106, 1.8953771289537713, 1.254257907542579]"
org.joda.time.chrono.TestLenientChronology.test_lenientChrononolgy_Turk,0.041970802919708027,0.0234115122747583,0.009157509157509158,0.0936460490990332,0.0169922472161698,0.019988251651269866,0.012551358339791256,5.9939172749391725,2.2465140651057354,0.5561660561660562,8.986056260422941,1.0159590590538254,1.4244700250968714,2.2086676163192003,"[""LenientChronology"", ""TestLenientChronology"", ""DateTime"", ""ISOChronology""]","[0.041970802919708027, 0.0273109243697479, 0.015206812652068127, 0.009157509157509158]","[5.9939172749391725, 1.7163865546218486, 0.7195863746958637, 0.5561660561660562]"
org.joda.time.chrono.TestLenientChronology.test_setHourOfDay,0.041970802919708027,0.0234115122747583,0.009157509157509158,0.0936460490990332,0.0169922472161698,0.019988251651269866,0.012551358339791256,5.9939172749391725,2.2465140651057354,0.5561660561660562,8.986056260422941,1.0159590590538254,1.4244700250968714,2.2086676163192003,"[""LenientChronology"", ""TestLenientChronology"", ""DateTime"", ""ISOChronology""]","[0.041970802919708027, 0.0273109243697479, 0.015206812652068127, 0.009157509157509158]","[5.9939172749391725, 1.7163865546218486, 0.7195863746958637, 0.5561660561660562]"
org.joda.time.chrono.TestLenientChronology.test_setMonthOfYear,0.041970802919708027,0.0234115122747583,0.009157509157509158,0.0936460490990332,0.0169922472161698,0.019988251651269866,0.012551358339791256,5.9939172749391725,2.2465140651057354,0.5561660561660562,8.986056260422941,1.0159590590538254,1.4244700250968714,2.2086676163192003,"[""LenientChronology"", ""TestLenientChronology"", ""DateTime"", ""ISOChronology""]","[0.041970802919708027, 0.0273109243697479, 0.015206812652068127, 0.009157509157509158]","[5.9939172749391725, 1.7163865546218486, 0.7195863746958637, 0.5561660561660562]"
org.joda.time.chrono.TestLenientChronology.test_setYear,0.041970802919708027,0.0234115122747583,0.009157509157509158,0.0936460490990332,0.0169922472161698,0.019988251651269866,0.012551358339791256,5.9939172749391725,2.2465140651057354,0.5561660561660562,8.986056260422941,1.0159590590538254,1.4244700250968714,2.2086676163192003,"[""LenientChronology"", ""TestLenientChronology"", ""DateTime"", ""ISOChronology""]","[0.041970802919708027, 0.0273109243697479, 0.015206812652068127, 0.009157509157509158]","[5.9939172749391725, 1.7163865546218486, 0.7195863746958637, 0.5561660561660562]"
org.joda.time.chrono.TestLenientChronology.test_setDayOfMonth,0.041970802919708027,0.0234115122747583,0.009157509157509158,0.0936460490990332,0.0169922472161698,0.019988251651269866,0.012551358339791256,5.9939172749391725,2.2465140651057354,0.5561660561660562,8.986056260422941,1.0159590590538254,1.4244700250968714,2.2086676163192003,"[""LenientChronology"", ""TestLenientChronology"", ""DateTime"", ""ISOChronology""]","[0.041970802919708027, 0.0273109243697479, 0.015206812652068127, 0.009157509157509158]","[5.9939172749391725, 1.7163865546218486, 0.7195863746958637, 0.5561660561660562]"
org.joda.time.TestMutableDateTime_Sets.testSetDate_RI1,0.041970802919708027,0.031198444461315793,0.01634472511144131,0.09359533338394738,0.026466058011059685,0.028925687697854162,0.010852560251041398,5.9939172749391725,4.055742646801854,1.9695393759286777,12.167227940405562,3.287850049915624,3.674837708298519,1.6462763493844113,"[""TestMutableDateTime_Sets"", ""MutableDateTime"", ""DateTime""]","[0.041970802919708027, 0.03527980535279805, 0.01634472511144131]","[5.9939172749391725, 4.203771289537713, 1.9695393759286777]"
org.joda.time.TestMutableDateTime_Sets.testSetDate_long1,0.041970802919708027,0.031198444461315793,0.01634472511144131,0.09359533338394738,0.026466058011059685,0.028925687697854162,0.010852560251041398,5.9939172749391725,4.055742646801854,1.9695393759286777,12.167227940405562,3.287850049915624,3.674837708298519,1.6462763493844113,"[""TestMutableDateTime_Sets"", ""MutableDateTime"", ""DateTime""]","[0.041970802919708027, 0.03527980535279805, 0.01634472511144131]","[5.9939172749391725, 4.203771289537713, 1.9695393759286777]"
org.joda.time.TestMutableDateTime_Sets.testSetTime_RI2,0.041970802919708027,0.031198444461315793,0.01634472511144131,0.09359533338394738,0.026466058011059685,0.028925687697854162,0.010852560251041398,5.9939172749391725,4.055742646801854,1.9695393759286777,12.167227940405562,3.287850049915624,3.674837708298519,1.6462763493844113,"[""TestMutableDateTime_Sets"", ""MutableDateTime"", ""DateTime""]","[0.041970802919708027, 0.03527980535279805, 0.01634472511144131]","[5.9939172749391725, 4.203771289537713, 1.9695393759286777]"
org.joda.time.TestMutableDateTime_Sets.testSetTime_RI1,0.041970802919708027,0.031198444461315793,0.01634472511144131,0.09359533338394738,0.026466058011059685,0.028925687697854162,0.010852560251041398,5.9939172749391725,4.055742646801854,1.9695393759286777,12.167227940405562,3.287850049915624,3.674837708298519,1.6462763493844113,"[""TestMutableDateTime_Sets"", ""MutableDateTime"", ""DateTime""]","[0.041970802919708027, 0.03527980535279805, 0.01634472511144131]","[5.9939172749391725, 4.203771289537713, 1.9695393759286777]"
org.joda.time.TestMutableDateTime_Sets.testSetTime_long1,0.041970802919708027,0.031198444461315793,0.01634472511144131,0.09359533338394738,0.026466058011059685,0.028925687697854162,0.010852560251041398,5.9939172749391725,4.055742646801854,1.9695393759286777,12.167227940405562,3.287850049915624,3.674837708298519,1.6462763493844113,"[""TestMutableDateTime_Sets"", ""MutableDateTime"", ""DateTime""]","[0.041970802919708027, 0.03527980535279805, 0.01634472511144131]","[5.9939172749391725, 4.203771289537713, 1.9695393759286777]"
org.joda.time.TestTimeOfDay_Basics.testToString_DTFormatter,0.04654346338124572,0.031177504825378743,0.020833333333333332,0.09353251447613622,0.027850536722894777,0.029380647809740628,0.0110805070809332,4.317590691307323,3.6543310549829493,2.9197080291970803,10.962993164948848,3.560759051495719,3.607968265982422,0.5729098441428516,"[""DateTimeFormat"", ""TimeOfDay"", ""TestTimeOfDay_Basics""]","[0.04654346338124572, 0.026155717761557177, 0.020833333333333332]","[4.317590691307323, 2.9197080291970803, 3.7256944444444446]"
org.joda.time.chrono.TestGJChronology.testTimeOfDayAdd,0.04654346338124572,0.03112681544987185,0.023114355231143552,0.09338044634961555,0.02806300754484328,0.029442030482183364,0.010904044324328007,4.317590691307323,3.210689192317364,2.403284671532847,9.632067576952092,3.0266046899370584,3.1143865998425473,0.8096977684304364,"[""TestGJChronology"", ""GJChronology"", ""TimeOfDay""]","[0.04654346338124572, 0.023722627737226276, 0.023114355231143552]","[4.317590691307323, 2.403284671532847, 2.911192214111922]"
org.joda.time.convert.TestStringConverter.testSetIntoPeriod_Object6,0.025602409638554216,0.023337922336088914,0.02096273291925466,0.09335168934435566,0.0231644983616311,0.023251155824505605,0.002008528119998401,3.9332298136645965,2.578703690378651,0.8882783882783882,10.314814761514604,1.877334666308774,2.2486496324887892,1.1402877364758706,"[""StringConverter"", ""PeriodType"", ""MutablePeriod"", ""TestStringConverter""]","[0.025602409638554216, 0.025030525030525032, 0.021756021756021756, 0.02096273291925466]","[2.2710843373493974, 0.8882783882783882, 3.2222222222222223, 3.9332298136645965]"
org.joda.time.convert.TestStringConverter.testSetIntoPeriod_Object2,0.025602409638554216,0.023337922336088914,0.02096273291925466,0.09335168934435566,0.0231644983616311,0.023251155824505605,0.002008528119998401,3.9332298136645965,2.578703690378651,0.8882783882783882,10.314814761514604,1.877334666308774,2.2486496324887892,1.1402877364758706,"[""StringConverter"", ""PeriodType"", ""MutablePeriod"", ""TestStringConverter""]","[0.025602409638554216, 0.025030525030525032, 0.021756021756021756, 0.02096273291925466]","[2.2710843373493974, 0.8882783882783882, 3.2222222222222223, 3.9332298136645965]"
org.joda.time.convert.TestStringConverter.testSetIntoPeriod_Object3,0.025602409638554216,0.023337922336088914,0.02096273291925466,0.09335168934435566,0.0231644983616311,0.023251155824505605,0.002008528119998401,3.9332298136645965,2.578703690378651,0.8882783882783882,10.314814761514604,1.877334666308774,2.2486496324887892,1.1402877364758706,"[""StringConverter"", ""PeriodType"", ""MutablePeriod"", ""TestStringConverter""]","[0.025602409638554216, 0.025030525030525032, 0.021756021756021756, 0.02096273291925466]","[2.2710843373493974, 0.8882783882783882, 3.2222222222222223, 3.9332298136645965]"
org.joda.time.convert.TestStringConverter.testSetIntoPeriod_Object1,0.025602409638554216,0.023337922336088914,0.02096273291925466,0.09335168934435566,0.0231644983616311,0.023251155824505605,0.002008528119998401,3.9332298136645965,2.578703690378651,0.8882783882783882,10.314814761514604,1.877334666308774,2.2486496324887892,1.1402877364758706,"[""StringConverter"", ""PeriodType"", ""MutablePeriod"", ""TestStringConverter""]","[0.025602409638554216, 0.025030525030525032, 0.021756021756021756, 0.02096273291925466]","[2.2710843373493974, 0.8882783882783882, 3.2222222222222223, 3.9332298136645965]"
org.joda.time.convert.TestStringConverter.testSetIntoPeriod_Object5,0.025602409638554216,0.023337922336088914,0.02096273291925466,0.09335168934435566,0.0231644983616311,0.023251155824505605,0.002008528119998401,3.9332298136645965,2.578703690378651,0.8882783882783882,10.314814761514604,1.877334666308774,2.2486496324887892,1.1402877364758706,"[""StringConverter"", ""PeriodType"", ""MutablePeriod"", ""TestStringConverter""]","[0.025602409638554216, 0.025030525030525032, 0.021756021756021756, 0.02096273291925466]","[2.2710843373493974, 0.8882783882783882, 3.2222222222222223, 3.9332298136645965]"
org.joda.time.convert.TestStringConverter.testSetIntoPeriod_Object7,0.025602409638554216,0.023337922336088914,0.02096273291925466,0.09335168934435566,0.0231644983616311,0.023251155824505605,0.002008528119998401,3.9332298136645965,2.578703690378651,0.8882783882783882,10.314814761514604,1.877334666308774,2.2486496324887892,1.1402877364758706,"[""StringConverter"", ""PeriodType"", ""MutablePeriod"", ""TestStringConverter""]","[0.025602409638554216, 0.025030525030525032, 0.021756021756021756, 0.02096273291925466]","[2.2710843373493974, 0.8882783882783882, 3.2222222222222223, 3.9332298136645965]"
org.joda.time.convert.TestStringConverter.testSetIntoPeriod_Object4,0.025602409638554216,0.023337922336088914,0.02096273291925466,0.09335168934435566,0.0231644983616311,0.023251155824505605,0.002008528119998401,3.9332298136645965,2.578703690378651,0.8882783882783882,10.314814761514604,1.877334666308774,2.2486496324887892,1.1402877364758706,"[""StringConverter"", ""PeriodType"", ""MutablePeriod"", ""TestStringConverter""]","[0.025602409638554216, 0.025030525030525032, 0.021756021756021756, 0.02096273291925466]","[2.2710843373493974, 0.8882783882783882, 3.2222222222222223, 3.9332298136645965]"
org.joda.time.convert.TestNullConverter.testSetInto_Object_Chronology1,0.023114355231143552,0.0186365915907674,0.014005602240896359,0.093182957953837,0.017946840058127047,0.018293364978791003,0.003521359088907243,2.911192214111922,1.218592997131442,0.3487394957983193,6.09296498565721,0.7540137947019215,0.9466900842739352,0.9027287722844761,"[""NullConverter"", ""GJChronology"", ""MutableInterval"", ""TestNullConverter"", ""ISOChronology""]","[0.023114355231143552, 0.021505376344086023, 0.019350811485642945, 0.015206812652068127, 0.014005602240896359]","[2.911192214111922, 0.7813620071684588, 1.3320848938826466, 0.7195863746958637, 0.3487394957983193]"
org.joda.time.TestDateTime_Basics.testPlus_RD,0.041970802919708027,0.03093074914731331,0.020757020757020756,0.09279224744193994,0.028499646834847705,0.029697625557458758,0.008682128316729832,5.9939172749391725,4.088906279693107,1.6178266178266179,12.266718839079319,3.000681341652036,3.560574056021596,1.8308227041986733,"[""Duration"", ""TestDateTime_Basics"", ""DateTime""]","[0.041970802919708027, 0.030064423765211165, 0.020757020757020756]","[5.9939172749391725, 4.654974946313529, 1.6178266178266179]"
org.joda.time.TestDateTime_Basics.testWithDurationAdded_RD_int,0.041970802919708027,0.03093074914731331,0.020757020757020756,0.09279224744193994,0.028499646834847705,0.029697625557458758,0.008682128316729832,5.9939172749391725,4.088906279693107,1.6178266178266179,12.266718839079319,3.000681341652036,3.560574056021596,1.8308227041986733,"[""Duration"", ""TestDateTime_Basics"", ""DateTime""]","[0.041970802919708027, 0.030064423765211165, 0.020757020757020756]","[5.9939172749391725, 4.654974946313529, 1.6178266178266179]"
org.joda.time.TestDateTime_Basics.testMinus_RD,0.041970802919708027,0.03093074914731331,0.020757020757020756,0.09279224744193994,0.028499646834847705,0.029697625557458758,0.008682128316729832,5.9939172749391725,4.088906279693107,1.6178266178266179,12.266718839079319,3.000681341652036,3.560574056021596,1.8308227041986733,"[""Duration"", ""TestDateTime_Basics"", ""DateTime""]","[0.041970802919708027, 0.030064423765211165, 0.020757020757020756]","[5.9939172749391725, 4.654974946313529, 1.6178266178266179]"
org.joda.time.TestPeriod_Basics.testWithField3,0.031857031857031856,0.023158824503901786,0.013479359730412805,0.09263529801560715,0.020914810043205594,0.022065754773210287,0.006787289856913268,6.344694035631294,4.164019438918052,1.2468407750631845,16.656077755672207,2.839366577898501,3.554674838255297,1.8877363422941555,"[""Period"", ""PeriodType"", ""TestPeriod_Basics"", ""DurationFieldType""]","[0.031857031857031856, 0.026336173508907823, 0.02096273291925466, 0.013479359730412805]","[5.1313131313131315, 6.344694035631294, 3.9332298136645965, 1.2468407750631845]"
org.joda.time.TestPeriod_Basics.testWithField4,0.031857031857031856,0.023158824503901786,0.013479359730412805,0.09263529801560715,0.020914810043205594,0.022065754773210287,0.006787289856913268,6.344694035631294,4.164019438918052,1.2468407750631845,16.656077755672207,2.839366577898501,3.554674838255297,1.8877363422941555,"[""Period"", ""PeriodType"", ""TestPeriod_Basics"", ""DurationFieldType""]","[0.031857031857031856, 0.026336173508907823, 0.02096273291925466, 0.013479359730412805]","[5.1313131313131315, 6.344694035631294, 3.9332298136645965, 1.2468407750631845]"
org.joda.time.TestPeriod_Basics.testWithFieldAdded4,0.031857031857031856,0.023158824503901786,0.013479359730412805,0.09263529801560715,0.020914810043205594,0.022065754773210287,0.006787289856913268,6.344694035631294,4.164019438918052,1.2468407750631845,16.656077755672207,2.839366577898501,3.554674838255297,1.8877363422941555,"[""Period"", ""PeriodType"", ""TestPeriod_Basics"", ""DurationFieldType""]","[0.031857031857031856, 0.026336173508907823, 0.02096273291925466, 0.013479359730412805]","[5.1313131313131315, 6.344694035631294, 3.9332298136645965, 1.2468407750631845]"
org.joda.time.TestPeriod_Basics.testWithFieldAdded3,0.031857031857031856,0.023158824503901786,0.013479359730412805,0.09263529801560715,0.020914810043205594,0.022065754773210287,0.006787289856913268,6.344694035631294,4.164019438918052,1.2468407750631845,16.656077755672207,2.839366577898501,3.554674838255297,1.8877363422941555,"[""Period"", ""PeriodType"", ""TestPeriod_Basics"", ""DurationFieldType""]","[0.031857031857031856, 0.026336173508907823, 0.02096273291925466, 0.013479359730412805]","[5.1313131313131315, 6.344694035631294, 3.9332298136645965, 1.2468407750631845]"
org.joda.time.TestPeriod_Basics.testIndexOf,0.031857031857031856,0.023158824503901786,0.013479359730412805,0.09263529801560715,0.020914810043205594,0.022065754773210287,0.006787289856913268,6.344694035631294,4.164019438918052,1.2468407750631845,16.656077755672207,2.839366577898501,3.554674838255297,1.8877363422941555,"[""Period"", ""PeriodType"", ""TestPeriod_Basics"", ""DurationFieldType""]","[0.031857031857031856, 0.026336173508907823, 0.02096273291925466, 0.013479359730412805]","[5.1313131313131315, 6.344694035631294, 3.9332298136645965, 1.2468407750631845]"
org.joda.time.TestPeriod_Basics.testIsSupported,0.031857031857031856,0.023158824503901786,0.013479359730412805,0.09263529801560715,0.020914810043205594,0.022065754773210287,0.006787289856913268,6.344694035631294,4.164019438918052,1.2468407750631845,16.656077755672207,2.839366577898501,3.554674838255297,1.8877363422941555,"[""Period"", ""PeriodType"", ""TestPeriod_Basics"", ""DurationFieldType""]","[0.031857031857031856, 0.026336173508907823, 0.02096273291925466, 0.013479359730412805]","[5.1313131313131315, 6.344694035631294, 3.9332298136645965, 1.2468407750631845]"
org.joda.time.TestPeriod_Basics.testGet,0.031857031857031856,0.023158824503901786,0.013479359730412805,0.09263529801560715,0.020914810043205594,0.022065754773210287,0.006787289856913268,6.344694035631294,4.164019438918052,1.2468407750631845,16.656077755672207,2.839366577898501,3.554674838255297,1.8877363422941555,"[""Period"", ""PeriodType"", ""TestPeriod_Basics"", ""DurationFieldType""]","[0.031857031857031856, 0.026336173508907823, 0.02096273291925466, 0.013479359730412805]","[5.1313131313131315, 6.344694035631294, 3.9332298136645965, 1.2468407750631845]"
org.joda.time.convert.TestStringConverter.testGetInstantMillis_Object_Zone,0.041970802919708027,0.030867912529595753,0.025030525030525032,0.09260373758878726,0.029172626391664024,0.029961670684604445,0.007854399797241488,5.9939172749391725,3.0510933335223194,0.8882783882783882,9.153280000566959,1.7311747574741294,2.2952554869140065,2.1561072384939037,"[""TestStringConverter"", ""StringConverter"", ""DateTime""]","[0.041970802919708027, 0.025602409638554216, 0.025030525030525032]","[5.9939172749391725, 2.2710843373493974, 0.8882783882783882]"
org.joda.time.convert.TestStringConverter.testGetInstantMillis_Object,0.041970802919708027,0.030867912529595753,0.025030525030525032,0.09260373758878726,0.029172626391664024,0.029961670684604445,0.007854399797241488,5.9939172749391725,3.0510933335223194,0.8882783882783882,9.153280000566959,1.7311747574741294,2.2952554869140065,2.1561072384939037,"[""TestStringConverter"", ""StringConverter"", ""DateTime""]","[0.041970802919708027, 0.025602409638554216, 0.025030525030525032]","[5.9939172749391725, 2.2710843373493974, 0.8882783882783882]"
org.joda.time.TestSerialization.testSerializedLocalTime,0.05547226386806597,0.023131482953828178,0.007633587786259542,0.09252593181531271,0.012272685810950885,0.01629034017431501,0.019545489371274965,8.113943028485757,2.6928926988633606,0.09541984732824428,10.771570795453442,0.1963897336246084,0.6713664900235979,3.274087525070751,"[""StringBuilder"", ""ByteArrayOutputStream"", ""ObjectInputStream"", ""LocalTime"", ""TestSerialization"", ""FileInputStream"", ""ObjectOutputStream"", ""ByteArrayInputStream""]","[0.05547226386806597, 0.02178649237472767, 0.007633587786259542, 0.007633587786259542]","[8.113943028485757, 2.4553376906318083, 0.09541984732824428, 0.10687022900763359]"
org.joda.time.tz.TestCompiler.test_Amman_2006,0.041970802919708027,0.03084146223502013,0.012232415902140673,0.09252438670506039,0.022784004025331286,0.02699599987655729,0.013242668740082722,5.9939172749391725,3.4286554015342596,0.7920489296636085,10.28596620460278,1.7491708264321204,2.5517821793703677,2.1242529838655693,"[""DateTimeZone"", ""TestCompiler"", ""DateTime""]","[0.041970802919708027, 0.03832116788321168, 0.012232415902140673]","[5.9939172749391725, 3.5, 0.7920489296636085]"
org.joda.time.tz.TestCompiler.test_Amman_2004,0.041970802919708027,0.03084146223502013,0.012232415902140673,0.09252438670506039,0.022784004025331286,0.02699599987655729,0.013242668740082722,5.9939172749391725,3.4286554015342596,0.7920489296636085,10.28596620460278,1.7491708264321204,2.5517821793703677,2.1242529838655693,"[""DateTimeZone"", ""TestCompiler"", ""DateTime""]","[0.041970802919708027, 0.03832116788321168, 0.012232415902140673]","[5.9939172749391725, 3.5, 0.7920489296636085]"
org.joda.time.tz.TestCompiler.test_Amman_2005,0.041970802919708027,0.03084146223502013,0.012232415902140673,0.09252438670506039,0.022784004025331286,0.02699599987655729,0.013242668740082722,5.9939172749391725,3.4286554015342596,0.7920489296636085,10.28596620460278,1.7491708264321204,2.5517821793703677,2.1242529838655693,"[""DateTimeZone"", ""TestCompiler"", ""DateTime""]","[0.041970802919708027, 0.03832116788321168, 0.012232415902140673]","[5.9939172749391725, 3.5, 0.7920489296636085]"
org.joda.time.tz.TestCompiler.test_Amman_2003,0.041970802919708027,0.03084146223502013,0.012232415902140673,0.09252438670506039,0.022784004025331286,0.02699599987655729,0.013242668740082722,5.9939172749391725,3.4286554015342596,0.7920489296636085,10.28596620460278,1.7491708264321204,2.5517821793703677,2.1242529838655693,"[""DateTimeZone"", ""TestCompiler"", ""DateTime""]","[0.041970802919708027, 0.03832116788321168, 0.012232415902140673]","[5.9939172749391725, 3.5, 0.7920489296636085]"
org.joda.time.TestMonths.testFactory_monthsBetween_RInstant,0.041970802919708027,0.030807084456719494,0.023423423423423424,0.09242125337015848,0.028980356681313,0.029839987775467047,0.008029858744030704,5.9939172749391725,3.620795247802547,2.2414414414414416,10.862385743407641,3.019215136446237,3.2802043051800704,1.6854178864035727,"[""Months"", ""TestMonths"", ""DateTime""]","[0.041970802919708027, 0.02702702702702703, 0.023423423423423424]","[5.9939172749391725, 2.627027027027027, 2.2414414414414416]"
org.joda.time.TestDays.testFactory_daysBetween_RInstant,0.041970802919708027,0.030807084456719494,0.023423423423423424,0.09242125337015848,0.028980356681313,0.029839987775467047,0.008029858744030704,5.9939172749391725,3.9631375901448895,2.745945945945946,11.889412770434669,3.5355896798704634,3.728639459012304,1.445400420492612,"[""Days"", ""TestDays"", ""DateTime""]","[0.041970802919708027, 0.02702702702702703, 0.023423423423423424]","[5.9939172749391725, 3.1495495495495494, 2.745945945945946]"
org.joda.time.TestTimeOfDay_Constructors.testConstructor_todObject,0.04654346338124572,0.03069795548665488,0.022569444444444444,0.09209386645996463,0.02744556644106817,0.02890120178694788,0.011205725510061468,4.317590691307323,2.7562193734527245,0.8850952068286277,8.268658120358173,1.7776793580766674,2.271258459053652,1.4183244652834257,"[""TestTimeOfDay_Constructors"", ""CopticChronology"", ""TimeOfDay""]","[0.04654346338124572, 0.02298095863427446, 0.022569444444444444]","[4.317590691307323, 0.8850952068286277, 3.0659722222222223]"
org.joda.time.format.TestISOPeriodFormat.testFormatStandard,0.031857031857031856,0.01841224501407568,0.009324009324009324,0.0920612250703784,0.015532782358522965,0.01688933017584066,0.007743899407117815,5.1313131313131315,2.350423705458031,0.6379176379176379,11.752118527290154,1.2549255679507574,1.6807323789179731,1.8277205920913047,"[""TestISOPeriodFormat"", ""PeriodFormatter"", ""ISOPeriodFormat"", ""PeriodType"", ""Period""]","[0.031857031857031856, 0.02096273291925466, 0.01670843776106934, 0.01320901320901321, 0.009324009324009324]","[5.1313131313131315, 3.9332298136645965, 0.9323308270676691, 0.6379176379176379, 1.1173271173271173]"
org.joda.time.format.TestISOPeriodFormat.testFormatAlternateExtendedWithWeeks,0.031857031857031856,0.01841224501407568,0.009324009324009324,0.0920612250703784,0.015532782358522965,0.01688933017584066,0.007743899407117815,5.1313131313131315,2.350423705458031,0.6379176379176379,11.752118527290154,1.2549255679507574,1.6807323789179731,1.8277205920913047,"[""TestISOPeriodFormat"", ""PeriodFormatter"", ""ISOPeriodFormat"", ""PeriodType"", ""Period""]","[0.031857031857031856, 0.02096273291925466, 0.01670843776106934, 0.01320901320901321, 0.009324009324009324]","[5.1313131313131315, 3.9332298136645965, 0.9323308270676691, 0.6379176379176379, 1.1173271173271173]"
org.joda.time.format.TestISOPeriodFormat.testFormatAlternateWithWeeks,0.031857031857031856,0.01841224501407568,0.009324009324009324,0.0920612250703784,0.015532782358522965,0.01688933017584066,0.007743899407117815,5.1313131313131315,2.350423705458031,0.6379176379176379,11.752118527290154,1.2549255679507574,1.6807323789179731,1.8277205920913047,"[""TestISOPeriodFormat"", ""PeriodFormatter"", ""ISOPeriodFormat"", ""PeriodType"", ""Period""]","[0.031857031857031856, 0.02096273291925466, 0.01670843776106934, 0.01320901320901321, 0.009324009324009324]","[5.1313131313131315, 3.9332298136645965, 0.9323308270676691, 0.6379176379176379, 1.1173271173271173]"
org.joda.time.format.TestISOPeriodFormat.testFormatAlternate,0.031857031857031856,0.01841224501407568,0.009324009324009324,0.0920612250703784,0.015532782358522965,0.01688933017584066,0.007743899407117815,5.1313131313131315,2.350423705458031,0.6379176379176379,11.752118527290154,1.2549255679507574,1.6807323789179731,1.8277205920913047,"[""TestISOPeriodFormat"", ""PeriodFormatter"", ""ISOPeriodFormat"", ""PeriodType"", ""Period""]","[0.031857031857031856, 0.02096273291925466, 0.01670843776106934, 0.01320901320901321, 0.009324009324009324]","[5.1313131313131315, 3.9332298136645965, 0.9323308270676691, 0.6379176379176379, 1.1173271173271173]"
org.joda.time.format.TestISOPeriodFormat.testFormatAlternateExtended,0.031857031857031856,0.01841224501407568,0.009324009324009324,0.0920612250703784,0.015532782358522965,0.01688933017584066,0.007743899407117815,5.1313131313131315,2.350423705458031,0.6379176379176379,11.752118527290154,1.2549255679507574,1.6807323789179731,1.8277205920913047,"[""TestISOPeriodFormat"", ""PeriodFormatter"", ""ISOPeriodFormat"", ""PeriodType"", ""Period""]","[0.031857031857031856, 0.02096273291925466, 0.01670843776106934, 0.01320901320901321, 0.009324009324009324]","[5.1313131313131315, 3.9332298136645965, 0.9323308270676691, 0.6379176379176379, 1.1173271173271173]"
org.joda.time.TestMonthDay_Properties.testPropertyEquals,0.044534412955465584,0.030602289855149515,0.02298095863427446,0.09180686956544855,0.028001923364433114,0.029185875352449025,0.009866016382955926,7.753036437246964,3.8145998867566413,0.8850952068286277,11.443799660269924,1.857326334848881,2.680192772684105,2.893165720071735,"[""MonthDay"", ""MonthDay$Property"", ""TestMonthDay_Properties"", ""CopticChronology""]","[0.044534412955465584, 0.024291497975708502, 0.02298095863427446]","[7.753036437246964, 2.805668016194332, 0.8850952068286277]"
org.joda.time.TestMonthDay_Basics.testSerialization,0.044534412955465584,0.018351184350547063,0.007633587786259542,0.09175592175273531,0.010961998405527505,0.013702486573818678,0.014593309048245353,7.753036437246964,2.7439124958541425,0.08812260536398467,13.719562479270714,0.15877992208418729,0.5241084168988177,3.3078950932184137,"[""TestMonthDay_Basics"", ""ByteArrayOutputStream"", ""Arrays"", ""ObjectInputStream"", ""MonthDay"", ""ObjectOutputStream"", ""ByteArrayInputStream""]","[0.044534412955465584, 0.024291497975708502, 0.007662835249042145, 0.007633587786259542, 0.007633587786259542]","[7.753036437246964, 5.676113360323886, 0.08812260536398467, 0.09541984732824428, 0.10687022900763359]"
org.joda.time.field.TestUnsupportedDateTimeField.testDelegatedMethods,0.024539877300613498,0.015280521989299523,0.009768009768009768,0.09168313193579714,0.013855074487061336,0.014531088265013354,0.00496642381331734,5.451942740286299,1.8797553047790734,0.43833943833943834,11.27853182867444,1.041715241025146,1.3645020292949228,1.664383383061034,"[""UnsupportedDateTimeField"", ""UnsupportedDurationField"", ""DateTimeField"", ""PreciseDurationField"", ""System"", ""DurationFieldType"", ""TestUnsupportedDateTimeField""]","[0.024539877300613498, 0.017094017094017096, 0.016423357664233577, 0.013479359730412805, 0.010378510378510378, 0.009768009768009768]","[5.451942740286299, 1.467032967032967, 1.8953771289537713, 1.2468407750631845, 0.778998778998779, 0.43833943833943834]"
org.joda.time.TestDateTimeUtils.testGetZone_Zone,0.03832116788321168,0.03055933434231899,0.02625656414103526,0.09167800302695697,0.029679182173646776,0.030098862870786235,0.005499242690559271,3.5,2.3645808132249866,1.5562330623306233,7.093742439674959,2.114035518726642,2.230560973606941,0.8265548056525227,"[""DateTimeZone"", ""TestDateTimeUtils"", ""DateTimeUtils""]","[0.03832116788321168, 0.02710027100271003, 0.02625656414103526]","[3.5, 1.5562330623306233, 2.0375093773443362]"
org.joda.time.field.TestOffsetDateTimeField.test_add_RP_int_intarray_int,0.04654346338124572,0.01832019747878289,0.007662835249042145,0.09160098739391447,0.012475641048759,0.014573815087340278,0.014338554407939777,4.317590691307323,1.5757729768481803,0.08812260536398467,7.878864884240902,0.33502561552853655,0.8264703335212522,1.5177079832324996,"[""TimeOfDay"", ""OffsetDateTimeField"", ""Arrays"", ""TestOffsetDateTimeField$MockOffsetDateTimeField"", ""TestOffsetDateTimeField"", ""ISOChronology"", ""TestOffsetDateTimeField$MockStandardDateTimeField""]","[0.04654346338124572, 0.015206812652068127, 0.012455516014234875, 0.009732360097323601, 0.007662835249042145]","[4.317590691307323, 0.7195863746958637, 2.074733096085409, 0.6788321167883211, 0.08812260536398467]"
org.joda.time.field.TestOffsetDateTimeField.test_set_RP_int_intarray_int,0.04654346338124572,0.01832019747878289,0.007662835249042145,0.09160098739391447,0.012475641048759,0.014573815087340278,0.014338554407939777,4.317590691307323,1.5757729768481803,0.08812260536398467,7.878864884240902,0.33502561552853655,0.8264703335212522,1.5177079832324996,"[""TimeOfDay"", ""TestOffsetDateTimeField$MockOffsetDateTimeField"", ""OffsetDateTimeField"", ""Arrays"", ""TestOffsetDateTimeField"", ""ISOChronology""]","[0.04654346338124572, 0.015206812652068127, 0.012455516014234875, 0.009732360097323601, 0.007662835249042145]","[4.317590691307323, 0.7195863746958637, 2.074733096085409, 0.6788321167883211, 0.08812260536398467]"
org.joda.time.field.TestOffsetDateTimeField.test_addWrapField_RP_int_intarray_int,0.04654346338124572,0.01832019747878289,0.007662835249042145,0.09160098739391447,0.012475641048759,0.014573815087340278,0.014338554407939777,4.317590691307323,1.5757729768481803,0.08812260536398467,7.878864884240902,0.33502561552853655,0.8264703335212522,1.5177079832324996,"[""TimeOfDay"", ""TestOffsetDateTimeField$MockOffsetDateTimeField"", ""OffsetDateTimeField"", ""Arrays"", ""TestOffsetDateTimeField"", ""ISOChronology""]","[0.04654346338124572, 0.015206812652068127, 0.012455516014234875, 0.009732360097323601, 0.007662835249042145]","[4.317590691307323, 0.7195863746958637, 2.074733096085409, 0.6788321167883211, 0.08812260536398467]"
org.joda.time.field.TestOffsetDateTimeField.test_set_RP_int_intarray_String_Locale,0.04654346338124572,0.01832019747878289,0.007662835249042145,0.09160098739391447,0.012475641048759,0.014573815087340278,0.014338554407939777,4.317590691307323,1.5757729768481803,0.08812260536398467,7.878864884240902,0.33502561552853655,0.8264703335212522,1.5177079832324996,"[""TimeOfDay"", ""TestOffsetDateTimeField$MockOffsetDateTimeField"", ""OffsetDateTimeField"", ""Arrays"", ""TestOffsetDateTimeField"", ""ISOChronology""]","[0.04654346338124572, 0.015206812652068127, 0.012455516014234875, 0.009732360097323601, 0.007662835249042145]","[4.317590691307323, 0.7195863746958637, 2.074733096085409, 0.6788321167883211, 0.08812260536398467]"
org.joda.time.TestDateMidnight_Basics.testPlus_RP,0.03345454545454545,0.03050415022467424,0.026200873362445413,0.09151245067402272,0.030166453993225248,0.030338357905649576,0.0031119828875178276,5.1313131313131315,4.314504227133049,3.7743813682678313,12.943512681399145,4.2403757554930275,4.2763543573348235,0.5874988386622801,"[""TestDateMidnight_Basics"", ""DateMidnight"", ""Period""]","[0.03345454545454545, 0.031857031857031856, 0.026200873362445413]","[4.0378181818181815, 5.1313131313131315, 3.7743813682678313]"
org.joda.time.TestDateMidnight_Basics.testWithDurationAdded_RP_int,0.03345454545454545,0.03050415022467424,0.026200873362445413,0.09151245067402272,0.030166453993225248,0.030338357905649576,0.0031119828875178276,5.1313131313131315,4.314504227133049,3.7743813682678313,12.943512681399145,4.2403757554930275,4.2763543573348235,0.5874988386622801,"[""TestDateMidnight_Basics"", ""DateMidnight"", ""Period""]","[0.03345454545454545, 0.031857031857031856, 0.026200873362445413]","[4.0378181818181815, 5.1313131313131315, 3.7743813682678313]"
org.joda.time.TestDateMidnight_Basics.testMinus_RP,0.03345454545454545,0.03050415022467424,0.026200873362445413,0.09151245067402272,0.030166453993225248,0.030338357905649576,0.0031119828875178276,5.1313131313131315,4.314504227133049,3.7743813682678313,12.943512681399145,4.2403757554930275,4.2763543573348235,0.5874988386622801,"[""TestDateMidnight_Basics"", ""DateMidnight"", ""Period""]","[0.03345454545454545, 0.031857031857031856, 0.026200873362445413]","[4.0378181818181815, 5.1313131313131315, 3.7743813682678313]"
org.joda.time.TestDateTime_Basics.testToInstant,0.041970802919708027,0.030499982293188798,0.019464720194647202,0.09149994687956639,0.027659203867325535,0.02906806408410418,0.009193230238615473,5.9939172749391725,3.884586133767121,1.0048661800486618,11.653758401301364,2.1789386310222274,3.03793707561492,2.108361433076968,"[""Instant"", ""TestDateTime_Basics"", ""DateTime""]","[0.041970802919708027, 0.030064423765211165, 0.019464720194647202]","[5.9939172749391725, 4.654974946313529, 1.0048661800486618]"
org.joda.time.TestLocalDateTime_Constructors.testConstructor_long1,0.061377245508982034,0.045720268324111274,0.030063291139240507,0.09144053664822255,0.040358512071287954,0.04295581451981988,0.015656977184870764,11.95808383233533,8.518598878192982,5.079113924050633,17.037197756385964,7.129866186475836,7.793360642096524,3.4394849541423484,"[""TestLocalDateTime_Constructors"", ""LocalDateTime""]","[0.061377245508982034, 0.030063291139240507]","[11.95808383233533, 5.079113924050633]"
org.joda.time.TestLocalDateTime_Constructors.testConstructor_long2,0.061377245508982034,0.045720268324111274,0.030063291139240507,0.09144053664822255,0.040358512071287954,0.04295581451981988,0.015656977184870764,11.95808383233533,8.518598878192982,5.079113924050633,17.037197756385964,7.129866186475836,7.793360642096524,3.4394849541423484,"[""TestLocalDateTime_Constructors"", ""LocalDateTime""]","[0.061377245508982034, 0.030063291139240507]","[11.95808383233533, 5.079113924050633]"
org.joda.time.TestLocalDateTime_Constructors.testConstructor_Object_Chronology_crossChronology,0.061377245508982034,0.045720268324111274,0.030063291139240507,0.09144053664822255,0.040358512071287954,0.04295581451981988,0.015656977184870764,11.95808383233533,8.518598878192982,5.079113924050633,17.037197756385964,7.129866186475836,7.793360642096524,3.4394849541423484,"[""TestLocalDateTime_Constructors"", ""LocalDateTime""]","[0.061377245508982034, 0.030063291139240507]","[11.95808383233533, 5.079113924050633]"
org.joda.time.TestLocalDateTime_Constructors.testConstructor_int_int_int_int_int_int,0.061377245508982034,0.045720268324111274,0.030063291139240507,0.09144053664822255,0.040358512071287954,0.04295581451981988,0.015656977184870764,11.95808383233533,8.518598878192982,5.079113924050633,17.037197756385964,7.129866186475836,7.793360642096524,3.4394849541423484,"[""TestLocalDateTime_Constructors"", ""LocalDateTime""]","[0.061377245508982034, 0.030063291139240507]","[11.95808383233533, 5.079113924050633]"
org.joda.time.TestLocalDateTime_Constructors.testConstructor_nullChronology,0.061377245508982034,0.045720268324111274,0.030063291139240507,0.09144053664822255,0.040358512071287954,0.04295581451981988,0.015656977184870764,11.95808383233533,8.518598878192982,5.079113924050633,17.037197756385964,7.129866186475836,7.793360642096524,3.4394849541423484,"[""TestLocalDateTime_Constructors"", ""LocalDateTime""]","[0.061377245508982034, 0.030063291139240507]","[11.95808383233533, 5.079113924050633]"
org.joda.time.TestLocalDateTime_Constructors.testConstructor_int_int_int_int_int_int_int,0.061377245508982034,0.045720268324111274,0.030063291139240507,0.09144053664822255,0.040358512071287954,0.04295581451981988,0.015656977184870764,11.95808383233533,8.518598878192982,5.079113924050633,17.037197756385964,7.129866186475836,7.793360642096524,3.4394849541423484,"[""TestLocalDateTime_Constructors"", ""LocalDateTime""]","[0.061377245508982034, 0.030063291139240507]","[11.95808383233533, 5.079113924050633]"
org.joda.time.TestLocalDateTime_Constructors.testFactory_fromCalendarFields_null,0.061377245508982034,0.045720268324111274,0.030063291139240507,0.09144053664822255,0.040358512071287954,0.04295581451981988,0.015656977184870764,11.95808383233533,8.518598878192982,5.079113924050633,17.037197756385964,7.129866186475836,7.793360642096524,3.4394849541423484,"[""TestLocalDateTime_Constructors"", ""LocalDateTime""]","[0.061377245508982034, 0.030063291139240507]","[11.95808383233533, 5.079113924050633]"
org.joda.time.TestLocalDateTime_Constructors.testConstructor_nullObject_nullDateTimeZone,0.061377245508982034,0.045720268324111274,0.030063291139240507,0.09144053664822255,0.040358512071287954,0.04295581451981988,0.015656977184870764,11.95808383233533,8.518598878192982,5.079113924050633,17.037197756385964,7.129866186475836,7.793360642096524,3.4394849541423484,"[""TestLocalDateTime_Constructors"", ""LocalDateTime""]","[0.061377245508982034, 0.030063291139240507]","[11.95808383233533, 5.079113924050633]"
org.joda.time.TestLocalDateTime_Constructors.testConstructor_long2_DateTimeZone,0.061377245508982034,0.045720268324111274,0.030063291139240507,0.09144053664822255,0.040358512071287954,0.04295581451981988,0.015656977184870764,11.95808383233533,8.518598878192982,5.079113924050633,17.037197756385964,7.129866186475836,7.793360642096524,3.4394849541423484,"[""TestLocalDateTime_Constructors"", ""LocalDateTime""]","[0.061377245508982034, 0.030063291139240507]","[11.95808383233533, 5.079113924050633]"
org.joda.time.TestLocalDateTime_Constructors.testConstructor_long_nullChronology,0.061377245508982034,0.045720268324111274,0.030063291139240507,0.09144053664822255,0.040358512071287954,0.04295581451981988,0.015656977184870764,11.95808383233533,8.518598878192982,5.079113924050633,17.037197756385964,7.129866186475836,7.793360642096524,3.4394849541423484,"[""TestLocalDateTime_Constructors"", ""LocalDateTime""]","[0.061377245508982034, 0.030063291139240507]","[11.95808383233533, 5.079113924050633]"
org.joda.time.TestLocalDateTime_Constructors.testConstructor_ObjectString2,0.061377245508982034,0.045720268324111274,0.030063291139240507,0.09144053664822255,0.040358512071287954,0.04295581451981988,0.015656977184870764,11.95808383233533,8.518598878192982,5.079113924050633,17.037197756385964,7.129866186475836,7.793360642096524,3.4394849541423484,"[""TestLocalDateTime_Constructors"", ""LocalDateTime""]","[0.061377245508982034, 0.030063291139240507]","[11.95808383233533, 5.079113924050633]"
org.joda.time.TestLocalDateTime_Constructors.testConstructor_int_int_int_int_int,0.061377245508982034,0.045720268324111274,0.030063291139240507,0.09144053664822255,0.040358512071287954,0.04295581451981988,0.015656977184870764,11.95808383233533,8.518598878192982,5.079113924050633,17.037197756385964,7.129866186475836,7.793360642096524,3.4394849541423484,"[""TestLocalDateTime_Constructors"", ""LocalDateTime""]","[0.061377245508982034, 0.030063291139240507]","[11.95808383233533, 5.079113924050633]"
org.joda.time.TestLocalDateTime_Constructors.testConstructor_Object_ChronologyMoscow,0.061377245508982034,0.045720268324111274,0.030063291139240507,0.09144053664822255,0.040358512071287954,0.04295581451981988,0.015656977184870764,11.95808383233533,8.518598878192982,5.079113924050633,17.037197756385964,7.129866186475836,7.793360642096524,3.4394849541423484,"[""TestLocalDateTime_Constructors"", ""LocalDateTime""]","[0.061377245508982034, 0.030063291139240507]","[11.95808383233533, 5.079113924050633]"
org.joda.time.TestLocalDateTime_Constructors.testConstructor_ObjectStringEx5,0.061377245508982034,0.045720268324111274,0.030063291139240507,0.09144053664822255,0.040358512071287954,0.04295581451981988,0.015656977184870764,11.95808383233533,8.518598878192982,5.079113924050633,17.037197756385964,7.129866186475836,7.793360642096524,3.4394849541423484,"[""TestLocalDateTime_Constructors"", ""LocalDateTime""]","[0.061377245508982034, 0.030063291139240507]","[11.95808383233533, 5.079113924050633]"
org.joda.time.TestLocalDateTime_Constructors.testConstructor_nullObject_DateTimeZone,0.061377245508982034,0.045720268324111274,0.030063291139240507,0.09144053664822255,0.040358512071287954,0.04295581451981988,0.015656977184870764,11.95808383233533,8.518598878192982,5.079113924050633,17.037197756385964,7.129866186475836,7.793360642096524,3.4394849541423484,"[""TestLocalDateTime_Constructors"", ""LocalDateTime""]","[0.061377245508982034, 0.030063291139240507]","[11.95808383233533, 5.079113924050633]"
org.joda.time.TestLocalDateTime_Constructors.testConstructor_long_nullDateTimeZone,0.061377245508982034,0.045720268324111274,0.030063291139240507,0.09144053664822255,0.040358512071287954,0.04295581451981988,0.015656977184870764,11.95808383233533,8.518598878192982,5.079113924050633,17.037197756385964,7.129866186475836,7.793360642096524,3.4394849541423484,"[""TestLocalDateTime_Constructors"", ""LocalDateTime""]","[0.061377245508982034, 0.030063291139240507]","[11.95808383233533, 5.079113924050633]"
org.joda.time.TestLocalDateTime_Constructors.testConstructor_ObjectStringEx1,0.061377245508982034,0.045720268324111274,0.030063291139240507,0.09144053664822255,0.040358512071287954,0.04295581451981988,0.015656977184870764,11.95808383233533,8.518598878192982,5.079113924050633,17.037197756385964,7.129866186475836,7.793360642096524,3.4394849541423484,"[""TestLocalDateTime_Constructors"", ""LocalDateTime""]","[0.061377245508982034, 0.030063291139240507]","[11.95808383233533, 5.079113924050633]"
org.joda.time.TestLocalDateTime_Constructors.testFactory_fromDateFields_null,0.061377245508982034,0.045720268324111274,0.030063291139240507,0.09144053664822255,0.040358512071287954,0.04295581451981988,0.015656977184870764,11.95808383233533,8.518598878192982,5.079113924050633,17.037197756385964,7.129866186475836,7.793360642096524,3.4394849541423484,"[""TestLocalDateTime_Constructors"", ""LocalDateTime""]","[0.061377245508982034, 0.030063291139240507]","[11.95808383233533, 5.079113924050633]"
org.joda.time.TestLocalDateTime_Constructors.testConstructor_Chronology,0.061377245508982034,0.045720268324111274,0.030063291139240507,0.09144053664822255,0.040358512071287954,0.04295581451981988,0.015656977184870764,11.95808383233533,8.518598878192982,5.079113924050633,17.037197756385964,7.129866186475836,7.793360642096524,3.4394849541423484,"[""TestLocalDateTime_Constructors"", ""LocalDateTime""]","[0.061377245508982034, 0.030063291139240507]","[11.95808383233533, 5.079113924050633]"
org.joda.time.TestLocalDateTime_Constructors.testConstructor_ObjectStringEx2,0.061377245508982034,0.045720268324111274,0.030063291139240507,0.09144053664822255,0.040358512071287954,0.04295581451981988,0.015656977184870764,11.95808383233533,8.518598878192982,5.079113924050633,17.037197756385964,7.129866186475836,7.793360642096524,3.4394849541423484,"[""TestLocalDateTime_Constructors"", ""LocalDateTime""]","[0.061377245508982034, 0.030063291139240507]","[11.95808383233533, 5.079113924050633]"
org.joda.time.TestLocalDateTime_Constructors.testConstructor_nullObject_Chronology,0.061377245508982034,0.045720268324111274,0.030063291139240507,0.09144053664822255,0.040358512071287954,0.04295581451981988,0.015656977184870764,11.95808383233533,8.518598878192982,5.079113924050633,17.037197756385964,7.129866186475836,7.793360642096524,3.4394849541423484,"[""TestLocalDateTime_Constructors"", ""LocalDateTime""]","[0.061377245508982034, 0.030063291139240507]","[11.95808383233533, 5.079113924050633]"
org.joda.time.TestLocalDateTime_Constructors.testConstructor_ObjectLocalDateTime,0.061377245508982034,0.045720268324111274,0.030063291139240507,0.09144053664822255,0.040358512071287954,0.04295581451981988,0.015656977184870764,11.95808383233533,8.518598878192982,5.079113924050633,17.037197756385964,7.129866186475836,7.793360642096524,3.4394849541423484,"[""TestLocalDateTime_Constructors"", ""LocalDateTime""]","[0.061377245508982034, 0.030063291139240507]","[11.95808383233533, 5.079113924050633]"
org.joda.time.TestLocalDateTime_Constructors.testConstructor_ObjectStringEx4,0.061377245508982034,0.045720268324111274,0.030063291139240507,0.09144053664822255,0.040358512071287954,0.04295581451981988,0.015656977184870764,11.95808383233533,8.518598878192982,5.079113924050633,17.037197756385964,7.129866186475836,7.793360642096524,3.4394849541423484,"[""TestLocalDateTime_Constructors"", ""LocalDateTime""]","[0.061377245508982034, 0.030063291139240507]","[11.95808383233533, 5.079113924050633]"
org.joda.time.TestLocalDateTime_Constructors.testConstructor_long1_DateTimeZone,0.061377245508982034,0.045720268324111274,0.030063291139240507,0.09144053664822255,0.040358512071287954,0.04295581451981988,0.015656977184870764,11.95808383233533,8.518598878192982,5.079113924050633,17.037197756385964,7.129866186475836,7.793360642096524,3.4394849541423484,"[""TestLocalDateTime_Constructors"", ""LocalDateTime""]","[0.061377245508982034, 0.030063291139240507]","[11.95808383233533, 5.079113924050633]"
org.joda.time.TestLocalDateTime_Constructors.testConstructor_nullObject,0.061377245508982034,0.045720268324111274,0.030063291139240507,0.09144053664822255,0.040358512071287954,0.04295581451981988,0.015656977184870764,11.95808383233533,8.518598878192982,5.079113924050633,17.037197756385964,7.129866186475836,7.793360642096524,3.4394849541423484,"[""TestLocalDateTime_Constructors"", ""LocalDateTime""]","[0.061377245508982034, 0.030063291139240507]","[11.95808383233533, 5.079113924050633]"
org.joda.time.TestLocalDateTime_Constructors.testConstructor_ObjectStringEx6,0.061377245508982034,0.045720268324111274,0.030063291139240507,0.09144053664822255,0.040358512071287954,0.04295581451981988,0.015656977184870764,11.95808383233533,8.518598878192982,5.079113924050633,17.037197756385964,7.129866186475836,7.793360642096524,3.4394849541423484,"[""TestLocalDateTime_Constructors"", ""LocalDateTime""]","[0.061377245508982034, 0.030063291139240507]","[11.95808383233533, 5.079113924050633]"
org.joda.time.TestLocalDateTime_Constructors.testConstructor_ObjectString1,0.061377245508982034,0.045720268324111274,0.030063291139240507,0.09144053664822255,0.040358512071287954,0.04295581451981988,0.015656977184870764,11.95808383233533,8.518598878192982,5.079113924050633,17.037197756385964,7.129866186475836,7.793360642096524,3.4394849541423484,"[""TestLocalDateTime_Constructors"", ""LocalDateTime""]","[0.061377245508982034, 0.030063291139240507]","[11.95808383233533, 5.079113924050633]"
org.joda.time.TestLocalDateTime_Constructors.testConstructor_int_int_int_Chronology,0.061377245508982034,0.045720268324111274,0.030063291139240507,0.09144053664822255,0.040358512071287954,0.04295581451981988,0.015656977184870764,11.95808383233533,8.518598878192982,5.079113924050633,17.037197756385964,7.129866186475836,7.793360642096524,3.4394849541423484,"[""TestLocalDateTime_Constructors"", ""LocalDateTime""]","[0.061377245508982034, 0.030063291139240507]","[11.95808383233533, 5.079113924050633]"
org.joda.time.TestLocalDateTime_Constructors.testConstructor_int_int_int_nullChronology,0.061377245508982034,0.045720268324111274,0.030063291139240507,0.09144053664822255,0.040358512071287954,0.04295581451981988,0.015656977184870764,11.95808383233533,8.518598878192982,5.079113924050633,17.037197756385964,7.129866186475836,7.793360642096524,3.4394849541423484,"[""TestLocalDateTime_Constructors"", ""LocalDateTime""]","[0.061377245508982034, 0.030063291139240507]","[11.95808383233533, 5.079113924050633]"
org.joda.time.TestLocalDateTime_Constructors.testConstructor_Object_ChronologyMoscowBadDateTime,0.061377245508982034,0.045720268324111274,0.030063291139240507,0.09144053664822255,0.040358512071287954,0.04295581451981988,0.015656977184870764,11.95808383233533,8.518598878192982,5.079113924050633,17.037197756385964,7.129866186475836,7.793360642096524,3.4394849541423484,"[""TestLocalDateTime_Constructors"", ""LocalDateTime""]","[0.061377245508982034, 0.030063291139240507]","[11.95808383233533, 5.079113924050633]"
org.joda.time.TestLocalDateTime_Constructors.testConstructor_ObjectString4,0.061377245508982034,0.045720268324111274,0.030063291139240507,0.09144053664822255,0.040358512071287954,0.04295581451981988,0.015656977184870764,11.95808383233533,8.518598878192982,5.079113924050633,17.037197756385964,7.129866186475836,7.793360642096524,3.4394849541423484,"[""TestLocalDateTime_Constructors"", ""LocalDateTime""]","[0.061377245508982034, 0.030063291139240507]","[11.95808383233533, 5.079113924050633]"
org.joda.time.TestLocalDateTime_Constructors.testConstructor_nullObject_nullChronology,0.061377245508982034,0.045720268324111274,0.030063291139240507,0.09144053664822255,0.040358512071287954,0.04295581451981988,0.015656977184870764,11.95808383233533,8.518598878192982,5.079113924050633,17.037197756385964,7.129866186475836,7.793360642096524,3.4394849541423484,"[""TestLocalDateTime_Constructors"", ""LocalDateTime""]","[0.061377245508982034, 0.030063291139240507]","[11.95808383233533, 5.079113924050633]"
org.joda.time.TestLocalDateTime_Constructors.testConstructor_nullDateTimeZone,0.061377245508982034,0.045720268324111274,0.030063291139240507,0.09144053664822255,0.040358512071287954,0.04295581451981988,0.015656977184870764,11.95808383233533,8.518598878192982,5.079113924050633,17.037197756385964,7.129866186475836,7.793360642096524,3.4394849541423484,"[""TestLocalDateTime_Constructors"", ""LocalDateTime""]","[0.061377245508982034, 0.030063291139240507]","[11.95808383233533, 5.079113924050633]"
org.joda.time.TestLocalDateTime_Constructors.testParse_noFormatter,0.061377245508982034,0.045720268324111274,0.030063291139240507,0.09144053664822255,0.040358512071287954,0.04295581451981988,0.015656977184870764,11.95808383233533,8.518598878192982,5.079113924050633,17.037197756385964,7.129866186475836,7.793360642096524,3.4394849541423484,"[""TestLocalDateTime_Constructors"", ""LocalDateTime""]","[0.061377245508982034, 0.030063291139240507]","[11.95808383233533, 5.079113924050633]"
org.joda.time.TestLocalDateTime_Constructors.testConstructor_Object_DateTimeZoneMoscowBadDateTime,0.061377245508982034,0.045720268324111274,0.030063291139240507,0.09144053664822255,0.040358512071287954,0.04295581451981988,0.015656977184870764,11.95808383233533,8.518598878192982,5.079113924050633,17.037197756385964,7.129866186475836,7.793360642096524,3.4394849541423484,"[""TestLocalDateTime_Constructors"", ""LocalDateTime""]","[0.061377245508982034, 0.030063291139240507]","[11.95808383233533, 5.079113924050633]"
org.joda.time.TestLocalDateTime_Constructors.testConstructor_long2_Chronology,0.061377245508982034,0.045720268324111274,0.030063291139240507,0.09144053664822255,0.040358512071287954,0.04295581451981988,0.015656977184870764,11.95808383233533,8.518598878192982,5.079113924050633,17.037197756385964,7.129866186475836,7.793360642096524,3.4394849541423484,"[""TestLocalDateTime_Constructors"", ""LocalDateTime""]","[0.061377245508982034, 0.030063291139240507]","[11.95808383233533, 5.079113924050633]"
org.joda.time.TestLocalDateTime_Constructors.testConstructor,0.061377245508982034,0.045720268324111274,0.030063291139240507,0.09144053664822255,0.040358512071287954,0.04295581451981988,0.015656977184870764,11.95808383233533,8.518598878192982,5.079113924050633,17.037197756385964,7.129866186475836,7.793360642096524,3.4394849541423484,"[""TestLocalDateTime_Constructors"", ""LocalDateTime""]","[0.061377245508982034, 0.030063291139240507]","[11.95808383233533, 5.079113924050633]"
org.joda.time.TestLocalDateTime_Constructors.testConstructor_long1_Chronology,0.061377245508982034,0.045720268324111274,0.030063291139240507,0.09144053664822255,0.040358512071287954,0.04295581451981988,0.015656977184870764,11.95808383233533,8.518598878192982,5.079113924050633,17.037197756385964,7.129866186475836,7.793360642096524,3.4394849541423484,"[""TestLocalDateTime_Constructors"", ""LocalDateTime""]","[0.061377245508982034, 0.030063291139240507]","[11.95808383233533, 5.079113924050633]"
org.joda.time.TestLocalDateTime_Constructors.testConstructor_ObjectString3,0.061377245508982034,0.045720268324111274,0.030063291139240507,0.09144053664822255,0.040358512071287954,0.04295581451981988,0.015656977184870764,11.95808383233533,8.518598878192982,5.079113924050633,17.037197756385964,7.129866186475836,7.793360642096524,3.4394849541423484,"[""TestLocalDateTime_Constructors"", ""LocalDateTime""]","[0.061377245508982034, 0.030063291139240507]","[11.95808383233533, 5.079113924050633]"
org.joda.time.TestLocalDateTime_Constructors.testConstructor_Object_DateTimeZoneMoscow,0.061377245508982034,0.045720268324111274,0.030063291139240507,0.09144053664822255,0.040358512071287954,0.04295581451981988,0.015656977184870764,11.95808383233533,8.518598878192982,5.079113924050633,17.037197756385964,7.129866186475836,7.793360642096524,3.4394849541423484,"[""TestLocalDateTime_Constructors"", ""LocalDateTime""]","[0.061377245508982034, 0.030063291139240507]","[11.95808383233533, 5.079113924050633]"
org.joda.time.TestLocalDateTime_Constructors.testConstructor_ObjectStringEx3,0.061377245508982034,0.045720268324111274,0.030063291139240507,0.09144053664822255,0.040358512071287954,0.04295581451981988,0.015656977184870764,11.95808383233533,8.518598878192982,5.079113924050633,17.037197756385964,7.129866186475836,7.793360642096524,3.4394849541423484,"[""TestLocalDateTime_Constructors"", ""LocalDateTime""]","[0.061377245508982034, 0.030063291139240507]","[11.95808383233533, 5.079113924050633]"
org.joda.time.TestTimeOfDay_Constructors.testConstructor_Object_Chronology,0.04654346338124572,0.02281107367175101,0.0026666666666666666,0.09124429468700404,0.00812730634727456,0.015280906407371819,0.01565471112147263,4.317590691307323,2.0702070300855495,0.04933333333333333,8.280828120342198,0.18175719593805084,0.862636393363989,1.704418426859975,"[""TestTimeOfDay_Constructors"", ""Date"", ""TimeOfDay"", ""JulianChronology""]","[0.04654346338124572, 0.022569444444444444, 0.019464720194647202, 0.0026666666666666666]","[4.317590691307323, 3.0659722222222223, 0.8479318734793188, 0.04933333333333333]"
org.joda.time.chrono.TestEthiopicChronology.testDurationMonth,0.041970802919708027,0.02266286816640375,0.010378510378510378,0.090651472665615,0.017789293158180064,0.019980912177697915,0.011726753116435316,5.9939172749391725,3.0704702602370255,0.7197802197802198,12.281881040948102,1.7463149129099698,2.3915228347925344,1.9088292460489864,"[""TestEthiopicChronology"", ""DurationField"", ""DateTime$Property"", ""DateTime"", ""Chronology""]","[0.041970802919708027, 0.020072992700729927, 0.018229166666666668, 0.010378510378510378]","[5.9939172749391725, 2.3728710462287106, 3.1953125, 0.7197802197802198]"
org.joda.time.chrono.TestEthiopicChronology.testDurationYear,0.041970802919708027,0.02266286816640375,0.010378510378510378,0.090651472665615,0.017789293158180064,0.019980912177697915,0.011726753116435316,5.9939172749391725,3.0704702602370255,0.7197802197802198,12.281881040948102,1.7463149129099698,2.3915228347925344,1.9088292460489864,"[""TestEthiopicChronology"", ""DurationField"", ""DateTime$Property"", ""DateTime"", ""Chronology""]","[0.041970802919708027, 0.020072992700729927, 0.018229166666666668, 0.010378510378510378]","[5.9939172749391725, 2.3728710462287106, 3.1953125, 0.7197802197802198]"
org.joda.time.TestWeeks.testFactory_weeksBetween_RInstant,0.041970802919708027,0.03020648385611889,0.023423423423423424,0.09061945156835667,0.028258898132500432,0.02916156986201192,0.008351088739627071,5.9939172749391725,3.9108853378926374,2.67027027027027,11.732656013677913,3.459309036336516,3.662091658268715,1.481869762457541,"[""TestWeeks"", ""Weeks"", ""DateTime""]","[0.041970802919708027, 0.025225225225225224, 0.023423423423423424]","[5.9939172749391725, 3.0684684684684687, 2.67027027027027]"
org.joda.time.TestYears.testFactory_yearsBetween_RInstant,0.041970802919708027,0.03020648385611889,0.023423423423423424,0.09061945156835667,0.028258898132500432,0.02916156986201192,0.008351088739627071,5.9939172749391725,3.4952697222770213,2.0504504504504504,10.485809166831064,2.819210741898038,3.1074354214210285,1.7740064229642174,"[""Years"", ""TestYears"", ""DateTime""]","[0.041970802919708027, 0.025225225225225224, 0.023423423423423424]","[5.9939172749391725, 2.4414414414414414, 2.0504504504504504]"
org.joda.time.TestMinutes.testFactory_minutesBetween_RInstant,0.041970802919708027,0.03020648385611889,0.023423423423423424,0.09061945156835667,0.028258898132500432,0.02916156986201192,0.008351088739627071,5.9939172749391725,3.852026479033778,2.637837837837838,11.556079437101333,3.3787836119497405,3.5891763026310484,1.5190546979230264,"[""TestMinutes"", ""Minutes"", ""DateTime""]","[0.041970802919708027, 0.025225225225225224, 0.023423423423423424]","[5.9939172749391725, 2.924324324324324, 2.637837837837838]"
org.joda.time.TestHours.testFactory_hoursBetween_RInstant,0.041970802919708027,0.03020648385611889,0.023423423423423424,0.09061945156835667,0.028258898132500432,0.02916156986201192,0.008351088739627071,5.9939172749391725,3.9283027553100545,2.744144144144144,11.784908265930163,3.490578838470531,3.6868553299144557,1.4658284891334443,"[""Hours"", ""TestHours"", ""DateTime""]","[0.041970802919708027, 0.025225225225225224, 0.023423423423423424]","[5.9939172749391725, 3.046846846846847, 2.744144144144144]"
org.joda.time.TestSeconds.testFactory_secondsBetween_RInstant,0.041970802919708027,0.03020648385611889,0.023423423423423424,0.09061945156835667,0.028258898132500432,0.02916156986201192,0.008351088739627071,5.9939172749391725,3.8328072598145586,2.637837837837838,11.498421779443676,3.3528117814296374,3.565430798351872,1.5309883586166866,"[""Seconds"", ""TestSeconds"", ""DateTime""]","[0.041970802919708027, 0.025225225225225224, 0.023423423423423424]","[5.9939172749391725, 2.8666666666666667, 2.637837837837838]"
org.joda.time.format.TestPeriodFormatParsing.testParseCustom1,0.03263403263403263,0.022632041434269844,0.009324009324009324,0.09052816573707938,0.01745837225010994,0.02006244635843723,0.009965916393345892,6.074592074592075,3.251653020455249,0.6833797585886723,13.006612081820997,1.4717730881144115,2.208752335672052,2.379783689965523,"[""TestPeriodFormatParsing"", ""PeriodFormatter"", ""PeriodFormatterBuilder"", ""Period""]","[0.03263403263403263, 0.031857031857031856, 0.016713091922005572, 0.009324009324009324]","[6.074592074592075, 5.1313131313131315, 0.6833797585886723, 1.1173271173271173]"
org.joda.time.chrono.TestCopticChronology.testDurationYear,0.041970802919708027,0.02262488627788006,0.010378510378510378,0.09049954511152024,0.017752892816548453,0.019939149640139407,0.011741288993871737,5.9939172749391725,2.8225870818270007,0.7197802197802198,11.290348327308003,1.6451799118775678,2.179406521926466,1.9406377092603775,"[""DurationField"", ""TestCopticChronology"", ""DateTime$Property"", ""DateTime"", ""Chronology""]","[0.041970802919708027, 0.020072992700729927, 0.018077239112571898, 0.010378510378510378]","[5.9939172749391725, 2.3728710462287106, 2.2037797863599016, 0.7197802197802198]"
org.joda.time.chrono.TestCopticChronology.testDurationMonth,0.041970802919708027,0.02262488627788006,0.010378510378510378,0.09049954511152024,0.017752892816548453,0.019939149640139407,0.011741288993871737,5.9939172749391725,2.8225870818270007,0.7197802197802198,11.290348327308003,1.6451799118775678,2.179406521926466,1.9406377092603775,"[""DurationField"", ""TestCopticChronology"", ""DateTime$Property"", ""DateTime"", ""Chronology""]","[0.041970802919708027, 0.020072992700729927, 0.018077239112571898, 0.010378510378510378]","[5.9939172749391725, 2.3728710462287106, 2.2037797863599016, 0.7197802197802198]"
org.joda.time.convert.TestConverterManager.testGetPartialConverterOKMultipleMatches,0.041970802919708027,0.022593394318669566,0.008718395815170008,0.09037357727467826,0.01657737308699517,0.019388213493251313,0.012229500261877614,5.9939172749391725,2.9209614047540926,0.3121185701830863,11.68384561901637,0.929987583880326,1.8133979635434128,2.1941318007129365,"[""TestConverterManager"", ""Object"", ""PartialConverter"", ""DateTime"", ""ConverterManager"", ""TestConverterManager$8""]","[0.041970802919708027, 0.022590361445783132, 0.017094017094017096, 0.008718395815170008]","[5.9939172749391725, 3.8930722891566263, 1.4847374847374848, 0.3121185701830863]"
org.joda.time.TestPartial_Basics.testMinus_RP,0.031857031857031856,0.02259125450845273,0.015873015873015872,0.09036501803381092,0.020941864270362542,0.02173436008400454,0.006334973523610449,5.1313131313131315,3.82344927708389,2.2350463352990735,15.29379710833556,3.4788214639533654,3.658472526293998,1.0553189870189372,"[""Partial"", ""DateTimeFieldType"", ""TestPartial_Basics"", ""Period""]","[0.031857031857031856, 0.024943310657596373, 0.017691659646166806, 0.015873015873015872]","[5.1313131313131315, 3.6621315192743764, 2.2350463352990735, 4.26530612244898]"
org.joda.time.TestPartial_Basics.testPlus_RP,0.031857031857031856,0.02259125450845273,0.015873015873015872,0.09036501803381092,0.020941864270362542,0.02173436008400454,0.006334973523610449,5.1313131313131315,3.82344927708389,2.2350463352990735,15.29379710833556,3.4788214639533654,3.658472526293998,1.0553189870189372,"[""Partial"", ""DateTimeFieldType"", ""TestPartial_Basics"", ""Period""]","[0.031857031857031856, 0.024943310657596373, 0.017691659646166806, 0.015873015873015872]","[5.1313131313131315, 3.6621315192743764, 2.2350463352990735, 4.26530612244898]"
org.joda.time.TestTimeOfDay_Basics.testGetFields,0.04654346338124572,0.030119251782951172,0.020833333333333332,0.09035775534885351,0.026548771282707228,0.02814028771420569,0.011646719669145059,4.317590691307323,2.9761267808601324,0.8850952068286277,8.928380342580397,1.840672663946415,2.423703912573315,1.498197822821382,"[""CopticChronology"", ""TimeOfDay"", ""TestTimeOfDay_Basics""]","[0.04654346338124572, 0.02298095863427446, 0.020833333333333332]","[4.317590691307323, 0.8850952068286277, 3.7256944444444446]"
org.joda.time.TestTimeOfDay_Basics.testGetField,0.04654346338124572,0.030119251782951172,0.020833333333333332,0.09035775534885351,0.026548771282707228,0.02814028771420569,0.011646719669145059,4.317590691307323,2.9761267808601324,0.8850952068286277,8.928380342580397,1.840672663946415,2.423703912573315,1.498197822821382,"[""CopticChronology"", ""TimeOfDay"", ""TestTimeOfDay_Basics""]","[0.04654346338124572, 0.02298095863427446, 0.020833333333333332]","[4.317590691307323, 0.8850952068286277, 3.7256944444444446]"
org.joda.time.TestTimeOfDay_Basics.testSerialization,0.04654346338124572,0.018061361507228056,0.007633587786259542,0.09030680753614027,0.01082285532388986,0.01340580417887367,0.015129575227746925,4.317590691307323,1.6667395634903261,0.08812260536398467,8.33369781745163,0.15780344704330154,0.42855473491576157,1.9318683389504918,"[""TimeOfDay"", ""ByteArrayOutputStream"", ""Arrays"", ""ObjectInputStream"", ""TestTimeOfDay_Basics"", ""ObjectOutputStream"", ""ByteArrayInputStream""]","[0.04654346338124572, 0.020833333333333332, 0.007662835249042145, 0.007633587786259542, 0.007633587786259542]","[4.317590691307323, 3.7256944444444446, 0.08812260536398467, 0.09541984732824428, 0.10687022900763359]"
org.joda.time.TestInstant_Constructors.testParse_noFormatter,0.041970802919708027,0.02256072710552853,0.013600572655690766,0.09024290842211412,0.01864911388169943,0.02027438588588123,0.011409433897636882,5.9939172749391725,2.080093531150345,0.6020042949176807,8.32037412460138,0.9494876959558392,1.27094095268218,2.2643905177239776,"[""TestInstant_Constructors"", ""Instant"", ""DateTime"", ""ISOChronology""]","[0.041970802919708027, 0.019464720194647202, 0.015206812652068127, 0.013600572655690766]","[5.9939172749391725, 1.0048661800486618, 0.7195863746958637, 0.6020042949176807]"
org.joda.time.convert.TestReadablePartialConverter.testGetChronology_Object_Chronology,0.04654346338124572,0.02255446367084356,0.008741258741258742,0.09021785468337425,0.015810427061194596,0.018664524230122423,0.014419059041871109,4.317590691307323,1.9158409588595329,0.34353146853146854,7.6633638354381315,0.7762662161973721,1.2199643811687724,1.5893741944633977,"[""ReadablePartialConverter"", ""Chronology"", ""TimeOfDay"", ""TestReadablePartialConverter""]","[0.04654346338124572, 0.020072992700729927, 0.01486013986013986, 0.008741258741258742]","[4.317590691307323, 2.3728710462287106, 0.6293706293706294, 0.34353146853146854]"
org.joda.time.convert.TestConverterManager.testGetInstantConverterOKMultipleMatches,0.041970802919708027,0.0225505475016292,0.008547008547008548,0.0902021900065168,0.01642084971947715,0.019292218959042384,0.01227824023421458,5.9939172749391725,2.9061185753951344,0.25274725274725274,11.624474301580538,0.7914924351748359,1.7202233262844273,2.21185906099048,"[""TestConverterManager"", ""Object"", ""TestConverterManager$3"", ""InstantConverter"", ""DateTime"", ""ConverterManager""]","[0.041970802919708027, 0.022590361445783132, 0.017094017094017096, 0.008547008547008548]","[5.9939172749391725, 3.8930722891566263, 1.4847374847374848, 0.25274725274725274]"
org.joda.time.TestYearMonthDay_Basics.testToString_DTFormatter,0.03952011291460833,0.029993795410573686,0.024305555555555556,0.08998138623172106,0.028659046999408886,0.029288477100855345,0.006778338977354595,3.5356386732533522,3.3120831600760696,2.9197080291970803,9.93624948022821,3.287252889514041,3.2998920359912516,0.2783495249533178,"[""YearMonthDay"", ""TestYearMonthDay_Basics"", ""DateTimeFormat""]","[0.03952011291460833, 0.026155717761557177, 0.024305555555555556]","[3.5356386732533522, 2.9197080291970803, 3.4809027777777777]"
org.joda.time.TestDateTime_Basics.testToCalendar_Locale,0.041970802919708027,0.017993813784820987,0.0026666666666666666,0.08996906892410493,0.00720369759981148,0.011441560478460452,0.015298272043190168,5.9939172749391725,2.207584042214917,0.04933333333333333,11.037920211074585,0.1525717216917523,0.5215238903186677,2.580328212864398,"[""Calendar"", ""TestDateTime_Basics"", ""DateTime"", ""TimeZone"", ""Date""]","[0.041970802919708027, 0.030064423765211165, 0.007633587786259542, 0.007633587786259542, 0.0026666666666666666]","[5.9939172749391725, 4.654974946313529, 0.1984732824427481, 0.14122137404580154, 0.04933333333333333]"
org.joda.time.TestDateTime_Basics.testToGregorianCalendar,0.041970802919708027,0.017993813784820987,0.0026666666666666666,0.08996906892410493,0.00720369759981148,0.011441560478460452,0.015298272043190168,5.9939172749391725,2.1961336605355277,0.04933333333333333,10.980668302677639,0.14362000240166137,0.48720740870330936,2.5893297011268204,"[""TestDateTime_Basics"", ""DateTime"", ""GregorianCalendar"", ""TimeZone"", ""Date""]","[0.041970802919708027, 0.030064423765211165, 0.007633587786259542, 0.007633587786259542, 0.0026666666666666666]","[5.9939172749391725, 4.654974946313529, 0.14122137404580154, 0.14122137404580154, 0.04933333333333333]"
org.joda.time.TestMutableDateTime_Sets.testSetDate_RI_same,0.03832116788321168,0.029981899449150345,0.01634472511144131,0.08994569834745103,0.02594664521768095,0.0280617130384295,0.009722546458212597,4.203771289537713,3.2244368884887966,1.9695393759286777,9.67331066546639,2.9088684821212936,3.0715476989116706,0.9327019289021098,"[""DateTimeZone"", ""MutableDateTime"", ""TestMutableDateTime_Sets""]","[0.03832116788321168, 0.03527980535279805, 0.01634472511144131]","[3.5, 4.203771289537713, 1.9695393759286777]"
org.joda.time.TestMutableDateTime_Sets.testSetDate_RI_different1,0.03832116788321168,0.029981899449150345,0.01634472511144131,0.08994569834745103,0.02594664521768095,0.0280617130384295,0.009722546458212597,4.203771289537713,3.2244368884887966,1.9695393759286777,9.67331066546639,2.9088684821212936,3.0715476989116706,0.9327019289021098,"[""DateTimeZone"", ""MutableDateTime"", ""TestMutableDateTime_Sets""]","[0.03832116788321168, 0.03527980535279805, 0.01634472511144131]","[3.5, 4.203771289537713, 1.9695393759286777]"
org.joda.time.TestMutableDateTime_Sets.testSetDate_RI_different2,0.03832116788321168,0.029981899449150345,0.01634472511144131,0.08994569834745103,0.02594664521768095,0.0280617130384295,0.009722546458212597,4.203771289537713,3.2244368884887966,1.9695393759286777,9.67331066546639,2.9088684821212936,3.0715476989116706,0.9327019289021098,"[""DateTimeZone"", ""MutableDateTime"", ""TestMutableDateTime_Sets""]","[0.03832116788321168, 0.03527980535279805, 0.01634472511144131]","[3.5, 4.203771289537713, 1.9695393759286777]"
org.joda.time.TestAbstractPartial.testGetFieldTypes,0.020596590909090908,0.017977054412232164,0.015100671140939598,0.08988527206116081,0.017730192991522998,0.017853643116449044,0.002098758359038816,2.3728710462287106,1.7695713964923363,0.9404362416107382,8.847856982461682,1.5270920484055208,1.6508835159687836,0.6038094194063206,"[""IndexOutOfBoundsException"", ""DateTimeFieldType"", ""BuddhistChronology"", ""TestAbstractPartial$MockPartial"", ""TestAbstractPartial"", ""AbstractPartial"", ""Chronology""]","[0.020596590909090908, 0.020072992700729927, 0.017691659646166806, 0.016423357664233577, 0.015100671140939598]","[2.1626420454545454, 2.3728710462287106, 2.2350463352990735, 1.1368613138686132, 0.9404362416107382]"
org.joda.time.TestAbstractPartial.testGetFieldType,0.020596590909090908,0.017977054412232164,0.015100671140939598,0.08988527206116081,0.017730192991522998,0.017853643116449044,0.002098758359038816,2.3728710462287106,1.7695713964923363,0.9404362416107382,8.847856982461682,1.5270920484055208,1.6508835159687836,0.6038094194063206,"[""IndexOutOfBoundsException"", ""DateTimeFieldType"", ""BuddhistChronology"", ""TestAbstractPartial$MockPartial"", ""TestAbstractPartial"", ""AbstractPartial"", ""Chronology""]","[0.020596590909090908, 0.020072992700729927, 0.017691659646166806, 0.016423357664233577, 0.015100671140939598]","[2.1626420454545454, 2.3728710462287106, 2.2350463352990735, 1.1368613138686132, 0.9404362416107382]"
org.joda.time.TestLocalDateTime_Basics.testIsAfter_LocalDateTime,0.061377245508982034,0.04488420635070553,0.028391167192429023,0.08976841270141106,0.03882371508232942,0.04174412101190146,0.016493039158276504,11.95808383233533,9.141502483991008,6.3249211356466875,18.283004967982016,8.273687755970757,8.696777401599554,2.816581348344321,"[""LocalDateTime"", ""TestLocalDateTime_Basics""]","[0.061377245508982034, 0.028391167192429023]","[11.95808383233533, 6.3249211356466875]"
org.joda.time.TestLocalDateTime_Basics.testPlusDays_int,0.061377245508982034,0.04488420635070553,0.028391167192429023,0.08976841270141106,0.03882371508232942,0.04174412101190146,0.016493039158276504,11.95808383233533,9.141502483991008,6.3249211356466875,18.283004967982016,8.273687755970757,8.696777401599554,2.816581348344321,"[""LocalDateTime"", ""TestLocalDateTime_Basics""]","[0.061377245508982034, 0.028391167192429023]","[11.95808383233533, 6.3249211356466875]"
org.joda.time.TestLocalDateTime_Basics.testSize,0.061377245508982034,0.04488420635070553,0.028391167192429023,0.08976841270141106,0.03882371508232942,0.04174412101190146,0.016493039158276504,11.95808383233533,9.141502483991008,6.3249211356466875,18.283004967982016,8.273687755970757,8.696777401599554,2.816581348344321,"[""LocalDateTime"", ""TestLocalDateTime_Basics""]","[0.061377245508982034, 0.028391167192429023]","[11.95808383233533, 6.3249211356466875]"
org.joda.time.TestLocalDateTime_Basics.testPlusSeconds_int,0.061377245508982034,0.04488420635070553,0.028391167192429023,0.08976841270141106,0.03882371508232942,0.04174412101190146,0.016493039158276504,11.95808383233533,9.141502483991008,6.3249211356466875,18.283004967982016,8.273687755970757,8.696777401599554,2.816581348344321,"[""LocalDateTime"", ""TestLocalDateTime_Basics""]","[0.061377245508982034, 0.028391167192429023]","[11.95808383233533, 6.3249211356466875]"
org.joda.time.TestLocalDateTime_Basics.testGetValue_int,0.061377245508982034,0.04488420635070553,0.028391167192429023,0.08976841270141106,0.03882371508232942,0.04174412101190146,0.016493039158276504,11.95808383233533,9.141502483991008,6.3249211356466875,18.283004967982016,8.273687755970757,8.696777401599554,2.816581348344321,"[""LocalDateTime"", ""TestLocalDateTime_Basics""]","[0.061377245508982034, 0.028391167192429023]","[11.95808383233533, 6.3249211356466875]"
org.joda.time.TestLocalDateTime_Basics.testWithers,0.061377245508982034,0.04488420635070553,0.028391167192429023,0.08976841270141106,0.03882371508232942,0.04174412101190146,0.016493039158276504,11.95808383233533,9.141502483991008,6.3249211356466875,18.283004967982016,8.273687755970757,8.696777401599554,2.816581348344321,"[""LocalDateTime"", ""TestLocalDateTime_Basics""]","[0.061377245508982034, 0.028391167192429023]","[11.95808383233533, 6.3249211356466875]"
org.joda.time.TestLocalDateTime_Basics.testGetValues,0.061377245508982034,0.04488420635070553,0.028391167192429023,0.08976841270141106,0.03882371508232942,0.04174412101190146,0.016493039158276504,11.95808383233533,9.141502483991008,6.3249211356466875,18.283004967982016,8.273687755970757,8.696777401599554,2.816581348344321,"[""LocalDateTime"", ""TestLocalDateTime_Basics""]","[0.061377245508982034, 0.028391167192429023]","[11.95808383233533, 6.3249211356466875]"
org.joda.time.TestLocalDateTime_Basics.testMinusHours_int,0.061377245508982034,0.04488420635070553,0.028391167192429023,0.08976841270141106,0.03882371508232942,0.04174412101190146,0.016493039158276504,11.95808383233533,9.141502483991008,6.3249211356466875,18.283004967982016,8.273687755970757,8.696777401599554,2.816581348344321,"[""LocalDateTime"", ""TestLocalDateTime_Basics""]","[0.061377245508982034, 0.028391167192429023]","[11.95808383233533, 6.3249211356466875]"
org.joda.time.TestLocalDateTime_Basics.testIsEqual_LocalDateTime,0.061377245508982034,0.04488420635070553,0.028391167192429023,0.08976841270141106,0.03882371508232942,0.04174412101190146,0.016493039158276504,11.95808383233533,9.141502483991008,6.3249211356466875,18.283004967982016,8.273687755970757,8.696777401599554,2.816581348344321,"[""LocalDateTime"", ""TestLocalDateTime_Basics""]","[0.061377245508982034, 0.028391167192429023]","[11.95808383233533, 6.3249211356466875]"
org.joda.time.TestLocalDateTime_Basics.testToString_String_Locale,0.061377245508982034,0.04488420635070553,0.028391167192429023,0.08976841270141106,0.03882371508232942,0.04174412101190146,0.016493039158276504,11.95808383233533,9.141502483991008,6.3249211356466875,18.283004967982016,8.273687755970757,8.696777401599554,2.816581348344321,"[""LocalDateTime"", ""TestLocalDateTime_Basics""]","[0.061377245508982034, 0.028391167192429023]","[11.95808383233533, 6.3249211356466875]"
org.joda.time.TestLocalDateTime_Basics.testMinusYears_int,0.061377245508982034,0.04488420635070553,0.028391167192429023,0.08976841270141106,0.03882371508232942,0.04174412101190146,0.016493039158276504,11.95808383233533,9.141502483991008,6.3249211356466875,18.283004967982016,8.273687755970757,8.696777401599554,2.816581348344321,"[""LocalDateTime"", ""TestLocalDateTime_Basics""]","[0.061377245508982034, 0.028391167192429023]","[11.95808383233533, 6.3249211356466875]"
org.joda.time.TestLocalDateTime_Basics.testMinusDays_int,0.061377245508982034,0.04488420635070553,0.028391167192429023,0.08976841270141106,0.03882371508232942,0.04174412101190146,0.016493039158276504,11.95808383233533,9.141502483991008,6.3249211356466875,18.283004967982016,8.273687755970757,8.696777401599554,2.816581348344321,"[""LocalDateTime"", ""TestLocalDateTime_Basics""]","[0.061377245508982034, 0.028391167192429023]","[11.95808383233533, 6.3249211356466875]"
org.joda.time.TestLocalDateTime_Basics.testMinusSeconds_int,0.061377245508982034,0.04488420635070553,0.028391167192429023,0.08976841270141106,0.03882371508232942,0.04174412101190146,0.016493039158276504,11.95808383233533,9.141502483991008,6.3249211356466875,18.283004967982016,8.273687755970757,8.696777401599554,2.816581348344321,"[""LocalDateTime"", ""TestLocalDateTime_Basics""]","[0.061377245508982034, 0.028391167192429023]","[11.95808383233533, 6.3249211356466875]"
org.joda.time.TestLocalDateTime_Basics.testMinusMonths_int,0.061377245508982034,0.04488420635070553,0.028391167192429023,0.08976841270141106,0.03882371508232942,0.04174412101190146,0.016493039158276504,11.95808383233533,9.141502483991008,6.3249211356466875,18.283004967982016,8.273687755970757,8.696777401599554,2.816581348344321,"[""LocalDateTime"", ""TestLocalDateTime_Basics""]","[0.061377245508982034, 0.028391167192429023]","[11.95808383233533, 6.3249211356466875]"
org.joda.time.TestLocalDateTime_Basics.testWithField_DateTimeFieldType_int_2,0.061377245508982034,0.04488420635070553,0.028391167192429023,0.08976841270141106,0.03882371508232942,0.04174412101190146,0.016493039158276504,11.95808383233533,9.141502483991008,6.3249211356466875,18.283004967982016,8.273687755970757,8.696777401599554,2.816581348344321,"[""LocalDateTime"", ""TestLocalDateTime_Basics""]","[0.061377245508982034, 0.028391167192429023]","[11.95808383233533, 6.3249211356466875]"
org.joda.time.TestLocalDateTime_Basics.testPlusMillis_int,0.061377245508982034,0.04488420635070553,0.028391167192429023,0.08976841270141106,0.03882371508232942,0.04174412101190146,0.016493039158276504,11.95808383233533,9.141502483991008,6.3249211356466875,18.283004967982016,8.273687755970757,8.696777401599554,2.816581348344321,"[""LocalDateTime"", ""TestLocalDateTime_Basics""]","[0.061377245508982034, 0.028391167192429023]","[11.95808383233533, 6.3249211356466875]"
org.joda.time.TestLocalDateTime_Basics.testPlusWeeks_int,0.061377245508982034,0.04488420635070553,0.028391167192429023,0.08976841270141106,0.03882371508232942,0.04174412101190146,0.016493039158276504,11.95808383233533,9.141502483991008,6.3249211356466875,18.283004967982016,8.273687755970757,8.696777401599554,2.816581348344321,"[""LocalDateTime"", ""TestLocalDateTime_Basics""]","[0.061377245508982034, 0.028391167192429023]","[11.95808383233533, 6.3249211356466875]"
org.joda.time.TestLocalDateTime_Basics.testWithTime,0.061377245508982034,0.04488420635070553,0.028391167192429023,0.08976841270141106,0.03882371508232942,0.04174412101190146,0.016493039158276504,11.95808383233533,9.141502483991008,6.3249211356466875,18.283004967982016,8.273687755970757,8.696777401599554,2.816581348344321,"[""LocalDateTime"", ""TestLocalDateTime_Basics""]","[0.061377245508982034, 0.028391167192429023]","[11.95808383233533, 6.3249211356466875]"
org.joda.time.TestLocalDateTime_Basics.testToString,0.061377245508982034,0.04488420635070553,0.028391167192429023,0.08976841270141106,0.03882371508232942,0.04174412101190146,0.016493039158276504,11.95808383233533,9.141502483991008,6.3249211356466875,18.283004967982016,8.273687755970757,8.696777401599554,2.816581348344321,"[""LocalDateTime"", ""TestLocalDateTime_Basics""]","[0.061377245508982034, 0.028391167192429023]","[11.95808383233533, 6.3249211356466875]"
org.joda.time.TestLocalDateTime_Basics.testGetters,0.061377245508982034,0.04488420635070553,0.028391167192429023,0.08976841270141106,0.03882371508232942,0.04174412101190146,0.016493039158276504,11.95808383233533,9.141502483991008,6.3249211356466875,18.283004967982016,8.273687755970757,8.696777401599554,2.816581348344321,"[""LocalDateTime"", ""TestLocalDateTime_Basics""]","[0.061377245508982034, 0.028391167192429023]","[11.95808383233533, 6.3249211356466875]"
org.joda.time.TestLocalDateTime_Basics.testMinusWeeks_int,0.061377245508982034,0.04488420635070553,0.028391167192429023,0.08976841270141106,0.03882371508232942,0.04174412101190146,0.016493039158276504,11.95808383233533,9.141502483991008,6.3249211356466875,18.283004967982016,8.273687755970757,8.696777401599554,2.816581348344321,"[""LocalDateTime"", ""TestLocalDateTime_Basics""]","[0.061377245508982034, 0.028391167192429023]","[11.95808383233533, 6.3249211356466875]"
org.joda.time.TestLocalDateTime_Basics.testMinusMinutes_int,0.061377245508982034,0.04488420635070553,0.028391167192429023,0.08976841270141106,0.03882371508232942,0.04174412101190146,0.016493039158276504,11.95808383233533,9.141502483991008,6.3249211356466875,18.283004967982016,8.273687755970757,8.696777401599554,2.816581348344321,"[""LocalDateTime"", ""TestLocalDateTime_Basics""]","[0.061377245508982034, 0.028391167192429023]","[11.95808383233533, 6.3249211356466875]"
org.joda.time.TestLocalDateTime_Basics.testPlusMinutes_int,0.061377245508982034,0.04488420635070553,0.028391167192429023,0.08976841270141106,0.03882371508232942,0.04174412101190146,0.016493039158276504,11.95808383233533,9.141502483991008,6.3249211356466875,18.283004967982016,8.273687755970757,8.696777401599554,2.816581348344321,"[""LocalDateTime"", ""TestLocalDateTime_Basics""]","[0.061377245508982034, 0.028391167192429023]","[11.95808383233533, 6.3249211356466875]"
org.joda.time.TestLocalDateTime_Basics.testPlusYears_int,0.061377245508982034,0.04488420635070553,0.028391167192429023,0.08976841270141106,0.03882371508232942,0.04174412101190146,0.016493039158276504,11.95808383233533,9.141502483991008,6.3249211356466875,18.283004967982016,8.273687755970757,8.696777401599554,2.816581348344321,"[""LocalDateTime"", ""TestLocalDateTime_Basics""]","[0.061377245508982034, 0.028391167192429023]","[11.95808383233533, 6.3249211356466875]"
org.joda.time.TestLocalDateTime_Basics.testToString_String,0.061377245508982034,0.04488420635070553,0.028391167192429023,0.08976841270141106,0.03882371508232942,0.04174412101190146,0.016493039158276504,11.95808383233533,9.141502483991008,6.3249211356466875,18.283004967982016,8.273687755970757,8.696777401599554,2.816581348344321,"[""LocalDateTime"", ""TestLocalDateTime_Basics""]","[0.061377245508982034, 0.028391167192429023]","[11.95808383233533, 6.3249211356466875]"
org.joda.time.TestLocalDateTime_Basics.testMinusMillis_int,0.061377245508982034,0.04488420635070553,0.028391167192429023,0.08976841270141106,0.03882371508232942,0.04174412101190146,0.016493039158276504,11.95808383233533,9.141502483991008,6.3249211356466875,18.283004967982016,8.273687755970757,8.696777401599554,2.816581348344321,"[""LocalDateTime"", ""TestLocalDateTime_Basics""]","[0.061377245508982034, 0.028391167192429023]","[11.95808383233533, 6.3249211356466875]"
org.joda.time.TestLocalDateTime_Basics.testPlusMonths_int,0.061377245508982034,0.04488420635070553,0.028391167192429023,0.08976841270141106,0.03882371508232942,0.04174412101190146,0.016493039158276504,11.95808383233533,9.141502483991008,6.3249211356466875,18.283004967982016,8.273687755970757,8.696777401599554,2.816581348344321,"[""LocalDateTime"", ""TestLocalDateTime_Basics""]","[0.061377245508982034, 0.028391167192429023]","[11.95808383233533, 6.3249211356466875]"
org.joda.time.TestLocalDateTime_Basics.testWithFieldAdded_DurationFieldType_int_3,0.061377245508982034,0.04488420635070553,0.028391167192429023,0.08976841270141106,0.03882371508232942,0.04174412101190146,0.016493039158276504,11.95808383233533,9.141502483991008,6.3249211356466875,18.283004967982016,8.273687755970757,8.696777401599554,2.816581348344321,"[""LocalDateTime"", ""TestLocalDateTime_Basics""]","[0.061377245508982034, 0.028391167192429023]","[11.95808383233533, 6.3249211356466875]"
org.joda.time.TestLocalDateTime_Basics.testWithDate,0.061377245508982034,0.04488420635070553,0.028391167192429023,0.08976841270141106,0.03882371508232942,0.04174412101190146,0.016493039158276504,11.95808383233533,9.141502483991008,6.3249211356466875,18.283004967982016,8.273687755970757,8.696777401599554,2.816581348344321,"[""LocalDateTime"", ""TestLocalDateTime_Basics""]","[0.061377245508982034, 0.028391167192429023]","[11.95808383233533, 6.3249211356466875]"
org.joda.time.TestLocalDateTime_Basics.testIsBefore_LocalDateTime,0.061377245508982034,0.04488420635070553,0.028391167192429023,0.08976841270141106,0.03882371508232942,0.04174412101190146,0.016493039158276504,11.95808383233533,9.141502483991008,6.3249211356466875,18.283004967982016,8.273687755970757,8.696777401599554,2.816581348344321,"[""LocalDateTime"", ""TestLocalDateTime_Basics""]","[0.061377245508982034, 0.028391167192429023]","[11.95808383233533, 6.3249211356466875]"
org.joda.time.TestLocalDateTime_Basics.testWithFieldAdded_DurationFieldType_int_2,0.061377245508982034,0.04488420635070553,0.028391167192429023,0.08976841270141106,0.03882371508232942,0.04174412101190146,0.016493039158276504,11.95808383233533,9.141502483991008,6.3249211356466875,18.283004967982016,8.273687755970757,8.696777401599554,2.816581348344321,"[""LocalDateTime"", ""TestLocalDateTime_Basics""]","[0.061377245508982034, 0.028391167192429023]","[11.95808383233533, 6.3249211356466875]"
org.joda.time.TestLocalDateTime_Basics.testPlusHours_int,0.061377245508982034,0.04488420635070553,0.028391167192429023,0.08976841270141106,0.03882371508232942,0.04174412101190146,0.016493039158276504,11.95808383233533,9.141502483991008,6.3249211356466875,18.283004967982016,8.273687755970757,8.696777401599554,2.816581348344321,"[""LocalDateTime"", ""TestLocalDateTime_Basics""]","[0.061377245508982034, 0.028391167192429023]","[11.95808383233533, 6.3249211356466875]"
org.joda.time.chrono.TestCopticChronology.testDurationFields,0.03832116788321168,0.022439469002142106,0.010378510378510378,0.08975787600856842,0.018076592136590356,0.0201612985600177,0.010210501247503593,3.5,1.8271638032421873,0.7197802197802198,7.308655212968749,1.2275153453089527,1.4888691595922614,1.1240565133916254,"[""TestCopticChronology"", ""DateTimeZone"", ""CopticChronology"", ""DurationField""]","[0.03832116788321168, 0.02298095863427446, 0.018077239112571898, 0.010378510378510378]","[3.5, 0.8850952068286277, 2.2037797863599016, 0.7197802197802198]"
org.joda.time.TestDateTime_Basics.testIsSupported_DateTimeFieldType,0.041970802919708027,0.029908962110361998,0.017691659646166806,0.089726886331086,0.02640570756908947,0.028157207362956155,0.009912528293995157,5.9939172749391725,4.294646185517259,2.2350463352990735,12.883938556551776,3.618478495087541,3.965563189429844,1.5555610557202915,"[""DateTimeFieldType"", ""TestDateTime_Basics"", ""DateTime""]","[0.041970802919708027, 0.030064423765211165, 0.017691659646166806]","[5.9939172749391725, 4.654974946313529, 2.2350463352990735]"
org.joda.time.TestDateTime_Basics.testWithField1,0.041970802919708027,0.029908962110361998,0.017691659646166806,0.089726886331086,0.02640570756908947,0.028157207362956155,0.009912528293995157,5.9939172749391725,4.294646185517259,2.2350463352990735,12.883938556551776,3.618478495087541,3.965563189429844,1.5555610557202915,"[""DateTimeFieldType"", ""TestDateTime_Basics"", ""DateTime""]","[0.041970802919708027, 0.030064423765211165, 0.017691659646166806]","[5.9939172749391725, 4.654974946313529, 2.2350463352990735]"
org.joda.time.TestDateTime_Basics.testGet_DateTimeFieldType,0.041970802919708027,0.029908962110361998,0.017691659646166806,0.089726886331086,0.02640570756908947,0.028157207362956155,0.009912528293995157,5.9939172749391725,4.294646185517259,2.2350463352990735,12.883938556551776,3.618478495087541,3.965563189429844,1.5555610557202915,"[""DateTimeFieldType"", ""TestDateTime_Basics"", ""DateTime""]","[0.041970802919708027, 0.030064423765211165, 0.017691659646166806]","[5.9939172749391725, 4.654974946313529, 2.2350463352990735]"
org.joda.time.TestLocalTime_Constructors.testConstructor_Object_nullDateTimeZone,0.05547226386806597,0.029905959301051225,0.0026666666666666666,0.08971787790315368,0.007063914639061539,0.016716579726588975,0.021590228356894527,8.113943028485757,4.4679592885261625,0.04933333333333333,13.403877865578488,0.14574191174335185,1.2801214770100866,3.3373856413223617,"[""TestLocalTime_Constructors"", ""Date"", ""LocalTime""]","[0.05547226386806597, 0.031578947368421054, 0.0026666666666666666]","[8.113943028485757, 5.2406015037593985, 0.04933333333333333]"
org.joda.time.TestLocalTime_Constructors.testConstructor_Object1_DateTimeZone,0.05547226386806597,0.029905959301051225,0.0026666666666666666,0.08971787790315368,0.007063914639061539,0.016716579726588975,0.021590228356894527,8.113943028485757,4.4679592885261625,0.04933333333333333,13.403877865578488,0.14574191174335185,1.2801214770100866,3.3373856413223617,"[""TestLocalTime_Constructors"", ""Date"", ""LocalTime""]","[0.05547226386806597, 0.031578947368421054, 0.0026666666666666666]","[8.113943028485757, 5.2406015037593985, 0.04933333333333333]"
org.joda.time.TestLocalTime_Constructors.testConstructor_Object1,0.05547226386806597,0.029905959301051225,0.0026666666666666666,0.08971787790315368,0.007063914639061539,0.016716579726588975,0.021590228356894527,8.113943028485757,4.4679592885261625,0.04933333333333333,13.403877865578488,0.14574191174335185,1.2801214770100866,3.3373856413223617,"[""TestLocalTime_Constructors"", ""Date"", ""LocalTime""]","[0.05547226386806597, 0.031578947368421054, 0.0026666666666666666]","[8.113943028485757, 5.2406015037593985, 0.04933333333333333]"
org.joda.time.TestLocalTime_Constructors.testConstructor_Object1_Chronology,0.05547226386806597,0.029905959301051225,0.0026666666666666666,0.08971787790315368,0.007063914639061539,0.016716579726588975,0.021590228356894527,8.113943028485757,4.4679592885261625,0.04933333333333333,13.403877865578488,0.14574191174335185,1.2801214770100866,3.3373856413223617,"[""TestLocalTime_Constructors"", ""Date"", ""LocalTime""]","[0.05547226386806597, 0.031578947368421054, 0.0026666666666666666]","[8.113943028485757, 5.2406015037593985, 0.04933333333333333]"
org.joda.time.TestLocalTime_Constructors.testConstructor_Object_nullChronology,0.05547226386806597,0.029905959301051225,0.0026666666666666666,0.08971787790315368,0.007063914639061539,0.016716579726588975,0.021590228356894527,8.113943028485757,4.4679592885261625,0.04933333333333333,13.403877865578488,0.14574191174335185,1.2801214770100866,3.3373856413223617,"[""TestLocalTime_Constructors"", ""Date"", ""LocalTime""]","[0.05547226386806597, 0.031578947368421054, 0.0026666666666666666]","[8.113943028485757, 5.2406015037593985, 0.04933333333333333]"
org.joda.time.TestDateTime_Basics.testToString_DTFormatter,0.03345454545454545,0.029891562327104593,0.026155717761557177,0.08967468698131378,0.029589952134250152,0.02974118168629269,0.002982239899870715,4.654974946313529,3.8708337191095974,2.9197080291970803,11.612501157328792,3.726789421046282,3.8001538293694592,0.7181924888214217,"[""DateMidnight"", ""TestDateTime_Basics"", ""DateTimeFormat""]","[0.03345454545454545, 0.030064423765211165, 0.026155717761557177]","[4.0378181818181815, 4.654974946313529, 2.9197080291970803]"
org.joda.time.TestInterval_Constructors.testConstructor_Object2,0.041970802919708027,0.02986415439993118,0.02372034956304619,0.08959246319979354,0.027823456842526118,0.0287627248479823,0.008561012032109086,5.9939172749391725,3.494843786304924,1.618601747815231,10.484531358914772,2.6482094183276725,3.0316496913912894,1.8397075405146763,"[""Interval"", ""TestInterval_Constructors"", ""DateTime""]","[0.041970802919708027, 0.023901310717039322, 0.02372034956304619]","[5.9939172749391725, 2.87201233616037, 1.618601747815231]"
org.joda.time.TestInterval_Constructors.testConstructor_RI_RI1,0.041970802919708027,0.02986415439993118,0.02372034956304619,0.08959246319979354,0.027823456842526118,0.0287627248479823,0.008561012032109086,5.9939172749391725,3.494843786304924,1.618601747815231,10.484531358914772,2.6482094183276725,3.0316496913912894,1.8397075405146763,"[""Interval"", ""TestInterval_Constructors"", ""DateTime""]","[0.041970802919708027, 0.023901310717039322, 0.02372034956304619]","[5.9939172749391725, 2.87201233616037, 1.618601747815231]"
org.joda.time.TestInterval_Constructors.testConstructor_RI_RP6,0.041970802919708027,0.02986415439993118,0.02372034956304619,0.08959246319979354,0.027823456842526118,0.0287627248479823,0.008561012032109086,5.9939172749391725,3.494843786304924,1.618601747815231,10.484531358914772,2.6482094183276725,3.0316496913912894,1.8397075405146763,"[""Interval"", ""TestInterval_Constructors"", ""DateTime""]","[0.041970802919708027, 0.023901310717039322, 0.02372034956304619]","[5.9939172749391725, 2.87201233616037, 1.618601747815231]"
org.joda.time.TestInterval_Constructors.testConstructor_RD_RI3,0.041970802919708027,0.02986415439993118,0.02372034956304619,0.08959246319979354,0.027823456842526118,0.0287627248479823,0.008561012032109086,5.9939172749391725,3.494843786304924,1.618601747815231,10.484531358914772,2.6482094183276725,3.0316496913912894,1.8397075405146763,"[""Interval"", ""TestInterval_Constructors"", ""DateTime""]","[0.041970802919708027, 0.023901310717039322, 0.02372034956304619]","[5.9939172749391725, 2.87201233616037, 1.618601747815231]"
org.joda.time.TestInterval_Constructors.testConstructor_RI_RI6,0.041970802919708027,0.02986415439993118,0.02372034956304619,0.08959246319979354,0.027823456842526118,0.0287627248479823,0.008561012032109086,5.9939172749391725,3.494843786304924,1.618601747815231,10.484531358914772,2.6482094183276725,3.0316496913912894,1.8397075405146763,"[""Interval"", ""TestInterval_Constructors"", ""DateTime""]","[0.041970802919708027, 0.023901310717039322, 0.02372034956304619]","[5.9939172749391725, 2.87201233616037, 1.618601747815231]"
org.joda.time.TestInterval_Constructors.testConstructor_long_long3,0.041970802919708027,0.02986415439993118,0.02372034956304619,0.08959246319979354,0.027823456842526118,0.0287627248479823,0.008561012032109086,5.9939172749391725,3.494843786304924,1.618601747815231,10.484531358914772,2.6482094183276725,3.0316496913912894,1.8397075405146763,"[""Interval"", ""TestInterval_Constructors"", ""DateTime""]","[0.041970802919708027, 0.023901310717039322, 0.02372034956304619]","[5.9939172749391725, 2.87201233616037, 1.618601747815231]"
org.joda.time.TestInterval_Constructors.testConstructor_RI_RD3,0.041970802919708027,0.02986415439993118,0.02372034956304619,0.08959246319979354,0.027823456842526118,0.0287627248479823,0.008561012032109086,5.9939172749391725,3.494843786304924,1.618601747815231,10.484531358914772,2.6482094183276725,3.0316496913912894,1.8397075405146763,"[""Interval"", ""TestInterval_Constructors"", ""DateTime""]","[0.041970802919708027, 0.023901310717039322, 0.02372034956304619]","[5.9939172749391725, 2.87201233616037, 1.618601747815231]"
org.joda.time.TestInterval_Constructors.testConstructor_RP_RI6,0.041970802919708027,0.02986415439993118,0.02372034956304619,0.08959246319979354,0.027823456842526118,0.0287627248479823,0.008561012032109086,5.9939172749391725,3.494843786304924,1.618601747815231,10.484531358914772,2.6482094183276725,3.0316496913912894,1.8397075405146763,"[""Interval"", ""TestInterval_Constructors"", ""DateTime""]","[0.041970802919708027, 0.023901310717039322, 0.02372034956304619]","[5.9939172749391725, 2.87201233616037, 1.618601747815231]"
org.joda.time.TestInterval_Constructors.testConstructor_RI_RI7,0.041970802919708027,0.02986415439993118,0.02372034956304619,0.08959246319979354,0.027823456842526118,0.0287627248479823,0.008561012032109086,5.9939172749391725,3.494843786304924,1.618601747815231,10.484531358914772,2.6482094183276725,3.0316496913912894,1.8397075405146763,"[""Interval"", ""TestInterval_Constructors"", ""DateTime""]","[0.041970802919708027, 0.023901310717039322, 0.02372034956304619]","[5.9939172749391725, 2.87201233616037, 1.618601747815231]"
org.joda.time.TestInterval_Constructors.testConstructor_RI_RI5,0.041970802919708027,0.02986415439993118,0.02372034956304619,0.08959246319979354,0.027823456842526118,0.0287627248479823,0.008561012032109086,5.9939172749391725,3.494843786304924,1.618601747815231,10.484531358914772,2.6482094183276725,3.0316496913912894,1.8397075405146763,"[""Interval"", ""TestInterval_Constructors"", ""DateTime""]","[0.041970802919708027, 0.023901310717039322, 0.02372034956304619]","[5.9939172749391725, 2.87201233616037, 1.618601747815231]"
org.joda.time.TestInterval_Constructors.testConstructor_RI_RI4,0.041970802919708027,0.02986415439993118,0.02372034956304619,0.08959246319979354,0.027823456842526118,0.0287627248479823,0.008561012032109086,5.9939172749391725,3.494843786304924,1.618601747815231,10.484531358914772,2.6482094183276725,3.0316496913912894,1.8397075405146763,"[""Interval"", ""TestInterval_Constructors"", ""DateTime""]","[0.041970802919708027, 0.023901310717039322, 0.02372034956304619]","[5.9939172749391725, 2.87201233616037, 1.618601747815231]"
org.joda.time.TestInterval_Constructors.testConstructor_Object1,0.041970802919708027,0.02986415439993118,0.02372034956304619,0.08959246319979354,0.027823456842526118,0.0287627248479823,0.008561012032109086,5.9939172749391725,3.494843786304924,1.618601747815231,10.484531358914772,2.6482094183276725,3.0316496913912894,1.8397075405146763,"[""StringBuilder"", ""Interval"", ""TestInterval_Constructors"", ""DateTime""]","[0.041970802919708027, 0.023901310717039322, 0.02372034956304619]","[5.9939172749391725, 2.87201233616037, 1.618601747815231]"
org.joda.time.chrono.TestISOChronology.testMaxYear,0.041970802919708027,0.022393853532644604,0.015206812652068127,0.08957541413057842,0.018772734734003045,0.020228713927356846,0.011311124871728301,5.9939172749391725,2.5615652425705244,0.7195863746958637,10.246260970282098,1.4843103392791208,1.9127566081694378,2.0292764249105644,"[""TestISOChronology"", ""StringBuilder"", ""DateTimeField"", ""DateTime$Property"", ""ISOChronology"", ""DateTime""]","[0.041970802919708027, 0.016423357664233577, 0.01597444089456869, 0.015206812652068127]","[5.9939172749391725, 1.8953771289537713, 1.6373801916932906, 0.7195863746958637]"
org.joda.time.chrono.TestISOChronology.testMinYear,0.041970802919708027,0.022393853532644604,0.015206812652068127,0.08957541413057842,0.018772734734003045,0.020228713927356846,0.011311124871728301,5.9939172749391725,2.5615652425705244,0.7195863746958637,10.246260970282098,1.4843103392791208,1.9127566081694378,2.0292764249105644,"[""TestISOChronology"", ""StringBuilder"", ""DateTimeField"", ""DateTime$Property"", ""ISOChronology"", ""DateTime""]","[0.041970802919708027, 0.016423357664233577, 0.01597444089456869, 0.015206812652068127]","[5.9939172749391725, 1.8953771289537713, 1.6373801916932906, 0.7195863746958637]"
org.joda.time.TestDateTimeZoneCutover.test_MutableDateTime_withZoneRetainFields_Gaza,0.05422993492407809,0.04475487013843807,0.03527980535279805,0.08950974027687614,0.04274890179545387,0.043740388068881836,0.00947506478564002,11.47939262472885,7.841581957133282,4.203771289537713,15.683163914266563,6.153954827095598,6.946707215448632,3.637810667595569,"[""MutableDateTime"", ""TestDateTimeZoneCutover""]","[0.05422993492407809, 0.03527980535279805]","[11.47939262472885, 4.203771289537713]"
org.joda.time.TestDateTimeZoneCutover.test_MutableDateTime_setZoneRetainFields_Turk,0.05422993492407809,0.04475487013843807,0.03527980535279805,0.08950974027687614,0.04274890179545387,0.043740388068881836,0.00947506478564002,11.47939262472885,7.841581957133282,4.203771289537713,15.683163914266563,6.153954827095598,6.946707215448632,3.637810667595569,"[""MutableDateTime"", ""TestDateTimeZoneCutover""]","[0.05422993492407809, 0.03527980535279805]","[11.47939262472885, 4.203771289537713]"
org.joda.time.TestDateTime_Constructors.testConstructor_badconverterObject,0.041970802919708027,0.022325961137099705,0.015032211882605583,0.08930384454839882,0.018638469453651666,0.020123945101169577,0.011370731072286231,5.9939172749391725,2.6238265684893367,0.7195863746958637,10.495306273957347,1.5007235999789899,1.9584124667403935,2.024100976822828,"[""Integer"", ""ISOChronology"", ""TestDateTime_Constructors"", ""ConverterManager"", ""DateTime""]","[0.041970802919708027, 0.017094017094017096, 0.015206812652068127, 0.015032211882605583]","[5.9939172749391725, 1.4847374847374848, 0.7195863746958637, 2.2970651395848245]"
org.joda.time.TestMutableInterval_Constructors.testConstructor_RI_RD4,0.020757020757020756,0.017809441581816684,0.015206812652068127,0.08904720790908342,0.01758857127197814,0.017698167280707975,0.002000459268996439,2.4287962234461054,1.598734247761001,0.7195863746958637,7.993671238805005,1.3521445739369788,1.4815854529229187,0.5694501315609696,"[""DateTimeField"", ""TestMutableInterval_Constructors"", ""Duration"", ""MutableInterval"", ""ISOChronology""]","[0.020757020757020756, 0.019350811485642945, 0.01730920535011802, 0.016423357664233577, 0.015206812652068127]","[1.6178266178266179, 1.3320848938826466, 2.4287962234461054, 1.8953771289537713, 0.7195863746958637]"
org.joda.time.TestMutableInterval_Constructors.testConstructor_RD_RI4,0.020757020757020756,0.017809441581816684,0.015206812652068127,0.08904720790908342,0.01758857127197814,0.017698167280707975,0.002000459268996439,2.4287962234461054,1.598734247761001,0.7195863746958637,7.993671238805005,1.3521445739369788,1.4815854529229187,0.5694501315609696,"[""DateTimeField"", ""TestMutableInterval_Constructors"", ""Duration"", ""MutableInterval"", ""ISOChronology""]","[0.020757020757020756, 0.019350811485642945, 0.01730920535011802, 0.016423357664233577, 0.015206812652068127]","[1.6178266178266179, 1.3320848938826466, 2.4287962234461054, 1.8953771289537713, 0.7195863746958637]"
org.joda.time.chrono.TestBuddhistChronology.testKeyYears,0.041970802919708027,0.029678215809602667,0.015206812652068127,0.089034647428808,0.024798239281182407,0.027293774196216678,0.011034437707709503,5.9939172749391725,4.126496104598294,1.254257907542579,12.379488313794882,2.588434104434317,3.378900242913167,2.061283689454964,"[""TestBuddhistChronology"", ""Period"", ""DateTime""]","[0.041970802919708027, 0.031857031857031856, 0.015206812652068127]","[5.9939172749391725, 5.1313131313131315, 1.254257907542579]"
org.joda.time.chrono.TestIslamicChronology.testDurationFields,0.03832116788321168,0.02224203365939025,0.010378510378510378,0.088968134637561,0.017890735829272805,0.01994864363445002,0.010278389890694004,3.931543624161074,2.6022604911866654,0.7197802197802198,10.409041964746661,1.6861235676817594,2.1745790135233345,1.2485362720519089,"[""DurationField"", ""IslamicChronology"", ""TestIslamicChronology"", ""DateTimeZone""]","[0.03832116788321168, 0.022818791946308724, 0.0174496644295302, 0.010378510378510378]","[3.5, 2.257718120805369, 3.931543624161074, 0.7197802197802198]"
org.joda.time.chrono.TestISOChronology.testMaximumValue,0.03952011291460833,0.029649699754574158,0.01597444089456869,0.08894909926372248,0.025468000880570628,0.027641800340046527,0.00998189380225556,4.0378181818181815,3.070279015588275,1.6373801916932906,9.210837046764825,2.6287552489446337,2.859267068733672,1.0337457277123567,"[""TestISOChronology"", ""YearMonthDay"", ""DateMidnight"", ""YearMonthDay$Property"", ""DateMidnight$Property""]","[0.03952011291460833, 0.03345454545454545, 0.01597444089456869]","[3.5356386732533522, 4.0378181818181815, 1.6373801916932906]"
org.joda.time.TestMonthDay_Properties.testPropertyGetDayOfMonth,0.044534412955465584,0.02963296787730134,0.020072992700729927,0.08889890363190402,0.02644583945505543,0.02789891959421256,0.010676726893947558,7.753036437246964,4.310525166556669,2.3728710462287106,12.931575499670007,3.3082148587930846,3.72329472033317,2.440627131282059,"[""MonthDay"", ""Chronology"", ""TestMonthDay_Properties"", ""MonthDay$Property""]","[0.044534412955465584, 0.024291497975708502, 0.020072992700729927]","[7.753036437246964, 2.805668016194332, 2.3728710462287106]"
org.joda.time.TestMonthDay_Basics.testGetFields,0.044534412955465584,0.02963296787730134,0.020072992700729927,0.08889890363190402,0.02644583945505543,0.02789891959421256,0.010676726893947558,7.753036437246964,5.26734028126652,2.3728710462287106,15.80202084379956,4.12888157477588,4.709039580974574,2.215380551402577,"[""MonthDay"", ""Chronology"", ""TestMonthDay_Basics""]","[0.044534412955465584, 0.024291497975708502, 0.020072992700729927]","[7.753036437246964, 5.676113360323886, 2.3728710462287106]"
org.joda.time.TestMonthDay_Basics.testGetField,0.044534412955465584,0.02963296787730134,0.020072992700729927,0.08889890363190402,0.02644583945505543,0.02789891959421256,0.010676726893947558,7.753036437246964,5.26734028126652,2.3728710462287106,15.80202084379956,4.12888157477588,4.709039580974574,2.215380551402577,"[""MonthDay"", ""Chronology"", ""TestMonthDay_Basics""]","[0.044534412955465584, 0.024291497975708502, 0.020072992700729927]","[7.753036437246964, 5.676113360323886, 2.3728710462287106]"
org.joda.time.TestMonthDay_Properties.testPropertyGetMonthOfYear,0.044534412955465584,0.02963296787730134,0.020072992700729927,0.08889890363190402,0.02644583945505543,0.02789891959421256,0.010676726893947558,7.753036437246964,4.310525166556669,2.3728710462287106,12.931575499670007,3.3082148587930846,3.72329472033317,2.440627131282059,"[""MonthDay"", ""Chronology"", ""TestMonthDay_Properties"", ""MonthDay$Property""]","[0.044534412955465584, 0.024291497975708502, 0.020072992700729927]","[7.753036437246964, 2.805668016194332, 2.3728710462287106]"
org.joda.time.chrono.TestGJChronology.testIllegalDates,0.041970802919708027,0.029602595296025953,0.023114355231143552,0.08880778588807786,0.027461690917001014,0.028444433247967103,0.008749168292940559,5.9939172749391725,3.7694647201946476,2.403284671532847,11.308394160583942,3.238220068001116,3.474259716311421,1.5865338307527015,"[""TestGJChronology"", ""GJChronology"", ""DateTime""]","[0.041970802919708027, 0.023722627737226276, 0.023114355231143552]","[5.9939172749391725, 2.403284671532847, 2.911192214111922]"
org.joda.time.chrono.TestGJChronology.testParseEquivalence,0.041970802919708027,0.029602595296025953,0.023114355231143552,0.08880778588807786,0.027461690917001014,0.028444433247967103,0.008749168292940559,5.9939172749391725,3.7694647201946476,2.403284671532847,11.308394160583942,3.238220068001116,3.474259716311421,1.5865338307527015,"[""TestGJChronology"", ""GJChronology"", ""DateTime""]","[0.041970802919708027, 0.023722627737226276, 0.023114355231143552]","[5.9939172749391725, 2.403284671532847, 2.911192214111922]"
org.joda.time.format.TestDateTimeFormatter.testParseInto_zone,0.03527980535279805,0.029569416795694164,0.026155717761557177,0.0887082503870825,0.029057363891506746,0.029304914869534883,0.004063523156641156,4.203771289537713,3.4982317088156503,2.559610705596107,10.49469512644695,3.3460923019442226,3.4241929707426806,0.691163858324921,"[""TestDateTimeFormatter"", ""DateTimeFormatter"", ""MutableDateTime""]","[0.03527980535279805, 0.02727272727272727, 0.026155717761557177]","[4.203771289537713, 3.731313131313131, 2.559610705596107]"
org.joda.time.format.TestDateTimeFormatter.testParseInto_chrono,0.03527980535279805,0.029569416795694164,0.026155717761557177,0.0887082503870825,0.029057363891506746,0.029304914869534883,0.004063523156641156,4.203771289537713,3.4982317088156503,2.559610705596107,10.49469512644695,3.3460923019442226,3.4241929707426806,0.691163858324921,"[""TestDateTimeFormatter"", ""DateTimeFormatter"", ""MutableDateTime""]","[0.03527980535279805, 0.02727272727272727, 0.026155717761557177]","[4.203771289537713, 3.731313131313131, 2.559610705596107]"
org.joda.time.format.TestDateTimeFormatter.testParseMutableDateTime_simple,0.03527980535279805,0.029569416795694164,0.026155717761557177,0.0887082503870825,0.029057363891506746,0.029304914869534883,0.004063523156641156,4.203771289537713,3.4982317088156503,2.559610705596107,10.49469512644695,3.3460923019442226,3.4241929707426806,0.691163858324921,"[""TestDateTimeFormatter"", ""DateTimeFormatter"", ""MutableDateTime""]","[0.03527980535279805, 0.02727272727272727, 0.026155717761557177]","[4.203771289537713, 3.731313131313131, 2.559610705596107]"
org.joda.time.format.TestDateTimeFormatter.testParseInto_zone2,0.03527980535279805,0.029569416795694164,0.026155717761557177,0.0887082503870825,0.029057363891506746,0.029304914869534883,0.004063523156641156,4.203771289537713,3.4982317088156503,2.559610705596107,10.49469512644695,3.3460923019442226,3.4241929707426806,0.691163858324921,"[""TestDateTimeFormatter"", ""DateTimeFormatter"", ""MutableDateTime""]","[0.03527980535279805, 0.02727272727272727, 0.026155717761557177]","[4.203771289537713, 3.731313131313131, 2.559610705596107]"
org.joda.time.format.TestDateTimeFormatter.testParseInto_simple,0.03527980535279805,0.029569416795694164,0.026155717761557177,0.0887082503870825,0.029057363891506746,0.029304914869534883,0.004063523156641156,4.203771289537713,3.4982317088156503,2.559610705596107,10.49469512644695,3.3460923019442226,3.4241929707426806,0.691163858324921,"[""TestDateTimeFormatter"", ""DateTimeFormatter"", ""MutableDateTime""]","[0.03527980535279805, 0.02727272727272727, 0.026155717761557177]","[4.203771289537713, 3.731313131313131, 2.559610705596107]"
org.joda.time.format.TestDateTimeFormatter.testParseMutableDateTime_zone,0.03527980535279805,0.029569416795694164,0.026155717761557177,0.0887082503870825,0.029057363891506746,0.029304914869534883,0.004063523156641156,4.203771289537713,3.4982317088156503,2.559610705596107,10.49469512644695,3.3460923019442226,3.4241929707426806,0.691163858324921,"[""TestDateTimeFormatter"", ""DateTimeFormatter"", ""MutableDateTime""]","[0.03527980535279805, 0.02727272727272727, 0.026155717761557177]","[4.203771289537713, 3.731313131313131, 2.559610705596107]"
org.joda.time.format.TestDateTimeFormatter.testParseMutableDateTime_simple_precedence,0.03527980535279805,0.029569416795694164,0.026155717761557177,0.0887082503870825,0.029057363891506746,0.029304914869534883,0.004063523156641156,4.203771289537713,3.4982317088156503,2.559610705596107,10.49469512644695,3.3460923019442226,3.4241929707426806,0.691163858324921,"[""TestDateTimeFormatter"", ""DateTimeFormatter"", ""MutableDateTime""]","[0.03527980535279805, 0.02727272727272727, 0.026155717761557177]","[4.203771289537713, 3.731313131313131, 2.559610705596107]"
org.joda.time.format.TestDateTimeFormatter.testParseMutableDateTime_chrono,0.03527980535279805,0.029569416795694164,0.026155717761557177,0.0887082503870825,0.029057363891506746,0.029304914869534883,0.004063523156641156,4.203771289537713,3.4982317088156503,2.559610705596107,10.49469512644695,3.3460923019442226,3.4241929707426806,0.691163858324921,"[""TestDateTimeFormatter"", ""DateTimeFormatter"", ""MutableDateTime""]","[0.03527980535279805, 0.02727272727272727, 0.026155717761557177]","[4.203771289537713, 3.731313131313131, 2.559610705596107]"
org.joda.time.format.TestDateTimeFormatter.testParseInto_simple_precedence,0.03527980535279805,0.029569416795694164,0.026155717761557177,0.0887082503870825,0.029057363891506746,0.029304914869534883,0.004063523156641156,4.203771289537713,3.4982317088156503,2.559610705596107,10.49469512644695,3.3460923019442226,3.4241929707426806,0.691163858324921,"[""TestDateTimeFormatter"", ""DateTimeFormatter"", ""MutableDateTime""]","[0.03527980535279805, 0.02727272727272727, 0.026155717761557177]","[4.203771289537713, 3.731313131313131, 2.559610705596107]"
org.joda.time.format.TestDateTimeFormatter.testParseMutableDateTime_zone2,0.03527980535279805,0.029569416795694164,0.026155717761557177,0.0887082503870825,0.029057363891506746,0.029304914869534883,0.004063523156641156,4.203771289537713,3.4982317088156503,2.559610705596107,10.49469512644695,3.3460923019442226,3.4241929707426806,0.691163858324921,"[""TestDateTimeFormatter"", ""DateTimeFormatter"", ""MutableDateTime""]","[0.03527980535279805, 0.02727272727272727, 0.026155717761557177]","[4.203771289537713, 3.731313131313131, 2.559610705596107]"
org.joda.time.TestMonthDay_Constructors.testFactory_FromDateFields,0.044534412955465584,0.02953508256842929,0.007633587786259542,0.08860524770528787,0.016583840527109275,0.023137867556953868,0.01583556397364623,7.753036437246964,3.783915896611759,0.14122137404580154,11.351747689835276,0.4000378718202795,1.5585152579739685,3.1160709874293557,"[""TestMonthDay_Constructors"", ""GregorianCalendar"", ""MonthDay""]","[0.044534412955465584, 0.03643724696356275, 0.007633587786259542]","[7.753036437246964, 3.45748987854251, 0.14122137404580154]"
org.joda.time.TestMonthDay_Constructors.testFactory_FromCalendarFields,0.044534412955465584,0.02953508256842929,0.007633587786259542,0.08860524770528787,0.016583840527109275,0.023137867556953868,0.01583556397364623,7.753036437246964,3.783915896611759,0.14122137404580154,11.351747689835276,0.4000378718202795,1.5585152579739685,3.1160709874293557,"[""TestMonthDay_Constructors"", ""GregorianCalendar"", ""MonthDay""]","[0.044534412955465584, 0.03643724696356275, 0.007633587786259542]","[7.753036437246964, 3.45748987854251, 0.14122137404580154]"
org.joda.time.TestDateTime_Properties.testPropertyToIntervalHourOfDay,0.041970802919708027,0.0295324600377971,0.02290622763063708,0.0885973801133913,0.027362218719039603,0.02835789422128694,0.00880151422071587,5.9939172749391725,4.426792907370055,1.618601747815231,13.280378722110166,3.121467390929507,3.8026814575423313,1.990147662377549,"[""Interval"", ""DateTime$Property"", ""TestDateTime_Properties"", ""DateTime""]","[0.041970802919708027, 0.02372034956304619, 0.02290622763063708]","[5.9939172749391725, 1.618601747815231, 5.667859699355763]"
org.joda.time.TestDateTime_Properties.testPropertyToIntervalDayOfMonth,0.041970802919708027,0.0295324600377971,0.02290622763063708,0.0885973801133913,0.027362218719039603,0.02835789422128694,0.00880151422071587,5.9939172749391725,4.426792907370055,1.618601747815231,13.280378722110166,3.121467390929507,3.8026814575423313,1.990147662377549,"[""Interval"", ""DateTime$Property"", ""TestDateTime_Properties"", ""DateTime""]","[0.041970802919708027, 0.02372034956304619, 0.02290622763063708]","[5.9939172749391725, 1.618601747815231, 5.667859699355763]"
org.joda.time.TestDateTime_Properties.testPropertyToIntervalMinuteOfHour,0.041970802919708027,0.0295324600377971,0.02290622763063708,0.0885973801133913,0.027362218719039603,0.02835789422128694,0.00880151422071587,5.9939172749391725,4.426792907370055,1.618601747815231,13.280378722110166,3.121467390929507,3.8026814575423313,1.990147662377549,"[""Interval"", ""DateTime$Property"", ""TestDateTime_Properties"", ""DateTime""]","[0.041970802919708027, 0.02372034956304619, 0.02290622763063708]","[5.9939172749391725, 1.618601747815231, 5.667859699355763]"
org.joda.time.TestDateTime_Properties.testPropertyToIntervalYear,0.041970802919708027,0.0295324600377971,0.02290622763063708,0.0885973801133913,0.027362218719039603,0.02835789422128694,0.00880151422071587,5.9939172749391725,4.426792907370055,1.618601747815231,13.280378722110166,3.121467390929507,3.8026814575423313,1.990147662377549,"[""Interval"", ""DateTime$Property"", ""TestDateTime_Properties"", ""DateTime""]","[0.041970802919708027, 0.02372034956304619, 0.02290622763063708]","[5.9939172749391725, 1.618601747815231, 5.667859699355763]"
org.joda.time.TestDateTime_Properties.testPropertyToIntervalMillisOfSecond,0.041970802919708027,0.0295324600377971,0.02290622763063708,0.0885973801133913,0.027362218719039603,0.02835789422128694,0.00880151422071587,5.9939172749391725,4.426792907370055,1.618601747815231,13.280378722110166,3.121467390929507,3.8026814575423313,1.990147662377549,"[""Interval"", ""DateTime$Property"", ""TestDateTime_Properties"", ""DateTime""]","[0.041970802919708027, 0.02372034956304619, 0.02290622763063708]","[5.9939172749391725, 1.618601747815231, 5.667859699355763]"
org.joda.time.TestDateTime_Properties.testPropertyToIntervalSecondOfMinute,0.041970802919708027,0.0295324600377971,0.02290622763063708,0.0885973801133913,0.027362218719039603,0.02835789422128694,0.00880151422071587,5.9939172749391725,4.426792907370055,1.618601747815231,13.280378722110166,3.121467390929507,3.8026814575423313,1.990147662377549,"[""Interval"", ""DateTime$Property"", ""TestDateTime_Properties"", ""DateTime""]","[0.041970802919708027, 0.02372034956304619, 0.02290622763063708]","[5.9939172749391725, 1.618601747815231, 5.667859699355763]"
org.joda.time.TestDateTime_Properties.testPropertyToIntervalYearOfCentury,0.041970802919708027,0.0295324600377971,0.02290622763063708,0.0885973801133913,0.027362218719039603,0.02835789422128694,0.00880151422071587,5.9939172749391725,4.426792907370055,1.618601747815231,13.280378722110166,3.121467390929507,3.8026814575423313,1.990147662377549,"[""Interval"", ""DateTime$Property"", ""TestDateTime_Properties"", ""DateTime""]","[0.041970802919708027, 0.02372034956304619, 0.02290622763063708]","[5.9939172749391725, 1.618601747815231, 5.667859699355763]"
org.joda.time.TestDateTime_Properties.testPropertyToIntervalYearOfEra,0.041970802919708027,0.0295324600377971,0.02290622763063708,0.0885973801133913,0.027362218719039603,0.02835789422128694,0.00880151422071587,5.9939172749391725,4.426792907370055,1.618601747815231,13.280378722110166,3.121467390929507,3.8026814575423313,1.990147662377549,"[""Interval"", ""DateTime$Property"", ""TestDateTime_Properties"", ""DateTime""]","[0.041970802919708027, 0.02372034956304619, 0.02290622763063708]","[5.9939172749391725, 1.618601747815231, 5.667859699355763]"
org.joda.time.TestDateTime_Properties.testPropertyToIntervalMonthOfYear,0.041970802919708027,0.0295324600377971,0.02290622763063708,0.0885973801133913,0.027362218719039603,0.02835789422128694,0.00880151422071587,5.9939172749391725,4.426792907370055,1.618601747815231,13.280378722110166,3.121467390929507,3.8026814575423313,1.990147662377549,"[""Interval"", ""DateTime$Property"", ""TestDateTime_Properties"", ""DateTime""]","[0.041970802919708027, 0.02372034956304619, 0.02290622763063708]","[5.9939172749391725, 1.618601747815231, 5.667859699355763]"
org.joda.time.TestTimeOfDay_Constructors.testConstructor_Chronology,0.04654346338124572,0.029525876006779125,0.019464720194647202,0.08857762802033738,0.025604263515372695,0.02734487297297011,0.012099821987740797,4.317590691307323,2.7438315956696218,0.8479318734793188,8.231494787008865,1.7270048611011013,2.2390143741684567,1.434680920504552,"[""TestTimeOfDay_Constructors"", ""TimeOfDay"", ""JulianChronology""]","[0.04654346338124572, 0.022569444444444444, 0.019464720194647202]","[4.317590691307323, 3.0659722222222223, 0.8479318734793188]"
org.joda.time.TestTimeOfDay_Constructors.testConstructor_int_int_int_Chronology,0.04654346338124572,0.029525876006779125,0.019464720194647202,0.08857762802033738,0.025604263515372695,0.02734487297297011,0.012099821987740797,4.317590691307323,2.7438315956696218,0.8479318734793188,8.231494787008865,1.7270048611011013,2.2390143741684567,1.434680920504552,"[""TestTimeOfDay_Constructors"", ""TimeOfDay"", ""JulianChronology""]","[0.04654346338124572, 0.022569444444444444, 0.019464720194647202]","[4.317590691307323, 3.0659722222222223, 0.8479318734793188]"
org.joda.time.TestTimeOfDay_Constructors.testConstructor_long1_Chronology,0.04654346338124572,0.029525876006779125,0.019464720194647202,0.08857762802033738,0.025604263515372695,0.02734487297297011,0.012099821987740797,4.317590691307323,2.7438315956696218,0.8479318734793188,8.231494787008865,1.7270048611011013,2.2390143741684567,1.434680920504552,"[""TestTimeOfDay_Constructors"", ""TimeOfDay"", ""JulianChronology""]","[0.04654346338124572, 0.022569444444444444, 0.019464720194647202]","[4.317590691307323, 3.0659722222222223, 0.8479318734793188]"
org.joda.time.TestTimeOfDay_Constructors.testFactoryMillisOfDay_long1_Chronology,0.04654346338124572,0.029525876006779125,0.019464720194647202,0.08857762802033738,0.025604263515372695,0.02734487297297011,0.012099821987740797,4.317590691307323,2.7438315956696218,0.8479318734793188,8.231494787008865,1.7270048611011013,2.2390143741684567,1.434680920504552,"[""TestTimeOfDay_Constructors"", ""TimeOfDay"", ""JulianChronology""]","[0.04654346338124572, 0.022569444444444444, 0.019464720194647202]","[4.317590691307323, 3.0659722222222223, 0.8479318734793188]"
org.joda.time.TestTimeOfDay_Constructors.testConstructor_long2_Chronology,0.04654346338124572,0.029525876006779125,0.019464720194647202,0.08857762802033738,0.025604263515372695,0.02734487297297011,0.012099821987740797,4.317590691307323,2.7438315956696218,0.8479318734793188,8.231494787008865,1.7270048611011013,2.2390143741684567,1.434680920504552,"[""TestTimeOfDay_Constructors"", ""TimeOfDay"", ""JulianChronology""]","[0.04654346338124572, 0.022569444444444444, 0.019464720194647202]","[4.317590691307323, 3.0659722222222223, 0.8479318734793188]"
org.joda.time.TestTimeOfDay_Constructors.testConstructor_int_int_Chronology,0.04654346338124572,0.029525876006779125,0.019464720194647202,0.08857762802033738,0.025604263515372695,0.02734487297297011,0.012099821987740797,4.317590691307323,2.7438315956696218,0.8479318734793188,8.231494787008865,1.7270048611011013,2.2390143741684567,1.434680920504552,"[""TestTimeOfDay_Constructors"", ""TimeOfDay"", ""JulianChronology""]","[0.04654346338124572, 0.022569444444444444, 0.019464720194647202]","[4.317590691307323, 3.0659722222222223, 0.8479318734793188]"
org.joda.time.TestTimeOfDay_Constructors.testConstructor_nullObject_Chronology,0.04654346338124572,0.029525876006779125,0.019464720194647202,0.08857762802033738,0.025604263515372695,0.02734487297297011,0.012099821987740797,4.317590691307323,2.7438315956696218,0.8479318734793188,8.231494787008865,1.7270048611011013,2.2390143741684567,1.434680920504552,"[""TestTimeOfDay_Constructors"", ""TimeOfDay"", ""JulianChronology""]","[0.04654346338124572, 0.022569444444444444, 0.019464720194647202]","[4.317590691307323, 3.0659722222222223, 0.8479318734793188]"
org.joda.time.TestTimeOfDay_Constructors.testConstructor_int_int_int_int_Chronology,0.04654346338124572,0.029525876006779125,0.019464720194647202,0.08857762802033738,0.025604263515372695,0.02734487297297011,0.012099821987740797,4.317590691307323,2.7438315956696218,0.8479318734793188,8.231494787008865,1.7270048611011013,2.2390143741684567,1.434680920504552,"[""TestTimeOfDay_Constructors"", ""TimeOfDay"", ""JulianChronology""]","[0.04654346338124572, 0.022569444444444444, 0.019464720194647202]","[4.317590691307323, 3.0659722222222223, 0.8479318734793188]"
org.joda.time.TestInstant_Basics.testToMutableDateTime,0.03527980535279805,0.022140662037351502,0.015206812652068127,0.08856264814940601,0.02007925313167443,0.020996522452586434,0.00775132803564048,4.203771289537713,1.9963723533397078,0.7195863746958637,7.985489413358831,1.2866666318345348,1.5813578167435478,1.3683553060322668,"[""TestInstant_Basics"", ""MutableDateTime"", ""ISOChronology"", ""Instant""]","[0.03527980535279805, 0.019464720194647202, 0.018611309949892626, 0.015206812652068127]","[4.203771289537713, 1.0048661800486618, 2.0572655690765926, 0.7195863746958637]"
org.joda.time.TestInstant_Basics.testToMutableDateTimeISO,0.03527980535279805,0.022140662037351502,0.015206812652068127,0.08856264814940601,0.02007925313167443,0.020996522452586434,0.00775132803564048,4.203771289537713,1.9963723533397078,0.7195863746958637,7.985489413358831,1.2866666318345348,1.5813578167435478,1.3683553060322668,"[""Object"", ""MutableDateTime"", ""Instant"", ""ISOChronology"", ""TestInstant_Basics""]","[0.03527980535279805, 0.019464720194647202, 0.018611309949892626, 0.015206812652068127]","[4.203771289537713, 1.0048661800486618, 2.0572655690765926, 0.7195863746958637]"
org.joda.time.TestInstant_Basics.testToMutableDateTime_DateTimeZone,0.03527980535279805,0.022140662037351502,0.015206812652068127,0.08856264814940601,0.02007925313167443,0.020996522452586434,0.00775132803564048,4.203771289537713,1.9963723533397078,0.7195863746958637,7.985489413358831,1.2866666318345348,1.5813578167435478,1.3683553060322668,"[""TestInstant_Basics"", ""MutableDateTime"", ""ISOChronology"", ""Instant""]","[0.03527980535279805, 0.019464720194647202, 0.018611309949892626, 0.015206812652068127]","[4.203771289537713, 1.0048661800486618, 2.0572655690765926, 0.7195863746958637]"
org.joda.time.format.TestISODateTimeFormatParsing.test_basicWeekDate,0.041970802919708027,0.029498843129436587,0.023114355231143552,0.08849652938830976,0.027321525861222013,0.028319481930230945,0.008819840905013062,6.501672240802676,5.632349789918815,4.401459854014599,16.897049369756445,5.476054063906951,5.55619552897063,0.8947145921363144,"[""TestISODateTimeFormatParsing"", ""ISODateTimeFormat"", ""DateTime""]","[0.041970802919708027, 0.023411371237458192, 0.023114355231143552]","[5.9939172749391725, 6.501672240802676, 4.401459854014599]"
org.joda.time.format.TestISODateTimeFormatParsing.test_basicOrdinalDate,0.041970802919708027,0.029498843129436587,0.023114355231143552,0.08849652938830976,0.027321525861222013,0.028319481930230945,0.008819840905013062,6.501672240802676,5.632349789918815,4.401459854014599,16.897049369756445,5.476054063906951,5.55619552897063,0.8947145921363144,"[""TestISODateTimeFormatParsing"", ""ISODateTimeFormat"", ""DateTime""]","[0.041970802919708027, 0.023411371237458192, 0.023114355231143552]","[5.9939172749391725, 6.501672240802676, 4.401459854014599]"
org.joda.time.format.TestISODateTimeFormatParsing.test_date,0.041970802919708027,0.029498843129436587,0.023114355231143552,0.08849652938830976,0.027321525861222013,0.028319481930230945,0.008819840905013062,6.501672240802676,5.632349789918815,4.401459854014599,16.897049369756445,5.476054063906951,5.55619552897063,0.8947145921363144,"[""TestISODateTimeFormatParsing"", ""ISODateTimeFormat"", ""DateTime""]","[0.041970802919708027, 0.023411371237458192, 0.023114355231143552]","[5.9939172749391725, 6.501672240802676, 4.401459854014599]"
org.joda.time.format.TestISODateTimeFormatParsing.test_dateElementParser,0.041970802919708027,0.029498843129436587,0.023114355231143552,0.08849652938830976,0.027321525861222013,0.028319481930230945,0.008819840905013062,6.501672240802676,5.632349789918815,4.401459854014599,16.897049369756445,5.476054063906951,5.55619552897063,0.8947145921363144,"[""TestISODateTimeFormatParsing"", ""ISODateTimeFormat"", ""DateTime""]","[0.041970802919708027, 0.023411371237458192, 0.023114355231143552]","[5.9939172749391725, 6.501672240802676, 4.401459854014599]"
org.joda.time.format.TestISODateTimeFormatParsing.test_basicDate,0.041970802919708027,0.029498843129436587,0.023114355231143552,0.08849652938830976,0.027321525861222013,0.028319481930230945,0.008819840905013062,6.501672240802676,5.632349789918815,4.401459854014599,16.897049369756445,5.476054063906951,5.55619552897063,0.8947145921363144,"[""TestISODateTimeFormatParsing"", ""ISODateTimeFormat"", ""DateTime""]","[0.041970802919708027, 0.023411371237458192, 0.023114355231143552]","[5.9939172749391725, 6.501672240802676, 4.401459854014599]"
org.joda.time.format.TestISODateTimeFormatParsing.test_weekDate,0.041970802919708027,0.029498843129436587,0.023114355231143552,0.08849652938830976,0.027321525861222013,0.028319481930230945,0.008819840905013062,6.501672240802676,5.632349789918815,4.401459854014599,16.897049369756445,5.476054063906951,5.55619552897063,0.8947145921363144,"[""TestISODateTimeFormatParsing"", ""ISODateTimeFormat"", ""DateTime""]","[0.041970802919708027, 0.023411371237458192, 0.023114355231143552]","[5.9939172749391725, 6.501672240802676, 4.401459854014599]"
org.joda.time.format.TestISODateTimeFormatParsing.test_ordinalDate,0.041970802919708027,0.029498843129436587,0.023114355231143552,0.08849652938830976,0.027321525861222013,0.028319481930230945,0.008819840905013062,6.501672240802676,5.632349789918815,4.401459854014599,16.897049369756445,5.476054063906951,5.55619552897063,0.8947145921363144,"[""TestISODateTimeFormatParsing"", ""ISODateTimeFormat"", ""DateTime""]","[0.041970802919708027, 0.023411371237458192, 0.023114355231143552]","[5.9939172749391725, 6.501672240802676, 4.401459854014599]"
org.joda.time.TestInterval_Basics.testOverlap_RInterval_zoneUTC,0.029780564263322883,0.0220431116682711,0.015206812652068127,0.0881724466730844,0.020739160036730143,0.02138381024423772,0.00538665913267531,5.471003134796239,2.2035143593389988,0.7195863746958637,8.814057437355995,1.2557120546496885,1.5907412112418924,1.914249551533295,"[""Interval"", ""TestInterval_Basics"", ""ISOChronology"", ""Instant""]","[0.029780564263322883, 0.02372034956304619, 0.019464720194647202, 0.015206812652068127]","[5.471003134796239, 1.618601747815231, 1.0048661800486618, 0.7195863746958637]"
org.joda.time.TestInterval_Basics.testGap_RInterval_zoneUTC,0.029780564263322883,0.0220431116682711,0.015206812652068127,0.0881724466730844,0.020739160036730143,0.02138381024423772,0.00538665913267531,5.471003134796239,2.2035143593389988,0.7195863746958637,8.814057437355995,1.2557120546496885,1.5907412112418924,1.914249551533295,"[""Interval"", ""TestInterval_Basics"", ""ISOChronology"", ""Instant""]","[0.029780564263322883, 0.02372034956304619, 0.019464720194647202, 0.015206812652068127]","[5.471003134796239, 1.618601747815231, 1.0048661800486618, 0.7195863746958637]"
org.joda.time.TestDateTime_Properties.testPropertyEqualsHashCodeYear,0.041970802919708027,0.029285996394873188,0.02290622763063708,0.08785798918461957,0.027027849386889603,0.02806012902056589,0.008969564597760419,5.9939172749391725,4.182290727041187,0.8850952068286277,12.546872181123563,2.0365337814282007,3.1096148979285716,2.335266167489431,"[""CopticChronology"", ""DateTime$Property"", ""TestDateTime_Properties"", ""DateTime""]","[0.041970802919708027, 0.02298095863427446, 0.02290622763063708]","[5.9939172749391725, 0.8850952068286277, 5.667859699355763]"
org.joda.time.TestIllegalFieldValueException.testSkipDateTimeField,0.017691659646166806,0.014621931998550495,0.009900990099009901,0.08773159199130297,0.014107172713593047,0.0143784197854734,0.0025157009048962517,2.2350463352990735,1.3362126293447893,0.3821782178217822,8.017275776068736,0.9328339644337739,1.1435732768582922,0.6398055105409008,"[""IllegalFieldValueException"", ""DateTimeFieldType"", ""DateTimeField"", ""SkipDateTimeField"", ""TestIllegalFieldValueException"", ""ISOChronology"", ""Integer""]","[0.017691659646166806, 0.016423357664233577, 0.015350877192982455, 0.015206812652068127, 0.013157894736842105, 0.009900990099009901]","[2.2350463352990735, 1.8953771289537713, 1.2532894736842106, 0.7195863746958637, 1.531798245614035, 0.3821782178217822]"
org.joda.time.TestMutableDateTime_Sets.testSetMillis_RI1,0.03527980535279805,0.021878152080780033,0.01634472511144131,0.08751260832312013,0.019822535317629418,0.020720654980011324,0.00783904586101181,4.203771289537713,2.078759539845916,1.0048661800486618,8.315038159383665,1.5264922416479025,1.7536982410798618,1.2814077412020466,"[""BuddhistChronology"", ""TestMutableDateTime_Sets"", ""MutableDateTime"", ""Instant""]","[0.03527980535279805, 0.019464720194647202, 0.016423357664233577, 0.01634472511144131]","[4.203771289537713, 1.0048661800486618, 1.1368613138686132, 1.9695393759286777]"
org.joda.time.TestMutableInterval_Constructors.testConstructor_Object6,0.02372034956304619,0.017492379819663475,0.009987515605493134,0.08746189909831738,0.016116916425181368,0.016845340751233714,0.004444245897837294,2.4287962234461054,1.4512460674794145,0.3920099875156055,7.2562303373970725,0.9990565206436801,1.2496890327862464,0.6512932311319035,"[""TestMutableInterval_Constructors$2"", ""Object"", ""Interval"", ""TestMutableInterval_Constructors"", ""ReadWritableInterval"", ""MutableInterval"", ""ConverterManager""]","[0.02372034956304619, 0.019350811485642945, 0.01730920535011802, 0.017094017094017096, 0.009987515605493134]","[1.618601747815231, 1.3320848938826466, 2.4287962234461054, 1.4847374847374848, 0.3920099875156055]"
org.joda.time.TestMutablePeriod_Updates.testAdd_RInterval3,0.02372034956304619,0.021838281094437355,0.020914020139426802,0.08735312437774942,0.021781663990840906,0.021809539618928245,0.0011368587466469779,5.986057319907049,3.6900277759022746,1.618601747815231,14.760111103609098,2.9641467056298265,3.3288668302898463,1.5684822858423428,"[""PeriodType"", ""TestMutablePeriod_Updates"", ""MutablePeriod"", ""Interval""]","[0.02372034956304619, 0.021756021756021756, 0.02096273291925466, 0.020914020139426802]","[1.618601747815231, 3.2222222222222223, 3.9332298136645965, 5.986057319907049]"
org.joda.time.TestDateTime_Basics.testSerialization,0.041970802919708027,0.021825600564359567,0.007633587786259542,0.08730240225743827,0.012535727146791938,0.01646699647849265,0.014803157087766248,5.9939172749391725,2.712795574397145,0.09541984732824428,10.85118229758858,0.1978356523702514,0.730349754303446,2.65421000152862,"[""ByteArrayOutputStream"", ""ObjectInputStream"", ""TestDateTime_Basics"", ""DateTime"", ""ObjectOutputStream"", ""ByteArrayInputStream""]","[0.041970802919708027, 0.030064423765211165, 0.007633587786259542, 0.007633587786259542]","[5.9939172749391725, 4.654974946313529, 0.09541984732824428, 0.10687022900763359]"
org.joda.time.TestDateTime_Basics.testGet_DateTimeField,0.041970802919708027,0.02908067977899577,0.015206812652068127,0.0872420393369873,0.024420423631150146,0.026771915922584273,0.010948473498906656,5.9939172749391725,3.789492865316188,0.7195863746958637,11.368478595948565,1.6936264083880945,2.717922118887311,2.238516776157964,"[""TestDateTime_Basics"", ""ISOChronology"", ""DateTime""]","[0.041970802919708027, 0.030064423765211165, 0.015206812652068127]","[5.9939172749391725, 4.654974946313529, 0.7195863746958637]"
org.joda.time.TestLocalTime_Constructors.testConstructor,0.05547226386806597,0.04352560561824351,0.031578947368421054,0.08705121123648701,0.04024655547498188,0.041853980707894665,0.011946658249822457,8.113943028485757,6.677272266122578,5.2406015037593985,13.354544532245155,6.368160581415469,6.520885065426359,1.4366707623631791,"[""TestLocalTime_Constructors"", ""LocalTime""]","[0.05547226386806597, 0.031578947368421054]","[8.113943028485757, 5.2406015037593985]"
org.joda.time.TestLocalTime_Constructors.testConstructor_ObjectString_DateTimeZoneNewYork,0.05547226386806597,0.04352560561824351,0.031578947368421054,0.08705121123648701,0.04024655547498188,0.041853980707894665,0.011946658249822457,8.113943028485757,6.677272266122578,5.2406015037593985,13.354544532245155,6.368160581415469,6.520885065426359,1.4366707623631791,"[""TestLocalTime_Constructors"", ""LocalTime""]","[0.05547226386806597, 0.031578947368421054]","[8.113943028485757, 5.2406015037593985]"
org.joda.time.TestLocalTime_Constructors.testConstructor_int_int_int,0.05547226386806597,0.04352560561824351,0.031578947368421054,0.08705121123648701,0.04024655547498188,0.041853980707894665,0.011946658249822457,8.113943028485757,6.677272266122578,5.2406015037593985,13.354544532245155,6.368160581415469,6.520885065426359,1.4366707623631791,"[""TestLocalTime_Constructors"", ""LocalTime""]","[0.05547226386806597, 0.031578947368421054]","[8.113943028485757, 5.2406015037593985]"
org.joda.time.TestLocalTime_Constructors.testConstructor_nullObject,0.05547226386806597,0.04352560561824351,0.031578947368421054,0.08705121123648701,0.04024655547498188,0.041853980707894665,0.011946658249822457,8.113943028485757,6.677272266122578,5.2406015037593985,13.354544532245155,6.368160581415469,6.520885065426359,1.4366707623631791,"[""TestLocalTime_Constructors"", ""LocalTime""]","[0.05547226386806597, 0.031578947368421054]","[8.113943028485757, 5.2406015037593985]"
org.joda.time.TestLocalTime_Constructors.testParse_noFormatter,0.05547226386806597,0.04352560561824351,0.031578947368421054,0.08705121123648701,0.04024655547498188,0.041853980707894665,0.011946658249822457,8.113943028485757,6.677272266122578,5.2406015037593985,13.354544532245155,6.368160581415469,6.520885065426359,1.4366707623631791,"[""TestLocalTime_Constructors"", ""LocalTime""]","[0.05547226386806597, 0.031578947368421054]","[8.113943028485757, 5.2406015037593985]"
org.joda.time.TestLocalTime_Constructors.testConstructor_nullObject_nullChronology,0.05547226386806597,0.04352560561824351,0.031578947368421054,0.08705121123648701,0.04024655547498188,0.041853980707894665,0.011946658249822457,8.113943028485757,6.677272266122578,5.2406015037593985,13.354544532245155,6.368160581415469,6.520885065426359,1.4366707623631791,"[""TestLocalTime_Constructors"", ""LocalTime""]","[0.05547226386806597, 0.031578947368421054]","[8.113943028485757, 5.2406015037593985]"
org.joda.time.TestLocalTime_Constructors.testConstructor_ObjectString_DateTimeZoneLondon,0.05547226386806597,0.04352560561824351,0.031578947368421054,0.08705121123648701,0.04024655547498188,0.041853980707894665,0.011946658249822457,8.113943028485757,6.677272266122578,5.2406015037593985,13.354544532245155,6.368160581415469,6.520885065426359,1.4366707623631791,"[""TestLocalTime_Constructors"", ""LocalTime""]","[0.05547226386806597, 0.031578947368421054]","[8.113943028485757, 5.2406015037593985]"
org.joda.time.TestLocalTime_Constructors.testConstructor_Object2_Chronology,0.05547226386806597,0.04352560561824351,0.031578947368421054,0.08705121123648701,0.04024655547498188,0.041853980707894665,0.011946658249822457,8.113943028485757,6.677272266122578,5.2406015037593985,13.354544532245155,6.368160581415469,6.520885065426359,1.4366707623631791,"[""TestLocalTime_Constructors"", ""LocalTime""]","[0.05547226386806597, 0.031578947368421054]","[8.113943028485757, 5.2406015037593985]"
org.joda.time.TestLocalTime_Constructors.testConstantMidnight,0.05547226386806597,0.04352560561824351,0.031578947368421054,0.08705121123648701,0.04024655547498188,0.041853980707894665,0.011946658249822457,8.113943028485757,6.677272266122578,5.2406015037593985,13.354544532245155,6.368160581415469,6.520885065426359,1.4366707623631791,"[""TestLocalTime_Constructors"", ""LocalTime""]","[0.05547226386806597, 0.031578947368421054]","[8.113943028485757, 5.2406015037593985]"
org.joda.time.TestLocalTime_Constructors.testConstructor_long2,0.05547226386806597,0.04352560561824351,0.031578947368421054,0.08705121123648701,0.04024655547498188,0.041853980707894665,0.011946658249822457,8.113943028485757,6.677272266122578,5.2406015037593985,13.354544532245155,6.368160581415469,6.520885065426359,1.4366707623631791,"[""TestLocalTime_Constructors"", ""LocalTime""]","[0.05547226386806597, 0.031578947368421054]","[8.113943028485757, 5.2406015037593985]"
org.joda.time.TestLocalTime_Constructors.testConstructor_int_int_int_int_Chronology,0.05547226386806597,0.04352560561824351,0.031578947368421054,0.08705121123648701,0.04024655547498188,0.041853980707894665,0.011946658249822457,8.113943028485757,6.677272266122578,5.2406015037593985,13.354544532245155,6.368160581415469,6.520885065426359,1.4366707623631791,"[""TestLocalTime_Constructors"", ""LocalTime""]","[0.05547226386806597, 0.031578947368421054]","[8.113943028485757, 5.2406015037593985]"
org.joda.time.TestLocalTime_Constructors.testConstructor_nullObject_DateTimeZone,0.05547226386806597,0.04352560561824351,0.031578947368421054,0.08705121123648701,0.04024655547498188,0.041853980707894665,0.011946658249822457,8.113943028485757,6.677272266122578,5.2406015037593985,13.354544532245155,6.368160581415469,6.520885065426359,1.4366707623631791,"[""TestLocalTime_Constructors"", ""LocalTime""]","[0.05547226386806597, 0.031578947368421054]","[8.113943028485757, 5.2406015037593985]"
org.joda.time.TestLocalTime_Constructors.testFactoryMillisOfDay_long,0.05547226386806597,0.04352560561824351,0.031578947368421054,0.08705121123648701,0.04024655547498188,0.041853980707894665,0.011946658249822457,8.113943028485757,6.677272266122578,5.2406015037593985,13.354544532245155,6.368160581415469,6.520885065426359,1.4366707623631791,"[""TestLocalTime_Constructors"", ""LocalTime""]","[0.05547226386806597, 0.031578947368421054]","[8.113943028485757, 5.2406015037593985]"
org.joda.time.TestLocalTime_Constructors.testConstructor_int_int_int_int,0.05547226386806597,0.04352560561824351,0.031578947368421054,0.08705121123648701,0.04024655547498188,0.041853980707894665,0.011946658249822457,8.113943028485757,6.677272266122578,5.2406015037593985,13.354544532245155,6.368160581415469,6.520885065426359,1.4366707623631791,"[""TestLocalTime_Constructors"", ""LocalTime""]","[0.05547226386806597, 0.031578947368421054]","[8.113943028485757, 5.2406015037593985]"
org.joda.time.TestLocalTime_Constructors.testConstructor_ObjectStringEx3,0.05547226386806597,0.04352560561824351,0.031578947368421054,0.08705121123648701,0.04024655547498188,0.041853980707894665,0.011946658249822457,8.113943028485757,6.677272266122578,5.2406015037593985,13.354544532245155,6.368160581415469,6.520885065426359,1.4366707623631791,"[""TestLocalTime_Constructors"", ""LocalTime""]","[0.05547226386806597, 0.031578947368421054]","[8.113943028485757, 5.2406015037593985]"
org.joda.time.TestLocalTime_Constructors.testConstructor_nullObject_Chronology,0.05547226386806597,0.04352560561824351,0.031578947368421054,0.08705121123648701,0.04024655547498188,0.041853980707894665,0.011946658249822457,8.113943028485757,6.677272266122578,5.2406015037593985,13.354544532245155,6.368160581415469,6.520885065426359,1.4366707623631791,"[""TestLocalTime_Constructors"", ""LocalTime""]","[0.05547226386806597, 0.031578947368421054]","[8.113943028485757, 5.2406015037593985]"
org.joda.time.TestLocalTime_Constructors.testConstructor_ObjectString4,0.05547226386806597,0.04352560561824351,0.031578947368421054,0.08705121123648701,0.04024655547498188,0.041853980707894665,0.011946658249822457,8.113943028485757,6.677272266122578,5.2406015037593985,13.354544532245155,6.368160581415469,6.520885065426359,1.4366707623631791,"[""TestLocalTime_Constructors"", ""LocalTime""]","[0.05547226386806597, 0.031578947368421054]","[8.113943028485757, 5.2406015037593985]"
org.joda.time.TestLocalTime_Constructors.testConstructor_ObjectStringEx6,0.05547226386806597,0.04352560561824351,0.031578947368421054,0.08705121123648701,0.04024655547498188,0.041853980707894665,0.011946658249822457,8.113943028485757,6.677272266122578,5.2406015037593985,13.354544532245155,6.368160581415469,6.520885065426359,1.4366707623631791,"[""TestLocalTime_Constructors"", ""LocalTime""]","[0.05547226386806597, 0.031578947368421054]","[8.113943028485757, 5.2406015037593985]"
org.joda.time.TestLocalTime_Constructors.testConstructor_long2_Chronology,0.05547226386806597,0.04352560561824351,0.031578947368421054,0.08705121123648701,0.04024655547498188,0.041853980707894665,0.011946658249822457,8.113943028485757,6.677272266122578,5.2406015037593985,13.354544532245155,6.368160581415469,6.520885065426359,1.4366707623631791,"[""TestLocalTime_Constructors"", ""LocalTime""]","[0.05547226386806597, 0.031578947368421054]","[8.113943028485757, 5.2406015037593985]"
org.joda.time.TestLocalTime_Constructors.testFactoryMillisOfDay_long_Chronology,0.05547226386806597,0.04352560561824351,0.031578947368421054,0.08705121123648701,0.04024655547498188,0.041853980707894665,0.011946658249822457,8.113943028485757,6.677272266122578,5.2406015037593985,13.354544532245155,6.368160581415469,6.520885065426359,1.4366707623631791,"[""TestLocalTime_Constructors"", ""LocalTime""]","[0.05547226386806597, 0.031578947368421054]","[8.113943028485757, 5.2406015037593985]"
org.joda.time.TestLocalTime_Constructors.testConstructor_ObjectStringEx4,0.05547226386806597,0.04352560561824351,0.031578947368421054,0.08705121123648701,0.04024655547498188,0.041853980707894665,0.011946658249822457,8.113943028485757,6.677272266122578,5.2406015037593985,13.354544532245155,6.368160581415469,6.520885065426359,1.4366707623631791,"[""TestLocalTime_Constructors"", ""LocalTime""]","[0.05547226386806597, 0.031578947368421054]","[8.113943028485757, 5.2406015037593985]"
org.joda.time.TestLocalTime_Constructors.testConstructor_long_nullChronology,0.05547226386806597,0.04352560561824351,0.031578947368421054,0.08705121123648701,0.04024655547498188,0.041853980707894665,0.011946658249822457,8.113943028485757,6.677272266122578,5.2406015037593985,13.354544532245155,6.368160581415469,6.520885065426359,1.4366707623631791,"[""TestLocalTime_Constructors"", ""LocalTime""]","[0.05547226386806597, 0.031578947368421054]","[8.113943028485757, 5.2406015037593985]"
org.joda.time.TestLocalTime_Constructors.testConstructor_ObjectStringEx2,0.05547226386806597,0.04352560561824351,0.031578947368421054,0.08705121123648701,0.04024655547498188,0.041853980707894665,0.011946658249822457,8.113943028485757,6.677272266122578,5.2406015037593985,13.354544532245155,6.368160581415469,6.520885065426359,1.4366707623631791,"[""TestLocalTime_Constructors"", ""LocalTime""]","[0.05547226386806597, 0.031578947368421054]","[8.113943028485757, 5.2406015037593985]"
org.joda.time.TestLocalTime_Constructors.testConstructor_long1_Chronology,0.05547226386806597,0.04352560561824351,0.031578947368421054,0.08705121123648701,0.04024655547498188,0.041853980707894665,0.011946658249822457,8.113943028485757,6.677272266122578,5.2406015037593985,13.354544532245155,6.368160581415469,6.520885065426359,1.4366707623631791,"[""TestLocalTime_Constructors"", ""LocalTime""]","[0.05547226386806597, 0.031578947368421054]","[8.113943028485757, 5.2406015037593985]"
org.joda.time.TestLocalTime_Constructors.testConstructor_nullChronology,0.05547226386806597,0.04352560561824351,0.031578947368421054,0.08705121123648701,0.04024655547498188,0.041853980707894665,0.011946658249822457,8.113943028485757,6.677272266122578,5.2406015037593985,13.354544532245155,6.368160581415469,6.520885065426359,1.4366707623631791,"[""TestLocalTime_Constructors"", ""LocalTime""]","[0.05547226386806597, 0.031578947368421054]","[8.113943028485757, 5.2406015037593985]"
org.joda.time.TestLocalTime_Constructors.testConstructor_int_int_int_int_nullChronology,0.05547226386806597,0.04352560561824351,0.031578947368421054,0.08705121123648701,0.04024655547498188,0.041853980707894665,0.011946658249822457,8.113943028485757,6.677272266122578,5.2406015037593985,13.354544532245155,6.368160581415469,6.520885065426359,1.4366707623631791,"[""TestLocalTime_Constructors"", ""LocalTime""]","[0.05547226386806597, 0.031578947368421054]","[8.113943028485757, 5.2406015037593985]"
org.joda.time.TestLocalTime_Constructors.testConstructor_long1,0.05547226386806597,0.04352560561824351,0.031578947368421054,0.08705121123648701,0.04024655547498188,0.041853980707894665,0.011946658249822457,8.113943028485757,6.677272266122578,5.2406015037593985,13.354544532245155,6.368160581415469,6.520885065426359,1.4366707623631791,"[""TestLocalTime_Constructors"", ""LocalTime""]","[0.05547226386806597, 0.031578947368421054]","[8.113943028485757, 5.2406015037593985]"
org.joda.time.TestLocalTime_Constructors.testConstructor_Chronology,0.05547226386806597,0.04352560561824351,0.031578947368421054,0.08705121123648701,0.04024655547498188,0.041853980707894665,0.011946658249822457,8.113943028485757,6.677272266122578,5.2406015037593985,13.354544532245155,6.368160581415469,6.520885065426359,1.4366707623631791,"[""TestLocalTime_Constructors"", ""LocalTime""]","[0.05547226386806597, 0.031578947368421054]","[8.113943028485757, 5.2406015037593985]"
org.joda.time.TestLocalTime_Constructors.testConstructor_int_int,0.05547226386806597,0.04352560561824351,0.031578947368421054,0.08705121123648701,0.04024655547498188,0.041853980707894665,0.011946658249822457,8.113943028485757,6.677272266122578,5.2406015037593985,13.354544532245155,6.368160581415469,6.520885065426359,1.4366707623631791,"[""TestLocalTime_Constructors"", ""LocalTime""]","[0.05547226386806597, 0.031578947368421054]","[8.113943028485757, 5.2406015037593985]"
org.joda.time.TestLocalTime_Constructors.testConstructor_long_DateTimeZone,0.05547226386806597,0.04352560561824351,0.031578947368421054,0.08705121123648701,0.04024655547498188,0.041853980707894665,0.011946658249822457,8.113943028485757,6.677272266122578,5.2406015037593985,13.354544532245155,6.368160581415469,6.520885065426359,1.4366707623631791,"[""TestLocalTime_Constructors"", ""LocalTime""]","[0.05547226386806597, 0.031578947368421054]","[8.113943028485757, 5.2406015037593985]"
org.joda.time.TestLocalTime_Constructors.testConstructor_ObjectString3,0.05547226386806597,0.04352560561824351,0.031578947368421054,0.08705121123648701,0.04024655547498188,0.041853980707894665,0.011946658249822457,8.113943028485757,6.677272266122578,5.2406015037593985,13.354544532245155,6.368160581415469,6.520885065426359,1.4366707623631791,"[""TestLocalTime_Constructors"", ""LocalTime""]","[0.05547226386806597, 0.031578947368421054]","[8.113943028485757, 5.2406015037593985]"
org.joda.time.TestLocalTime_Constructors.testFactoryMillisOfDay_long_nullChronology,0.05547226386806597,0.04352560561824351,0.031578947368421054,0.08705121123648701,0.04024655547498188,0.041853980707894665,0.011946658249822457,8.113943028485757,6.677272266122578,5.2406015037593985,13.354544532245155,6.368160581415469,6.520885065426359,1.4366707623631791,"[""TestLocalTime_Constructors"", ""LocalTime""]","[0.05547226386806597, 0.031578947368421054]","[8.113943028485757, 5.2406015037593985]"
org.joda.time.TestLocalTime_Constructors.testConstructor_ObjectString2,0.05547226386806597,0.04352560561824351,0.031578947368421054,0.08705121123648701,0.04024655547498188,0.041853980707894665,0.011946658249822457,8.113943028485757,6.677272266122578,5.2406015037593985,13.354544532245155,6.368160581415469,6.520885065426359,1.4366707623631791,"[""TestLocalTime_Constructors"", ""LocalTime""]","[0.05547226386806597, 0.031578947368421054]","[8.113943028485757, 5.2406015037593985]"
org.joda.time.TestLocalTime_Constructors.testConstructor_nullObject_nullDateTimeZone,0.05547226386806597,0.04352560561824351,0.031578947368421054,0.08705121123648701,0.04024655547498188,0.041853980707894665,0.011946658249822457,8.113943028485757,6.677272266122578,5.2406015037593985,13.354544532245155,6.368160581415469,6.520885065426359,1.4366707623631791,"[""TestLocalTime_Constructors"", ""LocalTime""]","[0.05547226386806597, 0.031578947368421054]","[8.113943028485757, 5.2406015037593985]"
org.joda.time.TestLocalTime_Constructors.testConstructor_ObjectString1,0.05547226386806597,0.04352560561824351,0.031578947368421054,0.08705121123648701,0.04024655547498188,0.041853980707894665,0.011946658249822457,8.113943028485757,6.677272266122578,5.2406015037593985,13.354544532245155,6.368160581415469,6.520885065426359,1.4366707623631791,"[""TestLocalTime_Constructors"", ""LocalTime""]","[0.05547226386806597, 0.031578947368421054]","[8.113943028485757, 5.2406015037593985]"
org.joda.time.TestLocalTime_Constructors.testConstructor_ObjectString_DateTimeZoneTokyo,0.05547226386806597,0.04352560561824351,0.031578947368421054,0.08705121123648701,0.04024655547498188,0.041853980707894665,0.011946658249822457,8.113943028485757,6.677272266122578,5.2406015037593985,13.354544532245155,6.368160581415469,6.520885065426359,1.4366707623631791,"[""TestLocalTime_Constructors"", ""LocalTime""]","[0.05547226386806597, 0.031578947368421054]","[8.113943028485757, 5.2406015037593985]"
org.joda.time.TestLocalTime_Constructors.testConstructor_long_nullDateTimeZone,0.05547226386806597,0.04352560561824351,0.031578947368421054,0.08705121123648701,0.04024655547498188,0.041853980707894665,0.011946658249822457,8.113943028485757,6.677272266122578,5.2406015037593985,13.354544532245155,6.368160581415469,6.520885065426359,1.4366707623631791,"[""TestLocalTime_Constructors"", ""LocalTime""]","[0.05547226386806597, 0.031578947368421054]","[8.113943028485757, 5.2406015037593985]"
org.joda.time.TestLocalTime_Constructors.testConstructor_ObjectLocalTime,0.05547226386806597,0.04352560561824351,0.031578947368421054,0.08705121123648701,0.04024655547498188,0.041853980707894665,0.011946658249822457,8.113943028485757,6.677272266122578,5.2406015037593985,13.354544532245155,6.368160581415469,6.520885065426359,1.4366707623631791,"[""TestLocalTime_Constructors"", ""LocalTime""]","[0.05547226386806597, 0.031578947368421054]","[8.113943028485757, 5.2406015037593985]"
org.joda.time.TestLocalTime_Constructors.testConstructor_ObjectStringEx1,0.05547226386806597,0.04352560561824351,0.031578947368421054,0.08705121123648701,0.04024655547498188,0.041853980707894665,0.011946658249822457,8.113943028485757,6.677272266122578,5.2406015037593985,13.354544532245155,6.368160581415469,6.520885065426359,1.4366707623631791,"[""TestLocalTime_Constructors"", ""LocalTime""]","[0.05547226386806597, 0.031578947368421054]","[8.113943028485757, 5.2406015037593985]"
org.joda.time.TestLocalTime_Constructors.testFactory_FromDateFields_null,0.05547226386806597,0.04352560561824351,0.031578947368421054,0.08705121123648701,0.04024655547498188,0.041853980707894665,0.011946658249822457,8.113943028485757,6.677272266122578,5.2406015037593985,13.354544532245155,6.368160581415469,6.520885065426359,1.4366707623631791,"[""TestLocalTime_Constructors"", ""LocalTime""]","[0.05547226386806597, 0.031578947368421054]","[8.113943028485757, 5.2406015037593985]"
org.joda.time.TestLocalTime_Constructors.testConstructor_ObjectStringEx5,0.05547226386806597,0.04352560561824351,0.031578947368421054,0.08705121123648701,0.04024655547498188,0.041853980707894665,0.011946658249822457,8.113943028485757,6.677272266122578,5.2406015037593985,13.354544532245155,6.368160581415469,6.520885065426359,1.4366707623631791,"[""TestLocalTime_Constructors"", ""LocalTime""]","[0.05547226386806597, 0.031578947368421054]","[8.113943028485757, 5.2406015037593985]"
org.joda.time.convert.TestStringConverter.testGetDateTime6,0.041970802919708027,0.029012644250969815,0.019464720194647202,0.08703793275290944,0.02625592814873882,0.027552357287055015,0.009499235582951165,5.9939172749391725,3.0376444952559627,0.8479318734793188,9.112933485767888,1.679266639189276,2.259964700907034,2.169639339425916,"[""DateTime"", ""JulianChronology"", ""TestStringConverter""]","[0.041970802919708027, 0.025602409638554216, 0.019464720194647202]","[5.9939172749391725, 2.2710843373493974, 0.8479318734793188]"
org.joda.time.convert.TestStringConverter.testGetDateTime5,0.041970802919708027,0.029012644250969815,0.019464720194647202,0.08703793275290944,0.02625592814873882,0.027552357287055015,0.009499235582951165,5.9939172749391725,3.0376444952559627,0.8479318734793188,9.112933485767888,1.679266639189276,2.259964700907034,2.169639339425916,"[""DateTime"", ""JulianChronology"", ""TestStringConverter""]","[0.041970802919708027, 0.025602409638554216, 0.019464720194647202]","[5.9939172749391725, 2.2710843373493974, 0.8479318734793188]"
org.joda.time.chrono.TestJulianChronology.testDurationFields,0.03832116788321168,0.021755211536233436,0.010378510378510378,0.08702084614493374,0.017632374374485713,0.01954656515502412,0.010216523642518526,3.5,1.5995010160156147,0.7197802197802198,6.398004064062459,1.1092371261168203,1.298356542146999,1.1206175477712939,"[""TestJulianChronology"", ""DurationField"", ""DateTimeZone"", ""JulianChronology""]","[0.03832116788321168, 0.019464720194647202, 0.018856447688564478, 0.010378510378510378]","[3.5, 0.8479318734793188, 1.3302919708029197, 0.7197802197802198]"
org.joda.time.TestPeriod_Basics.testValueIndexMethods,0.031857031857031856,0.02170469338355912,0.007662835249042145,0.08681877353423648,0.016157403104627106,0.0191601472988749,0.008975590089681377,6.344694035631294,3.8743398964932516,0.08812260536398467,15.497359585973006,0.3346002422377457,1.8328164036279235,2.346355721315542,"[""Period"", ""PeriodType"", ""Arrays"", ""TestPeriod_Basics""]","[0.031857031857031856, 0.026336173508907823, 0.02096273291925466, 0.007662835249042145]","[5.1313131313131315, 6.344694035631294, 3.9332298136645965, 0.08812260536398467]"
org.joda.time.TestYearMonthDay_Basics.testSerialization,0.03952011291460833,0.01735113585834502,0.007633587786259542,0.0867556792917251,0.010894517723045796,0.013380554928834823,0.01282616191078907,3.5356386732533522,1.4613908265461988,0.08812260536398467,7.3069541327309935,0.15745509699718604,0.40620803623792595,1.6713707561918925,"[""YearMonthDay"", ""ByteArrayOutputStream"", ""Arrays"", ""ObjectInputStream"", ""TestYearMonthDay_Basics"", ""ObjectOutputStream"", ""ByteArrayInputStream""]","[0.03952011291460833, 0.024305555555555556, 0.007662835249042145, 0.007633587786259542, 0.007633587786259542]","[3.5356386732533522, 3.4809027777777777, 0.08812260536398467, 0.09541984732824428, 0.10687022900763359]"
org.joda.time.TestDays.testFactory_daysBetween_RPartial_YearMonth,0.03618421052631579,0.028878220325588747,0.023423423423423424,0.08663466097676624,0.027951524628616102,0.02840027741168353,0.005371505645087847,6.592105263157895,4.162533586217797,2.745945945945946,12.487600758653391,3.599817607508439,3.8487661198791314,1.7258501030415114,"[""Days"", ""YearMonth"", ""TestDays""]","[0.03618421052631579, 0.02702702702702703, 0.023423423423423424]","[6.592105263157895, 3.1495495495495494, 2.745945945945946]"
org.joda.time.TestMonths.testFactory_monthsBetween_RPartial_YearMonth,0.03618421052631579,0.028878220325588747,0.023423423423423424,0.08663466097676624,0.027951524628616102,0.02840027741168353,0.005371505645087847,6.592105263157895,3.8201912438754544,2.2414414414414416,11.460573731626363,3.0659281175177324,3.3858836003958794,1.966350182219797,"[""YearMonth"", ""Months"", ""TestMonths""]","[0.03618421052631579, 0.02702702702702703, 0.023423423423423424]","[6.592105263157895, 2.627027027027027, 2.2414414414414416]"
org.joda.time.convert.TestReadableIntervalConverter.testSetIntoInterval_Object4,0.02188679245283019,0.01732183717450275,0.013741411617738912,0.08660918587251375,0.016847003126684603,0.017079791288913425,0.0029344708135129694,1.3320848938826466,0.8695158809196748,0.37414116177389134,4.347579404598374,0.7176863840748182,0.7962236164939426,0.33480666985521434,"[""ReadableIntervalConverter"", ""BuddhistChronology"", ""TestReadableIntervalConverter"", ""MutableInterval"", ""ISOChronology"", ""TestReadableIntervalConverter$2""]","[0.02188679245283019, 0.019350811485642945, 0.016423357664233577, 0.015206812652068127, 0.013741411617738912]","[0.7849056603773585, 1.3320848938826466, 1.1368613138686132, 0.7195863746958637, 0.37414116177389134]"
org.joda.time.TestMonthDay_Basics.testGet,0.044534412955465584,0.028839190192446962,0.017691659646166806,0.08651757057734089,0.024969823625848993,0.026748916903768585,0.01142058024444191,7.753036437246964,5.221398710956642,2.2350463352990735,15.664196132869925,3.986305018635153,4.616042571816393,2.275540631814867,"[""MonthDay"", ""DateTimeFieldType"", ""TestMonthDay_Basics""]","[0.044534412955465584, 0.024291497975708502, 0.017691659646166806]","[7.753036437246964, 5.676113360323886, 2.2350463352990735]"
org.joda.time.TestMonthDay_Basics.testGetFieldType,0.044534412955465584,0.028839190192446962,0.017691659646166806,0.08651757057734089,0.024969823625848993,0.026748916903768585,0.01142058024444191,7.753036437246964,5.221398710956642,2.2350463352990735,15.664196132869925,3.986305018635153,4.616042571816393,2.275540631814867,"[""MonthDay"", ""DateTimeFieldType"", ""TestMonthDay_Basics""]","[0.044534412955465584, 0.024291497975708502, 0.017691659646166806]","[7.753036437246964, 5.676113360323886, 2.2350463352990735]"
org.joda.time.TestMonthDay_Basics.testProperty,0.044534412955465584,0.028839190192446962,0.017691659646166806,0.08651757057734089,0.024969823625848993,0.026748916903768585,0.01142058024444191,7.753036437246964,5.221398710956642,2.2350463352990735,15.664196132869925,3.986305018635153,4.616042571816393,2.275540631814867,"[""MonthDay"", ""DateTimeFieldType"", ""TestMonthDay_Basics""]","[0.044534412955465584, 0.024291497975708502, 0.017691659646166806]","[7.753036437246964, 5.676113360323886, 2.2350463352990735]"
org.joda.time.TestMonthDay_Basics.testGetFieldTypes,0.044534412955465584,0.028839190192446962,0.017691659646166806,0.08651757057734089,0.024969823625848993,0.026748916903768585,0.01142058024444191,7.753036437246964,5.221398710956642,2.2350463352990735,15.664196132869925,3.986305018635153,4.616042571816393,2.275540631814867,"[""MonthDay"", ""DateTimeFieldType"", ""TestMonthDay_Basics""]","[0.044534412955465584, 0.024291497975708502, 0.017691659646166806]","[7.753036437246964, 5.676113360323886, 2.2350463352990735]"
org.joda.time.TestMonthDay_Basics.testWithField_same,0.044534412955465584,0.028839190192446962,0.017691659646166806,0.08651757057734089,0.024969823625848993,0.026748916903768585,0.01142058024444191,7.753036437246964,5.221398710956642,2.2350463352990735,15.664196132869925,3.986305018635153,4.616042571816393,2.275540631814867,"[""MonthDay"", ""DateTimeFieldType"", ""TestMonthDay_Basics""]","[0.044534412955465584, 0.024291497975708502, 0.017691659646166806]","[7.753036437246964, 5.676113360323886, 2.2350463352990735]"
org.joda.time.TestMonthDay_Basics.testIsSupported,0.044534412955465584,0.028839190192446962,0.017691659646166806,0.08651757057734089,0.024969823625848993,0.026748916903768585,0.01142058024444191,7.753036437246964,5.221398710956642,2.2350463352990735,15.664196132869925,3.986305018635153,4.616042571816393,2.275540631814867,"[""MonthDay"", ""DateTimeFieldType"", ""TestMonthDay_Basics""]","[0.044534412955465584, 0.024291497975708502, 0.017691659646166806]","[7.753036437246964, 5.676113360323886, 2.2350463352990735]"
org.joda.time.TestMonthDay_Basics.testWithField_unknownField,0.044534412955465584,0.028839190192446962,0.017691659646166806,0.08651757057734089,0.024969823625848993,0.026748916903768585,0.01142058024444191,7.753036437246964,5.221398710956642,2.2350463352990735,15.664196132869925,3.986305018635153,4.616042571816393,2.275540631814867,"[""MonthDay"", ""DateTimeFieldType"", ""TestMonthDay_Basics""]","[0.044534412955465584, 0.024291497975708502, 0.017691659646166806]","[7.753036437246964, 5.676113360323886, 2.2350463352990735]"
org.joda.time.TestMonthDay_Basics.testWithField,0.044534412955465584,0.028839190192446962,0.017691659646166806,0.08651757057734089,0.024969823625848993,0.026748916903768585,0.01142058024444191,7.753036437246964,5.221398710956642,2.2350463352990735,15.664196132869925,3.986305018635153,4.616042571816393,2.275540631814867,"[""MonthDay"", ""DateTimeFieldType"", ""TestMonthDay_Basics""]","[0.044534412955465584, 0.024291497975708502, 0.017691659646166806]","[7.753036437246964, 5.676113360323886, 2.2350463352990735]"
org.joda.time.convert.TestReadableInstantConverter.testGetChronology_Object_Chronology,0.041970802919708027,0.021617496714624096,0.008547008547008548,0.08646998685849638,0.015819451907576575,0.018420049898284507,0.012410142093604692,5.9939172749391725,1.9650903259156143,0.2967032967032967,7.860361303662457,0.6346518521440979,1.0023591035767623,2.339743388083974,"[""DateTime"", ""TestReadableInstantConverter"", ""ReadableInstantConverter"", ""Instant""]","[0.041970802919708027, 0.019464720194647202, 0.016487455197132617, 0.008547008547008548]","[5.9939172749391725, 1.0048661800486618, 0.5648745519713262, 0.2967032967032967]"
org.joda.time.convert.TestReadableInstantConverter.testGetInstantMillis_Object_Chronology,0.041970802919708027,0.021617496714624096,0.008547008547008548,0.08646998685849638,0.015819451907576575,0.018420049898284507,0.012410142093604692,5.9939172749391725,1.9650903259156143,0.2967032967032967,7.860361303662457,0.6346518521440979,1.0023591035767623,2.339743388083974,"[""DateTime"", ""TestReadableInstantConverter"", ""ReadableInstantConverter"", ""Instant""]","[0.041970802919708027, 0.019464720194647202, 0.016487455197132617, 0.008547008547008548]","[5.9939172749391725, 1.0048661800486618, 0.5648745519713262, 0.2967032967032967]"
org.joda.time.TestDateMidnight_Constructors.testParse_formatter,0.03345454545454545,0.0216133598761336,0.011636363636363636,0.0864534395045344,0.018196593610095502,0.01983669491326196,0.008680884061606622,4.0378181818181815,2.362732691882327,0.7195863746958637,9.450930767529307,1.5725734541459584,1.969561536082357,1.2412577335930333,"[""TestDateMidnight_Constructors"", ""DateMidnight"", ""DateTimeFormat"", ""ISOChronology""]","[0.03345454545454545, 0.026155717761557177, 0.015206812652068127, 0.011636363636363636]","[4.0378181818181815, 2.9197080291970803, 0.7195863746958637, 1.7738181818181817]"
org.joda.time.chrono.TestGJChronology.testPartialGetAsText,0.03952011291460833,0.028785698627659385,0.023114355231143552,0.08635709588297816,0.027095234892623967,0.027879667160674405,0.007594438158867942,3.5356386732533522,2.9500385196327072,2.403284671532847,8.850115558898121,2.877881688243779,2.9137211811466677,0.4630969465763954,"[""YearMonthDay$Property"", ""TestGJChronology"", ""GJChronology"", ""YearMonthDay""]","[0.03952011291460833, 0.023722627737226276, 0.023114355231143552]","[3.5356386732533522, 2.403284671532847, 2.911192214111922]"
org.joda.time.TestMutableDateTime_Basics.testToDateTime_DateTimeZone,0.03527980535279805,0.021556617245655326,0.015206812652068127,0.0862264689826213,0.019345825996924398,0.020311343631912473,0.008062481307921608,4.203771289537713,2.0453840883866046,0.6593673965936739,8.181536353546418,1.1334767004523105,1.5088847052805305,1.4700084037297616,"[""TestMutableDateTime_Basics"", ""MutableDateTime"", ""ISOChronology"", ""GregorianChronology""]","[0.03527980535279805, 0.019316493313521546, 0.016423357664233577, 0.015206812652068127]","[4.203771289537713, 2.598811292719168, 0.6593673965936739, 0.7195863746958637]"
org.joda.time.TestMutableDateTime_Basics.testToMutableDateTime_Chronology,0.03527980535279805,0.021556617245655326,0.015206812652068127,0.0862264689826213,0.019345825996924398,0.020311343631912473,0.008062481307921608,4.203771289537713,2.0453840883866046,0.6593673965936739,8.181536353546418,1.1334767004523105,1.5088847052805305,1.4700084037297616,"[""TestMutableDateTime_Basics"", ""GregorianChronology"", ""MutableDateTime"", ""ISOChronology""]","[0.03527980535279805, 0.019316493313521546, 0.016423357664233577, 0.015206812652068127]","[4.203771289537713, 2.598811292719168, 0.6593673965936739, 0.7195863746958637]"
org.joda.time.TestMutableDateTime_Basics.testToDateTime_Chronology,0.03527980535279805,0.021556617245655326,0.015206812652068127,0.0862264689826213,0.019345825996924398,0.020311343631912473,0.008062481307921608,4.203771289537713,2.0453840883866046,0.6593673965936739,8.181536353546418,1.1334767004523105,1.5088847052805305,1.4700084037297616,"[""TestMutableDateTime_Basics"", ""GregorianChronology"", ""MutableDateTime"", ""ISOChronology""]","[0.03527980535279805, 0.019316493313521546, 0.016423357664233577, 0.015206812652068127]","[4.203771289537713, 2.598811292719168, 0.6593673965936739, 0.7195863746958637]"
org.joda.time.field.TestUnsupportedDateTimeField.testPublicGetNameMethod,0.024539877300613498,0.01722548441670827,0.010378510378510378,0.08612742208354136,0.01597364274373788,0.016611789312299008,0.004500209041109341,5.451942740286299,2.365679590114178,0.778998778998779,11.82839795057089,1.6006221381564425,1.9244295662336792,1.6179240670615262,"[""UnsupportedDateTimeField"", ""UnsupportedDurationField"", ""DateTimeFieldType"", ""DateTimeField"", ""TestUnsupportedDateTimeField""]","[0.024539877300613498, 0.017691659646166806, 0.017094017094017096, 0.016423357664233577, 0.010378510378510378]","[5.451942740286299, 2.2350463352990735, 1.467032967032967, 1.8953771289537713, 0.778998778998779]"
org.joda.time.field.TestPreciseDurationDateTimeField.test_getDifferenceAsLong_long_long,0.021408839779005526,0.014347492977066943,0.010093727469358327,0.08608495786240165,0.013393083883145685,0.013842277313445539,0.003976593663413107,2.5476519337016574,1.5734950224919977,0.4297043979812545,9.440970134951986,0.960668147350569,1.2597015418243138,0.8794916795108334,"[""TestPreciseDurationDateTimeField"", ""BaseDateTimeField"", ""DateTimeFieldType"", ""BaseDurationField"", ""TestPreciseDurationDateTimeField$MockPreciseDurationDateTimeField"", ""PreciseDurationDateTimeField"", ""DurationFieldType"", ""TestPreciseDurationDateTimeField$MockCountingDurationField""]","[0.021408839779005526, 0.017691659646166806, 0.013479359730412805, 0.012422360248447204, 0.01098901098901099, 0.010093727469358327]","[2.5476519337016574, 2.2350463352990735, 1.2468407750631845, 2.4463176574977816, 0.5354090354090354, 0.4297043979812545]"
org.joda.time.field.TestPreciseDurationDateTimeField.test_isSupported,0.021408839779005526,0.014347492977066943,0.010093727469358327,0.08608495786240165,0.013393083883145685,0.013842277313445539,0.003976593663413107,2.5476519337016574,1.5734950224919977,0.4297043979812545,9.440970134951986,0.960668147350569,1.2597015418243138,0.8794916795108334,"[""TestPreciseDurationDateTimeField"", ""BaseDateTimeField"", ""DateTimeFieldType"", ""BaseDurationField"", ""TestPreciseDurationDateTimeField$MockPreciseDurationDateTimeField"", ""PreciseDurationDateTimeField"", ""DurationFieldType"", ""TestPreciseDurationDateTimeField$MockCountingDurationField""]","[0.021408839779005526, 0.017691659646166806, 0.013479359730412805, 0.012422360248447204, 0.01098901098901099, 0.010093727469358327]","[2.5476519337016574, 2.2350463352990735, 1.2468407750631845, 2.4463176574977816, 0.5354090354090354, 0.4297043979812545]"
org.joda.time.field.TestPreciseDurationDateTimeField.test_roundCeiling_long,0.021408839779005526,0.014347492977066943,0.010093727469358327,0.08608495786240165,0.013393083883145685,0.013842277313445539,0.003976593663413107,2.5476519337016574,1.5734950224919977,0.4297043979812545,9.440970134951986,0.960668147350569,1.2597015418243138,0.8794916795108334,"[""TestPreciseDurationDateTimeField"", ""BaseDateTimeField"", ""DateTimeFieldType"", ""BaseDurationField"", ""TestPreciseDurationDateTimeField$MockPreciseDurationDateTimeField"", ""PreciseDurationDateTimeField"", ""DurationFieldType"", ""TestPreciseDurationDateTimeField$MockCountingDurationField""]","[0.021408839779005526, 0.017691659646166806, 0.013479359730412805, 0.012422360248447204, 0.01098901098901099, 0.010093727469358327]","[2.5476519337016574, 2.2350463352990735, 1.2468407750631845, 2.4463176574977816, 0.5354090354090354, 0.4297043979812545]"
org.joda.time.field.TestPreciseDurationDateTimeField.test_getType,0.021408839779005526,0.014347492977066943,0.010093727469358327,0.08608495786240165,0.013393083883145685,0.013842277313445539,0.003976593663413107,2.5476519337016574,1.5734950224919977,0.4297043979812545,9.440970134951986,0.960668147350569,1.2597015418243138,0.8794916795108334,"[""TestPreciseDurationDateTimeField"", ""BaseDateTimeField"", ""DateTimeFieldType"", ""BaseDurationField"", ""TestPreciseDurationDateTimeField$MockPreciseDurationDateTimeField"", ""PreciseDurationDateTimeField"", ""DurationFieldType"", ""TestPreciseDurationDateTimeField$MockCountingDurationField""]","[0.021408839779005526, 0.017691659646166806, 0.013479359730412805, 0.012422360248447204, 0.01098901098901099, 0.010093727469358327]","[2.5476519337016574, 2.2350463352990735, 1.2468407750631845, 2.4463176574977816, 0.5354090354090354, 0.4297043979812545]"
org.joda.time.field.TestPreciseDurationDateTimeField.test_isLenient,0.021408839779005526,0.014347492977066943,0.010093727469358327,0.08608495786240165,0.013393083883145685,0.013842277313445539,0.003976593663413107,2.5476519337016574,1.5734950224919977,0.4297043979812545,9.440970134951986,0.960668147350569,1.2597015418243138,0.8794916795108334,"[""TestPreciseDurationDateTimeField"", ""BaseDateTimeField"", ""DateTimeFieldType"", ""BaseDurationField"", ""TestPreciseDurationDateTimeField$MockPreciseDurationDateTimeField"", ""PreciseDurationDateTimeField"", ""DurationFieldType"", ""TestPreciseDurationDateTimeField$MockCountingDurationField""]","[0.021408839779005526, 0.017691659646166806, 0.013479359730412805, 0.012422360248447204, 0.01098901098901099, 0.010093727469358327]","[2.5476519337016574, 2.2350463352990735, 1.2468407750631845, 2.4463176574977816, 0.5354090354090354, 0.4297043979812545]"
org.joda.time.field.TestPreciseDurationDateTimeField.test_constructor,0.021408839779005526,0.014347492977066943,0.010093727469358327,0.08608495786240165,0.013393083883145685,0.013842277313445539,0.003976593663413107,2.5476519337016574,1.5734950224919977,0.4297043979812545,9.440970134951986,0.960668147350569,1.2597015418243138,0.8794916795108334,"[""TestPreciseDurationDateTimeField"", ""BaseDateTimeField"", ""TestPreciseDurationDateTimeField$MockImpreciseDurationField"", ""DateTimeFieldType"", ""BaseDurationField"", ""TestPreciseDurationDateTimeField$MockPreciseDurationDateTimeField"", ""PreciseDurationDateTimeField"", ""DurationFieldType"", ""TestPreciseDurationDateTimeField$MockCountingDurationField"", ""TestPreciseDurationDateTimeField$MockZeroDurationField""]","[0.021408839779005526, 0.017691659646166806, 0.013479359730412805, 0.012422360248447204, 0.01098901098901099, 0.010093727469358327]","[2.5476519337016574, 2.2350463352990735, 1.2468407750631845, 2.4463176574977816, 0.5354090354090354, 0.4297043979812545]"
org.joda.time.field.TestPreciseDurationDateTimeField.test_getDifference_long_long,0.021408839779005526,0.014347492977066943,0.010093727469358327,0.08608495786240165,0.013393083883145685,0.013842277313445539,0.003976593663413107,2.5476519337016574,1.5734950224919977,0.4297043979812545,9.440970134951986,0.960668147350569,1.2597015418243138,0.8794916795108334,"[""TestPreciseDurationDateTimeField"", ""BaseDateTimeField"", ""DateTimeFieldType"", ""BaseDurationField"", ""TestPreciseDurationDateTimeField$MockPreciseDurationDateTimeField"", ""PreciseDurationDateTimeField"", ""DurationFieldType"", ""TestPreciseDurationDateTimeField$MockCountingDurationField""]","[0.021408839779005526, 0.017691659646166806, 0.013479359730412805, 0.012422360248447204, 0.01098901098901099, 0.010093727469358327]","[2.5476519337016574, 2.2350463352990735, 1.2468407750631845, 2.4463176574977816, 0.5354090354090354, 0.4297043979812545]"
org.joda.time.field.TestPreciseDurationDateTimeField.test_roundHalfEven_long,0.021408839779005526,0.014347492977066943,0.010093727469358327,0.08608495786240165,0.013393083883145685,0.013842277313445539,0.003976593663413107,2.5476519337016574,1.5734950224919977,0.4297043979812545,9.440970134951986,0.960668147350569,1.2597015418243138,0.8794916795108334,"[""TestPreciseDurationDateTimeField"", ""BaseDateTimeField"", ""DateTimeFieldType"", ""BaseDurationField"", ""TestPreciseDurationDateTimeField$MockPreciseDurationDateTimeField"", ""PreciseDurationDateTimeField"", ""DurationFieldType"", ""TestPreciseDurationDateTimeField$MockCountingDurationField""]","[0.021408839779005526, 0.017691659646166806, 0.013479359730412805, 0.012422360248447204, 0.01098901098901099, 0.010093727469358327]","[2.5476519337016574, 2.2350463352990735, 1.2468407750631845, 2.4463176574977816, 0.5354090354090354, 0.4297043979812545]"
org.joda.time.field.TestPreciseDurationDateTimeField.test_getAsShortText_long,0.021408839779005526,0.014347492977066943,0.010093727469358327,0.08608495786240165,0.013393083883145685,0.013842277313445539,0.003976593663413107,2.5476519337016574,1.5734950224919977,0.4297043979812545,9.440970134951986,0.960668147350569,1.2597015418243138,0.8794916795108334,"[""TestPreciseDurationDateTimeField"", ""BaseDateTimeField"", ""DateTimeFieldType"", ""BaseDurationField"", ""TestPreciseDurationDateTimeField$MockPreciseDurationDateTimeField"", ""PreciseDurationDateTimeField"", ""DurationFieldType"", ""TestPreciseDurationDateTimeField$MockCountingDurationField""]","[0.021408839779005526, 0.017691659646166806, 0.013479359730412805, 0.012422360248447204, 0.01098901098901099, 0.010093727469358327]","[2.5476519337016574, 2.2350463352990735, 1.2468407750631845, 2.4463176574977816, 0.5354090354090354, 0.4297043979812545]"
org.joda.time.field.TestPreciseDurationDateTimeField.test_getMaximumTextLength_Locale,0.021408839779005526,0.014347492977066943,0.010093727469358327,0.08608495786240165,0.013393083883145685,0.013842277313445539,0.003976593663413107,2.5476519337016574,1.5734950224919977,0.4297043979812545,9.440970134951986,0.960668147350569,1.2597015418243138,0.8794916795108334,"[""TestPreciseDurationDateTimeField"", ""BaseDateTimeField"", ""TestPreciseDurationDateTimeField$2"", ""DateTimeFieldType"", ""TestPreciseDurationDateTimeField$3"", ""TestPreciseDurationDateTimeField$MockPreciseDurationDateTimeField"", ""BaseDurationField"", ""PreciseDurationDateTimeField"", ""DurationFieldType"", ""TestPreciseDurationDateTimeField$MockCountingDurationField"", ""TestPreciseDurationDateTimeField$1"", ""TestPreciseDurationDateTimeField$4""]","[0.021408839779005526, 0.017691659646166806, 0.013479359730412805, 0.012422360248447204, 0.01098901098901099, 0.010093727469358327]","[2.5476519337016574, 2.2350463352990735, 1.2468407750631845, 2.4463176574977816, 0.5354090354090354, 0.4297043979812545]"
org.joda.time.field.TestPreciseDurationDateTimeField.test_getAsText_long,0.021408839779005526,0.014347492977066943,0.010093727469358327,0.08608495786240165,0.013393083883145685,0.013842277313445539,0.003976593663413107,2.5476519337016574,1.5734950224919977,0.4297043979812545,9.440970134951986,0.960668147350569,1.2597015418243138,0.8794916795108334,"[""TestPreciseDurationDateTimeField"", ""BaseDateTimeField"", ""DateTimeFieldType"", ""BaseDurationField"", ""TestPreciseDurationDateTimeField$MockPreciseDurationDateTimeField"", ""PreciseDurationDateTimeField"", ""DurationFieldType"", ""TestPreciseDurationDateTimeField$MockCountingDurationField""]","[0.021408839779005526, 0.017691659646166806, 0.013479359730412805, 0.012422360248447204, 0.01098901098901099, 0.010093727469358327]","[2.5476519337016574, 2.2350463352990735, 1.2468407750631845, 2.4463176574977816, 0.5354090354090354, 0.4297043979812545]"
org.joda.time.field.TestPreciseDurationDateTimeField.test_roundHalfCeiling_long,0.021408839779005526,0.014347492977066943,0.010093727469358327,0.08608495786240165,0.013393083883145685,0.013842277313445539,0.003976593663413107,2.5476519337016574,1.5734950224919977,0.4297043979812545,9.440970134951986,0.960668147350569,1.2597015418243138,0.8794916795108334,"[""TestPreciseDurationDateTimeField"", ""BaseDateTimeField"", ""DateTimeFieldType"", ""BaseDurationField"", ""TestPreciseDurationDateTimeField$MockPreciseDurationDateTimeField"", ""PreciseDurationDateTimeField"", ""DurationFieldType"", ""TestPreciseDurationDateTimeField$MockCountingDurationField""]","[0.021408839779005526, 0.017691659646166806, 0.013479359730412805, 0.012422360248447204, 0.01098901098901099, 0.010093727469358327]","[2.5476519337016574, 2.2350463352990735, 1.2468407750631845, 2.4463176574977816, 0.5354090354090354, 0.4297043979812545]"
org.joda.time.field.TestPreciseDurationDateTimeField.test_getMaximumValue,0.021408839779005526,0.014347492977066943,0.010093727469358327,0.08608495786240165,0.013393083883145685,0.013842277313445539,0.003976593663413107,2.5476519337016574,1.5734950224919977,0.4297043979812545,9.440970134951986,0.960668147350569,1.2597015418243138,0.8794916795108334,"[""TestPreciseDurationDateTimeField"", ""BaseDateTimeField"", ""DateTimeFieldType"", ""BaseDurationField"", ""TestPreciseDurationDateTimeField$MockPreciseDurationDateTimeField"", ""PreciseDurationDateTimeField"", ""DurationFieldType"", ""TestPreciseDurationDateTimeField$MockCountingDurationField""]","[0.021408839779005526, 0.017691659646166806, 0.013479359730412805, 0.012422360248447204, 0.01098901098901099, 0.010093727469358327]","[2.5476519337016574, 2.2350463352990735, 1.2468407750631845, 2.4463176574977816, 0.5354090354090354, 0.4297043979812545]"
org.joda.time.field.TestPreciseDurationDateTimeField.test_getAsText_long_Locale,0.021408839779005526,0.014347492977066943,0.010093727469358327,0.08608495786240165,0.013393083883145685,0.013842277313445539,0.003976593663413107,2.5476519337016574,1.5734950224919977,0.4297043979812545,9.440970134951986,0.960668147350569,1.2597015418243138,0.8794916795108334,"[""TestPreciseDurationDateTimeField"", ""BaseDateTimeField"", ""DateTimeFieldType"", ""BaseDurationField"", ""TestPreciseDurationDateTimeField$MockPreciseDurationDateTimeField"", ""PreciseDurationDateTimeField"", ""DurationFieldType"", ""TestPreciseDurationDateTimeField$MockCountingDurationField""]","[0.021408839779005526, 0.017691659646166806, 0.013479359730412805, 0.012422360248447204, 0.01098901098901099, 0.010093727469358327]","[2.5476519337016574, 2.2350463352990735, 1.2468407750631845, 2.4463176574977816, 0.5354090354090354, 0.4297043979812545]"
org.joda.time.field.TestPreciseDurationDateTimeField.test_convertText,0.021408839779005526,0.014347492977066943,0.010093727469358327,0.08608495786240165,0.013393083883145685,0.013842277313445539,0.003976593663413107,2.5476519337016574,1.5734950224919977,0.4297043979812545,9.440970134951986,0.960668147350569,1.2597015418243138,0.8794916795108334,"[""TestPreciseDurationDateTimeField"", ""BaseDateTimeField"", ""DateTimeFieldType"", ""BaseDurationField"", ""TestPreciseDurationDateTimeField$MockPreciseDurationDateTimeField"", ""PreciseDurationDateTimeField"", ""DurationFieldType"", ""TestPreciseDurationDateTimeField$MockCountingDurationField""]","[0.021408839779005526, 0.017691659646166806, 0.013479359730412805, 0.012422360248447204, 0.01098901098901099, 0.010093727469358327]","[2.5476519337016574, 2.2350463352990735, 1.2468407750631845, 2.4463176574977816, 0.5354090354090354, 0.4297043979812545]"
org.joda.time.field.TestPreciseDurationDateTimeField.test_roundFloor_long,0.021408839779005526,0.014347492977066943,0.010093727469358327,0.08608495786240165,0.013393083883145685,0.013842277313445539,0.003976593663413107,2.5476519337016574,1.5734950224919977,0.4297043979812545,9.440970134951986,0.960668147350569,1.2597015418243138,0.8794916795108334,"[""TestPreciseDurationDateTimeField"", ""BaseDateTimeField"", ""DateTimeFieldType"", ""BaseDurationField"", ""TestPreciseDurationDateTimeField$MockPreciseDurationDateTimeField"", ""PreciseDurationDateTimeField"", ""DurationFieldType"", ""TestPreciseDurationDateTimeField$MockCountingDurationField""]","[0.021408839779005526, 0.017691659646166806, 0.013479359730412805, 0.012422360248447204, 0.01098901098901099, 0.010093727469358327]","[2.5476519337016574, 2.2350463352990735, 1.2468407750631845, 2.4463176574977816, 0.5354090354090354, 0.4297043979812545]"
org.joda.time.field.TestPreciseDurationDateTimeField.test_addWrapField_long_int,0.021408839779005526,0.014347492977066943,0.010093727469358327,0.08608495786240165,0.013393083883145685,0.013842277313445539,0.003976593663413107,2.5476519337016574,1.5734950224919977,0.4297043979812545,9.440970134951986,0.960668147350569,1.2597015418243138,0.8794916795108334,"[""TestPreciseDurationDateTimeField"", ""BaseDateTimeField"", ""DateTimeFieldType"", ""BaseDurationField"", ""TestPreciseDurationDateTimeField$MockPreciseDurationDateTimeField"", ""PreciseDurationDateTimeField"", ""DurationFieldType"", ""TestPreciseDurationDateTimeField$MockCountingDurationField""]","[0.021408839779005526, 0.017691659646166806, 0.013479359730412805, 0.012422360248447204, 0.01098901098901099, 0.010093727469358327]","[2.5476519337016574, 2.2350463352990735, 1.2468407750631845, 2.4463176574977816, 0.5354090354090354, 0.4297043979812545]"
org.joda.time.field.TestPreciseDurationDateTimeField.test_getMinimumValue,0.021408839779005526,0.014347492977066943,0.010093727469358327,0.08608495786240165,0.013393083883145685,0.013842277313445539,0.003976593663413107,2.5476519337016574,1.5734950224919977,0.4297043979812545,9.440970134951986,0.960668147350569,1.2597015418243138,0.8794916795108334,"[""TestPreciseDurationDateTimeField"", ""BaseDateTimeField"", ""DateTimeFieldType"", ""BaseDurationField"", ""TestPreciseDurationDateTimeField$MockPreciseDurationDateTimeField"", ""PreciseDurationDateTimeField"", ""DurationFieldType"", ""TestPreciseDurationDateTimeField$MockCountingDurationField""]","[0.021408839779005526, 0.017691659646166806, 0.013479359730412805, 0.012422360248447204, 0.01098901098901099, 0.010093727469358327]","[2.5476519337016574, 2.2350463352990735, 1.2468407750631845, 2.4463176574977816, 0.5354090354090354, 0.4297043979812545]"
org.joda.time.field.TestPreciseDurationDateTimeField.test_getMaximumValue_long,0.021408839779005526,0.014347492977066943,0.010093727469358327,0.08608495786240165,0.013393083883145685,0.013842277313445539,0.003976593663413107,2.5476519337016574,1.5734950224919977,0.4297043979812545,9.440970134951986,0.960668147350569,1.2597015418243138,0.8794916795108334,"[""TestPreciseDurationDateTimeField"", ""BaseDateTimeField"", ""DateTimeFieldType"", ""BaseDurationField"", ""TestPreciseDurationDateTimeField$MockPreciseDurationDateTimeField"", ""PreciseDurationDateTimeField"", ""DurationFieldType"", ""TestPreciseDurationDateTimeField$MockCountingDurationField""]","[0.021408839779005526, 0.017691659646166806, 0.013479359730412805, 0.012422360248447204, 0.01098901098901099, 0.010093727469358327]","[2.5476519337016574, 2.2350463352990735, 1.2468407750631845, 2.4463176574977816, 0.5354090354090354, 0.4297043979812545]"
org.joda.time.field.TestPreciseDurationDateTimeField.test_toString,0.021408839779005526,0.014347492977066943,0.010093727469358327,0.08608495786240165,0.013393083883145685,0.013842277313445539,0.003976593663413107,2.5476519337016574,1.5734950224919977,0.4297043979812545,9.440970134951986,0.960668147350569,1.2597015418243138,0.8794916795108334,"[""TestPreciseDurationDateTimeField"", ""BaseDateTimeField"", ""DateTimeFieldType"", ""BaseDurationField"", ""TestPreciseDurationDateTimeField$MockPreciseDurationDateTimeField"", ""PreciseDurationDateTimeField"", ""DurationFieldType"", ""TestPreciseDurationDateTimeField$MockCountingDurationField""]","[0.021408839779005526, 0.017691659646166806, 0.013479359730412805, 0.012422360248447204, 0.01098901098901099, 0.010093727469358327]","[2.5476519337016574, 2.2350463352990735, 1.2468407750631845, 2.4463176574977816, 0.5354090354090354, 0.4297043979812545]"
org.joda.time.field.TestPreciseDurationDateTimeField.test_set_long_int,0.021408839779005526,0.014347492977066943,0.010093727469358327,0.08608495786240165,0.013393083883145685,0.013842277313445539,0.003976593663413107,2.5476519337016574,1.5734950224919977,0.4297043979812545,9.440970134951986,0.960668147350569,1.2597015418243138,0.8794916795108334,"[""TestPreciseDurationDateTimeField"", ""BaseDateTimeField"", ""DateTimeFieldType"", ""BaseDurationField"", ""TestPreciseDurationDateTimeField$MockPreciseDurationDateTimeField"", ""PreciseDurationDateTimeField"", ""DurationFieldType"", ""TestPreciseDurationDateTimeField$MockCountingDurationField""]","[0.021408839779005526, 0.017691659646166806, 0.013479359730412805, 0.012422360248447204, 0.01098901098901099, 0.010093727469358327]","[2.5476519337016574, 2.2350463352990735, 1.2468407750631845, 2.4463176574977816, 0.5354090354090354, 0.4297043979812545]"
org.joda.time.field.TestPreciseDurationDateTimeField.test_getName,0.021408839779005526,0.014347492977066943,0.010093727469358327,0.08608495786240165,0.013393083883145685,0.013842277313445539,0.003976593663413107,2.5476519337016574,1.5734950224919977,0.4297043979812545,9.440970134951986,0.960668147350569,1.2597015418243138,0.8794916795108334,"[""TestPreciseDurationDateTimeField"", ""BaseDateTimeField"", ""DateTimeFieldType"", ""BaseDurationField"", ""TestPreciseDurationDateTimeField$MockPreciseDurationDateTimeField"", ""PreciseDurationDateTimeField"", ""DurationFieldType"", ""TestPreciseDurationDateTimeField$MockCountingDurationField""]","[0.021408839779005526, 0.017691659646166806, 0.013479359730412805, 0.012422360248447204, 0.01098901098901099, 0.010093727469358327]","[2.5476519337016574, 2.2350463352990735, 1.2468407750631845, 2.4463176574977816, 0.5354090354090354, 0.4297043979812545]"
org.joda.time.field.TestPreciseDurationDateTimeField.test_set_long_String_Locale,0.021408839779005526,0.014347492977066943,0.010093727469358327,0.08608495786240165,0.013393083883145685,0.013842277313445539,0.003976593663413107,2.5476519337016574,1.5734950224919977,0.4297043979812545,9.440970134951986,0.960668147350569,1.2597015418243138,0.8794916795108334,"[""TestPreciseDurationDateTimeField"", ""BaseDateTimeField"", ""DateTimeFieldType"", ""BaseDurationField"", ""TestPreciseDurationDateTimeField$MockPreciseDurationDateTimeField"", ""PreciseDurationDateTimeField"", ""DurationFieldType"", ""TestPreciseDurationDateTimeField$MockCountingDurationField""]","[0.021408839779005526, 0.017691659646166806, 0.013479359730412805, 0.012422360248447204, 0.01098901098901099, 0.010093727469358327]","[2.5476519337016574, 2.2350463352990735, 1.2468407750631845, 2.4463176574977816, 0.5354090354090354, 0.4297043979812545]"
org.joda.time.field.TestPreciseDurationDateTimeField.test_getLeapAmount_long,0.021408839779005526,0.014347492977066943,0.010093727469358327,0.08608495786240165,0.013393083883145685,0.013842277313445539,0.003976593663413107,2.5476519337016574,1.5734950224919977,0.4297043979812545,9.440970134951986,0.960668147350569,1.2597015418243138,0.8794916795108334,"[""TestPreciseDurationDateTimeField"", ""BaseDateTimeField"", ""DateTimeFieldType"", ""BaseDurationField"", ""TestPreciseDurationDateTimeField$MockPreciseDurationDateTimeField"", ""PreciseDurationDateTimeField"", ""DurationFieldType"", ""TestPreciseDurationDateTimeField$MockCountingDurationField""]","[0.021408839779005526, 0.017691659646166806, 0.013479359730412805, 0.012422360248447204, 0.01098901098901099, 0.010093727469358327]","[2.5476519337016574, 2.2350463352990735, 1.2468407750631845, 2.4463176574977816, 0.5354090354090354, 0.4297043979812545]"
org.joda.time.field.TestPreciseDurationDateTimeField.test_remainder_long,0.021408839779005526,0.014347492977066943,0.010093727469358327,0.08608495786240165,0.013393083883145685,0.013842277313445539,0.003976593663413107,2.5476519337016574,1.5734950224919977,0.4297043979812545,9.440970134951986,0.960668147350569,1.2597015418243138,0.8794916795108334,"[""TestPreciseDurationDateTimeField"", ""BaseDateTimeField"", ""DateTimeFieldType"", ""BaseDurationField"", ""TestPreciseDurationDateTimeField$MockPreciseDurationDateTimeField"", ""PreciseDurationDateTimeField"", ""DurationFieldType"", ""TestPreciseDurationDateTimeField$MockCountingDurationField""]","[0.021408839779005526, 0.017691659646166806, 0.013479359730412805, 0.012422360248447204, 0.01098901098901099, 0.010093727469358327]","[2.5476519337016574, 2.2350463352990735, 1.2468407750631845, 2.4463176574977816, 0.5354090354090354, 0.4297043979812545]"
org.joda.time.field.TestPreciseDurationDateTimeField.test_get,0.021408839779005526,0.014347492977066943,0.010093727469358327,0.08608495786240165,0.013393083883145685,0.013842277313445539,0.003976593663413107,2.5476519337016574,1.5734950224919977,0.4297043979812545,9.440970134951986,0.960668147350569,1.2597015418243138,0.8794916795108334,"[""TestPreciseDurationDateTimeField"", ""BaseDateTimeField"", ""DateTimeFieldType"", ""BaseDurationField"", ""TestPreciseDurationDateTimeField$MockPreciseDurationDateTimeField"", ""PreciseDurationDateTimeField"", ""DurationFieldType"", ""TestPreciseDurationDateTimeField$MockCountingDurationField""]","[0.021408839779005526, 0.017691659646166806, 0.013479359730412805, 0.012422360248447204, 0.01098901098901099, 0.010093727469358327]","[2.5476519337016574, 2.2350463352990735, 1.2468407750631845, 2.4463176574977816, 0.5354090354090354, 0.4297043979812545]"
org.joda.time.field.TestPreciseDurationDateTimeField.test_getMinimumValue_long,0.021408839779005526,0.014347492977066943,0.010093727469358327,0.08608495786240165,0.013393083883145685,0.013842277313445539,0.003976593663413107,2.5476519337016574,1.5734950224919977,0.4297043979812545,9.440970134951986,0.960668147350569,1.2597015418243138,0.8794916795108334,"[""TestPreciseDurationDateTimeField"", ""BaseDateTimeField"", ""DateTimeFieldType"", ""BaseDurationField"", ""TestPreciseDurationDateTimeField$MockPreciseDurationDateTimeField"", ""PreciseDurationDateTimeField"", ""DurationFieldType"", ""TestPreciseDurationDateTimeField$MockCountingDurationField""]","[0.021408839779005526, 0.017691659646166806, 0.013479359730412805, 0.012422360248447204, 0.01098901098901099, 0.010093727469358327]","[2.5476519337016574, 2.2350463352990735, 1.2468407750631845, 2.4463176574977816, 0.5354090354090354, 0.4297043979812545]"
org.joda.time.field.TestPreciseDurationDateTimeField.test_getMaximumShortTextLength_Locale,0.021408839779005526,0.014347492977066943,0.010093727469358327,0.08608495786240165,0.013393083883145685,0.013842277313445539,0.003976593663413107,2.5476519337016574,1.5734950224919977,0.4297043979812545,9.440970134951986,0.960668147350569,1.2597015418243138,0.8794916795108334,"[""TestPreciseDurationDateTimeField"", ""BaseDateTimeField"", ""DateTimeFieldType"", ""BaseDurationField"", ""TestPreciseDurationDateTimeField$MockPreciseDurationDateTimeField"", ""PreciseDurationDateTimeField"", ""DurationFieldType"", ""TestPreciseDurationDateTimeField$MockCountingDurationField""]","[0.021408839779005526, 0.017691659646166806, 0.013479359730412805, 0.012422360248447204, 0.01098901098901099, 0.010093727469358327]","[2.5476519337016574, 2.2350463352990735, 1.2468407750631845, 2.4463176574977816, 0.5354090354090354, 0.4297043979812545]"
org.joda.time.field.TestPreciseDurationDateTimeField.test_set_long_String,0.021408839779005526,0.014347492977066943,0.010093727469358327,0.08608495786240165,0.013393083883145685,0.013842277313445539,0.003976593663413107,2.5476519337016574,1.5734950224919977,0.4297043979812545,9.440970134951986,0.960668147350569,1.2597015418243138,0.8794916795108334,"[""TestPreciseDurationDateTimeField"", ""BaseDateTimeField"", ""DateTimeFieldType"", ""BaseDurationField"", ""TestPreciseDurationDateTimeField$MockPreciseDurationDateTimeField"", ""PreciseDurationDateTimeField"", ""DurationFieldType"", ""TestPreciseDurationDateTimeField$MockCountingDurationField""]","[0.021408839779005526, 0.017691659646166806, 0.013479359730412805, 0.012422360248447204, 0.01098901098901099, 0.010093727469358327]","[2.5476519337016574, 2.2350463352990735, 1.2468407750631845, 2.4463176574977816, 0.5354090354090354, 0.4297043979812545]"
org.joda.time.field.TestPreciseDurationDateTimeField.test_isLeap_long,0.021408839779005526,0.014347492977066943,0.010093727469358327,0.08608495786240165,0.013393083883145685,0.013842277313445539,0.003976593663413107,2.5476519337016574,1.5734950224919977,0.4297043979812545,9.440970134951986,0.960668147350569,1.2597015418243138,0.8794916795108334,"[""TestPreciseDurationDateTimeField"", ""BaseDateTimeField"", ""DateTimeFieldType"", ""BaseDurationField"", ""TestPreciseDurationDateTimeField$MockPreciseDurationDateTimeField"", ""PreciseDurationDateTimeField"", ""DurationFieldType"", ""TestPreciseDurationDateTimeField$MockCountingDurationField""]","[0.021408839779005526, 0.017691659646166806, 0.013479359730412805, 0.012422360248447204, 0.01098901098901099, 0.010093727469358327]","[2.5476519337016574, 2.2350463352990735, 1.2468407750631845, 2.4463176574977816, 0.5354090354090354, 0.4297043979812545]"
org.joda.time.field.TestPreciseDurationDateTimeField.test_getAsText_int_Locale,0.021408839779005526,0.014347492977066943,0.010093727469358327,0.08608495786240165,0.013393083883145685,0.013842277313445539,0.003976593663413107,2.5476519337016574,1.5734950224919977,0.4297043979812545,9.440970134951986,0.960668147350569,1.2597015418243138,0.8794916795108334,"[""TestPreciseDurationDateTimeField"", ""BaseDateTimeField"", ""DateTimeFieldType"", ""BaseDurationField"", ""TestPreciseDurationDateTimeField$MockPreciseDurationDateTimeField"", ""PreciseDurationDateTimeField"", ""DurationFieldType"", ""TestPreciseDurationDateTimeField$MockCountingDurationField""]","[0.021408839779005526, 0.017691659646166806, 0.013479359730412805, 0.012422360248447204, 0.01098901098901099, 0.010093727469358327]","[2.5476519337016574, 2.2350463352990735, 1.2468407750631845, 2.4463176574977816, 0.5354090354090354, 0.4297043979812545]"
org.joda.time.field.TestPreciseDurationDateTimeField.test_getAsShortText_int_Locale,0.021408839779005526,0.014347492977066943,0.010093727469358327,0.08608495786240165,0.013393083883145685,0.013842277313445539,0.003976593663413107,2.5476519337016574,1.5734950224919977,0.4297043979812545,9.440970134951986,0.960668147350569,1.2597015418243138,0.8794916795108334,"[""TestPreciseDurationDateTimeField"", ""BaseDateTimeField"", ""DateTimeFieldType"", ""BaseDurationField"", ""TestPreciseDurationDateTimeField$MockPreciseDurationDateTimeField"", ""PreciseDurationDateTimeField"", ""DurationFieldType"", ""TestPreciseDurationDateTimeField$MockCountingDurationField""]","[0.021408839779005526, 0.017691659646166806, 0.013479359730412805, 0.012422360248447204, 0.01098901098901099, 0.010093727469358327]","[2.5476519337016574, 2.2350463352990735, 1.2468407750631845, 2.4463176574977816, 0.5354090354090354, 0.4297043979812545]"
org.joda.time.field.TestPreciseDurationDateTimeField.test_getLeapDurationField,0.021408839779005526,0.014347492977066943,0.010093727469358327,0.08608495786240165,0.013393083883145685,0.013842277313445539,0.003976593663413107,2.5476519337016574,1.5734950224919977,0.4297043979812545,9.440970134951986,0.960668147350569,1.2597015418243138,0.8794916795108334,"[""TestPreciseDurationDateTimeField"", ""BaseDateTimeField"", ""DateTimeFieldType"", ""BaseDurationField"", ""TestPreciseDurationDateTimeField$MockPreciseDurationDateTimeField"", ""PreciseDurationDateTimeField"", ""DurationFieldType"", ""TestPreciseDurationDateTimeField$MockCountingDurationField""]","[0.021408839779005526, 0.017691659646166806, 0.013479359730412805, 0.012422360248447204, 0.01098901098901099, 0.010093727469358327]","[2.5476519337016574, 2.2350463352990735, 1.2468407750631845, 2.4463176574977816, 0.5354090354090354, 0.4297043979812545]"
org.joda.time.field.TestPreciseDurationDateTimeField.test_add_long_long,0.021408839779005526,0.014347492977066943,0.010093727469358327,0.08608495786240165,0.013393083883145685,0.013842277313445539,0.003976593663413107,2.5476519337016574,1.5734950224919977,0.4297043979812545,9.440970134951986,0.960668147350569,1.2597015418243138,0.8794916795108334,"[""TestPreciseDurationDateTimeField"", ""BaseDateTimeField"", ""DateTimeFieldType"", ""BaseDurationField"", ""TestPreciseDurationDateTimeField$MockPreciseDurationDateTimeField"", ""PreciseDurationDateTimeField"", ""DurationFieldType"", ""TestPreciseDurationDateTimeField$MockCountingDurationField""]","[0.021408839779005526, 0.017691659646166806, 0.013479359730412805, 0.012422360248447204, 0.01098901098901099, 0.010093727469358327]","[2.5476519337016574, 2.2350463352990735, 1.2468407750631845, 2.4463176574977816, 0.5354090354090354, 0.4297043979812545]"
org.joda.time.field.TestPreciseDurationDateTimeField.test_getAsShortText_long_Locale,0.021408839779005526,0.014347492977066943,0.010093727469358327,0.08608495786240165,0.013393083883145685,0.013842277313445539,0.003976593663413107,2.5476519337016574,1.5734950224919977,0.4297043979812545,9.440970134951986,0.960668147350569,1.2597015418243138,0.8794916795108334,"[""TestPreciseDurationDateTimeField"", ""BaseDateTimeField"", ""DateTimeFieldType"", ""BaseDurationField"", ""TestPreciseDurationDateTimeField$MockPreciseDurationDateTimeField"", ""PreciseDurationDateTimeField"", ""DurationFieldType"", ""TestPreciseDurationDateTimeField$MockCountingDurationField""]","[0.021408839779005526, 0.017691659646166806, 0.013479359730412805, 0.012422360248447204, 0.01098901098901099, 0.010093727469358327]","[2.5476519337016574, 2.2350463352990735, 1.2468407750631845, 2.4463176574977816, 0.5354090354090354, 0.4297043979812545]"
org.joda.time.field.TestPreciseDurationDateTimeField.test_roundHalfFloor_long,0.021408839779005526,0.014347492977066943,0.010093727469358327,0.08608495786240165,0.013393083883145685,0.013842277313445539,0.003976593663413107,2.5476519337016574,1.5734950224919977,0.4297043979812545,9.440970134951986,0.960668147350569,1.2597015418243138,0.8794916795108334,"[""TestPreciseDurationDateTimeField"", ""BaseDateTimeField"", ""DateTimeFieldType"", ""BaseDurationField"", ""TestPreciseDurationDateTimeField$MockPreciseDurationDateTimeField"", ""PreciseDurationDateTimeField"", ""DurationFieldType"", ""TestPreciseDurationDateTimeField$MockCountingDurationField""]","[0.021408839779005526, 0.017691659646166806, 0.013479359730412805, 0.012422360248447204, 0.01098901098901099, 0.010093727469358327]","[2.5476519337016574, 2.2350463352990735, 1.2468407750631845, 2.4463176574977816, 0.5354090354090354, 0.4297043979812545]"
org.joda.time.field.TestPreciseDurationDateTimeField.test_add_long_int,0.021408839779005526,0.014347492977066943,0.010093727469358327,0.08608495786240165,0.013393083883145685,0.013842277313445539,0.003976593663413107,2.5476519337016574,1.5734950224919977,0.4297043979812545,9.440970134951986,0.960668147350569,1.2597015418243138,0.8794916795108334,"[""TestPreciseDurationDateTimeField"", ""BaseDateTimeField"", ""DateTimeFieldType"", ""BaseDurationField"", ""TestPreciseDurationDateTimeField$MockPreciseDurationDateTimeField"", ""PreciseDurationDateTimeField"", ""DurationFieldType"", ""TestPreciseDurationDateTimeField$MockCountingDurationField""]","[0.021408839779005526, 0.017691659646166806, 0.013479359730412805, 0.012422360248447204, 0.01098901098901099, 0.010093727469358327]","[2.5476519337016574, 2.2350463352990735, 1.2468407750631845, 2.4463176574977816, 0.5354090354090354, 0.4297043979812545]"
org.joda.time.TestChronology.testEqualsHashCode_Limit,0.041970802919708027,0.021493306993486484,0.014041514041514042,0.08597322797394594,0.017499247616889903,0.01906900451190136,0.011829983111875008,5.9939172749391725,2.3942859586466745,0.7195863746958637,9.577143834586698,1.352342193356656,1.7230370432549116,2.0992717506910994,"[""LimitChronology"", ""Object"", ""TestChronology"", ""ISOChronology"", ""DateTime""]","[0.041970802919708027, 0.015206812652068127, 0.014754098360655738, 0.014041514041514042]","[5.9939172749391725, 0.7195863746958637, 1.3508196721311476, 1.5128205128205128]"
org.joda.time.TestDateMidnight_Basics.testEqualsHashCode,0.03345454545454545,0.028603712192849347,0.026155717761557177,0.08581113657854804,0.028224527847186105,0.028408339403423202,0.0034301066316424086,4.0378181818181815,3.2449829806045023,1.9227493917274938,9.734948941813506,2.9050311580617576,3.082987334332103,0.9411255624160256,"[""TestDateMidnight_Basics"", ""DateMidnight"", ""AbstractInstant"", ""TestDateMidnight_Basics$MockInstant""]","[0.03345454545454545, 0.026200873362445413, 0.026155717761557177]","[4.0378181818181815, 3.7743813682678313, 1.9227493917274938]"
org.joda.time.TestDateMidnight_Basics.testToString_DTFormatter,0.03345454545454545,0.028603712192849347,0.026155717761557177,0.08581113657854804,0.028224527847186105,0.028408339403423202,0.0034301066316424086,4.0378181818181815,3.5773025264276974,2.9197080291970803,10.731907579283092,3.5083510029721285,3.5435942452158966,0.4772648676045492,"[""TestDateMidnight_Basics"", ""DateMidnight"", ""DateTimeFormat""]","[0.03345454545454545, 0.026200873362445413, 0.026155717761557177]","[4.0378181818181815, 3.7743813682678313, 2.9197080291970803]"
org.joda.time.TestDateMidnight_Basics.testCompareTo,0.03345454545454545,0.028603712192849347,0.026155717761557177,0.08581113657854804,0.028224527847186105,0.028408339403423202,0.0034301066316424086,4.0378181818181815,3.2449829806045023,1.9227493917274938,9.734948941813506,2.9050311580617576,3.082987334332103,0.9411255624160256,"[""TestDateMidnight_Basics"", ""DateMidnight"", ""AbstractInstant"", ""TestDateMidnight_Basics$MockInstant""]","[0.03345454545454545, 0.026200873362445413, 0.026155717761557177]","[4.0378181818181815, 3.7743813682678313, 1.9227493917274938]"
org.joda.time.chrono.TestGregorianChronology.testDurationFields,0.03832116788321168,0.02145107528319207,0.010378510378510378,0.08580430113276828,0.017264447489320545,0.019171372417468267,0.010405194254689651,3.5,1.5400423785460282,0.6593673965936739,6.160169514184113,1.0069836304845736,1.2077804448238103,1.1572536368787143,"[""DateTimeZone"", ""TestGregorianChronology"", ""DurationField"", ""GregorianChronology""]","[0.03832116788321168, 0.02068126520681265, 0.016423357664233577, 0.010378510378510378]","[3.5, 1.281021897810219, 0.6593673965936739, 0.7197802197802198]"
org.joda.time.TestIllegalFieldValueException.testReadablePartialValidate,0.03952011291460833,0.021430136122649924,0.013157894736842105,0.0857205444905997,0.017939613977949225,0.019385481359029677,0.010566584516505615,3.5356386732533522,2.138943181962668,1.2532894736842106,8.555772727850671,1.8340378266346065,1.9735668496636438,0.8821850112354686,"[""IllegalFieldValueException"", ""YearMonthDay"", ""DateTimeFieldType"", ""TestIllegalFieldValueException"", ""Integer""]","[0.03952011291460833, 0.017691659646166806, 0.015350877192982455, 0.013157894736842105]","[3.5356386732533522, 2.2350463352990735, 1.2532894736842106, 1.531798245614035]"
org.joda.time.TestDateMidnight_Basics.testWithZoneRetainFields_DateTimeZone,0.03345454545454545,0.02142642460340176,0.008017492711370262,0.08570569841360703,0.016113452291231012,0.018867661730199433,0.009470840559444561,4.0378181818181815,2.530843463968475,0.17346938775510204,10.1233738558739,0.5930230944087694,1.5418452432179777,1.543464428742263,"[""TestDateMidnight_Basics"", ""MockNullZoneChronology"", ""BaseChronology"", ""DateMidnight""]","[0.03345454545454545, 0.026200873362445413, 0.018032786885245903, 0.008017492711370262]","[4.0378181818181815, 3.7743813682678313, 2.137704918032787, 0.17346938775510204]"
org.joda.time.TestDateTime_Basics.testWithFieldAdded1,0.041970802919708027,0.028504862138443998,0.013479359730412805,0.085514586415332,0.022852704345108953,0.025717167993632245,0.011683742496961972,5.9939172749391725,3.965244332105295,1.2468407750631845,11.895732996315886,2.534454307139128,3.264472614566935,1.9984127141393602,"[""DurationFieldType"", ""TestDateTime_Basics"", ""DateTime""]","[0.041970802919708027, 0.030064423765211165, 0.013479359730412805]","[5.9939172749391725, 4.654974946313529, 1.2468407750631845]"
org.joda.time.TestDateTime_Basics.testWithFieldAdded4,0.041970802919708027,0.028504862138443998,0.013479359730412805,0.085514586415332,0.022852704345108953,0.025717167993632245,0.011683742496961972,5.9939172749391725,3.965244332105295,1.2468407750631845,11.895732996315886,2.534454307139128,3.264472614566935,1.9984127141393602,"[""DurationFieldType"", ""TestDateTime_Basics"", ""DateTime""]","[0.041970802919708027, 0.030064423765211165, 0.013479359730412805]","[5.9939172749391725, 4.654974946313529, 1.2468407750631845]"
org.joda.time.TestInterval_Basics.testWithPeriodBeforeEnd3,0.031857031857031856,0.028452648561133647,0.02372034956304619,0.08535794568340094,0.028004122130086753,0.028232745003895686,0.0034519482201992844,5.471003134796239,4.073639337974867,1.618601747815231,12.2209180139246,3.013618765209775,3.568440793286829,1.741504043719913,"[""TestInterval_Basics"", ""Period"", ""Interval""]","[0.031857031857031856, 0.029780564263322883, 0.02372034956304619]","[5.1313131313131315, 5.471003134796239, 1.618601747815231]"
org.joda.time.TestInterval_Basics.testWithPeriodAfterStart3,0.031857031857031856,0.028452648561133647,0.02372034956304619,0.08535794568340094,0.028004122130086753,0.028232745003895686,0.0034519482201992844,5.471003134796239,4.073639337974867,1.618601747815231,12.2209180139246,3.013618765209775,3.568440793286829,1.741504043719913,"[""TestInterval_Basics"", ""Period"", ""Interval""]","[0.031857031857031856, 0.029780564263322883, 0.02372034956304619]","[5.1313131313131315, 5.471003134796239, 1.618601747815231]"
org.joda.time.convert.TestStringConverter.testGetChronology_Object_Chronology,0.025602409638554216,0.021326116878948642,0.015206812652068127,0.08530446751579457,0.020393072075502353,0.02086936767403487,0.004269660447762995,2.2710843373493974,1.1817202434507421,0.7195863746958637,4.7268809738029685,0.9673240913865357,1.0533108613983686,0.6320214869806963,"[""StringConverter"", ""ISOChronology"", ""JulianChronology"", ""TestStringConverter""]","[0.025602409638554216, 0.025030525030525032, 0.019464720194647202, 0.015206812652068127]","[2.2710843373493974, 0.8882783882783882, 0.8479318734793188, 0.7195863746958637]"
org.joda.time.TestMonthDay_Basics.testMinusMonths_int,0.044534412955465584,0.028416422865135887,0.016423357664233577,0.08524926859540766,0.024094430698089482,0.02609379983868998,0.011841146098928062,7.753036437246964,4.855337037146488,1.1368613138686132,14.566011111439463,2.5321298140196156,3.6847677919671202,2.762691760502076,"[""MonthDay"", ""BuddhistChronology"", ""TestMonthDay_Basics""]","[0.044534412955465584, 0.024291497975708502, 0.016423357664233577]","[7.753036437246964, 5.676113360323886, 1.1368613138686132]"
org.joda.time.TestMonthDay_Basics.testIsEqual_MD,0.044534412955465584,0.028416422865135887,0.016423357664233577,0.08524926859540766,0.024094430698089482,0.02609379983868998,0.011841146098928062,7.753036437246964,4.696172398054841,0.6593673965936739,14.088517194164524,1.6467557615576323,3.0729119627732135,2.9777226568559994,"[""MonthDay"", ""TestMonthDay_Basics"", ""GregorianChronology""]","[0.044534412955465584, 0.024291497975708502, 0.016423357664233577]","[7.753036437246964, 5.676113360323886, 0.6593673965936739]"
org.joda.time.TestMonthDay_Basics.testPlusMonths_int,0.044534412955465584,0.028416422865135887,0.016423357664233577,0.08524926859540766,0.024094430698089482,0.02609379983868998,0.011841146098928062,7.753036437246964,4.855337037146488,1.1368613138686132,14.566011111439463,2.5321298140196156,3.6847677919671202,2.762691760502076,"[""MonthDay"", ""BuddhistChronology"", ""TestMonthDay_Basics""]","[0.044534412955465584, 0.024291497975708502, 0.016423357664233577]","[7.753036437246964, 5.676113360323886, 1.1368613138686132]"
org.joda.time.TestMonthDay_Basics.testIsBefore_MD,0.044534412955465584,0.028416422865135887,0.016423357664233577,0.08524926859540766,0.024094430698089482,0.02609379983868998,0.011841146098928062,7.753036437246964,4.696172398054841,0.6593673965936739,14.088517194164524,1.6467557615576323,3.0729119627732135,2.9777226568559994,"[""MonthDay"", ""TestMonthDay_Basics"", ""GregorianChronology""]","[0.044534412955465584, 0.024291497975708502, 0.016423357664233577]","[7.753036437246964, 5.676113360323886, 0.6593673965936739]"
org.joda.time.TestMonthDay_Basics.testMinusDays_int,0.044534412955465584,0.028416422865135887,0.016423357664233577,0.08524926859540766,0.024094430698089482,0.02609379983868998,0.011841146098928062,7.753036437246964,4.855337037146488,1.1368613138686132,14.566011111439463,2.5321298140196156,3.6847677919671202,2.762691760502076,"[""MonthDay"", ""BuddhistChronology"", ""TestMonthDay_Basics""]","[0.044534412955465584, 0.024291497975708502, 0.016423357664233577]","[7.753036437246964, 5.676113360323886, 1.1368613138686132]"
org.joda.time.TestMonthDay_Basics.testPlusDays_int,0.044534412955465584,0.028416422865135887,0.016423357664233577,0.08524926859540766,0.024094430698089482,0.02609379983868998,0.011841146098928062,7.753036437246964,4.855337037146488,1.1368613138686132,14.566011111439463,2.5321298140196156,3.6847677919671202,2.762691760502076,"[""MonthDay"", ""BuddhistChronology"", ""TestMonthDay_Basics""]","[0.044534412955465584, 0.024291497975708502, 0.016423357664233577]","[7.753036437246964, 5.676113360323886, 1.1368613138686132]"
org.joda.time.TestMonthDay_Basics.testIsAfter_MD,0.044534412955465584,0.028416422865135887,0.016423357664233577,0.08524926859540766,0.024094430698089482,0.02609379983868998,0.011841146098928062,7.753036437246964,4.696172398054841,0.6593673965936739,14.088517194164524,1.6467557615576323,3.0729119627732135,2.9777226568559994,"[""MonthDay"", ""TestMonthDay_Basics"", ""GregorianChronology""]","[0.044534412955465584, 0.024291497975708502, 0.016423357664233577]","[7.753036437246964, 5.676113360323886, 0.6593673965936739]"
org.joda.time.TestMonthDay_Basics.testMinusDays_same,0.044534412955465584,0.028416422865135887,0.016423357664233577,0.08524926859540766,0.024094430698089482,0.02609379983868998,0.011841146098928062,7.753036437246964,4.855337037146488,1.1368613138686132,14.566011111439463,2.5321298140196156,3.6847677919671202,2.762691760502076,"[""MonthDay"", ""BuddhistChronology"", ""TestMonthDay_Basics""]","[0.044534412955465584, 0.024291497975708502, 0.016423357664233577]","[7.753036437246964, 5.676113360323886, 1.1368613138686132]"
org.joda.time.TestMonthDay_Basics.testPlusDays_same,0.044534412955465584,0.028416422865135887,0.016423357664233577,0.08524926859540766,0.024094430698089482,0.02609379983868998,0.011841146098928062,7.753036437246964,4.855337037146488,1.1368613138686132,14.566011111439463,2.5321298140196156,3.6847677919671202,2.762691760502076,"[""MonthDay"", ""BuddhistChronology"", ""TestMonthDay_Basics""]","[0.044534412955465584, 0.024291497975708502, 0.016423357664233577]","[7.753036437246964, 5.676113360323886, 1.1368613138686132]"
org.joda.time.TestDateTimeFieldType.test_millisOfDay,0.02298095863427446,0.01701856841597398,0.013479359730412805,0.08509284207986989,0.01644753954752143,0.0167198351643943,0.00332080514520841,2.2350463352990735,1.563488114677266,0.8850952068286277,7.81744057338633,1.4084825411760837,1.4869872357562177,0.4736441520854886,"[""DateTimeFieldType"", ""DateTimeField"", ""DurationFieldType"", ""TestDateTimeFieldType"", ""CopticChronology""]","[0.02298095863427446, 0.017691659646166806, 0.016423357664233577, 0.014517506404782237, 0.013479359730412805]","[0.8850952068286277, 2.2350463352990735, 1.8953771289537713, 1.5550811272416738, 1.2468407750631845]"
org.joda.time.TestDateTimeFieldType.test_dayOfWeek,0.02298095863427446,0.01701856841597398,0.013479359730412805,0.08509284207986989,0.01644753954752143,0.0167198351643943,0.00332080514520841,2.2350463352990735,1.563488114677266,0.8850952068286277,7.81744057338633,1.4084825411760837,1.4869872357562177,0.4736441520854886,"[""DateTimeFieldType"", ""DateTimeField"", ""DurationFieldType"", ""TestDateTimeFieldType"", ""CopticChronology""]","[0.02298095863427446, 0.017691659646166806, 0.016423357664233577, 0.014517506404782237, 0.013479359730412805]","[0.8850952068286277, 2.2350463352990735, 1.8953771289537713, 1.5550811272416738, 1.2468407750631845]"
org.joda.time.TestDateTimeFieldType.test_minuteOfDay,0.02298095863427446,0.01701856841597398,0.013479359730412805,0.08509284207986989,0.01644753954752143,0.0167198351643943,0.00332080514520841,2.2350463352990735,1.563488114677266,0.8850952068286277,7.81744057338633,1.4084825411760837,1.4869872357562177,0.4736441520854886,"[""DateTimeFieldType"", ""DateTimeField"", ""DurationFieldType"", ""TestDateTimeFieldType"", ""CopticChronology""]","[0.02298095863427446, 0.017691659646166806, 0.016423357664233577, 0.014517506404782237, 0.013479359730412805]","[0.8850952068286277, 2.2350463352990735, 1.8953771289537713, 1.5550811272416738, 1.2468407750631845]"
org.joda.time.TestDateTimeFieldType.test_secondOfMinute,0.02298095863427446,0.01701856841597398,0.013479359730412805,0.08509284207986989,0.01644753954752143,0.0167198351643943,0.00332080514520841,2.2350463352990735,1.563488114677266,0.8850952068286277,7.81744057338633,1.4084825411760837,1.4869872357562177,0.4736441520854886,"[""DateTimeFieldType"", ""DateTimeField"", ""DurationFieldType"", ""TestDateTimeFieldType"", ""CopticChronology""]","[0.02298095863427446, 0.017691659646166806, 0.016423357664233577, 0.014517506404782237, 0.013479359730412805]","[0.8850952068286277, 2.2350463352990735, 1.8953771289537713, 1.5550811272416738, 1.2468407750631845]"
org.joda.time.TestDateTimeFieldType.test_era,0.02298095863427446,0.01701856841597398,0.013479359730412805,0.08509284207986989,0.01644753954752143,0.0167198351643943,0.00332080514520841,2.2350463352990735,1.563488114677266,0.8850952068286277,7.81744057338633,1.4084825411760837,1.4869872357562177,0.4736441520854886,"[""DateTimeFieldType"", ""DateTimeField"", ""DurationFieldType"", ""TestDateTimeFieldType"", ""CopticChronology""]","[0.02298095863427446, 0.017691659646166806, 0.016423357664233577, 0.014517506404782237, 0.013479359730412805]","[0.8850952068286277, 2.2350463352990735, 1.8953771289537713, 1.5550811272416738, 1.2468407750631845]"
org.joda.time.TestDateTimeFieldType.test_millisOfSecond,0.02298095863427446,0.01701856841597398,0.013479359730412805,0.08509284207986989,0.01644753954752143,0.0167198351643943,0.00332080514520841,2.2350463352990735,1.563488114677266,0.8850952068286277,7.81744057338633,1.4084825411760837,1.4869872357562177,0.4736441520854886,"[""DateTimeFieldType"", ""DateTimeField"", ""DurationFieldType"", ""TestDateTimeFieldType"", ""CopticChronology""]","[0.02298095863427446, 0.017691659646166806, 0.016423357664233577, 0.014517506404782237, 0.013479359730412805]","[0.8850952068286277, 2.2350463352990735, 1.8953771289537713, 1.5550811272416738, 1.2468407750631845]"
org.joda.time.TestDateTimeFieldType.test_halfdayOfDay,0.02298095863427446,0.01701856841597398,0.013479359730412805,0.08509284207986989,0.01644753954752143,0.0167198351643943,0.00332080514520841,2.2350463352990735,1.563488114677266,0.8850952068286277,7.81744057338633,1.4084825411760837,1.4869872357562177,0.4736441520854886,"[""DateTimeFieldType"", ""DateTimeField"", ""DurationFieldType"", ""TestDateTimeFieldType"", ""CopticChronology""]","[0.02298095863427446, 0.017691659646166806, 0.016423357664233577, 0.014517506404782237, 0.013479359730412805]","[0.8850952068286277, 2.2350463352990735, 1.8953771289537713, 1.5550811272416738, 1.2468407750631845]"
org.joda.time.TestDateTimeFieldType.test_monthOfYear,0.02298095863427446,0.01701856841597398,0.013479359730412805,0.08509284207986989,0.01644753954752143,0.0167198351643943,0.00332080514520841,2.2350463352990735,1.563488114677266,0.8850952068286277,7.81744057338633,1.4084825411760837,1.4869872357562177,0.4736441520854886,"[""DateTimeFieldType"", ""DateTimeField"", ""DurationFieldType"", ""TestDateTimeFieldType"", ""CopticChronology""]","[0.02298095863427446, 0.017691659646166806, 0.016423357664233577, 0.014517506404782237, 0.013479359730412805]","[0.8850952068286277, 2.2350463352990735, 1.8953771289537713, 1.5550811272416738, 1.2468407750631845]"
org.joda.time.TestDateTimeFieldType.test_weekOfWeekyear,0.02298095863427446,0.01701856841597398,0.013479359730412805,0.08509284207986989,0.01644753954752143,0.0167198351643943,0.00332080514520841,2.2350463352990735,1.563488114677266,0.8850952068286277,7.81744057338633,1.4084825411760837,1.4869872357562177,0.4736441520854886,"[""DateTimeFieldType"", ""DateTimeField"", ""DurationFieldType"", ""TestDateTimeFieldType"", ""CopticChronology""]","[0.02298095863427446, 0.017691659646166806, 0.016423357664233577, 0.014517506404782237, 0.013479359730412805]","[0.8850952068286277, 2.2350463352990735, 1.8953771289537713, 1.5550811272416738, 1.2468407750631845]"
org.joda.time.TestDateTimeFieldType.test_clockhourOfDay,0.02298095863427446,0.01701856841597398,0.013479359730412805,0.08509284207986989,0.01644753954752143,0.0167198351643943,0.00332080514520841,2.2350463352990735,1.563488114677266,0.8850952068286277,7.81744057338633,1.4084825411760837,1.4869872357562177,0.4736441520854886,"[""DateTimeFieldType"", ""DateTimeField"", ""DurationFieldType"", ""TestDateTimeFieldType"", ""CopticChronology""]","[0.02298095863427446, 0.017691659646166806, 0.016423357664233577, 0.014517506404782237, 0.013479359730412805]","[0.8850952068286277, 2.2350463352990735, 1.8953771289537713, 1.5550811272416738, 1.2468407750631845]"
org.joda.time.TestDateTimeFieldType.test_weekyearOfCentury,0.02298095863427446,0.01701856841597398,0.013479359730412805,0.08509284207986989,0.01644753954752143,0.0167198351643943,0.00332080514520841,2.2350463352990735,1.563488114677266,0.8850952068286277,7.81744057338633,1.4084825411760837,1.4869872357562177,0.4736441520854886,"[""DateTimeFieldType"", ""DateTimeField"", ""DurationFieldType"", ""TestDateTimeFieldType"", ""CopticChronology""]","[0.02298095863427446, 0.017691659646166806, 0.016423357664233577, 0.014517506404782237, 0.013479359730412805]","[0.8850952068286277, 2.2350463352990735, 1.8953771289537713, 1.5550811272416738, 1.2468407750631845]"
org.joda.time.TestDateTimeFieldType.test_centuryOfEra,0.02298095863427446,0.01701856841597398,0.013479359730412805,0.08509284207986989,0.01644753954752143,0.0167198351643943,0.00332080514520841,2.2350463352990735,1.563488114677266,0.8850952068286277,7.81744057338633,1.4084825411760837,1.4869872357562177,0.4736441520854886,"[""DateTimeFieldType"", ""DateTimeField"", ""DurationFieldType"", ""TestDateTimeFieldType"", ""CopticChronology""]","[0.02298095863427446, 0.017691659646166806, 0.016423357664233577, 0.014517506404782237, 0.013479359730412805]","[0.8850952068286277, 2.2350463352990735, 1.8953771289537713, 1.5550811272416738, 1.2468407750631845]"
org.joda.time.TestDateTimeFieldType.test_year,0.02298095863427446,0.01701856841597398,0.013479359730412805,0.08509284207986989,0.01644753954752143,0.0167198351643943,0.00332080514520841,2.2350463352990735,1.563488114677266,0.8850952068286277,7.81744057338633,1.4084825411760837,1.4869872357562177,0.4736441520854886,"[""DateTimeFieldType"", ""DateTimeField"", ""DurationFieldType"", ""TestDateTimeFieldType"", ""CopticChronology""]","[0.02298095863427446, 0.017691659646166806, 0.016423357664233577, 0.014517506404782237, 0.013479359730412805]","[0.8850952068286277, 2.2350463352990735, 1.8953771289537713, 1.5550811272416738, 1.2468407750631845]"
org.joda.time.TestDateTimeFieldType.test_weekyear,0.02298095863427446,0.01701856841597398,0.013479359730412805,0.08509284207986989,0.01644753954752143,0.0167198351643943,0.00332080514520841,2.2350463352990735,1.563488114677266,0.8850952068286277,7.81744057338633,1.4084825411760837,1.4869872357562177,0.4736441520854886,"[""DateTimeFieldType"", ""DateTimeField"", ""DurationFieldType"", ""TestDateTimeFieldType"", ""CopticChronology""]","[0.02298095863427446, 0.017691659646166806, 0.016423357664233577, 0.014517506404782237, 0.013479359730412805]","[0.8850952068286277, 2.2350463352990735, 1.8953771289537713, 1.5550811272416738, 1.2468407750631845]"
org.joda.time.TestDateTimeFieldType.test_yearOfCentury,0.02298095863427446,0.01701856841597398,0.013479359730412805,0.08509284207986989,0.01644753954752143,0.0167198351643943,0.00332080514520841,2.2350463352990735,1.563488114677266,0.8850952068286277,7.81744057338633,1.4084825411760837,1.4869872357562177,0.4736441520854886,"[""DateTimeFieldType"", ""DateTimeField"", ""DurationFieldType"", ""TestDateTimeFieldType"", ""CopticChronology""]","[0.02298095863427446, 0.017691659646166806, 0.016423357664233577, 0.014517506404782237, 0.013479359730412805]","[0.8850952068286277, 2.2350463352990735, 1.8953771289537713, 1.5550811272416738, 1.2468407750631845]"
org.joda.time.TestDateTimeFieldType.test_yearOfEra,0.02298095863427446,0.01701856841597398,0.013479359730412805,0.08509284207986989,0.01644753954752143,0.0167198351643943,0.00332080514520841,2.2350463352990735,1.563488114677266,0.8850952068286277,7.81744057338633,1.4084825411760837,1.4869872357562177,0.4736441520854886,"[""DateTimeFieldType"", ""DateTimeField"", ""DurationFieldType"", ""TestDateTimeFieldType"", ""CopticChronology""]","[0.02298095863427446, 0.017691659646166806, 0.016423357664233577, 0.014517506404782237, 0.013479359730412805]","[0.8850952068286277, 2.2350463352990735, 1.8953771289537713, 1.5550811272416738, 1.2468407750631845]"
org.joda.time.TestDateTimeFieldType.test_clockhourOfHalfday,0.02298095863427446,0.01701856841597398,0.013479359730412805,0.08509284207986989,0.01644753954752143,0.0167198351643943,0.00332080514520841,2.2350463352990735,1.563488114677266,0.8850952068286277,7.81744057338633,1.4084825411760837,1.4869872357562177,0.4736441520854886,"[""DateTimeFieldType"", ""DateTimeField"", ""DurationFieldType"", ""TestDateTimeFieldType"", ""CopticChronology""]","[0.02298095863427446, 0.017691659646166806, 0.016423357664233577, 0.014517506404782237, 0.013479359730412805]","[0.8850952068286277, 2.2350463352990735, 1.8953771289537713, 1.5550811272416738, 1.2468407750631845]"
org.joda.time.TestDateTimeFieldType.test_hourOfDay,0.02298095863427446,0.01701856841597398,0.013479359730412805,0.08509284207986989,0.01644753954752143,0.0167198351643943,0.00332080514520841,2.2350463352990735,1.563488114677266,0.8850952068286277,7.81744057338633,1.4084825411760837,1.4869872357562177,0.4736441520854886,"[""DateTimeFieldType"", ""DateTimeField"", ""DurationFieldType"", ""TestDateTimeFieldType"", ""CopticChronology""]","[0.02298095863427446, 0.017691659646166806, 0.016423357664233577, 0.014517506404782237, 0.013479359730412805]","[0.8850952068286277, 2.2350463352990735, 1.8953771289537713, 1.5550811272416738, 1.2468407750631845]"
org.joda.time.TestDateTimeFieldType.test_secondOfDay,0.02298095863427446,0.01701856841597398,0.013479359730412805,0.08509284207986989,0.01644753954752143,0.0167198351643943,0.00332080514520841,2.2350463352990735,1.563488114677266,0.8850952068286277,7.81744057338633,1.4084825411760837,1.4869872357562177,0.4736441520854886,"[""DateTimeFieldType"", ""DateTimeField"", ""DurationFieldType"", ""TestDateTimeFieldType"", ""CopticChronology""]","[0.02298095863427446, 0.017691659646166806, 0.016423357664233577, 0.014517506404782237, 0.013479359730412805]","[0.8850952068286277, 2.2350463352990735, 1.8953771289537713, 1.5550811272416738, 1.2468407750631845]"
org.joda.time.TestDateTimeFieldType.test_dayOfYear,0.02298095863427446,0.01701856841597398,0.013479359730412805,0.08509284207986989,0.01644753954752143,0.0167198351643943,0.00332080514520841,2.2350463352990735,1.563488114677266,0.8850952068286277,7.81744057338633,1.4084825411760837,1.4869872357562177,0.4736441520854886,"[""DateTimeFieldType"", ""DateTimeField"", ""DurationFieldType"", ""TestDateTimeFieldType"", ""CopticChronology""]","[0.02298095863427446, 0.017691659646166806, 0.016423357664233577, 0.014517506404782237, 0.013479359730412805]","[0.8850952068286277, 2.2350463352990735, 1.8953771289537713, 1.5550811272416738, 1.2468407750631845]"
org.joda.time.TestDateTimeFieldType.test_dayOfMonth,0.02298095863427446,0.01701856841597398,0.013479359730412805,0.08509284207986989,0.01644753954752143,0.0167198351643943,0.00332080514520841,2.2350463352990735,1.563488114677266,0.8850952068286277,7.81744057338633,1.4084825411760837,1.4869872357562177,0.4736441520854886,"[""DateTimeFieldType"", ""DateTimeField"", ""DurationFieldType"", ""TestDateTimeFieldType"", ""CopticChronology""]","[0.02298095863427446, 0.017691659646166806, 0.016423357664233577, 0.014517506404782237, 0.013479359730412805]","[0.8850952068286277, 2.2350463352990735, 1.8953771289537713, 1.5550811272416738, 1.2468407750631845]"
org.joda.time.TestDateTimeFieldType.test_hourOfHalfday,0.02298095863427446,0.01701856841597398,0.013479359730412805,0.08509284207986989,0.01644753954752143,0.0167198351643943,0.00332080514520841,2.2350463352990735,1.563488114677266,0.8850952068286277,7.81744057338633,1.4084825411760837,1.4869872357562177,0.4736441520854886,"[""DateTimeFieldType"", ""DateTimeField"", ""DurationFieldType"", ""TestDateTimeFieldType"", ""CopticChronology""]","[0.02298095863427446, 0.017691659646166806, 0.016423357664233577, 0.014517506404782237, 0.013479359730412805]","[0.8850952068286277, 2.2350463352990735, 1.8953771289537713, 1.5550811272416738, 1.2468407750631845]"
org.joda.time.TestDateTimeFieldType.test_minuteOfHour,0.02298095863427446,0.01701856841597398,0.013479359730412805,0.08509284207986989,0.01644753954752143,0.0167198351643943,0.00332080514520841,2.2350463352990735,1.563488114677266,0.8850952068286277,7.81744057338633,1.4084825411760837,1.4869872357562177,0.4736441520854886,"[""DateTimeFieldType"", ""DateTimeField"", ""DurationFieldType"", ""TestDateTimeFieldType"", ""CopticChronology""]","[0.02298095863427446, 0.017691659646166806, 0.016423357664233577, 0.014517506404782237, 0.013479359730412805]","[0.8850952068286277, 2.2350463352990735, 1.8953771289537713, 1.5550811272416738, 1.2468407750631845]"
org.joda.time.TestTimeOfDay_Basics.testWithField1,0.04654346338124572,0.028356152120248623,0.017691659646166806,0.08506845636074586,0.023807803668980387,0.025790633607028893,0.0129241697752042,4.317590691307323,3.4261104903502804,2.2350463352990735,10.27833147105084,3.1664441097750453,3.300489924595518,0.8761889666232487,"[""DateTimeFieldType"", ""TimeOfDay"", ""TestTimeOfDay_Basics""]","[0.04654346338124572, 0.020833333333333332, 0.017691659646166806]","[4.317590691307323, 3.7256944444444446, 2.2350463352990735]"
org.joda.time.TestTimeOfDay_Basics.testGetFieldTypes,0.04654346338124572,0.028356152120248623,0.017691659646166806,0.08506845636074586,0.023807803668980387,0.025790633607028893,0.0129241697752042,4.317590691307323,3.4261104903502804,2.2350463352990735,10.27833147105084,3.1664441097750453,3.300489924595518,0.8761889666232487,"[""DateTimeFieldType"", ""TimeOfDay"", ""TestTimeOfDay_Basics""]","[0.04654346338124572, 0.020833333333333332, 0.017691659646166806]","[4.317590691307323, 3.7256944444444446, 2.2350463352990735]"
org.joda.time.TestTimeOfDay_Basics.testWithField4,0.04654346338124572,0.028356152120248623,0.017691659646166806,0.08506845636074586,0.023807803668980387,0.025790633607028893,0.0129241697752042,4.317590691307323,3.4261104903502804,2.2350463352990735,10.27833147105084,3.1664441097750453,3.300489924595518,0.8761889666232487,"[""DateTimeFieldType"", ""TimeOfDay"", ""TestTimeOfDay_Basics""]","[0.04654346338124572, 0.020833333333333332, 0.017691659646166806]","[4.317590691307323, 3.7256944444444446, 2.2350463352990735]"
org.joda.time.TestTimeOfDay_Basics.testProperty,0.04654346338124572,0.028356152120248623,0.017691659646166806,0.08506845636074586,0.023807803668980387,0.025790633607028893,0.0129241697752042,4.317590691307323,3.4261104903502804,2.2350463352990735,10.27833147105084,3.1664441097750453,3.300489924595518,0.8761889666232487,"[""DateTimeFieldType"", ""TimeOfDay"", ""TestTimeOfDay_Basics""]","[0.04654346338124572, 0.020833333333333332, 0.017691659646166806]","[4.317590691307323, 3.7256944444444446, 2.2350463352990735]"
org.joda.time.TestTimeOfDay_Basics.testGetFieldType,0.04654346338124572,0.028356152120248623,0.017691659646166806,0.08506845636074586,0.023807803668980387,0.025790633607028893,0.0129241697752042,4.317590691307323,3.4261104903502804,2.2350463352990735,10.27833147105084,3.1664441097750453,3.300489924595518,0.8761889666232487,"[""DateTimeFieldType"", ""TimeOfDay"", ""TestTimeOfDay_Basics""]","[0.04654346338124572, 0.020833333333333332, 0.017691659646166806]","[4.317590691307323, 3.7256944444444446, 2.2350463352990735]"
org.joda.time.TestTimeOfDay_Basics.testWithField3,0.04654346338124572,0.028356152120248623,0.017691659646166806,0.08506845636074586,0.023807803668980387,0.025790633607028893,0.0129241697752042,4.317590691307323,3.4261104903502804,2.2350463352990735,10.27833147105084,3.1664441097750453,3.300489924595518,0.8761889666232487,"[""DateTimeFieldType"", ""TimeOfDay"", ""TestTimeOfDay_Basics""]","[0.04654346338124572, 0.020833333333333332, 0.017691659646166806]","[4.317590691307323, 3.7256944444444446, 2.2350463352990735]"
org.joda.time.TestTimeOfDay_Basics.testIsSupported,0.04654346338124572,0.028356152120248623,0.017691659646166806,0.08506845636074586,0.023807803668980387,0.025790633607028893,0.0129241697752042,4.317590691307323,3.4261104903502804,2.2350463352990735,10.27833147105084,3.1664441097750453,3.300489924595518,0.8761889666232487,"[""DateTimeFieldType"", ""TimeOfDay"", ""TestTimeOfDay_Basics""]","[0.04654346338124572, 0.020833333333333332, 0.017691659646166806]","[4.317590691307323, 3.7256944444444446, 2.2350463352990735]"
org.joda.time.TestTimeOfDay_Basics.testGet,0.04654346338124572,0.028356152120248623,0.017691659646166806,0.08506845636074586,0.023807803668980387,0.025790633607028893,0.0129241697752042,4.317590691307323,3.4261104903502804,2.2350463352990735,10.27833147105084,3.1664441097750453,3.300489924595518,0.8761889666232487,"[""DateTimeFieldType"", ""TimeOfDay"", ""TestTimeOfDay_Basics""]","[0.04654346338124572, 0.020833333333333332, 0.017691659646166806]","[4.317590691307323, 3.7256944444444446, 2.2350463352990735]"
org.joda.time.TestDateTimeUtils.testGetChronology_Chronology,0.02710027100271003,0.021246751365011748,0.015206812652068127,0.08498700546004699,0.019837864815972314,0.02053184224832657,0.005456828351903452,2.0375093773443362,1.362547532059859,0.7195863746958637,5.450190128239436,1.1755458606463502,1.2690863365921512,0.4892394342718115,"[""BuddhistChronology"", ""ISOChronology"", ""TestDateTimeUtils"", ""DateTimeUtils""]","[0.02710027100271003, 0.02625656414103526, 0.016423357664233577, 0.015206812652068127]","[1.5562330623306233, 2.0375093773443362, 1.1368613138686132, 0.7195863746958637]"
org.joda.time.TestDateTime_Properties.testPropertyLeapMonthOfYear,0.041970802919708027,0.028316674417025012,0.020072992700729927,0.08495002325107504,0.025575334460046437,0.02682281322366807,0.009723964346494595,5.9939172749391725,4.678216006841215,2.3728710462287106,14.034648020523644,3.9231089068329723,4.3198432775907785,1.6355508605594091,"[""Chronology"", ""DateTime$Property"", ""TestDateTime_Properties"", ""DateTime""]","[0.041970802919708027, 0.02290622763063708, 0.020072992700729927]","[5.9939172749391725, 5.667859699355763, 2.3728710462287106]"
org.joda.time.TestDateTime_Properties.testPropertyGetSecondOfMinute,0.041970802919708027,0.028316674417025012,0.020072992700729927,0.08495002325107504,0.025575334460046437,0.02682281322366807,0.009723964346494595,5.9939172749391725,4.678216006841215,2.3728710462287106,14.034648020523644,3.9231089068329723,4.3198432775907785,1.6355508605594091,"[""DateTime$Property"", ""Chronology"", ""TestDateTime_Properties"", ""DateTime""]","[0.041970802919708027, 0.02290622763063708, 0.020072992700729927]","[5.9939172749391725, 5.667859699355763, 2.3728710462287106]"
org.joda.time.TestDateTime_Properties.testPropertyLeapYear,0.041970802919708027,0.028316674417025012,0.020072992700729927,0.08495002325107504,0.025575334460046437,0.02682281322366807,0.009723964346494595,5.9939172749391725,4.678216006841215,2.3728710462287106,14.034648020523644,3.9231089068329723,4.3198432775907785,1.6355508605594091,"[""Chronology"", ""DateTime$Property"", ""TestDateTime_Properties"", ""DateTime""]","[0.041970802919708027, 0.02290622763063708, 0.020072992700729927]","[5.9939172749391725, 5.667859699355763, 2.3728710462287106]"
org.joda.time.TestDateTime_Properties.testPropertyGetMillisOfSecond,0.041970802919708027,0.028316674417025012,0.020072992700729927,0.08495002325107504,0.025575334460046437,0.02682281322366807,0.009723964346494595,5.9939172749391725,4.678216006841215,2.3728710462287106,14.034648020523644,3.9231089068329723,4.3198432775907785,1.6355508605594091,"[""DateTime$Property"", ""Chronology"", ""TestDateTime_Properties"", ""DateTime""]","[0.041970802919708027, 0.02290622763063708, 0.020072992700729927]","[5.9939172749391725, 5.667859699355763, 2.3728710462287106]"
org.joda.time.TestDateTime_Properties.testPropertyGetCenturyOfEra,0.041970802919708027,0.028316674417025012,0.020072992700729927,0.08495002325107504,0.025575334460046437,0.02682281322366807,0.009723964346494595,5.9939172749391725,4.678216006841215,2.3728710462287106,14.034648020523644,3.9231089068329723,4.3198432775907785,1.6355508605594091,"[""DateTime$Property"", ""Chronology"", ""TestDateTime_Properties"", ""DateTime""]","[0.041970802919708027, 0.02290622763063708, 0.020072992700729927]","[5.9939172749391725, 5.667859699355763, 2.3728710462287106]"
org.joda.time.TestDateTime_Properties.testPropertyGetDayOfYear,0.041970802919708027,0.028316674417025012,0.020072992700729927,0.08495002325107504,0.025575334460046437,0.02682281322366807,0.009723964346494595,5.9939172749391725,4.678216006841215,2.3728710462287106,14.034648020523644,3.9231089068329723,4.3198432775907785,1.6355508605594091,"[""DateTime$Property"", ""Chronology"", ""TestDateTime_Properties"", ""DateTime""]","[0.041970802919708027, 0.02290622763063708, 0.020072992700729927]","[5.9939172749391725, 5.667859699355763, 2.3728710462287106]"
org.joda.time.TestDateTime_Properties.testPropertyGetHourOfDay,0.041970802919708027,0.028316674417025012,0.020072992700729927,0.08495002325107504,0.025575334460046437,0.02682281322366807,0.009723964346494595,5.9939172749391725,4.678216006841215,2.3728710462287106,14.034648020523644,3.9231089068329723,4.3198432775907785,1.6355508605594091,"[""DateTime$Property"", ""Chronology"", ""TestDateTime_Properties"", ""DateTime""]","[0.041970802919708027, 0.02290622763063708, 0.020072992700729927]","[5.9939172749391725, 5.667859699355763, 2.3728710462287106]"
org.joda.time.TestDateTime_Properties.testPropertyGetDayOfMonth,0.041970802919708027,0.028316674417025012,0.020072992700729927,0.08495002325107504,0.025575334460046437,0.02682281322366807,0.009723964346494595,5.9939172749391725,4.678216006841215,2.3728710462287106,14.034648020523644,3.9231089068329723,4.3198432775907785,1.6355508605594091,"[""DateTime$Property"", ""Chronology"", ""TestDateTime_Properties"", ""DateTime""]","[0.041970802919708027, 0.02290622763063708, 0.020072992700729927]","[5.9939172749391725, 5.667859699355763, 2.3728710462287106]"
org.joda.time.TestDateTime_Properties.testPropertyGetYearOfEra,0.041970802919708027,0.028316674417025012,0.020072992700729927,0.08495002325107504,0.025575334460046437,0.02682281322366807,0.009723964346494595,5.9939172749391725,4.678216006841215,2.3728710462287106,14.034648020523644,3.9231089068329723,4.3198432775907785,1.6355508605594091,"[""DateTime$Property"", ""Chronology"", ""TestDateTime_Properties"", ""DateTime""]","[0.041970802919708027, 0.02290622763063708, 0.020072992700729927]","[5.9939172749391725, 5.667859699355763, 2.3728710462287106]"
org.joda.time.TestDateTime_Properties.testPropertyGetYear,0.041970802919708027,0.028316674417025012,0.020072992700729927,0.08495002325107504,0.025575334460046437,0.02682281322366807,0.009723964346494595,5.9939172749391725,4.678216006841215,2.3728710462287106,14.034648020523644,3.9231089068329723,4.3198432775907785,1.6355508605594091,"[""DateTime$Property"", ""Chronology"", ""TestDateTime_Properties"", ""DateTime""]","[0.041970802919708027, 0.02290622763063708, 0.020072992700729927]","[5.9939172749391725, 5.667859699355763, 2.3728710462287106]"
org.joda.time.TestDateTime_Properties.testPropertyGetMinuteOfHour,0.041970802919708027,0.028316674417025012,0.020072992700729927,0.08495002325107504,0.025575334460046437,0.02682281322366807,0.009723964346494595,5.9939172749391725,4.678216006841215,2.3728710462287106,14.034648020523644,3.9231089068329723,4.3198432775907785,1.6355508605594091,"[""DateTime$Property"", ""Chronology"", ""TestDateTime_Properties"", ""DateTime""]","[0.041970802919708027, 0.02290622763063708, 0.020072992700729927]","[5.9939172749391725, 5.667859699355763, 2.3728710462287106]"
org.joda.time.TestDateTime_Properties.testPropertyGetMinuteOfDay,0.041970802919708027,0.028316674417025012,0.020072992700729927,0.08495002325107504,0.025575334460046437,0.02682281322366807,0.009723964346494595,5.9939172749391725,4.678216006841215,2.3728710462287106,14.034648020523644,3.9231089068329723,4.3198432775907785,1.6355508605594091,"[""DateTime$Property"", ""Chronology"", ""TestDateTime_Properties"", ""DateTime""]","[0.041970802919708027, 0.02290622763063708, 0.020072992700729927]","[5.9939172749391725, 5.667859699355763, 2.3728710462287106]"
org.joda.time.TestDateTime_Properties.testPropertyGetMillisOfDay,0.041970802919708027,0.028316674417025012,0.020072992700729927,0.08495002325107504,0.025575334460046437,0.02682281322366807,0.009723964346494595,5.9939172749391725,4.678216006841215,2.3728710462287106,14.034648020523644,3.9231089068329723,4.3198432775907785,1.6355508605594091,"[""DateTime$Property"", ""Chronology"", ""TestDateTime_Properties"", ""DateTime""]","[0.041970802919708027, 0.02290622763063708, 0.020072992700729927]","[5.9939172749391725, 5.667859699355763, 2.3728710462287106]"
org.joda.time.TestDateTime_Properties.testPropertyGetWeekyear,0.041970802919708027,0.028316674417025012,0.020072992700729927,0.08495002325107504,0.025575334460046437,0.02682281322366807,0.009723964346494595,5.9939172749391725,4.678216006841215,2.3728710462287106,14.034648020523644,3.9231089068329723,4.3198432775907785,1.6355508605594091,"[""DateTime$Property"", ""Chronology"", ""TestDateTime_Properties"", ""DateTime""]","[0.041970802919708027, 0.02290622763063708, 0.020072992700729927]","[5.9939172749391725, 5.667859699355763, 2.3728710462287106]"
org.joda.time.TestDateTime_Properties.testPropertyGetYearOfCentury,0.041970802919708027,0.028316674417025012,0.020072992700729927,0.08495002325107504,0.025575334460046437,0.02682281322366807,0.009723964346494595,5.9939172749391725,4.678216006841215,2.3728710462287106,14.034648020523644,3.9231089068329723,4.3198432775907785,1.6355508605594091,"[""DateTime$Property"", ""Chronology"", ""TestDateTime_Properties"", ""DateTime""]","[0.041970802919708027, 0.02290622763063708, 0.020072992700729927]","[5.9939172749391725, 5.667859699355763, 2.3728710462287106]"
org.joda.time.TestDateTime_Properties.testPropertyGetSecondOfDay,0.041970802919708027,0.028316674417025012,0.020072992700729927,0.08495002325107504,0.025575334460046437,0.02682281322366807,0.009723964346494595,5.9939172749391725,4.678216006841215,2.3728710462287106,14.034648020523644,3.9231089068329723,4.3198432775907785,1.6355508605594091,"[""DateTime$Property"", ""Chronology"", ""TestDateTime_Properties"", ""DateTime""]","[0.041970802919708027, 0.02290622763063708, 0.020072992700729927]","[5.9939172749391725, 5.667859699355763, 2.3728710462287106]"
org.joda.time.TestDateTime_Properties.testPropertyGetWeekOfWeekyear,0.041970802919708027,0.028316674417025012,0.020072992700729927,0.08495002325107504,0.025575334460046437,0.02682281322366807,0.009723964346494595,5.9939172749391725,4.678216006841215,2.3728710462287106,14.034648020523644,3.9231089068329723,4.3198432775907785,1.6355508605594091,"[""DateTime$Property"", ""Chronology"", ""TestDateTime_Properties"", ""DateTime""]","[0.041970802919708027, 0.02290622763063708, 0.020072992700729927]","[5.9939172749391725, 5.667859699355763, 2.3728710462287106]"
org.joda.time.TestYearMonth_Basics.testEqualsHashCode,0.03618421052631579,0.021194608821115495,0.012073863636363636,0.08477843528446198,0.0180931555624359,0.01948805420315676,0.009105911076647075,6.592105263157895,3.3986248339255987,0.3203125,13.594499335702395,1.0185531240476422,2.1555964885056236,2.321403735525576,"[""Object"", ""YearMonth"", ""TestYearMonth_Basics"", ""MockPartial"", ""TestYearMonth_Basics$MockYM"", ""Chronology""]","[0.03618421052631579, 0.020072992700729927, 0.01644736842105263, 0.012073863636363636]","[6.592105263157895, 2.3728710462287106, 4.309210526315789, 0.3203125]"
org.joda.time.TestPartial_Basics.testGetFormatter3,0.026155717761557177,0.021165925984584055,0.015873015873015872,0.08466370393833622,0.02021761464510026,0.020688890027050603,0.004451181893184575,4.26530612244898,3.180523670654634,2.2350463352990735,12.722094682618536,2.972613598744008,3.074582479755535,0.8197803653146847,"[""DateTimeFieldType"", ""DateTimeFormatter"", ""TestPartial_Basics"", ""Partial""]","[0.026155717761557177, 0.024943310657596373, 0.017691659646166806, 0.015873015873015872]","[2.559610705596107, 3.6621315192743764, 2.2350463352990735, 4.26530612244898]"
org.joda.time.TestPartial_Basics.testToString_DTFormatter,0.026155717761557177,0.021165925984584055,0.015873015873015872,0.08466370393833622,0.02021761464510026,0.020688890027050603,0.004451181893184575,4.26530612244898,3.270548001554878,2.2350463352990735,13.082192006219511,3.0830113280469806,3.1774412156388543,0.7645642153306857,"[""Partial"", ""DateTimeFieldType"", ""TestPartial_Basics"", ""DateTimeFormat""]","[0.026155717761557177, 0.024943310657596373, 0.017691659646166806, 0.015873015873015872]","[2.9197080291970803, 3.6621315192743764, 2.2350463352990735, 4.26530612244898]"
org.joda.time.TestPartial_Basics.testGetFormatter1,0.026155717761557177,0.021165925984584055,0.015873015873015872,0.08466370393833622,0.02021761464510026,0.020688890027050603,0.004451181893184575,4.26530612244898,3.180523670654634,2.2350463352990735,12.722094682618536,2.972613598744008,3.074582479755535,0.8197803653146847,"[""DateTimeFieldType"", ""DateTimeFormatter"", ""TestPartial_Basics"", ""Partial""]","[0.026155717761557177, 0.024943310657596373, 0.017691659646166806, 0.015873015873015872]","[2.559610705596107, 3.6621315192743764, 2.2350463352990735, 4.26530612244898]"
org.joda.time.TestMutablePeriod_Updates.testSetPeriod_RI_RI1,0.041970802919708027,0.028213614938385524,0.020914020139426802,0.08464084481515657,0.0255090788437097,0.026729331341480863,0.009733872389604947,5.9939172749391725,5.067398939022815,3.2222222222222223,15.202196817068444,4.656682253434382,4.871570980763027,1.3047409147388962,"[""MutablePeriod"", ""TestMutablePeriod_Updates"", ""DateTime""]","[0.041970802919708027, 0.021756021756021756, 0.020914020139426802]","[5.9939172749391725, 3.2222222222222223, 5.986057319907049]"
org.joda.time.TestMutablePeriod_Updates.testSetPeriod_RI_RI3,0.041970802919708027,0.028213614938385524,0.020914020139426802,0.08464084481515657,0.0255090788437097,0.026729331341480863,0.009733872389604947,5.9939172749391725,5.067398939022815,3.2222222222222223,15.202196817068444,4.656682253434382,4.871570980763027,1.3047409147388962,"[""MutablePeriod"", ""TestMutablePeriod_Updates"", ""DateTime""]","[0.041970802919708027, 0.021756021756021756, 0.020914020139426802]","[5.9939172749391725, 3.2222222222222223, 5.986057319907049]"
org.joda.time.TestMutablePeriod_Updates.testSetPeriod_long_long1,0.041970802919708027,0.028213614938385524,0.020914020139426802,0.08464084481515657,0.0255090788437097,0.026729331341480863,0.009733872389604947,5.9939172749391725,5.067398939022815,3.2222222222222223,15.202196817068444,4.656682253434382,4.871570980763027,1.3047409147388962,"[""MutablePeriod"", ""TestMutablePeriod_Updates"", ""DateTime""]","[0.041970802919708027, 0.021756021756021756, 0.020914020139426802]","[5.9939172749391725, 3.2222222222222223, 5.986057319907049]"
org.joda.time.TestMutablePeriod_Updates.testSetPeriod_RI_RI2,0.041970802919708027,0.028213614938385524,0.020914020139426802,0.08464084481515657,0.0255090788437097,0.026729331341480863,0.009733872389604947,5.9939172749391725,5.067398939022815,3.2222222222222223,15.202196817068444,4.656682253434382,4.871570980763027,1.3047409147388962,"[""MutablePeriod"", ""TestMutablePeriod_Updates"", ""DateTime""]","[0.041970802919708027, 0.021756021756021756, 0.020914020139426802]","[5.9939172749391725, 3.2222222222222223, 5.986057319907049]"
org.joda.time.TestMutablePeriod_Updates.testSetPeriod_long_long2,0.041970802919708027,0.028213614938385524,0.020914020139426802,0.08464084481515657,0.0255090788437097,0.026729331341480863,0.009733872389604947,5.9939172749391725,5.067398939022815,3.2222222222222223,15.202196817068444,4.656682253434382,4.871570980763027,1.3047409147388962,"[""MutablePeriod"", ""TestMutablePeriod_Updates"", ""DateTime""]","[0.041970802919708027, 0.021756021756021756, 0.020914020139426802]","[5.9939172749391725, 3.2222222222222223, 5.986057319907049]"
org.joda.time.TestMutablePeriod_Updates.testSetPeriod_long_long3,0.041970802919708027,0.028213614938385524,0.020914020139426802,0.08464084481515657,0.0255090788437097,0.026729331341480863,0.009733872389604947,5.9939172749391725,5.067398939022815,3.2222222222222223,15.202196817068444,4.656682253434382,4.871570980763027,1.3047409147388962,"[""MutablePeriod"", ""TestMutablePeriod_Updates"", ""DateTime""]","[0.041970802919708027, 0.021756021756021756, 0.020914020139426802]","[5.9939172749391725, 3.2222222222222223, 5.986057319907049]"
org.joda.time.TestMutablePeriod_Updates.testAdd_RD2,0.021756021756021756,0.021097448892930994,0.020757020757020756,0.08438979557172398,0.021090452885968045,0.021093929091534958,0.0003877512194998706,5.986057319907049,3.6898339934051214,1.6178266178266179,14.759335973620486,2.9634966557197173,3.328468219572189,1.5687382209511478,"[""PeriodType"", ""Duration"", ""TestMutablePeriod_Updates"", ""MutablePeriod""]","[0.021756021756021756, 0.02096273291925466, 0.020914020139426802, 0.020757020757020756]","[3.2222222222222223, 3.9332298136645965, 5.986057319907049, 1.6178266178266179]"
org.joda.time.field.TestPreciseDateTimeField.test_roundHalfCeiling_long,0.021408839779005526,0.014042242671816635,0.009157509157509158,0.08425345603089981,0.012870222252279833,0.013427979551486889,0.004281301345646878,2.5476519337016574,1.5583791284941162,0.4297043979812545,9.350274770964697,0.8982105636522716,1.2172889893682157,0.9017611862442967,"[""TestPreciseDateTimeField"", ""TestPreciseDateTimeField$MockPreciseDateTimeField"", ""BaseDateTimeField"", ""PreciseDateTimeField"", ""DateTimeFieldType"", ""BaseDurationField"", ""DurationFieldType"", ""TestPreciseDateTimeField$MockCountingDurationField""]","[0.021408839779005526, 0.017691659646166806, 0.013479359730412805, 0.012422360248447204, 0.010093727469358327, 0.009157509157509158]","[2.5476519337016574, 2.2350463352990735, 1.2468407750631845, 2.4569653948535937, 0.4297043979812545, 0.4340659340659341]"
org.joda.time.field.TestPreciseDateTimeField.test_set_long_String_Locale,0.021408839779005526,0.014042242671816635,0.009157509157509158,0.08425345603089981,0.012870222252279833,0.013427979551486889,0.004281301345646878,2.5476519337016574,1.5583791284941162,0.4297043979812545,9.350274770964697,0.8982105636522716,1.2172889893682157,0.9017611862442967,"[""TestPreciseDateTimeField"", ""TestPreciseDateTimeField$MockPreciseDateTimeField"", ""BaseDateTimeField"", ""PreciseDateTimeField"", ""DateTimeFieldType"", ""BaseDurationField"", ""DurationFieldType"", ""TestPreciseDateTimeField$MockCountingDurationField""]","[0.021408839779005526, 0.017691659646166806, 0.013479359730412805, 0.012422360248447204, 0.010093727469358327, 0.009157509157509158]","[2.5476519337016574, 2.2350463352990735, 1.2468407750631845, 2.4569653948535937, 0.4297043979812545, 0.4340659340659341]"
org.joda.time.field.TestPreciseDateTimeField.test_set_long_int,0.021408839779005526,0.014042242671816635,0.009157509157509158,0.08425345603089981,0.012870222252279833,0.013427979551486889,0.004281301345646878,2.5476519337016574,1.5583791284941162,0.4297043979812545,9.350274770964697,0.8982105636522716,1.2172889893682157,0.9017611862442967,"[""TestPreciseDateTimeField"", ""TestPreciseDateTimeField$MockPreciseDateTimeField"", ""BaseDateTimeField"", ""PreciseDateTimeField"", ""DateTimeFieldType"", ""BaseDurationField"", ""DurationFieldType"", ""TestPreciseDateTimeField$MockCountingDurationField""]","[0.021408839779005526, 0.017691659646166806, 0.013479359730412805, 0.012422360248447204, 0.010093727469358327, 0.009157509157509158]","[2.5476519337016574, 2.2350463352990735, 1.2468407750631845, 2.4569653948535937, 0.4297043979812545, 0.4340659340659341]"
org.joda.time.field.TestPreciseDateTimeField.test_getAsShortText_long,0.021408839779005526,0.014042242671816635,0.009157509157509158,0.08425345603089981,0.012870222252279833,0.013427979551486889,0.004281301345646878,2.5476519337016574,1.5583791284941162,0.4297043979812545,9.350274770964697,0.8982105636522716,1.2172889893682157,0.9017611862442967,"[""TestPreciseDateTimeField"", ""TestPreciseDateTimeField$MockPreciseDateTimeField"", ""BaseDateTimeField"", ""PreciseDateTimeField"", ""DateTimeFieldType"", ""BaseDurationField"", ""DurationFieldType"", ""TestPreciseDateTimeField$MockCountingDurationField""]","[0.021408839779005526, 0.017691659646166806, 0.013479359730412805, 0.012422360248447204, 0.010093727469358327, 0.009157509157509158]","[2.5476519337016574, 2.2350463352990735, 1.2468407750631845, 2.4569653948535937, 0.4297043979812545, 0.4340659340659341]"
org.joda.time.field.TestPreciseDateTimeField.test_set_long_String,0.021408839779005526,0.014042242671816635,0.009157509157509158,0.08425345603089981,0.012870222252279833,0.013427979551486889,0.004281301345646878,2.5476519337016574,1.5583791284941162,0.4297043979812545,9.350274770964697,0.8982105636522716,1.2172889893682157,0.9017611862442967,"[""TestPreciseDateTimeField"", ""TestPreciseDateTimeField$MockPreciseDateTimeField"", ""BaseDateTimeField"", ""PreciseDateTimeField"", ""DateTimeFieldType"", ""BaseDurationField"", ""DurationFieldType"", ""TestPreciseDateTimeField$MockCountingDurationField""]","[0.021408839779005526, 0.017691659646166806, 0.013479359730412805, 0.012422360248447204, 0.010093727469358327, 0.009157509157509158]","[2.5476519337016574, 2.2350463352990735, 1.2468407750631845, 2.4569653948535937, 0.4297043979812545, 0.4340659340659341]"
org.joda.time.field.TestPreciseDateTimeField.test_getAsText_long_Locale,0.021408839779005526,0.014042242671816635,0.009157509157509158,0.08425345603089981,0.012870222252279833,0.013427979551486889,0.004281301345646878,2.5476519337016574,1.5583791284941162,0.4297043979812545,9.350274770964697,0.8982105636522716,1.2172889893682157,0.9017611862442967,"[""TestPreciseDateTimeField"", ""TestPreciseDateTimeField$MockPreciseDateTimeField"", ""BaseDateTimeField"", ""PreciseDateTimeField"", ""DateTimeFieldType"", ""BaseDurationField"", ""DurationFieldType"", ""TestPreciseDateTimeField$MockCountingDurationField""]","[0.021408839779005526, 0.017691659646166806, 0.013479359730412805, 0.012422360248447204, 0.010093727469358327, 0.009157509157509158]","[2.5476519337016574, 2.2350463352990735, 1.2468407750631845, 2.4569653948535937, 0.4297043979812545, 0.4340659340659341]"
org.joda.time.field.TestPreciseDateTimeField.test_getMaximumValue_long,0.021408839779005526,0.014042242671816635,0.009157509157509158,0.08425345603089981,0.012870222252279833,0.013427979551486889,0.004281301345646878,2.5476519337016574,1.5583791284941162,0.4297043979812545,9.350274770964697,0.8982105636522716,1.2172889893682157,0.9017611862442967,"[""TestPreciseDateTimeField"", ""TestPreciseDateTimeField$MockPreciseDateTimeField"", ""BaseDateTimeField"", ""PreciseDateTimeField"", ""DateTimeFieldType"", ""BaseDurationField"", ""DurationFieldType"", ""TestPreciseDateTimeField$MockCountingDurationField""]","[0.021408839779005526, 0.017691659646166806, 0.013479359730412805, 0.012422360248447204, 0.010093727469358327, 0.009157509157509158]","[2.5476519337016574, 2.2350463352990735, 1.2468407750631845, 2.4569653948535937, 0.4297043979812545, 0.4340659340659341]"
org.joda.time.field.TestPreciseDateTimeField.test_roundHalfEven_long,0.021408839779005526,0.014042242671816635,0.009157509157509158,0.08425345603089981,0.012870222252279833,0.013427979551486889,0.004281301345646878,2.5476519337016574,1.5583791284941162,0.4297043979812545,9.350274770964697,0.8982105636522716,1.2172889893682157,0.9017611862442967,"[""TestPreciseDateTimeField"", ""TestPreciseDateTimeField$MockPreciseDateTimeField"", ""BaseDateTimeField"", ""PreciseDateTimeField"", ""DateTimeFieldType"", ""BaseDurationField"", ""DurationFieldType"", ""TestPreciseDateTimeField$MockCountingDurationField""]","[0.021408839779005526, 0.017691659646166806, 0.013479359730412805, 0.012422360248447204, 0.010093727469358327, 0.009157509157509158]","[2.5476519337016574, 2.2350463352990735, 1.2468407750631845, 2.4569653948535937, 0.4297043979812545, 0.4340659340659341]"
org.joda.time.field.TestPreciseDateTimeField.test_isLeap_long,0.021408839779005526,0.014042242671816635,0.009157509157509158,0.08425345603089981,0.012870222252279833,0.013427979551486889,0.004281301345646878,2.5476519337016574,1.5583791284941162,0.4297043979812545,9.350274770964697,0.8982105636522716,1.2172889893682157,0.9017611862442967,"[""TestPreciseDateTimeField"", ""TestPreciseDateTimeField$MockPreciseDateTimeField"", ""BaseDateTimeField"", ""PreciseDateTimeField"", ""DateTimeFieldType"", ""BaseDurationField"", ""DurationFieldType"", ""TestPreciseDateTimeField$MockCountingDurationField""]","[0.021408839779005526, 0.017691659646166806, 0.013479359730412805, 0.012422360248447204, 0.010093727469358327, 0.009157509157509158]","[2.5476519337016574, 2.2350463352990735, 1.2468407750631845, 2.4569653948535937, 0.4297043979812545, 0.4340659340659341]"
org.joda.time.field.TestPreciseDateTimeField.test_addWrapField_long_int,0.021408839779005526,0.014042242671816635,0.009157509157509158,0.08425345603089981,0.012870222252279833,0.013427979551486889,0.004281301345646878,2.5476519337016574,1.5583791284941162,0.4297043979812545,9.350274770964697,0.8982105636522716,1.2172889893682157,0.9017611862442967,"[""TestPreciseDateTimeField"", ""TestPreciseDateTimeField$MockPreciseDateTimeField"", ""BaseDateTimeField"", ""PreciseDateTimeField"", ""DateTimeFieldType"", ""BaseDurationField"", ""DurationFieldType"", ""TestPreciseDateTimeField$MockCountingDurationField""]","[0.021408839779005526, 0.017691659646166806, 0.013479359730412805, 0.012422360248447204, 0.010093727469358327, 0.009157509157509158]","[2.5476519337016574, 2.2350463352990735, 1.2468407750631845, 2.4569653948535937, 0.4297043979812545, 0.4340659340659341]"
org.joda.time.field.TestPreciseDateTimeField.test_roundHalfFloor_long,0.021408839779005526,0.014042242671816635,0.009157509157509158,0.08425345603089981,0.012870222252279833,0.013427979551486889,0.004281301345646878,2.5476519337016574,1.5583791284941162,0.4297043979812545,9.350274770964697,0.8982105636522716,1.2172889893682157,0.9017611862442967,"[""TestPreciseDateTimeField"", ""TestPreciseDateTimeField$MockPreciseDateTimeField"", ""BaseDateTimeField"", ""PreciseDateTimeField"", ""DateTimeFieldType"", ""BaseDurationField"", ""DurationFieldType"", ""TestPreciseDateTimeField$MockCountingDurationField""]","[0.021408839779005526, 0.017691659646166806, 0.013479359730412805, 0.012422360248447204, 0.010093727469358327, 0.009157509157509158]","[2.5476519337016574, 2.2350463352990735, 1.2468407750631845, 2.4569653948535937, 0.4297043979812545, 0.4340659340659341]"
org.joda.time.field.TestPreciseDateTimeField.test_convertText,0.021408839779005526,0.014042242671816635,0.009157509157509158,0.08425345603089981,0.012870222252279833,0.013427979551486889,0.004281301345646878,2.5476519337016574,1.5583791284941162,0.4297043979812545,9.350274770964697,0.8982105636522716,1.2172889893682157,0.9017611862442967,"[""TestPreciseDateTimeField"", ""TestPreciseDateTimeField$MockPreciseDateTimeField"", ""BaseDateTimeField"", ""PreciseDateTimeField"", ""DateTimeFieldType"", ""BaseDurationField"", ""DurationFieldType"", ""TestPreciseDateTimeField$MockCountingDurationField""]","[0.021408839779005526, 0.017691659646166806, 0.013479359730412805, 0.012422360248447204, 0.010093727469358327, 0.009157509157509158]","[2.5476519337016574, 2.2350463352990735, 1.2468407750631845, 2.4569653948535937, 0.4297043979812545, 0.4340659340659341]"
org.joda.time.field.TestPreciseDateTimeField.test_getLeapDurationField,0.021408839779005526,0.014042242671816635,0.009157509157509158,0.08425345603089981,0.012870222252279833,0.013427979551486889,0.004281301345646878,2.5476519337016574,1.5583791284941162,0.4297043979812545,9.350274770964697,0.8982105636522716,1.2172889893682157,0.9017611862442967,"[""TestPreciseDateTimeField"", ""TestPreciseDateTimeField$MockPreciseDateTimeField"", ""BaseDateTimeField"", ""PreciseDateTimeField"", ""DateTimeFieldType"", ""BaseDurationField"", ""DurationFieldType"", ""TestPreciseDateTimeField$MockCountingDurationField""]","[0.021408839779005526, 0.017691659646166806, 0.013479359730412805, 0.012422360248447204, 0.010093727469358327, 0.009157509157509158]","[2.5476519337016574, 2.2350463352990735, 1.2468407750631845, 2.4569653948535937, 0.4297043979812545, 0.4340659340659341]"
org.joda.time.field.TestPreciseDateTimeField.test_getMaximumTextLength_Locale,0.021408839779005526,0.014042242671816635,0.009157509157509158,0.08425345603089981,0.012870222252279833,0.013427979551486889,0.004281301345646878,2.5476519337016574,1.5583791284941162,0.4297043979812545,9.350274770964697,0.8982105636522716,1.2172889893682157,0.9017611862442967,"[""TestPreciseDateTimeField"", ""TestPreciseDateTimeField$MockPreciseDateTimeField"", ""BaseDateTimeField"", ""PreciseDateTimeField"", ""DateTimeFieldType"", ""BaseDurationField"", ""DurationFieldType"", ""TestPreciseDateTimeField$MockCountingDurationField""]","[0.021408839779005526, 0.017691659646166806, 0.013479359730412805, 0.012422360248447204, 0.010093727469358327, 0.009157509157509158]","[2.5476519337016574, 2.2350463352990735, 1.2468407750631845, 2.4569653948535937, 0.4297043979812545, 0.4340659340659341]"
org.joda.time.field.TestPreciseDateTimeField.test_add_long_long,0.021408839779005526,0.014042242671816635,0.009157509157509158,0.08425345603089981,0.012870222252279833,0.013427979551486889,0.004281301345646878,2.5476519337016574,1.5583791284941162,0.4297043979812545,9.350274770964697,0.8982105636522716,1.2172889893682157,0.9017611862442967,"[""TestPreciseDateTimeField"", ""TestPreciseDateTimeField$MockPreciseDateTimeField"", ""BaseDateTimeField"", ""PreciseDateTimeField"", ""DateTimeFieldType"", ""BaseDurationField"", ""DurationFieldType"", ""TestPreciseDateTimeField$MockCountingDurationField""]","[0.021408839779005526, 0.017691659646166806, 0.013479359730412805, 0.012422360248447204, 0.010093727469358327, 0.009157509157509158]","[2.5476519337016574, 2.2350463352990735, 1.2468407750631845, 2.4569653948535937, 0.4297043979812545, 0.4340659340659341]"
org.joda.time.field.TestPreciseDateTimeField.test_getAsText_long,0.021408839779005526,0.014042242671816635,0.009157509157509158,0.08425345603089981,0.012870222252279833,0.013427979551486889,0.004281301345646878,2.5476519337016574,1.5583791284941162,0.4297043979812545,9.350274770964697,0.8982105636522716,1.2172889893682157,0.9017611862442967,"[""TestPreciseDateTimeField"", ""TestPreciseDateTimeField$MockPreciseDateTimeField"", ""BaseDateTimeField"", ""PreciseDateTimeField"", ""DateTimeFieldType"", ""BaseDurationField"", ""DurationFieldType"", ""TestPreciseDateTimeField$MockCountingDurationField""]","[0.021408839779005526, 0.017691659646166806, 0.013479359730412805, 0.012422360248447204, 0.010093727469358327, 0.009157509157509158]","[2.5476519337016574, 2.2350463352990735, 1.2468407750631845, 2.4569653948535937, 0.4297043979812545, 0.4340659340659341]"
org.joda.time.field.TestPreciseDateTimeField.test_getLeapAmount_long,0.021408839779005526,0.014042242671816635,0.009157509157509158,0.08425345603089981,0.012870222252279833,0.013427979551486889,0.004281301345646878,2.5476519337016574,1.5583791284941162,0.4297043979812545,9.350274770964697,0.8982105636522716,1.2172889893682157,0.9017611862442967,"[""TestPreciseDateTimeField"", ""TestPreciseDateTimeField$MockPreciseDateTimeField"", ""BaseDateTimeField"", ""PreciseDateTimeField"", ""DateTimeFieldType"", ""BaseDurationField"", ""DurationFieldType"", ""TestPreciseDateTimeField$MockCountingDurationField""]","[0.021408839779005526, 0.017691659646166806, 0.013479359730412805, 0.012422360248447204, 0.010093727469358327, 0.009157509157509158]","[2.5476519337016574, 2.2350463352990735, 1.2468407750631845, 2.4569653948535937, 0.4297043979812545, 0.4340659340659341]"
org.joda.time.field.TestPreciseDateTimeField.test_getMaximumValue,0.021408839779005526,0.014042242671816635,0.009157509157509158,0.08425345603089981,0.012870222252279833,0.013427979551486889,0.004281301345646878,2.5476519337016574,1.5583791284941162,0.4297043979812545,9.350274770964697,0.8982105636522716,1.2172889893682157,0.9017611862442967,"[""TestPreciseDateTimeField"", ""TestPreciseDateTimeField$MockPreciseDateTimeField"", ""BaseDateTimeField"", ""PreciseDateTimeField"", ""DateTimeFieldType"", ""BaseDurationField"", ""DurationFieldType"", ""TestPreciseDateTimeField$MockCountingDurationField""]","[0.021408839779005526, 0.017691659646166806, 0.013479359730412805, 0.012422360248447204, 0.010093727469358327, 0.009157509157509158]","[2.5476519337016574, 2.2350463352990735, 1.2468407750631845, 2.4569653948535937, 0.4297043979812545, 0.4340659340659341]"
org.joda.time.field.TestPreciseDateTimeField.test_getMaximumShortTextLength_Locale,0.021408839779005526,0.014042242671816635,0.009157509157509158,0.08425345603089981,0.012870222252279833,0.013427979551486889,0.004281301345646878,2.5476519337016574,1.5583791284941162,0.4297043979812545,9.350274770964697,0.8982105636522716,1.2172889893682157,0.9017611862442967,"[""TestPreciseDateTimeField"", ""TestPreciseDateTimeField$MockPreciseDateTimeField"", ""BaseDateTimeField"", ""PreciseDateTimeField"", ""DateTimeFieldType"", ""BaseDurationField"", ""DurationFieldType"", ""TestPreciseDateTimeField$MockCountingDurationField""]","[0.021408839779005526, 0.017691659646166806, 0.013479359730412805, 0.012422360248447204, 0.010093727469358327, 0.009157509157509158]","[2.5476519337016574, 2.2350463352990735, 1.2468407750631845, 2.4569653948535937, 0.4297043979812545, 0.4340659340659341]"
org.joda.time.field.TestPreciseDateTimeField.test_roundFloor_long,0.021408839779005526,0.014042242671816635,0.009157509157509158,0.08425345603089981,0.012870222252279833,0.013427979551486889,0.004281301345646878,2.5476519337016574,1.5583791284941162,0.4297043979812545,9.350274770964697,0.8982105636522716,1.2172889893682157,0.9017611862442967,"[""TestPreciseDateTimeField"", ""TestPreciseDateTimeField$MockPreciseDateTimeField"", ""BaseDateTimeField"", ""PreciseDateTimeField"", ""DateTimeFieldType"", ""BaseDurationField"", ""DurationFieldType"", ""TestPreciseDateTimeField$MockCountingDurationField""]","[0.021408839779005526, 0.017691659646166806, 0.013479359730412805, 0.012422360248447204, 0.010093727469358327, 0.009157509157509158]","[2.5476519337016574, 2.2350463352990735, 1.2468407750631845, 2.4569653948535937, 0.4297043979812545, 0.4340659340659341]"
org.joda.time.field.TestPreciseDateTimeField.test_getAsShortText_long_Locale,0.021408839779005526,0.014042242671816635,0.009157509157509158,0.08425345603089981,0.012870222252279833,0.013427979551486889,0.004281301345646878,2.5476519337016574,1.5583791284941162,0.4297043979812545,9.350274770964697,0.8982105636522716,1.2172889893682157,0.9017611862442967,"[""TestPreciseDateTimeField"", ""TestPreciseDateTimeField$MockPreciseDateTimeField"", ""BaseDateTimeField"", ""PreciseDateTimeField"", ""DateTimeFieldType"", ""BaseDurationField"", ""DurationFieldType"", ""TestPreciseDateTimeField$MockCountingDurationField""]","[0.021408839779005526, 0.017691659646166806, 0.013479359730412805, 0.012422360248447204, 0.010093727469358327, 0.009157509157509158]","[2.5476519337016574, 2.2350463352990735, 1.2468407750631845, 2.4569653948535937, 0.4297043979812545, 0.4340659340659341]"
org.joda.time.field.TestPreciseDateTimeField.test_getDifference_long_long,0.021408839779005526,0.014042242671816635,0.009157509157509158,0.08425345603089981,0.012870222252279833,0.013427979551486889,0.004281301345646878,2.5476519337016574,1.5583791284941162,0.4297043979812545,9.350274770964697,0.8982105636522716,1.2172889893682157,0.9017611862442967,"[""TestPreciseDateTimeField"", ""TestPreciseDateTimeField$MockPreciseDateTimeField"", ""BaseDateTimeField"", ""PreciseDateTimeField"", ""DateTimeFieldType"", ""BaseDurationField"", ""DurationFieldType"", ""TestPreciseDateTimeField$MockCountingDurationField""]","[0.021408839779005526, 0.017691659646166806, 0.013479359730412805, 0.012422360248447204, 0.010093727469358327, 0.009157509157509158]","[2.5476519337016574, 2.2350463352990735, 1.2468407750631845, 2.4569653948535937, 0.4297043979812545, 0.4340659340659341]"
org.joda.time.field.TestPreciseDateTimeField.test_roundCeiling_long,0.021408839779005526,0.014042242671816635,0.009157509157509158,0.08425345603089981,0.012870222252279833,0.013427979551486889,0.004281301345646878,2.5476519337016574,1.5583791284941162,0.4297043979812545,9.350274770964697,0.8982105636522716,1.2172889893682157,0.9017611862442967,"[""TestPreciseDateTimeField"", ""TestPreciseDateTimeField$MockPreciseDateTimeField"", ""BaseDateTimeField"", ""PreciseDateTimeField"", ""DateTimeFieldType"", ""BaseDurationField"", ""DurationFieldType"", ""TestPreciseDateTimeField$MockCountingDurationField""]","[0.021408839779005526, 0.017691659646166806, 0.013479359730412805, 0.012422360248447204, 0.010093727469358327, 0.009157509157509158]","[2.5476519337016574, 2.2350463352990735, 1.2468407750631845, 2.4569653948535937, 0.4297043979812545, 0.4340659340659341]"
org.joda.time.field.TestPreciseDateTimeField.test_isSupported,0.021408839779005526,0.014042242671816635,0.009157509157509158,0.08425345603089981,0.012870222252279833,0.013427979551486889,0.004281301345646878,2.5476519337016574,1.5583791284941162,0.4297043979812545,9.350274770964697,0.8982105636522716,1.2172889893682157,0.9017611862442967,"[""TestPreciseDateTimeField"", ""TestPreciseDateTimeField$MockPreciseDateTimeField"", ""BaseDateTimeField"", ""PreciseDateTimeField"", ""DateTimeFieldType"", ""BaseDurationField"", ""DurationFieldType"", ""TestPreciseDateTimeField$MockCountingDurationField""]","[0.021408839779005526, 0.017691659646166806, 0.013479359730412805, 0.012422360248447204, 0.010093727469358327, 0.009157509157509158]","[2.5476519337016574, 2.2350463352990735, 1.2468407750631845, 2.4569653948535937, 0.4297043979812545, 0.4340659340659341]"
org.joda.time.field.TestPreciseDateTimeField.test_getAsText_int_Locale,0.021408839779005526,0.014042242671816635,0.009157509157509158,0.08425345603089981,0.012870222252279833,0.013427979551486889,0.004281301345646878,2.5476519337016574,1.5583791284941162,0.4297043979812545,9.350274770964697,0.8982105636522716,1.2172889893682157,0.9017611862442967,"[""TestPreciseDateTimeField"", ""TestPreciseDateTimeField$MockPreciseDateTimeField"", ""BaseDateTimeField"", ""PreciseDateTimeField"", ""DateTimeFieldType"", ""BaseDurationField"", ""DurationFieldType"", ""TestPreciseDateTimeField$MockCountingDurationField""]","[0.021408839779005526, 0.017691659646166806, 0.013479359730412805, 0.012422360248447204, 0.010093727469358327, 0.009157509157509158]","[2.5476519337016574, 2.2350463352990735, 1.2468407750631845, 2.4569653948535937, 0.4297043979812545, 0.4340659340659341]"
org.joda.time.field.TestPreciseDateTimeField.test_getMinimumValue,0.021408839779005526,0.014042242671816635,0.009157509157509158,0.08425345603089981,0.012870222252279833,0.013427979551486889,0.004281301345646878,2.5476519337016574,1.5583791284941162,0.4297043979812545,9.350274770964697,0.8982105636522716,1.2172889893682157,0.9017611862442967,"[""TestPreciseDateTimeField"", ""TestPreciseDateTimeField$MockPreciseDateTimeField"", ""BaseDateTimeField"", ""PreciseDateTimeField"", ""DateTimeFieldType"", ""BaseDurationField"", ""DurationFieldType"", ""TestPreciseDateTimeField$MockCountingDurationField""]","[0.021408839779005526, 0.017691659646166806, 0.013479359730412805, 0.012422360248447204, 0.010093727469358327, 0.009157509157509158]","[2.5476519337016574, 2.2350463352990735, 1.2468407750631845, 2.4569653948535937, 0.4297043979812545, 0.4340659340659341]"
org.joda.time.field.TestPreciseDateTimeField.test_getAsShortText_int_Locale,0.021408839779005526,0.014042242671816635,0.009157509157509158,0.08425345603089981,0.012870222252279833,0.013427979551486889,0.004281301345646878,2.5476519337016574,1.5583791284941162,0.4297043979812545,9.350274770964697,0.8982105636522716,1.2172889893682157,0.9017611862442967,"[""TestPreciseDateTimeField"", ""TestPreciseDateTimeField$MockPreciseDateTimeField"", ""BaseDateTimeField"", ""PreciseDateTimeField"", ""DateTimeFieldType"", ""BaseDurationField"", ""DurationFieldType"", ""TestPreciseDateTimeField$MockCountingDurationField""]","[0.021408839779005526, 0.017691659646166806, 0.013479359730412805, 0.012422360248447204, 0.010093727469358327, 0.009157509157509158]","[2.5476519337016574, 2.2350463352990735, 1.2468407750631845, 2.4569653948535937, 0.4297043979812545, 0.4340659340659341]"
org.joda.time.field.TestPreciseDateTimeField.test_add_long_int,0.021408839779005526,0.014042242671816635,0.009157509157509158,0.08425345603089981,0.012870222252279833,0.013427979551486889,0.004281301345646878,2.5476519337016574,1.5583791284941162,0.4297043979812545,9.350274770964697,0.8982105636522716,1.2172889893682157,0.9017611862442967,"[""TestPreciseDateTimeField"", ""TestPreciseDateTimeField$MockPreciseDateTimeField"", ""BaseDateTimeField"", ""PreciseDateTimeField"", ""DateTimeFieldType"", ""BaseDurationField"", ""DurationFieldType"", ""TestPreciseDateTimeField$MockCountingDurationField""]","[0.021408839779005526, 0.017691659646166806, 0.013479359730412805, 0.012422360248447204, 0.010093727469358327, 0.009157509157509158]","[2.5476519337016574, 2.2350463352990735, 1.2468407750631845, 2.4569653948535937, 0.4297043979812545, 0.4340659340659341]"
org.joda.time.field.TestPreciseDateTimeField.test_getDifferenceAsLong_long_long,0.021408839779005526,0.014042242671816635,0.009157509157509158,0.08425345603089981,0.012870222252279833,0.013427979551486889,0.004281301345646878,2.5476519337016574,1.5583791284941162,0.4297043979812545,9.350274770964697,0.8982105636522716,1.2172889893682157,0.9017611862442967,"[""TestPreciseDateTimeField"", ""TestPreciseDateTimeField$MockPreciseDateTimeField"", ""BaseDateTimeField"", ""PreciseDateTimeField"", ""DateTimeFieldType"", ""BaseDurationField"", ""DurationFieldType"", ""TestPreciseDateTimeField$MockCountingDurationField""]","[0.021408839779005526, 0.017691659646166806, 0.013479359730412805, 0.012422360248447204, 0.010093727469358327, 0.009157509157509158]","[2.5476519337016574, 2.2350463352990735, 1.2468407750631845, 2.4569653948535937, 0.4297043979812545, 0.4340659340659341]"
org.joda.time.field.TestPreciseDateTimeField.test_remainder_long,0.021408839779005526,0.014042242671816635,0.009157509157509158,0.08425345603089981,0.012870222252279833,0.013427979551486889,0.004281301345646878,2.5476519337016574,1.5583791284941162,0.4297043979812545,9.350274770964697,0.8982105636522716,1.2172889893682157,0.9017611862442967,"[""TestPreciseDateTimeField"", ""TestPreciseDateTimeField$MockPreciseDateTimeField"", ""BaseDateTimeField"", ""PreciseDateTimeField"", ""DateTimeFieldType"", ""BaseDurationField"", ""DurationFieldType"", ""TestPreciseDateTimeField$MockCountingDurationField""]","[0.021408839779005526, 0.017691659646166806, 0.013479359730412805, 0.012422360248447204, 0.010093727469358327, 0.009157509157509158]","[2.5476519337016574, 2.2350463352990735, 1.2468407750631845, 2.4569653948535937, 0.4297043979812545, 0.4340659340659341]"
org.joda.time.field.TestPreciseDateTimeField.test_getMinimumValue_long,0.021408839779005526,0.014042242671816635,0.009157509157509158,0.08425345603089981,0.012870222252279833,0.013427979551486889,0.004281301345646878,2.5476519337016574,1.5583791284941162,0.4297043979812545,9.350274770964697,0.8982105636522716,1.2172889893682157,0.9017611862442967,"[""TestPreciseDateTimeField"", ""TestPreciseDateTimeField$MockPreciseDateTimeField"", ""BaseDateTimeField"", ""PreciseDateTimeField"", ""DateTimeFieldType"", ""BaseDurationField"", ""DurationFieldType"", ""TestPreciseDateTimeField$MockCountingDurationField""]","[0.021408839779005526, 0.017691659646166806, 0.013479359730412805, 0.012422360248447204, 0.010093727469358327, 0.009157509157509158]","[2.5476519337016574, 2.2350463352990735, 1.2468407750631845, 2.4569653948535937, 0.4297043979812545, 0.4340659340659341]"
org.joda.time.chrono.TestEthiopicChronology.testSampleDate,0.041970802919708027,0.02101445992382447,0.010378510378510378,0.08405783969529788,0.016049839825039446,0.018087543775511708,0.012418004347968982,5.9939172749391725,2.7889626924456437,0.7197802197802198,11.155850769782575,1.4974911919531457,2.036145209201506,2.067396318754757,"[""TestEthiopicChronology"", ""DurationField"", ""DurationFieldType"", ""DateTime$Property"", ""DateTime""]","[0.041970802919708027, 0.018229166666666668, 0.013479359730412805, 0.010378510378510378]","[5.9939172749391725, 3.1953125, 1.2468407750631845, 0.7197802197802198]"
org.joda.time.TestMonthDay_Basics.testPlusMonths_int_fromLeap,0.044534412955465584,0.028010907861080736,0.015206812652068127,0.08403272358324221,0.023187292426889765,0.025432911195235185,0.012258399632102965,7.753036437246964,4.716245390755572,0.7195863746958637,14.148736172266714,1.7700724826113512,3.163748403027986,2.9505214041874495,"[""MonthDay"", ""TestMonthDay_Basics"", ""ISOChronology""]","[0.044534412955465584, 0.024291497975708502, 0.015206812652068127]","[7.753036437246964, 5.676113360323886, 0.7195863746958637]"
org.joda.time.TestMonthDay_Basics.testMinusMonths_int_fromLeap,0.044534412955465584,0.028010907861080736,0.015206812652068127,0.08403272358324221,0.023187292426889765,0.025432911195235185,0.012258399632102965,7.753036437246964,4.716245390755572,0.7195863746958637,14.148736172266714,1.7700724826113512,3.163748403027986,2.9505214041874495,"[""MonthDay"", ""TestMonthDay_Basics"", ""ISOChronology""]","[0.044534412955465584, 0.024291497975708502, 0.015206812652068127]","[7.753036437246964, 5.676113360323886, 0.7195863746958637]"
org.joda.time.TestMonthDay_Basics.testMinusDays_int_negativeFromLeap,0.044534412955465584,0.028010907861080736,0.015206812652068127,0.08403272358324221,0.023187292426889765,0.025432911195235185,0.012258399632102965,7.753036437246964,4.716245390755572,0.7195863746958637,14.148736172266714,1.7700724826113512,3.163748403027986,2.9505214041874495,"[""MonthDay"", ""TestMonthDay_Basics"", ""ISOChronology""]","[0.044534412955465584, 0.024291497975708502, 0.015206812652068127]","[7.753036437246964, 5.676113360323886, 0.7195863746958637]"
org.joda.time.TestMonthDay_Basics.testPlusDays_int_negativeFromLeap,0.044534412955465584,0.028010907861080736,0.015206812652068127,0.08403272358324221,0.023187292426889765,0.025432911195235185,0.012258399632102965,7.753036437246964,4.716245390755572,0.7195863746958637,14.148736172266714,1.7700724826113512,3.163748403027986,2.9505214041874495,"[""MonthDay"", ""TestMonthDay_Basics"", ""ISOChronology""]","[0.044534412955465584, 0.024291497975708502, 0.015206812652068127]","[7.753036437246964, 5.676113360323886, 0.7195863746958637]"
org.joda.time.TestMonthDay_Basics.testPlusMonths_int_negativeFromLeap,0.044534412955465584,0.028010907861080736,0.015206812652068127,0.08403272358324221,0.023187292426889765,0.025432911195235185,0.012258399632102965,7.753036437246964,4.716245390755572,0.7195863746958637,14.148736172266714,1.7700724826113512,3.163748403027986,2.9505214041874495,"[""MonthDay"", ""TestMonthDay_Basics"", ""ISOChronology""]","[0.044534412955465584, 0.024291497975708502, 0.015206812652068127]","[7.753036437246964, 5.676113360323886, 0.7195863746958637]"
org.joda.time.TestMonthDay_Basics.testMinusDays_int_fromLeap,0.044534412955465584,0.028010907861080736,0.015206812652068127,0.08403272358324221,0.023187292426889765,0.025432911195235185,0.012258399632102965,7.753036437246964,4.716245390755572,0.7195863746958637,14.148736172266714,1.7700724826113512,3.163748403027986,2.9505214041874495,"[""MonthDay"", ""TestMonthDay_Basics"", ""ISOChronology""]","[0.044534412955465584, 0.024291497975708502, 0.015206812652068127]","[7.753036437246964, 5.676113360323886, 0.7195863746958637]"
org.joda.time.TestMonthDay_Basics.testPlusMonths_int_endOfMonthAdjust,0.044534412955465584,0.028010907861080736,0.015206812652068127,0.08403272358324221,0.023187292426889765,0.025432911195235185,0.012258399632102965,7.753036437246964,4.716245390755572,0.7195863746958637,14.148736172266714,1.7700724826113512,3.163748403027986,2.9505214041874495,"[""MonthDay"", ""TestMonthDay_Basics"", ""ISOChronology""]","[0.044534412955465584, 0.024291497975708502, 0.015206812652068127]","[7.753036437246964, 5.676113360323886, 0.7195863746958637]"
org.joda.time.TestMonthDay_Basics.testPlusMonths_int_negativeEndOfMonthAdjust,0.044534412955465584,0.028010907861080736,0.015206812652068127,0.08403272358324221,0.023187292426889765,0.025432911195235185,0.012258399632102965,7.753036437246964,4.716245390755572,0.7195863746958637,14.148736172266714,1.7700724826113512,3.163748403027986,2.9505214041874495,"[""MonthDay"", ""TestMonthDay_Basics"", ""ISOChronology""]","[0.044534412955465584, 0.024291497975708502, 0.015206812652068127]","[7.753036437246964, 5.676113360323886, 0.7195863746958637]"
org.joda.time.TestMonthDay_Basics.testPlusDays_int_fromLeap,0.044534412955465584,0.028010907861080736,0.015206812652068127,0.08403272358324221,0.023187292426889765,0.025432911195235185,0.012258399632102965,7.753036437246964,4.716245390755572,0.7195863746958637,14.148736172266714,1.7700724826113512,3.163748403027986,2.9505214041874495,"[""MonthDay"", ""TestMonthDay_Basics"", ""ISOChronology""]","[0.044534412955465584, 0.024291497975708502, 0.015206812652068127]","[7.753036437246964, 5.676113360323886, 0.7195863746958637]"
org.joda.time.TestMonthDay_Basics.testMinusMonths_int_negativeFromLeap,0.044534412955465584,0.028010907861080736,0.015206812652068127,0.08403272358324221,0.023187292426889765,0.025432911195235185,0.012258399632102965,7.753036437246964,4.716245390755572,0.7195863746958637,14.148736172266714,1.7700724826113512,3.163748403027986,2.9505214041874495,"[""MonthDay"", ""TestMonthDay_Basics"", ""ISOChronology""]","[0.044534412955465584, 0.024291497975708502, 0.015206812652068127]","[7.753036437246964, 5.676113360323886, 0.7195863746958637]"
org.joda.time.TestMonthDay_Basics.testMinusMonths_int_negativeEndOfMonthAdjust,0.044534412955465584,0.028010907861080736,0.015206812652068127,0.08403272358324221,0.023187292426889765,0.025432911195235185,0.012258399632102965,7.753036437246964,4.716245390755572,0.7195863746958637,14.148736172266714,1.7700724826113512,3.163748403027986,2.9505214041874495,"[""MonthDay"", ""TestMonthDay_Basics"", ""ISOChronology""]","[0.044534412955465584, 0.024291497975708502, 0.015206812652068127]","[7.753036437246964, 5.676113360323886, 0.7195863746958637]"
org.joda.time.TestMonthDay_Basics.testMinusMonths_int_endOfMonthAdjust,0.044534412955465584,0.028010907861080736,0.015206812652068127,0.08403272358324221,0.023187292426889765,0.025432911195235185,0.012258399632102965,7.753036437246964,4.716245390755572,0.7195863746958637,14.148736172266714,1.7700724826113512,3.163748403027986,2.9505214041874495,"[""MonthDay"", ""TestMonthDay_Basics"", ""ISOChronology""]","[0.044534412955465584, 0.024291497975708502, 0.015206812652068127]","[7.753036437246964, 5.676113360323886, 0.7195863746958637]"
org.joda.time.TestStringConvert.testLocalDateTime,0.061377245508982034,0.041988057782739605,0.022598870056497175,0.08397611556547921,0.03303454527142713,0.03724320603389577,0.01938918772624243,11.95808383233533,6.583561690178964,1.2090395480225988,13.167123380357928,2.196044778228552,3.802340893694706,5.374522142156366,"[""StringConvert"", ""TestStringConvert"", ""LocalDateTime""]","[0.061377245508982034, 0.022598870056497175]","[11.95808383233533, 1.2090395480225988]"
org.joda.time.format.TestDateTimeFormatterBuilder.test_append_Printer,0.04440389294403893,0.02798053527980535,0.01338199513381995,0.08394160583941605,0.02214342789934677,0.02495568636787905,0.01273020044796615,8.052311435523114,3.960867802108678,1.2706812652068127,11.882603406326034,2.3044098169502525,2.9696848911644445,2.9405518789994964,"[""DateTimeFormatterBuilder"", ""DateTimeFormatter"", ""TestDateTimeFormatterBuilder""]","[0.04440389294403893, 0.026155717761557177, 0.01338199513381995]","[8.052311435523114, 2.559610705596107, 1.2706812652068127]"
org.joda.time.format.TestDateTimeFormatterBuilder.test_appendOptional_Parser,0.04440389294403893,0.02798053527980535,0.01338199513381995,0.08394160583941605,0.02214342789934677,0.02495568636787905,0.01273020044796615,8.052311435523114,3.960867802108678,1.2706812652068127,11.882603406326034,2.3044098169502525,2.9696848911644445,2.9405518789994964,"[""DateTimeFormatterBuilder"", ""DateTimeFormatter"", ""TestDateTimeFormatterBuilder""]","[0.04440389294403893, 0.026155717761557177, 0.01338199513381995]","[8.052311435523114, 2.559610705596107, 1.2706812652068127]"
org.joda.time.format.TestDateTimeFormatterBuilder.test_append_Formatter,0.04440389294403893,0.02798053527980535,0.01338199513381995,0.08394160583941605,0.02214342789934677,0.02495568636787905,0.01273020044796615,8.052311435523114,3.960867802108678,1.2706812652068127,11.882603406326034,2.3044098169502525,2.9696848911644445,2.9405518789994964,"[""DateTimeFormatterBuilder"", ""DateTimeFormatter"", ""TestDateTimeFormatterBuilder""]","[0.04440389294403893, 0.026155717761557177, 0.01338199513381995]","[8.052311435523114, 2.559610705596107, 1.2706812652068127]"
org.joda.time.format.TestDateTimeFormatterBuilder.test_append_Parser,0.04440389294403893,0.02798053527980535,0.01338199513381995,0.08394160583941605,0.02214342789934677,0.02495568636787905,0.01273020044796615,8.052311435523114,3.960867802108678,1.2706812652068127,11.882603406326034,2.3044098169502525,2.9696848911644445,2.9405518789994964,"[""DateTimeFormatterBuilder"", ""DateTimeFormatter"", ""TestDateTimeFormatterBuilder""]","[0.04440389294403893, 0.026155717761557177, 0.01338199513381995]","[8.052311435523114, 2.559610705596107, 1.2706812652068127]"
org.joda.time.field.TestOffsetDateTimeField.test_getAsText_RP_Locale,0.04654346338124572,0.02098453803621808,0.009732360097323601,0.08393815214487232,0.014799412003193688,0.01711469628188473,0.014882846673497692,4.317590691307323,1.9476855697192292,0.6788321167883211,7.790742278876917,1.1184412892772804,1.4463128810387997,1.4790882391795437,"[""TestOffsetDateTimeField"", ""TimeOfDay"", ""ISOChronology"", ""TestOffsetDateTimeField$MockOffsetDateTimeField"", ""OffsetDateTimeField""]","[0.04654346338124572, 0.015206812652068127, 0.012455516014234875, 0.009732360097323601]","[4.317590691307323, 0.7195863746958637, 2.074733096085409, 0.6788321167883211]"
org.joda.time.field.TestOffsetDateTimeField.test_getMaximumValue_RP_intarray,0.04654346338124572,0.02098453803621808,0.009732360097323601,0.08393815214487232,0.014799412003193688,0.01711469628188473,0.014882846673497692,4.317590691307323,1.9476855697192292,0.6788321167883211,7.790742278876917,1.1184412892772804,1.4463128810387997,1.4790882391795437,"[""TestOffsetDateTimeField"", ""TimeOfDay"", ""ISOChronology"", ""TestOffsetDateTimeField$MockOffsetDateTimeField"", ""OffsetDateTimeField""]","[0.04654346338124572, 0.015206812652068127, 0.012455516014234875, 0.009732360097323601]","[4.317590691307323, 0.7195863746958637, 2.074733096085409, 0.6788321167883211]"
org.joda.time.field.TestOffsetDateTimeField.test_getMaximumValue_RP,0.04654346338124572,0.02098453803621808,0.009732360097323601,0.08393815214487232,0.014799412003193688,0.01711469628188473,0.014882846673497692,4.317590691307323,1.9476855697192292,0.6788321167883211,7.790742278876917,1.1184412892772804,1.4463128810387997,1.4790882391795437,"[""TestOffsetDateTimeField"", ""TimeOfDay"", ""ISOChronology"", ""TestOffsetDateTimeField$MockOffsetDateTimeField"", ""OffsetDateTimeField""]","[0.04654346338124572, 0.015206812652068127, 0.012455516014234875, 0.009732360097323601]","[4.317590691307323, 0.7195863746958637, 2.074733096085409, 0.6788321167883211]"
org.joda.time.field.TestOffsetDateTimeField.test_getAsText_RP_int_Locale,0.04654346338124572,0.02098453803621808,0.009732360097323601,0.08393815214487232,0.014799412003193688,0.01711469628188473,0.014882846673497692,4.317590691307323,1.9476855697192292,0.6788321167883211,7.790742278876917,1.1184412892772804,1.4463128810387997,1.4790882391795437,"[""TestOffsetDateTimeField"", ""TimeOfDay"", ""ISOChronology"", ""TestOffsetDateTimeField$MockOffsetDateTimeField"", ""OffsetDateTimeField""]","[0.04654346338124572, 0.015206812652068127, 0.012455516014234875, 0.009732360097323601]","[4.317590691307323, 0.7195863746958637, 2.074733096085409, 0.6788321167883211]"
org.joda.time.field.TestOffsetDateTimeField.test_getMinimumValue_RP,0.04654346338124572,0.02098453803621808,0.009732360097323601,0.08393815214487232,0.014799412003193688,0.01711469628188473,0.014882846673497692,4.317590691307323,1.9476855697192292,0.6788321167883211,7.790742278876917,1.1184412892772804,1.4463128810387997,1.4790882391795437,"[""TestOffsetDateTimeField"", ""TimeOfDay"", ""ISOChronology"", ""TestOffsetDateTimeField$MockOffsetDateTimeField"", ""OffsetDateTimeField""]","[0.04654346338124572, 0.015206812652068127, 0.012455516014234875, 0.009732360097323601]","[4.317590691307323, 0.7195863746958637, 2.074733096085409, 0.6788321167883211]"
org.joda.time.field.TestOffsetDateTimeField.test_getMinimumValue_RP_intarray,0.04654346338124572,0.02098453803621808,0.009732360097323601,0.08393815214487232,0.014799412003193688,0.01711469628188473,0.014882846673497692,4.317590691307323,1.9476855697192292,0.6788321167883211,7.790742278876917,1.1184412892772804,1.4463128810387997,1.4790882391795437,"[""TestOffsetDateTimeField"", ""TimeOfDay"", ""ISOChronology"", ""TestOffsetDateTimeField$MockOffsetDateTimeField"", ""OffsetDateTimeField""]","[0.04654346338124572, 0.015206812652068127, 0.012455516014234875, 0.009732360097323601]","[4.317590691307323, 0.7195863746958637, 2.074733096085409, 0.6788321167883211]"
org.joda.time.field.TestOffsetDateTimeField.test_getAsShortText_RP_int_Locale,0.04654346338124572,0.02098453803621808,0.009732360097323601,0.08393815214487232,0.014799412003193688,0.01711469628188473,0.014882846673497692,4.317590691307323,1.9476855697192292,0.6788321167883211,7.790742278876917,1.1184412892772804,1.4463128810387997,1.4790882391795437,"[""TestOffsetDateTimeField"", ""TimeOfDay"", ""ISOChronology"", ""TestOffsetDateTimeField$MockOffsetDateTimeField"", ""OffsetDateTimeField""]","[0.04654346338124572, 0.015206812652068127, 0.012455516014234875, 0.009732360097323601]","[4.317590691307323, 0.7195863746958637, 2.074733096085409, 0.6788321167883211]"
org.joda.time.field.TestOffsetDateTimeField.test_getAsShortText_RP_Locale,0.04654346338124572,0.02098453803621808,0.009732360097323601,0.08393815214487232,0.014799412003193688,0.01711469628188473,0.014882846673497692,4.317590691307323,1.9476855697192292,0.6788321167883211,7.790742278876917,1.1184412892772804,1.4463128810387997,1.4790882391795437,"[""TestOffsetDateTimeField"", ""TimeOfDay"", ""ISOChronology"", ""TestOffsetDateTimeField$MockOffsetDateTimeField"", ""OffsetDateTimeField""]","[0.04654346338124572, 0.015206812652068127, 0.012455516014234875, 0.009732360097323601]","[4.317590691307323, 0.7195863746958637, 2.074733096085409, 0.6788321167883211]"
org.joda.time.TestDateTimeFieldType.test_other,0.02298095863427446,0.01398944333135923,0.007633587786259542,0.08393665998815539,0.011878648953412419,0.012912962879698018,0.0054142803214278085,2.2350463352990735,1.0207255867947398,0.09541984732824428,6.124353520768438,0.2624733558509481,0.5826252971038827,0.7660457698070575,"[""Constructor"", ""Byte"", ""ByteArrayOutputStream"", ""DateTimeFieldType"", ""ObjectInputStream"", ""DurationFieldType"", ""Class"", ""TestDateTimeFieldType"", ""ByteArrayInputStream"", ""CopticChronology"", ""ObjectOutputStream""]","[0.02298095863427446, 0.017691659646166806, 0.014517506404782237, 0.013479359730412805, 0.007633587786259542, 0.007633587786259542]","[0.8850952068286277, 2.2350463352990735, 1.5550811272416738, 1.2468407750631845, 0.09541984732824428, 0.10687022900763359]"
org.joda.time.chrono.TestCopticChronology.testSampleDate,0.041970802919708027,0.02097647803530078,0.010378510378510378,0.08390591214120312,0.016020204043660502,0.018049738608282687,0.012426694703489836,5.9939172749391725,2.5410795140356193,0.7197802197802198,10.164318056142477,1.4225046225288325,1.8555491438190899,2.063252574342496,"[""DurationField"", ""DurationFieldType"", ""TestCopticChronology"", ""DateTime$Property"", ""DateTime""]","[0.041970802919708027, 0.018077239112571898, 0.013479359730412805, 0.010378510378510378]","[5.9939172749391725, 2.2037797863599016, 1.2468407750631845, 0.7197802197802198]"
org.joda.time.TestYearMonthDay_Basics.testGetFields,0.03952011291460833,0.027966220390297936,0.020072992700729927,0.08389866117089381,0.025803208645750426,0.026815050461014456,0.00835056770235809,3.5356386732533522,3.12980416575328,2.3728710462287106,9.38941249725984,3.0255766233071255,3.079484118945156,0.5356988053861831,"[""YearMonthDay"", ""TestYearMonthDay_Basics"", ""Chronology""]","[0.03952011291460833, 0.024305555555555556, 0.020072992700729927]","[3.5356386732533522, 3.4809027777777777, 2.3728710462287106]"
org.joda.time.TestYearMonthDay_Basics.testGetField,0.03952011291460833,0.027966220390297936,0.020072992700729927,0.08389866117089381,0.025803208645750426,0.026815050461014456,0.00835056770235809,3.5356386732533522,3.12980416575328,2.3728710462287106,9.38941249725984,3.0255766233071255,3.079484118945156,0.5356988053861831,"[""YearMonthDay"", ""TestYearMonthDay_Basics"", ""Chronology""]","[0.03952011291460833, 0.024305555555555556, 0.020072992700729927]","[3.5356386732533522, 3.4809027777777777, 2.3728710462287106]"
org.joda.time.chrono.TestEthiopicChronology.testDurationFields,0.03832116788321168,0.020963982065430514,0.010378510378510378,0.08385592826172206,0.016921744678911627,0.018716760236492293,0.010453466852988237,3.5,2.1223278674450547,0.7197802197802198,8.489311469780219,1.3703816989805615,1.7148198604841234,1.2364211613118703,"[""DurationField"", ""TestEthiopicChronology"", ""EthiopicChronology"", ""DateTimeZone""]","[0.03832116788321168, 0.018229166666666668, 0.016927083333333332, 0.010378510378510378]","[3.5, 3.1953125, 1.07421875, 0.7197802197802198]"
org.joda.time.TestTimeOfDay_Basics.testMinusMillis_int,0.04654346338124572,0.027933384792937544,0.016423357664233577,0.08380015437881264,0.02301069069671258,0.025158986192819983,0.013281898462387767,4.317590691307323,3.0600488165401267,1.1368613138686132,9.18014644962038,2.174493290048602,2.6346245258037224,1.3812006659875098,"[""BuddhistChronology"", ""TimeOfDay"", ""TestTimeOfDay_Basics""]","[0.04654346338124572, 0.020833333333333332, 0.016423357664233577]","[4.317590691307323, 3.7256944444444446, 1.1368613138686132]"
org.joda.time.TestTimeOfDay_Basics.testPlusMinutes_int,0.04654346338124572,0.027933384792937544,0.016423357664233577,0.08380015437881264,0.02301069069671258,0.025158986192819983,0.013281898462387767,4.317590691307323,3.0600488165401267,1.1368613138686132,9.18014644962038,2.174493290048602,2.6346245258037224,1.3812006659875098,"[""BuddhistChronology"", ""TimeOfDay"", ""TestTimeOfDay_Basics""]","[0.04654346338124572, 0.020833333333333332, 0.016423357664233577]","[4.317590691307323, 3.7256944444444446, 1.1368613138686132]"
org.joda.time.TestTimeOfDay_Basics.testIsEqual_TOD,0.04654346338124572,0.027933384792937544,0.016423357664233577,0.08380015437881264,0.02301069069671258,0.025158986192819983,0.013281898462387767,4.317590691307323,2.900884177448481,0.6593673965936739,8.702652532345443,1.4876361395899358,2.1971450250969315,1.6033056271139454,"[""TimeOfDay"", ""TestTimeOfDay_Basics"", ""GregorianChronology""]","[0.04654346338124572, 0.020833333333333332, 0.016423357664233577]","[4.317590691307323, 3.7256944444444446, 0.6593673965936739]"
org.joda.time.TestTimeOfDay_Basics.testPlusMillis_int,0.04654346338124572,0.027933384792937544,0.016423357664233577,0.08380015437881264,0.02301069069671258,0.025158986192819983,0.013281898462387767,4.317590691307323,3.0600488165401267,1.1368613138686132,9.18014644962038,2.174493290048602,2.6346245258037224,1.3812006659875098,"[""BuddhistChronology"", ""TimeOfDay"", ""TestTimeOfDay_Basics""]","[0.04654346338124572, 0.020833333333333332, 0.016423357664233577]","[4.317590691307323, 3.7256944444444446, 1.1368613138686132]"
org.joda.time.TestTimeOfDay_Basics.testIsAfter_TOD,0.04654346338124572,0.027933384792937544,0.016423357664233577,0.08380015437881264,0.02301069069671258,0.025158986192819983,0.013281898462387767,4.317590691307323,2.900884177448481,0.6593673965936739,8.702652532345443,1.4876361395899358,2.1971450250969315,1.6033056271139454,"[""TimeOfDay"", ""TestTimeOfDay_Basics"", ""GregorianChronology""]","[0.04654346338124572, 0.020833333333333332, 0.016423357664233577]","[4.317590691307323, 3.7256944444444446, 0.6593673965936739]"
org.joda.time.TestTimeOfDay_Basics.testPlusSeconds_int,0.04654346338124572,0.027933384792937544,0.016423357664233577,0.08380015437881264,0.02301069069671258,0.025158986192819983,0.013281898462387767,4.317590691307323,3.0600488165401267,1.1368613138686132,9.18014644962038,2.174493290048602,2.6346245258037224,1.3812006659875098,"[""BuddhistChronology"", ""TimeOfDay"", ""TestTimeOfDay_Basics""]","[0.04654346338124572, 0.020833333333333332, 0.016423357664233577]","[4.317590691307323, 3.7256944444444446, 1.1368613138686132]"
org.joda.time.TestTimeOfDay_Basics.testPlusHours_int,0.04654346338124572,0.027933384792937544,0.016423357664233577,0.08380015437881264,0.02301069069671258,0.025158986192819983,0.013281898462387767,4.317590691307323,3.0600488165401267,1.1368613138686132,9.18014644962038,2.174493290048602,2.6346245258037224,1.3812006659875098,"[""BuddhistChronology"", ""TimeOfDay"", ""TestTimeOfDay_Basics""]","[0.04654346338124572, 0.020833333333333332, 0.016423357664233577]","[4.317590691307323, 3.7256944444444446, 1.1368613138686132]"
org.joda.time.TestTimeOfDay_Basics.testMinusMinutes_int,0.04654346338124572,0.027933384792937544,0.016423357664233577,0.08380015437881264,0.02301069069671258,0.025158986192819983,0.013281898462387767,4.317590691307323,3.0600488165401267,1.1368613138686132,9.18014644962038,2.174493290048602,2.6346245258037224,1.3812006659875098,"[""BuddhistChronology"", ""TimeOfDay"", ""TestTimeOfDay_Basics""]","[0.04654346338124572, 0.020833333333333332, 0.016423357664233577]","[4.317590691307323, 3.7256944444444446, 1.1368613138686132]"
org.joda.time.TestTimeOfDay_Basics.testIsBefore_TOD,0.04654346338124572,0.027933384792937544,0.016423357664233577,0.08380015437881264,0.02301069069671258,0.025158986192819983,0.013281898462387767,4.317590691307323,2.900884177448481,0.6593673965936739,8.702652532345443,1.4876361395899358,2.1971450250969315,1.6033056271139454,"[""TimeOfDay"", ""TestTimeOfDay_Basics"", ""GregorianChronology""]","[0.04654346338124572, 0.020833333333333332, 0.016423357664233577]","[4.317590691307323, 3.7256944444444446, 0.6593673965936739]"
org.joda.time.TestTimeOfDay_Basics.testMinusHours_int,0.04654346338124572,0.027933384792937544,0.016423357664233577,0.08380015437881264,0.02301069069671258,0.025158986192819983,0.013281898462387767,4.317590691307323,3.0600488165401267,1.1368613138686132,9.18014644962038,2.174493290048602,2.6346245258037224,1.3812006659875098,"[""BuddhistChronology"", ""TimeOfDay"", ""TestTimeOfDay_Basics""]","[0.04654346338124572, 0.020833333333333332, 0.016423357664233577]","[4.317590691307323, 3.7256944444444446, 1.1368613138686132]"
org.joda.time.TestTimeOfDay_Basics.testMinusSeconds_int,0.04654346338124572,0.027933384792937544,0.016423357664233577,0.08380015437881264,0.02301069069671258,0.025158986192819983,0.013281898462387767,4.317590691307323,3.0600488165401267,1.1368613138686132,9.18014644962038,2.174493290048602,2.6346245258037224,1.3812006659875098,"[""BuddhistChronology"", ""TimeOfDay"", ""TestTimeOfDay_Basics""]","[0.04654346338124572, 0.020833333333333332, 0.016423357664233577]","[4.317590691307323, 3.7256944444444446, 1.1368613138686132]"
org.joda.time.TestMonthDay_Constructors.testConstructor_Object_nullChronology,0.044534412955465584,0.027879442195231665,0.0026666666666666666,0.08363832658569499,0.0070605016046594565,0.016295586907508545,0.018131998633455746,7.753036437246964,3.7532865497076027,0.04933333333333333,11.259859649122808,0.1450082423570129,1.097634463092953,3.1519710374426975,"[""TestMonthDay_Constructors"", ""MonthDay"", ""Date""]","[0.044534412955465584, 0.03643724696356275, 0.0026666666666666666]","[7.753036437246964, 3.45748987854251, 0.04933333333333333]"
org.joda.time.TestMonthDay_Constructors.testConstructor_Object,0.044534412955465584,0.027879442195231665,0.0026666666666666666,0.08363832658569499,0.0070605016046594565,0.016295586907508545,0.018131998633455746,7.753036437246964,3.7532865497076027,0.04933333333333333,11.259859649122808,0.1450082423570129,1.097634463092953,3.1519710374426975,"[""TestMonthDay_Constructors"", ""MonthDay"", ""Date""]","[0.044534412955465584, 0.03643724696356275, 0.0026666666666666666]","[7.753036437246964, 3.45748987854251, 0.04933333333333333]"
org.joda.time.TestMonthDay_Constructors.testConstructor_Object_Chronology,0.044534412955465584,0.027879442195231665,0.0026666666666666666,0.08363832658569499,0.0070605016046594565,0.016295586907508545,0.018131998633455746,7.753036437246964,3.7532865497076027,0.04933333333333333,11.259859649122808,0.1450082423570129,1.097634463092953,3.1519710374426975,"[""TestMonthDay_Constructors"", ""MonthDay"", ""Date""]","[0.044534412955465584, 0.03643724696356275, 0.0026666666666666666]","[7.753036437246964, 3.45748987854251, 0.04933333333333333]"
org.joda.time.TestSerialization.testSerializedTimeOfDay,0.04654346338124572,0.02089928283212312,0.007633587786259542,0.08359713132849247,0.012143832986579279,0.015591067614834857,0.015893146847841252,4.317590691307323,1.7438046145687525,0.09541984732824428,6.97521845827501,0.1953503733233518,0.5734057440581303,1.769701995439344,"[""StringBuilder"", ""TimeOfDay"", ""ByteArrayOutputStream"", ""ObjectInputStream"", ""TestSerialization"", ""FileInputStream"", ""ObjectOutputStream"", ""ByteArrayInputStream""]","[0.04654346338124572, 0.02178649237472767, 0.007633587786259542, 0.007633587786259542]","[4.317590691307323, 2.4553376906318083, 0.09541984732824428, 0.10687022900763359]"
org.joda.time.TestMutableDateTime_Adds.testAdd_RP_int1,0.03527980535279805,0.02782718744042374,0.01634472511144131,0.08348156232127121,0.024810429776815527,0.02638576582312354,0.008238691257443153,5.1313131313131315,3.430416946623387,0.9561664190193165,10.29125083987016,2.028937280284084,2.7424182781995508,1.7900689413302493,"[""TestMutableDateTime_Adds"", ""MutableDateTime"", ""Period""]","[0.03527980535279805, 0.031857031857031856, 0.01634472511144131]","[4.203771289537713, 5.1313131313131315, 0.9561664190193165]"
org.joda.time.TestMutableDateTime_Adds.testAdd_RP1,0.03527980535279805,0.02782718744042374,0.01634472511144131,0.08348156232127121,0.024810429776815527,0.02638576582312354,0.008238691257443153,5.1313131313131315,3.430416946623387,0.9561664190193165,10.29125083987016,2.028937280284084,2.7424182781995508,1.7900689413302493,"[""TestMutableDateTime_Adds"", ""MutableDateTime"", ""Period""]","[0.03527980535279805, 0.031857031857031856, 0.01634472511144131]","[4.203771289537713, 5.1313131313131315, 0.9561664190193165]"
org.joda.time.TestMutableInterval_Basics.testToString,0.041970802919708027,0.027783837374561,0.019350811485642945,0.083351512123683,0.02481464218016842,0.026154894955649162,0.010091146921763905,5.9939172749391725,3.085850709827572,1.3320848938826466,9.257552129482717,2.090217043673681,2.4891411888820967,2.0708255925132613,"[""MutableInterval"", ""TestMutableInterval_Basics"", ""DateTime""]","[0.041970802919708027, 0.022029897718332022, 0.019350811485642945]","[5.9939172749391725, 1.931549960660897, 1.3320848938826466]"
org.joda.time.chrono.TestIslamicChronology.testSampleDate1,0.041970802919708027,0.020819584364540355,0.010378510378510378,0.08327833745816142,0.015893562689877218,0.017891001873340914,0.012466207627001614,5.9939172749391725,2.9730204734859123,0.7197802197802198,11.892081893943649,1.5310835833029273,2.144475984044968,2.127285365646629,"[""DurationField"", ""DurationFieldType"", ""TestIslamicChronology"", ""DateTime$Property"", ""DateTime""]","[0.041970802919708027, 0.0174496644295302, 0.013479359730412805, 0.010378510378510378]","[5.9939172749391725, 3.931543624161074, 1.2468407750631845, 0.7197802197802198]"
org.joda.time.chrono.TestIslamicChronology.testSampleDate3,0.041970802919708027,0.020819584364540355,0.010378510378510378,0.08327833745816142,0.015893562689877218,0.017891001873340914,0.012466207627001614,5.9939172749391725,2.9730204734859123,0.7197802197802198,11.892081893943649,1.5310835833029273,2.144475984044968,2.127285365646629,"[""DurationField"", ""DurationFieldType"", ""TestIslamicChronology"", ""DateTime$Property"", ""DateTime""]","[0.041970802919708027, 0.0174496644295302, 0.013479359730412805, 0.010378510378510378]","[5.9939172749391725, 3.931543624161074, 1.2468407750631845, 0.7197802197802198]"
org.joda.time.chrono.TestIslamicChronology.testSampleDate2,0.041970802919708027,0.020819584364540355,0.010378510378510378,0.08327833745816142,0.015893562689877218,0.017891001873340914,0.012466207627001614,5.9939172749391725,2.9730204734859123,0.7197802197802198,11.892081893943649,1.5310835833029273,2.144475984044968,2.127285365646629,"[""DurationField"", ""DurationFieldType"", ""TestIslamicChronology"", ""DateTime$Property"", ""DateTime""]","[0.041970802919708027, 0.0174496644295302, 0.013479359730412805, 0.010378510378510378]","[5.9939172749391725, 3.931543624161074, 1.2468407750631845, 0.7197802197802198]"
org.joda.time.TestDateTimeZone.testSerialization1,0.03832116788321168,0.020691031888732107,0.007633587786259542,0.08276412755492843,0.012408093326587663,0.015976427405251556,0.013451825231499587,3.7082421590080235,1.8526330588359754,0.09541984732824428,7.410532235343902,0.19615028877712024,0.6031605064588538,1.753039439102056,"[""TestDateTimeZone"", ""ByteArrayOutputStream"", ""DateTimeZone"", ""ObjectInputStream"", ""ObjectOutputStream"", ""ByteArrayInputStream""]","[0.03832116788321168, 0.029175784099197667, 0.007633587786259542, 0.007633587786259542]","[3.5, 3.7082421590080235, 0.09541984732824428, 0.10687022900763359]"
org.joda.time.TestDateTimeZone.testSerialization2,0.03832116788321168,0.020691031888732107,0.007633587786259542,0.08276412755492843,0.012408093326587663,0.015976427405251556,0.013451825231499587,3.7082421590080235,1.8526330588359754,0.09541984732824428,7.410532235343902,0.19615028877712024,0.6031605064588538,1.753039439102056,"[""TestDateTimeZone"", ""ByteArrayOutputStream"", ""DateTimeZone"", ""ObjectInputStream"", ""ObjectOutputStream"", ""ByteArrayInputStream""]","[0.03832116788321168, 0.029175784099197667, 0.007633587786259542, 0.007633587786259542]","[3.5, 3.7082421590080235, 0.09541984732824428, 0.10687022900763359]"
org.joda.time.format.TestPeriodFormat.test_wordBased_en_from_nl,0.031857031857031856,0.016500291575194528,0.007633587786259542,0.08250145787597264,0.012684577743388747,0.014372692814429135,0.00886115282068403,5.1313131313131315,1.6304939211121638,0.12213740458015267,8.15246960556082,0.41031770703921727,0.844286919146748,1.802794579656679,"[""PeriodFormat"", ""TestPeriodFormat"", ""Locale"", ""PeriodFormatter"", ""Period""]","[0.031857031857031856, 0.020477815699658702, 0.01320901320901321, 0.009324009324009324, 0.007633587786259542]","[5.1313131313131315, 1.316268486916951, 0.4654234654234654, 1.1173271173271173, 0.12213740458015267]"
org.joda.time.format.TestPeriodFormat.test_wordBased_en_from_de,0.031857031857031856,0.016500291575194528,0.007633587786259542,0.08250145787597264,0.012684577743388747,0.014372692814429135,0.00886115282068403,5.1313131313131315,1.6304939211121638,0.12213740458015267,8.15246960556082,0.41031770703921727,0.844286919146748,1.802794579656679,"[""PeriodFormat"", ""TestPeriodFormat"", ""Locale"", ""PeriodFormatter"", ""Period""]","[0.031857031857031856, 0.020477815699658702, 0.01320901320901321, 0.009324009324009324, 0.007633587786259542]","[5.1313131313131315, 1.316268486916951, 0.4654234654234654, 1.1173271173271173, 0.12213740458015267]"
org.joda.time.format.TestPeriodFormat.test_wordBased_fr_from_nl,0.031857031857031856,0.016500291575194528,0.007633587786259542,0.08250145787597264,0.012684577743388747,0.014372692814429135,0.00886115282068403,5.1313131313131315,1.6304939211121638,0.12213740458015267,8.15246960556082,0.41031770703921727,0.844286919146748,1.802794579656679,"[""PeriodFormat"", ""TestPeriodFormat"", ""Locale"", ""PeriodFormatter"", ""Period""]","[0.031857031857031856, 0.020477815699658702, 0.01320901320901321, 0.009324009324009324, 0.007633587786259542]","[5.1313131313131315, 1.316268486916951, 0.4654234654234654, 1.1173271173271173, 0.12213740458015267]"
org.joda.time.format.TestPeriodFormat.test_wordBased_fr_from_de,0.031857031857031856,0.016500291575194528,0.007633587786259542,0.08250145787597264,0.012684577743388747,0.014372692814429135,0.00886115282068403,5.1313131313131315,1.6304939211121638,0.12213740458015267,8.15246960556082,0.41031770703921727,0.844286919146748,1.802794579656679,"[""PeriodFormat"", ""TestPeriodFormat"", ""Locale"", ""PeriodFormatter"", ""Period""]","[0.031857031857031856, 0.020477815699658702, 0.01320901320901321, 0.009324009324009324, 0.007633587786259542]","[5.1313131313131315, 1.316268486916951, 0.4654234654234654, 1.1173271173271173, 0.12213740458015267]"
org.joda.time.TestDuration_Constructors.testConstructor_long_long1,0.041970802919708027,0.02747493112456616,0.019696969696969695,0.08242479337369849,0.02443558118032398,0.025793121543070667,0.010259260902175847,5.9939172749391725,3.1880055400128398,1.6178266178266179,9.564016620038519,2.3127224327596636,2.665187306578356,1.9887716557679331,"[""TestDuration_Constructors"", ""Duration"", ""DateTime""]","[0.041970802919708027, 0.020757020757020756, 0.019696969696969695]","[5.9939172749391725, 1.6178266178266179, 1.9522727272727274]"
org.joda.time.TestDuration_Constructors.testConstructor_Object4,0.041970802919708027,0.02747493112456616,0.019696969696969695,0.08242479337369849,0.02443558118032398,0.025793121543070667,0.010259260902175847,5.9939172749391725,3.1880055400128398,1.6178266178266179,9.564016620038519,2.3127224327596636,2.665187306578356,1.9887716557679331,"[""TestDuration_Constructors"", ""Duration"", ""DateTime""]","[0.041970802919708027, 0.020757020757020756, 0.019696969696969695]","[5.9939172749391725, 1.6178266178266179, 1.9522727272727274]"
org.joda.time.TestDuration_Constructors.testConstructor_RI_RI2,0.041970802919708027,0.02747493112456616,0.019696969696969695,0.08242479337369849,0.02443558118032398,0.025793121543070667,0.010259260902175847,5.9939172749391725,3.1880055400128398,1.6178266178266179,9.564016620038519,2.3127224327596636,2.665187306578356,1.9887716557679331,"[""TestDuration_Constructors"", ""Duration"", ""DateTime""]","[0.041970802919708027, 0.020757020757020756, 0.019696969696969695]","[5.9939172749391725, 1.6178266178266179, 1.9522727272727274]"
org.joda.time.TestDuration_Constructors.testConstructor_RI_RI1,0.041970802919708027,0.02747493112456616,0.019696969696969695,0.08242479337369849,0.02443558118032398,0.025793121543070667,0.010259260902175847,5.9939172749391725,3.1880055400128398,1.6178266178266179,9.564016620038519,2.3127224327596636,2.665187306578356,1.9887716557679331,"[""TestDuration_Constructors"", ""Duration"", ""DateTime""]","[0.041970802919708027, 0.020757020757020756, 0.019696969696969695]","[5.9939172749391725, 1.6178266178266179, 1.9522727272727274]"
org.joda.time.TestDuration_Constructors.testConstructor_RI_RI3,0.041970802919708027,0.02747493112456616,0.019696969696969695,0.08242479337369849,0.02443558118032398,0.025793121543070667,0.010259260902175847,5.9939172749391725,3.1880055400128398,1.6178266178266179,9.564016620038519,2.3127224327596636,2.665187306578356,1.9887716557679331,"[""TestDuration_Constructors"", ""Duration"", ""DateTime""]","[0.041970802919708027, 0.020757020757020756, 0.019696969696969695]","[5.9939172749391725, 1.6178266178266179, 1.9522727272727274]"
org.joda.time.TestDays.testFactory_standardDaysIn_RPeriod,0.031857031857031856,0.027435827435827436,0.023423423423423424,0.0823074823074823,0.027006941746752916,0.02721978256256812,0.0034551194994803824,5.1313131313131315,3.6756028756028756,2.745945945945946,11.026808626808627,3.4224663785439353,3.540432473966777,1.0424468743123771,"[""Days"", ""TestDays"", ""Period""]","[0.031857031857031856, 0.02702702702702703, 0.023423423423423424]","[5.1313131313131315, 3.1495495495495494, 2.745945945945946]"
org.joda.time.TestMonthDay_Basics.testWithFieldAdded_unknownField,0.044534412955465584,0.027435090220528965,0.013479359730412805,0.0823052706615869,0.02176930582851174,0.02443091677361942,0.012871563278638348,7.753036437246964,4.891996857544679,1.2468407750631845,14.675990572634035,2.7095727134410783,3.799950686332728,2.7133957219816867,"[""MonthDay"", ""TestMonthDay_Basics"", ""DurationFieldType""]","[0.044534412955465584, 0.024291497975708502, 0.013479359730412805]","[7.753036437246964, 5.676113360323886, 1.2468407750631845]"
org.joda.time.TestMonthDay_Basics.testWithFieldAdded,0.044534412955465584,0.027435090220528965,0.013479359730412805,0.0823052706615869,0.02176930582851174,0.02443091677361942,0.012871563278638348,7.753036437246964,4.891996857544679,1.2468407750631845,14.675990572634035,2.7095727134410783,3.799950686332728,2.7133957219816867,"[""MonthDay"", ""TestMonthDay_Basics"", ""DurationFieldType""]","[0.044534412955465584, 0.024291497975708502, 0.013479359730412805]","[7.753036437246964, 5.676113360323886, 1.2468407750631845]"
org.joda.time.TestMonthDay_Basics.testWithFieldAdded_zero,0.044534412955465584,0.027435090220528965,0.013479359730412805,0.0823052706615869,0.02176930582851174,0.02443091677361942,0.012871563278638348,7.753036437246964,4.891996857544679,1.2468407750631845,14.675990572634035,2.7095727134410783,3.799950686332728,2.7133957219816867,"[""MonthDay"", ""TestMonthDay_Basics"", ""DurationFieldType""]","[0.044534412955465584, 0.024291497975708502, 0.013479359730412805]","[7.753036437246964, 5.676113360323886, 1.2468407750631845]"
org.joda.time.TestInterval_Constructors.testConstructor_RI_RI_instant,0.023901310717039322,0.02057329828170021,0.015206812652068127,0.08229319312680083,0.01988747622060124,0.020239850057342385,0.003570984175452718,2.87201233616037,1.5537666596800315,0.7195863746958637,6.215066638720126,1.1937270572649463,1.3540333674644922,0.8275149147611207,"[""Interval"", ""TestInterval_Constructors"", ""ISOChronology"", ""Instant""]","[0.023901310717039322, 0.02372034956304619, 0.019464720194647202, 0.015206812652068127]","[2.87201233616037, 1.618601747815231, 1.0048661800486618, 0.7195863746958637]"
org.joda.time.TestLocalDateTime_Properties.testPropertyAddWrapFieldToCopyMilli,0.061377245508982034,0.040973432881073295,0.020569620253164556,0.08194686576214659,0.03081281072956411,0.03553176933822758,0.02040381262790874,11.95808383233533,9.689484954142348,7.420886075949367,19.378969908284695,9.158337953605622,9.420168671866366,2.2685988781929813,"[""LocalDateTime$Property"", ""LocalDateTime"", ""TestLocalDateTime_Properties""]","[0.061377245508982034, 0.020569620253164556]","[11.95808383233533, 7.420886075949367]"
org.joda.time.TestLocalDateTime_Properties.testPropertyWithMinimumValueDayOfMonth,0.061377245508982034,0.040973432881073295,0.020569620253164556,0.08194686576214659,0.03081281072956411,0.03553176933822758,0.02040381262790874,11.95808383233533,9.689484954142348,7.420886075949367,19.378969908284695,9.158337953605622,9.420168671866366,2.2685988781929813,"[""LocalDateTime$Property"", ""LocalDateTime"", ""TestLocalDateTime_Properties""]","[0.061377245508982034, 0.020569620253164556]","[11.95808383233533, 7.420886075949367]"
org.joda.time.TestLocalDateTime_Properties.testPropertySetCopyDay,0.061377245508982034,0.040973432881073295,0.020569620253164556,0.08194686576214659,0.03081281072956411,0.03553176933822758,0.02040381262790874,11.95808383233533,9.689484954142348,7.420886075949367,19.378969908284695,9.158337953605622,9.420168671866366,2.2685988781929813,"[""LocalDateTime$Property"", ""LocalDateTime"", ""TestLocalDateTime_Properties""]","[0.061377245508982034, 0.020569620253164556]","[11.95808383233533, 7.420886075949367]"
org.joda.time.TestLocalDateTime_Properties.testPropertySetTextSecond,0.061377245508982034,0.040973432881073295,0.020569620253164556,0.08194686576214659,0.03081281072956411,0.03553176933822758,0.02040381262790874,11.95808383233533,9.689484954142348,7.420886075949367,19.378969908284695,9.158337953605622,9.420168671866366,2.2685988781929813,"[""LocalDateTime$Property"", ""LocalDateTime"", ""TestLocalDateTime_Properties""]","[0.061377245508982034, 0.020569620253164556]","[11.95808383233533, 7.420886075949367]"
org.joda.time.TestLocalDateTime_Properties.testPropertyWithMaximumValueHour,0.061377245508982034,0.040973432881073295,0.020569620253164556,0.08194686576214659,0.03081281072956411,0.03553176933822758,0.02040381262790874,11.95808383233533,9.689484954142348,7.420886075949367,19.378969908284695,9.158337953605622,9.420168671866366,2.2685988781929813,"[""LocalDateTime$Property"", ""LocalDateTime"", ""TestLocalDateTime_Properties""]","[0.061377245508982034, 0.020569620253164556]","[11.95808383233533, 7.420886075949367]"
org.joda.time.TestLocalDateTime_Properties.testPropertySetTextMinute,0.061377245508982034,0.040973432881073295,0.020569620253164556,0.08194686576214659,0.03081281072956411,0.03553176933822758,0.02040381262790874,11.95808383233533,9.689484954142348,7.420886075949367,19.378969908284695,9.158337953605622,9.420168671866366,2.2685988781929813,"[""LocalDateTime$Property"", ""LocalDateTime"", ""TestLocalDateTime_Properties""]","[0.061377245508982034, 0.020569620253164556]","[11.95808383233533, 7.420886075949367]"
org.joda.time.TestLocalDateTime_Properties.testPropertyRoundHour,0.061377245508982034,0.040973432881073295,0.020569620253164556,0.08194686576214659,0.03081281072956411,0.03553176933822758,0.02040381262790874,11.95808383233533,9.689484954142348,7.420886075949367,19.378969908284695,9.158337953605622,9.420168671866366,2.2685988781929813,"[""LocalDateTime$Property"", ""LocalDateTime"", ""TestLocalDateTime_Properties""]","[0.061377245508982034, 0.020569620253164556]","[11.95808383233533, 7.420886075949367]"
org.joda.time.TestLocalDateTime_Properties.testPropertySetCopyTextDay,0.061377245508982034,0.040973432881073295,0.020569620253164556,0.08194686576214659,0.03081281072956411,0.03553176933822758,0.02040381262790874,11.95808383233533,9.689484954142348,7.420886075949367,19.378969908284695,9.158337953605622,9.420168671866366,2.2685988781929813,"[""LocalDateTime$Property"", ""LocalDateTime"", ""TestLocalDateTime_Properties""]","[0.061377245508982034, 0.020569620253164556]","[11.95808383233533, 7.420886075949367]"
org.joda.time.TestLocalDateTime_Properties.testPropertySetTextHour,0.061377245508982034,0.040973432881073295,0.020569620253164556,0.08194686576214659,0.03081281072956411,0.03553176933822758,0.02040381262790874,11.95808383233533,9.689484954142348,7.420886075949367,19.378969908284695,9.158337953605622,9.420168671866366,2.2685988781929813,"[""LocalDateTime$Property"", ""LocalDateTime"", ""TestLocalDateTime_Properties""]","[0.061377245508982034, 0.020569620253164556]","[11.95808383233533, 7.420886075949367]"
org.joda.time.TestLocalDateTime_Properties.testPropertySetMinute,0.061377245508982034,0.040973432881073295,0.020569620253164556,0.08194686576214659,0.03081281072956411,0.03553176933822758,0.02040381262790874,11.95808383233533,9.689484954142348,7.420886075949367,19.378969908284695,9.158337953605622,9.420168671866366,2.2685988781929813,"[""LocalDateTime$Property"", ""LocalDateTime"", ""TestLocalDateTime_Properties""]","[0.061377245508982034, 0.020569620253164556]","[11.95808383233533, 7.420886075949367]"
org.joda.time.TestLocalDateTime_Properties.testPropertyAddToCopyMonth,0.061377245508982034,0.040973432881073295,0.020569620253164556,0.08194686576214659,0.03081281072956411,0.03553176933822758,0.02040381262790874,11.95808383233533,9.689484954142348,7.420886075949367,19.378969908284695,9.158337953605622,9.420168671866366,2.2685988781929813,"[""LocalDateTime$Property"", ""LocalDateTime"", ""TestLocalDateTime_Properties""]","[0.061377245508982034, 0.020569620253164556]","[11.95808383233533, 7.420886075949367]"
org.joda.time.TestLocalDateTime_Properties.testPropertyWithMaxMinValueHour,0.061377245508982034,0.040973432881073295,0.020569620253164556,0.08194686576214659,0.03081281072956411,0.03553176933822758,0.02040381262790874,11.95808383233533,9.689484954142348,7.420886075949367,19.378969908284695,9.158337953605622,9.420168671866366,2.2685988781929813,"[""LocalDateTime$Property"", ""LocalDateTime"", ""TestLocalDateTime_Properties""]","[0.061377245508982034, 0.020569620253164556]","[11.95808383233533, 7.420886075949367]"
org.joda.time.TestLocalDateTime_Properties.testPropertyWithMaxMinValueMilli,0.061377245508982034,0.040973432881073295,0.020569620253164556,0.08194686576214659,0.03081281072956411,0.03553176933822758,0.02040381262790874,11.95808383233533,9.689484954142348,7.420886075949367,19.378969908284695,9.158337953605622,9.420168671866366,2.2685988781929813,"[""LocalDateTime$Property"", ""LocalDateTime"", ""TestLocalDateTime_Properties""]","[0.061377245508982034, 0.020569620253164556]","[11.95808383233533, 7.420886075949367]"
org.joda.time.TestLocalDateTime_Properties.testPropertySetTextMilli,0.061377245508982034,0.040973432881073295,0.020569620253164556,0.08194686576214659,0.03081281072956411,0.03553176933822758,0.02040381262790874,11.95808383233533,9.689484954142348,7.420886075949367,19.378969908284695,9.158337953605622,9.420168671866366,2.2685988781929813,"[""LocalDateTime$Property"", ""LocalDateTime"", ""TestLocalDateTime_Properties""]","[0.061377245508982034, 0.020569620253164556]","[11.95808383233533, 7.420886075949367]"
org.joda.time.TestLocalDateTime_Properties.testPropertyAddToCopyMilli,0.061377245508982034,0.040973432881073295,0.020569620253164556,0.08194686576214659,0.03081281072956411,0.03553176933822758,0.02040381262790874,11.95808383233533,9.689484954142348,7.420886075949367,19.378969908284695,9.158337953605622,9.420168671866366,2.2685988781929813,"[""LocalDateTime$Property"", ""LocalDateTime"", ""TestLocalDateTime_Properties""]","[0.061377245508982034, 0.020569620253164556]","[11.95808383233533, 7.420886075949367]"
org.joda.time.TestLocalDateTime_Properties.testPropertyWithMaxMinValueMinute,0.061377245508982034,0.040973432881073295,0.020569620253164556,0.08194686576214659,0.03081281072956411,0.03553176933822758,0.02040381262790874,11.95808383233533,9.689484954142348,7.420886075949367,19.378969908284695,9.158337953605622,9.420168671866366,2.2685988781929813,"[""LocalDateTime$Property"", ""LocalDateTime"", ""TestLocalDateTime_Properties""]","[0.061377245508982034, 0.020569620253164556]","[11.95808383233533, 7.420886075949367]"
org.joda.time.TestLocalDateTime_Properties.testPropertyAddWrapFieldToCopyMonth,0.061377245508982034,0.040973432881073295,0.020569620253164556,0.08194686576214659,0.03081281072956411,0.03553176933822758,0.02040381262790874,11.95808383233533,9.689484954142348,7.420886075949367,19.378969908284695,9.158337953605622,9.420168671866366,2.2685988781929813,"[""LocalDateTime$Property"", ""LocalDateTime"", ""TestLocalDateTime_Properties""]","[0.061377245508982034, 0.020569620253164556]","[11.95808383233533, 7.420886075949367]"
org.joda.time.TestLocalDateTime_Properties.testPropertySetSecond,0.061377245508982034,0.040973432881073295,0.020569620253164556,0.08194686576214659,0.03081281072956411,0.03553176933822758,0.02040381262790874,11.95808383233533,9.689484954142348,7.420886075949367,19.378969908284695,9.158337953605622,9.420168671866366,2.2685988781929813,"[""LocalDateTime$Property"", ""LocalDateTime"", ""TestLocalDateTime_Properties""]","[0.061377245508982034, 0.020569620253164556]","[11.95808383233533, 7.420886075949367]"
org.joda.time.TestLocalDateTime_Properties.testPropertySetMilli,0.061377245508982034,0.040973432881073295,0.020569620253164556,0.08194686576214659,0.03081281072956411,0.03553176933822758,0.02040381262790874,11.95808383233533,9.689484954142348,7.420886075949367,19.378969908284695,9.158337953605622,9.420168671866366,2.2685988781929813,"[""LocalDateTime$Property"", ""LocalDateTime"", ""TestLocalDateTime_Properties""]","[0.061377245508982034, 0.020569620253164556]","[11.95808383233533, 7.420886075949367]"
org.joda.time.TestLocalDateTime_Properties.testPropertyGetMaxMinValuesYear,0.061377245508982034,0.040973432881073295,0.020569620253164556,0.08194686576214659,0.03081281072956411,0.03553176933822758,0.02040381262790874,11.95808383233533,9.689484954142348,7.420886075949367,19.378969908284695,9.158337953605622,9.420168671866366,2.2685988781929813,"[""LocalDateTime$Property"", ""LocalDateTime"", ""TestLocalDateTime_Properties""]","[0.061377245508982034, 0.020569620253164556]","[11.95808383233533, 7.420886075949367]"
org.joda.time.TestLocalDateTime_Properties.testPropertyGetMaxMinValuesSecond,0.061377245508982034,0.040973432881073295,0.020569620253164556,0.08194686576214659,0.03081281072956411,0.03553176933822758,0.02040381262790874,11.95808383233533,9.689484954142348,7.420886075949367,19.378969908284695,9.158337953605622,9.420168671866366,2.2685988781929813,"[""LocalDateTime$Property"", ""LocalDateTime"", ""TestLocalDateTime_Properties""]","[0.061377245508982034, 0.020569620253164556]","[11.95808383233533, 7.420886075949367]"
org.joda.time.TestLocalDateTime_Properties.testPropertyWithMaxMinValueSecond,0.061377245508982034,0.040973432881073295,0.020569620253164556,0.08194686576214659,0.03081281072956411,0.03553176933822758,0.02040381262790874,11.95808383233533,9.689484954142348,7.420886075949367,19.378969908284695,9.158337953605622,9.420168671866366,2.2685988781929813,"[""LocalDateTime$Property"", ""LocalDateTime"", ""TestLocalDateTime_Properties""]","[0.061377245508982034, 0.020569620253164556]","[11.95808383233533, 7.420886075949367]"
org.joda.time.TestLocalDateTime_Properties.testPropertyAddToCopyHour,0.061377245508982034,0.040973432881073295,0.020569620253164556,0.08194686576214659,0.03081281072956411,0.03553176933822758,0.02040381262790874,11.95808383233533,9.689484954142348,7.420886075949367,19.378969908284695,9.158337953605622,9.420168671866366,2.2685988781929813,"[""LocalDateTime$Property"", ""LocalDateTime"", ""TestLocalDateTime_Properties""]","[0.061377245508982034, 0.020569620253164556]","[11.95808383233533, 7.420886075949367]"
org.joda.time.TestLocalDateTime_Properties.testPropertyGetMaxMinValuesMonth,0.061377245508982034,0.040973432881073295,0.020569620253164556,0.08194686576214659,0.03081281072956411,0.03553176933822758,0.02040381262790874,11.95808383233533,9.689484954142348,7.420886075949367,19.378969908284695,9.158337953605622,9.420168671866366,2.2685988781929813,"[""LocalDateTime$Property"", ""LocalDateTime"", ""TestLocalDateTime_Properties""]","[0.061377245508982034, 0.020569620253164556]","[11.95808383233533, 7.420886075949367]"
org.joda.time.TestLocalDateTime_Properties.testPropertyWithMaximumValueDayOfMonth,0.061377245508982034,0.040973432881073295,0.020569620253164556,0.08194686576214659,0.03081281072956411,0.03553176933822758,0.02040381262790874,11.95808383233533,9.689484954142348,7.420886075949367,19.378969908284695,9.158337953605622,9.420168671866366,2.2685988781929813,"[""LocalDateTime$Property"", ""LocalDateTime"", ""TestLocalDateTime_Properties""]","[0.061377245508982034, 0.020569620253164556]","[11.95808383233533, 7.420886075949367]"
org.joda.time.TestLocalDateTime_Properties.testPropertySetCopyTextYear,0.061377245508982034,0.040973432881073295,0.020569620253164556,0.08194686576214659,0.03081281072956411,0.03553176933822758,0.02040381262790874,11.95808383233533,9.689484954142348,7.420886075949367,19.378969908284695,9.158337953605622,9.420168671866366,2.2685988781929813,"[""LocalDateTime$Property"", ""LocalDateTime"", ""TestLocalDateTime_Properties""]","[0.061377245508982034, 0.020569620253164556]","[11.95808383233533, 7.420886075949367]"
org.joda.time.TestLocalDateTime_Properties.testPropertyGetMaxMinValuesMinute,0.061377245508982034,0.040973432881073295,0.020569620253164556,0.08194686576214659,0.03081281072956411,0.03553176933822758,0.02040381262790874,11.95808383233533,9.689484954142348,7.420886075949367,19.378969908284695,9.158337953605622,9.420168671866366,2.2685988781929813,"[""LocalDateTime$Property"", ""LocalDateTime"", ""TestLocalDateTime_Properties""]","[0.061377245508982034, 0.020569620253164556]","[11.95808383233533, 7.420886075949367]"
org.joda.time.TestLocalDateTime_Properties.testPropertySetCopyYear,0.061377245508982034,0.040973432881073295,0.020569620253164556,0.08194686576214659,0.03081281072956411,0.03553176933822758,0.02040381262790874,11.95808383233533,9.689484954142348,7.420886075949367,19.378969908284695,9.158337953605622,9.420168671866366,2.2685988781929813,"[""LocalDateTime$Property"", ""LocalDateTime"", ""TestLocalDateTime_Properties""]","[0.061377245508982034, 0.020569620253164556]","[11.95808383233533, 7.420886075949367]"
org.joda.time.TestLocalDateTime_Properties.testPropertyEquals,0.061377245508982034,0.040973432881073295,0.020569620253164556,0.08194686576214659,0.03081281072956411,0.03553176933822758,0.02040381262790874,11.95808383233533,9.689484954142348,7.420886075949367,19.378969908284695,9.158337953605622,9.420168671866366,2.2685988781929813,"[""LocalDateTime$Property"", ""LocalDateTime"", ""TestLocalDateTime_Properties""]","[0.061377245508982034, 0.020569620253164556]","[11.95808383233533, 7.420886075949367]"
org.joda.time.TestLocalDateTime_Properties.testPropertyAddWrapFieldToCopyYear,0.061377245508982034,0.040973432881073295,0.020569620253164556,0.08194686576214659,0.03081281072956411,0.03553176933822758,0.02040381262790874,11.95808383233533,9.689484954142348,7.420886075949367,19.378969908284695,9.158337953605622,9.420168671866366,2.2685988781929813,"[""LocalDateTime$Property"", ""LocalDateTime"", ""TestLocalDateTime_Properties""]","[0.061377245508982034, 0.020569620253164556]","[11.95808383233533, 7.420886075949367]"
org.joda.time.TestLocalDateTime_Properties.testPropertySetHour,0.061377245508982034,0.040973432881073295,0.020569620253164556,0.08194686576214659,0.03081281072956411,0.03553176933822758,0.02040381262790874,11.95808383233533,9.689484954142348,7.420886075949367,19.378969908284695,9.158337953605622,9.420168671866366,2.2685988781929813,"[""LocalDateTime$Property"", ""LocalDateTime"", ""TestLocalDateTime_Properties""]","[0.061377245508982034, 0.020569620253164556]","[11.95808383233533, 7.420886075949367]"
org.joda.time.TestLocalDateTime_Properties.testPropertyAddWrapFieldToCopyDay,0.061377245508982034,0.040973432881073295,0.020569620253164556,0.08194686576214659,0.03081281072956411,0.03553176933822758,0.02040381262790874,11.95808383233533,9.689484954142348,7.420886075949367,19.378969908284695,9.158337953605622,9.420168671866366,2.2685988781929813,"[""LocalDateTime$Property"", ""LocalDateTime"", ""TestLocalDateTime_Properties""]","[0.061377245508982034, 0.020569620253164556]","[11.95808383233533, 7.420886075949367]"
org.joda.time.TestLocalDateTime_Properties.testPropertyGetMaxMinValuesDay,0.061377245508982034,0.040973432881073295,0.020569620253164556,0.08194686576214659,0.03081281072956411,0.03553176933822758,0.02040381262790874,11.95808383233533,9.689484954142348,7.420886075949367,19.378969908284695,9.158337953605622,9.420168671866366,2.2685988781929813,"[""LocalDateTime$Property"", ""LocalDateTime"", ""TestLocalDateTime_Properties""]","[0.061377245508982034, 0.020569620253164556]","[11.95808383233533, 7.420886075949367]"
org.joda.time.TestLocalDateTime_Properties.testPropertyAddToCopyMinute,0.061377245508982034,0.040973432881073295,0.020569620253164556,0.08194686576214659,0.03081281072956411,0.03553176933822758,0.02040381262790874,11.95808383233533,9.689484954142348,7.420886075949367,19.378969908284695,9.158337953605622,9.420168671866366,2.2685988781929813,"[""LocalDateTime$Property"", ""LocalDateTime"", ""TestLocalDateTime_Properties""]","[0.061377245508982034, 0.020569620253164556]","[11.95808383233533, 7.420886075949367]"
org.joda.time.TestLocalDateTime_Properties.testPropertyAddWrapFieldToCopySecond,0.061377245508982034,0.040973432881073295,0.020569620253164556,0.08194686576214659,0.03081281072956411,0.03553176933822758,0.02040381262790874,11.95808383233533,9.689484954142348,7.420886075949367,19.378969908284695,9.158337953605622,9.420168671866366,2.2685988781929813,"[""LocalDateTime$Property"", ""LocalDateTime"", ""TestLocalDateTime_Properties""]","[0.061377245508982034, 0.020569620253164556]","[11.95808383233533, 7.420886075949367]"
org.joda.time.TestLocalDateTime_Properties.testPropertyAddToCopyDay,0.061377245508982034,0.040973432881073295,0.020569620253164556,0.08194686576214659,0.03081281072956411,0.03553176933822758,0.02040381262790874,11.95808383233533,9.689484954142348,7.420886075949367,19.378969908284695,9.158337953605622,9.420168671866366,2.2685988781929813,"[""LocalDateTime$Property"", ""LocalDateTime"", ""TestLocalDateTime_Properties""]","[0.061377245508982034, 0.020569620253164556]","[11.95808383233533, 7.420886075949367]"
org.joda.time.TestLocalDateTime_Properties.testPropertyAddWrapFieldToCopyMinute,0.061377245508982034,0.040973432881073295,0.020569620253164556,0.08194686576214659,0.03081281072956411,0.03553176933822758,0.02040381262790874,11.95808383233533,9.689484954142348,7.420886075949367,19.378969908284695,9.158337953605622,9.420168671866366,2.2685988781929813,"[""LocalDateTime$Property"", ""LocalDateTime"", ""TestLocalDateTime_Properties""]","[0.061377245508982034, 0.020569620253164556]","[11.95808383233533, 7.420886075949367]"
org.joda.time.TestLocalDateTime_Properties.testPropertyAddToCopyYear,0.061377245508982034,0.040973432881073295,0.020569620253164556,0.08194686576214659,0.03081281072956411,0.03553176933822758,0.02040381262790874,11.95808383233533,9.689484954142348,7.420886075949367,19.378969908284695,9.158337953605622,9.420168671866366,2.2685988781929813,"[""LocalDateTime$Property"", ""LocalDateTime"", ""TestLocalDateTime_Properties""]","[0.061377245508982034, 0.020569620253164556]","[11.95808383233533, 7.420886075949367]"
org.joda.time.TestLocalDateTime_Properties.testPropertyWithMinimumValueHour,0.061377245508982034,0.040973432881073295,0.020569620253164556,0.08194686576214659,0.03081281072956411,0.03553176933822758,0.02040381262790874,11.95808383233533,9.689484954142348,7.420886075949367,19.378969908284695,9.158337953605622,9.420168671866366,2.2685988781929813,"[""LocalDateTime$Property"", ""LocalDateTime"", ""TestLocalDateTime_Properties""]","[0.061377245508982034, 0.020569620253164556]","[11.95808383233533, 7.420886075949367]"
org.joda.time.TestLocalDateTime_Properties.testPropertyHashCode,0.061377245508982034,0.040973432881073295,0.020569620253164556,0.08194686576214659,0.03081281072956411,0.03553176933822758,0.02040381262790874,11.95808383233533,9.689484954142348,7.420886075949367,19.378969908284695,9.158337953605622,9.420168671866366,2.2685988781929813,"[""LocalDateTime$Property"", ""LocalDateTime"", ""TestLocalDateTime_Properties""]","[0.061377245508982034, 0.020569620253164556]","[11.95808383233533, 7.420886075949367]"
org.joda.time.TestLocalDateTime_Properties.testPropertyAddToCopySecond,0.061377245508982034,0.040973432881073295,0.020569620253164556,0.08194686576214659,0.03081281072956411,0.03553176933822758,0.02040381262790874,11.95808383233533,9.689484954142348,7.420886075949367,19.378969908284695,9.158337953605622,9.420168671866366,2.2685988781929813,"[""LocalDateTime$Property"", ""LocalDateTime"", ""TestLocalDateTime_Properties""]","[0.061377245508982034, 0.020569620253164556]","[11.95808383233533, 7.420886075949367]"
org.joda.time.TestLocalDateTime_Properties.testPropertySetCopyMonth,0.061377245508982034,0.040973432881073295,0.020569620253164556,0.08194686576214659,0.03081281072956411,0.03553176933822758,0.02040381262790874,11.95808383233533,9.689484954142348,7.420886075949367,19.378969908284695,9.158337953605622,9.420168671866366,2.2685988781929813,"[""LocalDateTime$Property"", ""LocalDateTime"", ""TestLocalDateTime_Properties""]","[0.061377245508982034, 0.020569620253164556]","[11.95808383233533, 7.420886075949367]"
org.joda.time.TestLocalDateTime_Properties.testPropertyGetMaxMinValuesMilli,0.061377245508982034,0.040973432881073295,0.020569620253164556,0.08194686576214659,0.03081281072956411,0.03553176933822758,0.02040381262790874,11.95808383233533,9.689484954142348,7.420886075949367,19.378969908284695,9.158337953605622,9.420168671866366,2.2685988781929813,"[""LocalDateTime$Property"", ""LocalDateTime"", ""TestLocalDateTime_Properties""]","[0.061377245508982034, 0.020569620253164556]","[11.95808383233533, 7.420886075949367]"
org.joda.time.TestLocalDateTime_Properties.testPropertySetCopyTextMonth,0.061377245508982034,0.040973432881073295,0.020569620253164556,0.08194686576214659,0.03081281072956411,0.03553176933822758,0.02040381262790874,11.95808383233533,9.689484954142348,7.420886075949367,19.378969908284695,9.158337953605622,9.420168671866366,2.2685988781929813,"[""LocalDateTime$Property"", ""LocalDateTime"", ""TestLocalDateTime_Properties""]","[0.061377245508982034, 0.020569620253164556]","[11.95808383233533, 7.420886075949367]"
org.joda.time.TestLocalDateTime_Properties.testPropertyGetMaxMinValuesHour,0.061377245508982034,0.040973432881073295,0.020569620253164556,0.08194686576214659,0.03081281072956411,0.03553176933822758,0.02040381262790874,11.95808383233533,9.689484954142348,7.420886075949367,19.378969908284695,9.158337953605622,9.420168671866366,2.2685988781929813,"[""LocalDateTime$Property"", ""LocalDateTime"", ""TestLocalDateTime_Properties""]","[0.061377245508982034, 0.020569620253164556]","[11.95808383233533, 7.420886075949367]"
org.joda.time.TestLocalDateTime_Properties.testPropertyAddWrapFieldToCopyHour,0.061377245508982034,0.040973432881073295,0.020569620253164556,0.08194686576214659,0.03081281072956411,0.03553176933822758,0.02040381262790874,11.95808383233533,9.689484954142348,7.420886075949367,19.378969908284695,9.158337953605622,9.420168671866366,2.2685988781929813,"[""LocalDateTime$Property"", ""LocalDateTime"", ""TestLocalDateTime_Properties""]","[0.061377245508982034, 0.020569620253164556]","[11.95808383233533, 7.420886075949367]"
org.joda.time.convert.TestConverterManager.testGetInstantConverterBadMultipleMatches,0.041970802919708027,0.027218393819836085,0.017094017094017096,0.08165518145950826,0.023698038901418448,0.02530685618406667,0.010670133738486628,5.9939172749391725,3.790575682944428,1.4847374847374848,11.371727048833284,2.734177576374114,3.2600002146069733,1.8422911027313422,"[""TestConverterManager"", ""TestConverterManager$4"", ""Object"", ""DateTime"", ""ConverterManager""]","[0.041970802919708027, 0.022590361445783132, 0.017094017094017096]","[5.9939172749391725, 3.8930722891566263, 1.4847374847374848]"
org.joda.time.convert.TestConverterManager.testGetPartialConverterBadMultipleMatches,0.041970802919708027,0.027218393819836085,0.017094017094017096,0.08165518145950826,0.023698038901418448,0.02530685618406667,0.010670133738486628,5.9939172749391725,3.790575682944428,1.4847374847374848,11.371727048833284,2.734177576374114,3.2600002146069733,1.8422911027313422,"[""TestConverterManager"", ""TestConverterManager$9"", ""Object"", ""DateTime"", ""ConverterManager""]","[0.041970802919708027, 0.022590361445783132, 0.017094017094017096]","[5.9939172749391725, 3.8930722891566263, 1.4847374847374848]"
org.joda.time.TestPeriod_Basics.testToStandardHours_years,0.031857031857031856,0.0272055429297877,0.023423423423423424,0.0816166287893631,0.026773011488569788,0.02698585098833786,0.003497455283996121,6.344694035631294,4.740050437029523,2.744144144144144,14.22015131108857,4.184647591683905,4.470423909283165,1.4957283069295668,"[""Hours"", ""TestPeriod_Basics"", ""Period""]","[0.031857031857031856, 0.026336173508907823, 0.023423423423423424]","[5.1313131313131315, 6.344694035631294, 2.744144144144144]"
org.joda.time.TestPeriod_Basics.testToStandardDays,0.031857031857031856,0.0272055429297877,0.023423423423423424,0.0816166287893631,0.026773011488569788,0.02698585098833786,0.003497455283996121,6.344694035631294,4.740651037630124,2.745945945945946,14.221953112890372,4.186043797735266,4.471402120235457,1.49492688936819,"[""Days"", ""BigInteger"", ""TestPeriod_Basics"", ""Period""]","[0.031857031857031856, 0.026336173508907823, 0.023423423423423424]","[5.1313131313131315, 6.344694035631294, 2.745945945945946]"
org.joda.time.TestPeriod_Basics.testToStandardSeconds_years,0.031857031857031856,0.0272055429297877,0.023423423423423424,0.0816166287893631,0.026773011488569788,0.02698585098833786,0.003497455283996121,6.344694035631294,4.704615001594088,2.637837837837838,14.113845004782263,4.100644784320601,4.411934927471132,1.5431027592071838,"[""Seconds"", ""TestPeriod_Basics"", ""Period""]","[0.031857031857031856, 0.026336173508907823, 0.023423423423423424]","[5.1313131313131315, 6.344694035631294, 2.637837837837838]"
org.joda.time.TestPeriod_Basics.testToStandardSeconds_months,0.031857031857031856,0.0272055429297877,0.023423423423423424,0.0816166287893631,0.026773011488569788,0.02698585098833786,0.003497455283996121,6.344694035631294,4.704615001594088,2.637837837837838,14.113845004782263,4.100644784320601,4.411934927471132,1.5431027592071838,"[""Seconds"", ""TestPeriod_Basics"", ""Period""]","[0.031857031857031856, 0.026336173508907823, 0.023423423423423424]","[5.1313131313131315, 6.344694035631294, 2.637837837837838]"
org.joda.time.TestPeriod_Basics.testToStandardMinutes_years,0.031857031857031856,0.0272055429297877,0.023423423423423424,0.0816166287893631,0.026773011488569788,0.02698585098833786,0.003497455283996121,6.344694035631294,4.704615001594088,2.637837837837838,14.113845004782263,4.100644784320601,4.411934927471132,1.5431027592071838,"[""TestPeriod_Basics"", ""Minutes"", ""Period""]","[0.031857031857031856, 0.026336173508907823, 0.023423423423423424]","[5.1313131313131315, 6.344694035631294, 2.637837837837838]"
org.joda.time.TestPeriod_Basics.testToStandardMinutes,0.031857031857031856,0.0272055429297877,0.023423423423423424,0.0816166287893631,0.026773011488569788,0.02698585098833786,0.003497455283996121,6.344694035631294,4.704615001594088,2.637837837837838,14.113845004782263,4.100644784320601,4.411934927471132,1.5431027592071838,"[""BigInteger"", ""TestPeriod_Basics"", ""Minutes"", ""Period""]","[0.031857031857031856, 0.026336173508907823, 0.023423423423423424]","[5.1313131313131315, 6.344694035631294, 2.637837837837838]"
org.joda.time.TestPeriod_Basics.testToStandardDays_months,0.031857031857031856,0.0272055429297877,0.023423423423423424,0.0816166287893631,0.026773011488569788,0.02698585098833786,0.003497455283996121,6.344694035631294,4.740651037630124,2.745945945945946,14.221953112890372,4.186043797735266,4.471402120235457,1.49492688936819,"[""Days"", ""TestPeriod_Basics"", ""Period""]","[0.031857031857031856, 0.026336173508907823, 0.023423423423423424]","[5.1313131313131315, 6.344694035631294, 2.745945945945946]"
org.joda.time.TestPeriod_Basics.testToStandardHours,0.031857031857031856,0.0272055429297877,0.023423423423423424,0.0816166287893631,0.026773011488569788,0.02698585098833786,0.003497455283996121,6.344694035631294,4.740050437029523,2.744144144144144,14.22015131108857,4.184647591683905,4.470423909283165,1.4957283069295668,"[""Hours"", ""TestPeriod_Basics"", ""BigInteger"", ""Period""]","[0.031857031857031856, 0.026336173508907823, 0.023423423423423424]","[5.1313131313131315, 6.344694035631294, 2.744144144144144]"
org.joda.time.TestPeriod_Basics.testToStandardWeeks_months,0.031857031857031856,0.0272055429297877,0.023423423423423424,0.0816166287893631,0.026773011488569788,0.02698585098833786,0.003497455283996121,6.344694035631294,4.715425812404899,2.67027027027027,14.146277437214696,4.126616534547233,4.4299430247355005,1.5286310211828926,"[""TestPeriod_Basics"", ""Weeks"", ""Period""]","[0.031857031857031856, 0.026336173508907823, 0.023423423423423424]","[5.1313131313131315, 6.344694035631294, 2.67027027027027]"
org.joda.time.TestPeriod_Basics.testToStandardWeeks,0.031857031857031856,0.0272055429297877,0.023423423423423424,0.0816166287893631,0.026773011488569788,0.02698585098833786,0.003497455283996121,6.344694035631294,4.715425812404899,2.67027027027027,14.146277437214696,4.126616534547233,4.4299430247355005,1.5286310211828926,"[""BigInteger"", ""TestPeriod_Basics"", ""Weeks"", ""Period""]","[0.031857031857031856, 0.026336173508907823, 0.023423423423423424]","[5.1313131313131315, 6.344694035631294, 2.67027027027027]"
org.joda.time.TestPeriod_Basics.testToStandardDays_years,0.031857031857031856,0.0272055429297877,0.023423423423423424,0.0816166287893631,0.026773011488569788,0.02698585098833786,0.003497455283996121,6.344694035631294,4.740651037630124,2.745945945945946,14.221953112890372,4.186043797735266,4.471402120235457,1.49492688936819,"[""Days"", ""TestPeriod_Basics"", ""Period""]","[0.031857031857031856, 0.026336173508907823, 0.023423423423423424]","[5.1313131313131315, 6.344694035631294, 2.745945945945946]"
org.joda.time.TestPeriod_Basics.testToStandardMinutes_months,0.031857031857031856,0.0272055429297877,0.023423423423423424,0.0816166287893631,0.026773011488569788,0.02698585098833786,0.003497455283996121,6.344694035631294,4.704615001594088,2.637837837837838,14.113845004782263,4.100644784320601,4.411934927471132,1.5431027592071838,"[""TestPeriod_Basics"", ""Minutes"", ""Period""]","[0.031857031857031856, 0.026336173508907823, 0.023423423423423424]","[5.1313131313131315, 6.344694035631294, 2.637837837837838]"
org.joda.time.TestPeriod_Basics.testToStandardSeconds,0.031857031857031856,0.0272055429297877,0.023423423423423424,0.0816166287893631,0.026773011488569788,0.02698585098833786,0.003497455283996121,6.344694035631294,4.704615001594088,2.637837837837838,14.113845004782263,4.100644784320601,4.411934927471132,1.5431027592071838,"[""Seconds"", ""TestPeriod_Basics"", ""Period""]","[0.031857031857031856, 0.026336173508907823, 0.023423423423423424]","[5.1313131313131315, 6.344694035631294, 2.637837837837838]"
org.joda.time.TestPeriod_Basics.testToStandardHours_months,0.031857031857031856,0.0272055429297877,0.023423423423423424,0.0816166287893631,0.026773011488569788,0.02698585098833786,0.003497455283996121,6.344694035631294,4.740050437029523,2.744144144144144,14.22015131108857,4.184647591683905,4.470423909283165,1.4957283069295668,"[""Hours"", ""TestPeriod_Basics"", ""Period""]","[0.031857031857031856, 0.026336173508907823, 0.023423423423423424]","[5.1313131313131315, 6.344694035631294, 2.744144144144144]"
org.joda.time.TestPeriod_Basics.testToStandardWeeks_years,0.031857031857031856,0.0272055429297877,0.023423423423423424,0.0816166287893631,0.026773011488569788,0.02698585098833786,0.003497455283996121,6.344694035631294,4.715425812404899,2.67027027027027,14.146277437214696,4.126616534547233,4.4299430247355005,1.5286310211828926,"[""TestPeriod_Basics"", ""Weeks"", ""Period""]","[0.031857031857031856, 0.026336173508907823, 0.023423423423423424]","[5.1313131313131315, 6.344694035631294, 2.67027027027027]"
org.joda.time.TestYearMonthDay_Basics.testWithField1,0.03952011291460833,0.027172442705443566,0.017691659646166806,0.0815173281163307,0.024396146957742386,0.02570972521462196,0.009139096398469548,3.5356386732533522,3.083862595443401,2.2350463352990735,9.251587786330203,2.9483040123393263,3.018668573038712,0.6006195618844652,"[""DateTimeFieldType"", ""YearMonthDay"", ""TestYearMonthDay_Basics""]","[0.03952011291460833, 0.024305555555555556, 0.017691659646166806]","[3.5356386732533522, 3.4809027777777777, 2.2350463352990735]"
org.joda.time.TestYearMonthDay_Basics.testGetFieldType,0.03952011291460833,0.027172442705443566,0.017691659646166806,0.0815173281163307,0.024396146957742386,0.02570972521462196,0.009139096398469548,3.5356386732533522,3.083862595443401,2.2350463352990735,9.251587786330203,2.9483040123393263,3.018668573038712,0.6006195618844652,"[""DateTimeFieldType"", ""YearMonthDay"", ""TestYearMonthDay_Basics""]","[0.03952011291460833, 0.024305555555555556, 0.017691659646166806]","[3.5356386732533522, 3.4809027777777777, 2.2350463352990735]"
org.joda.time.TestYearMonthDay_Basics.testGet,0.03952011291460833,0.027172442705443566,0.017691659646166806,0.0815173281163307,0.024396146957742386,0.02570972521462196,0.009139096398469548,3.5356386732533522,3.083862595443401,2.2350463352990735,9.251587786330203,2.9483040123393263,3.018668573038712,0.6006195618844652,"[""DateTimeFieldType"", ""YearMonthDay"", ""TestYearMonthDay_Basics""]","[0.03952011291460833, 0.024305555555555556, 0.017691659646166806]","[3.5356386732533522, 3.4809027777777777, 2.2350463352990735]"
org.joda.time.TestYearMonthDay_Basics.testWithField4,0.03952011291460833,0.027172442705443566,0.017691659646166806,0.0815173281163307,0.024396146957742386,0.02570972521462196,0.009139096398469548,3.5356386732533522,3.083862595443401,2.2350463352990735,9.251587786330203,2.9483040123393263,3.018668573038712,0.6006195618844652,"[""DateTimeFieldType"", ""YearMonthDay"", ""TestYearMonthDay_Basics""]","[0.03952011291460833, 0.024305555555555556, 0.017691659646166806]","[3.5356386732533522, 3.4809027777777777, 2.2350463352990735]"
org.joda.time.TestYearMonthDay_Basics.testWithField3,0.03952011291460833,0.027172442705443566,0.017691659646166806,0.0815173281163307,0.024396146957742386,0.02570972521462196,0.009139096398469548,3.5356386732533522,3.083862595443401,2.2350463352990735,9.251587786330203,2.9483040123393263,3.018668573038712,0.6006195618844652,"[""DateTimeFieldType"", ""YearMonthDay"", ""TestYearMonthDay_Basics""]","[0.03952011291460833, 0.024305555555555556, 0.017691659646166806]","[3.5356386732533522, 3.4809027777777777, 2.2350463352990735]"
org.joda.time.TestYearMonthDay_Basics.testIsSupported,0.03952011291460833,0.027172442705443566,0.017691659646166806,0.0815173281163307,0.024396146957742386,0.02570972521462196,0.009139096398469548,3.5356386732533522,3.083862595443401,2.2350463352990735,9.251587786330203,2.9483040123393263,3.018668573038712,0.6006195618844652,"[""DateTimeFieldType"", ""YearMonthDay"", ""TestYearMonthDay_Basics""]","[0.03952011291460833, 0.024305555555555556, 0.017691659646166806]","[3.5356386732533522, 3.4809027777777777, 2.2350463352990735]"
org.joda.time.TestYearMonthDay_Basics.testProperty,0.03952011291460833,0.027172442705443566,0.017691659646166806,0.0815173281163307,0.024396146957742386,0.02570972521462196,0.009139096398469548,3.5356386732533522,3.083862595443401,2.2350463352990735,9.251587786330203,2.9483040123393263,3.018668573038712,0.6006195618844652,"[""DateTimeFieldType"", ""YearMonthDay"", ""TestYearMonthDay_Basics""]","[0.03952011291460833, 0.024305555555555556, 0.017691659646166806]","[3.5356386732533522, 3.4809027777777777, 2.2350463352990735]"
org.joda.time.TestYearMonthDay_Basics.testGetFieldTypes,0.03952011291460833,0.027172442705443566,0.017691659646166806,0.0815173281163307,0.024396146957742386,0.02570972521462196,0.009139096398469548,3.5356386732533522,3.083862595443401,2.2350463352990735,9.251587786330203,2.9483040123393263,3.018668573038712,0.6006195618844652,"[""DateTimeFieldType"", ""YearMonthDay"", ""TestYearMonthDay_Basics""]","[0.03952011291460833, 0.024305555555555556, 0.017691659646166806]","[3.5356386732533522, 3.4809027777777777, 2.2350463352990735]"
org.joda.time.TestPartial_Basics.testGetField,0.024943310657596373,0.020372236202763377,0.015873015873015872,0.08148894481105351,0.019691919493295372,0.02003030515880187,0.0037124327821417935,4.26530612244898,2.761894795962764,0.8850952068286277,11.047579183851056,1.918690913683468,2.3577088071675774,1.3105931646475608,"[""Partial"", ""DateTimeFieldType"", ""TestPartial_Basics"", ""CopticChronology""]","[0.024943310657596373, 0.02298095863427446, 0.017691659646166806, 0.015873015873015872]","[3.6621315192743764, 0.8850952068286277, 2.2350463352990735, 4.26530612244898]"
org.joda.time.TestPartial_Basics.testGetFields,0.024943310657596373,0.020372236202763377,0.015873015873015872,0.08148894481105351,0.019691919493295372,0.02003030515880187,0.0037124327821417935,4.26530612244898,2.761894795962764,0.8850952068286277,11.047579183851056,1.918690913683468,2.3577088071675774,1.3105931646475608,"[""Partial"", ""DateTimeFieldType"", ""TestPartial_Basics"", ""CopticChronology""]","[0.024943310657596373, 0.02298095863427446, 0.017691659646166806, 0.015873015873015872]","[3.6621315192743764, 0.8850952068286277, 2.2350463352990735, 4.26530612244898]"
org.joda.time.TestPartial_Basics.testSerialization,0.024943310657596373,0.013572999499723378,0.007633587786259542,0.08143799699834027,0.01086730673482909,0.01209311463811747,0.0065449812454564426,4.26530612244898,1.742149443120382,0.08812260536398467,10.452896658722292,0.18668383148679846,0.5615980313467598,1.7520111965632479,"[""ByteArrayOutputStream"", ""Arrays"", ""DateTimeFieldType"", ""TestPartial_Basics"", ""ObjectInputStream"", ""Partial"", ""ObjectOutputStream"", ""ByteArrayInputStream""]","[0.024943310657596373, 0.017691659646166806, 0.015873015873015872, 0.007662835249042145, 0.007633587786259542, 0.007633587786259542]","[3.6621315192743764, 2.2350463352990735, 4.26530612244898, 0.08812260536398467, 0.09541984732824428, 0.10687022900763359]"
org.joda.time.TestBaseSingleFieldPeriod.testGet,0.023423423423423424,0.02032223487412858,0.013479359730412805,0.08128893949651432,0.019297957753073077,0.019842869482682206,0.004076454305362948,3.9332298136645965,2.404026656190954,1.2468407750631845,9.616106624763816,2.026271838715169,2.2064906667915576,0.9898550220473704,"[""BaseSingleFieldPeriod"", ""TestBaseSingleFieldPeriod$Single"", ""TestBaseSingleFieldPeriod"", ""PeriodType"", ""DurationFieldType""]","[0.023423423423423424, 0.023423423423423424, 0.02096273291925466, 0.013479359730412805]","[2.511711711711712, 1.9243243243243244, 3.9332298136645965, 1.2468407750631845]"
org.joda.time.TestBaseSingleFieldPeriod.testFieldTypeIndexMethods,0.023423423423423424,0.02032223487412858,0.013479359730412805,0.08128893949651432,0.019297957753073077,0.019842869482682206,0.004076454305362948,3.9332298136645965,2.404026656190954,1.2468407750631845,9.616106624763816,2.026271838715169,2.2064906667915576,0.9898550220473704,"[""BaseSingleFieldPeriod"", ""TestBaseSingleFieldPeriod$Single"", ""TestBaseSingleFieldPeriod"", ""PeriodType"", ""DurationFieldType""]","[0.023423423423423424, 0.023423423423423424, 0.02096273291925466, 0.013479359730412805]","[2.511711711711712, 1.9243243243243244, 3.9332298136645965, 1.2468407750631845]"
org.joda.time.TestBaseSingleFieldPeriod.testIsSupported,0.023423423423423424,0.02032223487412858,0.013479359730412805,0.08128893949651432,0.019297957753073077,0.019842869482682206,0.004076454305362948,3.9332298136645965,2.404026656190954,1.2468407750631845,9.616106624763816,2.026271838715169,2.2064906667915576,0.9898550220473704,"[""BaseSingleFieldPeriod"", ""TestBaseSingleFieldPeriod$Single"", ""TestBaseSingleFieldPeriod"", ""PeriodType"", ""DurationFieldType""]","[0.023423423423423424, 0.023423423423423424, 0.02096273291925466, 0.013479359730412805]","[2.511711711711712, 1.9243243243243244, 3.9332298136645965, 1.2468407750631845]"
org.joda.time.TestBaseSingleFieldPeriod.testValueIndexMethods,0.023423423423423424,0.02032223487412858,0.013479359730412805,0.08128893949651432,0.019297957753073077,0.019842869482682206,0.004076454305362948,3.9332298136645965,2.404026656190954,1.2468407750631845,9.616106624763816,2.026271838715169,2.2064906667915576,0.9898550220473704,"[""BaseSingleFieldPeriod"", ""TestBaseSingleFieldPeriod$Single"", ""TestBaseSingleFieldPeriod"", ""PeriodType"", ""DurationFieldType""]","[0.023423423423423424, 0.023423423423423424, 0.02096273291925466, 0.013479359730412805]","[2.511711711711712, 1.9243243243243244, 3.9332298136645965, 1.2468407750631845]"
org.joda.time.TestBaseSingleFieldPeriod.testCompareTo,0.023423423423423424,0.02032223487412858,0.013479359730412805,0.08128893949651432,0.019297957753073077,0.019842869482682206,0.004076454305362948,3.9332298136645965,2.404026656190954,1.2468407750631845,9.616106624763816,2.026271838715169,2.2064906667915576,0.9898550220473704,"[""BaseSingleFieldPeriod"", ""TestBaseSingleFieldPeriod$Single"", ""TestBaseSingleFieldPeriod"", ""PeriodType"", ""DurationFieldType""]","[0.023423423423423424, 0.023423423423423424, 0.02096273291925466, 0.013479359730412805]","[2.511711711711712, 1.9243243243243244, 3.9332298136645965, 1.2468407750631845]"
org.joda.time.TestBaseSingleFieldPeriod.testGetSetValue,0.023423423423423424,0.02032223487412858,0.013479359730412805,0.08128893949651432,0.019297957753073077,0.019842869482682206,0.004076454305362948,3.9332298136645965,2.404026656190954,1.2468407750631845,9.616106624763816,2.026271838715169,2.2064906667915576,0.9898550220473704,"[""BaseSingleFieldPeriod"", ""TestBaseSingleFieldPeriod$Single"", ""TestBaseSingleFieldPeriod"", ""PeriodType"", ""DurationFieldType""]","[0.023423423423423424, 0.023423423423423424, 0.02096273291925466, 0.013479359730412805]","[2.511711711711712, 1.9243243243243244, 3.9332298136645965, 1.2468407750631845]"
org.joda.time.TestChronology.testEqualsHashCode_Lenient,0.041970802919708027,0.02027230577248526,0.009157509157509158,0.08108922308994104,0.015005784838792927,0.017136371838947534,0.012752189182972488,5.9939172749391725,2.1551223444830603,0.5561660561660562,8.620489377932241,0.9768395136605207,1.3416798058837935,2.2361056571274385,"[""Object"", ""TestChronology"", ""LenientChronology"", ""ISOChronology"", ""DateTime""]","[0.041970802919708027, 0.015206812652068127, 0.014754098360655738, 0.009157509157509158]","[5.9939172749391725, 0.7195863746958637, 1.3508196721311476, 0.5561660561660562]"
org.joda.time.TestLocalTime_Basics.testWithers,0.05547226386806597,0.04051808682125103,0.02556390977443609,0.08103617364250205,0.03499888715780103,0.03765750852760906,0.014954177046814938,8.113943028485757,6.608099333791751,5.102255639097744,13.216198667583502,6.264949947211849,6.434237450732549,1.5058436946940064,"[""TestLocalTime_Basics"", ""LocalTime""]","[0.05547226386806597, 0.02556390977443609]","[8.113943028485757, 5.102255639097744]"
org.joda.time.TestLocalTime_Basics.testToString,0.05547226386806597,0.04051808682125103,0.02556390977443609,0.08103617364250205,0.03499888715780103,0.03765750852760906,0.014954177046814938,8.113943028485757,6.608099333791751,5.102255639097744,13.216198667583502,6.264949947211849,6.434237450732549,1.5058436946940064,"[""TestLocalTime_Basics"", ""LocalTime""]","[0.05547226386806597, 0.02556390977443609]","[8.113943028485757, 5.102255639097744]"
org.joda.time.TestLocalTime_Basics.testWithFieldAdded_DurationFieldType_int_3,0.05547226386806597,0.04051808682125103,0.02556390977443609,0.08103617364250205,0.03499888715780103,0.03765750852760906,0.014954177046814938,8.113943028485757,6.608099333791751,5.102255639097744,13.216198667583502,6.264949947211849,6.434237450732549,1.5058436946940064,"[""TestLocalTime_Basics"", ""LocalTime""]","[0.05547226386806597, 0.02556390977443609]","[8.113943028485757, 5.102255639097744]"
org.joda.time.TestLocalTime_Basics.testMinusHours_int,0.05547226386806597,0.04051808682125103,0.02556390977443609,0.08103617364250205,0.03499888715780103,0.03765750852760906,0.014954177046814938,8.113943028485757,6.608099333791751,5.102255639097744,13.216198667583502,6.264949947211849,6.434237450732549,1.5058436946940064,"[""TestLocalTime_Basics"", ""LocalTime""]","[0.05547226386806597, 0.02556390977443609]","[8.113943028485757, 5.102255639097744]"
org.joda.time.TestLocalTime_Basics.testToString_String,0.05547226386806597,0.04051808682125103,0.02556390977443609,0.08103617364250205,0.03499888715780103,0.03765750852760906,0.014954177046814938,8.113943028485757,6.608099333791751,5.102255639097744,13.216198667583502,6.264949947211849,6.434237450732549,1.5058436946940064,"[""TestLocalTime_Basics"", ""LocalTime""]","[0.05547226386806597, 0.02556390977443609]","[8.113943028485757, 5.102255639097744]"
org.joda.time.TestLocalTime_Basics.testPlusMillis_int,0.05547226386806597,0.04051808682125103,0.02556390977443609,0.08103617364250205,0.03499888715780103,0.03765750852760906,0.014954177046814938,8.113943028485757,6.608099333791751,5.102255639097744,13.216198667583502,6.264949947211849,6.434237450732549,1.5058436946940064,"[""TestLocalTime_Basics"", ""LocalTime""]","[0.05547226386806597, 0.02556390977443609]","[8.113943028485757, 5.102255639097744]"
org.joda.time.TestLocalTime_Basics.testPlusHours_int,0.05547226386806597,0.04051808682125103,0.02556390977443609,0.08103617364250205,0.03499888715780103,0.03765750852760906,0.014954177046814938,8.113943028485757,6.608099333791751,5.102255639097744,13.216198667583502,6.264949947211849,6.434237450732549,1.5058436946940064,"[""TestLocalTime_Basics"", ""LocalTime""]","[0.05547226386806597, 0.02556390977443609]","[8.113943028485757, 5.102255639097744]"
org.joda.time.TestLocalTime_Basics.testSize,0.05547226386806597,0.04051808682125103,0.02556390977443609,0.08103617364250205,0.03499888715780103,0.03765750852760906,0.014954177046814938,8.113943028485757,6.608099333791751,5.102255639097744,13.216198667583502,6.264949947211849,6.434237450732549,1.5058436946940064,"[""TestLocalTime_Basics"", ""LocalTime""]","[0.05547226386806597, 0.02556390977443609]","[8.113943028485757, 5.102255639097744]"
org.joda.time.TestLocalTime_Basics.testMinusMinutes_int,0.05547226386806597,0.04051808682125103,0.02556390977443609,0.08103617364250205,0.03499888715780103,0.03765750852760906,0.014954177046814938,8.113943028485757,6.608099333791751,5.102255639097744,13.216198667583502,6.264949947211849,6.434237450732549,1.5058436946940064,"[""TestLocalTime_Basics"", ""LocalTime""]","[0.05547226386806597, 0.02556390977443609]","[8.113943028485757, 5.102255639097744]"
org.joda.time.TestLocalTime_Basics.testPlusSeconds_int,0.05547226386806597,0.04051808682125103,0.02556390977443609,0.08103617364250205,0.03499888715780103,0.03765750852760906,0.014954177046814938,8.113943028485757,6.608099333791751,5.102255639097744,13.216198667583502,6.264949947211849,6.434237450732549,1.5058436946940064,"[""TestLocalTime_Basics"", ""LocalTime""]","[0.05547226386806597, 0.02556390977443609]","[8.113943028485757, 5.102255639097744]"
org.joda.time.TestLocalTime_Basics.testMinusMillis_int,0.05547226386806597,0.04051808682125103,0.02556390977443609,0.08103617364250205,0.03499888715780103,0.03765750852760906,0.014954177046814938,8.113943028485757,6.608099333791751,5.102255639097744,13.216198667583502,6.264949947211849,6.434237450732549,1.5058436946940064,"[""TestLocalTime_Basics"", ""LocalTime""]","[0.05547226386806597, 0.02556390977443609]","[8.113943028485757, 5.102255639097744]"
org.joda.time.TestLocalTime_Basics.testGetValues,0.05547226386806597,0.04051808682125103,0.02556390977443609,0.08103617364250205,0.03499888715780103,0.03765750852760906,0.014954177046814938,8.113943028485757,6.608099333791751,5.102255639097744,13.216198667583502,6.264949947211849,6.434237450732549,1.5058436946940064,"[""TestLocalTime_Basics"", ""LocalTime""]","[0.05547226386806597, 0.02556390977443609]","[8.113943028485757, 5.102255639097744]"
org.joda.time.TestLocalTime_Basics.testGetValue_int,0.05547226386806597,0.04051808682125103,0.02556390977443609,0.08103617364250205,0.03499888715780103,0.03765750852760906,0.014954177046814938,8.113943028485757,6.608099333791751,5.102255639097744,13.216198667583502,6.264949947211849,6.434237450732549,1.5058436946940064,"[""TestLocalTime_Basics"", ""LocalTime""]","[0.05547226386806597, 0.02556390977443609]","[8.113943028485757, 5.102255639097744]"
org.joda.time.TestLocalTime_Basics.testGetters,0.05547226386806597,0.04051808682125103,0.02556390977443609,0.08103617364250205,0.03499888715780103,0.03765750852760906,0.014954177046814938,8.113943028485757,6.608099333791751,5.102255639097744,13.216198667583502,6.264949947211849,6.434237450732549,1.5058436946940064,"[""TestLocalTime_Basics"", ""LocalTime""]","[0.05547226386806597, 0.02556390977443609]","[8.113943028485757, 5.102255639097744]"
org.joda.time.TestLocalTime_Basics.testToString_String_Locale,0.05547226386806597,0.04051808682125103,0.02556390977443609,0.08103617364250205,0.03499888715780103,0.03765750852760906,0.014954177046814938,8.113943028485757,6.608099333791751,5.102255639097744,13.216198667583502,6.264949947211849,6.434237450732549,1.5058436946940064,"[""TestLocalTime_Basics"", ""LocalTime""]","[0.05547226386806597, 0.02556390977443609]","[8.113943028485757, 5.102255639097744]"
org.joda.time.TestLocalTime_Basics.testWithFieldAdded_DurationFieldType_int_2,0.05547226386806597,0.04051808682125103,0.02556390977443609,0.08103617364250205,0.03499888715780103,0.03765750852760906,0.014954177046814938,8.113943028485757,6.608099333791751,5.102255639097744,13.216198667583502,6.264949947211849,6.434237450732549,1.5058436946940064,"[""TestLocalTime_Basics"", ""LocalTime""]","[0.05547226386806597, 0.02556390977443609]","[8.113943028485757, 5.102255639097744]"
org.joda.time.TestLocalTime_Basics.testMinusSeconds_int,0.05547226386806597,0.04051808682125103,0.02556390977443609,0.08103617364250205,0.03499888715780103,0.03765750852760906,0.014954177046814938,8.113943028485757,6.608099333791751,5.102255639097744,13.216198667583502,6.264949947211849,6.434237450732549,1.5058436946940064,"[""TestLocalTime_Basics"", ""LocalTime""]","[0.05547226386806597, 0.02556390977443609]","[8.113943028485757, 5.102255639097744]"
org.joda.time.TestLocalTime_Basics.testWithField_DateTimeFieldType_int_2,0.05547226386806597,0.04051808682125103,0.02556390977443609,0.08103617364250205,0.03499888715780103,0.03765750852760906,0.014954177046814938,8.113943028485757,6.608099333791751,5.102255639097744,13.216198667583502,6.264949947211849,6.434237450732549,1.5058436946940064,"[""TestLocalTime_Basics"", ""LocalTime""]","[0.05547226386806597, 0.02556390977443609]","[8.113943028485757, 5.102255639097744]"
org.joda.time.TestLocalTime_Basics.testPlusMinutes_int,0.05547226386806597,0.04051808682125103,0.02556390977443609,0.08103617364250205,0.03499888715780103,0.03765750852760906,0.014954177046814938,8.113943028485757,6.608099333791751,5.102255639097744,13.216198667583502,6.264949947211849,6.434237450732549,1.5058436946940064,"[""TestLocalTime_Basics"", ""LocalTime""]","[0.05547226386806597, 0.02556390977443609]","[8.113943028485757, 5.102255639097744]"
org.joda.time.TestMonthDay_Constructors.testConstructor_long_nullChronology,0.044534412955465584,0.040485829959514164,0.03643724696356275,0.08097165991902833,0.04008097165991902,0.04028289219055142,0.004048582995951417,7.753036437246964,5.605263157894737,3.45748987854251,11.210526315789474,4.782299109721132,5.177455457051529,2.1477732793522266,"[""MonthDay"", ""TestMonthDay_Constructors""]","[0.044534412955465584, 0.03643724696356275]","[7.753036437246964, 3.45748987854251]"
org.joda.time.TestMonthDay_Constructors.testConstructor_int_int_nullChronology,0.044534412955465584,0.040485829959514164,0.03643724696356275,0.08097165991902833,0.04008097165991902,0.04028289219055142,0.004048582995951417,7.753036437246964,5.605263157894737,3.45748987854251,11.210526315789474,4.782299109721132,5.177455457051529,2.1477732793522266,"[""MonthDay"", ""TestMonthDay_Constructors""]","[0.044534412955465584, 0.03643724696356275]","[7.753036437246964, 3.45748987854251]"
org.joda.time.TestMonthDay_Constructors.testConstructor_long1,0.044534412955465584,0.040485829959514164,0.03643724696356275,0.08097165991902833,0.04008097165991902,0.04028289219055142,0.004048582995951417,7.753036437246964,5.605263157894737,3.45748987854251,11.210526315789474,4.782299109721132,5.177455457051529,2.1477732793522266,"[""MonthDay"", ""TestMonthDay_Constructors""]","[0.044534412955465584, 0.03643724696356275]","[7.753036437246964, 3.45748987854251]"
org.joda.time.TestMonthDay_Constructors.testConstructor_nullObject_Chronology,0.044534412955465584,0.040485829959514164,0.03643724696356275,0.08097165991902833,0.04008097165991902,0.04028289219055142,0.004048582995951417,7.753036437246964,5.605263157894737,3.45748987854251,11.210526315789474,4.782299109721132,5.177455457051529,2.1477732793522266,"[""MonthDay"", ""TestMonthDay_Constructors""]","[0.044534412955465584, 0.03643724696356275]","[7.753036437246964, 3.45748987854251]"
org.joda.time.TestMonthDay_Constructors.testConstructor_nullObject_nullChronology,0.044534412955465584,0.040485829959514164,0.03643724696356275,0.08097165991902833,0.04008097165991902,0.04028289219055142,0.004048582995951417,7.753036437246964,5.605263157894737,3.45748987854251,11.210526315789474,4.782299109721132,5.177455457051529,2.1477732793522266,"[""MonthDay"", ""TestMonthDay_Constructors""]","[0.044534412955465584, 0.03643724696356275]","[7.753036437246964, 3.45748987854251]"
org.joda.time.TestMonthDay_Constructors.testConstructor_long2,0.044534412955465584,0.040485829959514164,0.03643724696356275,0.08097165991902833,0.04008097165991902,0.04028289219055142,0.004048582995951417,7.753036437246964,5.605263157894737,3.45748987854251,11.210526315789474,4.782299109721132,5.177455457051529,2.1477732793522266,"[""MonthDay"", ""TestMonthDay_Constructors""]","[0.044534412955465584, 0.03643724696356275]","[7.753036437246964, 3.45748987854251]"
org.joda.time.TestMonthDay_Constructors.testConstructor_long2_Chronology,0.044534412955465584,0.040485829959514164,0.03643724696356275,0.08097165991902833,0.04008097165991902,0.04028289219055142,0.004048582995951417,7.753036437246964,5.605263157894737,3.45748987854251,11.210526315789474,4.782299109721132,5.177455457051529,2.1477732793522266,"[""MonthDay"", ""TestMonthDay_Constructors""]","[0.044534412955465584, 0.03643724696356275]","[7.753036437246964, 3.45748987854251]"
org.joda.time.TestMonthDay_Constructors.testConstructor,0.044534412955465584,0.040485829959514164,0.03643724696356275,0.08097165991902833,0.04008097165991902,0.04028289219055142,0.004048582995951417,7.753036437246964,5.605263157894737,3.45748987854251,11.210526315789474,4.782299109721132,5.177455457051529,2.1477732793522266,"[""MonthDay"", ""TestMonthDay_Constructors""]","[0.044534412955465584, 0.03643724696356275]","[7.753036437246964, 3.45748987854251]"
org.joda.time.TestMonthDay_Constructors.testConstructor_int_int_Chronology,0.044534412955465584,0.040485829959514164,0.03643724696356275,0.08097165991902833,0.04008097165991902,0.04028289219055142,0.004048582995951417,7.753036437246964,5.605263157894737,3.45748987854251,11.210526315789474,4.782299109721132,5.177455457051529,2.1477732793522266,"[""MonthDay"", ""TestMonthDay_Constructors""]","[0.044534412955465584, 0.03643724696356275]","[7.753036437246964, 3.45748987854251]"
org.joda.time.TestMonthDay_Constructors.testConstructor_ObjectString5,0.044534412955465584,0.040485829959514164,0.03643724696356275,0.08097165991902833,0.04008097165991902,0.04028289219055142,0.004048582995951417,7.753036437246964,5.605263157894737,3.45748987854251,11.210526315789474,4.782299109721132,5.177455457051529,2.1477732793522266,"[""MonthDay"", ""TestMonthDay_Constructors""]","[0.044534412955465584, 0.03643724696356275]","[7.753036437246964, 3.45748987854251]"
org.joda.time.TestMonthDay_Constructors.testConstructor_ObjectString1,0.044534412955465584,0.040485829959514164,0.03643724696356275,0.08097165991902833,0.04008097165991902,0.04028289219055142,0.004048582995951417,7.753036437246964,5.605263157894737,3.45748987854251,11.210526315789474,4.782299109721132,5.177455457051529,2.1477732793522266,"[""MonthDay"", ""TestMonthDay_Constructors""]","[0.044534412955465584, 0.03643724696356275]","[7.753036437246964, 3.45748987854251]"
org.joda.time.TestMonthDay_Constructors.testConstructor_long1_Chronology,0.044534412955465584,0.040485829959514164,0.03643724696356275,0.08097165991902833,0.04008097165991902,0.04028289219055142,0.004048582995951417,7.753036437246964,5.605263157894737,3.45748987854251,11.210526315789474,4.782299109721132,5.177455457051529,2.1477732793522266,"[""MonthDay"", ""TestMonthDay_Constructors""]","[0.044534412955465584, 0.03643724696356275]","[7.753036437246964, 3.45748987854251]"
org.joda.time.TestMonthDay_Constructors.testConstructor_nullObject,0.044534412955465584,0.040485829959514164,0.03643724696356275,0.08097165991902833,0.04008097165991902,0.04028289219055142,0.004048582995951417,7.753036437246964,5.605263157894737,3.45748987854251,11.210526315789474,4.782299109721132,5.177455457051529,2.1477732793522266,"[""MonthDay"", ""TestMonthDay_Constructors""]","[0.044534412955465584, 0.03643724696356275]","[7.753036437246964, 3.45748987854251]"
org.joda.time.TestMonthDay_Constructors.testParse_noFormatter,0.044534412955465584,0.040485829959514164,0.03643724696356275,0.08097165991902833,0.04008097165991902,0.04028289219055142,0.004048582995951417,7.753036437246964,5.605263157894737,3.45748987854251,11.210526315789474,4.782299109721132,5.177455457051529,2.1477732793522266,"[""MonthDay"", ""TestMonthDay_Constructors""]","[0.044534412955465584, 0.03643724696356275]","[7.753036437246964, 3.45748987854251]"
org.joda.time.TestMonthDay_Constructors.testConstructor_nullChronology,0.044534412955465584,0.040485829959514164,0.03643724696356275,0.08097165991902833,0.04008097165991902,0.04028289219055142,0.004048582995951417,7.753036437246964,5.605263157894737,3.45748987854251,11.210526315789474,4.782299109721132,5.177455457051529,2.1477732793522266,"[""MonthDay"", ""TestMonthDay_Constructors""]","[0.044534412955465584, 0.03643724696356275]","[7.753036437246964, 3.45748987854251]"
org.joda.time.TestMonthDay_Constructors.testConstructor_ObjectStringEx3,0.044534412955465584,0.040485829959514164,0.03643724696356275,0.08097165991902833,0.04008097165991902,0.04028289219055142,0.004048582995951417,7.753036437246964,5.605263157894737,3.45748987854251,11.210526315789474,4.782299109721132,5.177455457051529,2.1477732793522266,"[""MonthDay"", ""TestMonthDay_Constructors""]","[0.044534412955465584, 0.03643724696356275]","[7.753036437246964, 3.45748987854251]"
org.joda.time.TestMonthDay_Constructors.testConstructor_ObjectStringEx2,0.044534412955465584,0.040485829959514164,0.03643724696356275,0.08097165991902833,0.04008097165991902,0.04028289219055142,0.004048582995951417,7.753036437246964,5.605263157894737,3.45748987854251,11.210526315789474,4.782299109721132,5.177455457051529,2.1477732793522266,"[""MonthDay"", ""TestMonthDay_Constructors""]","[0.044534412955465584, 0.03643724696356275]","[7.753036437246964, 3.45748987854251]"
org.joda.time.TestMonthDay_Constructors.testConstructor_int_int,0.044534412955465584,0.040485829959514164,0.03643724696356275,0.08097165991902833,0.04008097165991902,0.04028289219055142,0.004048582995951417,7.753036437246964,5.605263157894737,3.45748987854251,11.210526315789474,4.782299109721132,5.177455457051529,2.1477732793522266,"[""MonthDay"", ""TestMonthDay_Constructors""]","[0.044534412955465584, 0.03643724696356275]","[7.753036437246964, 3.45748987854251]"
org.joda.time.TestMonthDay_Constructors.testConstructor_ObjectStringEx4,0.044534412955465584,0.040485829959514164,0.03643724696356275,0.08097165991902833,0.04008097165991902,0.04028289219055142,0.004048582995951417,7.753036437246964,5.605263157894737,3.45748987854251,11.210526315789474,4.782299109721132,5.177455457051529,2.1477732793522266,"[""MonthDay"", ""TestMonthDay_Constructors""]","[0.044534412955465584, 0.03643724696356275]","[7.753036437246964, 3.45748987854251]"
org.joda.time.TestMonthDay_Constructors.testConstructor_Chronology,0.044534412955465584,0.040485829959514164,0.03643724696356275,0.08097165991902833,0.04008097165991902,0.04028289219055142,0.004048582995951417,7.753036437246964,5.605263157894737,3.45748987854251,11.210526315789474,4.782299109721132,5.177455457051529,2.1477732793522266,"[""MonthDay"", ""TestMonthDay_Constructors""]","[0.044534412955465584, 0.03643724696356275]","[7.753036437246964, 3.45748987854251]"
org.joda.time.TestMonthDay_Constructors.testConstructor_ObjectStringEx1,0.044534412955465584,0.040485829959514164,0.03643724696356275,0.08097165991902833,0.04008097165991902,0.04028289219055142,0.004048582995951417,7.753036437246964,5.605263157894737,3.45748987854251,11.210526315789474,4.782299109721132,5.177455457051529,2.1477732793522266,"[""MonthDay"", ""TestMonthDay_Constructors""]","[0.044534412955465584, 0.03643724696356275]","[7.753036437246964, 3.45748987854251]"
org.joda.time.TestMutableDateTime_Constructors.testConstructor_badconverterObject,0.03527980535279805,0.020238398002061085,0.01337295690936107,0.08095359200824434,0.017591495152397277,0.018713670945974394,0.008783253937426513,4.203771289537713,2.03404458962018,0.7195863746958637,8.13617835848072,1.3890024933768366,1.6691066356769568,1.3067961788961957,"[""Integer"", ""TestMutableDateTime_Constructors"", ""MutableDateTime"", ""ISOChronology"", ""ConverterManager""]","[0.03527980535279805, 0.017094017094017096, 0.015206812652068127, 0.01337295690936107]","[4.203771289537713, 1.4847374847374848, 0.7195863746958637, 1.7280832095096583]"
org.joda.time.TestTimeOfDay_Basics.testWithFieldAdded1,0.04654346338124572,0.02695205214833062,0.013479359730412805,0.08085615644499186,0.02088077995854551,0.02355567612172974,0.014174808111834813,4.317590691307323,3.096708636938317,1.2468407750631845,9.290125910814952,2.3040695703000798,2.7169807814978384,1.3301863582624924,"[""TimeOfDay"", ""TestTimeOfDay_Basics"", ""DurationFieldType""]","[0.04654346338124572, 0.020833333333333332, 0.013479359730412805]","[4.317590691307323, 3.7256944444444446, 1.2468407750631845]"
org.joda.time.TestTimeOfDay_Basics.testWithFieldAdded5,0.04654346338124572,0.02695205214833062,0.013479359730412805,0.08085615644499186,0.02088077995854551,0.02355567612172974,0.014174808111834813,4.317590691307323,3.096708636938317,1.2468407750631845,9.290125910814952,2.3040695703000798,2.7169807814978384,1.3301863582624924,"[""TimeOfDay"", ""TestTimeOfDay_Basics"", ""DurationFieldType""]","[0.04654346338124572, 0.020833333333333332, 0.013479359730412805]","[4.317590691307323, 3.7256944444444446, 1.2468407750631845]"
org.joda.time.TestTimeOfDay_Basics.testWithFieldAdded6,0.04654346338124572,0.02695205214833062,0.013479359730412805,0.08085615644499186,0.02088077995854551,0.02355567612172974,0.014174808111834813,4.317590691307323,3.096708636938317,1.2468407750631845,9.290125910814952,2.3040695703000798,2.7169807814978384,1.3301863582624924,"[""TimeOfDay"", ""TestTimeOfDay_Basics"", ""DurationFieldType""]","[0.04654346338124572, 0.020833333333333332, 0.013479359730412805]","[4.317590691307323, 3.7256944444444446, 1.2468407750631845]"
org.joda.time.TestTimeOfDay_Basics.testWithFieldAdded4,0.04654346338124572,0.02695205214833062,0.013479359730412805,0.08085615644499186,0.02088077995854551,0.02355567612172974,0.014174808111834813,4.317590691307323,3.096708636938317,1.2468407750631845,9.290125910814952,2.3040695703000798,2.7169807814978384,1.3301863582624924,"[""TimeOfDay"", ""TestTimeOfDay_Basics"", ""DurationFieldType""]","[0.04654346338124572, 0.020833333333333332, 0.013479359730412805]","[4.317590691307323, 3.7256944444444446, 1.2468407750631845]"
org.joda.time.TestTimeOfDay_Basics.testWithFieldAdded8,0.04654346338124572,0.02695205214833062,0.013479359730412805,0.08085615644499186,0.02088077995854551,0.02355567612172974,0.014174808111834813,4.317590691307323,3.096708636938317,1.2468407750631845,9.290125910814952,2.3040695703000798,2.7169807814978384,1.3301863582624924,"[""TimeOfDay"", ""TestTimeOfDay_Basics"", ""DurationFieldType""]","[0.04654346338124572, 0.020833333333333332, 0.013479359730412805]","[4.317590691307323, 3.7256944444444446, 1.2468407750631845]"
org.joda.time.TestTimeOfDay_Basics.testWithFieldAdded7,0.04654346338124572,0.02695205214833062,0.013479359730412805,0.08085615644499186,0.02088077995854551,0.02355567612172974,0.014174808111834813,4.317590691307323,3.096708636938317,1.2468407750631845,9.290125910814952,2.3040695703000798,2.7169807814978384,1.3301863582624924,"[""TimeOfDay"", ""TestTimeOfDay_Basics"", ""DurationFieldType""]","[0.04654346338124572, 0.020833333333333332, 0.013479359730412805]","[4.317590691307323, 3.7256944444444446, 1.2468407750631845]"
org.joda.time.TestPeriod_Constructors.testConstants,0.031857031857031856,0.026901708320729637,0.02096273291925466,0.08070512496218891,0.026097155127195147,0.026505936700466404,0.004501637893056758,5.54841208365608,4.870985009544603,3.9332298136645965,14.612955028633808,4.766765230316649,4.8200201041357955,0.6846076684551321,"[""PeriodType"", ""Period"", ""TestPeriod_Constructors""]","[0.031857031857031856, 0.027885360185902403, 0.02096273291925466]","[5.1313131313131315, 5.54841208365608, 3.9332298136645965]"
org.joda.time.TestPeriod_Constructors.testConstructor_Object_PeriodType3,0.031857031857031856,0.026901708320729637,0.02096273291925466,0.08070512496218891,0.026097155127195147,0.026505936700466404,0.004501637893056758,5.54841208365608,4.870985009544603,3.9332298136645965,14.612955028633808,4.766765230316649,4.8200201041357955,0.6846076684551321,"[""PeriodType"", ""Period"", ""TestPeriod_Constructors""]","[0.031857031857031856, 0.027885360185902403, 0.02096273291925466]","[5.1313131313131315, 5.54841208365608, 3.9332298136645965]"
org.joda.time.TestPeriod_Constructors.testConstructor_Object3,0.031857031857031856,0.026901708320729637,0.02096273291925466,0.08070512496218891,0.026097155127195147,0.026505936700466404,0.004501637893056758,5.54841208365608,4.870985009544603,3.9332298136645965,14.612955028633808,4.766765230316649,4.8200201041357955,0.6846076684551321,"[""PeriodType"", ""Period"", ""TestPeriod_Constructors""]","[0.031857031857031856, 0.027885360185902403, 0.02096273291925466]","[5.1313131313131315, 5.54841208365608, 3.9332298136645965]"
org.joda.time.TestPeriod_Constructors.testConstructor_8int__PeriodType3,0.031857031857031856,0.026901708320729637,0.02096273291925466,0.08070512496218891,0.026097155127195147,0.026505936700466404,0.004501637893056758,5.54841208365608,4.870985009544603,3.9332298136645965,14.612955028633808,4.766765230316649,4.8200201041357955,0.6846076684551321,"[""PeriodType"", ""Period"", ""TestPeriod_Constructors""]","[0.031857031857031856, 0.027885360185902403, 0.02096273291925466]","[5.1313131313131315, 5.54841208365608, 3.9332298136645965]"
org.joda.time.TestPeriod_Constructors.testConstructor_4int1,0.031857031857031856,0.026901708320729637,0.02096273291925466,0.08070512496218891,0.026097155127195147,0.026505936700466404,0.004501637893056758,5.54841208365608,4.870985009544603,3.9332298136645965,14.612955028633808,4.766765230316649,4.8200201041357955,0.6846076684551321,"[""PeriodType"", ""Period"", ""TestPeriod_Constructors""]","[0.031857031857031856, 0.027885360185902403, 0.02096273291925466]","[5.1313131313131315, 5.54841208365608, 3.9332298136645965]"
org.joda.time.TestPeriod_Constructors.testConstructor1,0.031857031857031856,0.026901708320729637,0.02096273291925466,0.08070512496218891,0.026097155127195147,0.026505936700466404,0.004501637893056758,5.54841208365608,4.870985009544603,3.9332298136645965,14.612955028633808,4.766765230316649,4.8200201041357955,0.6846076684551321,"[""PeriodType"", ""Period"", ""TestPeriod_Constructors""]","[0.031857031857031856, 0.027885360185902403, 0.02096273291925466]","[5.1313131313131315, 5.54841208365608, 3.9332298136645965]"
org.joda.time.TestPeriod_Constructors.testConstructor_Object_PeriodType2,0.031857031857031856,0.026901708320729637,0.02096273291925466,0.08070512496218891,0.026097155127195147,0.026505936700466404,0.004501637893056758,5.54841208365608,4.870985009544603,3.9332298136645965,14.612955028633808,4.766765230316649,4.8200201041357955,0.6846076684551321,"[""PeriodType"", ""Period"", ""TestPeriod_Constructors""]","[0.031857031857031856, 0.027885360185902403, 0.02096273291925466]","[5.1313131313131315, 5.54841208365608, 3.9332298136645965]"
org.joda.time.TestPeriod_Constructors.testFactoryYears,0.031857031857031856,0.026901708320729637,0.02096273291925466,0.08070512496218891,0.026097155127195147,0.026505936700466404,0.004501637893056758,5.54841208365608,4.870985009544603,3.9332298136645965,14.612955028633808,4.766765230316649,4.8200201041357955,0.6846076684551321,"[""PeriodType"", ""Period"", ""TestPeriod_Constructors""]","[0.031857031857031856, 0.027885360185902403, 0.02096273291925466]","[5.1313131313131315, 5.54841208365608, 3.9332298136645965]"
org.joda.time.TestPeriod_Constructors.testConstructor_RI_RI5,0.031857031857031856,0.026901708320729637,0.02096273291925466,0.08070512496218891,0.026097155127195147,0.026505936700466404,0.004501637893056758,5.54841208365608,4.870985009544603,3.9332298136645965,14.612955028633808,4.766765230316649,4.8200201041357955,0.6846076684551321,"[""PeriodType"", ""Period"", ""TestPeriod_Constructors""]","[0.031857031857031856, 0.027885360185902403, 0.02096273291925466]","[5.1313131313131315, 5.54841208365608, 3.9332298136645965]"
org.joda.time.TestPeriod_Constructors.testConstructor_Object_PeriodType4,0.031857031857031856,0.026901708320729637,0.02096273291925466,0.08070512496218891,0.026097155127195147,0.026505936700466404,0.004501637893056758,5.54841208365608,4.870985009544603,3.9332298136645965,14.612955028633808,4.766765230316649,4.8200201041357955,0.6846076684551321,"[""PeriodType"", ""Period"", ""TestPeriod_Constructors""]","[0.031857031857031856, 0.027885360185902403, 0.02096273291925466]","[5.1313131313131315, 5.54841208365608, 3.9332298136645965]"
org.joda.time.TestPeriod_Constructors.testFactoryMillis,0.031857031857031856,0.026901708320729637,0.02096273291925466,0.08070512496218891,0.026097155127195147,0.026505936700466404,0.004501637893056758,5.54841208365608,4.870985009544603,3.9332298136645965,14.612955028633808,4.766765230316649,4.8200201041357955,0.6846076684551321,"[""PeriodType"", ""Period"", ""TestPeriod_Constructors""]","[0.031857031857031856, 0.027885360185902403, 0.02096273291925466]","[5.1313131313131315, 5.54841208365608, 3.9332298136645965]"
org.joda.time.TestPeriod_Constructors.testConstructor_8int__PeriodType2,0.031857031857031856,0.026901708320729637,0.02096273291925466,0.08070512496218891,0.026097155127195147,0.026505936700466404,0.004501637893056758,5.54841208365608,4.870985009544603,3.9332298136645965,14.612955028633808,4.766765230316649,4.8200201041357955,0.6846076684551321,"[""PeriodType"", ""Period"", ""TestPeriod_Constructors""]","[0.031857031857031856, 0.027885360185902403, 0.02096273291925466]","[5.1313131313131315, 5.54841208365608, 3.9332298136645965]"
org.joda.time.TestPeriod_Constructors.testConstructor_long1,0.031857031857031856,0.026901708320729637,0.02096273291925466,0.08070512496218891,0.026097155127195147,0.026505936700466404,0.004501637893056758,5.54841208365608,4.870985009544603,3.9332298136645965,14.612955028633808,4.766765230316649,4.8200201041357955,0.6846076684551321,"[""PeriodType"", ""Period"", ""TestPeriod_Constructors""]","[0.031857031857031856, 0.027885360185902403, 0.02096273291925466]","[5.1313131313131315, 5.54841208365608, 3.9332298136645965]"
org.joda.time.TestPeriod_Constructors.testConstructor_8int__PeriodType1,0.031857031857031856,0.026901708320729637,0.02096273291925466,0.08070512496218891,0.026097155127195147,0.026505936700466404,0.004501637893056758,5.54841208365608,4.870985009544603,3.9332298136645965,14.612955028633808,4.766765230316649,4.8200201041357955,0.6846076684551321,"[""PeriodType"", ""Period"", ""TestPeriod_Constructors""]","[0.031857031857031856, 0.027885360185902403, 0.02096273291925466]","[5.1313131313131315, 5.54841208365608, 3.9332298136645965]"
org.joda.time.TestPeriod_Constructors.testConstructor_RP_RP_PeriodType5,0.031857031857031856,0.026901708320729637,0.02096273291925466,0.08070512496218891,0.026097155127195147,0.026505936700466404,0.004501637893056758,5.54841208365608,4.870985009544603,3.9332298136645965,14.612955028633808,4.766765230316649,4.8200201041357955,0.6846076684551321,"[""PeriodType"", ""Period"", ""TestPeriod_Constructors""]","[0.031857031857031856, 0.027885360185902403, 0.02096273291925466]","[5.1313131313131315, 5.54841208365608, 3.9332298136645965]"
org.joda.time.TestPeriod_Constructors.testConstructor_long_PeriodType_Chronology3,0.031857031857031856,0.026901708320729637,0.02096273291925466,0.08070512496218891,0.026097155127195147,0.026505936700466404,0.004501637893056758,5.54841208365608,4.870985009544603,3.9332298136645965,14.612955028633808,4.766765230316649,4.8200201041357955,0.6846076684551321,"[""PeriodType"", ""Period"", ""TestPeriod_Constructors""]","[0.031857031857031856, 0.027885360185902403, 0.02096273291925466]","[5.1313131313131315, 5.54841208365608, 3.9332298136645965]"
org.joda.time.TestPeriod_Constructors.testConstructor_long_PeriodType2,0.031857031857031856,0.026901708320729637,0.02096273291925466,0.08070512496218891,0.026097155127195147,0.026505936700466404,0.004501637893056758,5.54841208365608,4.870985009544603,3.9332298136645965,14.612955028633808,4.766765230316649,4.8200201041357955,0.6846076684551321,"[""PeriodType"", ""Period"", ""TestPeriod_Constructors""]","[0.031857031857031856, 0.027885360185902403, 0.02096273291925466]","[5.1313131313131315, 5.54841208365608, 3.9332298136645965]"
org.joda.time.TestPeriod_Constructors.testFactoryHours,0.031857031857031856,0.026901708320729637,0.02096273291925466,0.08070512496218891,0.026097155127195147,0.026505936700466404,0.004501637893056758,5.54841208365608,4.870985009544603,3.9332298136645965,14.612955028633808,4.766765230316649,4.8200201041357955,0.6846076684551321,"[""PeriodType"", ""Period"", ""TestPeriod_Constructors""]","[0.031857031857031856, 0.027885360185902403, 0.02096273291925466]","[5.1313131313131315, 5.54841208365608, 3.9332298136645965]"
org.joda.time.TestPeriod_Constructors.testConstructor_long_PeriodType_Chronology4,0.031857031857031856,0.026901708320729637,0.02096273291925466,0.08070512496218891,0.026097155127195147,0.026505936700466404,0.004501637893056758,5.54841208365608,4.870985009544603,3.9332298136645965,14.612955028633808,4.766765230316649,4.8200201041357955,0.6846076684551321,"[""PeriodType"", ""Period"", ""TestPeriod_Constructors""]","[0.031857031857031856, 0.027885360185902403, 0.02096273291925466]","[5.1313131313131315, 5.54841208365608, 3.9332298136645965]"
org.joda.time.TestPeriod_Constructors.testConstructor_long_Chronology3,0.031857031857031856,0.026901708320729637,0.02096273291925466,0.08070512496218891,0.026097155127195147,0.026505936700466404,0.004501637893056758,5.54841208365608,4.870985009544603,3.9332298136645965,14.612955028633808,4.766765230316649,4.8200201041357955,0.6846076684551321,"[""PeriodType"", ""Period"", ""TestPeriod_Constructors""]","[0.031857031857031856, 0.027885360185902403, 0.02096273291925466]","[5.1313131313131315, 5.54841208365608, 3.9332298136645965]"
org.joda.time.TestPeriod_Constructors.testConstructor_long_PeriodType4,0.031857031857031856,0.026901708320729637,0.02096273291925466,0.08070512496218891,0.026097155127195147,0.026505936700466404,0.004501637893056758,5.54841208365608,4.870985009544603,3.9332298136645965,14.612955028633808,4.766765230316649,4.8200201041357955,0.6846076684551321,"[""PeriodType"", ""Period"", ""TestPeriod_Constructors""]","[0.031857031857031856, 0.027885360185902403, 0.02096273291925466]","[5.1313131313131315, 5.54841208365608, 3.9332298136645965]"
org.joda.time.TestPeriod_Constructors.testConstructor_long_PeriodType3,0.031857031857031856,0.026901708320729637,0.02096273291925466,0.08070512496218891,0.026097155127195147,0.026505936700466404,0.004501637893056758,5.54841208365608,4.870985009544603,3.9332298136645965,14.612955028633808,4.766765230316649,4.8200201041357955,0.6846076684551321,"[""PeriodType"", ""Period"", ""TestPeriod_Constructors""]","[0.031857031857031856, 0.027885360185902403, 0.02096273291925466]","[5.1313131313131315, 5.54841208365608, 3.9332298136645965]"
org.joda.time.TestPeriod_Constructors.testConstructor_8int1,0.031857031857031856,0.026901708320729637,0.02096273291925466,0.08070512496218891,0.026097155127195147,0.026505936700466404,0.004501637893056758,5.54841208365608,4.870985009544603,3.9332298136645965,14.612955028633808,4.766765230316649,4.8200201041357955,0.6846076684551321,"[""PeriodType"", ""Period"", ""TestPeriod_Constructors""]","[0.031857031857031856, 0.027885360185902403, 0.02096273291925466]","[5.1313131313131315, 5.54841208365608, 3.9332298136645965]"
org.joda.time.TestPeriod_Constructors.testConstructor_long2,0.031857031857031856,0.026901708320729637,0.02096273291925466,0.08070512496218891,0.026097155127195147,0.026505936700466404,0.004501637893056758,5.54841208365608,4.870985009544603,3.9332298136645965,14.612955028633808,4.766765230316649,4.8200201041357955,0.6846076684551321,"[""PeriodType"", ""Period"", ""TestPeriod_Constructors""]","[0.031857031857031856, 0.027885360185902403, 0.02096273291925466]","[5.1313131313131315, 5.54841208365608, 3.9332298136645965]"
org.joda.time.TestPeriod_Constructors.testFactoryWeeks,0.031857031857031856,0.026901708320729637,0.02096273291925466,0.08070512496218891,0.026097155127195147,0.026505936700466404,0.004501637893056758,5.54841208365608,4.870985009544603,3.9332298136645965,14.612955028633808,4.766765230316649,4.8200201041357955,0.6846076684551321,"[""PeriodType"", ""Period"", ""TestPeriod_Constructors""]","[0.031857031857031856, 0.027885360185902403, 0.02096273291925466]","[5.1313131313131315, 5.54841208365608, 3.9332298136645965]"
org.joda.time.TestPeriod_Constructors.testConstructor_Object_PeriodType1,0.031857031857031856,0.026901708320729637,0.02096273291925466,0.08070512496218891,0.026097155127195147,0.026505936700466404,0.004501637893056758,5.54841208365608,4.870985009544603,3.9332298136645965,14.612955028633808,4.766765230316649,4.8200201041357955,0.6846076684551321,"[""PeriodType"", ""Period"", ""TestPeriod_Constructors""]","[0.031857031857031856, 0.027885360185902403, 0.02096273291925466]","[5.1313131313131315, 5.54841208365608, 3.9332298136645965]"
org.joda.time.TestPeriod_Constructors.testFactoryDays,0.031857031857031856,0.026901708320729637,0.02096273291925466,0.08070512496218891,0.026097155127195147,0.026505936700466404,0.004501637893056758,5.54841208365608,4.870985009544603,3.9332298136645965,14.612955028633808,4.766765230316649,4.8200201041357955,0.6846076684551321,"[""PeriodType"", ""Period"", ""TestPeriod_Constructors""]","[0.031857031857031856, 0.027885360185902403, 0.02096273291925466]","[5.1313131313131315, 5.54841208365608, 3.9332298136645965]"
org.joda.time.TestPeriod_Constructors.testConstructor_Object4,0.031857031857031856,0.026901708320729637,0.02096273291925466,0.08070512496218891,0.026097155127195147,0.026505936700466404,0.004501637893056758,5.54841208365608,4.870985009544603,3.9332298136645965,14.612955028633808,4.766765230316649,4.8200201041357955,0.6846076684551321,"[""PeriodType"", ""Period"", ""TestPeriod_Constructors""]","[0.031857031857031856, 0.027885360185902403, 0.02096273291925466]","[5.1313131313131315, 5.54841208365608, 3.9332298136645965]"
org.joda.time.TestPeriod_Constructors.testConstructor_RI_RI_PeriodType5,0.031857031857031856,0.026901708320729637,0.02096273291925466,0.08070512496218891,0.026097155127195147,0.026505936700466404,0.004501637893056758,5.54841208365608,4.870985009544603,3.9332298136645965,14.612955028633808,4.766765230316649,4.8200201041357955,0.6846076684551321,"[""PeriodType"", ""Period"", ""TestPeriod_Constructors""]","[0.031857031857031856, 0.027885360185902403, 0.02096273291925466]","[5.1313131313131315, 5.54841208365608, 3.9332298136645965]"
org.joda.time.TestPeriod_Constructors.testFactorySeconds,0.031857031857031856,0.026901708320729637,0.02096273291925466,0.08070512496218891,0.026097155127195147,0.026505936700466404,0.004501637893056758,5.54841208365608,4.870985009544603,3.9332298136645965,14.612955028633808,4.766765230316649,4.8200201041357955,0.6846076684551321,"[""PeriodType"", ""Period"", ""TestPeriod_Constructors""]","[0.031857031857031856, 0.027885360185902403, 0.02096273291925466]","[5.1313131313131315, 5.54841208365608, 3.9332298136645965]"
org.joda.time.TestPeriod_Constructors.testConstructor_Object2,0.031857031857031856,0.026901708320729637,0.02096273291925466,0.08070512496218891,0.026097155127195147,0.026505936700466404,0.004501637893056758,5.54841208365608,4.870985009544603,3.9332298136645965,14.612955028633808,4.766765230316649,4.8200201041357955,0.6846076684551321,"[""PeriodType"", ""Period"", ""TestPeriod_Constructors""]","[0.031857031857031856, 0.027885360185902403, 0.02096273291925466]","[5.1313131313131315, 5.54841208365608, 3.9332298136645965]"
org.joda.time.TestPeriod_Constructors.testConstructor_long3,0.031857031857031856,0.026901708320729637,0.02096273291925466,0.08070512496218891,0.026097155127195147,0.026505936700466404,0.004501637893056758,5.54841208365608,4.870985009544603,3.9332298136645965,14.612955028633808,4.766765230316649,4.8200201041357955,0.6846076684551321,"[""PeriodType"", ""Period"", ""TestPeriod_Constructors""]","[0.031857031857031856, 0.027885360185902403, 0.02096273291925466]","[5.1313131313131315, 5.54841208365608, 3.9332298136645965]"
org.joda.time.TestPeriod_Constructors.testConstructor_Object1,0.031857031857031856,0.026901708320729637,0.02096273291925466,0.08070512496218891,0.026097155127195147,0.026505936700466404,0.004501637893056758,5.54841208365608,4.870985009544603,3.9332298136645965,14.612955028633808,4.766765230316649,4.8200201041357955,0.6846076684551321,"[""PeriodType"", ""Period"", ""TestPeriod_Constructors""]","[0.031857031857031856, 0.027885360185902403, 0.02096273291925466]","[5.1313131313131315, 5.54841208365608, 3.9332298136645965]"
org.joda.time.TestPeriod_Constructors.testFactoryMonths,0.031857031857031856,0.026901708320729637,0.02096273291925466,0.08070512496218891,0.026097155127195147,0.026505936700466404,0.004501637893056758,5.54841208365608,4.870985009544603,3.9332298136645965,14.612955028633808,4.766765230316649,4.8200201041357955,0.6846076684551321,"[""PeriodType"", ""Period"", ""TestPeriod_Constructors""]","[0.031857031857031856, 0.027885360185902403, 0.02096273291925466]","[5.1313131313131315, 5.54841208365608, 3.9332298136645965]"
org.joda.time.TestPeriod_Constructors.testFactoryMinutes,0.031857031857031856,0.026901708320729637,0.02096273291925466,0.08070512496218891,0.026097155127195147,0.026505936700466404,0.004501637893056758,5.54841208365608,4.870985009544603,3.9332298136645965,14.612955028633808,4.766765230316649,4.8200201041357955,0.6846076684551321,"[""PeriodType"", ""Period"", ""TestPeriod_Constructors""]","[0.031857031857031856, 0.027885360185902403, 0.02096273291925466]","[5.1313131313131315, 5.54841208365608, 3.9332298136645965]"
org.joda.time.TestPeriod_Constructors.testConstructor_long_PeriodType1,0.031857031857031856,0.026901708320729637,0.02096273291925466,0.08070512496218891,0.026097155127195147,0.026505936700466404,0.004501637893056758,5.54841208365608,4.870985009544603,3.9332298136645965,14.612955028633808,4.766765230316649,4.8200201041357955,0.6846076684551321,"[""PeriodType"", ""Period"", ""TestPeriod_Constructors""]","[0.031857031857031856, 0.027885360185902403, 0.02096273291925466]","[5.1313131313131315, 5.54841208365608, 3.9332298136645965]"
org.joda.time.TestInterval_Basics.testIsBefore_RI_null,0.029780564263322883,0.026867061609693033,0.02372034956304619,0.0806011848290791,0.026634269426662308,0.026751155569618653,0.002479561859026166,5.471003134796239,2.8819459816473643,1.5562330623306233,8.645837944942093,2.078748089589047,2.3975105971159416,1.8309169232811164,"[""Interval"", ""TestInterval_Basics"", ""DateTimeUtils""]","[0.029780564263322883, 0.02710027100271003, 0.02372034956304619]","[5.471003134796239, 1.5562330623306233, 1.618601747815231]"
org.joda.time.TestInterval_Basics.testIsBefore_RInterval_null,0.029780564263322883,0.026867061609693033,0.02372034956304619,0.0806011848290791,0.026634269426662308,0.026751155569618653,0.002479561859026166,5.471003134796239,2.8819459816473643,1.5562330623306233,8.645837944942093,2.078748089589047,2.3975105971159416,1.8309169232811164,"[""Interval"", ""TestInterval_Basics"", ""DateTimeUtils""]","[0.029780564263322883, 0.02710027100271003, 0.02372034956304619]","[5.471003134796239, 1.5562330623306233, 1.618601747815231]"
org.joda.time.TestInterval_Basics.testAbuts_RInterval_null,0.029780564263322883,0.026867061609693033,0.02372034956304619,0.0806011848290791,0.026634269426662308,0.026751155569618653,0.002479561859026166,5.471003134796239,2.8819459816473643,1.5562330623306233,8.645837944942093,2.078748089589047,2.3975105971159416,1.8309169232811164,"[""Interval"", ""TestInterval_Basics"", ""DateTimeUtils""]","[0.029780564263322883, 0.02710027100271003, 0.02372034956304619]","[5.471003134796239, 1.5562330623306233, 1.618601747815231]"
org.joda.time.TestInterval_Basics.testIsBeforeNow,0.029780564263322883,0.026867061609693033,0.02372034956304619,0.0806011848290791,0.026634269426662308,0.026751155569618653,0.002479561859026166,5.471003134796239,2.8819459816473643,1.5562330623306233,8.645837944942093,2.078748089589047,2.3975105971159416,1.8309169232811164,"[""Interval"", ""TestInterval_Basics"", ""DateTimeUtils""]","[0.029780564263322883, 0.02710027100271003, 0.02372034956304619]","[5.471003134796239, 1.5562330623306233, 1.618601747815231]"
org.joda.time.TestInterval_Basics.testGap_RInterval_null,0.029780564263322883,0.026867061609693033,0.02372034956304619,0.0806011848290791,0.026634269426662308,0.026751155569618653,0.002479561859026166,5.471003134796239,2.8819459816473643,1.5562330623306233,8.645837944942093,2.078748089589047,2.3975105971159416,1.8309169232811164,"[""Interval"", ""TestInterval_Basics"", ""DateTimeUtils""]","[0.029780564263322883, 0.02710027100271003, 0.02372034956304619]","[5.471003134796239, 1.5562330623306233, 1.618601747815231]"
org.joda.time.TestInterval_Basics.testIsAfter_RInterval_null,0.029780564263322883,0.026867061609693033,0.02372034956304619,0.0806011848290791,0.026634269426662308,0.026751155569618653,0.002479561859026166,5.471003134796239,2.8819459816473643,1.5562330623306233,8.645837944942093,2.078748089589047,2.3975105971159416,1.8309169232811164,"[""Interval"", ""TestInterval_Basics"", ""DateTimeUtils""]","[0.029780564263322883, 0.02710027100271003, 0.02372034956304619]","[5.471003134796239, 1.5562330623306233, 1.618601747815231]"
org.joda.time.TestInterval_Basics.testContains_RInterval_null,0.029780564263322883,0.026867061609693033,0.02372034956304619,0.0806011848290791,0.026634269426662308,0.026751155569618653,0.002479561859026166,5.471003134796239,2.8819459816473643,1.5562330623306233,8.645837944942093,2.078748089589047,2.3975105971159416,1.8309169232811164,"[""Interval"", ""TestInterval_Basics"", ""DateTimeUtils""]","[0.029780564263322883, 0.02710027100271003, 0.02372034956304619]","[5.471003134796239, 1.5562330623306233, 1.618601747815231]"
org.joda.time.TestInterval_Basics.testContains_RInterval_zeroDuration,0.029780564263322883,0.026867061609693033,0.02372034956304619,0.0806011848290791,0.026634269426662308,0.026751155569618653,0.002479561859026166,5.471003134796239,2.8819459816473643,1.5562330623306233,8.645837944942093,2.078748089589047,2.3975105971159416,1.8309169232811164,"[""DateTimeUtils"", ""TestInterval_Basics"", ""Interval""]","[0.029780564263322883, 0.02710027100271003, 0.02372034956304619]","[5.471003134796239, 1.5562330623306233, 1.618601747815231]"
org.joda.time.TestInterval_Basics.testIsAfterNow,0.029780564263322883,0.026867061609693033,0.02372034956304619,0.0806011848290791,0.026634269426662308,0.026751155569618653,0.002479561859026166,5.471003134796239,2.8819459816473643,1.5562330623306233,8.645837944942093,2.078748089589047,2.3975105971159416,1.8309169232811164,"[""Interval"", ""TestInterval_Basics"", ""DateTimeUtils""]","[0.029780564263322883, 0.02710027100271003, 0.02372034956304619]","[5.471003134796239, 1.5562330623306233, 1.618601747815231]"
org.joda.time.TestInterval_Basics.testIsAfter_RI_null,0.029780564263322883,0.026867061609693033,0.02372034956304619,0.0806011848290791,0.026634269426662308,0.026751155569618653,0.002479561859026166,5.471003134796239,2.8819459816473643,1.5562330623306233,8.645837944942093,2.078748089589047,2.3975105971159416,1.8309169232811164,"[""Interval"", ""TestInterval_Basics"", ""DateTimeUtils""]","[0.029780564263322883, 0.02710027100271003, 0.02372034956304619]","[5.471003134796239, 1.5562330623306233, 1.618601747815231]"
org.joda.time.TestInterval_Basics.testOverlaps_RInterval_null,0.029780564263322883,0.026867061609693033,0.02372034956304619,0.0806011848290791,0.026634269426662308,0.026751155569618653,0.002479561859026166,5.471003134796239,2.8819459816473643,1.5562330623306233,8.645837944942093,2.078748089589047,2.3975105971159416,1.8309169232811164,"[""Interval"", ""TestInterval_Basics"", ""DateTimeUtils""]","[0.029780564263322883, 0.02710027100271003, 0.02372034956304619]","[5.471003134796239, 1.5562330623306233, 1.618601747815231]"
org.joda.time.TestInterval_Basics.testContains_RI_null,0.029780564263322883,0.026867061609693033,0.02372034956304619,0.0806011848290791,0.026634269426662308,0.026751155569618653,0.002479561859026166,5.471003134796239,2.8819459816473643,1.5562330623306233,8.645837944942093,2.078748089589047,2.3975105971159416,1.8309169232811164,"[""Interval"", ""TestInterval_Basics"", ""DateTimeUtils""]","[0.029780564263322883, 0.02710027100271003, 0.02372034956304619]","[5.471003134796239, 1.5562330623306233, 1.618601747815231]"
org.joda.time.TestInterval_Basics.testContainsNow,0.029780564263322883,0.026867061609693033,0.02372034956304619,0.0806011848290791,0.026634269426662308,0.026751155569618653,0.002479561859026166,5.471003134796239,2.8819459816473643,1.5562330623306233,8.645837944942093,2.078748089589047,2.3975105971159416,1.8309169232811164,"[""Interval"", ""TestInterval_Basics"", ""DateTimeUtils""]","[0.029780564263322883, 0.02710027100271003, 0.02372034956304619]","[5.471003134796239, 1.5562330623306233, 1.618601747815231]"
org.joda.time.TestInterval_Basics.testOverlap_RInterval_null,0.029780564263322883,0.026867061609693033,0.02372034956304619,0.0806011848290791,0.026634269426662308,0.026751155569618653,0.002479561859026166,5.471003134796239,2.8819459816473643,1.5562330623306233,8.645837944942093,2.078748089589047,2.3975105971159416,1.8309169232811164,"[""Interval"", ""TestInterval_Basics"", ""DateTimeUtils""]","[0.029780564263322883, 0.02710027100271003, 0.02372034956304619]","[5.471003134796239, 1.5562330623306233, 1.618601747815231]"
org.joda.time.TestMinutes.testFactory_standardMinutesIn_RPeriod,0.031857031857031856,0.026835226835226836,0.023423423423423424,0.08050568050568051,0.026379329239623436,0.026600935523160757,0.0036263403674608053,5.1313131313131315,3.5644917644917644,2.637837837837838,10.693475293475293,3.2753251952187252,3.4080088665888475,1.1140662827021934,"[""TestMinutes"", ""Minutes"", ""Period""]","[0.031857031857031856, 0.025225225225225224, 0.023423423423423424]","[5.1313131313131315, 2.924324324324324, 2.637837837837838]"
org.joda.time.TestHours.testFactory_standardHoursIn_RPeriod,0.031857031857031856,0.026835226835226836,0.023423423423423424,0.08050568050568051,0.026379329239623436,0.026600935523160757,0.0036263403674608053,5.1313131313131315,3.640768040768041,2.744144144144144,10.922304122304123,3.3802725694108338,3.500757442583177,1.0611945256068542,"[""TestHours"", ""Hours"", ""Period""]","[0.031857031857031856, 0.025225225225225224, 0.023423423423423424]","[5.1313131313131315, 3.046846846846847, 2.744144144144144]"
org.joda.time.TestWeeks.testFactory_standardWeeksIn_RPeriod,0.031857031857031856,0.026835226835226836,0.023423423423423424,0.08050568050568051,0.026379329239623436,0.026600935523160757,0.0036263403674608053,5.1313131313131315,3.6233506233506234,2.67027027027027,10.87005187005187,3.350939559019626,3.4772437432209826,1.0786113434496862,"[""TestWeeks"", ""Weeks"", ""Period""]","[0.031857031857031856, 0.025225225225225224, 0.023423423423423424]","[5.1313131313131315, 3.0684684684684687, 2.67027027027027]"
org.joda.time.TestSeconds.testFactory_standardSecondsIn_RPeriod,0.031857031857031856,0.026835226835226836,0.023423423423423424,0.08050568050568051,0.026379329239623436,0.026600935523160757,0.0036263403674608053,5.1313131313131315,3.5452725452725455,2.637837837837838,10.635817635817636,3.250913784080619,3.385461941528149,1.125384145866577,"[""Seconds"", ""Period"", ""TestSeconds""]","[0.031857031857031856, 0.025225225225225224, 0.023423423423423424]","[5.1313131313131315, 2.8666666666666667, 2.637837837837838]"
org.joda.time.TestTimeOfDay_Properties.testPropertyGetMilli,0.04654346338124572,0.026835114990288178,0.013888888888888888,0.08050534497086453,0.020934593389370374,0.02349882294389914,0.014162745313284092,4.317590691307323,3.1662071532527523,2.3728710462287106,9.498621459758256,2.9728102138372052,3.0641672788120378,0.8333195052076736,"[""TimeOfDay$Property"", ""TestTimeOfDay_Properties"", ""Chronology"", ""TimeOfDay""]","[0.04654346338124572, 0.020072992700729927, 0.013888888888888888]","[4.317590691307323, 2.3728710462287106, 2.8081597222222223]"
org.joda.time.TestTimeOfDay_Properties.testPropertyGetSecond,0.04654346338124572,0.026835114990288178,0.013888888888888888,0.08050534497086453,0.020934593389370374,0.02349882294389914,0.014162745313284092,4.317590691307323,3.1662071532527523,2.3728710462287106,9.498621459758256,2.9728102138372052,3.0641672788120378,0.8333195052076736,"[""TimeOfDay$Property"", ""TestTimeOfDay_Properties"", ""Chronology"", ""TimeOfDay""]","[0.04654346338124572, 0.020072992700729927, 0.013888888888888888]","[4.317590691307323, 2.3728710462287106, 2.8081597222222223]"
org.joda.time.TestTimeOfDay_Properties.testPropertyGetMinute,0.04654346338124572,0.026835114990288178,0.013888888888888888,0.08050534497086453,0.020934593389370374,0.02349882294389914,0.014162745313284092,4.317590691307323,3.1662071532527523,2.3728710462287106,9.498621459758256,2.9728102138372052,3.0641672788120378,0.8333195052076736,"[""TimeOfDay$Property"", ""TestTimeOfDay_Properties"", ""Chronology"", ""TimeOfDay""]","[0.04654346338124572, 0.020072992700729927, 0.013888888888888888]","[4.317590691307323, 2.3728710462287106, 2.8081597222222223]"
org.joda.time.TestTimeOfDay_Properties.testPropertyGetHour,0.04654346338124572,0.026835114990288178,0.013888888888888888,0.08050534497086453,0.020934593389370374,0.02349882294389914,0.014162745313284092,4.317590691307323,3.1662071532527523,2.3728710462287106,9.498621459758256,2.9728102138372052,3.0641672788120378,0.8333195052076736,"[""TimeOfDay$Property"", ""TestTimeOfDay_Properties"", ""Chronology"", ""TimeOfDay""]","[0.04654346338124572, 0.020072992700729927, 0.013888888888888888]","[4.317590691307323, 2.3728710462287106, 2.8081597222222223]"
org.joda.time.TestChronology.testEqualsHashCode_Strict,0.041970802919708027,0.02011968061986011,0.008547008547008548,0.08047872247944043,0.014579179382363982,0.01684333441547558,0.012887242037359222,5.9939172749391725,2.1545118438725597,0.5537240537240538,8.618047375490239,0.9749515462884475,1.340204619699659,2.2365424108544603,"[""StrictChronology"", ""Object"", ""TestChronology"", ""ISOChronology"", ""DateTime""]","[0.041970802919708027, 0.015206812652068127, 0.014754098360655738, 0.008547008547008548]","[5.9939172749391725, 0.7195863746958637, 1.3508196721311476, 0.5537240537240538]"
org.joda.time.TestDateMidnight_Basics.testWithDurationAdded_RD_int,0.03345454545454545,0.02680414652467054,0.020757020757020756,0.08041243957401162,0.025809905899092725,0.02630138632409491,0.005201265053956151,4.0378181818181815,3.143342055970877,1.6178266178266179,9.430026167912631,2.653186617400808,2.910548486210487,1.0840503532879961,"[""TestDateMidnight_Basics"", ""DateMidnight"", ""Duration""]","[0.03345454545454545, 0.026200873362445413, 0.020757020757020756]","[4.0378181818181815, 3.7743813682678313, 1.6178266178266179]"
org.joda.time.TestDateMidnight_Basics.testMinus_RD,0.03345454545454545,0.02680414652467054,0.020757020757020756,0.08041243957401162,0.025809905899092725,0.02630138632409491,0.005201265053956151,4.0378181818181815,3.143342055970877,1.6178266178266179,9.430026167912631,2.653186617400808,2.910548486210487,1.0840503532879961,"[""TestDateMidnight_Basics"", ""DateMidnight"", ""Duration""]","[0.03345454545454545, 0.026200873362445413, 0.020757020757020756]","[4.0378181818181815, 3.7743813682678313, 1.6178266178266179]"
org.joda.time.TestDateMidnight_Basics.testPlus_RD,0.03345454545454545,0.02680414652467054,0.020757020757020756,0.08041243957401162,0.025809905899092725,0.02630138632409491,0.005201265053956151,4.0378181818181815,3.143342055970877,1.6178266178266179,9.430026167912631,2.653186617400808,2.910548486210487,1.0840503532879961,"[""TestDateMidnight_Basics"", ""DateMidnight"", ""Duration""]","[0.03345454545454545, 0.026200873362445413, 0.020757020757020756]","[4.0378181818181815, 3.7743813682678313, 1.6178266178266179]"
org.joda.time.convert.TestReadableIntervalConverter.testGetPeriodType_Object,0.02372034956304619,0.02007782163821749,0.013741411617738912,0.08031128655286995,0.01920086196027,0.019665075296245914,0.0037905654266285125,3.9332298136645965,1.6777195959077693,0.37414116177389134,6.710878383631077,0.8300670848725377,1.1693259014467765,1.3772485904680367,"[""PeriodType"", ""ReadableIntervalConverter"", ""TestReadableIntervalConverter"", ""Interval""]","[0.02372034956304619, 0.02188679245283019, 0.02096273291925466, 0.013741411617738912]","[1.618601747815231, 0.7849056603773585, 3.9332298136645965, 0.37414116177389134]"
org.joda.time.chrono.TestGJChronology.testLeapYearRulesConstructionInvalid,0.03345454545454545,0.026763842807638428,0.023114355231143552,0.08029152842291529,0.026017205886730583,0.026373427240321514,0.004737553890100569,4.0378181818181815,3.117431689154317,2.403284671532847,9.35229506746295,2.978384160988007,3.045609970777717,0.6830451375327726,"[""TestGJChronology"", ""DateMidnight"", ""GJChronology""]","[0.03345454545454545, 0.023722627737226276, 0.023114355231143552]","[4.0378181818181815, 2.403284671532847, 2.911192214111922]"
org.joda.time.chrono.TestGJChronology.testLeapYearRulesConstruction,0.03345454545454545,0.026763842807638428,0.023114355231143552,0.08029152842291529,0.026017205886730583,0.026373427240321514,0.004737553890100569,4.0378181818181815,3.117431689154317,2.403284671532847,9.35229506746295,2.978384160988007,3.045609970777717,0.6830451375327726,"[""TestGJChronology"", ""DateMidnight"", ""GJChronology""]","[0.03345454545454545, 0.023722627737226276, 0.023114355231143552]","[4.0378181818181815, 2.403284671532847, 2.911192214111922]"
org.joda.time.TestYearMonthDay_Basics.testMinusMonths_int,0.03952011291460833,0.026749675378132488,0.016423357664233577,0.08024902613439747,0.023559842311108345,0.025080059356106108,0.009586285935448394,3.5356386732533522,2.717800921633248,1.1368613138686132,8.153402764899743,2.069349568393261,2.409659910952578,1.1181164331477664,"[""TestYearMonthDay_Basics"", ""BuddhistChronology"", ""YearMonthDay""]","[0.03952011291460833, 0.024305555555555556, 0.016423357664233577]","[3.5356386732533522, 3.4809027777777777, 1.1368613138686132]"
org.joda.time.TestYearMonthDay_Basics.testIsEqual_YMD,0.03952011291460833,0.026749675378132488,0.016423357664233577,0.08024902613439747,0.023559842311108345,0.025080059356106108,0.009586285935448394,3.5356386732533522,2.558636282541601,0.6593673965936739,7.675908847624804,1.4376620443789505,2.0095357929266453,1.343171800977271,"[""YearMonthDay"", ""TestYearMonthDay_Basics"", ""GregorianChronology""]","[0.03952011291460833, 0.024305555555555556, 0.016423357664233577]","[3.5356386732533522, 3.4809027777777777, 0.6593673965936739]"
org.joda.time.TestYearMonthDay_Basics.testIsAfter_YMD,0.03952011291460833,0.026749675378132488,0.016423357664233577,0.08024902613439747,0.023559842311108345,0.025080059356106108,0.009586285935448394,3.5356386732533522,2.558636282541601,0.6593673965936739,7.675908847624804,1.4376620443789505,2.0095357929266453,1.343171800977271,"[""YearMonthDay"", ""TestYearMonthDay_Basics"", ""GregorianChronology""]","[0.03952011291460833, 0.024305555555555556, 0.016423357664233577]","[3.5356386732533522, 3.4809027777777777, 0.6593673965936739]"
org.joda.time.TestYearMonthDay_Basics.testPlusMonths_int,0.03952011291460833,0.026749675378132488,0.016423357664233577,0.08024902613439747,0.023559842311108345,0.025080059356106108,0.009586285935448394,3.5356386732533522,2.717800921633248,1.1368613138686132,8.153402764899743,2.069349568393261,2.409659910952578,1.1181164331477664,"[""TestYearMonthDay_Basics"", ""BuddhistChronology"", ""YearMonthDay""]","[0.03952011291460833, 0.024305555555555556, 0.016423357664233577]","[3.5356386732533522, 3.4809027777777777, 1.1368613138686132]"
org.joda.time.TestYearMonthDay_Basics.testMinusYears_int,0.03952011291460833,0.026749675378132488,0.016423357664233577,0.08024902613439747,0.023559842311108345,0.025080059356106108,0.009586285935448394,3.5356386732533522,2.717800921633248,1.1368613138686132,8.153402764899743,2.069349568393261,2.409659910952578,1.1181164331477664,"[""TestYearMonthDay_Basics"", ""BuddhistChronology"", ""YearMonthDay""]","[0.03952011291460833, 0.024305555555555556, 0.016423357664233577]","[3.5356386732533522, 3.4809027777777777, 1.1368613138686132]"
org.joda.time.TestYearMonthDay_Basics.testMinusDays_int,0.03952011291460833,0.026749675378132488,0.016423357664233577,0.08024902613439747,0.023559842311108345,0.025080059356106108,0.009586285935448394,3.5356386732533522,2.717800921633248,1.1368613138686132,8.153402764899743,2.069349568393261,2.409659910952578,1.1181164331477664,"[""TestYearMonthDay_Basics"", ""BuddhistChronology"", ""YearMonthDay""]","[0.03952011291460833, 0.024305555555555556, 0.016423357664233577]","[3.5356386732533522, 3.4809027777777777, 1.1368613138686132]"
org.joda.time.TestYearMonthDay_Basics.testPlusYears_int,0.03952011291460833,0.026749675378132488,0.016423357664233577,0.08024902613439747,0.023559842311108345,0.025080059356106108,0.009586285935448394,3.5356386732533522,2.717800921633248,1.1368613138686132,8.153402764899743,2.069349568393261,2.409659910952578,1.1181164331477664,"[""TestYearMonthDay_Basics"", ""BuddhistChronology"", ""YearMonthDay""]","[0.03952011291460833, 0.024305555555555556, 0.016423357664233577]","[3.5356386732533522, 3.4809027777777777, 1.1368613138686132]"
org.joda.time.TestYearMonthDay_Basics.testIsBefore_YMD,0.03952011291460833,0.026749675378132488,0.016423357664233577,0.08024902613439747,0.023559842311108345,0.025080059356106108,0.009586285935448394,3.5356386732533522,2.558636282541601,0.6593673965936739,7.675908847624804,1.4376620443789505,2.0095357929266453,1.343171800977271,"[""YearMonthDay"", ""TestYearMonthDay_Basics"", ""GregorianChronology""]","[0.03952011291460833, 0.024305555555555556, 0.016423357664233577]","[3.5356386732533522, 3.4809027777777777, 0.6593673965936739]"
org.joda.time.TestYearMonthDay_Basics.testPlusDays_int,0.03952011291460833,0.026749675378132488,0.016423357664233577,0.08024902613439747,0.023559842311108345,0.025080059356106108,0.009586285935448394,3.5356386732533522,2.717800921633248,1.1368613138686132,8.153402764899743,2.069349568393261,2.409659910952578,1.1181164331477664,"[""TestYearMonthDay_Basics"", ""BuddhistChronology"", ""YearMonthDay""]","[0.03952011291460833, 0.024305555555555556, 0.016423357664233577]","[3.5356386732533522, 3.4809027777777777, 1.1368613138686132]"
org.joda.time.chrono.TestISOChronology.testDurationFields,0.03832116788321168,0.01997023295208972,0.010378510378510378,0.07988093180835888,0.015948443195174546,0.017630287952498342,0.010809885312717125,3.5,1.6441866965423435,0.7195863746958637,6.576746786169374,1.0883032360808338,1.312577948907031,1.135066345553979,"[""TestISOChronology"", ""DateTimeZone"", ""DurationField"", ""ISOChronology""]","[0.03832116788321168, 0.01597444089456869, 0.015206812652068127, 0.010378510378510378]","[3.5, 1.6373801916932906, 0.7195863746958637, 0.7197802197802198]"
org.joda.time.TestYearMonthDay_Properties.testPropertyEquals,0.03952011291460833,0.026620727553331298,0.017361111111111112,0.0798621826599939,0.023730824646156456,0.025075789267598892,0.00940536295843839,3.5356386732533522,2.173809441508808,0.8850952068286277,6.521428324526425,1.5884030921971548,1.873298205632722,1.0833142107897382,"[""CopticChronology"", ""YearMonthDay"", ""TestYearMonthDay_Properties"", ""YearMonthDay$Property""]","[0.03952011291460833, 0.02298095863427446, 0.017361111111111112]","[3.5356386732533522, 0.8850952068286277, 2.1006944444444446]"
org.joda.time.TestStringConvert.testDateTime,0.041970802919708027,0.026592161876091105,0.015206812652068127,0.07977648562827332,0.022415479025284013,0.02434206396573675,0.0112853172582463,5.9939172749391725,2.6408477325525452,0.7195863746958637,7.922543197657635,1.2585867910822672,1.7341156635203014,2.3793833401787885,"[""StringConvert"", ""TestStringConvert"", ""DateTime"", ""ISOChronology""]","[0.041970802919708027, 0.022598870056497175, 0.015206812652068127]","[5.9939172749391725, 1.2090395480225988, 0.7195863746958637]"
org.joda.time.TestPeriod_Basics.testWithFields1,0.031857031857031856,0.026385312761731446,0.02096273291925466,0.07915593828519434,0.02562689014599161,0.026005704809968458,0.0044477146443268585,6.344694035631294,5.1364123268696735,3.9332298136645965,15.409236980609021,4.94447452009184,5.040374912261048,0.984482749062625,"[""PeriodType"", ""TestPeriod_Basics"", ""Period""]","[0.031857031857031856, 0.026336173508907823, 0.02096273291925466]","[5.1313131313131315, 6.344694035631294, 3.9332298136645965]"
org.joda.time.TestPeriod_Basics.testWithPeriodType1,0.031857031857031856,0.026385312761731446,0.02096273291925466,0.07915593828519434,0.02562689014599161,0.026005704809968458,0.0044477146443268585,6.344694035631294,5.1364123268696735,3.9332298136645965,15.409236980609021,4.94447452009184,5.040374912261048,0.984482749062625,"[""PeriodType"", ""TestPeriod_Basics"", ""Period""]","[0.031857031857031856, 0.026336173508907823, 0.02096273291925466]","[5.1313131313131315, 6.344694035631294, 3.9332298136645965]"
org.joda.time.TestPeriod_Basics.testWithPeriodType5,0.031857031857031856,0.026385312761731446,0.02096273291925466,0.07915593828519434,0.02562689014599161,0.026005704809968458,0.0044477146443268585,6.344694035631294,5.1364123268696735,3.9332298136645965,15.409236980609021,4.94447452009184,5.040374912261048,0.984482749062625,"[""Period"", ""PeriodType"", ""TestPeriod_Basics""]","[0.031857031857031856, 0.026336173508907823, 0.02096273291925466]","[5.1313131313131315, 6.344694035631294, 3.9332298136645965]"
org.joda.time.TestPeriod_Basics.testWithPeriodType4,0.031857031857031856,0.026385312761731446,0.02096273291925466,0.07915593828519434,0.02562689014599161,0.026005704809968458,0.0044477146443268585,6.344694035631294,5.1364123268696735,3.9332298136645965,15.409236980609021,4.94447452009184,5.040374912261048,0.984482749062625,"[""PeriodType"", ""TestPeriod_Basics"", ""Period""]","[0.031857031857031856, 0.026336173508907823, 0.02096273291925466]","[5.1313131313131315, 6.344694035631294, 3.9332298136645965]"
org.joda.time.TestPeriod_Basics.testWith,0.031857031857031856,0.026385312761731446,0.02096273291925466,0.07915593828519434,0.02562689014599161,0.026005704809968458,0.0044477146443268585,6.344694035631294,5.1364123268696735,3.9332298136645965,15.409236980609021,4.94447452009184,5.040374912261048,0.984482749062625,"[""PeriodType"", ""TestPeriod_Basics"", ""Period""]","[0.031857031857031856, 0.026336173508907823, 0.02096273291925466]","[5.1313131313131315, 6.344694035631294, 3.9332298136645965]"
org.joda.time.TestPeriod_Basics.testPeriodStatics,0.031857031857031856,0.026385312761731446,0.02096273291925466,0.07915593828519434,0.02562689014599161,0.026005704809968458,0.0044477146443268585,6.344694035631294,5.1364123268696735,3.9332298136645965,15.409236980609021,4.94447452009184,5.040374912261048,0.984482749062625,"[""PeriodType"", ""TestPeriod_Basics"", ""Period""]","[0.031857031857031856, 0.026336173508907823, 0.02096273291925466]","[5.1313131313131315, 6.344694035631294, 3.9332298136645965]"
org.joda.time.TestPeriod_Basics.testPlusFields,0.031857031857031856,0.026385312761731446,0.02096273291925466,0.07915593828519434,0.02562689014599161,0.026005704809968458,0.0044477146443268585,6.344694035631294,5.1364123268696735,3.9332298136645965,15.409236980609021,4.94447452009184,5.040374912261048,0.984482749062625,"[""PeriodType"", ""TestPeriod_Basics"", ""Period""]","[0.031857031857031856, 0.026336173508907823, 0.02096273291925466]","[5.1313131313131315, 6.344694035631294, 3.9332298136645965]"
org.joda.time.TestPeriod_Basics.testNormalizedStandard_periodType_yearMonth3,0.031857031857031856,0.026385312761731446,0.02096273291925466,0.07915593828519434,0.02562689014599161,0.026005704809968458,0.0044477146443268585,6.344694035631294,5.1364123268696735,3.9332298136645965,15.409236980609021,4.94447452009184,5.040374912261048,0.984482749062625,"[""PeriodType"", ""TestPeriod_Basics"", ""Period""]","[0.031857031857031856, 0.026336173508907823, 0.02096273291925466]","[5.1313131313131315, 6.344694035631294, 3.9332298136645965]"
org.joda.time.TestPeriod_Basics.testMinusFields,0.031857031857031856,0.026385312761731446,0.02096273291925466,0.07915593828519434,0.02562689014599161,0.026005704809968458,0.0044477146443268585,6.344694035631294,5.1364123268696735,3.9332298136645965,15.409236980609021,4.94447452009184,5.040374912261048,0.984482749062625,"[""PeriodType"", ""TestPeriod_Basics"", ""Period""]","[0.031857031857031856, 0.026336173508907823, 0.02096273291925466]","[5.1313131313131315, 6.344694035631294, 3.9332298136645965]"
org.joda.time.TestPeriod_Basics.testNormalizedStandard_periodType_yearMonthWeekDay,0.031857031857031856,0.026385312761731446,0.02096273291925466,0.07915593828519434,0.02562689014599161,0.026005704809968458,0.0044477146443268585,6.344694035631294,5.1364123268696735,3.9332298136645965,15.409236980609021,4.94447452009184,5.040374912261048,0.984482749062625,"[""PeriodType"", ""TestPeriod_Basics"", ""Period""]","[0.031857031857031856, 0.026336173508907823, 0.02096273291925466]","[5.1313131313131315, 6.344694035631294, 3.9332298136645965]"
org.joda.time.TestPeriod_Basics.testWithPeriodType2,0.031857031857031856,0.026385312761731446,0.02096273291925466,0.07915593828519434,0.02562689014599161,0.026005704809968458,0.0044477146443268585,6.344694035631294,5.1364123268696735,3.9332298136645965,15.409236980609021,4.94447452009184,5.040374912261048,0.984482749062625,"[""PeriodType"", ""TestPeriod_Basics"", ""Period""]","[0.031857031857031856, 0.026336173508907823, 0.02096273291925466]","[5.1313131313131315, 6.344694035631294, 3.9332298136645965]"
org.joda.time.TestPeriod_Basics.testGetPeriodType,0.031857031857031856,0.026385312761731446,0.02096273291925466,0.07915593828519434,0.02562689014599161,0.026005704809968458,0.0044477146443268585,6.344694035631294,5.1364123268696735,3.9332298136645965,15.409236980609021,4.94447452009184,5.040374912261048,0.984482749062625,"[""PeriodType"", ""TestPeriod_Basics"", ""Period""]","[0.031857031857031856, 0.026336173508907823, 0.02096273291925466]","[5.1313131313131315, 6.344694035631294, 3.9332298136645965]"
org.joda.time.TestPeriod_Basics.testWithFields3,0.031857031857031856,0.026385312761731446,0.02096273291925466,0.07915593828519434,0.02562689014599161,0.026005704809968458,0.0044477146443268585,6.344694035631294,5.1364123268696735,3.9332298136645965,15.409236980609021,4.94447452009184,5.040374912261048,0.984482749062625,"[""Period"", ""PeriodType"", ""TestPeriod_Basics""]","[0.031857031857031856, 0.026336173508907823, 0.02096273291925466]","[5.1313131313131315, 6.344694035631294, 3.9332298136645965]"
org.joda.time.TestPeriod_Basics.testNormalizedStandard_periodType_weekDay3,0.031857031857031856,0.026385312761731446,0.02096273291925466,0.07915593828519434,0.02562689014599161,0.026005704809968458,0.0044477146443268585,6.344694035631294,5.1364123268696735,3.9332298136645965,15.409236980609021,4.94447452009184,5.040374912261048,0.984482749062625,"[""PeriodType"", ""TestPeriod_Basics"", ""Period""]","[0.031857031857031856, 0.026336173508907823, 0.02096273291925466]","[5.1313131313131315, 6.344694035631294, 3.9332298136645965]"
org.joda.time.TestPeriod_Basics.testNormalizedStandard_periodType_yearMonthDay,0.031857031857031856,0.026385312761731446,0.02096273291925466,0.07915593828519434,0.02562689014599161,0.026005704809968458,0.0044477146443268585,6.344694035631294,5.1364123268696735,3.9332298136645965,15.409236980609021,4.94447452009184,5.040374912261048,0.984482749062625,"[""PeriodType"", ""TestPeriod_Basics"", ""Period""]","[0.031857031857031856, 0.026336173508907823, 0.02096273291925466]","[5.1313131313131315, 6.344694035631294, 3.9332298136645965]"
org.joda.time.TestPeriod_Basics.testWithPeriodType3,0.031857031857031856,0.026385312761731446,0.02096273291925466,0.07915593828519434,0.02562689014599161,0.026005704809968458,0.0044477146443268585,6.344694035631294,5.1364123268696735,3.9332298136645965,15.409236980609021,4.94447452009184,5.040374912261048,0.984482749062625,"[""Period"", ""PeriodType"", ""TestPeriod_Basics""]","[0.031857031857031856, 0.026336173508907823, 0.02096273291925466]","[5.1313131313131315, 6.344694035631294, 3.9332298136645965]"
org.joda.time.TestDateMidnight_Basics.testToInstant,0.03345454545454545,0.026373379670546024,0.019464720194647202,0.07912013901163807,0.0251186918864805,0.02574382189883714,0.005712624704422808,4.0378181818181815,2.9390219100448913,1.0048661800486618,8.817065730134674,1.989706628619342,2.483325165412621,1.3718767023294105,"[""TestDateMidnight_Basics"", ""DateMidnight"", ""Instant""]","[0.03345454545454545, 0.026200873362445413, 0.019464720194647202]","[4.0378181818181815, 3.7743813682678313, 1.0048661800486618]"
org.joda.time.TestSerialization.testSerializedDateTime,0.041970802919708027,0.019756117716738693,0.007633587786259542,0.07902447086695477,0.012058141211318926,0.015193156107336276,0.014067037034762813,5.9939172749391725,2.1628862604767147,0.09541984732824428,8.651545041906859,0.19597031518634933,0.6224140078080115,2.4116356360325186,"[""StringBuilder"", ""ByteArrayOutputStream"", ""ObjectInputStream"", ""TestSerialization"", ""FileInputStream"", ""DateTime"", ""ObjectOutputStream"", ""ByteArrayInputStream""]","[0.041970802919708027, 0.02178649237472767, 0.007633587786259542, 0.007633587786259542]","[5.9939172749391725, 2.4553376906318083, 0.09541984732824428, 0.10687022900763359]"
org.joda.time.TestSerialization.testSerializedDateTimeProperty,0.041970802919708027,0.019756117716738693,0.007633587786259542,0.07902447086695477,0.012058141211318926,0.015193156107336276,0.014067037034762813,5.9939172749391725,2.1628862604767147,0.09541984732824428,8.651545041906859,0.19597031518634933,0.6224140078080115,2.4116356360325186,"[""StringBuilder"", ""ByteArrayOutputStream"", ""ObjectInputStream"", ""TestSerialization"", ""FileInputStream"", ""DateTime"", ""ObjectOutputStream"", ""ByteArrayInputStream""]","[0.041970802919708027, 0.02178649237472767, 0.007633587786259542, 0.007633587786259542]","[5.9939172749391725, 2.4553376906318083, 0.09541984732824428, 0.10687022900763359]"
org.joda.time.TestMutablePeriod_Basics.testToDurationFrom,0.021756021756021756,0.01975470403865752,0.017041053446940357,0.07901881615463008,0.01958887126892282,0.019673076327598724,0.0017647876340696317,3.2222222222222223,1.9927934335681403,1.0048661800486618,7.971173734272561,1.67089607080049,1.8268502557146828,0.8133124397568261,"[""MutablePeriod"", ""Duration"", ""TestMutablePeriod_Basics"", ""Instant""]","[0.021756021756021756, 0.020757020757020756, 0.019464720194647202, 0.017041053446940357]","[3.2222222222222223, 1.6178266178266179, 1.0048661800486618, 2.126258714175058]"
org.joda.time.TestPeriod_Basics.testToStandardDuration,0.031857031857031856,0.026316742040986812,0.020757020757020756,0.07895022612296043,0.025523811848858997,0.025920358351445447,0.004531581386341239,6.344694035631294,4.364611261590348,1.6178266178266179,13.093833784771043,3.0908489826192054,3.7484960650731236,2.0044438487442795,"[""BigInteger"", ""TestPeriod_Basics"", ""Duration"", ""Period""]","[0.031857031857031856, 0.026336173508907823, 0.020757020757020756]","[5.1313131313131315, 6.344694035631294, 1.6178266178266179]"
org.joda.time.TestPeriod_Basics.testToStandardDuration_years,0.031857031857031856,0.026316742040986812,0.020757020757020756,0.07895022612296043,0.025523811848858997,0.025920358351445447,0.004531581386341239,6.344694035631294,4.364611261590348,1.6178266178266179,13.093833784771043,3.0908489826192054,3.7484960650731236,2.0044438487442795,"[""TestPeriod_Basics"", ""Duration"", ""Period""]","[0.031857031857031856, 0.026336173508907823, 0.020757020757020756]","[5.1313131313131315, 6.344694035631294, 1.6178266178266179]"
org.joda.time.TestPeriod_Basics.testToStandardDuration_months,0.031857031857031856,0.026316742040986812,0.020757020757020756,0.07895022612296043,0.025523811848858997,0.025920358351445447,0.004531581386341239,6.344694035631294,4.364611261590348,1.6178266178266179,13.093833784771043,3.0908489826192054,3.7484960650731236,2.0044438487442795,"[""TestPeriod_Basics"", ""Duration"", ""Period""]","[0.031857031857031856, 0.026336173508907823, 0.020757020757020756]","[5.1313131313131315, 6.344694035631294, 1.6178266178266179]"
org.joda.time.TestMutableDateTime_Basics.testToString_DTFormatter,0.03345454545454545,0.02630891884320806,0.019316493313521546,0.07892675652962418,0.025022292098006733,0.025663547429417323,0.005772852126643693,4.0378181818181815,3.185445834578143,2.598811292719168,9.55633750373443,3.077081473209146,3.129106246664469,0.6167915058997722,"[""TestMutableDateTime_Basics"", ""DateMidnight"", ""DateTimeFormat""]","[0.03345454545454545, 0.026155717761557177, 0.019316493313521546]","[4.0378181818181815, 2.9197080291970803, 2.598811292719168]"
org.joda.time.TestYearMonth_Properties.testPropertyEquals,0.03618421052631579,0.02630067042195114,0.019736842105263157,0.07890201126585342,0.02462704070391403,0.025412943434130926,0.007113102780989904,6.592105263157895,3.297224718065683,0.8850952068286277,9.891674154197048,1.7691939083396473,2.4151579182055545,2.4120431155060373,"[""YearMonth$Property"", ""TestYearMonth_Properties"", ""YearMonth"", ""CopticChronology""]","[0.03618421052631579, 0.02298095863427446, 0.019736842105263157]","[6.592105263157895, 0.8850952068286277, 2.414473684210526]"
org.joda.time.TestMutablePeriod_Updates.testAdd_long_Chronology3,0.021756021756021756,0.019709896866692837,0.015206812652068127,0.07883958746677135,0.019301032018012254,0.019515324438240486,0.002621254734724945,5.986057319907049,3.465273932622433,0.7195863746958637,13.861095730489732,1.8856086923103978,2.718204664298687,1.8822331080324035,"[""PeriodType"", ""TestMutablePeriod_Updates"", ""MutablePeriod"", ""ISOChronology""]","[0.021756021756021756, 0.02096273291925466, 0.020914020139426802, 0.015206812652068127]","[3.2222222222222223, 3.9332298136645965, 5.986057319907049, 0.7195863746958637]"
org.joda.time.TestMutablePeriod_Updates.testAdd_long_Chronology2,0.021756021756021756,0.019709896866692837,0.015206812652068127,0.07883958746677135,0.019301032018012254,0.019515324438240486,0.002621254734724945,5.986057319907049,3.465273932622433,0.7195863746958637,13.861095730489732,1.8856086923103978,2.718204664298687,1.8822331080324035,"[""PeriodType"", ""TestMutablePeriod_Updates"", ""MutablePeriod"", ""ISOChronology""]","[0.021756021756021756, 0.02096273291925466, 0.020914020139426802, 0.015206812652068127]","[3.2222222222222223, 3.9332298136645965, 5.986057319907049, 0.7195863746958637]"
org.joda.time.TestYearMonth_Basics.testToString_DTFormatter,0.03618421052631579,0.02626243223630853,0.01644736842105263,0.07878729670892559,0.02368378887212423,0.024968592119299582,0.008057885374230772,6.592105263157895,4.6070079395569214,2.9197080291970803,13.821023818670765,4.130765293435589,4.361010074336626,1.5139656172891538,"[""YearMonth"", ""TestYearMonth_Basics"", ""DateTimeFormat""]","[0.03618421052631579, 0.026155717761557177, 0.01644736842105263]","[6.592105263157895, 2.9197080291970803, 4.309210526315789]"
org.joda.time.TestMutableInterval_Constructors.testConstructor_RI_RD3,0.041970802919708027,0.026210273251822996,0.01730920535011802,0.07863081975546898,0.02250963971087325,0.024134660645105565,0.011175501792234848,5.9939172749391725,3.2515994640893084,1.3320848938826466,9.754798392267926,2.256885809166156,2.686650924173873,1.9901296719688906,"[""MutableInterval"", ""TestMutableInterval_Constructors"", ""DateTime""]","[0.041970802919708027, 0.019350811485642945, 0.01730920535011802]","[5.9939172749391725, 1.3320848938826466, 2.4287962234461054]"
org.joda.time.TestMutableInterval_Constructors.testConstructor_RI_RP6,0.041970802919708027,0.026210273251822996,0.01730920535011802,0.07863081975546898,0.02250963971087325,0.024134660645105565,0.011175501792234848,5.9939172749391725,3.2515994640893084,1.3320848938826466,9.754798392267926,2.256885809166156,2.686650924173873,1.9901296719688906,"[""MutableInterval"", ""TestMutableInterval_Constructors"", ""DateTime""]","[0.041970802919708027, 0.019350811485642945, 0.01730920535011802]","[5.9939172749391725, 1.3320848938826466, 2.4287962234461054]"
org.joda.time.TestMutableInterval_Constructors.testConstructor_RI_RI7,0.041970802919708027,0.026210273251822996,0.01730920535011802,0.07863081975546898,0.02250963971087325,0.024134660645105565,0.011175501792234848,5.9939172749391725,3.2515994640893084,1.3320848938826466,9.754798392267926,2.256885809166156,2.686650924173873,1.9901296719688906,"[""MutableInterval"", ""TestMutableInterval_Constructors"", ""DateTime""]","[0.041970802919708027, 0.019350811485642945, 0.01730920535011802]","[5.9939172749391725, 1.3320848938826466, 2.4287962234461054]"
org.joda.time.TestMutableInterval_Constructors.testConstructor_Object1,0.041970802919708027,0.026210273251822996,0.01730920535011802,0.07863081975546898,0.02250963971087325,0.024134660645105565,0.011175501792234848,5.9939172749391725,3.2515994640893084,1.3320848938826466,9.754798392267926,2.256885809166156,2.686650924173873,1.9901296719688906,"[""MutableInterval"", ""StringBuilder"", ""TestMutableInterval_Constructors"", ""DateTime""]","[0.041970802919708027, 0.019350811485642945, 0.01730920535011802]","[5.9939172749391725, 1.3320848938826466, 2.4287962234461054]"
org.joda.time.TestMutableInterval_Constructors.testConstructor_RI_RI6,0.041970802919708027,0.026210273251822996,0.01730920535011802,0.07863081975546898,0.02250963971087325,0.024134660645105565,0.011175501792234848,5.9939172749391725,3.2515994640893084,1.3320848938826466,9.754798392267926,2.256885809166156,2.686650924173873,1.9901296719688906,"[""MutableInterval"", ""TestMutableInterval_Constructors"", ""DateTime""]","[0.041970802919708027, 0.019350811485642945, 0.01730920535011802]","[5.9939172749391725, 1.3320848938826466, 2.4287962234461054]"
org.joda.time.TestMutableInterval_Constructors.testConstructor_RI_RI5,0.041970802919708027,0.026210273251822996,0.01730920535011802,0.07863081975546898,0.02250963971087325,0.024134660645105565,0.011175501792234848,5.9939172749391725,3.2515994640893084,1.3320848938826466,9.754798392267926,2.256885809166156,2.686650924173873,1.9901296719688906,"[""MutableInterval"", ""TestMutableInterval_Constructors"", ""DateTime""]","[0.041970802919708027, 0.019350811485642945, 0.01730920535011802]","[5.9939172749391725, 1.3320848938826466, 2.4287962234461054]"
org.joda.time.TestMutableInterval_Constructors.testConstructor_RI_RI4,0.041970802919708027,0.026210273251822996,0.01730920535011802,0.07863081975546898,0.02250963971087325,0.024134660645105565,0.011175501792234848,5.9939172749391725,3.2515994640893084,1.3320848938826466,9.754798392267926,2.256885809166156,2.686650924173873,1.9901296719688906,"[""MutableInterval"", ""TestMutableInterval_Constructors"", ""DateTime""]","[0.041970802919708027, 0.019350811485642945, 0.01730920535011802]","[5.9939172749391725, 1.3320848938826466, 2.4287962234461054]"
org.joda.time.TestMutableInterval_Constructors.testConstructor_RP_RI6,0.041970802919708027,0.026210273251822996,0.01730920535011802,0.07863081975546898,0.02250963971087325,0.024134660645105565,0.011175501792234848,5.9939172749391725,3.2515994640893084,1.3320848938826466,9.754798392267926,2.256885809166156,2.686650924173873,1.9901296719688906,"[""MutableInterval"", ""TestMutableInterval_Constructors"", ""DateTime""]","[0.041970802919708027, 0.019350811485642945, 0.01730920535011802]","[5.9939172749391725, 1.3320848938826466, 2.4287962234461054]"
org.joda.time.TestMutableInterval_Constructors.testConstructor_RI_RI1,0.041970802919708027,0.026210273251822996,0.01730920535011802,0.07863081975546898,0.02250963971087325,0.024134660645105565,0.011175501792234848,5.9939172749391725,3.2515994640893084,1.3320848938826466,9.754798392267926,2.256885809166156,2.686650924173873,1.9901296719688906,"[""MutableInterval"", ""TestMutableInterval_Constructors"", ""DateTime""]","[0.041970802919708027, 0.019350811485642945, 0.01730920535011802]","[5.9939172749391725, 1.3320848938826466, 2.4287962234461054]"
org.joda.time.TestMutableInterval_Constructors.testConstructor_RD_RI3,0.041970802919708027,0.026210273251822996,0.01730920535011802,0.07863081975546898,0.02250963971087325,0.024134660645105565,0.011175501792234848,5.9939172749391725,3.2515994640893084,1.3320848938826466,9.754798392267926,2.256885809166156,2.686650924173873,1.9901296719688906,"[""MutableInterval"", ""TestMutableInterval_Constructors"", ""DateTime""]","[0.041970802919708027, 0.019350811485642945, 0.01730920535011802]","[5.9939172749391725, 1.3320848938826466, 2.4287962234461054]"
org.joda.time.TestMutableInterval_Constructors.testConstructor_long_long3,0.041970802919708027,0.026210273251822996,0.01730920535011802,0.07863081975546898,0.02250963971087325,0.024134660645105565,0.011175501792234848,5.9939172749391725,3.2515994640893084,1.3320848938826466,9.754798392267926,2.256885809166156,2.686650924173873,1.9901296719688906,"[""MutableInterval"", ""TestMutableInterval_Constructors"", ""DateTime""]","[0.041970802919708027, 0.019350811485642945, 0.01730920535011802]","[5.9939172749391725, 1.3320848938826466, 2.4287962234461054]"
org.joda.time.TestMutableInterval_Constructors.testConstructor_Object2,0.041970802919708027,0.026210273251822996,0.01730920535011802,0.07863081975546898,0.02250963971087325,0.024134660645105565,0.011175501792234848,5.9939172749391725,3.2515994640893084,1.3320848938826466,9.754798392267926,2.256885809166156,2.686650924173873,1.9901296719688906,"[""MutableInterval"", ""TestMutableInterval_Constructors"", ""DateTime""]","[0.041970802919708027, 0.019350811485642945, 0.01730920535011802]","[5.9939172749391725, 1.3320848938826466, 2.4287962234461054]"
org.joda.time.convert.TestNullConverter.testSetInto_Object,0.021756021756021756,0.0195574333150647,0.014005602240896359,0.0782297332602588,0.01890645182668586,0.019251698661127945,0.003218150417190766,3.9332298136645965,2.071388384713399,0.3487394957983193,8.285553538853597,0.8489189186747016,1.3632156371076805,1.5348093755704975,"[""PeriodType"", ""MutablePeriod"", ""TestNullConverter"", ""NullConverter""]","[0.021756021756021756, 0.021505376344086023, 0.02096273291925466, 0.014005602240896359]","[3.2222222222222223, 0.7813620071684588, 3.9332298136645965, 0.3487394957983193]"
org.joda.time.TestStringConvert.testLocalTime,0.05547226386806597,0.03903556696228157,0.022598870056497175,0.07807113392456314,0.03211457090159488,0.03540636218102824,0.016436696905784396,8.113943028485757,4.661491288254178,1.2090395480225988,9.322982576508355,2.1044934775616855,3.1321044062804697,3.452451740231579,"[""StringConvert"", ""TestStringConvert"", ""LocalTime""]","[0.05547226386806597, 0.022598870056497175]","[8.113943028485757, 1.2090395480225988]"
org.joda.time.TestMutablePeriod_Constructors.testConstructor_long_PeriodType_Chronology2,0.021756021756021756,0.01951624853206851,0.015206812652068127,0.07806499412827404,0.01913126498559792,0.01933206166117112,0.0025528655436453406,3.9332298136645965,2.94184248413289,0.7195863746958637,11.76736993653156,1.8089794854476982,2.440896651070011,1.3137078508204851,"[""PeriodType"", ""ISOChronology"", ""MutablePeriod"", ""TestMutablePeriod_Constructors""]","[0.021756021756021756, 0.02096273291925466, 0.020139426800929512, 0.015206812652068127]","[3.2222222222222223, 3.9332298136645965, 3.892331525948877, 0.7195863746958637]"
org.joda.time.TestMutablePeriod_Constructors.testConstructor_long_Chronology1,0.021756021756021756,0.01951624853206851,0.015206812652068127,0.07806499412827404,0.01913126498559792,0.01933206166117112,0.0025528655436453406,3.9332298136645965,2.94184248413289,0.7195863746958637,11.76736993653156,1.8089794854476982,2.440896651070011,1.3137078508204851,"[""MutablePeriod"", ""PeriodType"", ""TestMutablePeriod_Constructors"", ""ISOChronology""]","[0.021756021756021756, 0.02096273291925466, 0.020139426800929512, 0.015206812652068127]","[3.2222222222222223, 3.9332298136645965, 3.892331525948877, 0.7195863746958637]"
org.joda.time.TestMutablePeriod_Constructors.testConstructor_long_Chronology2,0.021756021756021756,0.01951624853206851,0.015206812652068127,0.07806499412827404,0.01913126498559792,0.01933206166117112,0.0025528655436453406,3.9332298136645965,2.94184248413289,0.7195863746958637,11.76736993653156,1.8089794854476982,2.440896651070011,1.3137078508204851,"[""MutablePeriod"", ""PeriodType"", ""TestMutablePeriod_Constructors"", ""ISOChronology""]","[0.021756021756021756, 0.02096273291925466, 0.020139426800929512, 0.015206812652068127]","[3.2222222222222223, 3.9332298136645965, 3.892331525948877, 0.7195863746958637]"
org.joda.time.TestMutablePeriod_Constructors.testConstructor_long_PeriodType_Chronology1,0.021756021756021756,0.01951624853206851,0.015206812652068127,0.07806499412827404,0.01913126498559792,0.01933206166117112,0.0025528655436453406,3.9332298136645965,2.94184248413289,0.7195863746958637,11.76736993653156,1.8089794854476982,2.440896651070011,1.3137078508204851,"[""PeriodType"", ""ISOChronology"", ""MutablePeriod"", ""TestMutablePeriod_Constructors""]","[0.021756021756021756, 0.02096273291925466, 0.020139426800929512, 0.015206812652068127]","[3.2222222222222223, 3.9332298136645965, 3.892331525948877, 0.7195863746958637]"
org.joda.time.TestMonthDay_Properties.testPropertyEqualsHashCodeLenient,0.044534412955465584,0.025994473362894413,0.009157509157509158,0.07798342008868324,0.01735898020374884,0.021477107794476126,0.014492674573946814,7.753036437246964,3.704956836535784,0.5561660561660562,11.114870509607352,1.31381458623732,2.295642177170347,3.0061355156095066,"[""LenientChronology"", ""MonthDay"", ""MonthDay$Property"", ""TestMonthDay_Properties""]","[0.044534412955465584, 0.024291497975708502, 0.009157509157509158]","[7.753036437246964, 2.805668016194332, 0.5561660561660562]"
org.joda.time.TestDuration_Basics.testIsEqual,0.030303030303030304,0.025974025974025972,0.020757020757020756,0.07792207792207792,0.025337036786125602,0.025660391981953717,0.003947402837811559,3.896969696969697,2.6447367447367447,1.6178266178266179,7.934210234210234,2.3291092016920754,2.480026910750864,0.9439989673405526,"[""TestDuration_Basics"", ""AbstractDuration"", ""TestDuration_Basics$MockDuration"", ""Duration""]","[0.030303030303030304, 0.026862026862026864, 0.020757020757020756]","[3.896969696969697, 2.4194139194139193, 1.6178266178266179]"
org.joda.time.TestDuration_Basics.testIsAfter,0.030303030303030304,0.025974025974025972,0.020757020757020756,0.07792207792207792,0.025337036786125602,0.025660391981953717,0.003947402837811559,3.896969696969697,2.6447367447367447,1.6178266178266179,7.934210234210234,2.3291092016920754,2.480026910750864,0.9439989673405526,"[""TestDuration_Basics"", ""AbstractDuration"", ""TestDuration_Basics$MockDuration"", ""Duration""]","[0.030303030303030304, 0.026862026862026864, 0.020757020757020756]","[3.896969696969697, 2.4194139194139193, 1.6178266178266179]"
org.joda.time.TestDuration_Basics.testCompareTo,0.030303030303030304,0.025974025974025972,0.020757020757020756,0.07792207792207792,0.025337036786125602,0.025660391981953717,0.003947402837811559,3.896969696969697,2.6447367447367447,1.6178266178266179,7.934210234210234,2.3291092016920754,2.480026910750864,0.9439989673405526,"[""TestDuration_Basics"", ""AbstractDuration"", ""TestDuration_Basics$MockDuration"", ""Duration""]","[0.030303030303030304, 0.026862026862026864, 0.020757020757020756]","[3.896969696969697, 2.4194139194139193, 1.6178266178266179]"
org.joda.time.TestDuration_Basics.testEqualsHashCode,0.030303030303030304,0.025974025974025972,0.020757020757020756,0.07792207792207792,0.025337036786125602,0.025660391981953717,0.003947402837811559,3.896969696969697,2.6447367447367447,1.6178266178266179,7.934210234210234,2.3291092016920754,2.480026910750864,0.9439989673405526,"[""TestDuration_Basics"", ""AbstractDuration"", ""TestDuration_Basics$MockDuration"", ""Duration""]","[0.030303030303030304, 0.026862026862026864, 0.020757020757020756]","[3.896969696969697, 2.4194139194139193, 1.6178266178266179]"
org.joda.time.TestDuration_Basics.testIsBefore,0.030303030303030304,0.025974025974025972,0.020757020757020756,0.07792207792207792,0.025337036786125602,0.025660391981953717,0.003947402837811559,3.896969696969697,2.6447367447367447,1.6178266178266179,7.934210234210234,2.3291092016920754,2.480026910750864,0.9439989673405526,"[""TestDuration_Basics"", ""AbstractDuration"", ""TestDuration_Basics$MockDuration"", ""Duration""]","[0.030303030303030304, 0.026862026862026864, 0.020757020757020756]","[3.896969696969697, 2.4194139194139193, 1.6178266178266179]"
org.joda.time.TestIllegalFieldValueException.testSetText,0.017691659646166806,0.015566120378458614,0.013157894736842105,0.07783060189229307,0.01541708349892423,0.01549236303961987,0.0014985162898526914,2.2350463352990735,1.5270195116493908,0.7195863746958637,7.635097558246954,1.3104674276309467,1.4238479412151952,0.52228125715307,"[""IllegalFieldValueException"", ""DateTimeFieldType"", ""DateTimeField"", ""TestIllegalFieldValueException"", ""ISOChronology""]","[0.017691659646166806, 0.016423357664233577, 0.015350877192982455, 0.015206812652068127, 0.013157894736842105]","[2.2350463352990735, 1.8953771289537713, 1.2532894736842106, 0.7195863746958637, 1.531798245614035]"
org.joda.time.TestMutableDateTime_Sets.testSetZoneRetainFields_DateTimeZone4,0.03527980535279805,0.01941870251521388,0.008017492711370262,0.07767481006085553,0.014830828596998963,0.01699226632585047,0.009911259599919356,4.203771289537713,2.1211212428135697,0.17346938775510204,8.484484971254279,0.573220962763733,1.3237122483567292,1.427763202205188,"[""BaseChronology"", ""MockNullZoneChronology"", ""TestMutableDateTime_Sets"", ""MutableDateTime""]","[0.03527980535279805, 0.018032786885245903, 0.01634472511144131, 0.008017492711370262]","[4.203771289537713, 2.137704918032787, 1.9695393759286777, 0.17346938775510204]"
org.joda.time.TestDateMidnight_Basics.testToGregorianCalendar,0.03345454545454545,0.015517852211235323,0.0026666666666666666,0.07758926105617661,0.007091615449443976,0.01063749596860686,0.012044319211716512,4.0378181818181815,1.6287951263021898,0.04933333333333333,8.14397563151095,0.14308184261323745,0.4317046961778047,1.8615790768040203,"[""TestDateMidnight_Basics"", ""TimeZone"", ""DateMidnight"", ""GregorianCalendar"", ""Date""]","[0.03345454545454545, 0.026200873362445413, 0.007633587786259542, 0.007633587786259542, 0.0026666666666666666]","[4.0378181818181815, 3.7743813682678313, 0.14122137404580154, 0.14122137404580154, 0.04933333333333333]"
org.joda.time.TestDateMidnight_Basics.testToCalendar_Locale,0.03345454545454545,0.015517852211235323,0.0026666666666666666,0.07758926105617661,0.007091615449443976,0.01063749596860686,0.012044319211716512,4.0378181818181815,1.6402455079815792,0.04933333333333333,8.201227539907896,0.151964526869937,0.4621118410713484,1.852548118046538,"[""TestDateMidnight_Basics"", ""TimeZone"", ""Calendar"", ""DateMidnight"", ""Date""]","[0.03345454545454545, 0.026200873362445413, 0.007633587786259542, 0.007633587786259542, 0.0026666666666666666]","[4.0378181818181815, 3.7743813682678313, 0.1984732824427481, 0.14122137404580154, 0.04933333333333333]"
org.joda.time.TestDateMidnight_Constructors.testConstructor_badconverterObject,0.03345454545454545,0.019347934709248577,0.011636363636363636,0.07739173883699431,0.016660501979113708,0.01783563954882589,0.008376959944398061,4.0378181818181815,2.003990055767428,0.7195863746958637,8.015960223069712,1.3914877281554596,1.6632101110351163,1.2357944799140166,"[""Integer"", ""DateMidnight"", ""TestDateMidnight_Constructors"", ""ISOChronology"", ""ConverterManager""]","[0.03345454545454545, 0.017094017094017096, 0.015206812652068127, 0.011636363636363636]","[4.0378181818181815, 1.4847374847374848, 0.7195863746958637, 1.7738181818181817]"
org.joda.time.TestMonthDay_Properties.testPropertyEqualsHashCodeStrict,0.044534412955465584,0.02579097315939421,0.008547008547008548,0.07737291947818263,0.016609344853619663,0.0209888215804664,0.014730006526007271,7.753036437246964,3.704142835721783,0.5537240537240538,11.11242850716535,1.3092679565001037,2.2922773615345164,3.0069882440608517,"[""TestMonthDay_Properties"", ""StrictChronology"", ""MonthDay$Property"", ""MonthDay""]","[0.044534412955465584, 0.024291497975708502, 0.008547008547008548]","[7.753036437246964, 2.805668016194332, 0.5537240537240538]"
org.joda.time.TestDateMidnight_Basics.testGet_DateTimeFieldType,0.03345454545454545,0.02578235948771922,0.017691659646166806,0.07734707846315766,0.02408056769647516,0.024937131328156295,0.006441972143658078,4.0378181818181815,3.349081961795029,2.2350463352990735,10.047245885385086,3.1249329474161436,3.2416019878725577,0.7950497978156535,"[""DateTimeFieldType"", ""TestDateMidnight_Basics"", ""DateMidnight""]","[0.03345454545454545, 0.026200873362445413, 0.017691659646166806]","[4.0378181818181815, 3.7743813682678313, 2.2350463352990735]"
org.joda.time.TestDateMidnight_Basics.testWithField1,0.03345454545454545,0.02578235948771922,0.017691659646166806,0.07734707846315766,0.02408056769647516,0.024937131328156295,0.006441972143658078,4.0378181818181815,3.349081961795029,2.2350463352990735,10.047245885385086,3.1249329474161436,3.2416019878725577,0.7950497978156535,"[""DateTimeFieldType"", ""TestDateMidnight_Basics"", ""DateMidnight""]","[0.03345454545454545, 0.026200873362445413, 0.017691659646166806]","[4.0378181818181815, 3.7743813682678313, 2.2350463352990735]"
org.joda.time.TestYearMonthDay_Basics.testWithFieldAdded1,0.03952011291460833,0.025768342733525563,0.013479359730412805,0.07730502820057669,0.02133197892197321,0.023481779066073533,0.010681292566790858,3.5356386732533522,2.7544607420314384,1.2468407750631845,8.263382226094315,2.1863607973603894,2.4849839526969064,1.0662824760710758,"[""YearMonthDay"", ""TestYearMonthDay_Basics"", ""DurationFieldType""]","[0.03952011291460833, 0.024305555555555556, 0.013479359730412805]","[3.5356386732533522, 3.4809027777777777, 1.2468407750631845]"
org.joda.time.TestYearMonthDay_Basics.testWithFieldAdded5,0.03952011291460833,0.025768342733525563,0.013479359730412805,0.07730502820057669,0.02133197892197321,0.023481779066073533,0.010681292566790858,3.5356386732533522,2.7544607420314384,1.2468407750631845,8.263382226094315,2.1863607973603894,2.4849839526969064,1.0662824760710758,"[""YearMonthDay"", ""TestYearMonthDay_Basics"", ""DurationFieldType""]","[0.03952011291460833, 0.024305555555555556, 0.013479359730412805]","[3.5356386732533522, 3.4809027777777777, 1.2468407750631845]"
org.joda.time.TestYearMonthDay_Basics.testWithFieldAdded4,0.03952011291460833,0.025768342733525563,0.013479359730412805,0.07730502820057669,0.02133197892197321,0.023481779066073533,0.010681292566790858,3.5356386732533522,2.7544607420314384,1.2468407750631845,8.263382226094315,2.1863607973603894,2.4849839526969064,1.0662824760710758,"[""YearMonthDay"", ""TestYearMonthDay_Basics"", ""DurationFieldType""]","[0.03952011291460833, 0.024305555555555556, 0.013479359730412805]","[3.5356386732533522, 3.4809027777777777, 1.2468407750631845]"
org.joda.time.TestIllegalFieldValueException.testVerifyValueBounds,0.017691659646166806,0.01543312317259811,0.013157894736842105,0.07716561586299055,0.015295899169432676,0.01536482233882532,0.0014450895371864178,2.2350463352990735,1.3223367319518735,0.7195863746958637,6.611683659759367,1.1274795199063983,1.2190572981106087,0.538112395998244,"[""IllegalFieldValueException"", ""DateTimeFieldType"", ""TestIllegalFieldValueException"", ""ISOChronology"", ""Integer"", ""FieldUtils""]","[0.017691659646166806, 0.015758371634931056, 0.015350877192982455, 0.015206812652068127, 0.013157894736842105]","[2.2350463352990735, 0.8719632304661852, 1.2532894736842106, 0.7195863746958637, 1.531798245614035]"
org.joda.time.TestMutablePeriod_Updates.testAdd_Field,0.021756021756021756,0.01927803363627901,0.013479359730412805,0.07711213454511603,0.01854682782698827,0.018935794980037703,0.0033645099086159723,5.986057319907049,3.597087532714263,1.2468407750631845,14.388350130857052,2.6081218095132854,3.1186322785090783,1.694428524608086,"[""PeriodType"", ""MutablePeriod"", ""TestMutablePeriod_Updates"", ""DurationFieldType""]","[0.021756021756021756, 0.02096273291925466, 0.020914020139426802, 0.013479359730412805]","[3.2222222222222223, 3.9332298136645965, 5.986057319907049, 1.2468407750631845]"
org.joda.time.TestDateTimeUtils.testGetReadableInterval_ReadableInterval,0.02710027100271003,0.025692394902263826,0.02372034956304619,0.07707718470679148,0.025609591722774567,0.02565138808267673,0.0014363570661124554,2.0375093773443362,1.7374480624967301,1.5562330623306233,5.21234418749019,1.7131210249267836,1.7249297781104929,0.21369769571885905,"[""DateTimeUtils"", ""TestDateTimeUtils"", ""Interval""]","[0.02710027100271003, 0.02625656414103526, 0.02372034956304619]","[1.5562330623306233, 2.0375093773443362, 1.618601747815231]"
org.joda.time.TestYearMonthDay_Properties.testPropertyGetDay,0.03952011291460833,0.02565140557548312,0.017361111111111112,0.07695421672644936,0.022603679702923072,0.02397006840089367,0.009868953267115258,3.5356386732533522,2.6697347213088363,2.1006944444444446,8.009204163926508,2.5417314352571,2.602365542407195,0.6222873217062765,"[""YearMonthDay"", ""Chronology"", ""TestYearMonthDay_Properties"", ""YearMonthDay$Property""]","[0.03952011291460833, 0.020072992700729927, 0.017361111111111112]","[3.5356386732533522, 2.3728710462287106, 2.1006944444444446]"
org.joda.time.TestYearMonthDay_Properties.testPropertyGetMonth,0.03952011291460833,0.02565140557548312,0.017361111111111112,0.07695421672644936,0.022603679702923072,0.02397006840089367,0.009868953267115258,3.5356386732533522,2.6697347213088363,2.1006944444444446,8.009204163926508,2.5417314352571,2.602365542407195,0.6222873217062765,"[""YearMonthDay"", ""Chronology"", ""TestYearMonthDay_Properties"", ""YearMonthDay$Property""]","[0.03952011291460833, 0.020072992700729927, 0.017361111111111112]","[3.5356386732533522, 2.3728710462287106, 2.1006944444444446]"
org.joda.time.TestYearMonthDay_Properties.testPropertyGetYear,0.03952011291460833,0.02565140557548312,0.017361111111111112,0.07695421672644936,0.022603679702923072,0.02397006840089367,0.009868953267115258,3.5356386732533522,2.6697347213088363,2.1006944444444446,8.009204163926508,2.5417314352571,2.602365542407195,0.6222873217062765,"[""YearMonthDay"", ""Chronology"", ""TestYearMonthDay_Properties"", ""YearMonthDay$Property""]","[0.03952011291460833, 0.020072992700729927, 0.017361111111111112]","[3.5356386732533522, 2.3728710462287106, 2.1006944444444446]"
org.joda.time.format.TestPeriodFormatterBuilder.testBug2495455,0.03263403263403263,0.019212948112030684,0.009324009324009324,0.07685179244812274,0.015401549737385906,0.017182030890678997,0.00894530038785441,6.074592074592075,2.986233185774471,0.6379176379176379,11.944932743097883,1.3936207431704175,2.054520635498765,2.2259653798202157,"[""ISOPeriodFormat"", ""PeriodFormatterBuilder"", ""PeriodFormatter"", ""TestPeriodFormatterBuilder""]","[0.03263403263403263, 0.021684737281067557, 0.01320901320901321, 0.009324009324009324]","[6.074592074592075, 4.115095913261051, 0.6379176379176379, 1.1173271173271173]"
org.joda.time.field.TestBaseDateTimeField.test_remainder_long,0.021408839779005526,0.015361572448663605,0.010093727469358327,0.07680786224331802,0.014399162592479645,0.014875487946120538,0.003867762181545382,2.5476519337016574,1.7706472749814721,0.4297043979812545,8.853236374907361,1.1397682465938976,1.4883533753312914,0.8099955042874938,"[""BaseDateTimeField"", ""DateTimeFieldType"", ""TestBaseDateTimeField"", ""BaseDurationField"", ""DurationFieldType"", ""TestBaseDateTimeField$MockBaseDateTimeField"", ""TestBaseDateTimeField$MockCountingDurationField""]","[0.021408839779005526, 0.017691659646166806, 0.014134275618374558, 0.013479359730412805, 0.010093727469358327]","[2.5476519337016574, 2.2350463352990735, 2.393992932862191, 1.2468407750631845, 0.4297043979812545]"
org.joda.time.field.TestBaseDateTimeField.test_getLeapDurationField,0.021408839779005526,0.015361572448663605,0.010093727469358327,0.07680786224331802,0.014399162592479645,0.014875487946120538,0.003867762181545382,2.5476519337016574,1.7706472749814721,0.4297043979812545,8.853236374907361,1.1397682465938976,1.4883533753312914,0.8099955042874938,"[""BaseDateTimeField"", ""DateTimeFieldType"", ""TestBaseDateTimeField"", ""BaseDurationField"", ""DurationFieldType"", ""TestBaseDateTimeField$MockBaseDateTimeField"", ""TestBaseDateTimeField$MockCountingDurationField""]","[0.021408839779005526, 0.017691659646166806, 0.014134275618374558, 0.013479359730412805, 0.010093727469358327]","[2.5476519337016574, 2.2350463352990735, 2.393992932862191, 1.2468407750631845, 0.4297043979812545]"
org.joda.time.field.TestBaseDateTimeField.test_getAsText_long,0.021408839779005526,0.015361572448663605,0.010093727469358327,0.07680786224331802,0.014399162592479645,0.014875487946120538,0.003867762181545382,2.5476519337016574,1.7706472749814721,0.4297043979812545,8.853236374907361,1.1397682465938976,1.4883533753312914,0.8099955042874938,"[""BaseDateTimeField"", ""DateTimeFieldType"", ""TestBaseDateTimeField"", ""BaseDurationField"", ""DurationFieldType"", ""TestBaseDateTimeField$MockBaseDateTimeField"", ""TestBaseDateTimeField$MockCountingDurationField""]","[0.021408839779005526, 0.017691659646166806, 0.014134275618374558, 0.013479359730412805, 0.010093727469358327]","[2.5476519337016574, 2.2350463352990735, 2.393992932862191, 1.2468407750631845, 0.4297043979812545]"
org.joda.time.field.TestBaseDateTimeField.test_getAsShortText_long,0.021408839779005526,0.015361572448663605,0.010093727469358327,0.07680786224331802,0.014399162592479645,0.014875487946120538,0.003867762181545382,2.5476519337016574,1.7706472749814721,0.4297043979812545,8.853236374907361,1.1397682465938976,1.4883533753312914,0.8099955042874938,"[""BaseDateTimeField"", ""DateTimeFieldType"", ""TestBaseDateTimeField"", ""BaseDurationField"", ""DurationFieldType"", ""TestBaseDateTimeField$MockBaseDateTimeField"", ""TestBaseDateTimeField$MockCountingDurationField""]","[0.021408839779005526, 0.017691659646166806, 0.014134275618374558, 0.013479359730412805, 0.010093727469358327]","[2.5476519337016574, 2.2350463352990735, 2.393992932862191, 1.2468407750631845, 0.4297043979812545]"
org.joda.time.field.TestBaseDateTimeField.test_getMaximumValue,0.021408839779005526,0.015361572448663605,0.010093727469358327,0.07680786224331802,0.014399162592479645,0.014875487946120538,0.003867762181545382,2.5476519337016574,1.7706472749814721,0.4297043979812545,8.853236374907361,1.1397682465938976,1.4883533753312914,0.8099955042874938,"[""BaseDateTimeField"", ""DateTimeFieldType"", ""TestBaseDateTimeField"", ""BaseDurationField"", ""DurationFieldType"", ""TestBaseDateTimeField$MockBaseDateTimeField"", ""TestBaseDateTimeField$MockCountingDurationField""]","[0.021408839779005526, 0.017691659646166806, 0.014134275618374558, 0.013479359730412805, 0.010093727469358327]","[2.5476519337016574, 2.2350463352990735, 2.393992932862191, 1.2468407750631845, 0.4297043979812545]"
org.joda.time.field.TestBaseDateTimeField.test_set_long_String,0.021408839779005526,0.015361572448663605,0.010093727469358327,0.07680786224331802,0.014399162592479645,0.014875487946120538,0.003867762181545382,2.5476519337016574,1.7706472749814721,0.4297043979812545,8.853236374907361,1.1397682465938976,1.4883533753312914,0.8099955042874938,"[""BaseDateTimeField"", ""DateTimeFieldType"", ""TestBaseDateTimeField"", ""BaseDurationField"", ""DurationFieldType"", ""TestBaseDateTimeField$MockBaseDateTimeField"", ""TestBaseDateTimeField$MockCountingDurationField""]","[0.021408839779005526, 0.017691659646166806, 0.014134275618374558, 0.013479359730412805, 0.010093727469358327]","[2.5476519337016574, 2.2350463352990735, 2.393992932862191, 1.2468407750631845, 0.4297043979812545]"
org.joda.time.field.TestBaseDateTimeField.test_convertText,0.021408839779005526,0.015361572448663605,0.010093727469358327,0.07680786224331802,0.014399162592479645,0.014875487946120538,0.003867762181545382,2.5476519337016574,1.7706472749814721,0.4297043979812545,8.853236374907361,1.1397682465938976,1.4883533753312914,0.8099955042874938,"[""BaseDateTimeField"", ""DateTimeFieldType"", ""TestBaseDateTimeField"", ""BaseDurationField"", ""DurationFieldType"", ""TestBaseDateTimeField$MockBaseDateTimeField"", ""TestBaseDateTimeField$MockCountingDurationField""]","[0.021408839779005526, 0.017691659646166806, 0.014134275618374558, 0.013479359730412805, 0.010093727469358327]","[2.5476519337016574, 2.2350463352990735, 2.393992932862191, 1.2468407750631845, 0.4297043979812545]"
org.joda.time.field.TestBaseDateTimeField.test_getMaximumValue_long,0.021408839779005526,0.015361572448663605,0.010093727469358327,0.07680786224331802,0.014399162592479645,0.014875487946120538,0.003867762181545382,2.5476519337016574,1.7706472749814721,0.4297043979812545,8.853236374907361,1.1397682465938976,1.4883533753312914,0.8099955042874938,"[""BaseDateTimeField"", ""DateTimeFieldType"", ""TestBaseDateTimeField"", ""BaseDurationField"", ""DurationFieldType"", ""TestBaseDateTimeField$MockBaseDateTimeField"", ""TestBaseDateTimeField$MockCountingDurationField""]","[0.021408839779005526, 0.017691659646166806, 0.014134275618374558, 0.013479359730412805, 0.010093727469358327]","[2.5476519337016574, 2.2350463352990735, 2.393992932862191, 1.2468407750631845, 0.4297043979812545]"
org.joda.time.field.TestBaseDateTimeField.test_getLeapAmount_long,0.021408839779005526,0.015361572448663605,0.010093727469358327,0.07680786224331802,0.014399162592479645,0.014875487946120538,0.003867762181545382,2.5476519337016574,1.7706472749814721,0.4297043979812545,8.853236374907361,1.1397682465938976,1.4883533753312914,0.8099955042874938,"[""BaseDateTimeField"", ""DateTimeFieldType"", ""TestBaseDateTimeField"", ""BaseDurationField"", ""DurationFieldType"", ""TestBaseDateTimeField$MockBaseDateTimeField"", ""TestBaseDateTimeField$MockCountingDurationField""]","[0.021408839779005526, 0.017691659646166806, 0.014134275618374558, 0.013479359730412805, 0.010093727469358327]","[2.5476519337016574, 2.2350463352990735, 2.393992932862191, 1.2468407750631845, 0.4297043979812545]"
org.joda.time.field.TestBaseDateTimeField.test_roundCeiling_long,0.021408839779005526,0.015361572448663605,0.010093727469358327,0.07680786224331802,0.014399162592479645,0.014875487946120538,0.003867762181545382,2.5476519337016574,1.7706472749814721,0.4297043979812545,8.853236374907361,1.1397682465938976,1.4883533753312914,0.8099955042874938,"[""BaseDateTimeField"", ""DateTimeFieldType"", ""TestBaseDateTimeField"", ""BaseDurationField"", ""DurationFieldType"", ""TestBaseDateTimeField$MockBaseDateTimeField"", ""TestBaseDateTimeField$MockCountingDurationField""]","[0.021408839779005526, 0.017691659646166806, 0.014134275618374558, 0.013479359730412805, 0.010093727469358327]","[2.5476519337016574, 2.2350463352990735, 2.393992932862191, 1.2468407750631845, 0.4297043979812545]"
org.joda.time.field.TestBaseDateTimeField.test_isLeap_long,0.021408839779005526,0.015361572448663605,0.010093727469358327,0.07680786224331802,0.014399162592479645,0.014875487946120538,0.003867762181545382,2.5476519337016574,1.7706472749814721,0.4297043979812545,8.853236374907361,1.1397682465938976,1.4883533753312914,0.8099955042874938,"[""BaseDateTimeField"", ""DateTimeFieldType"", ""TestBaseDateTimeField"", ""BaseDurationField"", ""DurationFieldType"", ""TestBaseDateTimeField$MockBaseDateTimeField"", ""TestBaseDateTimeField$MockCountingDurationField""]","[0.021408839779005526, 0.017691659646166806, 0.014134275618374558, 0.013479359730412805, 0.010093727469358327]","[2.5476519337016574, 2.2350463352990735, 2.393992932862191, 1.2468407750631845, 0.4297043979812545]"
org.joda.time.field.TestBaseDateTimeField.test_getAsText_long_Locale,0.021408839779005526,0.015361572448663605,0.010093727469358327,0.07680786224331802,0.014399162592479645,0.014875487946120538,0.003867762181545382,2.5476519337016574,1.7706472749814721,0.4297043979812545,8.853236374907361,1.1397682465938976,1.4883533753312914,0.8099955042874938,"[""BaseDateTimeField"", ""DateTimeFieldType"", ""TestBaseDateTimeField"", ""BaseDurationField"", ""DurationFieldType"", ""TestBaseDateTimeField$MockBaseDateTimeField"", ""TestBaseDateTimeField$MockCountingDurationField""]","[0.021408839779005526, 0.017691659646166806, 0.014134275618374558, 0.013479359730412805, 0.010093727469358327]","[2.5476519337016574, 2.2350463352990735, 2.393992932862191, 1.2468407750631845, 0.4297043979812545]"
org.joda.time.field.TestBaseDateTimeField.test_add_long_int,0.021408839779005526,0.015361572448663605,0.010093727469358327,0.07680786224331802,0.014399162592479645,0.014875487946120538,0.003867762181545382,2.5476519337016574,1.7706472749814721,0.4297043979812545,8.853236374907361,1.1397682465938976,1.4883533753312914,0.8099955042874938,"[""BaseDateTimeField"", ""DateTimeFieldType"", ""TestBaseDateTimeField"", ""BaseDurationField"", ""DurationFieldType"", ""TestBaseDateTimeField$MockBaseDateTimeField"", ""TestBaseDateTimeField$MockCountingDurationField""]","[0.021408839779005526, 0.017691659646166806, 0.014134275618374558, 0.013479359730412805, 0.010093727469358327]","[2.5476519337016574, 2.2350463352990735, 2.393992932862191, 1.2468407750631845, 0.4297043979812545]"
org.joda.time.field.TestBaseDateTimeField.test_roundHalfFloor_long,0.021408839779005526,0.015361572448663605,0.010093727469358327,0.07680786224331802,0.014399162592479645,0.014875487946120538,0.003867762181545382,2.5476519337016574,1.7706472749814721,0.4297043979812545,8.853236374907361,1.1397682465938976,1.4883533753312914,0.8099955042874938,"[""BaseDateTimeField"", ""DateTimeFieldType"", ""TestBaseDateTimeField"", ""BaseDurationField"", ""DurationFieldType"", ""TestBaseDateTimeField$MockBaseDateTimeField"", ""TestBaseDateTimeField$MockCountingDurationField""]","[0.021408839779005526, 0.017691659646166806, 0.014134275618374558, 0.013479359730412805, 0.010093727469358327]","[2.5476519337016574, 2.2350463352990735, 2.393992932862191, 1.2468407750631845, 0.4297043979812545]"
org.joda.time.field.TestBaseDateTimeField.test_roundHalfCeiling_long,0.021408839779005526,0.015361572448663605,0.010093727469358327,0.07680786224331802,0.014399162592479645,0.014875487946120538,0.003867762181545382,2.5476519337016574,1.7706472749814721,0.4297043979812545,8.853236374907361,1.1397682465938976,1.4883533753312914,0.8099955042874938,"[""BaseDateTimeField"", ""DateTimeFieldType"", ""TestBaseDateTimeField"", ""BaseDurationField"", ""DurationFieldType"", ""TestBaseDateTimeField$MockBaseDateTimeField"", ""TestBaseDateTimeField$MockCountingDurationField""]","[0.021408839779005526, 0.017691659646166806, 0.014134275618374558, 0.013479359730412805, 0.010093727469358327]","[2.5476519337016574, 2.2350463352990735, 2.393992932862191, 1.2468407750631845, 0.4297043979812545]"
org.joda.time.field.TestBaseDateTimeField.test_getAsShortText_int_Locale,0.021408839779005526,0.015361572448663605,0.010093727469358327,0.07680786224331802,0.014399162592479645,0.014875487946120538,0.003867762181545382,2.5476519337016574,1.7706472749814721,0.4297043979812545,8.853236374907361,1.1397682465938976,1.4883533753312914,0.8099955042874938,"[""BaseDateTimeField"", ""DateTimeFieldType"", ""TestBaseDateTimeField"", ""BaseDurationField"", ""DurationFieldType"", ""TestBaseDateTimeField$MockBaseDateTimeField"", ""TestBaseDateTimeField$MockCountingDurationField""]","[0.021408839779005526, 0.017691659646166806, 0.014134275618374558, 0.013479359730412805, 0.010093727469358327]","[2.5476519337016574, 2.2350463352990735, 2.393992932862191, 1.2468407750631845, 0.4297043979812545]"
org.joda.time.field.TestBaseDateTimeField.test_getMaximumTextLength_Locale,0.021408839779005526,0.015361572448663605,0.010093727469358327,0.07680786224331802,0.014399162592479645,0.014875487946120538,0.003867762181545382,2.5476519337016574,1.7706472749814721,0.4297043979812545,8.853236374907361,1.1397682465938976,1.4883533753312914,0.8099955042874938,"[""BaseDateTimeField"", ""TestBaseDateTimeField$2"", ""TestBaseDateTimeField$3"", ""TestBaseDateTimeField$1"", ""TestBaseDateTimeField$4"", ""TestBaseDateTimeField"", ""DateTimeFieldType"", ""BaseDurationField"", ""DurationFieldType"", ""TestBaseDateTimeField$MockBaseDateTimeField"", ""TestBaseDateTimeField$MockCountingDurationField""]","[0.021408839779005526, 0.017691659646166806, 0.014134275618374558, 0.013479359730412805, 0.010093727469358327]","[2.5476519337016574, 2.2350463352990735, 2.393992932862191, 1.2468407750631845, 0.4297043979812545]"
org.joda.time.field.TestBaseDateTimeField.test_roundHalfEven_long,0.021408839779005526,0.015361572448663605,0.010093727469358327,0.07680786224331802,0.014399162592479645,0.014875487946120538,0.003867762181545382,2.5476519337016574,1.7706472749814721,0.4297043979812545,8.853236374907361,1.1397682465938976,1.4883533753312914,0.8099955042874938,"[""BaseDateTimeField"", ""DateTimeFieldType"", ""TestBaseDateTimeField"", ""BaseDurationField"", ""DurationFieldType"", ""TestBaseDateTimeField$MockBaseDateTimeField"", ""TestBaseDateTimeField$MockCountingDurationField""]","[0.021408839779005526, 0.017691659646166806, 0.014134275618374558, 0.013479359730412805, 0.010093727469358327]","[2.5476519337016574, 2.2350463352990735, 2.393992932862191, 1.2468407750631845, 0.4297043979812545]"
org.joda.time.field.TestBaseDateTimeField.test_getMinimumValue,0.021408839779005526,0.015361572448663605,0.010093727469358327,0.07680786224331802,0.014399162592479645,0.014875487946120538,0.003867762181545382,2.5476519337016574,1.7706472749814721,0.4297043979812545,8.853236374907361,1.1397682465938976,1.4883533753312914,0.8099955042874938,"[""BaseDateTimeField"", ""DateTimeFieldType"", ""TestBaseDateTimeField"", ""BaseDurationField"", ""DurationFieldType"", ""TestBaseDateTimeField$MockBaseDateTimeField"", ""TestBaseDateTimeField$MockCountingDurationField""]","[0.021408839779005526, 0.017691659646166806, 0.014134275618374558, 0.013479359730412805, 0.010093727469358327]","[2.5476519337016574, 2.2350463352990735, 2.393992932862191, 1.2468407750631845, 0.4297043979812545]"
org.joda.time.field.TestBaseDateTimeField.test_getDifferenceAsLong_long_long,0.021408839779005526,0.015361572448663605,0.010093727469358327,0.07680786224331802,0.014399162592479645,0.014875487946120538,0.003867762181545382,2.5476519337016574,1.7706472749814721,0.4297043979812545,8.853236374907361,1.1397682465938976,1.4883533753312914,0.8099955042874938,"[""BaseDateTimeField"", ""DateTimeFieldType"", ""TestBaseDateTimeField"", ""BaseDurationField"", ""DurationFieldType"", ""TestBaseDateTimeField$MockBaseDateTimeField"", ""TestBaseDateTimeField$MockCountingDurationField""]","[0.021408839779005526, 0.017691659646166806, 0.014134275618374558, 0.013479359730412805, 0.010093727469358327]","[2.5476519337016574, 2.2350463352990735, 2.393992932862191, 1.2468407750631845, 0.4297043979812545]"
org.joda.time.field.TestBaseDateTimeField.test_addWrapField_long_int,0.021408839779005526,0.015361572448663605,0.010093727469358327,0.07680786224331802,0.014399162592479645,0.014875487946120538,0.003867762181545382,2.5476519337016574,1.7706472749814721,0.4297043979812545,8.853236374907361,1.1397682465938976,1.4883533753312914,0.8099955042874938,"[""BaseDateTimeField"", ""DateTimeFieldType"", ""TestBaseDateTimeField"", ""BaseDurationField"", ""DurationFieldType"", ""TestBaseDateTimeField$MockBaseDateTimeField"", ""TestBaseDateTimeField$MockCountingDurationField""]","[0.021408839779005526, 0.017691659646166806, 0.014134275618374558, 0.013479359730412805, 0.010093727469358327]","[2.5476519337016574, 2.2350463352990735, 2.393992932862191, 1.2468407750631845, 0.4297043979812545]"
org.joda.time.field.TestBaseDateTimeField.test_getMinimumValue_long,0.021408839779005526,0.015361572448663605,0.010093727469358327,0.07680786224331802,0.014399162592479645,0.014875487946120538,0.003867762181545382,2.5476519337016574,1.7706472749814721,0.4297043979812545,8.853236374907361,1.1397682465938976,1.4883533753312914,0.8099955042874938,"[""BaseDateTimeField"", ""DateTimeFieldType"", ""TestBaseDateTimeField"", ""BaseDurationField"", ""DurationFieldType"", ""TestBaseDateTimeField$MockBaseDateTimeField"", ""TestBaseDateTimeField$MockCountingDurationField""]","[0.021408839779005526, 0.017691659646166806, 0.014134275618374558, 0.013479359730412805, 0.010093727469358327]","[2.5476519337016574, 2.2350463352990735, 2.393992932862191, 1.2468407750631845, 0.4297043979812545]"
org.joda.time.field.TestBaseDateTimeField.test_getAsShortText_long_Locale,0.021408839779005526,0.015361572448663605,0.010093727469358327,0.07680786224331802,0.014399162592479645,0.014875487946120538,0.003867762181545382,2.5476519337016574,1.7706472749814721,0.4297043979812545,8.853236374907361,1.1397682465938976,1.4883533753312914,0.8099955042874938,"[""BaseDateTimeField"", ""DateTimeFieldType"", ""TestBaseDateTimeField"", ""BaseDurationField"", ""DurationFieldType"", ""TestBaseDateTimeField$MockBaseDateTimeField"", ""TestBaseDateTimeField$MockCountingDurationField""]","[0.021408839779005526, 0.017691659646166806, 0.014134275618374558, 0.013479359730412805, 0.010093727469358327]","[2.5476519337016574, 2.2350463352990735, 2.393992932862191, 1.2468407750631845, 0.4297043979812545]"
org.joda.time.field.TestBaseDateTimeField.test_getName,0.021408839779005526,0.015361572448663605,0.010093727469358327,0.07680786224331802,0.014399162592479645,0.014875487946120538,0.003867762181545382,2.5476519337016574,1.7706472749814721,0.4297043979812545,8.853236374907361,1.1397682465938976,1.4883533753312914,0.8099955042874938,"[""BaseDateTimeField"", ""DateTimeFieldType"", ""TestBaseDateTimeField"", ""BaseDurationField"", ""DurationFieldType"", ""TestBaseDateTimeField$MockBaseDateTimeField"", ""TestBaseDateTimeField$MockCountingDurationField""]","[0.021408839779005526, 0.017691659646166806, 0.014134275618374558, 0.013479359730412805, 0.010093727469358327]","[2.5476519337016574, 2.2350463352990735, 2.393992932862191, 1.2468407750631845, 0.4297043979812545]"
org.joda.time.field.TestBaseDateTimeField.test_getMaximumShortTextLength_Locale,0.021408839779005526,0.015361572448663605,0.010093727469358327,0.07680786224331802,0.014399162592479645,0.014875487946120538,0.003867762181545382,2.5476519337016574,1.7706472749814721,0.4297043979812545,8.853236374907361,1.1397682465938976,1.4883533753312914,0.8099955042874938,"[""BaseDateTimeField"", ""DateTimeFieldType"", ""TestBaseDateTimeField"", ""BaseDurationField"", ""DurationFieldType"", ""TestBaseDateTimeField$MockBaseDateTimeField"", ""TestBaseDateTimeField$MockCountingDurationField""]","[0.021408839779005526, 0.017691659646166806, 0.014134275618374558, 0.013479359730412805, 0.010093727469358327]","[2.5476519337016574, 2.2350463352990735, 2.393992932862191, 1.2468407750631845, 0.4297043979812545]"
org.joda.time.field.TestBaseDateTimeField.test_isSupported,0.021408839779005526,0.015361572448663605,0.010093727469358327,0.07680786224331802,0.014399162592479645,0.014875487946120538,0.003867762181545382,2.5476519337016574,1.7706472749814721,0.4297043979812545,8.853236374907361,1.1397682465938976,1.4883533753312914,0.8099955042874938,"[""BaseDateTimeField"", ""DateTimeFieldType"", ""TestBaseDateTimeField"", ""BaseDurationField"", ""DurationFieldType"", ""TestBaseDateTimeField$MockBaseDateTimeField"", ""TestBaseDateTimeField$MockCountingDurationField""]","[0.021408839779005526, 0.017691659646166806, 0.014134275618374558, 0.013479359730412805, 0.010093727469358327]","[2.5476519337016574, 2.2350463352990735, 2.393992932862191, 1.2468407750631845, 0.4297043979812545]"
org.joda.time.field.TestBaseDateTimeField.test_toString,0.021408839779005526,0.015361572448663605,0.010093727469358327,0.07680786224331802,0.014399162592479645,0.014875487946120538,0.003867762181545382,2.5476519337016574,1.7706472749814721,0.4297043979812545,8.853236374907361,1.1397682465938976,1.4883533753312914,0.8099955042874938,"[""BaseDateTimeField"", ""DateTimeFieldType"", ""TestBaseDateTimeField"", ""BaseDurationField"", ""DurationFieldType"", ""TestBaseDateTimeField$MockBaseDateTimeField"", ""TestBaseDateTimeField$MockCountingDurationField""]","[0.021408839779005526, 0.017691659646166806, 0.014134275618374558, 0.013479359730412805, 0.010093727469358327]","[2.5476519337016574, 2.2350463352990735, 2.393992932862191, 1.2468407750631845, 0.4297043979812545]"
org.joda.time.field.TestBaseDateTimeField.test_getDifference_long_long,0.021408839779005526,0.015361572448663605,0.010093727469358327,0.07680786224331802,0.014399162592479645,0.014875487946120538,0.003867762181545382,2.5476519337016574,1.7706472749814721,0.4297043979812545,8.853236374907361,1.1397682465938976,1.4883533753312914,0.8099955042874938,"[""BaseDateTimeField"", ""DateTimeFieldType"", ""TestBaseDateTimeField"", ""BaseDurationField"", ""DurationFieldType"", ""TestBaseDateTimeField$MockBaseDateTimeField"", ""TestBaseDateTimeField$MockCountingDurationField""]","[0.021408839779005526, 0.017691659646166806, 0.014134275618374558, 0.013479359730412805, 0.010093727469358327]","[2.5476519337016574, 2.2350463352990735, 2.393992932862191, 1.2468407750631845, 0.4297043979812545]"
org.joda.time.field.TestBaseDateTimeField.test_getAsText_int_Locale,0.021408839779005526,0.015361572448663605,0.010093727469358327,0.07680786224331802,0.014399162592479645,0.014875487946120538,0.003867762181545382,2.5476519337016574,1.7706472749814721,0.4297043979812545,8.853236374907361,1.1397682465938976,1.4883533753312914,0.8099955042874938,"[""BaseDateTimeField"", ""DateTimeFieldType"", ""TestBaseDateTimeField"", ""BaseDurationField"", ""DurationFieldType"", ""TestBaseDateTimeField$MockBaseDateTimeField"", ""TestBaseDateTimeField$MockCountingDurationField""]","[0.021408839779005526, 0.017691659646166806, 0.014134275618374558, 0.013479359730412805, 0.010093727469358327]","[2.5476519337016574, 2.2350463352990735, 2.393992932862191, 1.2468407750631845, 0.4297043979812545]"
org.joda.time.field.TestBaseDateTimeField.test_get,0.021408839779005526,0.015361572448663605,0.010093727469358327,0.07680786224331802,0.014399162592479645,0.014875487946120538,0.003867762181545382,2.5476519337016574,1.7706472749814721,0.4297043979812545,8.853236374907361,1.1397682465938976,1.4883533753312914,0.8099955042874938,"[""BaseDateTimeField"", ""DateTimeFieldType"", ""TestBaseDateTimeField"", ""BaseDurationField"", ""DurationFieldType"", ""TestBaseDateTimeField$MockBaseDateTimeField"", ""TestBaseDateTimeField$MockCountingDurationField""]","[0.021408839779005526, 0.017691659646166806, 0.014134275618374558, 0.013479359730412805, 0.010093727469358327]","[2.5476519337016574, 2.2350463352990735, 2.393992932862191, 1.2468407750631845, 0.4297043979812545]"
org.joda.time.field.TestBaseDateTimeField.test_getType,0.021408839779005526,0.015361572448663605,0.010093727469358327,0.07680786224331802,0.014399162592479645,0.014875487946120538,0.003867762181545382,2.5476519337016574,1.7706472749814721,0.4297043979812545,8.853236374907361,1.1397682465938976,1.4883533753312914,0.8099955042874938,"[""BaseDateTimeField"", ""DateTimeFieldType"", ""TestBaseDateTimeField"", ""BaseDurationField"", ""DurationFieldType"", ""TestBaseDateTimeField$MockBaseDateTimeField"", ""TestBaseDateTimeField$MockCountingDurationField""]","[0.021408839779005526, 0.017691659646166806, 0.014134275618374558, 0.013479359730412805, 0.010093727469358327]","[2.5476519337016574, 2.2350463352990735, 2.393992932862191, 1.2468407750631845, 0.4297043979812545]"
org.joda.time.field.TestBaseDateTimeField.test_constructor,0.021408839779005526,0.015361572448663605,0.010093727469358327,0.07680786224331802,0.014399162592479645,0.014875487946120538,0.003867762181545382,2.5476519337016574,1.7706472749814721,0.4297043979812545,8.853236374907361,1.1397682465938976,1.4883533753312914,0.8099955042874938,"[""BaseDateTimeField"", ""DateTimeFieldType"", ""TestBaseDateTimeField"", ""BaseDurationField"", ""DurationFieldType"", ""TestBaseDateTimeField$MockBaseDateTimeField"", ""TestBaseDateTimeField$MockCountingDurationField""]","[0.021408839779005526, 0.017691659646166806, 0.014134275618374558, 0.013479359730412805, 0.010093727469358327]","[2.5476519337016574, 2.2350463352990735, 2.393992932862191, 1.2468407750631845, 0.4297043979812545]"
org.joda.time.field.TestBaseDateTimeField.test_roundFloor_long,0.021408839779005526,0.015361572448663605,0.010093727469358327,0.07680786224331802,0.014399162592479645,0.014875487946120538,0.003867762181545382,2.5476519337016574,1.7706472749814721,0.4297043979812545,8.853236374907361,1.1397682465938976,1.4883533753312914,0.8099955042874938,"[""BaseDateTimeField"", ""DateTimeFieldType"", ""TestBaseDateTimeField"", ""BaseDurationField"", ""DurationFieldType"", ""TestBaseDateTimeField$MockBaseDateTimeField"", ""TestBaseDateTimeField$MockCountingDurationField""]","[0.021408839779005526, 0.017691659646166806, 0.014134275618374558, 0.013479359730412805, 0.010093727469358327]","[2.5476519337016574, 2.2350463352990735, 2.393992932862191, 1.2468407750631845, 0.4297043979812545]"
org.joda.time.field.TestBaseDateTimeField.test_set_long_int,0.021408839779005526,0.015361572448663605,0.010093727469358327,0.07680786224331802,0.014399162592479645,0.014875487946120538,0.003867762181545382,2.5476519337016574,1.7706472749814721,0.4297043979812545,8.853236374907361,1.1397682465938976,1.4883533753312914,0.8099955042874938,"[""BaseDateTimeField"", ""DateTimeFieldType"", ""TestBaseDateTimeField"", ""BaseDurationField"", ""DurationFieldType"", ""TestBaseDateTimeField$MockBaseDateTimeField"", ""TestBaseDateTimeField$MockCountingDurationField""]","[0.021408839779005526, 0.017691659646166806, 0.014134275618374558, 0.013479359730412805, 0.010093727469358327]","[2.5476519337016574, 2.2350463352990735, 2.393992932862191, 1.2468407750631845, 0.4297043979812545]"
org.joda.time.field.TestBaseDateTimeField.test_set_long_String_Locale,0.021408839779005526,0.015361572448663605,0.010093727469358327,0.07680786224331802,0.014399162592479645,0.014875487946120538,0.003867762181545382,2.5476519337016574,1.7706472749814721,0.4297043979812545,8.853236374907361,1.1397682465938976,1.4883533753312914,0.8099955042874938,"[""BaseDateTimeField"", ""DateTimeFieldType"", ""TestBaseDateTimeField"", ""BaseDurationField"", ""DurationFieldType"", ""TestBaseDateTimeField$MockBaseDateTimeField"", ""TestBaseDateTimeField$MockCountingDurationField""]","[0.021408839779005526, 0.017691659646166806, 0.014134275618374558, 0.013479359730412805, 0.010093727469358327]","[2.5476519337016574, 2.2350463352990735, 2.393992932862191, 1.2468407750631845, 0.4297043979812545]"
org.joda.time.field.TestBaseDateTimeField.test_add_long_long,0.021408839779005526,0.015361572448663605,0.010093727469358327,0.07680786224331802,0.014399162592479645,0.014875487946120538,0.003867762181545382,2.5476519337016574,1.7706472749814721,0.4297043979812545,8.853236374907361,1.1397682465938976,1.4883533753312914,0.8099955042874938,"[""BaseDateTimeField"", ""DateTimeFieldType"", ""TestBaseDateTimeField"", ""BaseDurationField"", ""DurationFieldType"", ""TestBaseDateTimeField$MockBaseDateTimeField"", ""TestBaseDateTimeField$MockCountingDurationField""]","[0.021408839779005526, 0.017691659646166806, 0.014134275618374558, 0.013479359730412805, 0.010093727469358327]","[2.5476519337016574, 2.2350463352990735, 2.393992932862191, 1.2468407750631845, 0.4297043979812545]"
org.joda.time.TestMutableInterval_Updates.testSetInterval_RInterval2,0.02871410736579276,0.019201690837659397,0.013535031847133758,0.07680676335063759,0.017687699492800368,0.018389630150757973,0.005885965957363708,2.478152309612984,1.4839686334013766,0.7195863746958637,5.9358745336055065,1.2288301868044331,1.3518732432002407,0.6328153866536637,"[""MutableInterval"", ""ISOChronology"", ""TestMutableInterval_Updates"", ""AbstractInterval"", ""TestMutableInterval_Updates$MockBadInterval""]","[0.02871410736579276, 0.019350811485642945, 0.015206812652068127, 0.013535031847133758]","[2.478152309612984, 1.3320848938826466, 0.7195863746958637, 1.4060509554140128]"
org.joda.time.TestTimeOfDay_Constructors.testFactory_FromDateFields_after1970,0.04654346338124572,0.025582165203983237,0.007633587786259542,0.07674649561194971,0.0152444457218406,0.020015637331797998,0.016027101411578707,4.317590691307323,2.508261429191782,0.14122137404580154,7.524784287575347,0.3927291409949332,1.2318846369583825,1.7500087933184505,"[""GregorianCalendar"", ""TestTimeOfDay_Constructors"", ""TimeOfDay""]","[0.04654346338124572, 0.022569444444444444, 0.007633587786259542]","[4.317590691307323, 3.0659722222222223, 0.14122137404580154]"
org.joda.time.TestTimeOfDay_Constructors.testFactory_FromCalendarFields,0.04654346338124572,0.025582165203983237,0.007633587786259542,0.07674649561194971,0.0152444457218406,0.020015637331797998,0.016027101411578707,4.317590691307323,2.508261429191782,0.14122137404580154,7.524784287575347,0.3927291409949332,1.2318846369583825,1.7500087933184505,"[""GregorianCalendar"", ""TestTimeOfDay_Constructors"", ""TimeOfDay""]","[0.04654346338124572, 0.022569444444444444, 0.007633587786259542]","[4.317590691307323, 3.0659722222222223, 0.14122137404580154]"
org.joda.time.TestTimeOfDay_Constructors.testFactory_FromDateFields_before1970,0.04654346338124572,0.025582165203983237,0.007633587786259542,0.07674649561194971,0.0152444457218406,0.020015637331797998,0.016027101411578707,4.317590691307323,2.508261429191782,0.14122137404580154,7.524784287575347,0.3927291409949332,1.2318846369583825,1.7500087933184505,"[""GregorianCalendar"", ""TestTimeOfDay_Constructors"", ""TimeOfDay""]","[0.04654346338124572, 0.022569444444444444, 0.007633587786259542]","[4.317590691307323, 3.0659722222222223, 0.14122137404580154]"
org.joda.time.TestSerialization.testSerializedYearMonthDay,0.03952011291460833,0.01914344521546377,0.007633587786259542,0.07657378086185508,0.012004673247800036,0.014966344060589715,0.0131067532296205,3.5356386732533522,1.5483166100552597,0.09541984732824428,6.193266440221039,0.19486289628053097,0.5454672001699673,1.4967308455482329,"[""YearMonthDay"", ""StringBuilder"", ""ByteArrayOutputStream"", ""ObjectInputStream"", ""TestSerialization"", ""FileInputStream"", ""ObjectOutputStream"", ""ByteArrayInputStream""]","[0.03952011291460833, 0.02178649237472767, 0.007633587786259542, 0.007633587786259542]","[3.5356386732533522, 2.4553376906318083, 0.09541984732824428, 0.10687022900763359]"
org.joda.time.format.TestPeriodFormatter.testParsePeriod_parseType,0.031857031857031856,0.019122009098844452,0.009324009324009324,0.07648803639537781,0.015621446528510741,0.01728755329661181,0.00843203316144909,5.1313131313131315,2.809299482789326,1.055327868852459,11.237197931157304,1.7454354555958753,2.208698298311895,1.774412133678103,"[""Period"", ""PeriodType"", ""PeriodFormatter"", ""TestPeriodFormatter""]","[0.031857031857031856, 0.02096273291925466, 0.014344262295081968, 0.009324009324009324]","[5.1313131313131315, 3.9332298136645965, 1.055327868852459, 1.1173271173271173]"
org.joda.time.TestPartial_Properties.testPropertyGetMinute,0.024943310657596373,0.019078351295340964,0.013605442176870748,0.07631340518136386,0.01818736529244457,0.018632102502819665,0.004100692252386946,3.6621315192743764,2.5527729961755963,1.9410430839002268,10.211091984702385,2.413855019209811,2.477892408502337,0.659204968308563,"[""TestPartial_Properties"", ""DateTimeFieldType"", ""Partial$Property"", ""Partial"", ""Chronology""]","[0.024943310657596373, 0.020072992700729927, 0.017691659646166806, 0.013605442176870748]","[3.6621315192743764, 2.3728710462287106, 2.2350463352990735, 1.9410430839002268]"
org.joda.time.TestPartial_Properties.testPropertyGetHour,0.024943310657596373,0.019078351295340964,0.013605442176870748,0.07631340518136386,0.01818736529244457,0.018632102502819665,0.004100692252386946,3.6621315192743764,2.5527729961755963,1.9410430839002268,10.211091984702385,2.413855019209811,2.477892408502337,0.659204968308563,"[""TestPartial_Properties"", ""DateTimeFieldType"", ""Partial$Property"", ""Partial"", ""Chronology""]","[0.024943310657596373, 0.020072992700729927, 0.017691659646166806, 0.013605442176870748]","[3.6621315192743764, 2.3728710462287106, 2.2350463352990735, 1.9410430839002268]"
org.joda.time.TestDateTime_Constructors.testConstructor_Object_Chronology,0.041970802919708027,0.01902325978330346,0.0026666666666666666,0.07609303913321384,0.007601112101977653,0.01289288807016143,0.014289995003102409,5.9939172749391725,2.2499207861127513,0.04933333333333333,8.999683144451005,0.1786587691760254,0.8180653467722228,2.312583918512456,"[""TestDateTime_Constructors"", ""DateTime"", ""Date"", ""GregorianChronology""]","[0.041970802919708027, 0.016423357664233577, 0.015032211882605583, 0.0026666666666666666]","[5.9939172749391725, 0.6593673965936739, 2.2970651395848245, 0.04933333333333333]"
org.joda.time.field.TestUnsupportedDateTimeField.testUnsupportedMethods,0.024539877300613498,0.015213870044726819,0.007633587786259542,0.07606935022363409,0.012903497859959099,0.014041336263942585,0.005879006834240841,5.451942740286299,1.943097803970394,0.12213740458015267,9.71548901985197,0.46024126058308445,1.07600540235006,1.8553668691118421,"[""UnsupportedDateTimeField"", ""UnsupportedDurationField"", ""DateTimeField"", ""System"", ""Locale"", ""TestUnsupportedDateTimeField""]","[0.024539877300613498, 0.017094017094017096, 0.016423357664233577, 0.010378510378510378, 0.007633587786259542]","[5.451942740286299, 1.467032967032967, 1.8953771289537713, 0.778998778998779, 0.12213740458015267]"
org.joda.time.TestYearMonth_Properties.testPropertyGetMonth,0.03618421052631579,0.025331348444102963,0.019736842105263157,0.07599404533230888,0.023415326395458846,0.024292355701491682,0.007675359311344235,6.592105263157895,3.79314999786571,2.3728710462287106,11.379449993597131,3.038602569372467,3.355111176059221,1.9792331221463686,"[""YearMonth$Property"", ""TestYearMonth_Properties"", ""YearMonth"", ""Chronology""]","[0.03618421052631579, 0.020072992700729927, 0.019736842105263157]","[6.592105263157895, 2.3728710462287106, 2.414473684210526]"
org.joda.time.TestYearMonth_Properties.testPropertyGetYear,0.03618421052631579,0.025331348444102963,0.019736842105263157,0.07599404533230888,0.023415326395458846,0.024292355701491682,0.007675359311344235,6.592105263157895,3.79314999786571,2.3728710462287106,11.379449993597131,3.038602569372467,3.355111176059221,1.9792331221463686,"[""YearMonth$Property"", ""TestYearMonth_Properties"", ""YearMonth"", ""Chronology""]","[0.03618421052631579, 0.020072992700729927, 0.019736842105263157]","[6.592105263157895, 2.3728710462287106, 2.414473684210526]"
org.joda.time.field.TestPreciseDateTimeField.test_getType,0.021408839779005526,0.015177436296639363,0.009157509157509158,0.07588718148319681,0.013939478083671646,0.014563852669907755,0.004218590716658133,2.5476519337016574,1.6786631945232244,0.4340659340659341,8.393315972616122,1.0120582369724984,1.3430520984938517,0.9098690708300367,"[""TestPreciseDateTimeField"", ""PreciseDateTimeField"", ""BaseDateTimeField"", ""DateTimeFieldType"", ""ISOChronology""]","[0.021408839779005526, 0.017691659646166806, 0.015206812652068127, 0.012422360248447204, 0.009157509157509158]","[2.5476519337016574, 2.2350463352990735, 0.7195863746958637, 2.4569653948535937, 0.4340659340659341]"
org.joda.time.field.TestPreciseDateTimeField.test_toString,0.021408839779005526,0.015177436296639363,0.009157509157509158,0.07588718148319681,0.013939478083671646,0.014563852669907755,0.004218590716658133,2.5476519337016574,1.6786631945232244,0.4340659340659341,8.393315972616122,1.0120582369724984,1.3430520984938517,0.9098690708300367,"[""TestPreciseDateTimeField"", ""PreciseDateTimeField"", ""BaseDateTimeField"", ""DateTimeFieldType"", ""ISOChronology""]","[0.021408839779005526, 0.017691659646166806, 0.015206812652068127, 0.012422360248447204, 0.009157509157509158]","[2.5476519337016574, 2.2350463352990735, 0.7195863746958637, 2.4569653948535937, 0.4340659340659341]"
org.joda.time.field.TestPreciseDateTimeField.test_getName,0.021408839779005526,0.015177436296639363,0.009157509157509158,0.07588718148319681,0.013939478083671646,0.014563852669907755,0.004218590716658133,2.5476519337016574,1.6786631945232244,0.4340659340659341,8.393315972616122,1.0120582369724984,1.3430520984938517,0.9098690708300367,"[""TestPreciseDateTimeField"", ""PreciseDateTimeField"", ""BaseDateTimeField"", ""DateTimeFieldType"", ""ISOChronology""]","[0.021408839779005526, 0.017691659646166806, 0.015206812652068127, 0.012422360248447204, 0.009157509157509158]","[2.5476519337016574, 2.2350463352990735, 0.7195863746958637, 2.4569653948535937, 0.4340659340659341]"
org.joda.time.TestYearMonth_Basics.testSerialization,0.03618421052631579,0.01511231795378593,0.007633587786259542,0.07556158976892965,0.010396385838232236,0.01215884952745581,0.011073975065386444,6.592105263157895,2.2383456942347095,0.08812260536398467,11.191728471173548,0.15838459562374455,0.48017652721546544,2.7203853297964216,"[""ByteArrayOutputStream"", ""Arrays"", ""YearMonth"", ""TestYearMonth_Basics"", ""ObjectInputStream"", ""ObjectOutputStream"", ""ByteArrayInputStream""]","[0.03618421052631579, 0.01644736842105263, 0.007662835249042145, 0.007633587786259542, 0.007633587786259542]","[6.592105263157895, 4.309210526315789, 0.08812260536398467, 0.09541984732824428, 0.10687022900763359]"
org.joda.time.TestSerialization.testSerializedDateTimeZone,0.03832116788321168,0.01884370895761461,0.007633587786259542,0.07537483583045844,0.011976218651534809,0.014851518646964702,0.012642834074993656,3.5,1.5394069417419216,0.09541984732824428,6.157627766967686,0.1948355610339251,0.5440874180991548,1.4849338738658169,"[""StringBuilder"", ""ByteArrayOutputStream"", ""ObjectInputStream"", ""DateTimeZone"", ""TestSerialization"", ""FileInputStream"", ""ObjectOutputStream"", ""ByteArrayInputStream""]","[0.03832116788321168, 0.02178649237472767, 0.007633587786259542, 0.007633587786259542]","[3.5, 2.4553376906318083, 0.09541984732824428, 0.10687022900763359]"
org.joda.time.convert.TestReadablePeriodConverter.testGetPeriodType_Object,0.031857031857031856,0.018826761494435695,0.00777000777000777,0.07530704597774278,0.014506349855839139,0.01662361628372057,0.008852824615800317,5.1313131313131315,2.4601853607743043,0.2680652680652681,9.840741443097217,0.6506658756998563,1.2876534516721518,2.1166412986523055,"[""TestReadablePeriodConverter"", ""PeriodType"", ""ReadablePeriodConverter"", ""Period""]","[0.031857031857031856, 0.02096273291925466, 0.01471727343144849, 0.00777000777000777]","[5.1313131313131315, 3.9332298136645965, 0.5081332300542215, 0.2680652680652681]"
org.joda.time.TestDateTimeZone.testForTimeZone_TimeZone,0.03832116788321168,0.025043513256222963,0.007633587786259542,0.07513053976866889,0.01567641880921425,0.02043603599918082,0.012864385975539535,3.7082421590080235,2.449821177684608,0.14122137404580154,7.349463533053824,0.39285193241694655,1.2238049009154206,1.6346387958236999,"[""DateTimeZone"", ""TimeZone"", ""TestDateTimeZone""]","[0.03832116788321168, 0.029175784099197667, 0.007633587786259542]","[3.5, 3.7082421590080235, 0.14122137404580154]"
org.joda.time.TestDateTimeZone.testForID_String_old,0.03832116788321168,0.025043513256222963,0.007633587786259542,0.07513053976866889,0.01567641880921425,0.02043603599918082,0.012864385975539535,3.7082421590080235,2.449821177684608,0.14122137404580154,7.349463533053824,0.39285193241694655,1.2238049009154206,1.6346387958236999,"[""TestDateTimeZone"", ""Map"", ""LinkedHashMap"", ""DateTimeZone"", ""Set"", ""Iterator"", ""TimeZone""]","[0.03832116788321168, 0.029175784099197667, 0.007633587786259542]","[3.5, 3.7082421590080235, 0.14122137404580154]"
org.joda.time.TestDateTimeZone.testTimeZoneConversion,0.03832116788321168,0.025043513256222963,0.007633587786259542,0.07513053976866889,0.01567641880921425,0.02043603599918082,0.012864385975539535,3.7082421590080235,2.449821177684608,0.14122137404580154,7.349463533053824,0.39285193241694655,1.2238049009154206,1.6346387958236999,"[""TimeZone"", ""TestDateTimeZone"", ""DateTimeZone""]","[0.03832116788321168, 0.029175784099197667, 0.007633587786259542]","[3.5, 3.7082421590080235, 0.14122137404580154]"
org.joda.time.TestDateTimeZone.testToTimeZone,0.03832116788321168,0.025043513256222963,0.007633587786259542,0.07513053976866889,0.01567641880921425,0.02043603599918082,0.012864385975539535,3.7082421590080235,2.449821177684608,0.14122137404580154,7.349463533053824,0.39285193241694655,1.2238049009154206,1.6346387958236999,"[""DateTimeZone"", ""TimeZone"", ""TestDateTimeZone""]","[0.03832116788321168, 0.029175784099197667, 0.007633587786259542]","[3.5, 3.7082421590080235, 0.14122137404580154]"
org.joda.time.TestLocalTime_Properties.testPropertyPlusNoWrapMinute,0.05547226386806597,0.03751056802425855,0.019548872180451128,0.0750211360485171,0.028909724726529633,0.03293053591906877,0.01796169584380742,8.113943028485757,6.675016627024833,5.23609022556391,13.350033254049666,6.364828757164179,6.518077767427809,1.4389264014609235,"[""LocalTime$Property"", ""LocalTime"", ""TestLocalTime_Properties""]","[0.05547226386806597, 0.019548872180451128]","[8.113943028485757, 5.23609022556391]"
org.joda.time.TestLocalTime_Properties.testPropertyGetMaxMinValuesMinute,0.05547226386806597,0.03751056802425855,0.019548872180451128,0.0750211360485171,0.028909724726529633,0.03293053591906877,0.01796169584380742,8.113943028485757,6.675016627024833,5.23609022556391,13.350033254049666,6.364828757164179,6.518077767427809,1.4389264014609235,"[""LocalTime$Property"", ""LocalTime"", ""TestLocalTime_Properties""]","[0.05547226386806597, 0.019548872180451128]","[8.113943028485757, 5.23609022556391]"
org.joda.time.TestLocalTime_Properties.testPropertyWithMinimumValueHour,0.05547226386806597,0.03751056802425855,0.019548872180451128,0.0750211360485171,0.028909724726529633,0.03293053591906877,0.01796169584380742,8.113943028485757,6.675016627024833,5.23609022556391,13.350033254049666,6.364828757164179,6.518077767427809,1.4389264014609235,"[""LocalTime$Property"", ""LocalTime"", ""TestLocalTime_Properties""]","[0.05547226386806597, 0.019548872180451128]","[8.113943028485757, 5.23609022556391]"
org.joda.time.TestLocalTime_Properties.testPropertySetMinute,0.05547226386806597,0.03751056802425855,0.019548872180451128,0.0750211360485171,0.028909724726529633,0.03293053591906877,0.01796169584380742,8.113943028485757,6.675016627024833,5.23609022556391,13.350033254049666,6.364828757164179,6.518077767427809,1.4389264014609235,"[""LocalTime$Property"", ""LocalTime"", ""TestLocalTime_Properties""]","[0.05547226386806597, 0.019548872180451128]","[8.113943028485757, 5.23609022556391]"
org.joda.time.TestLocalTime_Properties.testPropertyPlusMilli,0.05547226386806597,0.03751056802425855,0.019548872180451128,0.0750211360485171,0.028909724726529633,0.03293053591906877,0.01796169584380742,8.113943028485757,6.675016627024833,5.23609022556391,13.350033254049666,6.364828757164179,6.518077767427809,1.4389264014609235,"[""LocalTime$Property"", ""LocalTime"", ""TestLocalTime_Properties""]","[0.05547226386806597, 0.019548872180451128]","[8.113943028485757, 5.23609022556391]"
org.joda.time.TestLocalTime_Properties.testPropertyPlusWrapFieldMinute,0.05547226386806597,0.03751056802425855,0.019548872180451128,0.0750211360485171,0.028909724726529633,0.03293053591906877,0.01796169584380742,8.113943028485757,6.675016627024833,5.23609022556391,13.350033254049666,6.364828757164179,6.518077767427809,1.4389264014609235,"[""LocalTime$Property"", ""LocalTime"", ""TestLocalTime_Properties""]","[0.05547226386806597, 0.019548872180451128]","[8.113943028485757, 5.23609022556391]"
org.joda.time.TestLocalTime_Properties.testPropertySetTextHour,0.05547226386806597,0.03751056802425855,0.019548872180451128,0.0750211360485171,0.028909724726529633,0.03293053591906877,0.01796169584380742,8.113943028485757,6.675016627024833,5.23609022556391,13.350033254049666,6.364828757164179,6.518077767427809,1.4389264014609235,"[""LocalTime$Property"", ""LocalTime"", ""TestLocalTime_Properties""]","[0.05547226386806597, 0.019548872180451128]","[8.113943028485757, 5.23609022556391]"
org.joda.time.TestLocalTime_Properties.testPropertySetMilli,0.05547226386806597,0.03751056802425855,0.019548872180451128,0.0750211360485171,0.028909724726529633,0.03293053591906877,0.01796169584380742,8.113943028485757,6.675016627024833,5.23609022556391,13.350033254049666,6.364828757164179,6.518077767427809,1.4389264014609235,"[""LocalTime$Property"", ""LocalTime"", ""TestLocalTime_Properties""]","[0.05547226386806597, 0.019548872180451128]","[8.113943028485757, 5.23609022556391]"
org.joda.time.TestLocalTime_Properties.testPropertySetHour,0.05547226386806597,0.03751056802425855,0.019548872180451128,0.0750211360485171,0.028909724726529633,0.03293053591906877,0.01796169584380742,8.113943028485757,6.675016627024833,5.23609022556391,13.350033254049666,6.364828757164179,6.518077767427809,1.4389264014609235,"[""LocalTime$Property"", ""LocalTime"", ""TestLocalTime_Properties""]","[0.05547226386806597, 0.019548872180451128]","[8.113943028485757, 5.23609022556391]"
org.joda.time.TestLocalTime_Properties.testPropertyWithMaxMinValueHour,0.05547226386806597,0.03751056802425855,0.019548872180451128,0.0750211360485171,0.028909724726529633,0.03293053591906877,0.01796169584380742,8.113943028485757,6.675016627024833,5.23609022556391,13.350033254049666,6.364828757164179,6.518077767427809,1.4389264014609235,"[""LocalTime$Property"", ""LocalTime"", ""TestLocalTime_Properties""]","[0.05547226386806597, 0.019548872180451128]","[8.113943028485757, 5.23609022556391]"
org.joda.time.TestLocalTime_Properties.testPropertyGetMaxMinValuesMilli,0.05547226386806597,0.03751056802425855,0.019548872180451128,0.0750211360485171,0.028909724726529633,0.03293053591906877,0.01796169584380742,8.113943028485757,6.675016627024833,5.23609022556391,13.350033254049666,6.364828757164179,6.518077767427809,1.4389264014609235,"[""LocalTime$Property"", ""LocalTime"", ""TestLocalTime_Properties""]","[0.05547226386806597, 0.019548872180451128]","[8.113943028485757, 5.23609022556391]"
org.joda.time.TestLocalTime_Properties.testPropertyPlusNoWrapHour,0.05547226386806597,0.03751056802425855,0.019548872180451128,0.0750211360485171,0.028909724726529633,0.03293053591906877,0.01796169584380742,8.113943028485757,6.675016627024833,5.23609022556391,13.350033254049666,6.364828757164179,6.518077767427809,1.4389264014609235,"[""LocalTime$Property"", ""LocalTime"", ""TestLocalTime_Properties""]","[0.05547226386806597, 0.019548872180451128]","[8.113943028485757, 5.23609022556391]"
org.joda.time.TestLocalTime_Properties.testPropertyWithMaxMinValueMinute,0.05547226386806597,0.03751056802425855,0.019548872180451128,0.0750211360485171,0.028909724726529633,0.03293053591906877,0.01796169584380742,8.113943028485757,6.675016627024833,5.23609022556391,13.350033254049666,6.364828757164179,6.518077767427809,1.4389264014609235,"[""LocalTime$Property"", ""LocalTime"", ""TestLocalTime_Properties""]","[0.05547226386806597, 0.019548872180451128]","[8.113943028485757, 5.23609022556391]"
org.joda.time.TestLocalTime_Properties.testPropertyPlusNoWrapSecond,0.05547226386806597,0.03751056802425855,0.019548872180451128,0.0750211360485171,0.028909724726529633,0.03293053591906877,0.01796169584380742,8.113943028485757,6.675016627024833,5.23609022556391,13.350033254049666,6.364828757164179,6.518077767427809,1.4389264014609235,"[""LocalTime$Property"", ""LocalTime"", ""TestLocalTime_Properties""]","[0.05547226386806597, 0.019548872180451128]","[8.113943028485757, 5.23609022556391]"
org.joda.time.TestLocalTime_Properties.testPropertyPlusHour,0.05547226386806597,0.03751056802425855,0.019548872180451128,0.0750211360485171,0.028909724726529633,0.03293053591906877,0.01796169584380742,8.113943028485757,6.675016627024833,5.23609022556391,13.350033254049666,6.364828757164179,6.518077767427809,1.4389264014609235,"[""LocalTime$Property"", ""LocalTime"", ""TestLocalTime_Properties""]","[0.05547226386806597, 0.019548872180451128]","[8.113943028485757, 5.23609022556391]"
org.joda.time.TestLocalTime_Properties.testPropertyPlusSecond,0.05547226386806597,0.03751056802425855,0.019548872180451128,0.0750211360485171,0.028909724726529633,0.03293053591906877,0.01796169584380742,8.113943028485757,6.675016627024833,5.23609022556391,13.350033254049666,6.364828757164179,6.518077767427809,1.4389264014609235,"[""LocalTime$Property"", ""LocalTime"", ""TestLocalTime_Properties""]","[0.05547226386806597, 0.019548872180451128]","[8.113943028485757, 5.23609022556391]"
org.joda.time.TestLocalTime_Properties.testPropertyWithMaxMinValueMilli,0.05547226386806597,0.03751056802425855,0.019548872180451128,0.0750211360485171,0.028909724726529633,0.03293053591906877,0.01796169584380742,8.113943028485757,6.675016627024833,5.23609022556391,13.350033254049666,6.364828757164179,6.518077767427809,1.4389264014609235,"[""LocalTime$Property"", ""LocalTime"", ""TestLocalTime_Properties""]","[0.05547226386806597, 0.019548872180451128]","[8.113943028485757, 5.23609022556391]"
org.joda.time.TestLocalTime_Properties.testPropertySetTextSecond,0.05547226386806597,0.03751056802425855,0.019548872180451128,0.0750211360485171,0.028909724726529633,0.03293053591906877,0.01796169584380742,8.113943028485757,6.675016627024833,5.23609022556391,13.350033254049666,6.364828757164179,6.518077767427809,1.4389264014609235,"[""LocalTime$Property"", ""LocalTime"", ""TestLocalTime_Properties""]","[0.05547226386806597, 0.019548872180451128]","[8.113943028485757, 5.23609022556391]"
org.joda.time.TestLocalTime_Properties.testPropertySetSecond,0.05547226386806597,0.03751056802425855,0.019548872180451128,0.0750211360485171,0.028909724726529633,0.03293053591906877,0.01796169584380742,8.113943028485757,6.675016627024833,5.23609022556391,13.350033254049666,6.364828757164179,6.518077767427809,1.4389264014609235,"[""LocalTime$Property"", ""LocalTime"", ""TestLocalTime_Properties""]","[0.05547226386806597, 0.019548872180451128]","[8.113943028485757, 5.23609022556391]"
org.joda.time.TestLocalTime_Properties.testPropertyGetMaxMinValuesSecond,0.05547226386806597,0.03751056802425855,0.019548872180451128,0.0750211360485171,0.028909724726529633,0.03293053591906877,0.01796169584380742,8.113943028485757,6.675016627024833,5.23609022556391,13.350033254049666,6.364828757164179,6.518077767427809,1.4389264014609235,"[""LocalTime$Property"", ""LocalTime"", ""TestLocalTime_Properties""]","[0.05547226386806597, 0.019548872180451128]","[8.113943028485757, 5.23609022556391]"
org.joda.time.TestLocalTime_Properties.testPropertySetTextMilli,0.05547226386806597,0.03751056802425855,0.019548872180451128,0.0750211360485171,0.028909724726529633,0.03293053591906877,0.01796169584380742,8.113943028485757,6.675016627024833,5.23609022556391,13.350033254049666,6.364828757164179,6.518077767427809,1.4389264014609235,"[""LocalTime$Property"", ""LocalTime"", ""TestLocalTime_Properties""]","[0.05547226386806597, 0.019548872180451128]","[8.113943028485757, 5.23609022556391]"
org.joda.time.TestLocalTime_Properties.testPropertyPlusWrapFieldHour,0.05547226386806597,0.03751056802425855,0.019548872180451128,0.0750211360485171,0.028909724726529633,0.03293053591906877,0.01796169584380742,8.113943028485757,6.675016627024833,5.23609022556391,13.350033254049666,6.364828757164179,6.518077767427809,1.4389264014609235,"[""LocalTime$Property"", ""LocalTime"", ""TestLocalTime_Properties""]","[0.05547226386806597, 0.019548872180451128]","[8.113943028485757, 5.23609022556391]"
org.joda.time.TestLocalTime_Properties.testPropertyRoundHour,0.05547226386806597,0.03751056802425855,0.019548872180451128,0.0750211360485171,0.028909724726529633,0.03293053591906877,0.01796169584380742,8.113943028485757,6.675016627024833,5.23609022556391,13.350033254049666,6.364828757164179,6.518077767427809,1.4389264014609235,"[""LocalTime$Property"", ""LocalTime"", ""TestLocalTime_Properties""]","[0.05547226386806597, 0.019548872180451128]","[8.113943028485757, 5.23609022556391]"
org.joda.time.TestLocalTime_Properties.testPropertyPlusNoWrapMilli,0.05547226386806597,0.03751056802425855,0.019548872180451128,0.0750211360485171,0.028909724726529633,0.03293053591906877,0.01796169584380742,8.113943028485757,6.675016627024833,5.23609022556391,13.350033254049666,6.364828757164179,6.518077767427809,1.4389264014609235,"[""LocalTime$Property"", ""LocalTime"", ""TestLocalTime_Properties""]","[0.05547226386806597, 0.019548872180451128]","[8.113943028485757, 5.23609022556391]"
org.joda.time.TestLocalTime_Properties.testPropertyWithMaxMinValueSecond,0.05547226386806597,0.03751056802425855,0.019548872180451128,0.0750211360485171,0.028909724726529633,0.03293053591906877,0.01796169584380742,8.113943028485757,6.675016627024833,5.23609022556391,13.350033254049666,6.364828757164179,6.518077767427809,1.4389264014609235,"[""LocalTime$Property"", ""LocalTime"", ""TestLocalTime_Properties""]","[0.05547226386806597, 0.019548872180451128]","[8.113943028485757, 5.23609022556391]"
org.joda.time.TestLocalTime_Properties.testPropertyWithMaximumValueHour,0.05547226386806597,0.03751056802425855,0.019548872180451128,0.0750211360485171,0.028909724726529633,0.03293053591906877,0.01796169584380742,8.113943028485757,6.675016627024833,5.23609022556391,13.350033254049666,6.364828757164179,6.518077767427809,1.4389264014609235,"[""LocalTime$Property"", ""LocalTime"", ""TestLocalTime_Properties""]","[0.05547226386806597, 0.019548872180451128]","[8.113943028485757, 5.23609022556391]"
org.joda.time.TestLocalTime_Properties.testPropertySetTextMinute,0.05547226386806597,0.03751056802425855,0.019548872180451128,0.0750211360485171,0.028909724726529633,0.03293053591906877,0.01796169584380742,8.113943028485757,6.675016627024833,5.23609022556391,13.350033254049666,6.364828757164179,6.518077767427809,1.4389264014609235,"[""LocalTime$Property"", ""LocalTime"", ""TestLocalTime_Properties""]","[0.05547226386806597, 0.019548872180451128]","[8.113943028485757, 5.23609022556391]"
org.joda.time.TestLocalTime_Properties.testPropertyPlusWrapFieldMilli,0.05547226386806597,0.03751056802425855,0.019548872180451128,0.0750211360485171,0.028909724726529633,0.03293053591906877,0.01796169584380742,8.113943028485757,6.675016627024833,5.23609022556391,13.350033254049666,6.364828757164179,6.518077767427809,1.4389264014609235,"[""LocalTime$Property"", ""LocalTime"", ""TestLocalTime_Properties""]","[0.05547226386806597, 0.019548872180451128]","[8.113943028485757, 5.23609022556391]"
org.joda.time.TestLocalTime_Properties.testPropertyPlusMinute,0.05547226386806597,0.03751056802425855,0.019548872180451128,0.0750211360485171,0.028909724726529633,0.03293053591906877,0.01796169584380742,8.113943028485757,6.675016627024833,5.23609022556391,13.350033254049666,6.364828757164179,6.518077767427809,1.4389264014609235,"[""LocalTime$Property"", ""LocalTime"", ""TestLocalTime_Properties""]","[0.05547226386806597, 0.019548872180451128]","[8.113943028485757, 5.23609022556391]"
org.joda.time.TestLocalTime_Properties.testPropertyPlusWrapFieldSecond,0.05547226386806597,0.03751056802425855,0.019548872180451128,0.0750211360485171,0.028909724726529633,0.03293053591906877,0.01796169584380742,8.113943028485757,6.675016627024833,5.23609022556391,13.350033254049666,6.364828757164179,6.518077767427809,1.4389264014609235,"[""LocalTime$Property"", ""LocalTime"", ""TestLocalTime_Properties""]","[0.05547226386806597, 0.019548872180451128]","[8.113943028485757, 5.23609022556391]"
org.joda.time.TestLocalTime_Properties.testPropertyGetMaxMinValuesHour,0.05547226386806597,0.03751056802425855,0.019548872180451128,0.0750211360485171,0.028909724726529633,0.03293053591906877,0.01796169584380742,8.113943028485757,6.675016627024833,5.23609022556391,13.350033254049666,6.364828757164179,6.518077767427809,1.4389264014609235,"[""LocalTime$Property"", ""LocalTime"", ""TestLocalTime_Properties""]","[0.05547226386806597, 0.019548872180451128]","[8.113943028485757, 5.23609022556391]"
org.joda.time.TestDateMidnight_Basics.testSerialization,0.03345454545454545,0.018730648597377487,0.007633587786259542,0.07492259438950995,0.012119083165012734,0.015033395309228611,0.011389544701089398,4.0378181818181815,2.003622406605473,0.09541984732824428,8.014489626421891,0.19656265539191559,0.6278732765751521,1.9047601937419245,"[""TestDateMidnight_Basics"", ""ByteArrayOutputStream"", ""DateMidnight"", ""ObjectInputStream"", ""ObjectOutputStream"", ""ByteArrayInputStream""]","[0.03345454545454545, 0.026200873362445413, 0.007633587786259542, 0.007633587786259542]","[4.0378181818181815, 3.7743813682678313, 0.09541984732824428, 0.10687022900763359]"
org.joda.time.TestDateTime_Constructors.testConstructor_Object_nullDateTimeZone,0.041970802919708027,0.0187191235302621,0.0026666666666666666,0.0748764941210484,0.007531397977156943,0.012647196710016136,0.014354891248193781,5.9939172749391725,2.2649755306382984,0.04933333333333333,9.059902122553193,0.17967731500928827,0.8361358834900277,2.3023539185567685,"[""TestDateTime_Constructors"", ""Date"", ""ISOChronology"", ""DateTime""]","[0.041970802919708027, 0.015206812652068127, 0.015032211882605583, 0.0026666666666666666]","[5.9939172749391725, 0.7195863746958637, 2.2970651395848245, 0.04933333333333333]"
org.joda.time.TestDateTime_Constructors.testConstructor_Object,0.041970802919708027,0.0187191235302621,0.0026666666666666666,0.0748764941210484,0.007531397977156943,0.012647196710016136,0.014354891248193781,5.9939172749391725,2.2649755306382984,0.04933333333333333,9.059902122553193,0.17967731500928827,0.8361358834900277,2.3023539185567685,"[""TestDateTime_Constructors"", ""Date"", ""ISOChronology"", ""DateTime""]","[0.041970802919708027, 0.015206812652068127, 0.015032211882605583, 0.0026666666666666666]","[5.9939172749391725, 0.7195863746958637, 2.2970651395848245, 0.04933333333333333]"
org.joda.time.TestDateTime_Constructors.testConstructor_Object_nullChronology,0.041970802919708027,0.0187191235302621,0.0026666666666666666,0.0748764941210484,0.007531397977156943,0.012647196710016136,0.014354891248193781,5.9939172749391725,2.2649755306382984,0.04933333333333333,9.059902122553193,0.17967731500928827,0.8361358834900277,2.3023539185567685,"[""TestDateTime_Constructors"", ""Date"", ""ISOChronology"", ""DateTime""]","[0.041970802919708027, 0.015206812652068127, 0.015032211882605583, 0.0026666666666666666]","[5.9939172749391725, 0.7195863746958637, 2.2970651395848245, 0.04933333333333333]"
org.joda.time.TestDateTime_Constructors.testConstructor_Object_DateTimeZone,0.041970802919708027,0.0187191235302621,0.0026666666666666666,0.0748764941210484,0.007531397977156943,0.012647196710016136,0.014354891248193781,5.9939172749391725,2.2649755306382984,0.04933333333333333,9.059902122553193,0.17967731500928827,0.8361358834900277,2.3023539185567685,"[""TestDateTime_Constructors"", ""Date"", ""ISOChronology"", ""DateTime""]","[0.041970802919708027, 0.015206812652068127, 0.015032211882605583, 0.0026666666666666666]","[5.9939172749391725, 0.7195863746958637, 2.2970651395848245, 0.04933333333333333]"
org.joda.time.format.TestPeriodFormat.test_wordBased_pt_parseOneField,0.031857031857031856,0.018716967522428275,0.009324009324009324,0.0748678700897131,0.015198754516218865,0.01683606149472352,0.008577982010016841,5.1313131313131315,2.0075830502451666,0.4654234654234654,8.030332200980666,1.0004553756260497,1.3689904043468777,1.8307387344998047,"[""PeriodFormat"", ""PeriodFormatter"", ""TestPeriodFormat"", ""Period""]","[0.031857031857031856, 0.020477815699658702, 0.01320901320901321, 0.009324009324009324]","[5.1313131313131315, 1.316268486916951, 0.4654234654234654, 1.1173271173271173]"
org.joda.time.format.TestPeriodFormat.test_wordBased_ja_parseOneField,0.031857031857031856,0.018716967522428275,0.009324009324009324,0.0748678700897131,0.015198754516218865,0.01683606149472352,0.008577982010016841,5.1313131313131315,2.0075830502451666,0.4654234654234654,8.030332200980666,1.0004553756260497,1.3689904043468777,1.8307387344998047,"[""PeriodFormat"", ""PeriodFormatter"", ""TestPeriodFormat"", ""Period""]","[0.031857031857031856, 0.020477815699658702, 0.01320901320901321, 0.009324009324009324]","[5.1313131313131315, 1.316268486916951, 0.4654234654234654, 1.1173271173271173]"
org.joda.time.format.TestPeriodFormat.test_wordBased_fr_formatTwoFields,0.031857031857031856,0.018716967522428275,0.009324009324009324,0.0748678700897131,0.015198754516218865,0.01683606149472352,0.008577982010016841,5.1313131313131315,2.0075830502451666,0.4654234654234654,8.030332200980666,1.0004553756260497,1.3689904043468777,1.8307387344998047,"[""PeriodFormat"", ""PeriodFormatter"", ""TestPeriodFormat"", ""Period""]","[0.031857031857031856, 0.020477815699658702, 0.01320901320901321, 0.009324009324009324]","[5.1313131313131315, 1.316268486916951, 0.4654234654234654, 1.1173271173271173]"
org.joda.time.format.TestPeriodFormat.test_wordBased_da_formatSinglular,0.031857031857031856,0.018716967522428275,0.009324009324009324,0.0748678700897131,0.015198754516218865,0.01683606149472352,0.008577982010016841,5.1313131313131315,2.0075830502451666,0.4654234654234654,8.030332200980666,1.0004553756260497,1.3689904043468777,1.8307387344998047,"[""PeriodFormat"", ""PeriodFormatter"", ""TestPeriodFormat"", ""Period""]","[0.031857031857031856, 0.020477815699658702, 0.01320901320901321, 0.009324009324009324]","[5.1313131313131315, 1.316268486916951, 0.4654234654234654, 1.1173271173271173]"
org.joda.time.format.TestPeriodFormat.test_wordBased_nl_FormatOneField,0.031857031857031856,0.018716967522428275,0.009324009324009324,0.0748678700897131,0.015198754516218865,0.01683606149472352,0.008577982010016841,5.1313131313131315,2.0075830502451666,0.4654234654234654,8.030332200980666,1.0004553756260497,1.3689904043468777,1.8307387344998047,"[""PeriodFormat"", ""PeriodFormatter"", ""TestPeriodFormat"", ""Period""]","[0.031857031857031856, 0.020477815699658702, 0.01320901320901321, 0.009324009324009324]","[5.1313131313131315, 1.316268486916951, 0.4654234654234654, 1.1173271173271173]"
org.joda.time.format.TestPeriodFormat.test_getDefault_FormatOneField,0.031857031857031856,0.018716967522428275,0.009324009324009324,0.0748678700897131,0.015198754516218865,0.01683606149472352,0.008577982010016841,5.1313131313131315,2.0075830502451666,0.4654234654234654,8.030332200980666,1.0004553756260497,1.3689904043468777,1.8307387344998047,"[""PeriodFormat"", ""PeriodFormatter"", ""TestPeriodFormat"", ""Period""]","[0.031857031857031856, 0.020477815699658702, 0.01320901320901321, 0.009324009324009324]","[5.1313131313131315, 1.316268486916951, 0.4654234654234654, 1.1173271173271173]"
org.joda.time.format.TestPeriodFormat.test_wordBased_de_formatStandard,0.031857031857031856,0.018716967522428275,0.009324009324009324,0.0748678700897131,0.015198754516218865,0.01683606149472352,0.008577982010016841,5.1313131313131315,2.0075830502451666,0.4654234654234654,8.030332200980666,1.0004553756260497,1.3689904043468777,1.8307387344998047,"[""PeriodFormat"", ""PeriodFormatter"", ""TestPeriodFormat"", ""Period""]","[0.031857031857031856, 0.020477815699658702, 0.01320901320901321, 0.009324009324009324]","[5.1313131313131315, 1.316268486916951, 0.4654234654234654, 1.1173271173271173]"
org.joda.time.format.TestPeriodFormat.test_wordBased_de_parseTwoFields,0.031857031857031856,0.018716967522428275,0.009324009324009324,0.0748678700897131,0.015198754516218865,0.01683606149472352,0.008577982010016841,5.1313131313131315,2.0075830502451666,0.4654234654234654,8.030332200980666,1.0004553756260497,1.3689904043468777,1.8307387344998047,"[""PeriodFormat"", ""PeriodFormatter"", ""TestPeriodFormat"", ""Period""]","[0.031857031857031856, 0.020477815699658702, 0.01320901320901321, 0.009324009324009324]","[5.1313131313131315, 1.316268486916951, 0.4654234654234654, 1.1173271173271173]"
org.joda.time.format.TestPeriodFormat.test_wordBased_fr_parseTwoFields,0.031857031857031856,0.018716967522428275,0.009324009324009324,0.0748678700897131,0.015198754516218865,0.01683606149472352,0.008577982010016841,5.1313131313131315,2.0075830502451666,0.4654234654234654,8.030332200980666,1.0004553756260497,1.3689904043468777,1.8307387344998047,"[""PeriodFormat"", ""PeriodFormatter"", ""TestPeriodFormat"", ""Period""]","[0.031857031857031856, 0.020477815699658702, 0.01320901320901321, 0.009324009324009324]","[5.1313131313131315, 1.316268486916951, 0.4654234654234654, 1.1173271173271173]"
org.joda.time.format.TestPeriodFormat.test_wordBased_default,0.031857031857031856,0.018716967522428275,0.009324009324009324,0.0748678700897131,0.015198754516218865,0.01683606149472352,0.008577982010016841,5.1313131313131315,2.0075830502451666,0.4654234654234654,8.030332200980666,1.0004553756260497,1.3689904043468777,1.8307387344998047,"[""PeriodFormat"", ""PeriodFormatter"", ""TestPeriodFormat"", ""Period""]","[0.031857031857031856, 0.020477815699658702, 0.01320901320901321, 0.009324009324009324]","[5.1313131313131315, 1.316268486916951, 0.4654234654234654, 1.1173271173271173]"
org.joda.time.format.TestPeriodFormat.test_wordBased_es_parseOneField,0.031857031857031856,0.018716967522428275,0.009324009324009324,0.0748678700897131,0.015198754516218865,0.01683606149472352,0.008577982010016841,5.1313131313131315,2.0075830502451666,0.4654234654234654,8.030332200980666,1.0004553756260497,1.3689904043468777,1.8307387344998047,"[""PeriodFormat"", ""PeriodFormatter"", ""TestPeriodFormat"", ""Period""]","[0.031857031857031856, 0.020477815699658702, 0.01320901320901321, 0.009324009324009324]","[5.1313131313131315, 1.316268486916951, 0.4654234654234654, 1.1173271173271173]"
org.joda.time.format.TestPeriodFormat.test_getDefault_formatStandard,0.031857031857031856,0.018716967522428275,0.009324009324009324,0.0748678700897131,0.015198754516218865,0.01683606149472352,0.008577982010016841,5.1313131313131315,2.0075830502451666,0.4654234654234654,8.030332200980666,1.0004553756260497,1.3689904043468777,1.8307387344998047,"[""PeriodFormat"", ""PeriodFormatter"", ""TestPeriodFormat"", ""Period""]","[0.031857031857031856, 0.020477815699658702, 0.01320901320901321, 0.009324009324009324]","[5.1313131313131315, 1.316268486916951, 0.4654234654234654, 1.1173271173271173]"
org.joda.time.format.TestPeriodFormat.test_wordBased_fr_formatStandard,0.031857031857031856,0.018716967522428275,0.009324009324009324,0.0748678700897131,0.015198754516218865,0.01683606149472352,0.008577982010016841,5.1313131313131315,2.0075830502451666,0.4654234654234654,8.030332200980666,1.0004553756260497,1.3689904043468777,1.8307387344998047,"[""PeriodFormat"", ""PeriodFormatter"", ""TestPeriodFormat"", ""Period""]","[0.031857031857031856, 0.020477815699658702, 0.01320901320901321, 0.009324009324009324]","[5.1313131313131315, 1.316268486916951, 0.4654234654234654, 1.1173271173271173]"
org.joda.time.format.TestPeriodFormat.test_wordBased_es_formatTwoFields,0.031857031857031856,0.018716967522428275,0.009324009324009324,0.0748678700897131,0.015198754516218865,0.01683606149472352,0.008577982010016841,5.1313131313131315,2.0075830502451666,0.4654234654234654,8.030332200980666,1.0004553756260497,1.3689904043468777,1.8307387344998047,"[""PeriodFormat"", ""PeriodFormatter"", ""TestPeriodFormat"", ""Period""]","[0.031857031857031856, 0.020477815699658702, 0.01320901320901321, 0.009324009324009324]","[5.1313131313131315, 1.316268486916951, 0.4654234654234654, 1.1173271173271173]"
org.joda.time.format.TestPeriodFormat.test_wordBased_fr_FormatOneField,0.031857031857031856,0.018716967522428275,0.009324009324009324,0.0748678700897131,0.015198754516218865,0.01683606149472352,0.008577982010016841,5.1313131313131315,2.0075830502451666,0.4654234654234654,8.030332200980666,1.0004553756260497,1.3689904043468777,1.8307387344998047,"[""PeriodFormat"", ""PeriodFormatter"", ""TestPeriodFormat"", ""Period""]","[0.031857031857031856, 0.020477815699658702, 0.01320901320901321, 0.009324009324009324]","[5.1313131313131315, 1.316268486916951, 0.4654234654234654, 1.1173271173271173]"
org.joda.time.format.TestPeriodFormat.test_wordBased_nl_formatTwoFields,0.031857031857031856,0.018716967522428275,0.009324009324009324,0.0748678700897131,0.015198754516218865,0.01683606149472352,0.008577982010016841,5.1313131313131315,2.0075830502451666,0.4654234654234654,8.030332200980666,1.0004553756260497,1.3689904043468777,1.8307387344998047,"[""PeriodFormat"", ""PeriodFormatter"", ""TestPeriodFormat"", ""Period""]","[0.031857031857031856, 0.020477815699658702, 0.01320901320901321, 0.009324009324009324]","[5.1313131313131315, 1.316268486916951, 0.4654234654234654, 1.1173271173271173]"
org.joda.time.format.TestPeriodFormat.test_wordBased_es_formatStandard,0.031857031857031856,0.018716967522428275,0.009324009324009324,0.0748678700897131,0.015198754516218865,0.01683606149472352,0.008577982010016841,5.1313131313131315,2.0075830502451666,0.4654234654234654,8.030332200980666,1.0004553756260497,1.3689904043468777,1.8307387344998047,"[""PeriodFormat"", ""PeriodFormatter"", ""TestPeriodFormat"", ""Period""]","[0.031857031857031856, 0.020477815699658702, 0.01320901320901321, 0.009324009324009324]","[5.1313131313131315, 1.316268486916951, 0.4654234654234654, 1.1173271173271173]"
org.joda.time.format.TestPeriodFormat.test_wordBased_nl_parseTwoFields,0.031857031857031856,0.018716967522428275,0.009324009324009324,0.0748678700897131,0.015198754516218865,0.01683606149472352,0.008577982010016841,5.1313131313131315,2.0075830502451666,0.4654234654234654,8.030332200980666,1.0004553756260497,1.3689904043468777,1.8307387344998047,"[""PeriodFormat"", ""PeriodFormatter"", ""TestPeriodFormat"", ""Period""]","[0.031857031857031856, 0.020477815699658702, 0.01320901320901321, 0.009324009324009324]","[5.1313131313131315, 1.316268486916951, 0.4654234654234654, 1.1173271173271173]"
org.joda.time.format.TestPeriodFormat.test_wordBased_nl_parseOneField,0.031857031857031856,0.018716967522428275,0.009324009324009324,0.0748678700897131,0.015198754516218865,0.01683606149472352,0.008577982010016841,5.1313131313131315,2.0075830502451666,0.4654234654234654,8.030332200980666,1.0004553756260497,1.3689904043468777,1.8307387344998047,"[""PeriodFormat"", ""PeriodFormatter"", ""TestPeriodFormat"", ""Period""]","[0.031857031857031856, 0.020477815699658702, 0.01320901320901321, 0.009324009324009324]","[5.1313131313131315, 1.316268486916951, 0.4654234654234654, 1.1173271173271173]"
org.joda.time.format.TestPeriodFormat.test_wordBased_pt_formatTwoFields,0.031857031857031856,0.018716967522428275,0.009324009324009324,0.0748678700897131,0.015198754516218865,0.01683606149472352,0.008577982010016841,5.1313131313131315,2.0075830502451666,0.4654234654234654,8.030332200980666,1.0004553756260497,1.3689904043468777,1.8307387344998047,"[""PeriodFormat"", ""PeriodFormatter"", ""TestPeriodFormat"", ""Period""]","[0.031857031857031856, 0.020477815699658702, 0.01320901320901321, 0.009324009324009324]","[5.1313131313131315, 1.316268486916951, 0.4654234654234654, 1.1173271173271173]"
org.joda.time.format.TestPeriodFormat.test_wordBased_pt_FormatOneField,0.031857031857031856,0.018716967522428275,0.009324009324009324,0.0748678700897131,0.015198754516218865,0.01683606149472352,0.008577982010016841,5.1313131313131315,2.0075830502451666,0.4654234654234654,8.030332200980666,1.0004553756260497,1.3689904043468777,1.8307387344998047,"[""PeriodFormat"", ""PeriodFormatter"", ""TestPeriodFormat"", ""Period""]","[0.031857031857031856, 0.020477815699658702, 0.01320901320901321, 0.009324009324009324]","[5.1313131313131315, 1.316268486916951, 0.4654234654234654, 1.1173271173271173]"
org.joda.time.format.TestPeriodFormat.test_getDefault_parseOneField,0.031857031857031856,0.018716967522428275,0.009324009324009324,0.0748678700897131,0.015198754516218865,0.01683606149472352,0.008577982010016841,5.1313131313131315,2.0075830502451666,0.4654234654234654,8.030332200980666,1.0004553756260497,1.3689904043468777,1.8307387344998047,"[""PeriodFormat"", ""PeriodFormatter"", ""TestPeriodFormat"", ""Period""]","[0.031857031857031856, 0.020477815699658702, 0.01320901320901321, 0.009324009324009324]","[5.1313131313131315, 1.316268486916951, 0.4654234654234654, 1.1173271173271173]"
org.joda.time.format.TestPeriodFormat.test_wordBased_fr_parseOneField,0.031857031857031856,0.018716967522428275,0.009324009324009324,0.0748678700897131,0.015198754516218865,0.01683606149472352,0.008577982010016841,5.1313131313131315,2.0075830502451666,0.4654234654234654,8.030332200980666,1.0004553756260497,1.3689904043468777,1.8307387344998047,"[""PeriodFormat"", ""PeriodFormatter"", ""TestPeriodFormat"", ""Period""]","[0.031857031857031856, 0.020477815699658702, 0.01320901320901321, 0.009324009324009324]","[5.1313131313131315, 1.316268486916951, 0.4654234654234654, 1.1173271173271173]"
org.joda.time.format.TestPeriodFormat.test_getDefault_parseTwoFields,0.031857031857031856,0.018716967522428275,0.009324009324009324,0.0748678700897131,0.015198754516218865,0.01683606149472352,0.008577982010016841,5.1313131313131315,2.0075830502451666,0.4654234654234654,8.030332200980666,1.0004553756260497,1.3689904043468777,1.8307387344998047,"[""PeriodFormat"", ""PeriodFormatter"", ""TestPeriodFormat"", ""Period""]","[0.031857031857031856, 0.020477815699658702, 0.01320901320901321, 0.009324009324009324]","[5.1313131313131315, 1.316268486916951, 0.4654234654234654, 1.1173271173271173]"
org.joda.time.format.TestPeriodFormat.test_wordBased_de_formatTwoFields,0.031857031857031856,0.018716967522428275,0.009324009324009324,0.0748678700897131,0.015198754516218865,0.01683606149472352,0.008577982010016841,5.1313131313131315,2.0075830502451666,0.4654234654234654,8.030332200980666,1.0004553756260497,1.3689904043468777,1.8307387344998047,"[""PeriodFormat"", ""PeriodFormatter"", ""TestPeriodFormat"", ""Period""]","[0.031857031857031856, 0.020477815699658702, 0.01320901320901321, 0.009324009324009324]","[5.1313131313131315, 1.316268486916951, 0.4654234654234654, 1.1173271173271173]"
org.joda.time.format.TestPeriodFormat.test_wordBased_nl_formatStandard,0.031857031857031856,0.018716967522428275,0.009324009324009324,0.0748678700897131,0.015198754516218865,0.01683606149472352,0.008577982010016841,5.1313131313131315,2.0075830502451666,0.4654234654234654,8.030332200980666,1.0004553756260497,1.3689904043468777,1.8307387344998047,"[""PeriodFormat"", ""PeriodFormatter"", ""TestPeriodFormat"", ""Period""]","[0.031857031857031856, 0.020477815699658702, 0.01320901320901321, 0.009324009324009324]","[5.1313131313131315, 1.316268486916951, 0.4654234654234654, 1.1173271173271173]"
org.joda.time.format.TestPeriodFormat.test_getDefault_formatTwoFields,0.031857031857031856,0.018716967522428275,0.009324009324009324,0.0748678700897131,0.015198754516218865,0.01683606149472352,0.008577982010016841,5.1313131313131315,2.0075830502451666,0.4654234654234654,8.030332200980666,1.0004553756260497,1.3689904043468777,1.8307387344998047,"[""PeriodFormat"", ""PeriodFormatter"", ""TestPeriodFormat"", ""Period""]","[0.031857031857031856, 0.020477815699658702, 0.01320901320901321, 0.009324009324009324]","[5.1313131313131315, 1.316268486916951, 0.4654234654234654, 1.1173271173271173]"
org.joda.time.format.TestPeriodFormat.test_wordBased_ja_formatSingular,0.031857031857031856,0.018716967522428275,0.009324009324009324,0.0748678700897131,0.015198754516218865,0.01683606149472352,0.008577982010016841,5.1313131313131315,2.0075830502451666,0.4654234654234654,8.030332200980666,1.0004553756260497,1.3689904043468777,1.8307387344998047,"[""PeriodFormat"", ""PeriodFormatter"", ""TestPeriodFormat"", ""Period""]","[0.031857031857031856, 0.020477815699658702, 0.01320901320901321, 0.009324009324009324]","[5.1313131313131315, 1.316268486916951, 0.4654234654234654, 1.1173271173271173]"
org.joda.time.format.TestPeriodFormat.test_wordBased_de_parseOneField,0.031857031857031856,0.018716967522428275,0.009324009324009324,0.0748678700897131,0.015198754516218865,0.01683606149472352,0.008577982010016841,5.1313131313131315,2.0075830502451666,0.4654234654234654,8.030332200980666,1.0004553756260497,1.3689904043468777,1.8307387344998047,"[""PeriodFormat"", ""PeriodFormatter"", ""TestPeriodFormat"", ""Period""]","[0.031857031857031856, 0.020477815699658702, 0.01320901320901321, 0.009324009324009324]","[5.1313131313131315, 1.316268486916951, 0.4654234654234654, 1.1173271173271173]"
org.joda.time.format.TestPeriodFormat.test_wordBased_de_FormatOneField,0.031857031857031856,0.018716967522428275,0.009324009324009324,0.0748678700897131,0.015198754516218865,0.01683606149472352,0.008577982010016841,5.1313131313131315,2.0075830502451666,0.4654234654234654,8.030332200980666,1.0004553756260497,1.3689904043468777,1.8307387344998047,"[""PeriodFormat"", ""PeriodFormatter"", ""TestPeriodFormat"", ""Period""]","[0.031857031857031856, 0.020477815699658702, 0.01320901320901321, 0.009324009324009324]","[5.1313131313131315, 1.316268486916951, 0.4654234654234654, 1.1173271173271173]"
org.joda.time.format.TestPeriodFormat.test_wordBased_es_FormatOneField,0.031857031857031856,0.018716967522428275,0.009324009324009324,0.0748678700897131,0.015198754516218865,0.01683606149472352,0.008577982010016841,5.1313131313131315,2.0075830502451666,0.4654234654234654,8.030332200980666,1.0004553756260497,1.3689904043468777,1.8307387344998047,"[""PeriodFormat"", ""PeriodFormatter"", ""TestPeriodFormat"", ""Period""]","[0.031857031857031856, 0.020477815699658702, 0.01320901320901321, 0.009324009324009324]","[5.1313131313131315, 1.316268486916951, 0.4654234654234654, 1.1173271173271173]"
org.joda.time.format.TestPeriodFormat.test_wordBased_ja_parseTwoFields,0.031857031857031856,0.018716967522428275,0.009324009324009324,0.0748678700897131,0.015198754516218865,0.01683606149472352,0.008577982010016841,5.1313131313131315,2.0075830502451666,0.4654234654234654,8.030332200980666,1.0004553756260497,1.3689904043468777,1.8307387344998047,"[""PeriodFormat"", ""PeriodFormatter"", ""TestPeriodFormat"", ""Period""]","[0.031857031857031856, 0.020477815699658702, 0.01320901320901321, 0.009324009324009324]","[5.1313131313131315, 1.316268486916951, 0.4654234654234654, 1.1173271173271173]"
org.joda.time.format.TestPeriodFormat.test_wordBased_da_formatMultiple,0.031857031857031856,0.018716967522428275,0.009324009324009324,0.0748678700897131,0.015198754516218865,0.01683606149472352,0.008577982010016841,5.1313131313131315,2.0075830502451666,0.4654234654234654,8.030332200980666,1.0004553756260497,1.3689904043468777,1.8307387344998047,"[""PeriodFormat"", ""PeriodFormatter"", ""TestPeriodFormat"", ""Period""]","[0.031857031857031856, 0.020477815699658702, 0.01320901320901321, 0.009324009324009324]","[5.1313131313131315, 1.316268486916951, 0.4654234654234654, 1.1173271173271173]"
org.joda.time.format.TestPeriodFormat.test_wordBased_es_parseTwoFields,0.031857031857031856,0.018716967522428275,0.009324009324009324,0.0748678700897131,0.015198754516218865,0.01683606149472352,0.008577982010016841,5.1313131313131315,2.0075830502451666,0.4654234654234654,8.030332200980666,1.0004553756260497,1.3689904043468777,1.8307387344998047,"[""PeriodFormat"", ""PeriodFormatter"", ""TestPeriodFormat"", ""Period""]","[0.031857031857031856, 0.020477815699658702, 0.01320901320901321, 0.009324009324009324]","[5.1313131313131315, 1.316268486916951, 0.4654234654234654, 1.1173271173271173]"
org.joda.time.format.TestPeriodFormat.test_wordBased_pt_formatStandard,0.031857031857031856,0.018716967522428275,0.009324009324009324,0.0748678700897131,0.015198754516218865,0.01683606149472352,0.008577982010016841,5.1313131313131315,2.0075830502451666,0.4654234654234654,8.030332200980666,1.0004553756260497,1.3689904043468777,1.8307387344998047,"[""PeriodFormat"", ""PeriodFormatter"", ""TestPeriodFormat"", ""Period""]","[0.031857031857031856, 0.020477815699658702, 0.01320901320901321, 0.009324009324009324]","[5.1313131313131315, 1.316268486916951, 0.4654234654234654, 1.1173271173271173]"
org.joda.time.format.TestPeriodFormat.test_wordBased_ja_formatMultiple,0.031857031857031856,0.018716967522428275,0.009324009324009324,0.0748678700897131,0.015198754516218865,0.01683606149472352,0.008577982010016841,5.1313131313131315,2.0075830502451666,0.4654234654234654,8.030332200980666,1.0004553756260497,1.3689904043468777,1.8307387344998047,"[""PeriodFormat"", ""PeriodFormatter"", ""TestPeriodFormat"", ""Period""]","[0.031857031857031856, 0.020477815699658702, 0.01320901320901321, 0.009324009324009324]","[5.1313131313131315, 1.316268486916951, 0.4654234654234654, 1.1173271173271173]"
org.joda.time.format.TestPeriodFormat.test_wordBased_pt_parseTwoFields,0.031857031857031856,0.018716967522428275,0.009324009324009324,0.0748678700897131,0.015198754516218865,0.01683606149472352,0.008577982010016841,5.1313131313131315,2.0075830502451666,0.4654234654234654,8.030332200980666,1.0004553756260497,1.3689904043468777,1.8307387344998047,"[""PeriodFormat"", ""PeriodFormatter"", ""TestPeriodFormat"", ""Period""]","[0.031857031857031856, 0.020477815699658702, 0.01320901320901321, 0.009324009324009324]","[5.1313131313131315, 1.316268486916951, 0.4654234654234654, 1.1173271173271173]"
org.joda.time.TestDateMidnight_Basics.testGet_DateTimeField,0.03345454545454545,0.024954077156352995,0.015206812652068127,0.07486223146905899,0.022418513576738467,0.023710262692676044,0.007501591550788698,4.0378181818181815,2.843928641593959,0.7195863746958637,8.531785924781877,1.5770467635398573,2.221732783618721,1.505981914207625,"[""TestDateMidnight_Basics"", ""DateMidnight"", ""ISOChronology""]","[0.03345454545454545, 0.026200873362445413, 0.015206812652068127]","[4.0378181818181815, 3.7743813682678313, 0.7195863746958637]"
org.joda.time.TestInterval_Constructors.testConstructor_Object6,0.023901310717039322,0.018675798244898935,0.009987515605493134,0.07470319297959574,0.016486577976667922,0.01763847776126633,0.005717118273864056,2.87201233616037,1.5918403890571726,0.3920099875156055,6.3673615562286905,0.9545445251671048,1.2825322006669755,0.879008021728141,"[""TestInterval_Constructors$2"", ""TestInterval_Constructors"", ""Object"", ""Interval"", ""ConverterManager"", ""ReadWritableInterval""]","[0.023901310717039322, 0.02372034956304619, 0.017094017094017096, 0.009987515605493134]","[2.87201233616037, 1.618601747815231, 1.4847374847374848, 0.3920099875156055]"
org.joda.time.TestDateTime_Basics.testToDate,0.041970802919708027,0.024900631117195284,0.0026666666666666666,0.07470189335158585,0.00694303025656629,0.014984984498912933,0.0164560494962225,5.9939172749391725,3.5660751848620116,0.04933333333333333,10.698225554586035,0.14526487354647813,1.1123877162353921,2.546081509243355,"[""Date"", ""TestDateTime_Basics"", ""DateTime""]","[0.041970802919708027, 0.030064423765211165, 0.0026666666666666666]","[5.9939172749391725, 4.654974946313529, 0.04933333333333333]"
org.joda.time.convert.TestReadableDurationConverter.testGetPeriodType_Object,0.02096273291925466,0.018652987771150462,0.01282051282051282,0.07461195108460185,0.01788096262521248,0.018292604110220156,0.0033835019640251016,3.9332298136645965,1.606913148796038,0.3339438339438339,6.427652595184152,0.7005654827427822,1.0362608718184798,1.4287206074461511,"[""PeriodType"", ""ReadableDurationConverter"", ""Duration"", ""TestReadableDurationConverter""]","[0.02096273291925466, 0.020757020757020756, 0.02007168458781362, 0.01282051282051282]","[3.9332298136645965, 1.6178266178266179, 0.5426523297491039, 0.3339438339438339]"
org.joda.time.TestMutablePeriod_Updates.testAdd_RP1,0.031857031857031856,0.02484235791749347,0.020914020139426802,0.07452707375248041,0.023967529858245986,0.024382268271440626,0.004972020349858888,5.986057319907049,4.779864224480801,3.2222222222222223,14.339592673442402,4.462415863929214,4.625673329138764,1.1553739257296327,"[""MutablePeriod"", ""TestMutablePeriod_Updates"", ""Period""]","[0.031857031857031856, 0.021756021756021756, 0.020914020139426802]","[5.1313131313131315, 3.2222222222222223, 5.986057319907049]"
org.joda.time.TestDuration_Basics.testToStandardSeconds,0.030303030303030304,0.024827824827824824,0.020757020757020756,0.07448347448347448,0.024219178082191782,0.024515108308233193,0.004021677265490095,3.896969696969697,2.7175447175447176,1.6178266178266179,8.152634152634153,2.39268563561196,2.552519290599356,0.9321617112232206,"[""Seconds"", ""TestDuration_Basics"", ""Duration""]","[0.030303030303030304, 0.023423423423423424, 0.020757020757020756]","[3.896969696969697, 2.637837837837838, 1.6178266178266179]"
org.joda.time.TestDuration_Basics.testToStandardHours,0.030303030303030304,0.024827824827824824,0.020757020757020756,0.07448347448347448,0.024219178082191782,0.024515108308233193,0.004021677265490095,3.896969696969697,2.7529801529801525,1.6178266178266179,8.258940458940458,2.4210433330860406,2.5863580159697466,0.9304772431716825,"[""Hours"", ""TestDuration_Basics"", ""Duration""]","[0.030303030303030304, 0.023423423423423424, 0.020757020757020756]","[3.896969696969697, 2.744144144144144, 1.6178266178266179]"
org.joda.time.TestDuration_Basics.testToStandardMinutes,0.030303030303030304,0.024827824827824824,0.020757020757020756,0.07448347448347448,0.024219178082191782,0.024515108308233193,0.004021677265490095,3.896969696969697,2.7175447175447176,1.6178266178266179,8.152634152634153,2.39268563561196,2.552519290599356,0.9321617112232206,"[""TestDuration_Basics"", ""Minutes"", ""Duration""]","[0.030303030303030304, 0.023423423423423424, 0.020757020757020756]","[3.896969696969697, 2.637837837837838, 1.6178266178266179]"
org.joda.time.TestDuration_Basics.testToStandardDays,0.030303030303030304,0.024827824827824824,0.020757020757020756,0.07448347448347448,0.024219178082191782,0.024515108308233193,0.004021677265490095,3.896969696969697,2.7535807535807533,1.6178266178266179,8.26074226074226,2.421510611584153,2.586923958660889,0.9304719273992684,"[""Days"", ""TestDuration_Basics"", ""Duration""]","[0.030303030303030304, 0.023423423423423424, 0.020757020757020756]","[3.896969696969697, 2.745945945945946, 1.6178266178266179]"
org.joda.time.TestDateTimeUtils.testGetPeriodType_PeriodType,0.02710027100271003,0.024773189354333314,0.02096273291925466,0.07431956806299994,0.02445198656218869,0.02461613188050306,0.0027163264408429175,3.9332298136645965,2.5089907511131853,1.5562330623306233,7.526972253339556,2.1619805692505727,2.319037966287489,1.02607647646144,"[""PeriodType"", ""TestDateTimeUtils"", ""DateTimeUtils""]","[0.02710027100271003, 0.02625656414103526, 0.02096273291925466]","[1.5562330623306233, 2.0375093773443362, 3.9332298136645965]"
org.joda.time.TestInterval_Basics.testWithDurationAfterStart3,0.029780564263322883,0.024752644861129946,0.020757020757020756,0.07425793458338983,0.024210473715770536,0.024475956663390884,0.003755467972558253,5.471003134796239,2.902477166812696,1.6178266178266179,8.707431500438087,2.1145937186665797,2.428732298860689,1.8162221571824981,"[""TestInterval_Basics"", ""Duration"", ""Interval""]","[0.029780564263322883, 0.02372034956304619, 0.020757020757020756]","[5.471003134796239, 1.618601747815231, 1.6178266178266179]"
org.joda.time.TestInterval_Basics.testWithDurationBeforeEnd3,0.029780564263322883,0.024752644861129946,0.020757020757020756,0.07425793458338983,0.024210473715770536,0.024475956663390884,0.003755467972558253,5.471003134796239,2.902477166812696,1.6178266178266179,8.707431500438087,2.1145937186665797,2.428732298860689,1.8162221571824981,"[""TestInterval_Basics"", ""Duration"", ""Interval""]","[0.029780564263322883, 0.02372034956304619, 0.020757020757020756]","[5.471003134796239, 1.618601747815231, 1.6178266178266179]"
org.joda.time.TestInterval_Basics.testWithDurationBeforeEnd1,0.029780564263322883,0.024752644861129946,0.020757020757020756,0.07425793458338983,0.024210473715770536,0.024475956663390884,0.003755467972558253,5.471003134796239,2.902477166812696,1.6178266178266179,8.707431500438087,2.1145937186665797,2.428732298860689,1.8162221571824981,"[""TestInterval_Basics"", ""Duration"", ""Interval""]","[0.029780564263322883, 0.02372034956304619, 0.020757020757020756]","[5.471003134796239, 1.618601747815231, 1.6178266178266179]"
org.joda.time.TestInterval_Basics.testWithDurationAfterStart1,0.029780564263322883,0.024752644861129946,0.020757020757020756,0.07425793458338983,0.024210473715770536,0.024475956663390884,0.003755467972558253,5.471003134796239,2.902477166812696,1.6178266178266179,8.707431500438087,2.1145937186665797,2.428732298860689,1.8162221571824981,"[""TestInterval_Basics"", ""Duration"", ""Interval""]","[0.029780564263322883, 0.02372034956304619, 0.020757020757020756]","[5.471003134796239, 1.618601747815231, 1.6178266178266179]"
org.joda.time.TestInterval_Basics.testGetDuration1,0.029780564263322883,0.024752644861129946,0.020757020757020756,0.07425793458338983,0.024210473715770536,0.024475956663390884,0.003755467972558253,5.471003134796239,2.902477166812696,1.6178266178266179,8.707431500438087,2.1145937186665797,2.428732298860689,1.8162221571824981,"[""Duration"", ""TestInterval_Basics"", ""Interval""]","[0.029780564263322883, 0.02372034956304619, 0.020757020757020756]","[5.471003134796239, 1.618601747815231, 1.6178266178266179]"
org.joda.time.TestDateTimeZone.testGetShortNameProviderName,0.03832116788321168,0.024729316516439778,0.006690997566909975,0.07418794954931933,0.014297643725619345,0.01955768205329892,0.013290227588544173,3.7082421590080235,2.4501926418104603,0.14233576642335766,7.350577925431381,0.39572485966713195,1.227015527291485,1.6341141773961656,"[""NameProvider"", ""DateTimeZone"", ""TestDateTimeZone""]","[0.03832116788321168, 0.029175784099197667, 0.006690997566909975]","[3.5, 3.7082421590080235, 0.14233576642335766]"
org.joda.time.TestDateTimeZone.testGetNameProviderName,0.03832116788321168,0.024729316516439778,0.006690997566909975,0.07418794954931933,0.014297643725619345,0.01955768205329892,0.013290227588544173,3.7082421590080235,2.4501926418104603,0.14233576642335766,7.350577925431381,0.39572485966713195,1.227015527291485,1.6341141773961656,"[""NameProvider"", ""DateTimeZone"", ""TestDateTimeZone""]","[0.03832116788321168, 0.029175784099197667, 0.006690997566909975]","[3.5, 3.7082421590080235, 0.14233576642335766]"
org.joda.time.TestDateTimeUtils.testGetDurationMillis_RI,0.02710027100271003,0.02470461863358868,0.020757020757020756,0.07411385590076604,0.024358125857139937,0.02453534577245914,0.002812544170132796,2.0375093773443362,1.7371896858338591,1.5562330623306233,5.211569057501578,1.7128315013136473,1.7246543843867173,0.2138416538023258,"[""Duration"", ""TestDateTimeUtils"", ""DateTimeUtils""]","[0.02710027100271003, 0.02625656414103526, 0.020757020757020756]","[1.5562330623306233, 2.0375093773443362, 1.6178266178266179]"
org.joda.time.TestMutableDateTime_Basics.testToInstant,0.03527980535279805,0.024687006286988934,0.019316493313521546,0.0740610188609668,0.022815586616267956,0.02367195961231513,0.0074904844898278315,4.203771289537713,2.602482920768514,1.0048661800486618,7.807448762305542,1.854335365179861,2.2224944490140146,1.3059501229674861,"[""TestMutableDateTime_Basics"", ""MutableDateTime"", ""Instant""]","[0.03527980535279805, 0.019464720194647202, 0.019316493313521546]","[4.203771289537713, 1.0048661800486618, 2.598811292719168]"
org.joda.time.TestDateTime_Properties.testPropertyEqualsHashCodeLenient,0.041970802919708027,0.024678179902618086,0.009157509157509158,0.07403453970785426,0.01697962598682541,0.020648701072830154,0.013454439738656872,5.9939172749391725,4.07264767682033,0.5561660561660562,12.21794303046099,1.401022394825771,2.663451370810581,2.49008843577202,"[""LenientChronology"", ""DateTime$Property"", ""TestDateTime_Properties"", ""DateTime""]","[0.041970802919708027, 0.02290622763063708, 0.009157509157509158]","[5.9939172749391725, 5.667859699355763, 0.5561660561660562]"
org.joda.time.TestDays.testToStandardSeconds,0.02702702702702703,0.024624624624624624,0.023423423423423424,0.07387387387387387,0.024512884978001255,0.024567803967115366,0.0016987550298775923,3.1495495495495494,2.8444444444444446,2.637837837837838,8.533333333333333,2.82811479111682,2.836152032330499,0.22021002797416903,"[""Days"", ""Seconds"", ""TestDays""]","[0.02702702702702703, 0.023423423423423424, 0.023423423423423424]","[3.1495495495495494, 2.745945945945946, 2.637837837837838]"
org.joda.time.TestDays.testToStandardHours,0.02702702702702703,0.024624624624624624,0.023423423423423424,0.07387387387387387,0.024512884978001255,0.024567803967115366,0.0016987550298775923,3.1495495495495494,2.87987987987988,2.744144144144144,8.63963963963964,2.8678185349794645,2.8737508744172797,0.19068667088052202,"[""Days"", ""Hours"", ""TestDays""]","[0.02702702702702703, 0.023423423423423424, 0.023423423423423424]","[3.1495495495495494, 2.744144144144144, 2.745945945945946]"
org.joda.time.TestDays.testToStandardMinutes,0.02702702702702703,0.024624624624624624,0.023423423423423424,0.07387387387387387,0.024512884978001255,0.024567803967115366,0.0016987550298775923,3.1495495495495494,2.8444444444444446,2.637837837837838,8.533333333333333,2.828114791116819,2.8361520323305,0.22021002797416903,"[""Days"", ""TestDays"", ""Minutes""]","[0.02702702702702703, 0.023423423423423424, 0.023423423423423424]","[3.1495495495495494, 2.637837837837838, 2.745945945945946]"
org.joda.time.TestDays.testToStandardWeeks,0.02702702702702703,0.024624624624624624,0.023423423423423424,0.07387387387387387,0.024512884978001255,0.024567803967115366,0.0016987550298775923,3.1495495495495494,2.8552552552552553,2.67027027027027,8.565765765765766,2.8404440857463435,2.8477282913856206,0.21037831116487113,"[""Days"", ""Weeks"", ""TestDays""]","[0.02702702702702703, 0.023423423423423424, 0.023423423423423424]","[3.1495495495495494, 2.67027027027027, 2.745945945945946]"
org.joda.time.format.TestPeriodFormatterBuilder.testFormatSeparatorComplex,0.03263403263403263,0.018435947335029904,0.009324009324009324,0.07374378934011962,0.014133864000388293,0.016067492402539952,0.009547759623112693,6.074592074592075,2.9098928594341444,0.33255633255633255,11.639571437736578,0.9281538818016329,1.7457645109582298,2.308884526991834,"[""PeriodFormatterBuilder"", ""PeriodPrinter"", ""PeriodFormatter"", ""TestPeriodFormatterBuilder""]","[0.03263403263403263, 0.021684737281067557, 0.010101010101010102, 0.009324009324009324]","[6.074592074592075, 4.115095913261051, 0.33255633255633255, 1.1173271173271173]"
org.joda.time.format.TestPeriodFormatterBuilder.testFormatPrintZeroNever,0.03263403263403263,0.018435947335029904,0.009324009324009324,0.07374378934011962,0.014133864000388293,0.016067492402539952,0.009547759623112693,6.074592074592075,2.9098928594341444,0.33255633255633255,11.639571437736578,0.9281538818016329,1.7457645109582298,2.308884526991834,"[""PeriodFormatterBuilder"", ""PeriodPrinter"", ""PeriodFormatter"", ""TestPeriodFormatterBuilder""]","[0.03263403263403263, 0.021684737281067557, 0.010101010101010102, 0.009324009324009324]","[6.074592074592075, 4.115095913261051, 0.33255633255633255, 1.1173271173271173]"
org.joda.time.format.TestPeriodFormatterBuilder.testFormatSeparatorIfFieldsAfter,0.03263403263403263,0.018435947335029904,0.009324009324009324,0.07374378934011962,0.014133864000388293,0.016067492402539952,0.009547759623112693,6.074592074592075,2.9098928594341444,0.33255633255633255,11.639571437736578,0.9281538818016329,1.7457645109582298,2.308884526991834,"[""PeriodFormatterBuilder"", ""PeriodPrinter"", ""PeriodFormatter"", ""TestPeriodFormatterBuilder""]","[0.03263403263403263, 0.021684737281067557, 0.010101010101010102, 0.009324009324009324]","[6.074592074592075, 4.115095913261051, 0.33255633255633255, 1.1173271173271173]"
org.joda.time.format.TestPeriodFormatterBuilder.testFormatPrintZeroRarelyFirst,0.03263403263403263,0.018435947335029904,0.009324009324009324,0.07374378934011962,0.014133864000388293,0.016067492402539952,0.009547759623112693,6.074592074592075,2.9098928594341444,0.33255633255633255,11.639571437736578,0.9281538818016329,1.7457645109582298,2.308884526991834,"[""PeriodFormatterBuilder"", ""PeriodPrinter"", ""PeriodFormatter"", ""TestPeriodFormatterBuilder""]","[0.03263403263403263, 0.021684737281067557, 0.010101010101010102, 0.009324009324009324]","[6.074592074592075, 4.115095913261051, 0.33255633255633255, 1.1173271173271173]"
org.joda.time.format.TestPeriodFormatterBuilder.testFormatSeparatorSimple,0.03263403263403263,0.018435947335029904,0.009324009324009324,0.07374378934011962,0.014133864000388293,0.016067492402539952,0.009547759623112693,6.074592074592075,2.9098928594341444,0.33255633255633255,11.639571437736578,0.9281538818016329,1.7457645109582298,2.308884526991834,"[""PeriodFormatterBuilder"", ""PeriodPrinter"", ""PeriodFormatter"", ""TestPeriodFormatterBuilder""]","[0.03263403263403263, 0.021684737281067557, 0.010101010101010102, 0.009324009324009324]","[6.074592074592075, 4.115095913261051, 0.33255633255633255, 1.1173271173271173]"
org.joda.time.format.TestPeriodFormatterBuilder.testFormatSeparatorIfFieldsBefore,0.03263403263403263,0.018435947335029904,0.009324009324009324,0.07374378934011962,0.014133864000388293,0.016067492402539952,0.009547759623112693,6.074592074592075,2.9098928594341444,0.33255633255633255,11.639571437736578,0.9281538818016329,1.7457645109582298,2.308884526991834,"[""PeriodFormatterBuilder"", ""PeriodPrinter"", ""PeriodFormatter"", ""TestPeriodFormatterBuilder""]","[0.03263403263403263, 0.021684737281067557, 0.010101010101010102, 0.009324009324009324]","[6.074592074592075, 4.115095913261051, 0.33255633255633255, 1.1173271173271173]"
org.joda.time.format.TestPeriodFormatterBuilder.testFormatPrintZeroDefault,0.03263403263403263,0.018435947335029904,0.009324009324009324,0.07374378934011962,0.014133864000388293,0.016067492402539952,0.009547759623112693,6.074592074592075,2.9098928594341444,0.33255633255633255,11.639571437736578,0.9281538818016329,1.7457645109582298,2.308884526991834,"[""PeriodFormatterBuilder"", ""PeriodPrinter"", ""PeriodFormatter"", ""TestPeriodFormatterBuilder""]","[0.03263403263403263, 0.021684737281067557, 0.010101010101010102, 0.009324009324009324]","[6.074592074592075, 4.115095913261051, 0.33255633255633255, 1.1173271173271173]"
org.joda.time.format.TestPeriodFormatterBuilder.testFormatMinDigits,0.03263403263403263,0.018435947335029904,0.009324009324009324,0.07374378934011962,0.014133864000388293,0.016067492402539952,0.009547759623112693,6.074592074592075,2.9098928594341444,0.33255633255633255,11.639571437736578,0.9281538818016329,1.7457645109582298,2.308884526991834,"[""PeriodFormatterBuilder"", ""PeriodPrinter"", ""PeriodFormatter"", ""TestPeriodFormatterBuilder""]","[0.03263403263403263, 0.021684737281067557, 0.010101010101010102, 0.009324009324009324]","[6.074592074592075, 4.115095913261051, 0.33255633255633255, 1.1173271173271173]"
org.joda.time.format.TestPeriodFormatterBuilder.testFormatLiteral,0.03263403263403263,0.018435947335029904,0.009324009324009324,0.07374378934011962,0.014133864000388293,0.016067492402539952,0.009547759623112693,6.074592074592075,2.9098928594341444,0.33255633255633255,11.639571437736578,0.9281538818016329,1.7457645109582298,2.308884526991834,"[""PeriodFormatterBuilder"", ""PeriodPrinter"", ""PeriodFormatter"", ""TestPeriodFormatterBuilder""]","[0.03263403263403263, 0.021684737281067557, 0.010101010101010102, 0.009324009324009324]","[6.074592074592075, 4.115095913261051, 0.33255633255633255, 1.1173271173271173]"
org.joda.time.format.TestPeriodFormatterBuilder.testFormatPrintZeroIfSupported,0.03263403263403263,0.018435947335029904,0.009324009324009324,0.07374378934011962,0.014133864000388293,0.016067492402539952,0.009547759623112693,6.074592074592075,2.9098928594341444,0.33255633255633255,11.639571437736578,0.9281538818016329,1.7457645109582298,2.308884526991834,"[""PeriodFormatterBuilder"", ""PeriodPrinter"", ""PeriodFormatter"", ""TestPeriodFormatterBuilder""]","[0.03263403263403263, 0.021684737281067557, 0.010101010101010102, 0.009324009324009324]","[6.074592074592075, 4.115095913261051, 0.33255633255633255, 1.1173271173271173]"
org.joda.time.format.TestPeriodFormatterBuilder.testFormatPrintZeroAlways,0.03263403263403263,0.018435947335029904,0.009324009324009324,0.07374378934011962,0.014133864000388293,0.016067492402539952,0.009547759623112693,6.074592074592075,2.9098928594341444,0.33255633255633255,11.639571437736578,0.9281538818016329,1.7457645109582298,2.308884526991834,"[""PeriodFormatterBuilder"", ""PeriodPrinter"", ""PeriodFormatter"", ""TestPeriodFormatterBuilder""]","[0.03263403263403263, 0.021684737281067557, 0.010101010101010102, 0.009324009324009324]","[6.074592074592075, 4.115095913261051, 0.33255633255633255, 1.1173271173271173]"
org.joda.time.format.TestPeriodFormatterBuilder.testFormatAppendFormatter,0.03263403263403263,0.018435947335029904,0.009324009324009324,0.07374378934011962,0.014133864000388293,0.016067492402539952,0.009547759623112693,6.074592074592075,2.9098928594341444,0.33255633255633255,11.639571437736578,0.9281538818016329,1.7457645109582298,2.308884526991834,"[""PeriodFormatterBuilder"", ""PeriodPrinter"", ""PeriodFormatter"", ""TestPeriodFormatterBuilder""]","[0.03263403263403263, 0.021684737281067557, 0.010101010101010102, 0.009324009324009324]","[6.074592074592075, 4.115095913261051, 0.33255633255633255, 1.1173271173271173]"
org.joda.time.format.TestPeriodFormatterBuilder.testFormatPrintZeroRarelyLast,0.03263403263403263,0.018435947335029904,0.009324009324009324,0.07374378934011962,0.014133864000388293,0.016067492402539952,0.009547759623112693,6.074592074592075,2.9098928594341444,0.33255633255633255,11.639571437736578,0.9281538818016329,1.7457645109582298,2.308884526991834,"[""PeriodFormatterBuilder"", ""PeriodPrinter"", ""PeriodFormatter"", ""TestPeriodFormatterBuilder""]","[0.03263403263403263, 0.021684737281067557, 0.010101010101010102, 0.009324009324009324]","[6.074592074592075, 4.115095913261051, 0.33255633255633255, 1.1173271173271173]"
org.joda.time.TestPeriod_Basics.testSerialization,0.031857031857031856,0.01836509523461469,0.007633587786259542,0.07346038093845876,0.012071432746575683,0.01486975621026554,0.010907577032806525,6.344694035631294,2.919574310820076,0.09541984732824428,11.678297243280303,0.19812144455747036,0.7590732109743562,2.8508940012245323,"[""ByteArrayOutputStream"", ""ObjectInputStream"", ""TestPeriod_Basics"", ""ObjectOutputStream"", ""ByteArrayInputStream"", ""Period""]","[0.031857031857031856, 0.026336173508907823, 0.007633587786259542, 0.007633587786259542]","[5.1313131313131315, 6.344694035631294, 0.09541984732824428, 0.10687022900763359]"
org.joda.time.TestDateTime_Constructors.testConstructor_Chronology,0.041970802919708027,0.02447545748884906,0.015032211882605583,0.07342637246654718,0.019836181523648723,0.021801048063078126,0.012384106897020433,5.9939172749391725,2.983449937039224,0.6593673965936739,8.950349811117672,1.4159097698515435,2.086109855816524,2.2312475835686456,"[""TestDateTime_Constructors"", ""DateTime"", ""GregorianChronology""]","[0.041970802919708027, 0.016423357664233577, 0.015032211882605583]","[5.9939172749391725, 0.6593673965936739, 2.2970651395848245]"
org.joda.time.TestDateTime_Constructors.testConstructor_int_int_int_int_int_Chronology,0.041970802919708027,0.02447545748884906,0.015032211882605583,0.07342637246654718,0.019836181523648723,0.021801048063078126,0.012384106897020433,5.9939172749391725,2.983449937039224,0.6593673965936739,8.950349811117672,1.4159097698515435,2.086109855816524,2.2312475835686456,"[""TestDateTime_Constructors"", ""DateTime"", ""GregorianChronology""]","[0.041970802919708027, 0.016423357664233577, 0.015032211882605583]","[5.9939172749391725, 0.6593673965936739, 2.2970651395848245]"
org.joda.time.TestDateTime_Constructors.testConstructor_int_int_int_int_int_int_Chronology,0.041970802919708027,0.02447545748884906,0.015032211882605583,0.07342637246654718,0.019836181523648723,0.021801048063078126,0.012384106897020433,5.9939172749391725,2.983449937039224,0.6593673965936739,8.950349811117672,1.4159097698515435,2.086109855816524,2.2312475835686456,"[""TestDateTime_Constructors"", ""DateTime"", ""GregorianChronology""]","[0.041970802919708027, 0.016423357664233577, 0.015032211882605583]","[5.9939172749391725, 0.6593673965936739, 2.2970651395848245]"
org.joda.time.TestDateTime_Constructors.testConstructor_long2_Chronology,0.041970802919708027,0.02447545748884906,0.015032211882605583,0.07342637246654718,0.019836181523648723,0.021801048063078126,0.012384106897020433,5.9939172749391725,2.983449937039224,0.6593673965936739,8.950349811117672,1.4159097698515435,2.086109855816524,2.2312475835686456,"[""TestDateTime_Constructors"", ""DateTime"", ""GregorianChronology""]","[0.041970802919708027, 0.016423357664233577, 0.015032211882605583]","[5.9939172749391725, 0.6593673965936739, 2.2970651395848245]"
org.joda.time.TestDateTime_Constructors.test_now_Chronology,0.041970802919708027,0.02447545748884906,0.015032211882605583,0.07342637246654718,0.019836181523648723,0.021801048063078126,0.012384106897020433,5.9939172749391725,2.983449937039224,0.6593673965936739,8.950349811117672,1.4159097698515435,2.086109855816524,2.2312475835686456,"[""TestDateTime_Constructors"", ""DateTime"", ""GregorianChronology""]","[0.041970802919708027, 0.016423357664233577, 0.015032211882605583]","[5.9939172749391725, 0.6593673965936739, 2.2970651395848245]"
org.joda.time.TestDateTime_Constructors.testConstructor_long1_Chronology,0.041970802919708027,0.02447545748884906,0.015032211882605583,0.07342637246654718,0.019836181523648723,0.021801048063078126,0.012384106897020433,5.9939172749391725,2.983449937039224,0.6593673965936739,8.950349811117672,1.4159097698515435,2.086109855816524,2.2312475835686456,"[""TestDateTime_Constructors"", ""DateTime"", ""GregorianChronology""]","[0.041970802919708027, 0.016423357664233577, 0.015032211882605583]","[5.9939172749391725, 0.6593673965936739, 2.2970651395848245]"
org.joda.time.TestDateTime_Constructors.testConstructor_int_int_int_int_int_int_int_Chronology,0.041970802919708027,0.02447545748884906,0.015032211882605583,0.07342637246654718,0.019836181523648723,0.021801048063078126,0.012384106897020433,5.9939172749391725,2.983449937039224,0.6593673965936739,8.950349811117672,1.4159097698515435,2.086109855816524,2.2312475835686456,"[""TestDateTime_Constructors"", ""DateTime"", ""GregorianChronology""]","[0.041970802919708027, 0.016423357664233577, 0.015032211882605583]","[5.9939172749391725, 0.6593673965936739, 2.2970651395848245]"
org.joda.time.TestDateTime_Constructors.testConstructor_invalidObject_Chronology,0.041970802919708027,0.02447545748884906,0.015032211882605583,0.07342637246654718,0.019836181523648723,0.021801048063078126,0.012384106897020433,5.9939172749391725,2.983449937039224,0.6593673965936739,8.950349811117672,1.4159097698515435,2.086109855816524,2.2312475835686456,"[""TestDateTime_Constructors"", ""DateTime"", ""Object"", ""GregorianChronology""]","[0.041970802919708027, 0.016423357664233577, 0.015032211882605583]","[5.9939172749391725, 0.6593673965936739, 2.2970651395848245]"
org.joda.time.TestDateTime_Constructors.testConstructor_nullObject_Chronology,0.041970802919708027,0.02447545748884906,0.015032211882605583,0.07342637246654718,0.019836181523648723,0.021801048063078126,0.012384106897020433,5.9939172749391725,2.983449937039224,0.6593673965936739,8.950349811117672,1.4159097698515435,2.086109855816524,2.2312475835686456,"[""TestDateTime_Constructors"", ""DateTime"", ""GregorianChronology""]","[0.041970802919708027, 0.016423357664233577, 0.015032211882605583]","[5.9939172749391725, 0.6593673965936739, 2.2970651395848245]"
org.joda.time.TestDateTime_Properties.testPropertyEqualsHashCodeStrict,0.041970802919708027,0.024474679699117884,0.008547008547008548,0.07342403909735365,0.016261719411691054,0.0201792488464152,0.013690204259140077,5.9939172749391725,4.071833676006329,0.5537240537240538,12.215501028018988,1.395853331712161,2.6595474423556578,2.4912379615290585,"[""StrictChronology"", ""DateTime$Property"", ""TestDateTime_Properties"", ""DateTime""]","[0.041970802919708027, 0.02290622763063708, 0.008547008547008548]","[5.9939172749391725, 5.667859699355763, 0.5537240537240538]"
org.joda.time.TestDateMidnight_Properties.testPropertyToIntervalMonthOfYear,0.03345454545454545,0.02440329348011072,0.016034985422740525,0.07320988044033216,0.022319297037326512,0.02334613160032535,0.00712788314629271,4.0378181818181815,2.5254150008399034,1.618601747815231,7.57624500251971,2.1639455788565876,2.32371471323586,1.0764777159070311,"[""TestDateMidnight_Properties"", ""DateMidnight"", ""Interval"", ""DateMidnight$Property""]","[0.03345454545454545, 0.02372034956304619, 0.016034985422740525]","[4.0378181818181815, 1.618601747815231, 1.9198250728862973]"
org.joda.time.TestDateMidnight_Properties.testPropertyToIntervalYearOfCentury,0.03345454545454545,0.02440329348011072,0.016034985422740525,0.07320988044033216,0.022319297037326512,0.02334613160032535,0.00712788314629271,4.0378181818181815,2.5254150008399034,1.618601747815231,7.57624500251971,2.1639455788565876,2.32371471323586,1.0764777159070311,"[""TestDateMidnight_Properties"", ""DateMidnight"", ""Interval"", ""DateMidnight$Property""]","[0.03345454545454545, 0.02372034956304619, 0.016034985422740525]","[4.0378181818181815, 1.618601747815231, 1.9198250728862973]"
org.joda.time.TestDateMidnight_Properties.testPropertyToIntervalDayOfMonth,0.03345454545454545,0.02440329348011072,0.016034985422740525,0.07320988044033216,0.022319297037326512,0.02334613160032535,0.00712788314629271,4.0378181818181815,2.5254150008399034,1.618601747815231,7.57624500251971,2.1639455788565876,2.32371471323586,1.0764777159070311,"[""TestDateMidnight_Properties"", ""DateMidnight"", ""Interval"", ""DateMidnight$Property""]","[0.03345454545454545, 0.02372034956304619, 0.016034985422740525]","[4.0378181818181815, 1.618601747815231, 1.9198250728862973]"
org.joda.time.TestDateMidnight_Properties.testPropertyToIntervalYearOfEra,0.03345454545454545,0.02440329348011072,0.016034985422740525,0.07320988044033216,0.022319297037326512,0.02334613160032535,0.00712788314629271,4.0378181818181815,2.5254150008399034,1.618601747815231,7.57624500251971,2.1639455788565876,2.32371471323586,1.0764777159070311,"[""TestDateMidnight_Properties"", ""DateMidnight"", ""Interval"", ""DateMidnight$Property""]","[0.03345454545454545, 0.02372034956304619, 0.016034985422740525]","[4.0378181818181815, 1.618601747815231, 1.9198250728862973]"
org.joda.time.TestDateMidnight_Properties.testPropertyToIntervalYear,0.03345454545454545,0.02440329348011072,0.016034985422740525,0.07320988044033216,0.022319297037326512,0.02334613160032535,0.00712788314629271,4.0378181818181815,2.5254150008399034,1.618601747815231,7.57624500251971,2.1639455788565876,2.32371471323586,1.0764777159070311,"[""TestDateMidnight_Properties"", ""DateMidnight"", ""Interval"", ""DateMidnight$Property""]","[0.03345454545454545, 0.02372034956304619, 0.016034985422740525]","[4.0378181818181815, 1.618601747815231, 1.9198250728862973]"
org.joda.time.TestDateMidnight_Basics.testWithFieldAdded4,0.03345454545454545,0.024378259515801224,0.013479359730412805,0.07313477854740368,0.02109030240895574,0.022776136403682565,0.008256046354193292,4.0378181818181815,3.0196801083830658,1.2468407750631845,9.059040325149198,2.2820115872814704,2.6685039201852105,1.2581916163043825,"[""TestDateMidnight_Basics"", ""DateMidnight"", ""DurationFieldType""]","[0.03345454545454545, 0.026200873362445413, 0.013479359730412805]","[4.0378181818181815, 3.7743813682678313, 1.2468407750631845]"
org.joda.time.TestDateMidnight_Basics.testWithFieldAdded1,0.03345454545454545,0.024378259515801224,0.013479359730412805,0.07313477854740368,0.02109030240895574,0.022776136403682565,0.008256046354193292,4.0378181818181815,3.0196801083830658,1.2468407750631845,9.059040325149198,2.2820115872814704,2.6685039201852105,1.2581916163043825,"[""TestDateMidnight_Basics"", ""DateMidnight"", ""DurationFieldType""]","[0.03345454545454545, 0.026200873362445413, 0.013479359730412805]","[4.0378181818181815, 3.7743813682678313, 1.2468407750631845]"
org.joda.time.tz.TestCachedDateTimeZone.testSerialization,0.03832116788321168,0.014625819542727661,0.007633587786259542,0.0731290977136383,0.010127705544195377,0.011624194591950332,0.011893175902586026,3.5,0.8456891588194871,0.0,4.228445794097436,0.18162470875930528,0.37018553866965265,1.4210407782713694,"[""ByteArrayOutputStream"", ""TestCachedDateTimeZone"", ""DateTimeZone"", ""ObjectInputStream"", ""CachedDateTimeZone"", ""ObjectOutputStream"", ""ByteArrayInputStream""]","[0.03832116788321168, 0.010416666666666666, 0.009124087591240875, 0.007633587786259542, 0.007633587786259542]","[3.5, 0.0, 0.5261557177615572, 0.09541984732824428, 0.10687022900763359]"
org.joda.time.TestStringConvert.testMutableDateTime,0.03527980535279805,0.024361829353787782,0.015206812652068127,0.07308548806136335,0.021683377821643004,0.02297296408361671,0.008289040077267362,4.203771289537713,2.0441324040853917,0.7195863746958637,6.1323972122561745,1.222159373671069,1.5407097801218224,1.5401128073160117,"[""StringConvert"", ""TestStringConvert"", ""MutableDateTime"", ""ISOChronology""]","[0.03527980535279805, 0.022598870056497175, 0.015206812652068127]","[4.203771289537713, 1.2090395480225988, 0.7195863746958637]"
org.joda.time.TestDateTimeComparator.testBasicComps2,0.041970802919708027,0.024330900243309,0.015206812652068127,0.072992700729927,0.01963134221478308,0.021611537721667205,0.012475766474383745,5.9939172749391725,3.2621654501216546,0.6277372262773723,9.786496350364963,1.4452046234532832,2.2835658895608915,2.191814467687109,"[""System"", ""TestDateTimeComparator"", ""Comparator"", ""DateTime"", ""ReadableInstant""]","[0.041970802919708027, 0.015815085158150853, 0.015206812652068127]","[5.9939172749391725, 0.6277372262773723, 3.1648418491484187]"
org.joda.time.TestInterval_Basics.testWithEndInstant_RI2,0.029780564263322883,0.024321878007005426,0.019464720194647202,0.07296563402101627,0.023601262874592414,0.023957089614274323,0.004232850659935675,5.471003134796239,2.6981570208867107,1.0048661800486618,8.094471062660132,1.6706051912105915,2.0722321123960894,1.9766426949675415,"[""Instant"", ""TestInterval_Basics"", ""Interval""]","[0.029780564263322883, 0.02372034956304619, 0.019464720194647202]","[5.471003134796239, 1.618601747815231, 1.0048661800486618]"
org.joda.time.TestInterval_Basics.testWithStartInstant_RI2,0.029780564263322883,0.024321878007005426,0.019464720194647202,0.07296563402101627,0.023601262874592414,0.023957089614274323,0.004232850659935675,5.471003134796239,2.6981570208867107,1.0048661800486618,8.094471062660132,1.6706051912105915,2.0722321123960894,1.9766426949675415,"[""Instant"", ""TestInterval_Basics"", ""Interval""]","[0.029780564263322883, 0.02372034956304619, 0.019464720194647202]","[5.471003134796239, 1.618601747815231, 1.0048661800486618]"
org.joda.time.TestInterval_Basics.testContains_RI_zeroDuration,0.029780564263322883,0.024321878007005426,0.019464720194647202,0.07296563402101627,0.023601262874592414,0.023957089614274323,0.004232850659935675,5.471003134796239,2.6981570208867107,1.0048661800486618,8.094471062660132,1.6706051912105915,2.0722321123960894,1.9766426949675415,"[""Interval"", ""TestInterval_Basics"", ""Instant""]","[0.029780564263322883, 0.02372034956304619, 0.019464720194647202]","[5.471003134796239, 1.618601747815231, 1.0048661800486618]"
org.joda.time.TestInterval_Basics.testIsAfter_RI,0.029780564263322883,0.024321878007005426,0.019464720194647202,0.07296563402101627,0.023601262874592414,0.023957089614274323,0.004232850659935675,5.471003134796239,2.6981570208867107,1.0048661800486618,8.094471062660132,1.6706051912105915,2.0722321123960894,1.9766426949675415,"[""Interval"", ""TestInterval_Basics"", ""Instant""]","[0.029780564263322883, 0.02372034956304619, 0.019464720194647202]","[5.471003134796239, 1.618601747815231, 1.0048661800486618]"
org.joda.time.TestInterval_Basics.testContains_RI,0.029780564263322883,0.024321878007005426,0.019464720194647202,0.07296563402101627,0.023601262874592414,0.023957089614274323,0.004232850659935675,5.471003134796239,2.6981570208867107,1.0048661800486618,8.094471062660132,1.6706051912105915,2.0722321123960894,1.9766426949675415,"[""Interval"", ""TestInterval_Basics"", ""Instant""]","[0.029780564263322883, 0.02372034956304619, 0.019464720194647202]","[5.471003134796239, 1.618601747815231, 1.0048661800486618]"
org.joda.time.TestInterval_Basics.testWithStartInstant_RI1,0.029780564263322883,0.024321878007005426,0.019464720194647202,0.07296563402101627,0.023601262874592414,0.023957089614274323,0.004232850659935675,5.471003134796239,2.6981570208867107,1.0048661800486618,8.094471062660132,1.6706051912105915,2.0722321123960894,1.9766426949675415,"[""Instant"", ""TestInterval_Basics"", ""Interval""]","[0.029780564263322883, 0.02372034956304619, 0.019464720194647202]","[5.471003134796239, 1.618601747815231, 1.0048661800486618]"
org.joda.time.TestInterval_Basics.testWithEndInstant_RI1,0.029780564263322883,0.024321878007005426,0.019464720194647202,0.07296563402101627,0.023601262874592414,0.023957089614274323,0.004232850659935675,5.471003134796239,2.6981570208867107,1.0048661800486618,8.094471062660132,1.6706051912105915,2.0722321123960894,1.9766426949675415,"[""Instant"", ""TestInterval_Basics"", ""Interval""]","[0.029780564263322883, 0.02372034956304619, 0.019464720194647202]","[5.471003134796239, 1.618601747815231, 1.0048661800486618]"
org.joda.time.TestInterval_Basics.testIsBefore_RI,0.029780564263322883,0.024321878007005426,0.019464720194647202,0.07296563402101627,0.023601262874592414,0.023957089614274323,0.004232850659935675,5.471003134796239,2.6981570208867107,1.0048661800486618,8.094471062660132,1.6706051912105915,2.0722321123960894,1.9766426949675415,"[""Interval"", ""TestInterval_Basics"", ""Instant""]","[0.029780564263322883, 0.02372034956304619, 0.019464720194647202]","[5.471003134796239, 1.618601747815231, 1.0048661800486618]"
org.joda.time.TestDateTimeUtils.testGetInstantMillis_RI,0.02710027100271003,0.024273851779464162,0.019464720194647202,0.07282155533839249,0.02374155620248156,0.024015219730601438,0.0034179692086746816,2.0375093773443362,1.5328695399078738,1.0048661800486618,4.598608619723621,1.4094234400581918,1.4715019023658402,0.4218983952448402,"[""DateTimeUtils"", ""TestDateTimeUtils"", ""Instant""]","[0.02710027100271003, 0.02625656414103526, 0.019464720194647202]","[1.5562330623306233, 2.0375093773443362, 1.0048661800486618]"
org.joda.time.TestYearMonth_Basics.testGetField,0.03618421052631579,0.024234857216032784,0.01644736842105263,0.07270457164809835,0.021699105733824303,0.022859981941497146,0.008578133878446406,6.592105263157895,4.424728945234132,2.3728710462287106,13.274186835702395,3.7258375802574792,4.069727469870193,1.7244308671092137,"[""YearMonth"", ""TestYearMonth_Basics"", ""Chronology""]","[0.03618421052631579, 0.020072992700729927, 0.01644736842105263]","[6.592105263157895, 2.3728710462287106, 4.309210526315789]"
org.joda.time.TestYearMonth_Basics.testGetFields,0.03618421052631579,0.024234857216032784,0.01644736842105263,0.07270457164809835,0.021699105733824303,0.022859981941497146,0.008578133878446406,6.592105263157895,4.424728945234132,2.3728710462287106,13.274186835702395,3.7258375802574792,4.069727469870193,1.7244308671092137,"[""YearMonth"", ""TestYearMonth_Basics"", ""Chronology""]","[0.03618421052631579, 0.020072992700729927, 0.01644736842105263]","[6.592105263157895, 2.3728710462287106, 4.309210526315789]"
org.joda.time.format.TestISODateTimeFormatParsing.test_localDateParser,0.026155717761557177,0.024227148076719638,0.023114355231143552,0.07268144423015892,0.02415264437458911,0.02418939979656211,0.0013690849496306018,6.501672240802676,4.487580933471127,2.559610705596107,13.462742800413382,3.8875797886818284,4.184066499688807,1.6104916261986297,"[""DateTimeFormatter"", ""TestISODateTimeFormatParsing"", ""ISODateTimeFormat""]","[0.026155717761557177, 0.023411371237458192, 0.023114355231143552]","[2.559610705596107, 6.501672240802676, 4.401459854014599]"
org.joda.time.format.TestISODateTimeFormatParsing.test_localDateOptionalTimeParser,0.026155717761557177,0.024227148076719638,0.023114355231143552,0.07268144423015892,0.02415264437458911,0.02418939979656211,0.0013690849496306018,6.501672240802676,4.487580933471127,2.559610705596107,13.462742800413382,3.8875797886818284,4.184066499688807,1.6104916261986297,"[""DateTimeFormatter"", ""TestISODateTimeFormatParsing"", ""ISODateTimeFormat""]","[0.026155717761557177, 0.023411371237458192, 0.023114355231143552]","[2.559610705596107, 6.501672240802676, 4.401459854014599]"
org.joda.time.format.TestISODateTimeFormatParsing.test_localTimeParser,0.026155717761557177,0.024227148076719638,0.023114355231143552,0.07268144423015892,0.02415264437458911,0.02418939979656211,0.0013690849496306018,6.501672240802676,4.487580933471127,2.559610705596107,13.462742800413382,3.8875797886818284,4.184066499688807,1.6104916261986297,"[""DateTimeFormatter"", ""TestISODateTimeFormatParsing"", ""ISODateTimeFormat""]","[0.026155717761557177, 0.023411371237458192, 0.023114355231143552]","[2.559610705596107, 6.501672240802676, 4.401459854014599]"
org.joda.time.TestMutableDateTime_Basics.testToCalendar_Locale,0.03527980535279805,0.014506028181101069,0.0026666666666666666,0.07253014090550534,0.006972391548795644,0.010115238377322196,0.011741565038786962,4.203771289537713,1.4383221144157525,0.04933333333333333,7.191610572078763,0.15145784612138385,0.43234590925724536,1.6818697668920735,"[""Calendar"", ""MutableDateTime"", ""TestMutableDateTime_Basics"", ""TimeZone"", ""Date""]","[0.03527980535279805, 0.019316493313521546, 0.007633587786259542, 0.007633587786259542, 0.0026666666666666666]","[4.203771289537713, 2.598811292719168, 0.1984732824427481, 0.14122137404580154, 0.04933333333333333]"
org.joda.time.TestMutableDateTime_Basics.testToGregorianCalendar,0.03527980535279805,0.014506028181101069,0.0026666666666666666,0.07253014090550534,0.006972391548795644,0.010115238377322196,0.011741565038786962,4.203771289537713,1.4268717327363631,0.04933333333333333,7.134358663681816,0.14263257650603203,0.4038973746418205,1.6904448652498796,"[""MutableDateTime"", ""TestMutableDateTime_Basics"", ""GregorianCalendar"", ""TimeZone"", ""Date""]","[0.03527980535279805, 0.019316493313521546, 0.007633587786259542, 0.007633587786259542, 0.0026666666666666666]","[4.203771289537713, 2.598811292719168, 0.14122137404580154, 0.14122137404580154, 0.04933333333333333]"
org.joda.time.TestMutableDateTime_Properties.testPropertyToIntervalSecondOfMinute,0.03527980535279805,0.02415773626935327,0.01347305389221557,0.07247320880805981,0.020728976676592015,0.02242355351410341,0.008907939629493256,4.203771289537713,2.7808608727304223,1.618601747815231,8.342582618191267,2.395226342804164,2.578726288709181,1.071363527422313,"[""TestMutableDateTime_Properties"", ""MutableDateTime$Property"", ""MutableDateTime"", ""Interval""]","[0.03527980535279805, 0.02372034956304619, 0.01347305389221557]","[4.203771289537713, 1.618601747815231, 2.520209580838323]"
org.joda.time.TestMutableDateTime_Properties.testPropertyToIntervalYearOfCentury,0.03527980535279805,0.02415773626935327,0.01347305389221557,0.07247320880805981,0.020728976676592015,0.02242355351410341,0.008907939629493256,4.203771289537713,2.7808608727304223,1.618601747815231,8.342582618191267,2.395226342804164,2.578726288709181,1.071363527422313,"[""TestMutableDateTime_Properties"", ""MutableDateTime$Property"", ""MutableDateTime"", ""Interval""]","[0.03527980535279805, 0.02372034956304619, 0.01347305389221557]","[4.203771289537713, 1.618601747815231, 2.520209580838323]"
org.joda.time.TestMutableDateTime_Properties.testPropertyToIntervalYearOfEra,0.03527980535279805,0.02415773626935327,0.01347305389221557,0.07247320880805981,0.020728976676592015,0.02242355351410341,0.008907939629493256,4.203771289537713,2.7808608727304223,1.618601747815231,8.342582618191267,2.395226342804164,2.578726288709181,1.071363527422313,"[""TestMutableDateTime_Properties"", ""MutableDateTime$Property"", ""MutableDateTime"", ""Interval""]","[0.03527980535279805, 0.02372034956304619, 0.01347305389221557]","[4.203771289537713, 1.618601747815231, 2.520209580838323]"
org.joda.time.TestMutableDateTime_Properties.testPropertyToIntervalDayOfMonth,0.03527980535279805,0.02415773626935327,0.01347305389221557,0.07247320880805981,0.020728976676592015,0.02242355351410341,0.008907939629493256,4.203771289537713,2.7808608727304223,1.618601747815231,8.342582618191267,2.395226342804164,2.578726288709181,1.071363527422313,"[""TestMutableDateTime_Properties"", ""MutableDateTime$Property"", ""MutableDateTime"", ""Interval""]","[0.03527980535279805, 0.02372034956304619, 0.01347305389221557]","[4.203771289537713, 1.618601747815231, 2.520209580838323]"
org.joda.time.TestMutableDateTime_Properties.testPropertyToIntervalMonthOfYear,0.03527980535279805,0.02415773626935327,0.01347305389221557,0.07247320880805981,0.020728976676592015,0.02242355351410341,0.008907939629493256,4.203771289537713,2.7808608727304223,1.618601747815231,8.342582618191267,2.395226342804164,2.578726288709181,1.071363527422313,"[""TestMutableDateTime_Properties"", ""MutableDateTime$Property"", ""MutableDateTime"", ""Interval""]","[0.03527980535279805, 0.02372034956304619, 0.01347305389221557]","[4.203771289537713, 1.618601747815231, 2.520209580838323]"
org.joda.time.TestMutableDateTime_Properties.testPropertyToIntervalYear,0.03527980535279805,0.02415773626935327,0.01347305389221557,0.07247320880805981,0.020728976676592015,0.02242355351410341,0.008907939629493256,4.203771289537713,2.7808608727304223,1.618601747815231,8.342582618191267,2.395226342804164,2.578726288709181,1.071363527422313,"[""TestMutableDateTime_Properties"", ""MutableDateTime$Property"", ""MutableDateTime"", ""Interval""]","[0.03527980535279805, 0.02372034956304619, 0.01347305389221557]","[4.203771289537713, 1.618601747815231, 2.520209580838323]"
org.joda.time.TestMutableDateTime_Properties.testPropertyToIntervalMillisOfSecond,0.03527980535279805,0.02415773626935327,0.01347305389221557,0.07247320880805981,0.020728976676592015,0.02242355351410341,0.008907939629493256,4.203771289537713,2.7808608727304223,1.618601747815231,8.342582618191267,2.395226342804164,2.578726288709181,1.071363527422313,"[""TestMutableDateTime_Properties"", ""MutableDateTime$Property"", ""MutableDateTime"", ""Interval""]","[0.03527980535279805, 0.02372034956304619, 0.01347305389221557]","[4.203771289537713, 1.618601747815231, 2.520209580838323]"
org.joda.time.TestMutableDateTime_Properties.testPropertyToIntervalMinuteOfHour,0.03527980535279805,0.02415773626935327,0.01347305389221557,0.07247320880805981,0.020728976676592015,0.02242355351410341,0.008907939629493256,4.203771289537713,2.7808608727304223,1.618601747815231,8.342582618191267,2.395226342804164,2.578726288709181,1.071363527422313,"[""TestMutableDateTime_Properties"", ""MutableDateTime$Property"", ""MutableDateTime"", ""Interval""]","[0.03527980535279805, 0.02372034956304619, 0.01347305389221557]","[4.203771289537713, 1.618601747815231, 2.520209580838323]"
org.joda.time.TestMutableDateTime_Properties.testPropertyToIntervalHourOfDay,0.03527980535279805,0.02415773626935327,0.01347305389221557,0.07247320880805981,0.020728976676592015,0.02242355351410341,0.008907939629493256,4.203771289537713,2.7808608727304223,1.618601747815231,8.342582618191267,2.395226342804164,2.578726288709181,1.071363527422313,"[""TestMutableDateTime_Properties"", ""MutableDateTime$Property"", ""MutableDateTime"", ""Interval""]","[0.03527980535279805, 0.02372034956304619, 0.01347305389221557]","[4.203771289537713, 1.618601747815231, 2.520209580838323]"
org.joda.time.convert.TestStringConverter.testSetIntoPeriod_Object8,0.025602409638554216,0.024129652141700333,0.021756021756021756,0.072388956425101,0.02400492989132017,0.02406818985171806,0.0016945705271223645,3.2222222222222223,2.1271949826166696,0.8882783882783882,6.381584947850008,1.5987752734649385,1.866290658142684,0.9582454677882772,"[""MutablePeriod"", ""StringConverter"", ""TestStringConverter""]","[0.025602409638554216, 0.025030525030525032, 0.021756021756021756]","[2.2710843373493974, 0.8882783882783882, 3.2222222222222223]"
org.joda.time.TestMutableDateTime_Adds.testAdd_RD_int1,0.03527980535279805,0.024127183740420038,0.01634472511144131,0.07238155122126011,0.021785999325087978,0.022874745644748284,0.008089203291534576,4.203771289537713,2.2592547754612156,0.9561664190193165,6.777764326383647,1.5774215108611607,1.8665294550436424,1.4012629802690113,"[""Duration"", ""TestMutableDateTime_Adds"", ""MutableDateTime""]","[0.03527980535279805, 0.020757020757020756, 0.01634472511144131]","[4.203771289537713, 1.6178266178266179, 0.9561664190193165]"
org.joda.time.TestMutableDateTime_Adds.testAdd_RD1,0.03527980535279805,0.024127183740420038,0.01634472511144131,0.07238155122126011,0.021785999325087978,0.022874745644748284,0.008089203291534576,4.203771289537713,2.2592547754612156,0.9561664190193165,6.777764326383647,1.5774215108611607,1.8665294550436424,1.4012629802690113,"[""Duration"", ""TestMutableDateTime_Adds"", ""MutableDateTime""]","[0.03527980535279805, 0.020757020757020756, 0.01634472511144131]","[4.203771289537713, 1.6178266178266179, 0.9561664190193165]"
org.joda.time.TestSerialization.testSerializedMutableDateTime,0.03527980535279805,0.0180833683250112,0.007633587786259542,0.0723334733000448,0.01189609377403575,0.014547646047432722,0.01148723640387858,4.203771289537713,1.7153497641263498,0.09541984732824428,6.861399056505399,0.19529056367303366,0.5695888011351705,1.728525612316585,"[""StringBuilder"", ""ByteArrayOutputStream"", ""ObjectInputStream"", ""MutableDateTime"", ""TestSerialization"", ""FileInputStream"", ""ObjectOutputStream"", ""ByteArrayInputStream""]","[0.03527980535279805, 0.02178649237472767, 0.007633587786259542, 0.007633587786259542]","[4.203771289537713, 2.4553376906318083, 0.09541984732824428, 0.10687022900763359]"
org.joda.time.TestSerialization.testSerializedMutableDateTimeProperty,0.03527980535279805,0.0180833683250112,0.007633587786259542,0.0723334733000448,0.01189609377403575,0.014547646047432722,0.01148723640387858,4.203771289537713,1.7153497641263498,0.09541984732824428,6.861399056505399,0.19529056367303366,0.5695888011351705,1.728525612316585,"[""StringBuilder"", ""ByteArrayOutputStream"", ""ObjectInputStream"", ""MutableDateTime"", ""TestSerialization"", ""FileInputStream"", ""ObjectOutputStream"", ""ByteArrayInputStream""]","[0.03527980535279805, 0.02178649237472767, 0.007633587786259542, 0.007633587786259542]","[4.203771289537713, 2.4553376906318083, 0.09541984732824428, 0.10687022900763359]"
org.joda.time.TestMutableDateTime_Basics.testGet_DateTimeFieldType,0.03527980535279805,0.024095986104162137,0.017691659646166806,0.07228795831248641,0.02195584611032741,0.022930191483098265,0.007935925942667805,4.203771289537713,3.0125429725186508,2.2350463352990735,9.037628917555953,2.8034999819346242,2.9011272966995794,0.8553166717704656,"[""DateTimeFieldType"", ""TestMutableDateTime_Basics"", ""MutableDateTime""]","[0.03527980535279805, 0.019316493313521546, 0.017691659646166806]","[4.203771289537713, 2.598811292719168, 2.2350463352990735]"
org.joda.time.TestDateTime_Constructors.testConstructor_nullChronology,0.041970802919708027,0.02406994248479391,0.015032211882605583,0.07220982745438173,0.01921723137122174,0.02124888374935724,0.012658020503219278,5.9939172749391725,3.0035229297399533,0.7195863746958637,9.01056878921986,1.5061290792363797,2.147776052433415,2.210422820528311,"[""TestDateTime_Constructors"", ""ISOChronology"", ""DateTime""]","[0.041970802919708027, 0.015206812652068127, 0.015032211882605583]","[5.9939172749391725, 0.7195863746958637, 2.2970651395848245]"
org.joda.time.TestDateTime_Constructors.testConstructor_int_int_int_int_int_int_nullChronology,0.041970802919708027,0.02406994248479391,0.015032211882605583,0.07220982745438173,0.01921723137122174,0.02124888374935724,0.012658020503219278,5.9939172749391725,3.0035229297399533,0.7195863746958637,9.01056878921986,1.5061290792363797,2.147776052433415,2.210422820528311,"[""TestDateTime_Constructors"", ""ISOChronology"", ""DateTime""]","[0.041970802919708027, 0.015206812652068127, 0.015032211882605583]","[5.9939172749391725, 0.7195863746958637, 2.2970651395848245]"
org.joda.time.TestDateTime_Constructors.testConstructor_long_nullDateTimeZone,0.041970802919708027,0.02406994248479391,0.015032211882605583,0.07220982745438173,0.01921723137122174,0.02124888374935724,0.012658020503219278,5.9939172749391725,3.0035229297399533,0.7195863746958637,9.01056878921986,1.5061290792363797,2.147776052433415,2.210422820528311,"[""TestDateTime_Constructors"", ""ISOChronology"", ""DateTime""]","[0.041970802919708027, 0.015206812652068127, 0.015032211882605583]","[5.9939172749391725, 0.7195863746958637, 2.2970651395848245]"
org.joda.time.TestDateTime_Constructors.testConstructor_nullObject,0.041970802919708027,0.02406994248479391,0.015032211882605583,0.07220982745438173,0.01921723137122174,0.02124888374935724,0.012658020503219278,5.9939172749391725,3.0035229297399533,0.7195863746958637,9.01056878921986,1.5061290792363797,2.147776052433415,2.210422820528311,"[""TestDateTime_Constructors"", ""ISOChronology"", ""DateTime""]","[0.041970802919708027, 0.015206812652068127, 0.015032211882605583]","[5.9939172749391725, 0.7195863746958637, 2.2970651395848245]"
org.joda.time.TestDateTime_Constructors.testConstructor_int_int_int_int_int_int_int_nullDateTimeZone,0.041970802919708027,0.02406994248479391,0.015032211882605583,0.07220982745438173,0.01921723137122174,0.02124888374935724,0.012658020503219278,5.9939172749391725,3.0035229297399533,0.7195863746958637,9.01056878921986,1.5061290792363797,2.147776052433415,2.210422820528311,"[""TestDateTime_Constructors"", ""ISOChronology"", ""DateTime""]","[0.041970802919708027, 0.015206812652068127, 0.015032211882605583]","[5.9939172749391725, 0.7195863746958637, 2.2970651395848245]"
org.joda.time.TestDateTime_Constructors.testConstructor_long_nullChronology,0.041970802919708027,0.02406994248479391,0.015032211882605583,0.07220982745438173,0.01921723137122174,0.02124888374935724,0.012658020503219278,5.9939172749391725,3.0035229297399533,0.7195863746958637,9.01056878921986,1.5061290792363797,2.147776052433415,2.210422820528311,"[""TestDateTime_Constructors"", ""ISOChronology"", ""DateTime""]","[0.041970802919708027, 0.015206812652068127, 0.015032211882605583]","[5.9939172749391725, 0.7195863746958637, 2.2970651395848245]"
org.joda.time.TestDateTime_Constructors.test_now,0.041970802919708027,0.02406994248479391,0.015032211882605583,0.07220982745438173,0.01921723137122174,0.02124888374935724,0.012658020503219278,5.9939172749391725,3.0035229297399533,0.7195863746958637,9.01056878921986,1.5061290792363797,2.147776052433415,2.210422820528311,"[""TestDateTime_Constructors"", ""ISOChronology"", ""DateTime""]","[0.041970802919708027, 0.015206812652068127, 0.015032211882605583]","[5.9939172749391725, 0.7195863746958637, 2.2970651395848245]"
org.joda.time.TestDateTime_Constructors.testConstructor_nullObject_nullChronology,0.041970802919708027,0.02406994248479391,0.015032211882605583,0.07220982745438173,0.01921723137122174,0.02124888374935724,0.012658020503219278,5.9939172749391725,3.0035229297399533,0.7195863746958637,9.01056878921986,1.5061290792363797,2.147776052433415,2.210422820528311,"[""TestDateTime_Constructors"", ""ISOChronology"", ""DateTime""]","[0.041970802919708027, 0.015206812652068127, 0.015032211882605583]","[5.9939172749391725, 0.7195863746958637, 2.2970651395848245]"
org.joda.time.TestDateTime_Constructors.testConstructor_int_int_int_int_int_int_int,0.041970802919708027,0.02406994248479391,0.015032211882605583,0.07220982745438173,0.01921723137122174,0.02124888374935724,0.012658020503219278,5.9939172749391725,3.0035229297399533,0.7195863746958637,9.01056878921986,1.5061290792363797,2.147776052433415,2.210422820528311,"[""TestDateTime_Constructors"", ""ISOChronology"", ""DateTime""]","[0.041970802919708027, 0.015206812652068127, 0.015032211882605583]","[5.9939172749391725, 0.7195863746958637, 2.2970651395848245]"
org.joda.time.TestDateTime_Constructors.testConstructor_long2_DateTimeZone,0.041970802919708027,0.02406994248479391,0.015032211882605583,0.07220982745438173,0.01921723137122174,0.02124888374935724,0.012658020503219278,5.9939172749391725,3.0035229297399533,0.7195863746958637,9.01056878921986,1.5061290792363797,2.147776052433415,2.210422820528311,"[""TestDateTime_Constructors"", ""ISOChronology"", ""DateTime""]","[0.041970802919708027, 0.015206812652068127, 0.015032211882605583]","[5.9939172749391725, 0.7195863746958637, 2.2970651395848245]"
org.joda.time.TestDateTime_Constructors.testConstructor_ObjectString6,0.041970802919708027,0.02406994248479391,0.015032211882605583,0.07220982745438173,0.01921723137122174,0.02124888374935724,0.012658020503219278,5.9939172749391725,3.0035229297399533,0.7195863746958637,9.01056878921986,1.5061290792363797,2.147776052433415,2.210422820528311,"[""TestDateTime_Constructors"", ""ISOChronology"", ""DateTime""]","[0.041970802919708027, 0.015206812652068127, 0.015032211882605583]","[5.9939172749391725, 0.7195863746958637, 2.2970651395848245]"
org.joda.time.TestDateTime_Constructors.testConstructor_long2,0.041970802919708027,0.02406994248479391,0.015032211882605583,0.07220982745438173,0.01921723137122174,0.02124888374935724,0.012658020503219278,5.9939172749391725,3.0035229297399533,0.7195863746958637,9.01056878921986,1.5061290792363797,2.147776052433415,2.210422820528311,"[""TestDateTime_Constructors"", ""ISOChronology"", ""DateTime""]","[0.041970802919708027, 0.015206812652068127, 0.015032211882605583]","[5.9939172749391725, 0.7195863746958637, 2.2970651395848245]"
org.joda.time.TestDateTime_Constructors.testConstructor_DateTimeZone,0.041970802919708027,0.02406994248479391,0.015032211882605583,0.07220982745438173,0.01921723137122174,0.02124888374935724,0.012658020503219278,5.9939172749391725,3.0035229297399533,0.7195863746958637,9.01056878921986,1.5061290792363797,2.147776052433415,2.210422820528311,"[""TestDateTime_Constructors"", ""ISOChronology"", ""DateTime""]","[0.041970802919708027, 0.015206812652068127, 0.015032211882605583]","[5.9939172749391725, 0.7195863746958637, 2.2970651395848245]"
org.joda.time.TestDateTime_Constructors.testConstructor_int_int_int_int_int_int_DateTimeZone,0.041970802919708027,0.02406994248479391,0.015032211882605583,0.07220982745438173,0.01921723137122174,0.02124888374935724,0.012658020503219278,5.9939172749391725,3.0035229297399533,0.7195863746958637,9.01056878921986,1.5061290792363797,2.147776052433415,2.210422820528311,"[""TestDateTime_Constructors"", ""ISOChronology"", ""DateTime""]","[0.041970802919708027, 0.015206812652068127, 0.015032211882605583]","[5.9939172749391725, 0.7195863746958637, 2.2970651395848245]"
org.joda.time.TestDateTime_Constructors.testConstructor_nullObject_DateTimeZone,0.041970802919708027,0.02406994248479391,0.015032211882605583,0.07220982745438173,0.01921723137122174,0.02124888374935724,0.012658020503219278,5.9939172749391725,3.0035229297399533,0.7195863746958637,9.01056878921986,1.5061290792363797,2.147776052433415,2.210422820528311,"[""TestDateTime_Constructors"", ""ISOChronology"", ""DateTime""]","[0.041970802919708027, 0.015206812652068127, 0.015032211882605583]","[5.9939172749391725, 0.7195863746958637, 2.2970651395848245]"
org.joda.time.TestDateTime_Constructors.testConstructor_int_int_int_int_int_DateTimeZone,0.041970802919708027,0.02406994248479391,0.015032211882605583,0.07220982745438173,0.01921723137122174,0.02124888374935724,0.012658020503219278,5.9939172749391725,3.0035229297399533,0.7195863746958637,9.01056878921986,1.5061290792363797,2.147776052433415,2.210422820528311,"[""TestDateTime_Constructors"", ""ISOChronology"", ""DateTime""]","[0.041970802919708027, 0.015206812652068127, 0.015032211882605583]","[5.9939172749391725, 0.7195863746958637, 2.2970651395848245]"
org.joda.time.TestDateTime_Constructors.testConstructor_int_int_int_int_int_nullChronology,0.041970802919708027,0.02406994248479391,0.015032211882605583,0.07220982745438173,0.01921723137122174,0.02124888374935724,0.012658020503219278,5.9939172749391725,3.0035229297399533,0.7195863746958637,9.01056878921986,1.5061290792363797,2.147776052433415,2.210422820528311,"[""TestDateTime_Constructors"", ""ISOChronology"", ""DateTime""]","[0.041970802919708027, 0.015206812652068127, 0.015032211882605583]","[5.9939172749391725, 0.7195863746958637, 2.2970651395848245]"
org.joda.time.TestDateTime_Constructors.testConstructor_ObjectString5,0.041970802919708027,0.02406994248479391,0.015032211882605583,0.07220982745438173,0.01921723137122174,0.02124888374935724,0.012658020503219278,5.9939172749391725,3.0035229297399533,0.7195863746958637,9.01056878921986,1.5061290792363797,2.147776052433415,2.210422820528311,"[""TestDateTime_Constructors"", ""ISOChronology"", ""DateTime""]","[0.041970802919708027, 0.015206812652068127, 0.015032211882605583]","[5.9939172749391725, 0.7195863746958637, 2.2970651395848245]"
org.joda.time.TestDateTime_Constructors.testConstructor_int_int_int_int_int_int_nullDateTimeZone,0.041970802919708027,0.02406994248479391,0.015032211882605583,0.07220982745438173,0.01921723137122174,0.02124888374935724,0.012658020503219278,5.9939172749391725,3.0035229297399533,0.7195863746958637,9.01056878921986,1.5061290792363797,2.147776052433415,2.210422820528311,"[""TestDateTime_Constructors"", ""ISOChronology"", ""DateTime""]","[0.041970802919708027, 0.015206812652068127, 0.015032211882605583]","[5.9939172749391725, 0.7195863746958637, 2.2970651395848245]"
org.joda.time.TestDateTime_Constructors.testConstructor_ObjectString3,0.041970802919708027,0.02406994248479391,0.015032211882605583,0.07220982745438173,0.01921723137122174,0.02124888374935724,0.012658020503219278,5.9939172749391725,3.0035229297399533,0.7195863746958637,9.01056878921986,1.5061290792363797,2.147776052433415,2.210422820528311,"[""TestDateTime_Constructors"", ""ISOChronology"", ""DateTime""]","[0.041970802919708027, 0.015206812652068127, 0.015032211882605583]","[5.9939172749391725, 0.7195863746958637, 2.2970651395848245]"
org.joda.time.TestDateTime_Constructors.testConstructor_nullDateTimeZone,0.041970802919708027,0.02406994248479391,0.015032211882605583,0.07220982745438173,0.01921723137122174,0.02124888374935724,0.012658020503219278,5.9939172749391725,3.0035229297399533,0.7195863746958637,9.01056878921986,1.5061290792363797,2.147776052433415,2.210422820528311,"[""TestDateTime_Constructors"", ""ISOChronology"", ""DateTime""]","[0.041970802919708027, 0.015206812652068127, 0.015032211882605583]","[5.9939172749391725, 0.7195863746958637, 2.2970651395848245]"
org.joda.time.TestDateTime_Constructors.testConstructor_int_int_int_int_int,0.041970802919708027,0.02406994248479391,0.015032211882605583,0.07220982745438173,0.01921723137122174,0.02124888374935724,0.012658020503219278,5.9939172749391725,3.0035229297399533,0.7195863746958637,9.01056878921986,1.5061290792363797,2.147776052433415,2.210422820528311,"[""TestDateTime_Constructors"", ""ISOChronology"", ""DateTime""]","[0.041970802919708027, 0.015206812652068127, 0.015032211882605583]","[5.9939172749391725, 0.7195863746958637, 2.2970651395848245]"
org.joda.time.TestDateTime_Constructors.testConstructor_ObjectString7,0.041970802919708027,0.02406994248479391,0.015032211882605583,0.07220982745438173,0.01921723137122174,0.02124888374935724,0.012658020503219278,5.9939172749391725,3.0035229297399533,0.7195863746958637,9.01056878921986,1.5061290792363797,2.147776052433415,2.210422820528311,"[""TestDateTime_Constructors"", ""ISOChronology"", ""DateTime""]","[0.041970802919708027, 0.015206812652068127, 0.015032211882605583]","[5.9939172749391725, 0.7195863746958637, 2.2970651395848245]"
org.joda.time.TestDateTime_Constructors.testConstructor_nullObject_nullDateTimeZone,0.041970802919708027,0.02406994248479391,0.015032211882605583,0.07220982745438173,0.01921723137122174,0.02124888374935724,0.012658020503219278,5.9939172749391725,3.0035229297399533,0.7195863746958637,9.01056878921986,1.5061290792363797,2.147776052433415,2.210422820528311,"[""TestDateTime_Constructors"", ""ISOChronology"", ""DateTime""]","[0.041970802919708027, 0.015206812652068127, 0.015032211882605583]","[5.9939172749391725, 0.7195863746958637, 2.2970651395848245]"
org.joda.time.TestDateTime_Constructors.testConstructor,0.041970802919708027,0.02406994248479391,0.015032211882605583,0.07220982745438173,0.01921723137122174,0.02124888374935724,0.012658020503219278,5.9939172749391725,3.0035229297399533,0.7195863746958637,9.01056878921986,1.5061290792363797,2.147776052433415,2.210422820528311,"[""TestDateTime_Constructors"", ""ISOChronology"", ""DateTime""]","[0.041970802919708027, 0.015206812652068127, 0.015032211882605583]","[5.9939172749391725, 0.7195863746958637, 2.2970651395848245]"
org.joda.time.TestDateTime_Constructors.testConstructor_long1,0.041970802919708027,0.02406994248479391,0.015032211882605583,0.07220982745438173,0.01921723137122174,0.02124888374935724,0.012658020503219278,5.9939172749391725,3.0035229297399533,0.7195863746958637,9.01056878921986,1.5061290792363797,2.147776052433415,2.210422820528311,"[""TestDateTime_Constructors"", ""ISOChronology"", ""DateTime""]","[0.041970802919708027, 0.015206812652068127, 0.015032211882605583]","[5.9939172749391725, 0.7195863746958637, 2.2970651395848245]"
org.joda.time.TestDateTime_Constructors.test_now_DateTimeZone,0.041970802919708027,0.02406994248479391,0.015032211882605583,0.07220982745438173,0.01921723137122174,0.02124888374935724,0.012658020503219278,5.9939172749391725,3.0035229297399533,0.7195863746958637,9.01056878921986,1.5061290792363797,2.147776052433415,2.210422820528311,"[""TestDateTime_Constructors"", ""ISOChronology"", ""DateTime""]","[0.041970802919708027, 0.015206812652068127, 0.015032211882605583]","[5.9939172749391725, 0.7195863746958637, 2.2970651395848245]"
org.joda.time.TestDateTime_Constructors.testConstructor_int_int_int_int_int_int_int_DateTimeZone,0.041970802919708027,0.02406994248479391,0.015032211882605583,0.07220982745438173,0.01921723137122174,0.02124888374935724,0.012658020503219278,5.9939172749391725,3.0035229297399533,0.7195863746958637,9.01056878921986,1.5061290792363797,2.147776052433415,2.210422820528311,"[""TestDateTime_Constructors"", ""ISOChronology"", ""DateTime""]","[0.041970802919708027, 0.015206812652068127, 0.015032211882605583]","[5.9939172749391725, 0.7195863746958637, 2.2970651395848245]"
org.joda.time.TestDateTime_Constructors.testConstructor_int_int_int_int_int_nullDateTimeZone,0.041970802919708027,0.02406994248479391,0.015032211882605583,0.07220982745438173,0.01921723137122174,0.02124888374935724,0.012658020503219278,5.9939172749391725,3.0035229297399533,0.7195863746958637,9.01056878921986,1.5061290792363797,2.147776052433415,2.210422820528311,"[""TestDateTime_Constructors"", ""ISOChronology"", ""DateTime""]","[0.041970802919708027, 0.015206812652068127, 0.015032211882605583]","[5.9939172749391725, 0.7195863746958637, 2.2970651395848245]"
org.joda.time.TestDateTime_Constructors.testConstructor_ObjectString2,0.041970802919708027,0.02406994248479391,0.015032211882605583,0.07220982745438173,0.01921723137122174,0.02124888374935724,0.012658020503219278,5.9939172749391725,3.0035229297399533,0.7195863746958637,9.01056878921986,1.5061290792363797,2.147776052433415,2.210422820528311,"[""TestDateTime_Constructors"", ""ISOChronology"", ""DateTime""]","[0.041970802919708027, 0.015206812652068127, 0.015032211882605583]","[5.9939172749391725, 0.7195863746958637, 2.2970651395848245]"
org.joda.time.TestDateTime_Constructors.testConstructor_ObjectString4,0.041970802919708027,0.02406994248479391,0.015032211882605583,0.07220982745438173,0.01921723137122174,0.02124888374935724,0.012658020503219278,5.9939172749391725,3.0035229297399533,0.7195863746958637,9.01056878921986,1.5061290792363797,2.147776052433415,2.210422820528311,"[""TestDateTime_Constructors"", ""ISOChronology"", ""DateTime""]","[0.041970802919708027, 0.015206812652068127, 0.015032211882605583]","[5.9939172749391725, 0.7195863746958637, 2.2970651395848245]"
org.joda.time.TestDateTime_Constructors.testConstructor_long1_DateTimeZone,0.041970802919708027,0.02406994248479391,0.015032211882605583,0.07220982745438173,0.01921723137122174,0.02124888374935724,0.012658020503219278,5.9939172749391725,3.0035229297399533,0.7195863746958637,9.01056878921986,1.5061290792363797,2.147776052433415,2.210422820528311,"[""TestDateTime_Constructors"", ""ISOChronology"", ""DateTime""]","[0.041970802919708027, 0.015206812652068127, 0.015032211882605583]","[5.9939172749391725, 0.7195863746958637, 2.2970651395848245]"
org.joda.time.TestDateTime_Constructors.testConstructor_ObjectString1,0.041970802919708027,0.02406994248479391,0.015032211882605583,0.07220982745438173,0.01921723137122174,0.02124888374935724,0.012658020503219278,5.9939172749391725,3.0035229297399533,0.7195863746958637,9.01056878921986,1.5061290792363797,2.147776052433415,2.210422820528311,"[""TestDateTime_Constructors"", ""ISOChronology"", ""DateTime""]","[0.041970802919708027, 0.015206812652068127, 0.015032211882605583]","[5.9939172749391725, 0.7195863746958637, 2.2970651395848245]"
org.joda.time.TestDateTime_Constructors.testConstructor_int_int_int_int_int_int_int_nullChronology,0.041970802919708027,0.02406994248479391,0.015032211882605583,0.07220982745438173,0.01921723137122174,0.02124888374935724,0.012658020503219278,5.9939172749391725,3.0035229297399533,0.7195863746958637,9.01056878921986,1.5061290792363797,2.147776052433415,2.210422820528311,"[""TestDateTime_Constructors"", ""ISOChronology"", ""DateTime""]","[0.041970802919708027, 0.015206812652068127, 0.015032211882605583]","[5.9939172749391725, 0.7195863746958637, 2.2970651395848245]"
org.joda.time.TestDateTime_Constructors.testConstructor_int_int_int_int_int_int,0.041970802919708027,0.02406994248479391,0.015032211882605583,0.07220982745438173,0.01921723137122174,0.02124888374935724,0.012658020503219278,5.9939172749391725,3.0035229297399533,0.7195863746958637,9.01056878921986,1.5061290792363797,2.147776052433415,2.210422820528311,"[""TestDateTime_Constructors"", ""ISOChronology"", ""DateTime""]","[0.041970802919708027, 0.015206812652068127, 0.015032211882605583]","[5.9939172749391725, 0.7195863746958637, 2.2970651395848245]"
org.joda.time.TestAbstractPartial.testGetValue,0.020596590909090908,0.018048403103748504,0.015100671140939598,0.07219361241499402,0.017739852569528976,0.017894370191344093,0.0023410532102322366,2.3728710462287106,1.6532026617906521,0.9404362416107382,6.6128106471626085,1.4150381806316576,1.5304667758799864,0.6229156095526845,"[""TestAbstractPartial$MockPartial"", ""TestAbstractPartial"", ""IndexOutOfBoundsException"", ""AbstractPartial"", ""BuddhistChronology"", ""Chronology""]","[0.020596590909090908, 0.020072992700729927, 0.016423357664233577, 0.015100671140939598]","[2.1626420454545454, 2.3728710462287106, 1.1368613138686132, 0.9404362416107382]"
org.joda.time.TestAbstractPartial.testGetField,0.020596590909090908,0.018048403103748504,0.015100671140939598,0.07219361241499402,0.017739852569528976,0.017894370191344093,0.0023410532102322366,2.3728710462287106,1.6532026617906521,0.9404362416107382,6.6128106471626085,1.4150381806316576,1.5304667758799864,0.6229156095526845,"[""IndexOutOfBoundsException"", ""BuddhistChronology"", ""TestAbstractPartial$MockPartial"", ""TestAbstractPartial"", ""AbstractPartial"", ""Chronology""]","[0.020596590909090908, 0.020072992700729927, 0.016423357664233577, 0.015100671140939598]","[2.1626420454545454, 2.3728710462287106, 1.1368613138686132, 0.9404362416107382]"
org.joda.time.TestAbstractPartial.testGetValues,0.020596590909090908,0.018048403103748504,0.015100671140939598,0.07219361241499402,0.017739852569528976,0.017894370191344093,0.0023410532102322366,2.3728710462287106,1.6532026617906521,0.9404362416107382,6.6128106471626085,1.4150381806316576,1.5304667758799864,0.6229156095526845,"[""TestAbstractPartial$MockPartial"", ""TestAbstractPartial"", ""IndexOutOfBoundsException"", ""AbstractPartial"", ""BuddhistChronology"", ""Chronology""]","[0.020596590909090908, 0.020072992700729927, 0.016423357664233577, 0.015100671140939598]","[2.1626420454545454, 2.3728710462287106, 1.1368613138686132, 0.9404362416107382]"
org.joda.time.chrono.TestISOChronology.testPartialDayOfYearAdd,0.024943310657596373,0.01802219273218617,0.013479359730412805,0.07208877092874467,0.017137797677077245,0.017557165399875563,0.004267368765669745,3.6621315192743764,2.195349705332481,1.2468407750631845,8.781398821329924,1.8750804815339364,2.0218328532065946,0.9170637765571081,"[""TestISOChronology"", ""DateTimeFieldType"", ""Partial"", ""DurationFieldType""]","[0.024943310657596373, 0.017691659646166806, 0.01597444089456869, 0.013479359730412805]","[3.6621315192743764, 2.2350463352990735, 1.6373801916932906, 1.2468407750631845]"
org.joda.time.TestHours.testToStandardWeeks,0.025225225225225224,0.024024024024024024,0.023423423423423424,0.07207207207207207,0.02399472643375082,0.024009250175774745,0.0008493775149387954,3.046846846846847,2.82042042042042,2.67027027027027,8.46126126126126,2.811319864055605,2.815815887981948,0.16292336081414618,"[""TestHours"", ""Hours"", ""Weeks""]","[0.025225225225225224, 0.023423423423423424, 0.023423423423423424]","[3.046846846846847, 2.67027027027027, 2.744144144144144]"
org.joda.time.TestSeconds.testToStandardDays,0.025225225225225224,0.024024024024024024,0.023423423423423424,0.07207207207207207,0.02399472643375082,0.024009250175774745,0.0008493775149387954,2.8666666666666667,2.75015015015015,2.637837837837838,8.250450450450451,2.7469790598312627,2.748563392969314,0.09346626744637637,"[""Days"", ""Seconds"", ""TestSeconds""]","[0.025225225225225224, 0.023423423423423424, 0.023423423423423424]","[2.8666666666666667, 2.745945945945946, 2.637837837837838]"
org.joda.time.TestSeconds.testToStandardHours,0.025225225225225224,0.024024024024024024,0.023423423423423424,0.07207207207207207,0.02399472643375082,0.024009250175774745,0.0008493775149387954,2.8666666666666667,2.7495495495495494,2.637837837837838,8.248648648648649,2.746377744221596,2.7479620883356057,0.09349713732334604,"[""Seconds"", ""Hours"", ""TestSeconds""]","[0.025225225225225224, 0.023423423423423424, 0.023423423423423424]","[2.8666666666666667, 2.744144144144144, 2.637837837837838]"
org.joda.time.TestMinutes.testToStandardDays,0.025225225225225224,0.024024024024024024,0.023423423423423424,0.07207207207207207,0.02399472643375082,0.024009250175774745,0.0008493775149387954,2.924324324324324,2.7693693693693695,2.637837837837838,8.308108108108108,2.764388606009472,2.7668686210050146,0.11812456506727027,"[""Days"", ""TestMinutes"", ""Minutes""]","[0.025225225225225224, 0.023423423423423424, 0.023423423423423424]","[2.924324324324324, 2.637837837837838, 2.745945945945946]"
org.joda.time.TestHours.testToStandardMinutes,0.025225225225225224,0.024024024024024024,0.023423423423423424,0.07207207207207207,0.02399472643375082,0.024009250175774745,0.0008493775149387954,3.046846846846847,2.8096096096096095,2.637837837837838,8.428828828828829,2.799241570146467,2.8043693555759566,0.17327509484264303,"[""TestHours"", ""Hours"", ""Minutes""]","[0.025225225225225224, 0.023423423423423424, 0.023423423423423424]","[3.046846846846847, 2.744144144144144, 2.637837837837838]"
org.joda.time.TestWeeks.testToStandardSeconds,0.025225225225225224,0.024024024024024024,0.023423423423423424,0.07207207207207207,0.02399472643375082,0.024009250175774745,0.0008493775149387954,3.0684684684684687,2.7921921921921924,2.637837837837838,8.376576576576577,2.779095876322832,2.7855331182732934,0.19580500724476743,"[""TestWeeks"", ""Seconds"", ""Weeks""]","[0.025225225225225224, 0.023423423423423424, 0.023423423423423424]","[3.0684684684684687, 2.67027027027027, 2.637837837837838]"
org.joda.time.TestSeconds.testToStandardMinutes,0.025225225225225224,0.024024024024024024,0.023423423423423424,0.07207207207207207,0.02399472643375082,0.024009250175774745,0.0008493775149387954,2.8666666666666667,2.714114114114114,2.637837837837838,8.142342342342342,2.7099440378820487,2.712009009194485,0.107870944397227,"[""Seconds"", ""Minutes"", ""TestSeconds""]","[0.025225225225225224, 0.023423423423423424, 0.023423423423423424]","[2.8666666666666667, 2.637837837837838, 2.637837837837838]"
org.joda.time.TestMinutes.testToStandardSeconds,0.025225225225225224,0.024024024024024024,0.023423423423423424,0.07207207207207207,0.02399472643375082,0.024009250175774745,0.0008493775149387954,2.924324324324324,2.733333333333333,2.637837837837838,8.2,2.726885866758478,2.730070787749481,0.1350510248752684,"[""Seconds"", ""TestMinutes"", ""Minutes""]","[0.025225225225225224, 0.023423423423423424, 0.023423423423423424]","[2.924324324324324, 2.637837837837838, 2.637837837837838]"
org.joda.time.TestMinutes.testToStandardWeeks,0.025225225225225224,0.024024024024024024,0.023423423423423424,0.07207207207207207,0.02399472643375082,0.024009250175774745,0.0008493775149387954,2.924324324324324,2.744144144144144,2.637837837837838,8.232432432432432,2.738346545070579,2.7412140573335995,0.1280927754030718,"[""Weeks"", ""TestMinutes"", ""Minutes""]","[0.025225225225225224, 0.023423423423423424, 0.023423423423423424]","[2.924324324324324, 2.67027027027027, 2.637837837837838]"
org.joda.time.TestSeconds.testToStandardWeeks,0.025225225225225224,0.024024024024024024,0.023423423423423424,0.07207207207207207,0.02399472643375082,0.024009250175774745,0.0008493775149387954,2.8666666666666667,2.724924924924925,2.637837837837838,8.174774774774775,2.7212624552738958,2.7230785564163447,0.10109733488857174,"[""Seconds"", ""Weeks"", ""TestSeconds""]","[0.025225225225225224, 0.023423423423423424, 0.023423423423423424]","[2.8666666666666667, 2.67027027027027, 2.637837837837838]"
org.joda.time.TestHours.testToStandardDays,0.025225225225225224,0.024024024024024024,0.023423423423423424,0.07207207207207207,0.02399472643375082,0.024009250175774745,0.0008493775149387954,3.046846846846847,2.845645645645646,2.744144144144144,8.536936936936938,2.838775349999003,2.8421686377031725,0.1422726353309915,"[""TestHours"", ""Hours"", ""Days""]","[0.025225225225225224, 0.023423423423423424, 0.023423423423423424]","[3.046846846846847, 2.744144144144144, 2.745945945945946]"
org.joda.time.TestWeeks.testToStandardDays,0.025225225225225224,0.024024024024024024,0.023423423423423424,0.07207207207207207,0.02399472643375082,0.024009250175774745,0.0008493775149387954,3.0684684684684687,2.8282282282282285,2.67027027027027,8.484684684684686,2.8180587069990475,2.8230785122147024,0.17266196598220243,"[""TestWeeks"", ""Days"", ""Weeks""]","[0.025225225225225224, 0.023423423423423424, 0.023423423423423424]","[3.0684684684684687, 2.67027027027027, 2.745945945945946]"
org.joda.time.TestHours.testToStandardSeconds,0.025225225225225224,0.024024024024024024,0.023423423423423424,0.07207207207207207,0.02399472643375082,0.024009250175774745,0.0008493775149387954,3.046846846846847,2.8096096096096095,2.637837837837838,8.428828828828829,2.799241570146467,2.8043693555759566,0.17327509484264303,"[""TestHours"", ""Seconds"", ""Hours""]","[0.025225225225225224, 0.023423423423423424, 0.023423423423423424]","[3.046846846846847, 2.744144144144144, 2.637837837837838]"
org.joda.time.TestMinutes.testToStandardHours,0.025225225225225224,0.024024024024024024,0.023423423423423424,0.07207207207207207,0.02399472643375082,0.024009250175774745,0.0008493775149387954,2.924324324324324,2.7687687687687688,2.637837837837838,8.306306306306306,2.763779645168562,2.766263311727111,0.1182466513642019,"[""Hours"", ""TestMinutes"", ""Minutes""]","[0.025225225225225224, 0.023423423423423424, 0.023423423423423424]","[2.924324324324324, 2.744144144144144, 2.637837837837838]"
org.joda.time.TestWeeks.testToStandardMinutes,0.025225225225225224,0.024024024024024024,0.023423423423423424,0.07207207207207207,0.02399472643375082,0.024009250175774745,0.0008493775149387954,3.0684684684684687,2.7921921921921924,2.637837837837838,8.376576576576577,2.779095876322832,2.7855331182732934,0.19580500724476743,"[""TestWeeks"", ""Weeks"", ""Minutes""]","[0.025225225225225224, 0.023423423423423424, 0.023423423423423424]","[3.0684684684684687, 2.67027027027027, 2.637837837837838]"
org.joda.time.TestWeeks.testToStandardHours,0.025225225225225224,0.024024024024024024,0.023423423423423424,0.07207207207207207,0.02399472643375082,0.024009250175774745,0.0008493775149387954,3.0684684684684687,2.8276276276276278,2.67027027027027,8.482882882882883,2.817425873598431,2.8224609058698547,0.17295003184537772,"[""TestWeeks"", ""Hours"", ""Weeks""]","[0.025225225225225224, 0.023423423423423424, 0.023423423423423424]","[3.0684684684684687, 2.67027027027027, 2.744144144144144]"
org.joda.time.TestDateTime_Basics.testWithMillis_long,0.041970802919708027,0.03601761334245959,0.030064423765211165,0.07203522668491918,0.03503363736921319,0.03552221846597232,0.005953189577248431,5.9939172749391725,5.324446110626351,4.654974946313529,10.648892221252702,5.240269910786169,5.2821903359418725,0.6694711643128217,"[""TestDateTime_Basics"", ""DateTime""]","[0.041970802919708027, 0.030064423765211165]","[5.9939172749391725, 4.654974946313529]"
org.joda.time.TestDateTime_Basics.testWithFieldAdded3,0.041970802919708027,0.03601761334245959,0.030064423765211165,0.07203522668491918,0.03503363736921319,0.03552221846597232,0.005953189577248431,5.9939172749391725,5.324446110626351,4.654974946313529,10.648892221252702,5.240269910786169,5.2821903359418725,0.6694711643128217,"[""TestDateTime_Basics"", ""DateTime""]","[0.041970802919708027, 0.030064423765211165]","[5.9939172749391725, 4.654974946313529]"
org.joda.time.TestDateTime_Basics.testIsAfter_long,0.041970802919708027,0.03601761334245959,0.030064423765211165,0.07203522668491918,0.03503363736921319,0.03552221846597232,0.005953189577248431,5.9939172749391725,5.324446110626351,4.654974946313529,10.648892221252702,5.240269910786169,5.2821903359418725,0.6694711643128217,"[""TestDateTime_Basics"", ""DateTime""]","[0.041970802919708027, 0.030064423765211165]","[5.9939172749391725, 4.654974946313529]"
org.joda.time.TestDateTime_Basics.testGetters,0.041970802919708027,0.03601761334245959,0.030064423765211165,0.07203522668491918,0.03503363736921319,0.03552221846597232,0.005953189577248431,5.9939172749391725,5.324446110626351,4.654974946313529,10.648892221252702,5.240269910786169,5.2821903359418725,0.6694711643128217,"[""TestDateTime_Basics"", ""DateTime""]","[0.041970802919708027, 0.030064423765211165]","[5.9939172749391725, 4.654974946313529]"
org.joda.time.TestDateTime_Basics.testMinusYears_int,0.041970802919708027,0.03601761334245959,0.030064423765211165,0.07203522668491918,0.03503363736921319,0.03552221846597232,0.005953189577248431,5.9939172749391725,5.324446110626351,4.654974946313529,10.648892221252702,5.240269910786169,5.2821903359418725,0.6694711643128217,"[""TestDateTime_Basics"", ""DateTime""]","[0.041970802919708027, 0.030064423765211165]","[5.9939172749391725, 4.654974946313529]"
org.joda.time.TestDateTime_Basics.testWithDate_int_int_int,0.041970802919708027,0.03601761334245959,0.030064423765211165,0.07203522668491918,0.03503363736921319,0.03552221846597232,0.005953189577248431,5.9939172749391725,5.324446110626351,4.654974946313529,10.648892221252702,5.240269910786169,5.2821903359418725,0.6694711643128217,"[""TestDateTime_Basics"", ""DateTime""]","[0.041970802919708027, 0.030064423765211165]","[5.9939172749391725, 4.654974946313529]"
org.joda.time.TestDateTime_Basics.testMinusHours_int,0.041970802919708027,0.03601761334245959,0.030064423765211165,0.07203522668491918,0.03503363736921319,0.03552221846597232,0.005953189577248431,5.9939172749391725,5.324446110626351,4.654974946313529,10.648892221252702,5.240269910786169,5.2821903359418725,0.6694711643128217,"[""TestDateTime_Basics"", ""DateTime""]","[0.041970802919708027, 0.030064423765211165]","[5.9939172749391725, 4.654974946313529]"
org.joda.time.TestDateTime_Basics.testToString_String_Locale,0.041970802919708027,0.03601761334245959,0.030064423765211165,0.07203522668491918,0.03503363736921319,0.03552221846597232,0.005953189577248431,5.9939172749391725,5.324446110626351,4.654974946313529,10.648892221252702,5.240269910786169,5.2821903359418725,0.6694711643128217,"[""TestDateTime_Basics"", ""DateTime""]","[0.041970802919708027, 0.030064423765211165]","[5.9939172749391725, 4.654974946313529]"
org.joda.time.TestDateTime_Basics.testWithFieldAdded2,0.041970802919708027,0.03601761334245959,0.030064423765211165,0.07203522668491918,0.03503363736921319,0.03552221846597232,0.005953189577248431,5.9939172749391725,5.324446110626351,4.654974946313529,10.648892221252702,5.240269910786169,5.2821903359418725,0.6694711643128217,"[""TestDateTime_Basics"", ""DateTime""]","[0.041970802919708027, 0.030064423765211165]","[5.9939172749391725, 4.654974946313529]"
org.joda.time.TestDateTime_Basics.testPlusMillis_int,0.041970802919708027,0.03601761334245959,0.030064423765211165,0.07203522668491918,0.03503363736921319,0.03552221846597232,0.005953189577248431,5.9939172749391725,5.324446110626351,4.654974946313529,10.648892221252702,5.240269910786169,5.2821903359418725,0.6694711643128217,"[""TestDateTime_Basics"", ""DateTime""]","[0.041970802919708027, 0.030064423765211165]","[5.9939172749391725, 4.654974946313529]"
org.joda.time.TestDateTime_Basics.testWithField2,0.041970802919708027,0.03601761334245959,0.030064423765211165,0.07203522668491918,0.03503363736921319,0.03552221846597232,0.005953189577248431,5.9939172749391725,5.324446110626351,4.654974946313529,10.648892221252702,5.240269910786169,5.2821903359418725,0.6694711643128217,"[""TestDateTime_Basics"", ""DateTime""]","[0.041970802919708027, 0.030064423765211165]","[5.9939172749391725, 4.654974946313529]"
org.joda.time.TestDateTime_Basics.testPlusDays_int,0.041970802919708027,0.03601761334245959,0.030064423765211165,0.07203522668491918,0.03503363736921319,0.03552221846597232,0.005953189577248431,5.9939172749391725,5.324446110626351,4.654974946313529,10.648892221252702,5.240269910786169,5.2821903359418725,0.6694711643128217,"[""TestDateTime_Basics"", ""DateTime""]","[0.041970802919708027, 0.030064423765211165]","[5.9939172749391725, 4.654974946313529]"
org.joda.time.TestDateTime_Basics.testPlusMinutes_int,0.041970802919708027,0.03601761334245959,0.030064423765211165,0.07203522668491918,0.03503363736921319,0.03552221846597232,0.005953189577248431,5.9939172749391725,5.324446110626351,4.654974946313529,10.648892221252702,5.240269910786169,5.2821903359418725,0.6694711643128217,"[""TestDateTime_Basics"", ""DateTime""]","[0.041970802919708027, 0.030064423765211165]","[5.9939172749391725, 4.654974946313529]"
org.joda.time.TestDateTime_Basics.testMinusMonths_int,0.041970802919708027,0.03601761334245959,0.030064423765211165,0.07203522668491918,0.03503363736921319,0.03552221846597232,0.005953189577248431,5.9939172749391725,5.324446110626351,4.654974946313529,10.648892221252702,5.240269910786169,5.2821903359418725,0.6694711643128217,"[""TestDateTime_Basics"", ""DateTime""]","[0.041970802919708027, 0.030064423765211165]","[5.9939172749391725, 4.654974946313529]"
org.joda.time.TestDateTime_Basics.testIsAfterNow,0.041970802919708027,0.03601761334245959,0.030064423765211165,0.07203522668491918,0.03503363736921319,0.03552221846597232,0.005953189577248431,5.9939172749391725,5.324446110626351,4.654974946313529,10.648892221252702,5.240269910786169,5.2821903359418725,0.6694711643128217,"[""TestDateTime_Basics"", ""DateTime""]","[0.041970802919708027, 0.030064423765211165]","[5.9939172749391725, 4.654974946313529]"
org.joda.time.TestDateTime_Basics.testMinusDays_int,0.041970802919708027,0.03601761334245959,0.030064423765211165,0.07203522668491918,0.03503363736921319,0.03552221846597232,0.005953189577248431,5.9939172749391725,5.324446110626351,4.654974946313529,10.648892221252702,5.240269910786169,5.2821903359418725,0.6694711643128217,"[""TestDateTime_Basics"", ""DateTime""]","[0.041970802919708027, 0.030064423765211165]","[5.9939172749391725, 4.654974946313529]"
org.joda.time.TestDateTime_Basics.testPlus_long,0.041970802919708027,0.03601761334245959,0.030064423765211165,0.07203522668491918,0.03503363736921319,0.03552221846597232,0.005953189577248431,5.9939172749391725,5.324446110626351,4.654974946313529,10.648892221252702,5.240269910786169,5.2821903359418725,0.6694711643128217,"[""TestDateTime_Basics"", ""DateTime""]","[0.041970802919708027, 0.030064423765211165]","[5.9939172749391725, 4.654974946313529]"
org.joda.time.TestDateTime_Basics.testToDateTime,0.041970802919708027,0.03601761334245959,0.030064423765211165,0.07203522668491918,0.03503363736921319,0.03552221846597232,0.005953189577248431,5.9939172749391725,5.324446110626351,4.654974946313529,10.648892221252702,5.240269910786169,5.2821903359418725,0.6694711643128217,"[""TestDateTime_Basics"", ""DateTime""]","[0.041970802919708027, 0.030064423765211165]","[5.9939172749391725, 4.654974946313529]"
org.joda.time.TestDateTime_Basics.testPlusHours_int,0.041970802919708027,0.03601761334245959,0.030064423765211165,0.07203522668491918,0.03503363736921319,0.03552221846597232,0.005953189577248431,5.9939172749391725,5.324446110626351,4.654974946313529,10.648892221252702,5.240269910786169,5.2821903359418725,0.6694711643128217,"[""TestDateTime_Basics"", ""DateTime""]","[0.041970802919708027, 0.030064423765211165]","[5.9939172749391725, 4.654974946313529]"
org.joda.time.TestDateTime_Basics.testToString,0.041970802919708027,0.03601761334245959,0.030064423765211165,0.07203522668491918,0.03503363736921319,0.03552221846597232,0.005953189577248431,5.9939172749391725,5.324446110626351,4.654974946313529,10.648892221252702,5.240269910786169,5.2821903359418725,0.6694711643128217,"[""TestDateTime_Basics"", ""DateTime""]","[0.041970802919708027, 0.030064423765211165]","[5.9939172749391725, 4.654974946313529]"
org.joda.time.TestDateTime_Basics.testToDateTime_DateTimeZone,0.041970802919708027,0.03601761334245959,0.030064423765211165,0.07203522668491918,0.03503363736921319,0.03552221846597232,0.005953189577248431,5.9939172749391725,5.324446110626351,4.654974946313529,10.648892221252702,5.240269910786169,5.2821903359418725,0.6694711643128217,"[""TestDateTime_Basics"", ""DateTime""]","[0.041970802919708027, 0.030064423765211165]","[5.9939172749391725, 4.654974946313529]"
org.joda.time.TestDateTime_Basics.testWithTime_int_int_int,0.041970802919708027,0.03601761334245959,0.030064423765211165,0.07203522668491918,0.03503363736921319,0.03552221846597232,0.005953189577248431,5.9939172749391725,5.324446110626351,4.654974946313529,10.648892221252702,5.240269910786169,5.2821903359418725,0.6694711643128217,"[""TestDateTime_Basics"", ""DateTime""]","[0.041970802919708027, 0.030064423765211165]","[5.9939172749391725, 4.654974946313529]"
org.joda.time.TestDateTime_Basics.testWithZone_DateTimeZone,0.041970802919708027,0.03601761334245959,0.030064423765211165,0.07203522668491918,0.03503363736921319,0.03552221846597232,0.005953189577248431,5.9939172749391725,5.324446110626351,4.654974946313529,10.648892221252702,5.240269910786169,5.2821903359418725,0.6694711643128217,"[""TestDateTime_Basics"", ""DateTime""]","[0.041970802919708027, 0.030064423765211165]","[5.9939172749391725, 4.654974946313529]"
org.joda.time.TestDateTime_Basics.testMinusMillis_int,0.041970802919708027,0.03601761334245959,0.030064423765211165,0.07203522668491918,0.03503363736921319,0.03552221846597232,0.005953189577248431,5.9939172749391725,5.324446110626351,4.654974946313529,10.648892221252702,5.240269910786169,5.2821903359418725,0.6694711643128217,"[""TestDateTime_Basics"", ""DateTime""]","[0.041970802919708027, 0.030064423765211165]","[5.9939172749391725, 4.654974946313529]"
org.joda.time.TestDateTime_Basics.testMinusWeeks_int,0.041970802919708027,0.03601761334245959,0.030064423765211165,0.07203522668491918,0.03503363736921319,0.03552221846597232,0.005953189577248431,5.9939172749391725,5.324446110626351,4.654974946313529,10.648892221252702,5.240269910786169,5.2821903359418725,0.6694711643128217,"[""TestDateTime_Basics"", ""DateTime""]","[0.041970802919708027, 0.030064423765211165]","[5.9939172749391725, 4.654974946313529]"
org.joda.time.TestDateTime_Basics.testMinus_long,0.041970802919708027,0.03601761334245959,0.030064423765211165,0.07203522668491918,0.03503363736921319,0.03552221846597232,0.005953189577248431,5.9939172749391725,5.324446110626351,4.654974946313529,10.648892221252702,5.240269910786169,5.2821903359418725,0.6694711643128217,"[""TestDateTime_Basics"", ""DateTime""]","[0.041970802919708027, 0.030064423765211165]","[5.9939172749391725, 4.654974946313529]"
org.joda.time.TestDateTime_Basics.testIsEqualNow,0.041970802919708027,0.03601761334245959,0.030064423765211165,0.07203522668491918,0.03503363736921319,0.03552221846597232,0.005953189577248431,5.9939172749391725,5.324446110626351,4.654974946313529,10.648892221252702,5.240269910786169,5.2821903359418725,0.6694711643128217,"[""TestDateTime_Basics"", ""DateTime""]","[0.041970802919708027, 0.030064423765211165]","[5.9939172749391725, 4.654974946313529]"
org.joda.time.TestDateTime_Basics.testIsBefore_long,0.041970802919708027,0.03601761334245959,0.030064423765211165,0.07203522668491918,0.03503363736921319,0.03552221846597232,0.005953189577248431,5.9939172749391725,5.324446110626351,4.654974946313529,10.648892221252702,5.240269910786169,5.2821903359418725,0.6694711643128217,"[""TestDateTime_Basics"", ""DateTime""]","[0.041970802919708027, 0.030064423765211165]","[5.9939172749391725, 4.654974946313529]"
org.joda.time.TestDateTime_Basics.testIsEqual_long,0.041970802919708027,0.03601761334245959,0.030064423765211165,0.07203522668491918,0.03503363736921319,0.03552221846597232,0.005953189577248431,5.9939172749391725,5.324446110626351,4.654974946313529,10.648892221252702,5.240269910786169,5.2821903359418725,0.6694711643128217,"[""TestDateTime_Basics"", ""DateTime""]","[0.041970802919708027, 0.030064423765211165]","[5.9939172749391725, 4.654974946313529]"
org.joda.time.TestDateTime_Basics.testPlusWeeks_int,0.041970802919708027,0.03601761334245959,0.030064423765211165,0.07203522668491918,0.03503363736921319,0.03552221846597232,0.005953189577248431,5.9939172749391725,5.324446110626351,4.654974946313529,10.648892221252702,5.240269910786169,5.2821903359418725,0.6694711643128217,"[""TestDateTime_Basics"", ""DateTime""]","[0.041970802919708027, 0.030064423765211165]","[5.9939172749391725, 4.654974946313529]"
org.joda.time.TestDateTime_Basics.testToDateTime_Chronology,0.041970802919708027,0.03601761334245959,0.030064423765211165,0.07203522668491918,0.03503363736921319,0.03552221846597232,0.005953189577248431,5.9939172749391725,5.324446110626351,4.654974946313529,10.648892221252702,5.240269910786169,5.2821903359418725,0.6694711643128217,"[""TestDateTime_Basics"", ""DateTime""]","[0.041970802919708027, 0.030064423765211165]","[5.9939172749391725, 4.654974946313529]"
org.joda.time.TestDateTime_Basics.testIsBeforeNow,0.041970802919708027,0.03601761334245959,0.030064423765211165,0.07203522668491918,0.03503363736921319,0.03552221846597232,0.005953189577248431,5.9939172749391725,5.324446110626351,4.654974946313529,10.648892221252702,5.240269910786169,5.2821903359418725,0.6694711643128217,"[""TestDateTime_Basics"", ""DateTime""]","[0.041970802919708027, 0.030064423765211165]","[5.9939172749391725, 4.654974946313529]"
org.joda.time.TestDateTime_Basics.testPlusYears_int,0.041970802919708027,0.03601761334245959,0.030064423765211165,0.07203522668491918,0.03503363736921319,0.03552221846597232,0.005953189577248431,5.9939172749391725,5.324446110626351,4.654974946313529,10.648892221252702,5.240269910786169,5.2821903359418725,0.6694711643128217,"[""TestDateTime_Basics"", ""DateTime""]","[0.041970802919708027, 0.030064423765211165]","[5.9939172749391725, 4.654974946313529]"
org.joda.time.TestDateTime_Basics.testToString_String,0.041970802919708027,0.03601761334245959,0.030064423765211165,0.07203522668491918,0.03503363736921319,0.03552221846597232,0.005953189577248431,5.9939172749391725,5.324446110626351,4.654974946313529,10.648892221252702,5.240269910786169,5.2821903359418725,0.6694711643128217,"[""TestDateTime_Basics"", ""DateTime""]","[0.041970802919708027, 0.030064423765211165]","[5.9939172749391725, 4.654974946313529]"
org.joda.time.TestDateTime_Basics.testPlusMonths_int,0.041970802919708027,0.03601761334245959,0.030064423765211165,0.07203522668491918,0.03503363736921319,0.03552221846597232,0.005953189577248431,5.9939172749391725,5.324446110626351,4.654974946313529,10.648892221252702,5.240269910786169,5.2821903359418725,0.6694711643128217,"[""TestDateTime_Basics"", ""DateTime""]","[0.041970802919708027, 0.030064423765211165]","[5.9939172749391725, 4.654974946313529]"
org.joda.time.TestDateTime_Basics.testMinusSeconds_int,0.041970802919708027,0.03601761334245959,0.030064423765211165,0.07203522668491918,0.03503363736921319,0.03552221846597232,0.005953189577248431,5.9939172749391725,5.324446110626351,4.654974946313529,10.648892221252702,5.240269910786169,5.2821903359418725,0.6694711643128217,"[""TestDateTime_Basics"", ""DateTime""]","[0.041970802919708027, 0.030064423765211165]","[5.9939172749391725, 4.654974946313529]"
org.joda.time.TestDateTime_Basics.testWithChronology_Chronology,0.041970802919708027,0.03601761334245959,0.030064423765211165,0.07203522668491918,0.03503363736921319,0.03552221846597232,0.005953189577248431,5.9939172749391725,5.324446110626351,4.654974946313529,10.648892221252702,5.240269910786169,5.2821903359418725,0.6694711643128217,"[""TestDateTime_Basics"", ""DateTime""]","[0.041970802919708027, 0.030064423765211165]","[5.9939172749391725, 4.654974946313529]"
org.joda.time.TestDateTime_Basics.testPlusSeconds_int,0.041970802919708027,0.03601761334245959,0.030064423765211165,0.07203522668491918,0.03503363736921319,0.03552221846597232,0.005953189577248431,5.9939172749391725,5.324446110626351,4.654974946313529,10.648892221252702,5.240269910786169,5.2821903359418725,0.6694711643128217,"[""TestDateTime_Basics"", ""DateTime""]","[0.041970802919708027, 0.030064423765211165]","[5.9939172749391725, 4.654974946313529]"
org.joda.time.TestDateTime_Basics.testWithDurationAdded_long_int,0.041970802919708027,0.03601761334245959,0.030064423765211165,0.07203522668491918,0.03503363736921319,0.03552221846597232,0.005953189577248431,5.9939172749391725,5.324446110626351,4.654974946313529,10.648892221252702,5.240269910786169,5.2821903359418725,0.6694711643128217,"[""TestDateTime_Basics"", ""DateTime""]","[0.041970802919708027, 0.030064423765211165]","[5.9939172749391725, 4.654974946313529]"
org.joda.time.TestDateTime_Basics.testWithers,0.041970802919708027,0.03601761334245959,0.030064423765211165,0.07203522668491918,0.03503363736921319,0.03552221846597232,0.005953189577248431,5.9939172749391725,5.324446110626351,4.654974946313529,10.648892221252702,5.240269910786169,5.2821903359418725,0.6694711643128217,"[""TestDateTime_Basics"", ""DateTime""]","[0.041970802919708027, 0.030064423765211165]","[5.9939172749391725, 4.654974946313529]"
org.joda.time.TestDateTime_Basics.testMinusMinutes_int,0.041970802919708027,0.03601761334245959,0.030064423765211165,0.07203522668491918,0.03503363736921319,0.03552221846597232,0.005953189577248431,5.9939172749391725,5.324446110626351,4.654974946313529,10.648892221252702,5.240269910786169,5.2821903359418725,0.6694711643128217,"[""TestDateTime_Basics"", ""DateTime""]","[0.041970802919708027, 0.030064423765211165]","[5.9939172749391725, 4.654974946313529]"
org.joda.time.TestPartial_Basics.testWithFieldAddWrapped7,0.024943310657596373,0.017996836476797964,0.013479359730412805,0.07198734590719186,0.017108477514456686,0.017529230282925107,0.004279744342645744,4.26530612244898,2.8523311880214033,1.2468407750631845,11.409324752085613,2.276659917361254,2.5685937275849553,1.1843684812294715,"[""Partial"", ""DateTimeFieldType"", ""TestPartial_Basics"", ""DurationFieldType""]","[0.024943310657596373, 0.017691659646166806, 0.015873015873015872, 0.013479359730412805]","[3.6621315192743764, 2.2350463352990735, 4.26530612244898, 1.2468407750631845]"
org.joda.time.TestPartial_Basics.testWithFieldAdded4,0.024943310657596373,0.017996836476797964,0.013479359730412805,0.07198734590719186,0.017108477514456686,0.017529230282925107,0.004279744342645744,4.26530612244898,2.8523311880214033,1.2468407750631845,11.409324752085613,2.276659917361254,2.5685937275849553,1.1843684812294715,"[""Partial"", ""DateTimeFieldType"", ""TestPartial_Basics"", ""DurationFieldType""]","[0.024943310657596373, 0.017691659646166806, 0.015873015873015872, 0.013479359730412805]","[3.6621315192743764, 2.2350463352990735, 4.26530612244898, 1.2468407750631845]"
org.joda.time.TestPartial_Basics.testWithFieldAddWrapped8,0.024943310657596373,0.017996836476797964,0.013479359730412805,0.07198734590719186,0.017108477514456686,0.017529230282925107,0.004279744342645744,4.26530612244898,2.8523311880214033,1.2468407750631845,11.409324752085613,2.276659917361254,2.5685937275849553,1.1843684812294715,"[""Partial"", ""DateTimeFieldType"", ""TestPartial_Basics"", ""DurationFieldType""]","[0.024943310657596373, 0.017691659646166806, 0.015873015873015872, 0.013479359730412805]","[3.6621315192743764, 2.2350463352990735, 4.26530612244898, 1.2468407750631845]"
org.joda.time.TestPartial_Basics.testWithFieldAddWrapped1,0.024943310657596373,0.017996836476797964,0.013479359730412805,0.07198734590719186,0.017108477514456686,0.017529230282925107,0.004279744342645744,4.26530612244898,2.8523311880214033,1.2468407750631845,11.409324752085613,2.276659917361254,2.5685937275849553,1.1843684812294715,"[""Partial"", ""DateTimeFieldType"", ""TestPartial_Basics"", ""DurationFieldType""]","[0.024943310657596373, 0.017691659646166806, 0.015873015873015872, 0.013479359730412805]","[3.6621315192743764, 2.2350463352990735, 4.26530612244898, 1.2468407750631845]"
org.joda.time.TestPartial_Basics.testWithFieldAdded6,0.024943310657596373,0.017996836476797964,0.013479359730412805,0.07198734590719186,0.017108477514456686,0.017529230282925107,0.004279744342645744,4.26530612244898,2.8523311880214033,1.2468407750631845,11.409324752085613,2.276659917361254,2.5685937275849553,1.1843684812294715,"[""Partial"", ""DateTimeFieldType"", ""TestPartial_Basics"", ""DurationFieldType""]","[0.024943310657596373, 0.017691659646166806, 0.015873015873015872, 0.013479359730412805]","[3.6621315192743764, 2.2350463352990735, 4.26530612244898, 1.2468407750631845]"
org.joda.time.TestPartial_Basics.testWithFieldAdded5,0.024943310657596373,0.017996836476797964,0.013479359730412805,0.07198734590719186,0.017108477514456686,0.017529230282925107,0.004279744342645744,4.26530612244898,2.8523311880214033,1.2468407750631845,11.409324752085613,2.276659917361254,2.5685937275849553,1.1843684812294715,"[""Partial"", ""DateTimeFieldType"", ""TestPartial_Basics"", ""DurationFieldType""]","[0.024943310657596373, 0.017691659646166806, 0.015873015873015872, 0.013479359730412805]","[3.6621315192743764, 2.2350463352990735, 4.26530612244898, 1.2468407750631845]"
org.joda.time.TestPartial_Basics.testWithFieldAdded7,0.024943310657596373,0.017996836476797964,0.013479359730412805,0.07198734590719186,0.017108477514456686,0.017529230282925107,0.004279744342645744,4.26530612244898,2.8523311880214033,1.2468407750631845,11.409324752085613,2.276659917361254,2.5685937275849553,1.1843684812294715,"[""Partial"", ""DateTimeFieldType"", ""TestPartial_Basics"", ""DurationFieldType""]","[0.024943310657596373, 0.017691659646166806, 0.015873015873015872, 0.013479359730412805]","[3.6621315192743764, 2.2350463352990735, 4.26530612244898, 1.2468407750631845]"
org.joda.time.TestPartial_Basics.testWithFieldAdded1,0.024943310657596373,0.017996836476797964,0.013479359730412805,0.07198734590719186,0.017108477514456686,0.017529230282925107,0.004279744342645744,4.26530612244898,2.8523311880214033,1.2468407750631845,11.409324752085613,2.276659917361254,2.5685937275849553,1.1843684812294715,"[""Partial"", ""DateTimeFieldType"", ""TestPartial_Basics"", ""DurationFieldType""]","[0.024943310657596373, 0.017691659646166806, 0.015873015873015872, 0.013479359730412805]","[3.6621315192743764, 2.2350463352990735, 4.26530612244898, 1.2468407750631845]"
org.joda.time.TestPartial_Basics.testWithFieldAdded8,0.024943310657596373,0.017996836476797964,0.013479359730412805,0.07198734590719186,0.017108477514456686,0.017529230282925107,0.004279744342645744,4.26530612244898,2.8523311880214033,1.2468407750631845,11.409324752085613,2.276659917361254,2.5685937275849553,1.1843684812294715,"[""Partial"", ""DateTimeFieldType"", ""TestPartial_Basics"", ""DurationFieldType""]","[0.024943310657596373, 0.017691659646166806, 0.015873015873015872, 0.013479359730412805]","[3.6621315192743764, 2.2350463352990735, 4.26530612244898, 1.2468407750631845]"
org.joda.time.TestPartial_Basics.testWithFieldAddWrapped4,0.024943310657596373,0.017996836476797964,0.013479359730412805,0.07198734590719186,0.017108477514456686,0.017529230282925107,0.004279744342645744,4.26530612244898,2.8523311880214033,1.2468407750631845,11.409324752085613,2.276659917361254,2.5685937275849553,1.1843684812294715,"[""Partial"", ""DateTimeFieldType"", ""TestPartial_Basics"", ""DurationFieldType""]","[0.024943310657596373, 0.017691659646166806, 0.015873015873015872, 0.013479359730412805]","[3.6621315192743764, 2.2350463352990735, 4.26530612244898, 1.2468407750631845]"
org.joda.time.TestPartial_Basics.testWithFieldAddWrapped5,0.024943310657596373,0.017996836476797964,0.013479359730412805,0.07198734590719186,0.017108477514456686,0.017529230282925107,0.004279744342645744,4.26530612244898,2.8523311880214033,1.2468407750631845,11.409324752085613,2.276659917361254,2.5685937275849553,1.1843684812294715,"[""Partial"", ""DateTimeFieldType"", ""TestPartial_Basics"", ""DurationFieldType""]","[0.024943310657596373, 0.017691659646166806, 0.015873015873015872, 0.013479359730412805]","[3.6621315192743764, 2.2350463352990735, 4.26530612244898, 1.2468407750631845]"
org.joda.time.TestPartial_Basics.testWithFieldAddWrapped6,0.024943310657596373,0.017996836476797964,0.013479359730412805,0.07198734590719186,0.017108477514456686,0.017529230282925107,0.004279744342645744,4.26530612244898,2.8523311880214033,1.2468407750631845,11.409324752085613,2.276659917361254,2.5685937275849553,1.1843684812294715,"[""Partial"", ""DateTimeFieldType"", ""TestPartial_Basics"", ""DurationFieldType""]","[0.024943310657596373, 0.017691659646166806, 0.015873015873015872, 0.013479359730412805]","[3.6621315192743764, 2.2350463352990735, 4.26530612244898, 1.2468407750631845]"
org.joda.time.TestChronology.testEqualsHashCode_ISO,0.041970802919708027,0.023977237977477295,0.014754098360655738,0.07193171393243189,0.01906409711699277,0.02111702411187014,0.012724714065028949,5.9939172749391725,2.6881077739220616,0.7195863746958637,8.064323321766185,1.3061569666690007,1.7994109167467067,2.3517222358247736,"[""DateTime"", ""Object"", ""TestChronology"", ""ISOChronology""]","[0.041970802919708027, 0.015206812652068127, 0.014754098360655738]","[5.9939172749391725, 0.7195863746958637, 1.3508196721311476]"
org.joda.time.TestTimeOfDay_Constructors.testConstructor_Object_nullChronology,0.04654346338124572,0.02392652483078561,0.0026666666666666666,0.07177957449235683,0.006805915911523093,0.014096655918987686,0.017938312311258416,4.317590691307323,2.4776320822876263,0.04933333333333333,7.432896246862879,0.14403658479374803,0.8675943499186816,1.7914823115078886,"[""TestTimeOfDay_Constructors"", ""Date"", ""TimeOfDay""]","[0.04654346338124572, 0.022569444444444444, 0.0026666666666666666]","[4.317590691307323, 3.0659722222222223, 0.04933333333333333]"
org.joda.time.TestTimeOfDay_Constructors.testConstructor_Object1,0.04654346338124572,0.02392652483078561,0.0026666666666666666,0.07177957449235683,0.006805915911523093,0.014096655918987686,0.017938312311258416,4.317590691307323,2.4776320822876263,0.04933333333333333,7.432896246862879,0.14403658479374803,0.8675943499186816,1.7914823115078886,"[""TestTimeOfDay_Constructors"", ""Date"", ""TimeOfDay""]","[0.04654346338124572, 0.022569444444444444, 0.0026666666666666666]","[4.317590691307323, 3.0659722222222223, 0.04933333333333333]"
org.joda.time.TestPeriod_Basics.testWithField1,0.031857031857031856,0.023890855032117495,0.013479359730412805,0.07167256509635249,0.020898884405856633,0.02244617869834547,0.007699324430886856,6.344694035631294,4.2409493140025365,1.2468407750631845,12.72284794200761,2.598480393129242,3.436766812797591,2.174333271289255,"[""TestPeriod_Basics"", ""Period"", ""DurationFieldType""]","[0.031857031857031856, 0.026336173508907823, 0.013479359730412805]","[5.1313131313131315, 6.344694035631294, 1.2468407750631845]"
org.joda.time.TestPeriod_Basics.testWithFieldAdded1,0.031857031857031856,0.023890855032117495,0.013479359730412805,0.07167256509635249,0.020898884405856633,0.02244617869834547,0.007699324430886856,6.344694035631294,4.2409493140025365,1.2468407750631845,12.72284794200761,2.598480393129242,3.436766812797591,2.174333271289255,"[""TestPeriod_Basics"", ""Period"", ""DurationFieldType""]","[0.031857031857031856, 0.026336173508907823, 0.013479359730412805]","[5.1313131313131315, 6.344694035631294, 1.2468407750631845]"
org.joda.time.convert.TestStringConverter.testGetPeriodType_Object,0.025602409638554216,0.023865222529444636,0.02096273291925466,0.07159566758833391,0.023675410735268344,0.02377202805608179,0.002065606844516601,3.9332298136645965,2.364197513097461,0.8882783882783882,7.092592539292382,1.6480478662831906,1.994545249795552,1.2448386356910661,"[""PeriodType"", ""StringConverter"", ""TestStringConverter""]","[0.025602409638554216, 0.025030525030525032, 0.02096273291925466]","[2.2710843373493974, 0.8882783882783882, 3.9332298136645965]"
org.joda.time.TestMonths.testGetPeriodType,0.02702702702702703,0.02380439445656837,0.02096273291925466,0.0714131833697051,0.02354861794435996,0.023675483054956505,0.0024903507052170134,3.9332298136645965,2.9338994273776886,2.2414414414414416,8.801698282133065,2.7750954558580694,2.8504521403202503,0.7239544077127603,"[""PeriodType"", ""Months"", ""TestMonths""]","[0.02702702702702703, 0.023423423423423424, 0.02096273291925466]","[2.627027027027027, 2.2414414414414416, 3.9332298136645965]"
org.joda.time.TestDays.testGetPeriodType,0.02702702702702703,0.02380439445656837,0.02096273291925466,0.0714131833697051,0.02354861794435996,0.023675483054956505,0.0024903507052170134,3.9332298136645965,3.2762417697200306,2.745945945945946,9.828725309160092,3.205392140948362,3.24013608226781,0.4929157701034622,"[""Days"", ""PeriodType"", ""TestDays""]","[0.02702702702702703, 0.023423423423423424, 0.02096273291925466]","[3.1495495495495494, 2.745945945945946, 3.9332298136645965]"
org.joda.time.TestPeriod_Basics.testToString_PeriodFormatter,0.031857031857031856,0.023800739524984297,0.01320901320901321,0.0714022185749529,0.020680140241218854,0.022295101457685155,0.00782127308432323,6.344694035631294,3.9804768774559633,0.4654234654234654,11.94143063236789,1.1994842835413777,2.4745476761581613,2.5343998200523363,"[""PeriodFormat"", ""TestPeriod_Basics"", ""Period""]","[0.031857031857031856, 0.026336173508907823, 0.01320901320901321]","[5.1313131313131315, 6.344694035631294, 0.4654234654234654]"
org.joda.time.TestStringConvert.testDateMidnight,0.03345454545454545,0.023753409387703584,0.015206812652068127,0.07126022816311076,0.021443688563055324,0.022569746680591432,0.007494204823645564,4.0378181818181815,1.9888147015122144,0.7195863746958637,5.966444104536643,1.2173108709983251,1.5201626782543727,1.4625782141933188,"[""StringConvert"", ""TestStringConvert"", ""DateMidnight"", ""ISOChronology""]","[0.03345454545454545, 0.022598870056497175, 0.015206812652068127]","[4.0378181818181815, 1.2090395480225988, 0.7195863746958637]"
org.joda.time.TestDays.testToStandardDuration,0.02702702702702703,0.023735823735823735,0.020757020757020756,0.0712074712074712,0.023461552071906294,0.023597784002101472,0.002569233364627193,3.1495495495495494,2.504440704440704,1.6178266178266179,7.513322113322113,2.308061319262292,2.409669432552976,0.6482218607582602,"[""Days"", ""TestDays"", ""Duration""]","[0.02702702702702703, 0.023423423423423424, 0.020757020757020756]","[3.1495495495495494, 2.745945945945946, 1.6178266178266179]"
org.joda.time.format.TestISOPeriodFormat.testFormatStandard_negative,0.031857031857031856,0.01777462303778093,0.009324009324009324,0.07109849215112372,0.014588098142110472,0.016001236978716016,0.008539740254315671,5.1313131313131315,1.9547221784063888,0.6379176379176379,7.818888713625555,1.0723699394978512,1.3588949284557446,1.8419567614057157,"[""TestISOPeriodFormat"", ""ISOPeriodFormat"", ""PeriodFormatter"", ""Period""]","[0.031857031857031856, 0.01670843776106934, 0.01320901320901321, 0.009324009324009324]","[5.1313131313131315, 0.9323308270676691, 0.6379176379176379, 1.1173271173271173]"
org.joda.time.tz.TestBuilder.testID,0.03832116788321168,0.02360909157404929,0.014866204162537165,0.07082727472214786,0.01999312770432495,0.021579680210872896,0.010464455483728806,3.8789537712895377,2.9419769921477186,1.4469772051536174,8.825930976443155,2.4299138920166445,2.698245403421113,1.0683850000594186,"[""TestBuilder"", ""DateTimeZone"", ""DateTimeZoneBuilder""]","[0.03832116788321168, 0.017639902676399026, 0.014866204162537165]","[3.5, 3.8789537712895377, 1.4469772051536174]"
org.joda.time.TestSerialization.testSerializedDateMidnightProperty,0.03345454545454545,0.017627053350448053,0.007633587786259542,0.07050821340179221,0.011841631055964578,0.014355719506981668,0.010811442402233026,4.0378181818181815,1.673861487196467,0.09541984732824428,6.695445948785868,0.19519738965512515,0.563882169237008,1.669276484310841,"[""StringBuilder"", ""ByteArrayOutputStream"", ""DateMidnight"", ""ObjectInputStream"", ""TestSerialization"", ""FileInputStream"", ""ObjectOutputStream"", ""ByteArrayInputStream""]","[0.03345454545454545, 0.02178649237472767, 0.007633587786259542, 0.007633587786259542]","[4.0378181818181815, 2.4553376906318083, 0.09541984732824428, 0.10687022900763359]"
org.joda.time.TestSerialization.testSerializedDateMidnight,0.03345454545454545,0.017627053350448053,0.007633587786259542,0.07050821340179221,0.011841631055964578,0.014355719506981668,0.010811442402233026,4.0378181818181815,1.673861487196467,0.09541984732824428,6.695445948785868,0.19519738965512515,0.563882169237008,1.669276484310841,"[""StringBuilder"", ""ByteArrayOutputStream"", ""DateMidnight"", ""ObjectInputStream"", ""TestSerialization"", ""FileInputStream"", ""ObjectOutputStream"", ""ByteArrayInputStream""]","[0.03345454545454545, 0.02178649237472767, 0.007633587786259542, 0.007633587786259542]","[4.0378181818181815, 2.4553376906318083, 0.09541984732824428, 0.10687022900763359]"
org.joda.time.TestYearMonth_Basics.testGetFieldTypes,0.03618421052631579,0.02344107953117841,0.01644736842105263,0.07032323859353523,0.02069533951704902,0.02191768592722152,0.00902506161872399,6.592105263157895,4.3787873749242525,2.2350463352990735,13.136362124772758,3.6093452032918485,3.989355989384889,1.7794421089403796,"[""DateTimeFieldType"", ""YearMonth"", ""TestYearMonth_Basics""]","[0.03618421052631579, 0.017691659646166806, 0.01644736842105263]","[6.592105263157895, 2.2350463352990735, 4.309210526315789]"
org.joda.time.TestYearMonth_Basics.testWithField_same,0.03618421052631579,0.02344107953117841,0.01644736842105263,0.07032323859353523,0.02069533951704902,0.02191768592722152,0.00902506161872399,6.592105263157895,4.3787873749242525,2.2350463352990735,13.136362124772758,3.6093452032918485,3.989355989384889,1.7794421089403796,"[""DateTimeFieldType"", ""YearMonth"", ""TestYearMonth_Basics""]","[0.03618421052631579, 0.017691659646166806, 0.01644736842105263]","[6.592105263157895, 2.2350463352990735, 4.309210526315789]"
org.joda.time.TestYearMonth_Basics.testGet,0.03618421052631579,0.02344107953117841,0.01644736842105263,0.07032323859353523,0.02069533951704902,0.02191768592722152,0.00902506161872399,6.592105263157895,4.3787873749242525,2.2350463352990735,13.136362124772758,3.6093452032918485,3.989355989384889,1.7794421089403796,"[""DateTimeFieldType"", ""YearMonth"", ""TestYearMonth_Basics""]","[0.03618421052631579, 0.017691659646166806, 0.01644736842105263]","[6.592105263157895, 2.2350463352990735, 4.309210526315789]"
org.joda.time.TestYearMonth_Basics.testGetFieldType,0.03618421052631579,0.02344107953117841,0.01644736842105263,0.07032323859353523,0.02069533951704902,0.02191768592722152,0.00902506161872399,6.592105263157895,4.3787873749242525,2.2350463352990735,13.136362124772758,3.6093452032918485,3.989355989384889,1.7794421089403796,"[""DateTimeFieldType"", ""YearMonth"", ""TestYearMonth_Basics""]","[0.03618421052631579, 0.017691659646166806, 0.01644736842105263]","[6.592105263157895, 2.2350463352990735, 4.309210526315789]"
org.joda.time.TestYearMonth_Basics.testProperty,0.03618421052631579,0.02344107953117841,0.01644736842105263,0.07032323859353523,0.02069533951704902,0.02191768592722152,0.00902506161872399,6.592105263157895,4.3787873749242525,2.2350463352990735,13.136362124772758,3.6093452032918485,3.989355989384889,1.7794421089403796,"[""DateTimeFieldType"", ""YearMonth"", ""TestYearMonth_Basics""]","[0.03618421052631579, 0.017691659646166806, 0.01644736842105263]","[6.592105263157895, 2.2350463352990735, 4.309210526315789]"
org.joda.time.TestYearMonth_Basics.testWithField,0.03618421052631579,0.02344107953117841,0.01644736842105263,0.07032323859353523,0.02069533951704902,0.02191768592722152,0.00902506161872399,6.592105263157895,4.3787873749242525,2.2350463352990735,13.136362124772758,3.6093452032918485,3.989355989384889,1.7794421089403796,"[""DateTimeFieldType"", ""YearMonth"", ""TestYearMonth_Basics""]","[0.03618421052631579, 0.017691659646166806, 0.01644736842105263]","[6.592105263157895, 2.2350463352990735, 4.309210526315789]"
org.joda.time.TestYearMonth_Basics.testWithField_unknownField,0.03618421052631579,0.02344107953117841,0.01644736842105263,0.07032323859353523,0.02069533951704902,0.02191768592722152,0.00902506161872399,6.592105263157895,4.3787873749242525,2.2350463352990735,13.136362124772758,3.6093452032918485,3.989355989384889,1.7794421089403796,"[""DateTimeFieldType"", ""YearMonth"", ""TestYearMonth_Basics""]","[0.03618421052631579, 0.017691659646166806, 0.01644736842105263]","[6.592105263157895, 2.2350463352990735, 4.309210526315789]"
org.joda.time.TestYearMonth_Basics.testIsSupported,0.03618421052631579,0.02344107953117841,0.01644736842105263,0.07032323859353523,0.02069533951704902,0.02191768592722152,0.00902506161872399,6.592105263157895,4.3787873749242525,2.2350463352990735,13.136362124772758,3.6093452032918485,3.989355989384889,1.7794421089403796,"[""DateTimeFieldType"", ""YearMonth"", ""TestYearMonth_Basics""]","[0.03618421052631579, 0.017691659646166806, 0.01644736842105263]","[6.592105263157895, 2.2350463352990735, 4.309210526315789]"
org.joda.time.convert.TestConverterManager.testGetIntervalConverter,0.02372034956304619,0.017576401599111856,0.006900878293601004,0.07030560639644742,0.013801019888766421,0.015856166284774577,0.0066537091645341995,3.8930722891566263,1.7883124161864323,0.15683814303638646,7.153249664745729,0.504782595848775,1.1006100127506058,1.3428218307708595,"[""TestConverterManager"", ""IntervalConverter"", ""Interval"", ""ConverterManager"", ""Long""]","[0.02372034956304619, 0.022590361445783132, 0.017094017094017096, 0.006900878293601004]","[1.618601747815231, 3.8930722891566263, 1.4847374847374848, 0.15683814303638646]"
org.joda.time.TestYearMonth_Constructors.testFactory_FromCalendarFields,0.03618421052631579,0.023377862595419848,0.007633587786259542,0.07013358778625954,0.015256588072122053,0.019371120219857756,0.011839427786504307,6.592105263157895,3.180845721173162,0.14122137404580154,9.542537163519487,0.3953220443589018,1.3777474560881862,2.646640672783015,"[""GregorianCalendar"", ""YearMonth"", ""TestYearMonth_Constructors""]","[0.03618421052631579, 0.02631578947368421, 0.007633587786259542]","[6.592105263157895, 2.8092105263157894, 0.14122137404580154]"
org.joda.time.TestYearMonth_Constructors.testFactory_FromDateFields,0.03618421052631579,0.023377862595419848,0.007633587786259542,0.07013358778625954,0.015256588072122053,0.019371120219857756,0.011839427786504307,6.592105263157895,3.180845721173162,0.14122137404580154,9.542537163519487,0.3953220443589018,1.3777474560881862,2.646640672783015,"[""GregorianCalendar"", ""YearMonth"", ""TestYearMonth_Constructors""]","[0.03618421052631579, 0.02631578947368421, 0.007633587786259542]","[6.592105263157895, 2.8092105263157894, 0.14122137404580154]"
org.joda.time.convert.TestStringConverter.testSetIntoIntervalEx_Object_Chronology5,0.025602409638554216,0.0233279153849074,0.019350811485642945,0.06998374615472219,0.022955530278026066,0.0231463932723721,0.0028219118307019632,2.2710843373493974,1.4971492065034775,0.8882783882783882,4.491447619510432,1.2948926306672215,1.3902879345364905,0.5764678329691861,"[""MutableInterval"", ""StringConverter"", ""TestStringConverter""]","[0.025602409638554216, 0.025030525030525032, 0.019350811485642945]","[2.2710843373493974, 0.8882783882783882, 1.3320848938826466]"
org.joda.time.convert.TestStringConverter.testSetIntoIntervalEx_Object_Chronology4,0.025602409638554216,0.0233279153849074,0.019350811485642945,0.06998374615472219,0.022955530278026066,0.0231463932723721,0.0028219118307019632,2.2710843373493974,1.4971492065034775,0.8882783882783882,4.491447619510432,1.2948926306672215,1.3902879345364905,0.5764678329691861,"[""MutableInterval"", ""StringConverter"", ""TestStringConverter""]","[0.025602409638554216, 0.025030525030525032, 0.019350811485642945]","[2.2710843373493974, 0.8882783882783882, 1.3320848938826466]"
org.joda.time.convert.TestStringConverter.testSetIntoIntervalEx_Object_Chronology1,0.025602409638554216,0.0233279153849074,0.019350811485642945,0.06998374615472219,0.022955530278026066,0.0231463932723721,0.0028219118307019632,2.2710843373493974,1.4971492065034775,0.8882783882783882,4.491447619510432,1.2948926306672215,1.3902879345364905,0.5764678329691861,"[""MutableInterval"", ""StringConverter"", ""TestStringConverter""]","[0.025602409638554216, 0.025030525030525032, 0.019350811485642945]","[2.2710843373493974, 0.8882783882783882, 1.3320848938826466]"
org.joda.time.convert.TestStringConverter.testSetIntoIntervalEx_Object_Chronology3,0.025602409638554216,0.0233279153849074,0.019350811485642945,0.06998374615472219,0.022955530278026066,0.0231463932723721,0.0028219118307019632,2.2710843373493974,1.4971492065034775,0.8882783882783882,4.491447619510432,1.2948926306672215,1.3902879345364905,0.5764678329691861,"[""MutableInterval"", ""StringConverter"", ""TestStringConverter""]","[0.025602409638554216, 0.025030525030525032, 0.019350811485642945]","[2.2710843373493974, 0.8882783882783882, 1.3320848938826466]"
org.joda.time.convert.TestStringConverter.testSetIntoIntervalEx_Object_Chronology2,0.025602409638554216,0.0233279153849074,0.019350811485642945,0.06998374615472219,0.022955530278026066,0.0231463932723721,0.0028219118307019632,2.2710843373493974,1.4971492065034775,0.8882783882783882,4.491447619510432,1.2948926306672215,1.3902879345364905,0.5764678329691861,"[""MutableInterval"", ""StringConverter"", ""TestStringConverter""]","[0.025602409638554216, 0.025030525030525032, 0.019350811485642945]","[2.2710843373493974, 0.8882783882783882, 1.3320848938826466]"
org.joda.time.TestInterval_Basics.testWithChronology1,0.029780564263322883,0.02330809049686755,0.016423357664233577,0.06992427149060265,0.02195779651585841,0.022638031124431558,0.00546084304760865,5.471003134796239,2.7421553988266942,1.1368613138686132,8.226466196480082,1.7854870571678427,2.1592594001574885,1.9395834494386246,"[""BuddhistChronology"", ""TestInterval_Basics"", ""Interval""]","[0.029780564263322883, 0.02372034956304619, 0.016423357664233577]","[5.471003134796239, 1.618601747815231, 1.1368613138686132]"
org.joda.time.TestMutableDateTime_Basics.testSerialization,0.03527980535279805,0.01746586855970967,0.007633587786259542,0.06986347423883868,0.011692007102041449,0.014116530450502382,0.011336982032969393,4.203771289537713,1.7512181646481897,0.09541984732824428,7.004872658592759,0.19550518138749476,0.5777331935953025,1.7449197074825125,"[""ByteArrayOutputStream"", ""ObjectInputStream"", ""MutableDateTime"", ""TestMutableDateTime_Basics"", ""ObjectOutputStream"", ""ByteArrayInputStream""]","[0.03527980535279805, 0.019316493313521546, 0.007633587786259542, 0.007633587786259542]","[4.203771289537713, 2.598811292719168, 0.09541984732824428, 0.10687022900763359]"
org.joda.time.TestMutableDateTime_Basics.testRounding6,0.03527980535279805,0.023267703772795908,0.015206812652068127,0.06980311131838772,0.020565685453750666,0.021802061211577996,0.008657956150693556,4.203771289537713,2.507389652317581,0.7195863746958637,7.5221689569527435,1.4907868010661518,1.9883778602809812,1.4238807458147993,"[""TestMutableDateTime_Basics"", ""MutableDateTime"", ""ISOChronology""]","[0.03527980535279805, 0.019316493313521546, 0.015206812652068127]","[4.203771289537713, 2.598811292719168, 0.7195863746958637]"
org.joda.time.TestMutableDateTime_Basics.testRounding4,0.03527980535279805,0.023267703772795908,0.015206812652068127,0.06980311131838772,0.020565685453750666,0.021802061211577996,0.008657956150693556,4.203771289537713,2.507389652317581,0.7195863746958637,7.5221689569527435,1.4907868010661518,1.9883778602809812,1.4238807458147993,"[""TestMutableDateTime_Basics"", ""MutableDateTime"", ""ISOChronology""]","[0.03527980535279805, 0.019316493313521546, 0.015206812652068127]","[4.203771289537713, 2.598811292719168, 0.7195863746958637]"
org.joda.time.TestMutableDateTime_Basics.testRounding1,0.03527980535279805,0.023267703772795908,0.015206812652068127,0.06980311131838772,0.020565685453750666,0.021802061211577996,0.008657956150693556,4.203771289537713,2.507389652317581,0.7195863746958637,7.5221689569527435,1.4907868010661518,1.9883778602809812,1.4238807458147993,"[""TestMutableDateTime_Basics"", ""MutableDateTime"", ""ISOChronology""]","[0.03527980535279805, 0.019316493313521546, 0.015206812652068127]","[4.203771289537713, 2.598811292719168, 0.7195863746958637]"
org.joda.time.TestMutableDateTime_Basics.testRounding2,0.03527980535279805,0.023267703772795908,0.015206812652068127,0.06980311131838772,0.020565685453750666,0.021802061211577996,0.008657956150693556,4.203771289537713,2.507389652317581,0.7195863746958637,7.5221689569527435,1.4907868010661518,1.9883778602809812,1.4238807458147993,"[""TestMutableDateTime_Basics"", ""MutableDateTime"", ""ISOChronology""]","[0.03527980535279805, 0.019316493313521546, 0.015206812652068127]","[4.203771289537713, 2.598811292719168, 0.7195863746958637]"
org.joda.time.TestMutableDateTime_Basics.testToMutableDateTime_DateTimeZone,0.03527980535279805,0.023267703772795908,0.015206812652068127,0.06980311131838772,0.020565685453750666,0.021802061211577996,0.008657956150693556,4.203771289537713,2.507389652317581,0.7195863746958637,7.5221689569527435,1.4907868010661518,1.9883778602809812,1.4238807458147993,"[""TestMutableDateTime_Basics"", ""MutableDateTime"", ""ISOChronology""]","[0.03527980535279805, 0.019316493313521546, 0.015206812652068127]","[4.203771289537713, 2.598811292719168, 0.7195863746958637]"
org.joda.time.TestMutableDateTime_Basics.testRounding7,0.03527980535279805,0.023267703772795908,0.015206812652068127,0.06980311131838772,0.020565685453750666,0.021802061211577996,0.008657956150693556,4.203771289537713,2.507389652317581,0.7195863746958637,7.5221689569527435,1.4907868010661518,1.9883778602809812,1.4238807458147993,"[""TestMutableDateTime_Basics"", ""MutableDateTime"", ""ISOChronology""]","[0.03527980535279805, 0.019316493313521546, 0.015206812652068127]","[4.203771289537713, 2.598811292719168, 0.7195863746958637]"
org.joda.time.TestMutableDateTime_Basics.testToMutableDateTimeISO,0.03527980535279805,0.023267703772795908,0.015206812652068127,0.06980311131838772,0.020565685453750666,0.021802061211577996,0.008657956150693556,4.203771289537713,2.507389652317581,0.7195863746958637,7.5221689569527435,1.4907868010661518,1.9883778602809812,1.4238807458147993,"[""TestMutableDateTime_Basics"", ""Object"", ""MutableDateTime"", ""ISOChronology""]","[0.03527980535279805, 0.019316493313521546, 0.015206812652068127]","[4.203771289537713, 2.598811292719168, 0.7195863746958637]"
org.joda.time.TestMutableDateTime_Basics.testRounding5,0.03527980535279805,0.023267703772795908,0.015206812652068127,0.06980311131838772,0.020565685453750666,0.021802061211577996,0.008657956150693556,4.203771289537713,2.507389652317581,0.7195863746958637,7.5221689569527435,1.4907868010661518,1.9883778602809812,1.4238807458147993,"[""TestMutableDateTime_Basics"", ""MutableDateTime"", ""ISOChronology""]","[0.03527980535279805, 0.019316493313521546, 0.015206812652068127]","[4.203771289537713, 2.598811292719168, 0.7195863746958637]"
org.joda.time.TestMutableDateTime_Basics.testRounding3,0.03527980535279805,0.023267703772795908,0.015206812652068127,0.06980311131838772,0.020565685453750666,0.021802061211577996,0.008657956150693556,4.203771289537713,2.507389652317581,0.7195863746958637,7.5221689569527435,1.4907868010661518,1.9883778602809812,1.4238807458147993,"[""TestMutableDateTime_Basics"", ""MutableDateTime"", ""ISOChronology""]","[0.03527980535279805, 0.019316493313521546, 0.015206812652068127]","[4.203771289537713, 2.598811292719168, 0.7195863746958637]"
org.joda.time.TestMutableDateTime_Basics.testGet_DateTimeField,0.03527980535279805,0.023267703772795908,0.015206812652068127,0.06980311131838772,0.020565685453750666,0.021802061211577996,0.008657956150693556,4.203771289537713,2.507389652317581,0.7195863746958637,7.5221689569527435,1.4907868010661518,1.9883778602809812,1.4238807458147993,"[""TestMutableDateTime_Basics"", ""MutableDateTime"", ""ISOChronology""]","[0.03527980535279805, 0.019316493313521546, 0.015206812652068127]","[4.203771289537713, 2.598811292719168, 0.7195863746958637]"
org.joda.time.TestMutableDateTime_Basics.testRounding8,0.03527980535279805,0.023267703772795908,0.015206812652068127,0.06980311131838772,0.020565685453750666,0.021802061211577996,0.008657956150693556,4.203771289537713,2.507389652317581,0.7195863746958637,7.5221689569527435,1.4907868010661518,1.9883778602809812,1.4238807458147993,"[""TestMutableDateTime_Basics"", ""MutableDateTime"", ""ISOChronology""]","[0.03527980535279805, 0.019316493313521546, 0.015206812652068127]","[4.203771289537713, 2.598811292719168, 0.7195863746958637]"
org.joda.time.TestMutableDateTime_Basics.testToMutableDateTime,0.03527980535279805,0.023267703772795908,0.015206812652068127,0.06980311131838772,0.020565685453750666,0.021802061211577996,0.008657956150693556,4.203771289537713,2.507389652317581,0.7195863746958637,7.5221689569527435,1.4907868010661518,1.9883778602809812,1.4238807458147993,"[""TestMutableDateTime_Basics"", ""MutableDateTime"", ""ISOChronology""]","[0.03527980535279805, 0.019316493313521546, 0.015206812652068127]","[4.203771289537713, 2.598811292719168, 0.7195863746958637]"
org.joda.time.TestMutableDateTime_Basics.testGetMethods,0.03527980535279805,0.023267703772795908,0.015206812652068127,0.06980311131838772,0.020565685453750666,0.021802061211577996,0.008657956150693556,4.203771289537713,2.507389652317581,0.7195863746958637,7.5221689569527435,1.4907868010661518,1.9883778602809812,1.4238807458147993,"[""TestMutableDateTime_Basics"", ""MutableDateTime"", ""ISOChronology""]","[0.03527980535279805, 0.019316493313521546, 0.015206812652068127]","[4.203771289537713, 2.598811292719168, 0.7195863746958637]"
org.joda.time.TestMinutes.testGetPeriodType,0.025225225225225224,0.02320379385596777,0.02096273291925466,0.06961138156790331,0.02307002539862381,0.023137216352736502,0.0017470714590976015,3.9332298136645965,3.1651306586089194,2.637837837837838,9.495391975826758,3.0759713408124245,3.1189445296639127,0.5555782937521206,"[""PeriodType"", ""TestMinutes"", ""Minutes""]","[0.025225225225225224, 0.023423423423423424, 0.02096273291925466]","[2.924324324324324, 2.637837837837838, 3.9332298136645965]"
org.joda.time.TestHours.testGetPeriodType,0.025225225225225224,0.02320379385596777,0.02096273291925466,0.06961138156790331,0.02307002539862381,0.023137216352736502,0.0017470714590976015,3.9332298136645965,3.241406934885196,2.744144144144144,9.724220804655587,3.168352018148964,3.203826252410478,0.5045601406227297,"[""TestHours"", ""Hours"", ""PeriodType""]","[0.025225225225225224, 0.023423423423423424, 0.02096273291925466]","[3.046846846846847, 2.744144144144144, 3.9332298136645965]"
org.joda.time.TestWeeks.testGetPeriodType,0.025225225225225224,0.02320379385596777,0.02096273291925466,0.06961138156790331,0.02307002539862381,0.023137216352736502,0.0017470714590976015,3.9332298136645965,3.2239895174677784,2.67027027027027,9.671968552403335,3.14256765646792,3.1823069645010893,0.5271981282048749,"[""TestWeeks"", ""PeriodType"", ""Weeks""]","[0.025225225225225224, 0.023423423423423424, 0.02096273291925466]","[3.0684684684684687, 2.67027027027027, 3.9332298136645965]"
org.joda.time.TestSeconds.testGetPeriodType,0.025225225225225224,0.02320379385596777,0.02096273291925466,0.06961138156790331,0.02307002539862381,0.023137216352736502,0.0017470714590976015,3.9332298136645965,3.1459114393897,2.637837837837838,9.4377343181691,3.054431342766135,3.098310015103744,0.5645017419984592,"[""Seconds"", ""PeriodType"", ""TestSeconds""]","[0.025225225225225224, 0.023423423423423424, 0.02096273291925466]","[2.8666666666666667, 2.637837837837838, 3.9332298136645965]"
org.joda.time.TestYears.testGetPeriodType,0.025225225225225224,0.02320379385596777,0.02096273291925466,0.06961138156790331,0.02307002539862381,0.023137216352736502,0.0017470714590976015,3.9332298136645965,2.8083739018521627,2.0504504504504504,8.425121705556489,2.6052164632862467,2.700318371605296,0.811251751107947,"[""Years"", ""PeriodType"", ""TestYears""]","[0.025225225225225224, 0.023423423423423424, 0.02096273291925466]","[2.4414414414414414, 2.0504504504504504, 3.9332298136645965]"
org.joda.time.TestDateMidnight_Properties.testPropertyGetYearOfEra,0.03345454545454545,0.023187507859338635,0.016034985422740525,0.0695625235780159,0.021115886992446684,0.022082349363608113,0.007444703774286634,4.0378181818181815,2.7768381003110627,1.9198250728862973,8.330514300933189,2.5210726089891695,2.639738167681895,0.9106282585697699,"[""TestDateMidnight_Properties"", ""DateMidnight"", ""Chronology"", ""DateMidnight$Property""]","[0.03345454545454545, 0.020072992700729927, 0.016034985422740525]","[4.0378181818181815, 2.3728710462287106, 1.9198250728862973]"
org.joda.time.TestDateMidnight_Properties.testPropertyGetYear,0.03345454545454545,0.023187507859338635,0.016034985422740525,0.0695625235780159,0.021115886992446684,0.022082349363608113,0.007444703774286634,4.0378181818181815,2.7768381003110627,1.9198250728862973,8.330514300933189,2.5210726089891695,2.639738167681895,0.9106282585697699,"[""TestDateMidnight_Properties"", ""DateMidnight"", ""Chronology"", ""DateMidnight$Property""]","[0.03345454545454545, 0.020072992700729927, 0.016034985422740525]","[4.0378181818181815, 2.3728710462287106, 1.9198250728862973]"
org.joda.time.TestDateMidnight_Properties.testPropertyGetWeekyear,0.03345454545454545,0.023187507859338635,0.016034985422740525,0.0695625235780159,0.021115886992446684,0.022082349363608113,0.007444703774286634,4.0378181818181815,2.7768381003110627,1.9198250728862973,8.330514300933189,2.5210726089891695,2.639738167681895,0.9106282585697699,"[""TestDateMidnight_Properties"", ""DateMidnight"", ""Chronology"", ""DateMidnight$Property""]","[0.03345454545454545, 0.020072992700729927, 0.016034985422740525]","[4.0378181818181815, 2.3728710462287106, 1.9198250728862973]"
org.joda.time.TestDateMidnight_Properties.testPropertyGetDayOfWeek,0.03345454545454545,0.023187507859338635,0.016034985422740525,0.0695625235780159,0.021115886992446684,0.022082349363608113,0.007444703774286634,4.0378181818181815,2.7768381003110627,1.9198250728862973,8.330514300933189,2.5210726089891695,2.639738167681895,0.9106282585697699,"[""TestDateMidnight_Properties"", ""DateMidnight"", ""Chronology"", ""DateMidnight$Property""]","[0.03345454545454545, 0.020072992700729927, 0.016034985422740525]","[4.0378181818181815, 2.3728710462287106, 1.9198250728862973]"
org.joda.time.TestDateMidnight_Properties.testPropertyGetEra,0.03345454545454545,0.023187507859338635,0.016034985422740525,0.0695625235780159,0.021115886992446684,0.022082349363608113,0.007444703774286634,4.0378181818181815,2.7768381003110627,1.9198250728862973,8.330514300933189,2.5210726089891695,2.639738167681895,0.9106282585697699,"[""TestDateMidnight_Properties"", ""DateMidnight"", ""Chronology"", ""DateMidnight$Property""]","[0.03345454545454545, 0.020072992700729927, 0.016034985422740525]","[4.0378181818181815, 2.3728710462287106, 1.9198250728862973]"
org.joda.time.TestDateMidnight_Properties.testPropertyGetMonthOfYear,0.03345454545454545,0.023187507859338635,0.016034985422740525,0.0695625235780159,0.021115886992446684,0.022082349363608113,0.007444703774286634,4.0378181818181815,2.7768381003110627,1.9198250728862973,8.330514300933189,2.5210726089891695,2.639738167681895,0.9106282585697699,"[""TestDateMidnight_Properties"", ""DateMidnight"", ""Chronology"", ""DateMidnight$Property""]","[0.03345454545454545, 0.020072992700729927, 0.016034985422740525]","[4.0378181818181815, 2.3728710462287106, 1.9198250728862973]"
org.joda.time.TestDateMidnight_Properties.testPropertyGetYearOfCentury,0.03345454545454545,0.023187507859338635,0.016034985422740525,0.0695625235780159,0.021115886992446684,0.022082349363608113,0.007444703774286634,4.0378181818181815,2.7768381003110627,1.9198250728862973,8.330514300933189,2.5210726089891695,2.639738167681895,0.9106282585697699,"[""TestDateMidnight_Properties"", ""DateMidnight"", ""Chronology"", ""DateMidnight$Property""]","[0.03345454545454545, 0.020072992700729927, 0.016034985422740525]","[4.0378181818181815, 2.3728710462287106, 1.9198250728862973]"
org.joda.time.TestDateMidnight_Properties.testPropertyGetDayOfYear,0.03345454545454545,0.023187507859338635,0.016034985422740525,0.0695625235780159,0.021115886992446684,0.022082349363608113,0.007444703774286634,4.0378181818181815,2.7768381003110627,1.9198250728862973,8.330514300933189,2.5210726089891695,2.639738167681895,0.9106282585697699,"[""TestDateMidnight_Properties"", ""DateMidnight"", ""Chronology"", ""DateMidnight$Property""]","[0.03345454545454545, 0.020072992700729927, 0.016034985422740525]","[4.0378181818181815, 2.3728710462287106, 1.9198250728862973]"
org.joda.time.TestDateMidnight_Properties.testPropertyGetDayOfMonth,0.03345454545454545,0.023187507859338635,0.016034985422740525,0.0695625235780159,0.021115886992446684,0.022082349363608113,0.007444703774286634,4.0378181818181815,2.7768381003110627,1.9198250728862973,8.330514300933189,2.5210726089891695,2.639738167681895,0.9106282585697699,"[""TestDateMidnight_Properties"", ""DateMidnight"", ""Chronology"", ""DateMidnight$Property""]","[0.03345454545454545, 0.020072992700729927, 0.016034985422740525]","[4.0378181818181815, 2.3728710462287106, 1.9198250728862973]"
org.joda.time.TestDateMidnight_Properties.testPropertyGetCenturyOfEra,0.03345454545454545,0.023187507859338635,0.016034985422740525,0.0695625235780159,0.021115886992446684,0.022082349363608113,0.007444703774286634,4.0378181818181815,2.7768381003110627,1.9198250728862973,8.330514300933189,2.5210726089891695,2.639738167681895,0.9106282585697699,"[""TestDateMidnight_Properties"", ""DateMidnight"", ""Chronology"", ""DateMidnight$Property""]","[0.03345454545454545, 0.020072992700729927, 0.016034985422740525]","[4.0378181818181815, 2.3728710462287106, 1.9198250728862973]"
org.joda.time.TestDateMidnight_Properties.testPropertyGetWeekOfWeekyear,0.03345454545454545,0.023187507859338635,0.016034985422740525,0.0695625235780159,0.021115886992446684,0.022082349363608113,0.007444703774286634,4.0378181818181815,2.7768381003110627,1.9198250728862973,8.330514300933189,2.5210726089891695,2.639738167681895,0.9106282585697699,"[""TestDateMidnight_Properties"", ""DateMidnight"", ""Chronology"", ""DateMidnight$Property""]","[0.03345454545454545, 0.020072992700729927, 0.016034985422740525]","[4.0378181818181815, 2.3728710462287106, 1.9198250728862973]"
org.joda.time.TestMinutes.testToStandardDuration,0.025225225225225224,0.023135223135223135,0.020757020757020756,0.0694056694056694,0.022986456267041103,0.023061283802928052,0.0018354849217594863,2.924324324324324,2.393329593329593,1.6178266178266179,7.179988779988779,2.2401920425525734,2.3195400144117317,0.5606973488406019,"[""TestMinutes"", ""Minutes"", ""Duration""]","[0.025225225225225224, 0.023423423423423424, 0.020757020757020756]","[2.924324324324324, 2.637837837837838, 1.6178266178266179]"
org.joda.time.TestHours.testToStandardDuration,0.025225225225225224,0.023135223135223135,0.020757020757020756,0.0694056694056694,0.022986456267041103,0.023061283802928052,0.0018354849217594863,3.046846846846847,2.4696058696058696,1.6178266178266179,7.408817608817609,2.2887944145249275,2.3826660336564784,0.6148458624604471,"[""TestHours"", ""Hours"", ""Duration""]","[0.025225225225225224, 0.023423423423423424, 0.020757020757020756]","[3.046846846846847, 2.744144144144144, 1.6178266178266179]"
org.joda.time.TestSeconds.testToStandardDuration,0.025225225225225224,0.023135223135223135,0.020757020757020756,0.0694056694056694,0.022986456267041103,0.023061283802928052,0.0018354849217594863,2.8666666666666667,2.374110374110374,1.6178266178266179,7.122331122331122,2.2287453843687595,2.304194251848449,0.5428716841880743,"[""Seconds"", ""Duration"", ""TestSeconds""]","[0.025225225225225224, 0.023423423423423424, 0.020757020757020756]","[2.8666666666666667, 2.637837837837838, 1.6178266178266179]"
org.joda.time.TestWeeks.testToStandardDuration,0.025225225225225224,0.023135223135223135,0.020757020757020756,0.0694056694056694,0.022986456267041103,0.023061283802928052,0.0018354849217594863,3.0684684684684687,2.452188452188452,1.6178266178266179,7.356565356565357,2.27530834590324,2.366662270552409,0.6119696093989238,"[""TestWeeks"", ""Weeks"", ""Duration""]","[0.025225225225225224, 0.023423423423423424, 0.020757020757020756]","[3.0684684684684687, 2.67027027027027, 1.6178266178266179]"
org.joda.time.TestMutableDateTime_Sets.testSet_DateTimeFieldType_int1,0.03527980535279805,0.023105396703468725,0.01634472511144131,0.06931619011040617,0.020540846613627258,0.021688230772789464,0.008626151232574028,4.203771289537713,2.802785666921821,1.9695393759286777,8.408357000765463,2.5146002167153303,2.6450268981617735,0.9965587530600344,"[""DateTimeFieldType"", ""TestMutableDateTime_Sets"", ""MutableDateTime""]","[0.03527980535279805, 0.017691659646166806, 0.01634472511144131]","[4.203771289537713, 2.2350463352990735, 1.9695393759286777]"
org.joda.time.TestMutableDateTime_Sets.testSet_DateTimeFieldType_int3,0.03527980535279805,0.023105396703468725,0.01634472511144131,0.06931619011040617,0.020540846613627258,0.021688230772789464,0.008626151232574028,4.203771289537713,2.802785666921821,1.9695393759286777,8.408357000765463,2.5146002167153303,2.6450268981617735,0.9965587530600344,"[""DateTimeFieldType"", ""TestMutableDateTime_Sets"", ""MutableDateTime""]","[0.03527980535279805, 0.017691659646166806, 0.01634472511144131]","[4.203771289537713, 2.2350463352990735, 1.9695393759286777]"
org.joda.time.chrono.TestLenientChronology.test_MockTurkIsCorrect,0.041970802919708027,0.03464086364472796,0.0273109243697479,0.06928172728945592,0.03308986277113767,0.03385648275113262,0.007329939274980064,5.9939172749391725,3.8551519147805107,1.7163865546218486,7.710303829561021,2.668605348800362,3.207472372479805,2.138765360158662,"[""TestLenientChronology"", ""DateTime""]","[0.041970802919708027, 0.0273109243697479]","[5.9939172749391725, 1.7163865546218486]"
org.joda.time.format.TestISOPeriodFormatParsing.testParseStandard9,0.031857031857031856,0.017311534024625947,0.009324009324009324,0.06924613609850379,0.01420158882821929,0.015538019627066942,0.008634697174120212,5.1313131313131315,1.9658363147221085,0.6379176379176379,7.863345258888434,1.0865904820546075,1.374812195269786,1.8358783427212118,"[""ISOPeriodFormat"", ""Period"", ""PeriodFormatter"", ""TestISOPeriodFormatParsing""]","[0.031857031857031856, 0.014856081708449397, 0.01320901320901321, 0.009324009324009324]","[5.1313131313131315, 0.9767873723305478, 0.6379176379176379, 1.1173271173271173]"
org.joda.time.format.TestISOPeriodFormatParsing.testParseStandard5,0.031857031857031856,0.017311534024625947,0.009324009324009324,0.06924613609850379,0.01420158882821929,0.015538019627066942,0.008634697174120212,5.1313131313131315,1.9658363147221085,0.6379176379176379,7.863345258888434,1.0865904820546075,1.374812195269786,1.8358783427212118,"[""ISOPeriodFormat"", ""Period"", ""PeriodFormatter"", ""TestISOPeriodFormatParsing""]","[0.031857031857031856, 0.014856081708449397, 0.01320901320901321, 0.009324009324009324]","[5.1313131313131315, 0.9767873723305478, 0.6379176379176379, 1.1173271173271173]"
org.joda.time.format.TestISOPeriodFormatParsing.testParseStandard8,0.031857031857031856,0.017311534024625947,0.009324009324009324,0.06924613609850379,0.01420158882821929,0.015538019627066942,0.008634697174120212,5.1313131313131315,1.9658363147221085,0.6379176379176379,7.863345258888434,1.0865904820546075,1.374812195269786,1.8358783427212118,"[""ISOPeriodFormat"", ""Period"", ""PeriodFormatter"", ""TestISOPeriodFormatParsing""]","[0.031857031857031856, 0.014856081708449397, 0.01320901320901321, 0.009324009324009324]","[5.1313131313131315, 0.9767873723305478, 0.6379176379176379, 1.1173271173271173]"
org.joda.time.format.TestISOPeriodFormatParsing.testParseStandard10,0.031857031857031856,0.017311534024625947,0.009324009324009324,0.06924613609850379,0.01420158882821929,0.015538019627066942,0.008634697174120212,5.1313131313131315,1.9658363147221085,0.6379176379176379,7.863345258888434,1.0865904820546075,1.374812195269786,1.8358783427212118,"[""ISOPeriodFormat"", ""Period"", ""PeriodFormatter"", ""TestISOPeriodFormatParsing""]","[0.031857031857031856, 0.014856081708449397, 0.01320901320901321, 0.009324009324009324]","[5.1313131313131315, 0.9767873723305478, 0.6379176379176379, 1.1173271173271173]"
org.joda.time.format.TestISOPeriodFormatParsing.testParseStandard1,0.031857031857031856,0.017311534024625947,0.009324009324009324,0.06924613609850379,0.01420158882821929,0.015538019627066942,0.008634697174120212,5.1313131313131315,1.9658363147221085,0.6379176379176379,7.863345258888434,1.0865904820546075,1.374812195269786,1.8358783427212118,"[""ISOPeriodFormat"", ""Period"", ""PeriodFormatter"", ""TestISOPeriodFormatParsing""]","[0.031857031857031856, 0.014856081708449397, 0.01320901320901321, 0.009324009324009324]","[5.1313131313131315, 0.9767873723305478, 0.6379176379176379, 1.1173271173271173]"
org.joda.time.format.TestISOPeriodFormatParsing.testParseStandard7,0.031857031857031856,0.017311534024625947,0.009324009324009324,0.06924613609850379,0.01420158882821929,0.015538019627066942,0.008634697174120212,5.1313131313131315,1.9658363147221085,0.6379176379176379,7.863345258888434,1.0865904820546075,1.374812195269786,1.8358783427212118,"[""ISOPeriodFormat"", ""Period"", ""PeriodFormatter"", ""TestISOPeriodFormatParsing""]","[0.031857031857031856, 0.014856081708449397, 0.01320901320901321, 0.009324009324009324]","[5.1313131313131315, 0.9767873723305478, 0.6379176379176379, 1.1173271173271173]"
org.joda.time.format.TestISOPeriodFormatParsing.testParseStandard4,0.031857031857031856,0.017311534024625947,0.009324009324009324,0.06924613609850379,0.01420158882821929,0.015538019627066942,0.008634697174120212,5.1313131313131315,1.9658363147221085,0.6379176379176379,7.863345258888434,1.0865904820546075,1.374812195269786,1.8358783427212118,"[""ISOPeriodFormat"", ""Period"", ""PeriodFormatter"", ""TestISOPeriodFormatParsing""]","[0.031857031857031856, 0.014856081708449397, 0.01320901320901321, 0.009324009324009324]","[5.1313131313131315, 0.9767873723305478, 0.6379176379176379, 1.1173271173271173]"
org.joda.time.format.TestISOPeriodFormatParsing.testParseStandard2,0.031857031857031856,0.017311534024625947,0.009324009324009324,0.06924613609850379,0.01420158882821929,0.015538019627066942,0.008634697174120212,5.1313131313131315,1.9658363147221085,0.6379176379176379,7.863345258888434,1.0865904820546075,1.374812195269786,1.8358783427212118,"[""ISOPeriodFormat"", ""Period"", ""PeriodFormatter"", ""TestISOPeriodFormatParsing""]","[0.031857031857031856, 0.014856081708449397, 0.01320901320901321, 0.009324009324009324]","[5.1313131313131315, 0.9767873723305478, 0.6379176379176379, 1.1173271173271173]"
org.joda.time.format.TestISOPeriodFormatParsing.testParseStandard11,0.031857031857031856,0.017311534024625947,0.009324009324009324,0.06924613609850379,0.01420158882821929,0.015538019627066942,0.008634697174120212,5.1313131313131315,1.9658363147221085,0.6379176379176379,7.863345258888434,1.0865904820546075,1.374812195269786,1.8358783427212118,"[""ISOPeriodFormat"", ""Period"", ""PeriodFormatter"", ""TestISOPeriodFormatParsing""]","[0.031857031857031856, 0.014856081708449397, 0.01320901320901321, 0.009324009324009324]","[5.1313131313131315, 0.9767873723305478, 0.6379176379176379, 1.1173271173271173]"
org.joda.time.format.TestISOPeriodFormatParsing.testParseStandard6,0.031857031857031856,0.017311534024625947,0.009324009324009324,0.06924613609850379,0.01420158882821929,0.015538019627066942,0.008634697174120212,5.1313131313131315,1.9658363147221085,0.6379176379176379,7.863345258888434,1.0865904820546075,1.374812195269786,1.8358783427212118,"[""ISOPeriodFormat"", ""Period"", ""PeriodFormatter"", ""TestISOPeriodFormatParsing""]","[0.031857031857031856, 0.014856081708449397, 0.01320901320901321, 0.009324009324009324]","[5.1313131313131315, 0.9767873723305478, 0.6379176379176379, 1.1173271173271173]"
org.joda.time.format.TestISOPeriodFormatParsing.testParseStandard3,0.031857031857031856,0.017311534024625947,0.009324009324009324,0.06924613609850379,0.01420158882821929,0.015538019627066942,0.008634697174120212,5.1313131313131315,1.9658363147221085,0.6379176379176379,7.863345258888434,1.0865904820546075,1.374812195269786,1.8358783427212118,"[""ISOPeriodFormat"", ""Period"", ""PeriodFormatter"", ""TestISOPeriodFormatParsing""]","[0.031857031857031856, 0.014856081708449397, 0.01320901320901321, 0.009324009324009324]","[5.1313131313131315, 0.9767873723305478, 0.6379176379176379, 1.1173271173271173]"
org.joda.time.TestTimeOfDay_Constructors.testConstructor_nullChronology,0.04654346338124572,0.034556453912845085,0.022569444444444444,0.06911290782569017,0.030398376919241417,0.03241080238184578,0.01198700946840064,4.317590691307323,3.691781456764773,3.0659722222222223,7.383562913529546,3.5856979297127847,3.6383530788632226,0.6258092345425506,"[""TestTimeOfDay_Constructors"", ""TimeOfDay""]","[0.04654346338124572, 0.022569444444444444]","[4.317590691307323, 3.0659722222222223]"
org.joda.time.TestTimeOfDay_Constructors.testConstructor_ObjectString6,0.04654346338124572,0.034556453912845085,0.022569444444444444,0.06911290782569017,0.030398376919241417,0.03241080238184578,0.01198700946840064,4.317590691307323,3.691781456764773,3.0659722222222223,7.383562913529546,3.5856979297127847,3.6383530788632226,0.6258092345425506,"[""TestTimeOfDay_Constructors"", ""TimeOfDay""]","[0.04654346338124572, 0.022569444444444444]","[4.317590691307323, 3.0659722222222223]"
org.joda.time.TestTimeOfDay_Constructors.testConstructor_ObjectStringEx4,0.04654346338124572,0.034556453912845085,0.022569444444444444,0.06911290782569017,0.030398376919241417,0.03241080238184578,0.01198700946840064,4.317590691307323,3.691781456764773,3.0659722222222223,7.383562913529546,3.5856979297127847,3.6383530788632226,0.6258092345425506,"[""TestTimeOfDay_Constructors"", ""TimeOfDay""]","[0.04654346338124572, 0.022569444444444444]","[4.317590691307323, 3.0659722222222223]"
org.joda.time.TestTimeOfDay_Constructors.testConstructor,0.04654346338124572,0.034556453912845085,0.022569444444444444,0.06911290782569017,0.030398376919241417,0.03241080238184578,0.01198700946840064,4.317590691307323,3.691781456764773,3.0659722222222223,7.383562913529546,3.5856979297127847,3.6383530788632226,0.6258092345425506,"[""TestTimeOfDay_Constructors"", ""TimeOfDay""]","[0.04654346338124572, 0.022569444444444444]","[4.317590691307323, 3.0659722222222223]"
org.joda.time.TestTimeOfDay_Constructors.testConstructor_ObjectString1,0.04654346338124572,0.034556453912845085,0.022569444444444444,0.06911290782569017,0.030398376919241417,0.03241080238184578,0.01198700946840064,4.317590691307323,3.691781456764773,3.0659722222222223,7.383562913529546,3.5856979297127847,3.6383530788632226,0.6258092345425506,"[""TestTimeOfDay_Constructors"", ""TimeOfDay""]","[0.04654346338124572, 0.022569444444444444]","[4.317590691307323, 3.0659722222222223]"
org.joda.time.TestTimeOfDay_Constructors.testConstructor_int_int_int_nullChronology,0.04654346338124572,0.034556453912845085,0.022569444444444444,0.06911290782569017,0.030398376919241417,0.03241080238184578,0.01198700946840064,4.317590691307323,3.691781456764773,3.0659722222222223,7.383562913529546,3.5856979297127847,3.6383530788632226,0.6258092345425506,"[""TestTimeOfDay_Constructors"", ""TimeOfDay""]","[0.04654346338124572, 0.022569444444444444]","[4.317590691307323, 3.0659722222222223]"
org.joda.time.TestTimeOfDay_Constructors.testFactory_FromDateFields_null,0.04654346338124572,0.034556453912845085,0.022569444444444444,0.06911290782569017,0.030398376919241417,0.03241080238184578,0.01198700946840064,4.317590691307323,3.691781456764773,3.0659722222222223,7.383562913529546,3.5856979297127847,3.6383530788632226,0.6258092345425506,"[""TestTimeOfDay_Constructors"", ""TimeOfDay""]","[0.04654346338124572, 0.022569444444444444]","[4.317590691307323, 3.0659722222222223]"
org.joda.time.TestTimeOfDay_Constructors.testConstructor_int_int_int_int_nullChronology,0.04654346338124572,0.034556453912845085,0.022569444444444444,0.06911290782569017,0.030398376919241417,0.03241080238184578,0.01198700946840064,4.317590691307323,3.691781456764773,3.0659722222222223,7.383562913529546,3.5856979297127847,3.6383530788632226,0.6258092345425506,"[""TestTimeOfDay_Constructors"", ""TimeOfDay""]","[0.04654346338124572, 0.022569444444444444]","[4.317590691307323, 3.0659722222222223]"
org.joda.time.TestTimeOfDay_Constructors.testConstantMidnight,0.04654346338124572,0.034556453912845085,0.022569444444444444,0.06911290782569017,0.030398376919241417,0.03241080238184578,0.01198700946840064,4.317590691307323,3.691781456764773,3.0659722222222223,7.383562913529546,3.5856979297127847,3.6383530788632226,0.6258092345425506,"[""TestTimeOfDay_Constructors"", ""TimeOfDay""]","[0.04654346338124572, 0.022569444444444444]","[4.317590691307323, 3.0659722222222223]"
org.joda.time.TestTimeOfDay_Constructors.testConstructor_ObjectString2,0.04654346338124572,0.034556453912845085,0.022569444444444444,0.06911290782569017,0.030398376919241417,0.03241080238184578,0.01198700946840064,4.317590691307323,3.691781456764773,3.0659722222222223,7.383562913529546,3.5856979297127847,3.6383530788632226,0.6258092345425506,"[""TestTimeOfDay_Constructors"", ""TimeOfDay""]","[0.04654346338124572, 0.022569444444444444]","[4.317590691307323, 3.0659722222222223]"
org.joda.time.TestTimeOfDay_Constructors.testConstructor_ObjectStringEx1,0.04654346338124572,0.034556453912845085,0.022569444444444444,0.06911290782569017,0.030398376919241417,0.03241080238184578,0.01198700946840064,4.317590691307323,3.691781456764773,3.0659722222222223,7.383562913529546,3.5856979297127847,3.6383530788632226,0.6258092345425506,"[""TestTimeOfDay_Constructors"", ""TimeOfDay""]","[0.04654346338124572, 0.022569444444444444]","[4.317590691307323, 3.0659722222222223]"
org.joda.time.TestTimeOfDay_Constructors.testConstructor_ObjectStringEx3,0.04654346338124572,0.034556453912845085,0.022569444444444444,0.06911290782569017,0.030398376919241417,0.03241080238184578,0.01198700946840064,4.317590691307323,3.691781456764773,3.0659722222222223,7.383562913529546,3.5856979297127847,3.6383530788632226,0.6258092345425506,"[""TestTimeOfDay_Constructors"", ""TimeOfDay""]","[0.04654346338124572, 0.022569444444444444]","[4.317590691307323, 3.0659722222222223]"
org.joda.time.TestTimeOfDay_Constructors.testConstructor2_Object_Chronology,0.04654346338124572,0.034556453912845085,0.022569444444444444,0.06911290782569017,0.030398376919241417,0.03241080238184578,0.01198700946840064,4.317590691307323,3.691781456764773,3.0659722222222223,7.383562913529546,3.5856979297127847,3.6383530788632226,0.6258092345425506,"[""TestTimeOfDay_Constructors"", ""TimeOfDay""]","[0.04654346338124572, 0.022569444444444444]","[4.317590691307323, 3.0659722222222223]"
org.joda.time.TestTimeOfDay_Constructors.testConstructor_ObjectString4,0.04654346338124572,0.034556453912845085,0.022569444444444444,0.06911290782569017,0.030398376919241417,0.03241080238184578,0.01198700946840064,4.317590691307323,3.691781456764773,3.0659722222222223,7.383562913529546,3.5856979297127847,3.6383530788632226,0.6258092345425506,"[""TestTimeOfDay_Constructors"", ""TimeOfDay""]","[0.04654346338124572, 0.022569444444444444]","[4.317590691307323, 3.0659722222222223]"
org.joda.time.TestTimeOfDay_Constructors.testConstructor_int_int_int_int,0.04654346338124572,0.034556453912845085,0.022569444444444444,0.06911290782569017,0.030398376919241417,0.03241080238184578,0.01198700946840064,4.317590691307323,3.691781456764773,3.0659722222222223,7.383562913529546,3.5856979297127847,3.6383530788632226,0.6258092345425506,"[""TestTimeOfDay_Constructors"", ""TimeOfDay""]","[0.04654346338124572, 0.022569444444444444]","[4.317590691307323, 3.0659722222222223]"
org.joda.time.TestTimeOfDay_Constructors.testConstructor_int_int_nullChronology,0.04654346338124572,0.034556453912845085,0.022569444444444444,0.06911290782569017,0.030398376919241417,0.03241080238184578,0.01198700946840064,4.317590691307323,3.691781456764773,3.0659722222222223,7.383562913529546,3.5856979297127847,3.6383530788632226,0.6258092345425506,"[""TestTimeOfDay_Constructors"", ""TimeOfDay""]","[0.04654346338124572, 0.022569444444444444]","[4.317590691307323, 3.0659722222222223]"
org.joda.time.TestTimeOfDay_Constructors.testConstructor_nullObject,0.04654346338124572,0.034556453912845085,0.022569444444444444,0.06911290782569017,0.030398376919241417,0.03241080238184578,0.01198700946840064,4.317590691307323,3.691781456764773,3.0659722222222223,7.383562913529546,3.5856979297127847,3.6383530788632226,0.6258092345425506,"[""TestTimeOfDay_Constructors"", ""TimeOfDay""]","[0.04654346338124572, 0.022569444444444444]","[4.317590691307323, 3.0659722222222223]"
org.joda.time.TestTimeOfDay_Constructors.testConstructor_ObjectString5,0.04654346338124572,0.034556453912845085,0.022569444444444444,0.06911290782569017,0.030398376919241417,0.03241080238184578,0.01198700946840064,4.317590691307323,3.691781456764773,3.0659722222222223,7.383562913529546,3.5856979297127847,3.6383530788632226,0.6258092345425506,"[""TestTimeOfDay_Constructors"", ""TimeOfDay""]","[0.04654346338124572, 0.022569444444444444]","[4.317590691307323, 3.0659722222222223]"
org.joda.time.TestTimeOfDay_Constructors.testConstructor_ObjectString3,0.04654346338124572,0.034556453912845085,0.022569444444444444,0.06911290782569017,0.030398376919241417,0.03241080238184578,0.01198700946840064,4.317590691307323,3.691781456764773,3.0659722222222223,7.383562913529546,3.5856979297127847,3.6383530788632226,0.6258092345425506,"[""TestTimeOfDay_Constructors"", ""TimeOfDay""]","[0.04654346338124572, 0.022569444444444444]","[4.317590691307323, 3.0659722222222223]"
org.joda.time.TestTimeOfDay_Constructors.testFactoryMillisOfDay_long1,0.04654346338124572,0.034556453912845085,0.022569444444444444,0.06911290782569017,0.030398376919241417,0.03241080238184578,0.01198700946840064,4.317590691307323,3.691781456764773,3.0659722222222223,7.383562913529546,3.5856979297127847,3.6383530788632226,0.6258092345425506,"[""TestTimeOfDay_Constructors"", ""TimeOfDay""]","[0.04654346338124572, 0.022569444444444444]","[4.317590691307323, 3.0659722222222223]"
org.joda.time.TestTimeOfDay_Constructors.testConstructor_int_int,0.04654346338124572,0.034556453912845085,0.022569444444444444,0.06911290782569017,0.030398376919241417,0.03241080238184578,0.01198700946840064,4.317590691307323,3.691781456764773,3.0659722222222223,7.383562913529546,3.5856979297127847,3.6383530788632226,0.6258092345425506,"[""TestTimeOfDay_Constructors"", ""TimeOfDay""]","[0.04654346338124572, 0.022569444444444444]","[4.317590691307323, 3.0659722222222223]"
org.joda.time.TestTimeOfDay_Constructors.testConstructor_int_int_int,0.04654346338124572,0.034556453912845085,0.022569444444444444,0.06911290782569017,0.030398376919241417,0.03241080238184578,0.01198700946840064,4.317590691307323,3.691781456764773,3.0659722222222223,7.383562913529546,3.5856979297127847,3.6383530788632226,0.6258092345425506,"[""TestTimeOfDay_Constructors"", ""TimeOfDay""]","[0.04654346338124572, 0.022569444444444444]","[4.317590691307323, 3.0659722222222223]"
org.joda.time.TestTimeOfDay_Constructors.testConstructor_long2,0.04654346338124572,0.034556453912845085,0.022569444444444444,0.06911290782569017,0.030398376919241417,0.03241080238184578,0.01198700946840064,4.317590691307323,3.691781456764773,3.0659722222222223,7.383562913529546,3.5856979297127847,3.6383530788632226,0.6258092345425506,"[""TestTimeOfDay_Constructors"", ""TimeOfDay""]","[0.04654346338124572, 0.022569444444444444]","[4.317590691307323, 3.0659722222222223]"
org.joda.time.TestTimeOfDay_Constructors.testConstructor_nullObject_nullChronology,0.04654346338124572,0.034556453912845085,0.022569444444444444,0.06911290782569017,0.030398376919241417,0.03241080238184578,0.01198700946840064,4.317590691307323,3.691781456764773,3.0659722222222223,7.383562913529546,3.5856979297127847,3.6383530788632226,0.6258092345425506,"[""TestTimeOfDay_Constructors"", ""TimeOfDay""]","[0.04654346338124572, 0.022569444444444444]","[4.317590691307323, 3.0659722222222223]"
org.joda.time.TestTimeOfDay_Constructors.testConstructor_long1,0.04654346338124572,0.034556453912845085,0.022569444444444444,0.06911290782569017,0.030398376919241417,0.03241080238184578,0.01198700946840064,4.317590691307323,3.691781456764773,3.0659722222222223,7.383562913529546,3.5856979297127847,3.6383530788632226,0.6258092345425506,"[""TestTimeOfDay_Constructors"", ""TimeOfDay""]","[0.04654346338124572, 0.022569444444444444]","[4.317590691307323, 3.0659722222222223]"
org.joda.time.TestTimeOfDay_Constructors.testFactoryMillisOfDay_long_nullChronology,0.04654346338124572,0.034556453912845085,0.022569444444444444,0.06911290782569017,0.030398376919241417,0.03241080238184578,0.01198700946840064,4.317590691307323,3.691781456764773,3.0659722222222223,7.383562913529546,3.5856979297127847,3.6383530788632226,0.6258092345425506,"[""TestTimeOfDay_Constructors"", ""TimeOfDay""]","[0.04654346338124572, 0.022569444444444444]","[4.317590691307323, 3.0659722222222223]"
org.joda.time.TestTimeOfDay_Constructors.testConstructor_long_nullChronology,0.04654346338124572,0.034556453912845085,0.022569444444444444,0.06911290782569017,0.030398376919241417,0.03241080238184578,0.01198700946840064,4.317590691307323,3.691781456764773,3.0659722222222223,7.383562913529546,3.5856979297127847,3.6383530788632226,0.6258092345425506,"[""TestTimeOfDay_Constructors"", ""TimeOfDay""]","[0.04654346338124572, 0.022569444444444444]","[4.317590691307323, 3.0659722222222223]"
org.joda.time.TestTimeOfDay_Constructors.testConstructor_ObjectStringEx2,0.04654346338124572,0.034556453912845085,0.022569444444444444,0.06911290782569017,0.030398376919241417,0.03241080238184578,0.01198700946840064,4.317590691307323,3.691781456764773,3.0659722222222223,7.383562913529546,3.5856979297127847,3.6383530788632226,0.6258092345425506,"[""TestTimeOfDay_Constructors"", ""TimeOfDay""]","[0.04654346338124572, 0.022569444444444444]","[4.317590691307323, 3.0659722222222223]"
org.joda.time.TestYearMonth_Basics.testMinusMonths_int,0.03618421052631579,0.023018312203867335,0.016423357664233577,0.069054936611602,0.02009037285567401,0.021380892227139684,0.009309701144752144,6.592105263157895,4.012725701114099,1.1368613138686132,12.038177103342298,2.374596673554367,3.184513624316996,2.236939736223797,"[""BuddhistChronology"", ""TestYearMonth_Basics"", ""YearMonth""]","[0.03618421052631579, 0.01644736842105263, 0.016423357664233577]","[6.592105263157895, 4.309210526315789, 1.1368613138686132]"
org.joda.time.TestYearMonth_Basics.testMinusYears_int,0.03618421052631579,0.023018312203867335,0.016423357664233577,0.069054936611602,0.02009037285567401,0.021380892227139684,0.009309701144752144,6.592105263157895,4.012725701114099,1.1368613138686132,12.038177103342298,2.374596673554367,3.184513624316996,2.236939736223797,"[""BuddhistChronology"", ""TestYearMonth_Basics"", ""YearMonth""]","[0.03618421052631579, 0.01644736842105263, 0.016423357664233577]","[6.592105263157895, 4.309210526315789, 1.1368613138686132]"
org.joda.time.TestYearMonth_Basics.testIsEqual_YM,0.03618421052631579,0.023018312203867335,0.016423357664233577,0.069054936611602,0.02009037285567401,0.021380892227139684,0.009309701144752144,6.592105263157895,3.8535610620224525,0.6593673965936739,11.560683186067358,1.5786458956271157,2.655725018306743,2.443366117207209,"[""YearMonth"", ""TestYearMonth_Basics"", ""GregorianChronology""]","[0.03618421052631579, 0.01644736842105263, 0.016423357664233577]","[6.592105263157895, 4.309210526315789, 0.6593673965936739]"
org.joda.time.TestYearMonth_Basics.testPlusMonths_int,0.03618421052631579,0.023018312203867335,0.016423357664233577,0.069054936611602,0.02009037285567401,0.021380892227139684,0.009309701144752144,6.592105263157895,4.012725701114099,1.1368613138686132,12.038177103342298,2.374596673554367,3.184513624316996,2.236939736223797,"[""BuddhistChronology"", ""TestYearMonth_Basics"", ""YearMonth""]","[0.03618421052631579, 0.01644736842105263, 0.016423357664233577]","[6.592105263157895, 4.309210526315789, 1.1368613138686132]"
org.joda.time.TestYearMonth_Basics.testIsBefore_YM,0.03618421052631579,0.023018312203867335,0.016423357664233577,0.069054936611602,0.02009037285567401,0.021380892227139684,0.009309701144752144,6.592105263157895,3.8535610620224525,0.6593673965936739,11.560683186067358,1.5786458956271157,2.655725018306743,2.443366117207209,"[""YearMonth"", ""TestYearMonth_Basics"", ""GregorianChronology""]","[0.03618421052631579, 0.01644736842105263, 0.016423357664233577]","[6.592105263157895, 4.309210526315789, 0.6593673965936739]"
org.joda.time.TestYearMonth_Basics.testPlusYears_int,0.03618421052631579,0.023018312203867335,0.016423357664233577,0.069054936611602,0.02009037285567401,0.021380892227139684,0.009309701144752144,6.592105263157895,4.012725701114099,1.1368613138686132,12.038177103342298,2.374596673554367,3.184513624316996,2.236939736223797,"[""BuddhistChronology"", ""TestYearMonth_Basics"", ""YearMonth""]","[0.03618421052631579, 0.01644736842105263, 0.016423357664233577]","[6.592105263157895, 4.309210526315789, 1.1368613138686132]"
org.joda.time.TestYearMonth_Basics.testIsAfter_YM,0.03618421052631579,0.023018312203867335,0.016423357664233577,0.069054936611602,0.02009037285567401,0.021380892227139684,0.009309701144752144,6.592105263157895,3.8535610620224525,0.6593673965936739,11.560683186067358,1.5786458956271157,2.655725018306743,2.443366117207209,"[""YearMonth"", ""TestYearMonth_Basics"", ""GregorianChronology""]","[0.03618421052631579, 0.01644736842105263, 0.016423357664233577]","[6.592105263157895, 4.309210526315789, 0.6593673965936739]"
org.joda.time.TestMonthDay_Properties.testPropertySetDayOfMonth,0.044534412955465584,0.03441295546558704,0.024291497975708502,0.06882591093117409,0.03143605620385806,0.032890843743465424,0.010121457489878541,7.753036437246964,5.279352226720648,2.805668016194332,10.558704453441296,4.120287002309928,4.663951796531892,2.473684210526316,"[""MonthDay$Property"", ""MonthDay"", ""TestMonthDay_Properties""]","[0.044534412955465584, 0.024291497975708502]","[7.753036437246964, 2.805668016194332]"
org.joda.time.TestMonthDay_Basics.testPlusMonths_int_wrap,0.044534412955465584,0.03441295546558704,0.024291497975708502,0.06882591093117409,0.03143605620385806,0.032890843743465424,0.010121457489878541,7.753036437246964,6.7145748987854255,5.676113360323886,13.429149797570851,6.553968697630535,6.6337857746942195,1.0384615384615388,"[""MonthDay"", ""TestMonthDay_Basics""]","[0.044534412955465584, 0.024291497975708502]","[7.753036437246964, 5.676113360323886]"
org.joda.time.TestMonthDay_Basics.testWithField_nullField,0.044534412955465584,0.03441295546558704,0.024291497975708502,0.06882591093117409,0.03143605620385806,0.032890843743465424,0.010121457489878541,7.753036437246964,6.7145748987854255,5.676113360323886,13.429149797570851,6.553968697630535,6.6337857746942195,1.0384615384615388,"[""MonthDay"", ""TestMonthDay_Basics""]","[0.044534412955465584, 0.024291497975708502]","[7.753036437246964, 5.676113360323886]"
org.joda.time.TestMonthDay_Basics.testToString_String,0.044534412955465584,0.03441295546558704,0.024291497975708502,0.06882591093117409,0.03143605620385806,0.032890843743465424,0.010121457489878541,7.753036437246964,6.7145748987854255,5.676113360323886,13.429149797570851,6.553968697630535,6.6337857746942195,1.0384615384615388,"[""MonthDay"", ""TestMonthDay_Basics""]","[0.044534412955465584, 0.024291497975708502]","[7.753036437246964, 5.676113360323886]"
org.joda.time.TestMonthDay_Properties.testPropertyGetMaxMinValuesMonthOfYear,0.044534412955465584,0.03441295546558704,0.024291497975708502,0.06882591093117409,0.03143605620385806,0.032890843743465424,0.010121457489878541,7.753036437246964,5.279352226720648,2.805668016194332,10.558704453441296,4.120287002309928,4.663951796531892,2.473684210526316,"[""MonthDay"", ""MonthDay$Property"", ""TestMonthDay_Properties""]","[0.044534412955465584, 0.024291497975708502]","[7.753036437246964, 2.805668016194332]"
org.joda.time.TestMonthDay_Basics.testPlusMonths_int_same,0.044534412955465584,0.03441295546558704,0.024291497975708502,0.06882591093117409,0.03143605620385806,0.032890843743465424,0.010121457489878541,7.753036437246964,6.7145748987854255,5.676113360323886,13.429149797570851,6.553968697630535,6.6337857746942195,1.0384615384615388,"[""MonthDay"", ""TestMonthDay_Basics""]","[0.044534412955465584, 0.024291497975708502]","[7.753036437246964, 5.676113360323886]"
org.joda.time.TestMonthDay_Basics.testPlusMonths_int_adjust,0.044534412955465584,0.03441295546558704,0.024291497975708502,0.06882591093117409,0.03143605620385806,0.032890843743465424,0.010121457489878541,7.753036437246964,6.7145748987854255,5.676113360323886,13.429149797570851,6.553968697630535,6.6337857746942195,1.0384615384615388,"[""MonthDay"", ""TestMonthDay_Basics""]","[0.044534412955465584, 0.024291497975708502]","[7.753036437246964, 5.676113360323886]"
org.joda.time.TestMonthDay_Properties.testPropertyGetMaxMinValuesDayOfMonth,0.044534412955465584,0.03441295546558704,0.024291497975708502,0.06882591093117409,0.03143605620385806,0.032890843743465424,0.010121457489878541,7.753036437246964,5.279352226720648,2.805668016194332,10.558704453441296,4.120287002309928,4.663951796531892,2.473684210526316,"[""MonthDay"", ""MonthDay$Property"", ""TestMonthDay_Properties""]","[0.044534412955465584, 0.024291497975708502]","[7.753036437246964, 2.805668016194332]"
org.joda.time.TestMonthDay_Properties.testPropertyAddWrapFieldDayOfMonth,0.044534412955465584,0.03441295546558704,0.024291497975708502,0.06882591093117409,0.03143605620385806,0.032890843743465424,0.010121457489878541,7.753036437246964,5.279352226720648,2.805668016194332,10.558704453441296,4.120287002309928,4.663951796531892,2.473684210526316,"[""MonthDay$Property"", ""MonthDay"", ""TestMonthDay_Properties""]","[0.044534412955465584, 0.024291497975708502]","[7.753036437246964, 2.805668016194332]"
org.joda.time.TestMonthDay_Properties.testPropertyHashCode,0.044534412955465584,0.03441295546558704,0.024291497975708502,0.06882591093117409,0.03143605620385806,0.032890843743465424,0.010121457489878541,7.753036437246964,5.279352226720648,2.805668016194332,10.558704453441296,4.120287002309928,4.663951796531892,2.473684210526316,"[""MonthDay"", ""MonthDay$Property"", ""TestMonthDay_Properties""]","[0.044534412955465584, 0.024291497975708502]","[7.753036437246964, 2.805668016194332]"
org.joda.time.TestMonthDay_Basics.testWithers,0.044534412955465584,0.03441295546558704,0.024291497975708502,0.06882591093117409,0.03143605620385806,0.032890843743465424,0.010121457489878541,7.753036437246964,6.7145748987854255,5.676113360323886,13.429149797570851,6.553968697630535,6.6337857746942195,1.0384615384615388,"[""MonthDay"", ""TestMonthDay_Basics""]","[0.044534412955465584, 0.024291497975708502]","[7.753036437246964, 5.676113360323886]"
org.joda.time.TestMonthDay_Properties.testPropertyAddMonthOfYear,0.044534412955465584,0.03441295546558704,0.024291497975708502,0.06882591093117409,0.03143605620385806,0.032890843743465424,0.010121457489878541,7.753036437246964,5.279352226720648,2.805668016194332,10.558704453441296,4.120287002309928,4.663951796531892,2.473684210526316,"[""MonthDay$Property"", ""MonthDay"", ""TestMonthDay_Properties""]","[0.044534412955465584, 0.024291497975708502]","[7.753036437246964, 2.805668016194332]"
org.joda.time.TestMonthDay_Properties.testPropertyAddDayOfMonth,0.044534412955465584,0.03441295546558704,0.024291497975708502,0.06882591093117409,0.03143605620385806,0.032890843743465424,0.010121457489878541,7.753036437246964,5.279352226720648,2.805668016194332,10.558704453441296,4.120287002309928,4.663951796531892,2.473684210526316,"[""MonthDay$Property"", ""MonthDay"", ""TestMonthDay_Properties""]","[0.044534412955465584, 0.024291497975708502]","[7.753036437246964, 2.805668016194332]"
org.joda.time.TestMonthDay_Basics.testWithFieldAdded_nullField_zero,0.044534412955465584,0.03441295546558704,0.024291497975708502,0.06882591093117409,0.03143605620385806,0.032890843743465424,0.010121457489878541,7.753036437246964,6.7145748987854255,5.676113360323886,13.429149797570851,6.553968697630535,6.6337857746942195,1.0384615384615388,"[""MonthDay"", ""TestMonthDay_Basics""]","[0.044534412955465584, 0.024291497975708502]","[7.753036437246964, 5.676113360323886]"
org.joda.time.TestMonthDay_Properties.testPropertyAddWrapFieldMonthOfYear,0.044534412955465584,0.03441295546558704,0.024291497975708502,0.06882591093117409,0.03143605620385806,0.032890843743465424,0.010121457489878541,7.753036437246964,5.279352226720648,2.805668016194332,10.558704453441296,4.120287002309928,4.663951796531892,2.473684210526316,"[""MonthDay$Property"", ""MonthDay"", ""TestMonthDay_Properties""]","[0.044534412955465584, 0.024291497975708502]","[7.753036437246964, 2.805668016194332]"
org.joda.time.TestMonthDay_Basics.testMinusMonths_int_adjust,0.044534412955465584,0.03441295546558704,0.024291497975708502,0.06882591093117409,0.03143605620385806,0.032890843743465424,0.010121457489878541,7.753036437246964,6.7145748987854255,5.676113360323886,13.429149797570851,6.553968697630535,6.6337857746942195,1.0384615384615388,"[""MonthDay"", ""TestMonthDay_Basics""]","[0.044534412955465584, 0.024291497975708502]","[7.753036437246964, 5.676113360323886]"
org.joda.time.TestMonthDay_Basics.testSize,0.044534412955465584,0.03441295546558704,0.024291497975708502,0.06882591093117409,0.03143605620385806,0.032890843743465424,0.010121457489878541,7.753036437246964,6.7145748987854255,5.676113360323886,13.429149797570851,6.553968697630535,6.6337857746942195,1.0384615384615388,"[""MonthDay"", ""TestMonthDay_Basics""]","[0.044534412955465584, 0.024291497975708502]","[7.753036437246964, 5.676113360323886]"
org.joda.time.TestMonthDay_Basics.testGetValues,0.044534412955465584,0.03441295546558704,0.024291497975708502,0.06882591093117409,0.03143605620385806,0.032890843743465424,0.010121457489878541,7.753036437246964,6.7145748987854255,5.676113360323886,13.429149797570851,6.553968697630535,6.6337857746942195,1.0384615384615388,"[""MonthDay"", ""TestMonthDay_Basics""]","[0.044534412955465584, 0.024291497975708502]","[7.753036437246964, 5.676113360323886]"
org.joda.time.TestMonthDay_Basics.testMinusMonths_int_wrap,0.044534412955465584,0.03441295546558704,0.024291497975708502,0.06882591093117409,0.03143605620385806,0.032890843743465424,0.010121457489878541,7.753036437246964,6.7145748987854255,5.676113360323886,13.429149797570851,6.553968697630535,6.6337857746942195,1.0384615384615388,"[""MonthDay"", ""TestMonthDay_Basics""]","[0.044534412955465584, 0.024291497975708502]","[7.753036437246964, 5.676113360323886]"
org.joda.time.TestMonthDay_Properties.testPropertySetTextMonthOfYear,0.044534412955465584,0.03441295546558704,0.024291497975708502,0.06882591093117409,0.03143605620385806,0.032890843743465424,0.010121457489878541,7.753036437246964,5.279352226720648,2.805668016194332,10.558704453441296,4.120287002309928,4.663951796531892,2.473684210526316,"[""MonthDay$Property"", ""MonthDay"", ""TestMonthDay_Properties""]","[0.044534412955465584, 0.024291497975708502]","[7.753036437246964, 2.805668016194332]"
org.joda.time.TestMonthDay_Properties.testPropertySetTextDayOfMonth,0.044534412955465584,0.03441295546558704,0.024291497975708502,0.06882591093117409,0.03143605620385806,0.032890843743465424,0.010121457489878541,7.753036437246964,5.279352226720648,2.805668016194332,10.558704453441296,4.120287002309928,4.663951796531892,2.473684210526316,"[""MonthDay$Property"", ""MonthDay"", ""TestMonthDay_Properties""]","[0.044534412955465584, 0.024291497975708502]","[7.753036437246964, 2.805668016194332]"
org.joda.time.TestMonthDay_Basics.testMinusMonths_int_same,0.044534412955465584,0.03441295546558704,0.024291497975708502,0.06882591093117409,0.03143605620385806,0.032890843743465424,0.010121457489878541,7.753036437246964,6.7145748987854255,5.676113360323886,13.429149797570851,6.553968697630535,6.6337857746942195,1.0384615384615388,"[""MonthDay"", ""TestMonthDay_Basics""]","[0.044534412955465584, 0.024291497975708502]","[7.753036437246964, 5.676113360323886]"
org.joda.time.TestMonthDay_Basics.testWithChronologyRetainFields_nullChrono,0.044534412955465584,0.03441295546558704,0.024291497975708502,0.06882591093117409,0.03143605620385806,0.032890843743465424,0.010121457489878541,7.753036437246964,6.7145748987854255,5.676113360323886,13.429149797570851,6.553968697630535,6.6337857746942195,1.0384615384615388,"[""MonthDay"", ""TestMonthDay_Basics""]","[0.044534412955465584, 0.024291497975708502]","[7.753036437246964, 5.676113360323886]"
org.joda.time.TestMonthDay_Basics.testToString_String_Locale,0.044534412955465584,0.03441295546558704,0.024291497975708502,0.06882591093117409,0.03143605620385806,0.032890843743465424,0.010121457489878541,7.753036437246964,6.7145748987854255,5.676113360323886,13.429149797570851,6.553968697630535,6.6337857746942195,1.0384615384615388,"[""MonthDay"", ""TestMonthDay_Basics""]","[0.044534412955465584, 0.024291497975708502]","[7.753036437246964, 5.676113360323886]"
org.joda.time.TestMonthDay_Basics.testGetValue,0.044534412955465584,0.03441295546558704,0.024291497975708502,0.06882591093117409,0.03143605620385806,0.032890843743465424,0.010121457489878541,7.753036437246964,6.7145748987854255,5.676113360323886,13.429149797570851,6.553968697630535,6.6337857746942195,1.0384615384615388,"[""MonthDay"", ""TestMonthDay_Basics""]","[0.044534412955465584, 0.024291497975708502]","[7.753036437246964, 5.676113360323886]"
org.joda.time.TestMonthDay_Basics.testWithChronologyRetainFields_Chrono,0.044534412955465584,0.03441295546558704,0.024291497975708502,0.06882591093117409,0.03143605620385806,0.032890843743465424,0.010121457489878541,7.753036437246964,6.7145748987854255,5.676113360323886,13.429149797570851,6.553968697630535,6.6337857746942195,1.0384615384615388,"[""MonthDay"", ""TestMonthDay_Basics""]","[0.044534412955465584, 0.024291497975708502]","[7.753036437246964, 5.676113360323886]"
org.joda.time.TestMonthDay_Properties.testPropertySetMonthOfYear,0.044534412955465584,0.03441295546558704,0.024291497975708502,0.06882591093117409,0.03143605620385806,0.032890843743465424,0.010121457489878541,7.753036437246964,5.279352226720648,2.805668016194332,10.558704453441296,4.120287002309928,4.663951796531892,2.473684210526316,"[""MonthDay$Property"", ""MonthDay"", ""TestMonthDay_Properties""]","[0.044534412955465584, 0.024291497975708502]","[7.753036437246964, 2.805668016194332]"
org.joda.time.TestMonthDay_Basics.testWithChronologyRetainFields_sameChrono,0.044534412955465584,0.03441295546558704,0.024291497975708502,0.06882591093117409,0.03143605620385806,0.032890843743465424,0.010121457489878541,7.753036437246964,6.7145748987854255,5.676113360323886,13.429149797570851,6.553968697630535,6.6337857746942195,1.0384615384615388,"[""MonthDay"", ""TestMonthDay_Basics""]","[0.044534412955465584, 0.024291497975708502]","[7.753036437246964, 5.676113360323886]"
org.joda.time.TestMonthDay_Basics.testWithFieldAdded_nullField_nonZero,0.044534412955465584,0.03441295546558704,0.024291497975708502,0.06882591093117409,0.03143605620385806,0.032890843743465424,0.010121457489878541,7.753036437246964,6.7145748987854255,5.676113360323886,13.429149797570851,6.553968697630535,6.6337857746942195,1.0384615384615388,"[""MonthDay"", ""TestMonthDay_Basics""]","[0.044534412955465584, 0.024291497975708502]","[7.753036437246964, 5.676113360323886]"
org.joda.time.TestMonthDay_Basics.testToString,0.044534412955465584,0.03441295546558704,0.024291497975708502,0.06882591093117409,0.03143605620385806,0.032890843743465424,0.010121457489878541,7.753036437246964,6.7145748987854255,5.676113360323886,13.429149797570851,6.553968697630535,6.6337857746942195,1.0384615384615388,"[""MonthDay"", ""TestMonthDay_Basics""]","[0.044534412955465584, 0.024291497975708502]","[7.753036437246964, 5.676113360323886]"
org.joda.time.TestMutableDateTime_Properties.testPropertyGetEra,0.03527980535279805,0.02294195064858118,0.01347305389221557,0.06882585194574355,0.019686947140329786,0.021209712647430348,0.009130782810391386,4.203771289537713,3.0322839722015824,2.3728710462287106,9.096851916604747,2.840628155953919,2.9294311257473935,0.8305476353807286,"[""TestMutableDateTime_Properties"", ""MutableDateTime$Property"", ""Chronology"", ""MutableDateTime""]","[0.03527980535279805, 0.020072992700729927, 0.01347305389221557]","[4.203771289537713, 2.3728710462287106, 2.520209580838323]"
org.joda.time.TestMutableDateTime_Properties.testPropertyGetSecondOfMinute,0.03527980535279805,0.02294195064858118,0.01347305389221557,0.06882585194574355,0.019686947140329786,0.021209712647430348,0.009130782810391386,4.203771289537713,3.0322839722015824,2.3728710462287106,9.096851916604747,2.840628155953919,2.9294311257473935,0.8305476353807286,"[""TestMutableDateTime_Properties"", ""MutableDateTime$Property"", ""Chronology"", ""MutableDateTime""]","[0.03527980535279805, 0.020072992700729927, 0.01347305389221557]","[4.203771289537713, 2.3728710462287106, 2.520209580838323]"
org.joda.time.TestMutableDateTime_Properties.testPropertyGetMinuteOfDay,0.03527980535279805,0.02294195064858118,0.01347305389221557,0.06882585194574355,0.019686947140329786,0.021209712647430348,0.009130782810391386,4.203771289537713,3.0322839722015824,2.3728710462287106,9.096851916604747,2.840628155953919,2.9294311257473935,0.8305476353807286,"[""TestMutableDateTime_Properties"", ""MutableDateTime$Property"", ""Chronology"", ""MutableDateTime""]","[0.03527980535279805, 0.020072992700729927, 0.01347305389221557]","[4.203771289537713, 2.3728710462287106, 2.520209580838323]"
org.joda.time.TestMutableDateTime_Properties.testPropertyGetWeekyear,0.03527980535279805,0.02294195064858118,0.01347305389221557,0.06882585194574355,0.019686947140329786,0.021209712647430348,0.009130782810391386,4.203771289537713,3.0322839722015824,2.3728710462287106,9.096851916604747,2.840628155953919,2.9294311257473935,0.8305476353807286,"[""TestMutableDateTime_Properties"", ""MutableDateTime$Property"", ""Chronology"", ""MutableDateTime""]","[0.03527980535279805, 0.020072992700729927, 0.01347305389221557]","[4.203771289537713, 2.3728710462287106, 2.520209580838323]"
org.joda.time.TestMutableDateTime_Properties.testPropertyGetSecondOfDay,0.03527980535279805,0.02294195064858118,0.01347305389221557,0.06882585194574355,0.019686947140329786,0.021209712647430348,0.009130782810391386,4.203771289537713,3.0322839722015824,2.3728710462287106,9.096851916604747,2.840628155953919,2.9294311257473935,0.8305476353807286,"[""TestMutableDateTime_Properties"", ""MutableDateTime$Property"", ""Chronology"", ""MutableDateTime""]","[0.03527980535279805, 0.020072992700729927, 0.01347305389221557]","[4.203771289537713, 2.3728710462287106, 2.520209580838323]"
org.joda.time.TestMutableDateTime_Properties.testPropertyGetMillisOfSecond,0.03527980535279805,0.02294195064858118,0.01347305389221557,0.06882585194574355,0.019686947140329786,0.021209712647430348,0.009130782810391386,4.203771289537713,3.0322839722015824,2.3728710462287106,9.096851916604747,2.840628155953919,2.9294311257473935,0.8305476353807286,"[""TestMutableDateTime_Properties"", ""MutableDateTime$Property"", ""Chronology"", ""MutableDateTime""]","[0.03527980535279805, 0.020072992700729927, 0.01347305389221557]","[4.203771289537713, 2.3728710462287106, 2.520209580838323]"
org.joda.time.TestMutableDateTime_Properties.testPropertyGetDayOfWeek,0.03527980535279805,0.02294195064858118,0.01347305389221557,0.06882585194574355,0.019686947140329786,0.021209712647430348,0.009130782810391386,4.203771289537713,3.0322839722015824,2.3728710462287106,9.096851916604747,2.840628155953919,2.9294311257473935,0.8305476353807286,"[""TestMutableDateTime_Properties"", ""MutableDateTime$Property"", ""Chronology"", ""MutableDateTime""]","[0.03527980535279805, 0.020072992700729927, 0.01347305389221557]","[4.203771289537713, 2.3728710462287106, 2.520209580838323]"
org.joda.time.TestMutableDateTime_Properties.testPropertyGetYearOfEra,0.03527980535279805,0.02294195064858118,0.01347305389221557,0.06882585194574355,0.019686947140329786,0.021209712647430348,0.009130782810391386,4.203771289537713,3.0322839722015824,2.3728710462287106,9.096851916604747,2.840628155953919,2.9294311257473935,0.8305476353807286,"[""TestMutableDateTime_Properties"", ""MutableDateTime$Property"", ""Chronology"", ""MutableDateTime""]","[0.03527980535279805, 0.020072992700729927, 0.01347305389221557]","[4.203771289537713, 2.3728710462287106, 2.520209580838323]"
org.joda.time.TestMutableDateTime_Properties.testPropertyGetMinuteOfHour,0.03527980535279805,0.02294195064858118,0.01347305389221557,0.06882585194574355,0.019686947140329786,0.021209712647430348,0.009130782810391386,4.203771289537713,3.0322839722015824,2.3728710462287106,9.096851916604747,2.840628155953919,2.9294311257473935,0.8305476353807286,"[""TestMutableDateTime_Properties"", ""MutableDateTime$Property"", ""Chronology"", ""MutableDateTime""]","[0.03527980535279805, 0.020072992700729927, 0.01347305389221557]","[4.203771289537713, 2.3728710462287106, 2.520209580838323]"
org.joda.time.TestMutableDateTime_Properties.testPropertyGetWeekOfWeekyear,0.03527980535279805,0.02294195064858118,0.01347305389221557,0.06882585194574355,0.019686947140329786,0.021209712647430348,0.009130782810391386,4.203771289537713,3.0322839722015824,2.3728710462287106,9.096851916604747,2.840628155953919,2.9294311257473935,0.8305476353807286,"[""TestMutableDateTime_Properties"", ""MutableDateTime$Property"", ""Chronology"", ""MutableDateTime""]","[0.03527980535279805, 0.020072992700729927, 0.01347305389221557]","[4.203771289537713, 2.3728710462287106, 2.520209580838323]"
org.joda.time.TestMutableDateTime_Properties.testPropertyGetMillisOfDay,0.03527980535279805,0.02294195064858118,0.01347305389221557,0.06882585194574355,0.019686947140329786,0.021209712647430348,0.009130782810391386,4.203771289537713,3.0322839722015824,2.3728710462287106,9.096851916604747,2.840628155953919,2.9294311257473935,0.8305476353807286,"[""TestMutableDateTime_Properties"", ""MutableDateTime$Property"", ""Chronology"", ""MutableDateTime""]","[0.03527980535279805, 0.020072992700729927, 0.01347305389221557]","[4.203771289537713, 2.3728710462287106, 2.520209580838323]"
org.joda.time.TestMutableDateTime_Properties.testPropertyGetYearOfCentury,0.03527980535279805,0.02294195064858118,0.01347305389221557,0.06882585194574355,0.019686947140329786,0.021209712647430348,0.009130782810391386,4.203771289537713,3.0322839722015824,2.3728710462287106,9.096851916604747,2.840628155953919,2.9294311257473935,0.8305476353807286,"[""TestMutableDateTime_Properties"", ""MutableDateTime$Property"", ""Chronology"", ""MutableDateTime""]","[0.03527980535279805, 0.020072992700729927, 0.01347305389221557]","[4.203771289537713, 2.3728710462287106, 2.520209580838323]"
org.joda.time.TestMutableDateTime_Properties.testPropertyGetDayOfYear,0.03527980535279805,0.02294195064858118,0.01347305389221557,0.06882585194574355,0.019686947140329786,0.021209712647430348,0.009130782810391386,4.203771289537713,3.0322839722015824,2.3728710462287106,9.096851916604747,2.840628155953919,2.9294311257473935,0.8305476353807286,"[""TestMutableDateTime_Properties"", ""MutableDateTime$Property"", ""Chronology"", ""MutableDateTime""]","[0.03527980535279805, 0.020072992700729927, 0.01347305389221557]","[4.203771289537713, 2.3728710462287106, 2.520209580838323]"
org.joda.time.TestMutableDateTime_Properties.testPropertyGetYear,0.03527980535279805,0.02294195064858118,0.01347305389221557,0.06882585194574355,0.019686947140329786,0.021209712647430348,0.009130782810391386,4.203771289537713,3.0322839722015824,2.3728710462287106,9.096851916604747,2.840628155953919,2.9294311257473935,0.8305476353807286,"[""TestMutableDateTime_Properties"", ""MutableDateTime$Property"", ""Chronology"", ""MutableDateTime""]","[0.03527980535279805, 0.020072992700729927, 0.01347305389221557]","[4.203771289537713, 2.3728710462287106, 2.520209580838323]"
org.joda.time.TestMutableDateTime_Properties.testPropertyGetMonthOfYear,0.03527980535279805,0.02294195064858118,0.01347305389221557,0.06882585194574355,0.019686947140329786,0.021209712647430348,0.009130782810391386,4.203771289537713,3.0322839722015824,2.3728710462287106,9.096851916604747,2.840628155953919,2.9294311257473935,0.8305476353807286,"[""TestMutableDateTime_Properties"", ""MutableDateTime$Property"", ""Chronology"", ""MutableDateTime""]","[0.03527980535279805, 0.020072992700729927, 0.01347305389221557]","[4.203771289537713, 2.3728710462287106, 2.520209580838323]"
org.joda.time.TestMutableDateTime_Properties.testPropertyGetHourOfDay,0.03527980535279805,0.02294195064858118,0.01347305389221557,0.06882585194574355,0.019686947140329786,0.021209712647430348,0.009130782810391386,4.203771289537713,3.0322839722015824,2.3728710462287106,9.096851916604747,2.840628155953919,2.9294311257473935,0.8305476353807286,"[""TestMutableDateTime_Properties"", ""MutableDateTime$Property"", ""Chronology"", ""MutableDateTime""]","[0.03527980535279805, 0.020072992700729927, 0.01347305389221557]","[4.203771289537713, 2.3728710462287106, 2.520209580838323]"
org.joda.time.TestMutableDateTime_Properties.testPropertyGetCenturyOfEra,0.03527980535279805,0.02294195064858118,0.01347305389221557,0.06882585194574355,0.019686947140329786,0.021209712647430348,0.009130782810391386,4.203771289537713,3.0322839722015824,2.3728710462287106,9.096851916604747,2.840628155953919,2.9294311257473935,0.8305476353807286,"[""TestMutableDateTime_Properties"", ""MutableDateTime$Property"", ""Chronology"", ""MutableDateTime""]","[0.03527980535279805, 0.020072992700729927, 0.01347305389221557]","[4.203771289537713, 2.3728710462287106, 2.520209580838323]"
org.joda.time.TestMutableDateTime_Properties.testPropertyGetDayOfMonth,0.03527980535279805,0.02294195064858118,0.01347305389221557,0.06882585194574355,0.019686947140329786,0.021209712647430348,0.009130782810391386,4.203771289537713,3.0322839722015824,2.3728710462287106,9.096851916604747,2.840628155953919,2.9294311257473935,0.8305476353807286,"[""TestMutableDateTime_Properties"", ""MutableDateTime$Property"", ""Chronology"", ""MutableDateTime""]","[0.03527980535279805, 0.020072992700729927, 0.01347305389221557]","[4.203771289537713, 2.3728710462287106, 2.520209580838323]"
org.joda.time.TestInterval_Basics.testSerialization,0.029780564263322883,0.01719202234972204,0.007633587786259542,0.06876808939888816,0.01184354059529375,0.014243865166164466,0.009795634057102978,5.471003134796239,1.822973739736837,0.09541984732824428,7.291894958947348,0.1938196543304517,0.5481830545708963,2.19541226703623,"[""ByteArrayOutputStream"", ""Interval"", ""ObjectInputStream"", ""TestInterval_Basics"", ""ObjectOutputStream"", ""ByteArrayInputStream""]","[0.029780564263322883, 0.02372034956304619, 0.007633587786259542, 0.007633587786259542]","[5.471003134796239, 1.618601747815231, 0.09541984732824428, 0.10687022900763359]"
org.joda.time.TestInterval_Basics.testWithChronology2,0.029780564263322883,0.0229025754928124,0.015206812652068127,0.0687077264784372,0.021201886595944117,0.022064668188684265,0.005977743433163706,5.471003134796239,2.603063752435778,0.7195863746958637,7.809191257307333,1.3696839713564766,1.853944092179684,2.0608840151654686,"[""TestInterval_Basics"", ""ISOChronology"", ""Interval""]","[0.029780564263322883, 0.02372034956304619, 0.015206812652068127]","[5.471003134796239, 1.618601747815231, 0.7195863746958637]"
org.joda.time.TestMutableInterval_Basics.testIsBeforeNow,0.02710027100271003,0.022826993402228334,0.019350811485642945,0.068480980206685,0.02239302685959297,0.02260624511394374,0.0032135185128484936,1.931549960660897,1.6066226389580553,1.3320848938826466,4.819867916874166,1.569859434814161,1.5879524572231467,0.2473107675865623,"[""MutableInterval"", ""TestMutableInterval_Basics"", ""DateTimeUtils""]","[0.02710027100271003, 0.022029897718332022, 0.019350811485642945]","[1.5562330623306233, 1.931549960660897, 1.3320848938826466]"
org.joda.time.TestMutableInterval_Basics.testContainsNow,0.02710027100271003,0.022826993402228334,0.019350811485642945,0.068480980206685,0.02239302685959297,0.02260624511394374,0.0032135185128484936,1.931549960660897,1.6066226389580553,1.3320848938826466,4.819867916874166,1.569859434814161,1.5879524572231467,0.2473107675865623,"[""MutableInterval"", ""TestMutableInterval_Basics"", ""DateTimeUtils""]","[0.02710027100271003, 0.022029897718332022, 0.019350811485642945]","[1.5562330623306233, 1.931549960660897, 1.3320848938826466]"
org.joda.time.TestMutableInterval_Basics.testIsAfterNow,0.02710027100271003,0.022826993402228334,0.019350811485642945,0.068480980206685,0.02239302685959297,0.02260624511394374,0.0032135185128484936,1.931549960660897,1.6066226389580553,1.3320848938826466,4.819867916874166,1.569859434814161,1.5879524572231467,0.2473107675865623,"[""MutableInterval"", ""TestMutableInterval_Basics"", ""DateTimeUtils""]","[0.02710027100271003, 0.022029897718332022, 0.019350811485642945]","[1.5562330623306233, 1.931549960660897, 1.3320848938826466]"
org.joda.time.field.TestUnsupportedDateTimeField.testAlwaysFalseReturnTypes,0.024539877300613498,0.017108940609343638,0.010378510378510378,0.06843576243737455,0.015595038637217866,0.016352282221399405,0.005024633267406447,5.451942740286299,2.3983379038179544,0.778998778998779,9.593351615271818,1.4945631484020894,1.8537701853959694,1.807419439754167,"[""DateTimeField"", ""TestUnsupportedDateTimeField"", ""UnsupportedDurationField"", ""UnsupportedDateTimeField""]","[0.024539877300613498, 0.017094017094017096, 0.016423357664233577, 0.010378510378510378]","[5.451942740286299, 1.467032967032967, 1.8953771289537713, 0.778998778998779]"
org.joda.time.field.TestUnsupportedDateTimeField.testMethodsThatShouldAlwaysReturnNull,0.024539877300613498,0.017108940609343638,0.010378510378510378,0.06843576243737455,0.015595038637217866,0.016352282221399405,0.005024633267406447,5.451942740286299,2.3983379038179544,0.778998778998779,9.593351615271818,1.4945631484020894,1.8537701853959694,1.807419439754167,"[""DateTimeField"", ""TestUnsupportedDateTimeField"", ""UnsupportedDurationField"", ""UnsupportedDateTimeField""]","[0.024539877300613498, 0.017094017094017096, 0.016423357664233577, 0.010378510378510378]","[5.451942740286299, 1.467032967032967, 1.8953771289537713, 0.778998778998779]"
org.joda.time.field.TestUnsupportedDateTimeField.testToString,0.024539877300613498,0.017108940609343638,0.010378510378510378,0.06843576243737455,0.015595038637217866,0.016352282221399405,0.005024633267406447,5.451942740286299,2.3983379038179544,0.778998778998779,9.593351615271818,1.4945631484020894,1.8537701853959694,1.807419439754167,"[""UnsupportedDateTimeField"", ""UnsupportedDurationField"", ""String"", ""DateTimeField"", ""TestUnsupportedDateTimeField""]","[0.024539877300613498, 0.017094017094017096, 0.016423357664233577, 0.010378510378510378]","[5.451942740286299, 1.467032967032967, 1.8953771289537713, 0.778998778998779]"
org.joda.time.TestMutableDateTime_Sets.testSetChronology_Chronology1,0.03527980535279805,0.022682629376157646,0.01634472511144131,0.06804788812847294,0.019944748438668683,0.021157056739024547,0.008907606401625684,4.203771289537713,2.2775593540200214,0.6593673965936739,6.832678062060064,1.3261311240456675,1.76080152441487,1.4632969553390403,"[""TestMutableDateTime_Sets"", ""MutableDateTime"", ""GregorianChronology""]","[0.03527980535279805, 0.016423357664233577, 0.01634472511144131]","[4.203771289537713, 0.6593673965936739, 1.9695393759286777]"
org.joda.time.TestMutableDateTime_Sets.testSetMillis_RI2,0.03527980535279805,0.022682629376157646,0.01634472511144131,0.06804788812847294,0.019944748438668683,0.021157056739024547,0.008907606401625684,4.203771289537713,2.4367239931116678,1.1368613138686132,7.310171979335004,1.8458933352920504,2.111399488111322,1.294908053264522,"[""BuddhistChronology"", ""TestMutableDateTime_Sets"", ""MutableDateTime""]","[0.03527980535279805, 0.016423357664233577, 0.01634472511144131]","[4.203771289537713, 1.1368613138686132, 1.9695393759286777]"
org.joda.time.TestMutableDateTime_Sets.testSetZoneRetainFields_DateTimeZone3,0.03527980535279805,0.022682629376157646,0.01634472511144131,0.06804788812847294,0.019944748438668683,0.021157056739024547,0.008907606401625684,4.203771289537713,2.2775593540200214,0.6593673965936739,6.832678062060064,1.3261311240456675,1.76080152441487,1.4632969553390403,"[""TestMutableDateTime_Sets"", ""MutableDateTime"", ""GregorianChronology""]","[0.03527980535279805, 0.016423357664233577, 0.01634472511144131]","[4.203771289537713, 0.6593673965936739, 1.9695393759286777]"
org.joda.time.TestMutableDateTime_Constructors.testConstructor_Object_Chronology,0.03527980535279805,0.01693569664826484,0.0026666666666666666,0.06774278659305936,0.007420992024566043,0.011989362109433372,0.011758689834131192,4.203771289537713,1.6601388072435945,0.04933333333333333,6.640555228974378,0.1769642697841381,0.6972169151820915,1.5867356693802628,"[""TestMutableDateTime_Constructors"", ""Date"", ""MutableDateTime"", ""GregorianChronology""]","[0.03527980535279805, 0.016423357664233577, 0.01337295690936107, 0.0026666666666666666]","[4.203771289537713, 0.6593673965936739, 1.7280832095096583, 0.04933333333333333]"
org.joda.time.convert.TestStringConverter.testGetDateTime4,0.041970802919708027,0.03378660627913112,0.025602409638554216,0.06757321255826224,0.031804132096957864,0.03278038573917934,0.008184196640576905,5.9939172749391725,4.132500806144285,2.2710843373493974,8.26500161228857,3.2940566211729987,3.689538134032814,1.8614164687948875,"[""TestStringConverter"", ""DateTime""]","[0.041970802919708027, 0.025602409638554216]","[5.9939172749391725, 2.2710843373493974]"
org.joda.time.convert.TestStringConverter.testGetDateTime,0.041970802919708027,0.03378660627913112,0.025602409638554216,0.06757321255826224,0.031804132096957864,0.03278038573917934,0.008184196640576905,5.9939172749391725,4.132500806144285,2.2710843373493974,8.26500161228857,3.2940566211729987,3.689538134032814,1.8614164687948875,"[""TestStringConverter"", ""DateTime""]","[0.041970802919708027, 0.025602409638554216]","[5.9939172749391725, 2.2710843373493974]"
org.joda.time.convert.TestStringConverter.testGetDateTime1,0.041970802919708027,0.03378660627913112,0.025602409638554216,0.06757321255826224,0.031804132096957864,0.03278038573917934,0.008184196640576905,5.9939172749391725,4.132500806144285,2.2710843373493974,8.26500161228857,3.2940566211729987,3.689538134032814,1.8614164687948875,"[""TestStringConverter"", ""DateTime""]","[0.041970802919708027, 0.025602409638554216]","[5.9939172749391725, 2.2710843373493974]"
org.joda.time.convert.TestStringConverter.testGetDateTime2,0.041970802919708027,0.03378660627913112,0.025602409638554216,0.06757321255826224,0.031804132096957864,0.03278038573917934,0.008184196640576905,5.9939172749391725,4.132500806144285,2.2710843373493974,8.26500161228857,3.2940566211729987,3.689538134032814,1.8614164687948875,"[""TestStringConverter"", ""DateTime""]","[0.041970802919708027, 0.025602409638554216]","[5.9939172749391725, 2.2710843373493974]"
org.joda.time.convert.TestStringConverter.testGetDateTime3,0.041970802919708027,0.03378660627913112,0.025602409638554216,0.06757321255826224,0.031804132096957864,0.03278038573917934,0.008184196640576905,5.9939172749391725,4.132500806144285,2.2710843373493974,8.26500161228857,3.2940566211729987,3.689538134032814,1.8614164687948875,"[""TestStringConverter"", ""DateTime""]","[0.041970802919708027, 0.025602409638554216]","[5.9939172749391725, 2.2710843373493974]"
org.joda.time.TestDateTimeZone.testNameProviderSecurity,0.03832116788321168,0.033748475991204674,0.029175784099197667,0.06749695198240935,0.03312890694326675,0.03343725647522074,0.004572691892007007,3.7082421590080235,3.6041210795040115,3.5,7.208242159008023,3.6011130786744245,3.6026167651483667,0.10412107950401173,"[""SecurityManager"", ""TestDateTimeZone"", ""TestDateTimeZone$MockOKButNullNameProvider"", ""Object"", ""System"", ""DateTimeZone"", ""Policy""]","[0.03832116788321168, 0.029175784099197667]","[3.5, 3.7082421590080235]"
org.joda.time.TestDateTimeZone.testConstructor,0.03832116788321168,0.033748475991204674,0.029175784099197667,0.06749695198240935,0.03312890694326675,0.03343725647522074,0.004572691892007007,3.7082421590080235,3.6041210795040115,3.5,7.208242159008023,3.6011130786744245,3.6026167651483667,0.10412107950401173,"[""Constructor"", ""Modifier"", ""TestDateTimeZone"", ""DateTimeZone"", ""Class"", ""TestDateTimeZone$3""]","[0.03832116788321168, 0.029175784099197667]","[3.5, 3.7082421590080235]"
org.joda.time.TestDateTimeZone.testForOffsetHoursMinutes_int_int,0.03832116788321168,0.033748475991204674,0.029175784099197667,0.06749695198240935,0.03312890694326675,0.03343725647522074,0.004572691892007007,3.7082421590080235,3.6041210795040115,3.5,7.208242159008023,3.6011130786744245,3.6026167651483667,0.10412107950401173,"[""DateTimeZone"", ""TestDateTimeZone""]","[0.03832116788321168, 0.029175784099197667]","[3.5, 3.7082421590080235]"
org.joda.time.TestDateTimeZone.testGetNameNullKey,0.03832116788321168,0.033748475991204674,0.029175784099197667,0.06749695198240935,0.03312890694326675,0.03343725647522074,0.004572691892007007,3.7082421590080235,3.6041210795040115,3.5,7.208242159008023,3.6011130786744245,3.6026167651483667,0.10412107950401173,"[""TestDateTimeZone$MockDateTimeZone"", ""TestDateTimeZone"", ""DateTimeZone""]","[0.03832116788321168, 0.029175784099197667]","[3.5, 3.7082421590080235]"
org.joda.time.TestDateTimeZone.testProviderSecurity,0.03832116788321168,0.033748475991204674,0.029175784099197667,0.06749695198240935,0.03312890694326675,0.03343725647522074,0.004572691892007007,3.7082421590080235,3.6041210795040115,3.5,7.208242159008023,3.6011130786744245,3.6026167651483667,0.10412107950401173,"[""SecurityManager"", ""TestDateTimeZone"", ""Object"", ""System"", ""DateTimeZone"", ""Policy"", ""Set"", ""TestDateTimeZone$MockOKProvider"", ""HashSet""]","[0.03832116788321168, 0.029175784099197667]","[3.5, 3.7082421590080235]"
org.joda.time.TestDateTimeZone.testGetShortNameNullKey,0.03832116788321168,0.033748475991204674,0.029175784099197667,0.06749695198240935,0.03312890694326675,0.03343725647522074,0.004572691892007007,3.7082421590080235,3.6041210795040115,3.5,7.208242159008023,3.6011130786744245,3.6026167651483667,0.10412107950401173,"[""TestDateTimeZone$MockDateTimeZone"", ""TestDateTimeZone"", ""DateTimeZone""]","[0.03832116788321168, 0.029175784099197667]","[3.5, 3.7082421590080235]"
org.joda.time.TestDateTimeZone.testDefault,0.03832116788321168,0.033748475991204674,0.029175784099197667,0.06749695198240935,0.03312890694326675,0.03343725647522074,0.004572691892007007,3.7082421590080235,3.6041210795040115,3.5,7.208242159008023,3.6011130786744245,3.6026167651483667,0.10412107950401173,"[""DateTimeZone"", ""TestDateTimeZone""]","[0.03832116788321168, 0.029175784099197667]","[3.5, 3.7082421590080235]"
org.joda.time.TestDateTimeZone.testNameProvider,0.03832116788321168,0.033748475991204674,0.029175784099197667,0.06749695198240935,0.03312890694326675,0.03343725647522074,0.004572691892007007,3.7082421590080235,3.6041210795040115,3.5,7.208242159008023,3.6011130786744245,3.6026167651483667,0.10412107950401173,"[""Object"", ""TestDateTimeZone$MockOKButNullNameProvider"", ""TestDateTimeZone"", ""ByteArrayOutputStream"", ""String"", ""PrintStream"", ""Properties"", ""System"", ""DateTimeZone""]","[0.03832116788321168, 0.029175784099197667]","[3.5, 3.7082421590080235]"
org.joda.time.TestDateTimeZone.testGetAvailableIDs,0.03832116788321168,0.033748475991204674,0.029175784099197667,0.06749695198240935,0.03312890694326675,0.03343725647522074,0.004572691892007007,3.7082421590080235,3.6041210795040115,3.5,7.208242159008023,3.6011130786744245,3.6026167651483667,0.10412107950401173,"[""Set"", ""DateTimeZone"", ""TestDateTimeZone""]","[0.03832116788321168, 0.029175784099197667]","[3.5, 3.7082421590080235]"
org.joda.time.TestDateTimeZone.testGetOffset_long,0.03832116788321168,0.033748475991204674,0.029175784099197667,0.06749695198240935,0.03312890694326675,0.03343725647522074,0.004572691892007007,3.7082421590080235,3.6041210795040115,3.5,7.208242159008023,3.6011130786744245,3.6026167651483667,0.10412107950401173,"[""DateTimeZone"", ""TestDateTimeZone""]","[0.03832116788321168, 0.029175784099197667]","[3.5, 3.7082421590080235]"
org.joda.time.TestDateTimeZone.testDefaultSecurity,0.03832116788321168,0.033748475991204674,0.029175784099197667,0.06749695198240935,0.03312890694326675,0.03343725647522074,0.004572691892007007,3.7082421590080235,3.6041210795040115,3.5,7.208242159008023,3.6011130786744245,3.6026167651483667,0.10412107950401173,"[""SecurityManager"", ""TestDateTimeZone"", ""System"", ""DateTimeZone"", ""Policy""]","[0.03832116788321168, 0.029175784099197667]","[3.5, 3.7082421590080235]"
org.joda.time.TestDateTimeZone.testToString,0.03832116788321168,0.033748475991204674,0.029175784099197667,0.06749695198240935,0.03312890694326675,0.03343725647522074,0.004572691892007007,3.7082421590080235,3.6041210795040115,3.5,7.208242159008023,3.6011130786744245,3.6026167651483667,0.10412107950401173,"[""DateTimeZone"", ""TestDateTimeZone""]","[0.03832116788321168, 0.029175784099197667]","[3.5, 3.7082421590080235]"
org.joda.time.TestDateTimeZone.testTransitionFixed,0.03832116788321168,0.033748475991204674,0.029175784099197667,0.06749695198240935,0.03312890694326675,0.03343725647522074,0.004572691892007007,3.7082421590080235,3.6041210795040115,3.5,7.208242159008023,3.6011130786744245,3.6026167651483667,0.10412107950401173,"[""DateTimeZone"", ""TestDateTimeZone""]","[0.03832116788321168, 0.029175784099197667]","[3.5, 3.7082421590080235]"
org.joda.time.TestDateTimeZone.testGetMillisKeepLocal,0.03832116788321168,0.033748475991204674,0.029175784099197667,0.06749695198240935,0.03312890694326675,0.03343725647522074,0.004572691892007007,3.7082421590080235,3.6041210795040115,3.5,7.208242159008023,3.6011130786744245,3.6026167651483667,0.10412107950401173,"[""DateTimeZone"", ""TestDateTimeZone""]","[0.03832116788321168, 0.029175784099197667]","[3.5, 3.7082421590080235]"
org.joda.time.TestDateTimeZone.testGetOffsetFixed,0.03832116788321168,0.033748475991204674,0.029175784099197667,0.06749695198240935,0.03312890694326675,0.03343725647522074,0.004572691892007007,3.7082421590080235,3.6041210795040115,3.5,7.208242159008023,3.6011130786744245,3.6026167651483667,0.10412107950401173,"[""DateTimeZone"", ""TestDateTimeZone""]","[0.03832116788321168, 0.029175784099197667]","[3.5, 3.7082421590080235]"
org.joda.time.TestDateTimeZone.testForOffsetMillis_int,0.03832116788321168,0.033748475991204674,0.029175784099197667,0.06749695198240935,0.03312890694326675,0.03343725647522074,0.004572691892007007,3.7082421590080235,3.6041210795040115,3.5,7.208242159008023,3.6011130786744245,3.6026167651483667,0.10412107950401173,"[""DateTimeZone"", ""TestDateTimeZone""]","[0.03832116788321168, 0.029175784099197667]","[3.5, 3.7082421590080235]"
org.joda.time.TestDateTimeZone.testGetNameKey,0.03832116788321168,0.033748475991204674,0.029175784099197667,0.06749695198240935,0.03312890694326675,0.03343725647522074,0.004572691892007007,3.7082421590080235,3.6041210795040115,3.5,7.208242159008023,3.6011130786744245,3.6026167651483667,0.10412107950401173,"[""DateTimeZone"", ""TestDateTimeZone""]","[0.03832116788321168, 0.029175784099197667]","[3.5, 3.7082421590080235]"
org.joda.time.TestDateTimeZone.testEqualsHashCode,0.03832116788321168,0.033748475991204674,0.029175784099197667,0.06749695198240935,0.03312890694326675,0.03343725647522074,0.004572691892007007,3.7082421590080235,3.6041210795040115,3.5,7.208242159008023,3.6011130786744245,3.6026167651483667,0.10412107950401173,"[""DateTimeZone"", ""TestDateTimeZone""]","[0.03832116788321168, 0.029175784099197667]","[3.5, 3.7082421590080235]"
org.joda.time.TestDateTimeZone.testForOffsetHours_int,0.03832116788321168,0.033748475991204674,0.029175784099197667,0.06749695198240935,0.03312890694326675,0.03343725647522074,0.004572691892007007,3.7082421590080235,3.6041210795040115,3.5,7.208242159008023,3.6011130786744245,3.6026167651483667,0.10412107950401173,"[""DateTimeZone"", ""TestDateTimeZone""]","[0.03832116788321168, 0.029175784099197667]","[3.5, 3.7082421590080235]"
org.joda.time.TestDateTimeZone.testGetID,0.03832116788321168,0.033748475991204674,0.029175784099197667,0.06749695198240935,0.03312890694326675,0.03343725647522074,0.004572691892007007,3.7082421590080235,3.6041210795040115,3.5,7.208242159008023,3.6011130786744245,3.6026167651483667,0.10412107950401173,"[""DateTimeZone"", ""TestDateTimeZone""]","[0.03832116788321168, 0.029175784099197667]","[3.5, 3.7082421590080235]"
org.joda.time.TestDateTimeZone.testIsFixed,0.03832116788321168,0.033748475991204674,0.029175784099197667,0.06749695198240935,0.03312890694326675,0.03343725647522074,0.004572691892007007,3.7082421590080235,3.6041210795040115,3.5,7.208242159008023,3.6011130786744245,3.6026167651483667,0.10412107950401173,"[""DateTimeZone"", ""TestDateTimeZone""]","[0.03832116788321168, 0.029175784099197667]","[3.5, 3.7082421590080235]"
org.joda.time.TestDateTimeZone.testForID_String,0.03832116788321168,0.033748475991204674,0.029175784099197667,0.06749695198240935,0.03312890694326675,0.03343725647522074,0.004572691892007007,3.7082421590080235,3.6041210795040115,3.5,7.208242159008023,3.6011130786744245,3.6026167651483667,0.10412107950401173,"[""DateTimeZone"", ""TestDateTimeZone""]","[0.03832116788321168, 0.029175784099197667]","[3.5, 3.7082421590080235]"
org.joda.time.TestDateTimeZone.testProvider,0.03832116788321168,0.033748475991204674,0.029175784099197667,0.06749695198240935,0.03312890694326675,0.03343725647522074,0.004572691892007007,3.7082421590080235,3.6041210795040115,3.5,7.208242159008023,3.6011130786744245,3.6026167651483667,0.10412107950401173,"[""PrintStream"", ""TestDateTimeZone$MockNoUTCProvider"", ""TestDateTimeZone$MockBadUTCProvider"", ""TestDateTimeZone$MockNullIDSProvider"", ""Object"", ""TestDateTimeZone"", ""ByteArrayOutputStream"", ""String"", ""Properties"", ""System"", ""DateTimeZone"", ""TestDateTimeZone$MockEmptyIDSProvider"", ""Set"", ""TestDateTimeZone$MockOKProvider"", ""HashSet""]","[0.03832116788321168, 0.029175784099197667]","[3.5, 3.7082421590080235]"
org.joda.time.TestTimeOfDay_Basics.testWithFieldAdded2,0.04654346338124572,0.033688398357289526,0.020833333333333332,0.06737679671457905,0.028783068783068782,0.03113929169247891,0.012855065023956195,4.317590691307323,4.021642567875884,3.7256944444444446,8.043285135751768,3.999864080532875,4.010738541963156,0.2959481234314394,"[""TimeOfDay"", ""TestTimeOfDay_Basics""]","[0.04654346338124572, 0.020833333333333332]","[4.317590691307323, 3.7256944444444446]"
org.joda.time.TestTimeOfDay_Basics.testToString,0.04654346338124572,0.033688398357289526,0.020833333333333332,0.06737679671457905,0.028783068783068782,0.03113929169247891,0.012855065023956195,4.317590691307323,4.021642567875884,3.7256944444444446,8.043285135751768,3.999864080532875,4.010738541963156,0.2959481234314394,"[""TimeOfDay"", ""TestTimeOfDay_Basics""]","[0.04654346338124572, 0.020833333333333332]","[4.317590691307323, 3.7256944444444446]"
org.joda.time.TestTimeOfDay_Basics.testToString_String_Locale,0.04654346338124572,0.033688398357289526,0.020833333333333332,0.06737679671457905,0.028783068783068782,0.03113929169247891,0.012855065023956195,4.317590691307323,4.021642567875884,3.7256944444444446,8.043285135751768,3.999864080532875,4.010738541963156,0.2959481234314394,"[""TimeOfDay"", ""TestTimeOfDay_Basics""]","[0.04654346338124572, 0.020833333333333332]","[4.317590691307323, 3.7256944444444446]"
org.joda.time.TestTimeOfDay_Basics.testSize,0.04654346338124572,0.033688398357289526,0.020833333333333332,0.06737679671457905,0.028783068783068782,0.03113929169247891,0.012855065023956195,4.317590691307323,4.021642567875884,3.7256944444444446,8.043285135751768,3.999864080532875,4.010738541963156,0.2959481234314394,"[""TimeOfDay"", ""TestTimeOfDay_Basics""]","[0.04654346338124572, 0.020833333333333332]","[4.317590691307323, 3.7256944444444446]"
org.joda.time.TestTimeOfDay_Basics.testToString_String,0.04654346338124572,0.033688398357289526,0.020833333333333332,0.06737679671457905,0.028783068783068782,0.03113929169247891,0.012855065023956195,4.317590691307323,4.021642567875884,3.7256944444444446,8.043285135751768,3.999864080532875,4.010738541963156,0.2959481234314394,"[""TimeOfDay"", ""TestTimeOfDay_Basics""]","[0.04654346338124572, 0.020833333333333332]","[4.317590691307323, 3.7256944444444446]"
org.joda.time.TestTimeOfDay_Basics.testWithChronologyRetainFields_Chrono,0.04654346338124572,0.033688398357289526,0.020833333333333332,0.06737679671457905,0.028783068783068782,0.03113929169247891,0.012855065023956195,4.317590691307323,4.021642567875884,3.7256944444444446,8.043285135751768,3.999864080532875,4.010738541963156,0.2959481234314394,"[""TimeOfDay"", ""TestTimeOfDay_Basics""]","[0.04654346338124572, 0.020833333333333332]","[4.317590691307323, 3.7256944444444446]"
org.joda.time.TestTimeOfDay_Basics.testWithers,0.04654346338124572,0.033688398357289526,0.020833333333333332,0.06737679671457905,0.028783068783068782,0.03113929169247891,0.012855065023956195,4.317590691307323,4.021642567875884,3.7256944444444446,8.043285135751768,3.999864080532875,4.010738541963156,0.2959481234314394,"[""TimeOfDay"", ""TestTimeOfDay_Basics""]","[0.04654346338124572, 0.020833333333333332]","[4.317590691307323, 3.7256944444444446]"
org.joda.time.TestTimeOfDay_Basics.testWithField2,0.04654346338124572,0.033688398357289526,0.020833333333333332,0.06737679671457905,0.028783068783068782,0.03113929169247891,0.012855065023956195,4.317590691307323,4.021642567875884,3.7256944444444446,8.043285135751768,3.999864080532875,4.010738541963156,0.2959481234314394,"[""TimeOfDay"", ""TestTimeOfDay_Basics""]","[0.04654346338124572, 0.020833333333333332]","[4.317590691307323, 3.7256944444444446]"
org.joda.time.TestTimeOfDay_Basics.testWithChronologyRetainFields_nullChrono,0.04654346338124572,0.033688398357289526,0.020833333333333332,0.06737679671457905,0.028783068783068782,0.03113929169247891,0.012855065023956195,4.317590691307323,4.021642567875884,3.7256944444444446,8.043285135751768,3.999864080532875,4.010738541963156,0.2959481234314394,"[""TimeOfDay"", ""TestTimeOfDay_Basics""]","[0.04654346338124572, 0.020833333333333332]","[4.317590691307323, 3.7256944444444446]"
org.joda.time.TestTimeOfDay_Basics.testGetValue,0.04654346338124572,0.033688398357289526,0.020833333333333332,0.06737679671457905,0.028783068783068782,0.03113929169247891,0.012855065023956195,4.317590691307323,4.021642567875884,3.7256944444444446,8.043285135751768,3.999864080532875,4.010738541963156,0.2959481234314394,"[""TimeOfDay"", ""TestTimeOfDay_Basics""]","[0.04654346338124572, 0.020833333333333332]","[4.317590691307323, 3.7256944444444446]"
org.joda.time.TestTimeOfDay_Basics.testWithChronologyRetainFields_sameChrono,0.04654346338124572,0.033688398357289526,0.020833333333333332,0.06737679671457905,0.028783068783068782,0.03113929169247891,0.012855065023956195,4.317590691307323,4.021642567875884,3.7256944444444446,8.043285135751768,3.999864080532875,4.010738541963156,0.2959481234314394,"[""TimeOfDay"", ""TestTimeOfDay_Basics""]","[0.04654346338124572, 0.020833333333333332]","[4.317590691307323, 3.7256944444444446]"
org.joda.time.TestTimeOfDay_Basics.testGetValues,0.04654346338124572,0.033688398357289526,0.020833333333333332,0.06737679671457905,0.028783068783068782,0.03113929169247891,0.012855065023956195,4.317590691307323,4.021642567875884,3.7256944444444446,8.043285135751768,3.999864080532875,4.010738541963156,0.2959481234314394,"[""TimeOfDay"", ""TestTimeOfDay_Basics""]","[0.04654346338124572, 0.020833333333333332]","[4.317590691307323, 3.7256944444444446]"
org.joda.time.TestTimeOfDay_Basics.testWithFieldAdded3,0.04654346338124572,0.033688398357289526,0.020833333333333332,0.06737679671457905,0.028783068783068782,0.03113929169247891,0.012855065023956195,4.317590691307323,4.021642567875884,3.7256944444444446,8.043285135751768,3.999864080532875,4.010738541963156,0.2959481234314394,"[""TimeOfDay"", ""TestTimeOfDay_Basics""]","[0.04654346338124572, 0.020833333333333332]","[4.317590691307323, 3.7256944444444446]"
org.joda.time.TestStringConvert.testMonthDay_leapDay,0.044534412955465584,0.033566641505981376,0.022598870056497175,0.06713328301196275,0.029982964224872233,0.03172424012364916,0.010967771449484204,7.753036437246964,4.481037992634781,1.2090395480225988,8.962075985269562,2.0918652520462566,3.0616544007924555,3.2719984446121826,"[""MonthDay"", ""TestStringConvert"", ""StringConvert""]","[0.044534412955465584, 0.022598870056497175]","[7.753036437246964, 1.2090395480225988]"
org.joda.time.TestStringConvert.testMonthDay,0.044534412955465584,0.033566641505981376,0.022598870056497175,0.06713328301196275,0.029982964224872233,0.03172424012364916,0.010967771449484204,7.753036437246964,4.481037992634781,1.2090395480225988,8.962075985269562,2.0918652520462566,3.0616544007924555,3.2719984446121826,"[""MonthDay"", ""TestStringConvert"", ""StringConvert""]","[0.044534412955465584, 0.022598870056497175]","[7.753036437246964, 1.2090395480225988]"
org.joda.time.TestMutableDateTime_Sets.testSetZoneRetainFields_DateTimeZone2,0.03527980535279805,0.022277114372102492,0.015206812652068127,0.06683134311630748,0.019319111345102717,0.020621203064427943,0.009206019434619768,4.203771289537713,2.2976323467207513,0.7195863746958637,6.892897040162254,1.404953619804821,1.8128514836752319,1.4412077986455787,"[""TestMutableDateTime_Sets"", ""MutableDateTime"", ""ISOChronology""]","[0.03527980535279805, 0.01634472511144131, 0.015206812652068127]","[4.203771289537713, 1.9695393759286777, 0.7195863746958637]"
org.joda.time.TestMutableDateTime_Sets.testSetChronology_Chronology2,0.03527980535279805,0.022277114372102492,0.015206812652068127,0.06683134311630748,0.019319111345102717,0.020621203064427943,0.009206019434619768,4.203771289537713,2.2976323467207513,0.7195863746958637,6.892897040162254,1.404953619804821,1.8128514836752319,1.4412077986455787,"[""TestMutableDateTime_Sets"", ""MutableDateTime"", ""ISOChronology""]","[0.03527980535279805, 0.01634472511144131, 0.015206812652068127]","[4.203771289537713, 1.9695393759286777, 0.7195863746958637]"
org.joda.time.TestMutableDateTime_Adds.testAdd_long1,0.03527980535279805,0.022277114372102492,0.015206812652068127,0.06683134311630748,0.019319111345102717,0.020621203064427943,0.009206019434619768,4.203771289537713,1.9598413610842975,0.7195863746958637,5.8795240832528926,1.1221615262304423,1.4247931967145198,1.5896348998433012,"[""TestMutableDateTime_Adds"", ""MutableDateTime"", ""ISOChronology""]","[0.03527980535279805, 0.01634472511144131, 0.015206812652068127]","[4.203771289537713, 0.9561664190193165, 0.7195863746958637]"
org.joda.time.TestMutableDateTime_Sets.testSetZoneRetainFields_DateTimeZone1,0.03527980535279805,0.022277114372102492,0.015206812652068127,0.06683134311630748,0.019319111345102717,0.020621203064427943,0.009206019434619768,4.203771289537713,2.2976323467207513,0.7195863746958637,6.892897040162254,1.404953619804821,1.8128514836752319,1.4412077986455787,"[""TestMutableDateTime_Sets"", ""MutableDateTime"", ""ISOChronology""]","[0.03527980535279805, 0.01634472511144131, 0.015206812652068127]","[4.203771289537713, 1.9695393759286777, 0.7195863746958637]"
org.joda.time.TestMutableDateTime_Sets.testSetMillis_long1,0.03527980535279805,0.022277114372102492,0.015206812652068127,0.06683134311630748,0.019319111345102717,0.020621203064427943,0.009206019434619768,4.203771289537713,2.2976323467207513,0.7195863746958637,6.892897040162254,1.404953619804821,1.8128514836752319,1.4412077986455787,"[""TestMutableDateTime_Sets"", ""MutableDateTime"", ""ISOChronology""]","[0.03527980535279805, 0.01634472511144131, 0.015206812652068127]","[4.203771289537713, 1.9695393759286777, 0.7195863746958637]"
org.joda.time.TestMutableDateTime_Sets.testSetZone_DateTimeZone1,0.03527980535279805,0.022277114372102492,0.015206812652068127,0.06683134311630748,0.019319111345102717,0.020621203064427943,0.009206019434619768,4.203771289537713,2.2976323467207513,0.7195863746958637,6.892897040162254,1.404953619804821,1.8128514836752319,1.4412077986455787,"[""TestMutableDateTime_Sets"", ""MutableDateTime"", ""ISOChronology""]","[0.03527980535279805, 0.01634472511144131, 0.015206812652068127]","[4.203771289537713, 1.9695393759286777, 0.7195863746958637]"
org.joda.time.TestMutableDateTime_Sets.testSetZone_DateTimeZone2,0.03527980535279805,0.022277114372102492,0.015206812652068127,0.06683134311630748,0.019319111345102717,0.020621203064427943,0.009206019434619768,4.203771289537713,2.2976323467207513,0.7195863746958637,6.892897040162254,1.404953619804821,1.8128514836752319,1.4412077986455787,"[""TestMutableDateTime_Sets"", ""MutableDateTime"", ""ISOChronology""]","[0.03527980535279805, 0.01634472511144131, 0.015206812652068127]","[4.203771289537713, 1.9695393759286777, 0.7195863746958637]"
org.joda.time.TestMutableDateTime_Constructors.testConstructor_Object_nullDateTimeZone,0.03527980535279805,0.01663156039522348,0.0026666666666666666,0.06652624158089392,0.007354528276047851,0.011760888654307482,0.011783714393786152,4.203771289537713,1.6751935517691419,0.04933333333333333,6.7007742070765675,0.17796353229702264,0.7126179878663019,1.577427432451397,"[""TestMutableDateTime_Constructors"", ""Date"", ""MutableDateTime"", ""ISOChronology""]","[0.03527980535279805, 0.015206812652068127, 0.01337295690936107, 0.0026666666666666666]","[4.203771289537713, 0.7195863746958637, 1.7280832095096583, 0.04933333333333333]"
org.joda.time.TestMutableDateTime_Constructors.testConstructor_Object_nullChronology,0.03527980535279805,0.01663156039522348,0.0026666666666666666,0.06652624158089392,0.007354528276047851,0.011760888654307482,0.011783714393786152,4.203771289537713,1.6751935517691419,0.04933333333333333,6.7007742070765675,0.17796353229702264,0.7126179878663019,1.577427432451397,"[""TestMutableDateTime_Constructors"", ""Date"", ""MutableDateTime"", ""ISOChronology""]","[0.03527980535279805, 0.015206812652068127, 0.01337295690936107, 0.0026666666666666666]","[4.203771289537713, 0.7195863746958637, 1.7280832095096583, 0.04933333333333333]"
org.joda.time.TestMutableDateTime_Constructors.testConstructor_Object_DateTimeZone,0.03527980535279805,0.01663156039522348,0.0026666666666666666,0.06652624158089392,0.007354528276047851,0.011760888654307482,0.011783714393786152,4.203771289537713,1.6751935517691419,0.04933333333333333,6.7007742070765675,0.17796353229702264,0.7126179878663019,1.577427432451397,"[""TestMutableDateTime_Constructors"", ""Date"", ""MutableDateTime"", ""ISOChronology""]","[0.03527980535279805, 0.015206812652068127, 0.01337295690936107, 0.0026666666666666666]","[4.203771289537713, 0.7195863746958637, 1.7280832095096583, 0.04933333333333333]"
org.joda.time.TestMutableDateTime_Constructors.testConstructor_Object,0.03527980535279805,0.01663156039522348,0.0026666666666666666,0.06652624158089392,0.007354528276047851,0.011760888654307482,0.011783714393786152,4.203771289537713,1.6751935517691419,0.04933333333333333,6.7007742070765675,0.17796353229702264,0.7126179878663019,1.577427432451397,"[""TestMutableDateTime_Constructors"", ""Date"", ""MutableDateTime"", ""ISOChronology""]","[0.03527980535279805, 0.015206812652068127, 0.01337295690936107, 0.0026666666666666666]","[4.203771289537713, 0.7195863746958637, 1.7280832095096583, 0.04933333333333333]"
org.joda.time.TestMutablePeriod_Updates.testAdd_RInterval1,0.02372034956304619,0.022130130486164915,0.020914020139426802,0.06639039145849475,0.022069047459309363,0.022099343059345557,0.0011758228933942334,5.986057319907049,3.608960429981501,1.618601747815231,10.826881289944502,2.7391834610318706,3.1488027415342827,1.8038554773141908,"[""MutablePeriod"", ""TestMutablePeriod_Updates"", ""Interval""]","[0.02372034956304619, 0.021756021756021756, 0.020914020139426802]","[1.618601747815231, 3.2222222222222223, 5.986057319907049]"
org.joda.time.TestDuration_Basics.testSerialization,0.030303030303030304,0.016581806658142535,0.007633587786259542,0.06632722663257014,0.011655810764484058,0.013836527867178051,0.009563545799581144,3.896969696969697,1.4292715977830484,0.09541984732824428,5.717086391132193,0.1931260107895405,0.5035453799471041,1.5534632902520955,"[""ByteArrayOutputStream"", ""ObjectInputStream"", ""Duration"", ""TestDuration_Basics"", ""ByteArrayInputStream"", ""ObjectOutputStream""]","[0.030303030303030304, 0.020757020757020756, 0.007633587786259542, 0.007633587786259542]","[3.896969696969697, 1.6178266178266179, 0.09541984732824428, 0.10687022900763359]"
org.joda.time.chrono.TestGJChronology.testFactory_Zone_long_int,0.023722627737226276,0.022100567721005677,0.019464720194647202,0.06630170316301703,0.021931106433198542,0.022017309502928788,0.0018802957209034265,2.911192214111922,2.106447688564477,1.0048661800486618,6.319343065693431,1.7096389585256686,1.9157026901845986,0.8060619839194183,"[""TestGJChronology"", ""Object"", ""GJChronology"", ""Instant""]","[0.023722627737226276, 0.023114355231143552, 0.019464720194647202]","[2.403284671532847, 2.911192214111922, 1.0048661800486618]"
org.joda.time.TestYearMonth_Basics.testWithFieldAdded_zero,0.03618421052631579,0.02203697955926041,0.013479359730412805,0.06611093867778123,0.018447477097876443,0.020018349254464128,0.010076718279391574,6.592105263157895,4.049385521512289,1.2468407750631845,12.148156564536869,2.529970232905891,3.284058973469031,2.189915506248655,"[""YearMonth"", ""TestYearMonth_Basics"", ""DurationFieldType""]","[0.03618421052631579, 0.01644736842105263, 0.013479359730412805]","[6.592105263157895, 4.309210526315789, 1.2468407750631845]"
org.joda.time.TestYearMonth_Basics.testWithFieldAdded_unknownField,0.03618421052631579,0.02203697955926041,0.013479359730412805,0.06611093867778123,0.018447477097876443,0.020018349254464128,0.010076718279391574,6.592105263157895,4.049385521512289,1.2468407750631845,12.148156564536869,2.529970232905891,3.284058973469031,2.189915506248655,"[""YearMonth"", ""TestYearMonth_Basics"", ""DurationFieldType""]","[0.03618421052631579, 0.01644736842105263, 0.013479359730412805]","[6.592105263157895, 4.309210526315789, 1.2468407750631845]"
org.joda.time.TestYearMonth_Basics.testWithFieldAdded,0.03618421052631579,0.02203697955926041,0.013479359730412805,0.06611093867778123,0.018447477097876443,0.020018349254464128,0.010076718279391574,6.592105263157895,4.049385521512289,1.2468407750631845,12.148156564536869,2.529970232905891,3.284058973469031,2.189915506248655,"[""YearMonth"", ""TestYearMonth_Basics"", ""DurationFieldType""]","[0.03618421052631579, 0.01644736842105263, 0.013479359730412805]","[6.592105263157895, 4.309210526315789, 1.2468407750631845]"
org.joda.time.TestYearMonthDay_Properties.testPropertyEqualsHashCodeLenient,0.03952011291460833,0.0220129110610762,0.009157509157509158,0.0660387331832286,0.015616575879826731,0.01845260498882375,0.012824491122029612,3.5356386732533522,2.064166391287951,0.5561660561660562,6.192499173863853,1.1732996706576018,1.6045197998804042,1.2166388105469945,"[""LenientChronology"", ""YearMonthDay"", ""TestYearMonthDay_Properties"", ""YearMonthDay$Property""]","[0.03952011291460833, 0.017361111111111112, 0.009157509157509158]","[3.5356386732533522, 2.1006944444444446, 0.5561660561660562]"
org.joda.time.convert.TestStringConverter.testGetChronology_Object_Zone,0.025602409638554216,0.02194658244038246,0.015206812652068127,0.06583974732114738,0.020722519224075944,0.021359758211818774,0.004771452301681403,2.2710843373493974,1.2929830334412165,0.7195863746958637,3.8789491003236494,1.0149609527212315,1.132283285727013,0.695042382109079,"[""TestStringConverter"", ""StringConverter"", ""ISOChronology""]","[0.025602409638554216, 0.025030525030525032, 0.015206812652068127]","[2.2710843373493974, 0.8882783882783882, 0.7195863746958637]"
org.joda.time.TestYearMonthDay_Properties.testPropertyEqualsHashCodeStrict,0.03952011291460833,0.021809410857575998,0.008547008547008548,0.06542823257272799,0.015007235631465173,0.018033081433099587,0.01303006335408893,3.5356386732533522,2.06335239047395,0.5537240537240538,6.19005717142185,1.1696722318194077,1.6021679902803156,1.217647875013323,"[""YearMonthDay"", ""StrictChronology"", ""TestYearMonthDay_Properties"", ""YearMonthDay$Property""]","[0.03952011291460833, 0.017361111111111112, 0.008547008547008548]","[3.5356386732533522, 2.1006944444444446, 0.5537240537240538]"
org.joda.time.TestInstant_Constructors.testConstructor_badconverterObject,0.019464720194647202,0.016341530649105797,0.013600572655690766,0.06536612259642319,0.016053856463736766,0.016196527857929147,0.0021863773943227023,1.4847374847374848,0.9527985835999229,0.6020042949176807,3.8111943343996915,0.8475506287998249,0.8966234767157214,0.3402626178767572,"[""Integer"", ""Instant"", ""ISOChronology"", ""ConverterManager"", ""TestInstant_Constructors""]","[0.019464720194647202, 0.017094017094017096, 0.015206812652068127, 0.013600572655690766]","[1.0048661800486618, 1.4847374847374848, 0.7195863746958637, 0.6020042949176807]"
org.joda.time.TestYearMonth_Constructors.testConstructor_Object_nullChronology,0.03618421052631579,0.021722222222222223,0.0026666666666666666,0.06516666666666666,0.006808335052609862,0.013642734027303162,0.01406371410560178,6.592105263157895,3.150216374269006,0.04933333333333333,9.450649122807018,0.14438390798187453,0.9703229285075738,2.6819370950463863,"[""TestYearMonth_Constructors"", ""YearMonth"", ""Date""]","[0.03618421052631579, 0.02631578947368421, 0.0026666666666666666]","[6.592105263157895, 2.8092105263157894, 0.04933333333333333]"
org.joda.time.TestYearMonth_Constructors.testConstructor_Object,0.03618421052631579,0.021722222222222223,0.0026666666666666666,0.06516666666666666,0.006808335052609862,0.013642734027303162,0.01406371410560178,6.592105263157895,3.150216374269006,0.04933333333333333,9.450649122807018,0.14438390798187453,0.9703229285075738,2.6819370950463863,"[""TestYearMonth_Constructors"", ""YearMonth"", ""Date""]","[0.03618421052631579, 0.02631578947368421, 0.0026666666666666666]","[6.592105263157895, 2.8092105263157894, 0.04933333333333333]"
org.joda.time.TestYearMonth_Constructors.testConstructor_Object_Chronology,0.03618421052631579,0.021722222222222223,0.0026666666666666666,0.06516666666666666,0.006808335052609862,0.013642734027303162,0.01406371410560178,6.592105263157895,3.150216374269006,0.04933333333333333,9.450649122807018,0.14438390798187453,0.9703229285075738,2.6819370950463863,"[""TestYearMonth_Constructors"", ""YearMonth"", ""Date""]","[0.03618421052631579, 0.02631578947368421, 0.0026666666666666666]","[6.592105263157895, 2.8092105263157894, 0.04933333333333333]"
org.joda.time.TestMutableDateTime_Adds.testAdd_DurationFieldType_int1,0.03527980535279805,0.02170129673155072,0.013479359730412805,0.06510389019465217,0.01832462299409883,0.01980877816037552,0.00967245235965403,4.203771289537713,2.1355928278734044,0.9561664190193165,6.406778483620213,1.4383303556269975,1.7113067147045342,1.467229704189608,"[""TestMutableDateTime_Adds"", ""MutableDateTime"", ""DurationFieldType""]","[0.03527980535279805, 0.01634472511144131, 0.013479359730412805]","[4.203771289537713, 0.9561664190193165, 1.2468407750631845]"
org.joda.time.TestMutableInterval_Basics.testOverlaps_RInterval,0.02372034956304619,0.021700352922340387,0.019350811485642945,0.06510105876702116,0.021547363392041725,0.021624409115279235,0.0017990118735745078,1.931549960660897,1.6274122007862584,1.3320848938826466,4.882236602358775,1.5904664923954717,1.6088885147251255,0.24480987130564413,"[""MutableInterval"", ""TestMutableInterval_Basics"", ""Interval""]","[0.02372034956304619, 0.022029897718332022, 0.019350811485642945]","[1.618601747815231, 1.931549960660897, 1.3320848938826466]"
org.joda.time.TestMutableInterval_Basics.testContains_RInterval,0.02372034956304619,0.021700352922340387,0.019350811485642945,0.06510105876702116,0.021547363392041725,0.021624409115279235,0.0017990118735745078,1.931549960660897,1.6274122007862584,1.3320848938826466,4.882236602358775,1.5904664923954717,1.6088885147251255,0.24480987130564413,"[""MutableInterval"", ""TestMutableInterval_Basics"", ""Interval""]","[0.02372034956304619, 0.022029897718332022, 0.019350811485642945]","[1.618601747815231, 1.931549960660897, 1.3320848938826466]"
org.joda.time.TestMutableInterval_Basics.testIsBefore_RInterval,0.02372034956304619,0.021700352922340387,0.019350811485642945,0.06510105876702116,0.021547363392041725,0.021624409115279235,0.0017990118735745078,1.931549960660897,1.6274122007862584,1.3320848938826466,4.882236602358775,1.5904664923954717,1.6088885147251255,0.24480987130564413,"[""MutableInterval"", ""TestMutableInterval_Basics"", ""Interval""]","[0.02372034956304619, 0.022029897718332022, 0.019350811485642945]","[1.618601747815231, 1.931549960660897, 1.3320848938826466]"
org.joda.time.TestMutableInterval_Basics.testIsAfter_RInterval,0.02372034956304619,0.021700352922340387,0.019350811485642945,0.06510105876702116,0.021547363392041725,0.021624409115279235,0.0017990118735745078,1.931549960660897,1.6274122007862584,1.3320848938826466,4.882236602358775,1.5904664923954717,1.6088885147251255,0.24480987130564413,"[""MutableInterval"", ""TestMutableInterval_Basics"", ""Interval""]","[0.02372034956304619, 0.022029897718332022, 0.019350811485642945]","[1.618601747815231, 1.931549960660897, 1.3320848938826466]"
org.joda.time.TestYearMonth_Properties.testPropertyEqualsHashCodeLenient,0.03618421052631579,0.021692853929696037,0.009157509157509158,0.06507856178908811,0.01599974141832051,0.018700707753963448,0.011119956037462693,6.592105263157895,3.187581667844826,0.5561660561660562,9.562745003534477,1.2690947502215069,2.0686341811179387,2.524072436017455,"[""LenientChronology"", ""TestYearMonth_Properties"", ""YearMonth"", ""YearMonth$Property""]","[0.03618421052631579, 0.019736842105263157, 0.009157509157509158]","[6.592105263157895, 2.414473684210526, 0.5561660561660562]"
org.joda.time.TestMutableDateTime_Constructors.testConstructor_long2_Chronology,0.03527980535279805,0.021692039975464233,0.01337295690936107,0.0650761199263927,0.018291400939098746,0.019788149926724615,0.009688369733979515,4.203771289537713,2.1970739652136815,0.6593673965936739,6.591221895641045,1.2858083467998807,1.685687500198919,1.4845120378497187,"[""TestMutableDateTime_Constructors"", ""MutableDateTime"", ""GregorianChronology""]","[0.03527980535279805, 0.016423357664233577, 0.01337295690936107]","[4.203771289537713, 0.6593673965936739, 1.7280832095096583]"
org.joda.time.TestMutableDateTime_Constructors.testConstructor_Chronology,0.03527980535279805,0.021692039975464233,0.01337295690936107,0.0650761199263927,0.018291400939098746,0.019788149926724615,0.009688369733979515,4.203771289537713,2.1970739652136815,0.6593673965936739,6.591221895641045,1.2858083467998807,1.685687500198919,1.4845120378497187,"[""TestMutableDateTime_Constructors"", ""MutableDateTime"", ""GregorianChronology""]","[0.03527980535279805, 0.016423357664233577, 0.01337295690936107]","[4.203771289537713, 0.6593673965936739, 1.7280832095096583]"
org.joda.time.TestMutableDateTime_Constructors.testConstructor_int_int_int_int_int_int_int_Chronology,0.03527980535279805,0.021692039975464233,0.01337295690936107,0.0650761199263927,0.018291400939098746,0.019788149926724615,0.009688369733979515,4.203771289537713,2.1970739652136815,0.6593673965936739,6.591221895641045,1.2858083467998807,1.685687500198919,1.4845120378497187,"[""TestMutableDateTime_Constructors"", ""MutableDateTime"", ""GregorianChronology""]","[0.03527980535279805, 0.016423357664233577, 0.01337295690936107]","[4.203771289537713, 0.6593673965936739, 1.7280832095096583]"
org.joda.time.TestMutableDateTime_Constructors.testConstructor_nullObject_Chronology,0.03527980535279805,0.021692039975464233,0.01337295690936107,0.0650761199263927,0.018291400939098746,0.019788149926724615,0.009688369733979515,4.203771289537713,2.1970739652136815,0.6593673965936739,6.591221895641045,1.2858083467998807,1.685687500198919,1.4845120378497187,"[""TestMutableDateTime_Constructors"", ""MutableDateTime"", ""GregorianChronology""]","[0.03527980535279805, 0.016423357664233577, 0.01337295690936107]","[4.203771289537713, 0.6593673965936739, 1.7280832095096583]"
org.joda.time.TestMutableDateTime_Constructors.testConstructor_long1_Chronology,0.03527980535279805,0.021692039975464233,0.01337295690936107,0.0650761199263927,0.018291400939098746,0.019788149926724615,0.009688369733979515,4.203771289537713,2.1970739652136815,0.6593673965936739,6.591221895641045,1.2858083467998807,1.685687500198919,1.4845120378497187,"[""TestMutableDateTime_Constructors"", ""MutableDateTime"", ""GregorianChronology""]","[0.03527980535279805, 0.016423357664233577, 0.01337295690936107]","[4.203771289537713, 0.6593673965936739, 1.7280832095096583]"
org.joda.time.TestMutableDateTime_Constructors.testConstructor_invalidObject_Chronology,0.03527980535279805,0.021692039975464233,0.01337295690936107,0.0650761199263927,0.018291400939098746,0.019788149926724615,0.009688369733979515,4.203771289537713,2.1970739652136815,0.6593673965936739,6.591221895641045,1.2858083467998807,1.685687500198919,1.4845120378497187,"[""TestMutableDateTime_Constructors"", ""Object"", ""MutableDateTime"", ""GregorianChronology""]","[0.03527980535279805, 0.016423357664233577, 0.01337295690936107]","[4.203771289537713, 0.6593673965936739, 1.7280832095096583]"
org.joda.time.TestMutableDateTime_Constructors.test_now_Chronology,0.03527980535279805,0.021692039975464233,0.01337295690936107,0.0650761199263927,0.018291400939098746,0.019788149926724615,0.009688369733979515,4.203771289537713,2.1970739652136815,0.6593673965936739,6.591221895641045,1.2858083467998807,1.685687500198919,1.4845120378497187,"[""TestMutableDateTime_Constructors"", ""MutableDateTime"", ""GregorianChronology""]","[0.03527980535279805, 0.016423357664233577, 0.01337295690936107]","[4.203771289537713, 0.6593673965936739, 1.7280832095096583]"
org.joda.time.TestDateTime_Properties.testPropertyGetMaxMinValuesWeekOfWeekyear,0.041970802919708027,0.03243851527517255,0.02290622763063708,0.0648770305503451,0.029637384983993393,0.03100633428058595,0.009532287644535474,5.9939172749391725,5.830888487147467,5.667859699355763,11.661776974294934,5.826330282045892,5.82860893900938,0.16302878779170493,"[""DateTime$Property"", ""TestDateTime_Properties"", ""DateTime""]","[0.041970802919708027, 0.02290622763063708]","[5.9939172749391725, 5.667859699355763]"
org.joda.time.TestDateTime_Properties.testPropertyGetMaxMinValuesDayOfMonth,0.041970802919708027,0.03243851527517255,0.02290622763063708,0.0648770305503451,0.029637384983993393,0.03100633428058595,0.009532287644535474,5.9939172749391725,5.830888487147467,5.667859699355763,11.661776974294934,5.826330282045892,5.82860893900938,0.16302878779170493,"[""DateTime$Property"", ""TestDateTime_Properties"", ""DateTime""]","[0.041970802919708027, 0.02290622763063708]","[5.9939172749391725, 5.667859699355763]"
org.joda.time.TestDateTime_Properties.testPropertyAddWrapFieldDayOfMonth,0.041970802919708027,0.03243851527517255,0.02290622763063708,0.0648770305503451,0.029637384983993393,0.03100633428058595,0.009532287644535474,5.9939172749391725,5.830888487147467,5.667859699355763,11.661776974294934,5.826330282045892,5.82860893900938,0.16302878779170493,"[""DateTime$Property"", ""TestDateTime_Properties"", ""DateTime""]","[0.041970802919708027, 0.02290622763063708]","[5.9939172749391725, 5.667859699355763]"
org.joda.time.TestDateTime_Properties.testPropertySetDayOfYear,0.041970802919708027,0.03243851527517255,0.02290622763063708,0.0648770305503451,0.029637384983993393,0.03100633428058595,0.009532287644535474,5.9939172749391725,5.830888487147467,5.667859699355763,11.661776974294934,5.826330282045892,5.82860893900938,0.16302878779170493,"[""DateTime$Property"", ""TestDateTime_Properties"", ""DateTime""]","[0.041970802919708027, 0.02290622763063708]","[5.9939172749391725, 5.667859699355763]"
org.joda.time.TestDateTime_Properties.testPropertySetTextWeekOfWeekyear,0.041970802919708027,0.03243851527517255,0.02290622763063708,0.0648770305503451,0.029637384983993393,0.03100633428058595,0.009532287644535474,5.9939172749391725,5.830888487147467,5.667859699355763,11.661776974294934,5.826330282045892,5.82860893900938,0.16302878779170493,"[""DateTime$Property"", ""TestDateTime_Properties"", ""DateTime""]","[0.041970802919708027, 0.02290622763063708]","[5.9939172749391725, 5.667859699355763]"
org.joda.time.TestDateTime_Properties.testPropertyRoundCeilingHourOfDay,0.041970802919708027,0.03243851527517255,0.02290622763063708,0.0648770305503451,0.029637384983993393,0.03100633428058595,0.009532287644535474,5.9939172749391725,5.830888487147467,5.667859699355763,11.661776974294934,5.826330282045892,5.82860893900938,0.16302878779170493,"[""DateTime$Property"", ""TestDateTime_Properties"", ""DateTime""]","[0.041970802919708027, 0.02290622763063708]","[5.9939172749391725, 5.667859699355763]"
org.joda.time.TestDateTime_Properties.testPropertyCompareToYear,0.041970802919708027,0.03243851527517255,0.02290622763063708,0.0648770305503451,0.029637384983993393,0.03100633428058595,0.009532287644535474,5.9939172749391725,5.830888487147467,5.667859699355763,11.661776974294934,5.826330282045892,5.82860893900938,0.16302878779170493,"[""DateTime$Property"", ""TestDateTime_Properties"", ""DateTime""]","[0.041970802919708027, 0.02290622763063708]","[5.9939172749391725, 5.667859699355763]"
org.joda.time.TestDateTime_Properties.testPropertyAddMonthOfYear,0.041970802919708027,0.03243851527517255,0.02290622763063708,0.0648770305503451,0.029637384983993393,0.03100633428058595,0.009532287644535474,5.9939172749391725,5.830888487147467,5.667859699355763,11.661776974294934,5.826330282045892,5.82860893900938,0.16302878779170493,"[""DateTime$Property"", ""TestDateTime_Properties"", ""DateTime""]","[0.041970802919708027, 0.02290622763063708]","[5.9939172749391725, 5.667859699355763]"
org.joda.time.TestDateTime_Properties.testPropertyAddWrapFieldYear,0.041970802919708027,0.03243851527517255,0.02290622763063708,0.0648770305503451,0.029637384983993393,0.03100633428058595,0.009532287644535474,5.9939172749391725,5.830888487147467,5.667859699355763,11.661776974294934,5.826330282045892,5.82860893900938,0.16302878779170493,"[""DateTime$Property"", ""TestDateTime_Properties"", ""DateTime""]","[0.041970802919708027, 0.02290622763063708]","[5.9939172749391725, 5.667859699355763]"
org.joda.time.TestDateTime_Properties.testPropertyCompareToWeekOfWeekyear,0.041970802919708027,0.03243851527517255,0.02290622763063708,0.0648770305503451,0.029637384983993393,0.03100633428058595,0.009532287644535474,5.9939172749391725,5.830888487147467,5.667859699355763,11.661776974294934,5.826330282045892,5.82860893900938,0.16302878779170493,"[""DateTime$Property"", ""TestDateTime_Properties"", ""DateTime""]","[0.041970802919708027, 0.02290622763063708]","[5.9939172749391725, 5.667859699355763]"
org.joda.time.TestDateTime_Properties.testPropertySetTextYear,0.041970802919708027,0.03243851527517255,0.02290622763063708,0.0648770305503451,0.029637384983993393,0.03100633428058595,0.009532287644535474,5.9939172749391725,5.830888487147467,5.667859699355763,11.661776974294934,5.826330282045892,5.82860893900938,0.16302878779170493,"[""DateTime$Property"", ""TestDateTime_Properties"", ""DateTime""]","[0.041970802919708027, 0.02290622763063708]","[5.9939172749391725, 5.667859699355763]"
org.joda.time.TestDateTime_Properties.testPropertyAddWrapFieldWeekOfWeekyear,0.041970802919708027,0.03243851527517255,0.02290622763063708,0.0648770305503451,0.029637384983993393,0.03100633428058595,0.009532287644535474,5.9939172749391725,5.830888487147467,5.667859699355763,11.661776974294934,5.826330282045892,5.82860893900938,0.16302878779170493,"[""DateTime$Property"", ""TestDateTime_Properties"", ""DateTime""]","[0.041970802919708027, 0.02290622763063708]","[5.9939172749391725, 5.667859699355763]"
org.joda.time.TestDateTime_Properties.testPropertyGetMaxMinValuesDayOfYear,0.041970802919708027,0.03243851527517255,0.02290622763063708,0.0648770305503451,0.029637384983993393,0.03100633428058595,0.009532287644535474,5.9939172749391725,5.830888487147467,5.667859699355763,11.661776974294934,5.826330282045892,5.82860893900938,0.16302878779170493,"[""DateTime$Property"", ""TestDateTime_Properties"", ""DateTime""]","[0.041970802919708027, 0.02290622763063708]","[5.9939172749391725, 5.667859699355763]"
org.joda.time.TestDateTime_Properties.testPropertyWithMinimumValueDayOfMonth,0.041970802919708027,0.03243851527517255,0.02290622763063708,0.0648770305503451,0.029637384983993393,0.03100633428058595,0.009532287644535474,5.9939172749391725,5.830888487147467,5.667859699355763,11.661776974294934,5.826330282045892,5.82860893900938,0.16302878779170493,"[""DateTime$Property"", ""TestDateTime_Properties"", ""DateTime""]","[0.041970802919708027, 0.02290622763063708]","[5.9939172749391725, 5.667859699355763]"
org.joda.time.TestDateTime_Properties.testPropertyRemainderHourOfDay,0.041970802919708027,0.03243851527517255,0.02290622763063708,0.0648770305503451,0.029637384983993393,0.03100633428058595,0.009532287644535474,5.9939172749391725,5.830888487147467,5.667859699355763,11.661776974294934,5.826330282045892,5.82860893900938,0.16302878779170493,"[""DateTime$Property"", ""TestDateTime_Properties"", ""DateTime""]","[0.041970802919708027, 0.02290622763063708]","[5.9939172749391725, 5.667859699355763]"
org.joda.time.TestDateTime_Properties.testPropertySetMonthOfYear,0.041970802919708027,0.03243851527517255,0.02290622763063708,0.0648770305503451,0.029637384983993393,0.03100633428058595,0.009532287644535474,5.9939172749391725,5.830888487147467,5.667859699355763,11.661776974294934,5.826330282045892,5.82860893900938,0.16302878779170493,"[""DateTime$Property"", ""TestDateTime_Properties"", ""DateTime""]","[0.041970802919708027, 0.02290622763063708]","[5.9939172749391725, 5.667859699355763]"
org.joda.time.TestDateTime_Properties.testPropertyCompareToMonthOfYear,0.041970802919708027,0.03243851527517255,0.02290622763063708,0.0648770305503451,0.029637384983993393,0.03100633428058595,0.009532287644535474,5.9939172749391725,5.830888487147467,5.667859699355763,11.661776974294934,5.826330282045892,5.82860893900938,0.16302878779170493,"[""DateTime$Property"", ""TestDateTime_Properties"", ""DateTime""]","[0.041970802919708027, 0.02290622763063708]","[5.9939172749391725, 5.667859699355763]"
org.joda.time.TestDateTime_Properties.testPropertyRoundFloorHourOfDay,0.041970802919708027,0.03243851527517255,0.02290622763063708,0.0648770305503451,0.029637384983993393,0.03100633428058595,0.009532287644535474,5.9939172749391725,5.830888487147467,5.667859699355763,11.661776974294934,5.826330282045892,5.82860893900938,0.16302878779170493,"[""DateTime$Property"", ""TestDateTime_Properties"", ""DateTime""]","[0.041970802919708027, 0.02290622763063708]","[5.9939172749391725, 5.667859699355763]"
org.joda.time.TestDateTime_Properties.testPropertySetDayOfWeek,0.041970802919708027,0.03243851527517255,0.02290622763063708,0.0648770305503451,0.029637384983993393,0.03100633428058595,0.009532287644535474,5.9939172749391725,5.830888487147467,5.667859699355763,11.661776974294934,5.826330282045892,5.82860893900938,0.16302878779170493,"[""DateTime$Property"", ""TestDateTime_Properties"", ""DateTime""]","[0.041970802919708027, 0.02290622763063708]","[5.9939172749391725, 5.667859699355763]"
org.joda.time.TestDateTime_Properties.testPropertyWithMaximumValueDayOfMonth,0.041970802919708027,0.03243851527517255,0.02290622763063708,0.0648770305503451,0.029637384983993393,0.03100633428058595,0.009532287644535474,5.9939172749391725,5.830888487147467,5.667859699355763,11.661776974294934,5.826330282045892,5.82860893900938,0.16302878779170493,"[""DateTime$Property"", ""TestDateTime_Properties"", ""DateTime""]","[0.041970802919708027, 0.02290622763063708]","[5.9939172749391725, 5.667859699355763]"
org.joda.time.TestDateTime_Properties.testPropertyAddWrapFieldDayOfYear,0.041970802919708027,0.03243851527517255,0.02290622763063708,0.0648770305503451,0.029637384983993393,0.03100633428058595,0.009532287644535474,5.9939172749391725,5.830888487147467,5.667859699355763,11.661776974294934,5.826330282045892,5.82860893900938,0.16302878779170493,"[""DateTime$Property"", ""TestDateTime_Properties"", ""DateTime""]","[0.041970802919708027, 0.02290622763063708]","[5.9939172749391725, 5.667859699355763]"
org.joda.time.TestDateTime_Properties.testPropertySetWeekOfWeekyear,0.041970802919708027,0.03243851527517255,0.02290622763063708,0.0648770305503451,0.029637384983993393,0.03100633428058595,0.009532287644535474,5.9939172749391725,5.830888487147467,5.667859699355763,11.661776974294934,5.826330282045892,5.82860893900938,0.16302878779170493,"[""DateTime$Property"", ""TestDateTime_Properties"", ""DateTime""]","[0.041970802919708027, 0.02290622763063708]","[5.9939172749391725, 5.667859699355763]"
org.joda.time.TestDateTime_Properties.testPropertyAddWeekOfWeekyear,0.041970802919708027,0.03243851527517255,0.02290622763063708,0.0648770305503451,0.029637384983993393,0.03100633428058595,0.009532287644535474,5.9939172749391725,5.830888487147467,5.667859699355763,11.661776974294934,5.826330282045892,5.82860893900938,0.16302878779170493,"[""DateTime$Property"", ""TestDateTime_Properties"", ""DateTime""]","[0.041970802919708027, 0.02290622763063708]","[5.9939172749391725, 5.667859699355763]"
org.joda.time.TestDateTime_Properties.testPropertySetTextDayOfYear,0.041970802919708027,0.03243851527517255,0.02290622763063708,0.0648770305503451,0.029637384983993393,0.03100633428058595,0.009532287644535474,5.9939172749391725,5.830888487147467,5.667859699355763,11.661776974294934,5.826330282045892,5.82860893900938,0.16302878779170493,"[""DateTime$Property"", ""TestDateTime_Properties"", ""DateTime""]","[0.041970802919708027, 0.02290622763063708]","[5.9939172749391725, 5.667859699355763]"
org.joda.time.TestDateTime_Properties.testPropertyCompareToDayOfMonth,0.041970802919708027,0.03243851527517255,0.02290622763063708,0.0648770305503451,0.029637384983993393,0.03100633428058595,0.009532287644535474,5.9939172749391725,5.830888487147467,5.667859699355763,11.661776974294934,5.826330282045892,5.82860893900938,0.16302878779170493,"[""DateTime$Property"", ""TestDateTime_Properties"", ""DateTime""]","[0.041970802919708027, 0.02290622763063708]","[5.9939172749391725, 5.667859699355763]"
org.joda.time.TestDateTime_Properties.testPropertyAddWrapFieldMonthOfYear,0.041970802919708027,0.03243851527517255,0.02290622763063708,0.0648770305503451,0.029637384983993393,0.03100633428058595,0.009532287644535474,5.9939172749391725,5.830888487147467,5.667859699355763,11.661776974294934,5.826330282045892,5.82860893900938,0.16302878779170493,"[""DateTime$Property"", ""TestDateTime_Properties"", ""DateTime""]","[0.041970802919708027, 0.02290622763063708]","[5.9939172749391725, 5.667859699355763]"
org.joda.time.TestDateTime_Properties.testPropertyGetDifferenceHourOfDay,0.041970802919708027,0.03243851527517255,0.02290622763063708,0.0648770305503451,0.029637384983993393,0.03100633428058595,0.009532287644535474,5.9939172749391725,5.830888487147467,5.667859699355763,11.661776974294934,5.826330282045892,5.82860893900938,0.16302878779170493,"[""DateTime$Property"", ""TestDateTime_Properties"", ""DateTime""]","[0.041970802919708027, 0.02290622763063708]","[5.9939172749391725, 5.667859699355763]"
org.joda.time.TestDateTime_Properties.testPropertySetTextDayOfWeek,0.041970802919708027,0.03243851527517255,0.02290622763063708,0.0648770305503451,0.029637384983993393,0.03100633428058595,0.009532287644535474,5.9939172749391725,5.830888487147467,5.667859699355763,11.661776974294934,5.826330282045892,5.82860893900938,0.16302878779170493,"[""DateTime$Property"", ""TestDateTime_Properties"", ""DateTime""]","[0.041970802919708027, 0.02290622763063708]","[5.9939172749391725, 5.667859699355763]"
org.joda.time.TestDateTime_Properties.testPropertyAddWrapFieldDayOfWeek,0.041970802919708027,0.03243851527517255,0.02290622763063708,0.0648770305503451,0.029637384983993393,0.03100633428058595,0.009532287644535474,5.9939172749391725,5.830888487147467,5.667859699355763,11.661776974294934,5.826330282045892,5.82860893900938,0.16302878779170493,"[""DateTime$Property"", ""TestDateTime_Properties"", ""DateTime""]","[0.041970802919708027, 0.02290622763063708]","[5.9939172749391725, 5.667859699355763]"
org.joda.time.TestDateTime_Properties.testPropertySetTextDayOfMonth,0.041970802919708027,0.03243851527517255,0.02290622763063708,0.0648770305503451,0.029637384983993393,0.03100633428058595,0.009532287644535474,5.9939172749391725,5.830888487147467,5.667859699355763,11.661776974294934,5.826330282045892,5.82860893900938,0.16302878779170493,"[""DateTime$Property"", ""TestDateTime_Properties"", ""DateTime""]","[0.041970802919708027, 0.02290622763063708]","[5.9939172749391725, 5.667859699355763]"
org.joda.time.TestDateTime_Properties.testPropertyAddYear,0.041970802919708027,0.03243851527517255,0.02290622763063708,0.0648770305503451,0.029637384983993393,0.03100633428058595,0.009532287644535474,5.9939172749391725,5.830888487147467,5.667859699355763,11.661776974294934,5.826330282045892,5.82860893900938,0.16302878779170493,"[""DateTime$Property"", ""TestDateTime_Properties"", ""DateTime""]","[0.041970802919708027, 0.02290622763063708]","[5.9939172749391725, 5.667859699355763]"
org.joda.time.TestDateTime_Properties.testPropertyAddLongDayOfWeek,0.041970802919708027,0.03243851527517255,0.02290622763063708,0.0648770305503451,0.029637384983993393,0.03100633428058595,0.009532287644535474,5.9939172749391725,5.830888487147467,5.667859699355763,11.661776974294934,5.826330282045892,5.82860893900938,0.16302878779170493,"[""DateTime$Property"", ""TestDateTime_Properties"", ""DateTime""]","[0.041970802919708027, 0.02290622763063708]","[5.9939172749391725, 5.667859699355763]"
org.joda.time.TestDateTime_Properties.testPropertySetDayOfMonth,0.041970802919708027,0.03243851527517255,0.02290622763063708,0.0648770305503451,0.029637384983993393,0.03100633428058595,0.009532287644535474,5.9939172749391725,5.830888487147467,5.667859699355763,11.661776974294934,5.826330282045892,5.82860893900938,0.16302878779170493,"[""DateTime$Property"", ""TestDateTime_Properties"", ""DateTime""]","[0.041970802919708027, 0.02290622763063708]","[5.9939172749391725, 5.667859699355763]"
org.joda.time.TestDateTime_Properties.testPropertyAddDayOfWeek,0.041970802919708027,0.03243851527517255,0.02290622763063708,0.0648770305503451,0.029637384983993393,0.03100633428058595,0.009532287644535474,5.9939172749391725,5.830888487147467,5.667859699355763,11.661776974294934,5.826330282045892,5.82860893900938,0.16302878779170493,"[""DateTime$Property"", ""TestDateTime_Properties"", ""DateTime""]","[0.041970802919708027, 0.02290622763063708]","[5.9939172749391725, 5.667859699355763]"
org.joda.time.TestDateTime_Properties.testPropertyAddDayOfMonth,0.041970802919708027,0.03243851527517255,0.02290622763063708,0.0648770305503451,0.029637384983993393,0.03100633428058595,0.009532287644535474,5.9939172749391725,5.830888487147467,5.667859699355763,11.661776974294934,5.826330282045892,5.82860893900938,0.16302878779170493,"[""DateTime$Property"", ""TestDateTime_Properties"", ""DateTime""]","[0.041970802919708027, 0.02290622763063708]","[5.9939172749391725, 5.667859699355763]"
org.joda.time.TestDateTime_Properties.testPropertyCompareToDayOfWeek,0.041970802919708027,0.03243851527517255,0.02290622763063708,0.0648770305503451,0.029637384983993393,0.03100633428058595,0.009532287644535474,5.9939172749391725,5.830888487147467,5.667859699355763,11.661776974294934,5.826330282045892,5.82860893900938,0.16302878779170493,"[""DateTime$Property"", ""TestDateTime_Properties"", ""DateTime""]","[0.041970802919708027, 0.02290622763063708]","[5.9939172749391725, 5.667859699355763]"
org.joda.time.TestDateTime_Properties.testPropertyRoundHalfFloorHourOfDay,0.041970802919708027,0.03243851527517255,0.02290622763063708,0.0648770305503451,0.029637384983993393,0.03100633428058595,0.009532287644535474,5.9939172749391725,5.830888487147467,5.667859699355763,11.661776974294934,5.826330282045892,5.82860893900938,0.16302878779170493,"[""DateTime$Property"", ""TestDateTime_Properties"", ""DateTime""]","[0.041970802919708027, 0.02290622763063708]","[5.9939172749391725, 5.667859699355763]"
org.joda.time.TestDateTime_Properties.testPropertyAddDayOfYear,0.041970802919708027,0.03243851527517255,0.02290622763063708,0.0648770305503451,0.029637384983993393,0.03100633428058595,0.009532287644535474,5.9939172749391725,5.830888487147467,5.667859699355763,11.661776974294934,5.826330282045892,5.82860893900938,0.16302878779170493,"[""DateTime$Property"", ""TestDateTime_Properties"", ""DateTime""]","[0.041970802919708027, 0.02290622763063708]","[5.9939172749391725, 5.667859699355763]"
org.joda.time.TestDateTime_Properties.testPropertyRoundHalfEvenHourOfDay,0.041970802919708027,0.03243851527517255,0.02290622763063708,0.0648770305503451,0.029637384983993393,0.03100633428058595,0.009532287644535474,5.9939172749391725,5.830888487147467,5.667859699355763,11.661776974294934,5.826330282045892,5.82860893900938,0.16302878779170493,"[""DateTime$Property"", ""TestDateTime_Properties"", ""DateTime""]","[0.041970802919708027, 0.02290622763063708]","[5.9939172749391725, 5.667859699355763]"
org.joda.time.TestDateTime_Properties.testPropertyRoundHalfCeilingHourOfDay,0.041970802919708027,0.03243851527517255,0.02290622763063708,0.0648770305503451,0.029637384983993393,0.03100633428058595,0.009532287644535474,5.9939172749391725,5.830888487147467,5.667859699355763,11.661776974294934,5.826330282045892,5.82860893900938,0.16302878779170493,"[""DateTime$Property"", ""TestDateTime_Properties"", ""DateTime""]","[0.041970802919708027, 0.02290622763063708]","[5.9939172749391725, 5.667859699355763]"
org.joda.time.TestDateTime_Properties.testPropertyCompareToDayOfYear,0.041970802919708027,0.03243851527517255,0.02290622763063708,0.0648770305503451,0.029637384983993393,0.03100633428058595,0.009532287644535474,5.9939172749391725,5.830888487147467,5.667859699355763,11.661776974294934,5.826330282045892,5.82860893900938,0.16302878779170493,"[""DateTime$Property"", ""TestDateTime_Properties"", ""DateTime""]","[0.041970802919708027, 0.02290622763063708]","[5.9939172749391725, 5.667859699355763]"
org.joda.time.TestDateTime_Properties.testPropertySetYear,0.041970802919708027,0.03243851527517255,0.02290622763063708,0.0648770305503451,0.029637384983993393,0.03100633428058595,0.009532287644535474,5.9939172749391725,5.830888487147467,5.667859699355763,11.661776974294934,5.826330282045892,5.82860893900938,0.16302878779170493,"[""DateTime$Property"", ""TestDateTime_Properties"", ""DateTime""]","[0.041970802919708027, 0.02290622763063708]","[5.9939172749391725, 5.667859699355763]"
org.joda.time.TestDateTime_Properties.testPropertySetTextMonthOfYear,0.041970802919708027,0.03243851527517255,0.02290622763063708,0.0648770305503451,0.029637384983993393,0.03100633428058595,0.009532287644535474,5.9939172749391725,5.830888487147467,5.667859699355763,11.661776974294934,5.826330282045892,5.82860893900938,0.16302878779170493,"[""DateTime$Property"", ""TestDateTime_Properties"", ""DateTime""]","[0.041970802919708027, 0.02290622763063708]","[5.9939172749391725, 5.667859699355763]"
org.joda.time.TestDurationFieldType.test_other,0.02298095863427446,0.012972469015112023,0.007633587786259542,0.06486234507556012,0.010968878419123456,0.011884584249905754,0.0056117818232656845,1.2468407750631845,0.6470553692637516,0.09541984732824428,3.235276846318758,0.2185428618228527,0.3992171066125859,0.4641165596868417,"[""Constructor"", ""ByteArrayOutputStream"", ""ObjectInputStream"", ""DurationFieldType"", ""TestDurationFieldType"", ""Class"", ""Byte"", ""ByteArrayInputStream"", ""CopticChronology"", ""ObjectOutputStream""]","[0.02298095863427446, 0.013479359730412805, 0.013134851138353765, 0.007633587786259542, 0.007633587786259542]","[0.8850952068286277, 1.2468407750631845, 0.9010507880910683, 0.09541984732824428, 0.10687022900763359]"
org.joda.time.TestMutableInterval_Updates.testSePeriodBeforeEnd_RI2,0.031857031857031856,0.021580958396602856,0.013535031847133758,0.06474287518980856,0.019114365660253735,0.02028248941306684,0.007644348131093302,5.1313131313131315,2.623149660203264,1.3320848938826466,7.869448980609791,1.810723204432292,2.12611700128949,1.7737964450902177,"[""MutableInterval"", ""TestMutableInterval_Updates"", ""Period""]","[0.031857031857031856, 0.019350811485642945, 0.013535031847133758]","[5.1313131313131315, 1.3320848938826466, 1.4060509554140128]"
org.joda.time.TestMutableInterval_Updates.testSetPeriodBeforeEnd_RI1,0.031857031857031856,0.021580958396602856,0.013535031847133758,0.06474287518980856,0.019114365660253735,0.02028248941306684,0.007644348131093302,5.1313131313131315,2.623149660203264,1.3320848938826466,7.869448980609791,1.810723204432292,2.12611700128949,1.7737964450902177,"[""MutableInterval"", ""TestMutableInterval_Updates"", ""Period""]","[0.031857031857031856, 0.019350811485642945, 0.013535031847133758]","[5.1313131313131315, 1.3320848938826466, 1.4060509554140128]"
org.joda.time.TestMutableInterval_Updates.testSetPeriodAfterStart_RI1,0.031857031857031856,0.021580958396602856,0.013535031847133758,0.06474287518980856,0.019114365660253735,0.02028248941306684,0.007644348131093302,5.1313131313131315,2.623149660203264,1.3320848938826466,7.869448980609791,1.810723204432292,2.12611700128949,1.7737964450902177,"[""MutableInterval"", ""TestMutableInterval_Updates"", ""Period""]","[0.031857031857031856, 0.019350811485642945, 0.013535031847133758]","[5.1313131313131315, 1.3320848938826466, 1.4060509554140128]"
org.joda.time.TestMutableInterval_Updates.testSePeriodAfterStart_RI2,0.031857031857031856,0.021580958396602856,0.013535031847133758,0.06474287518980856,0.019114365660253735,0.02028248941306684,0.007644348131093302,5.1313131313131315,2.623149660203264,1.3320848938826466,7.869448980609791,1.810723204432292,2.12611700128949,1.7737964450902177,"[""MutableInterval"", ""TestMutableInterval_Updates"", ""Period""]","[0.031857031857031856, 0.019350811485642945, 0.013535031847133758]","[5.1313131313131315, 1.3320848938826466, 1.4060509554140128]"
org.joda.time.TestYearMonth_Properties.testPropertyEqualsHashCodeStrict,0.03618421052631579,0.021489353726195832,0.008547008547008548,0.0644680611785875,0.015360744763382466,0.01827554353372176,0.01135068884979774,6.592105263157895,3.186767667030825,0.5537240537240538,9.560303001092475,1.2648518708455716,2.065602100288156,2.5249211742859425,"[""YearMonth$Property"", ""TestYearMonth_Properties"", ""YearMonth"", ""StrictChronology""]","[0.03618421052631579, 0.019736842105263157, 0.008547008547008548]","[6.592105263157895, 2.414473684210526, 0.5537240537240538]"
org.joda.time.TestDateMidnight_Constructors.testConstructor_Object_Chronology,0.03345454545454545,0.016045233355452333,0.0026666666666666666,0.06418093342180933,0.007250084688300538,0.011426830236651366,0.011198786816020564,4.0378181818181815,1.6300842733908425,0.04933333333333333,6.52033709356337,0.17700454659049103,0.6947538270646497,1.521422590835148,"[""TestDateMidnight_Constructors"", ""DateMidnight"", ""Date"", ""GregorianChronology""]","[0.03345454545454545, 0.016423357664233577, 0.011636363636363636, 0.0026666666666666666]","[4.0378181818181815, 0.6593673965936739, 1.7738181818181817, 0.04933333333333333]"
org.joda.time.TestDays.testGetFieldType,0.02702702702702703,0.02130993672695442,0.013479359730412805,0.06392981018086326,0.0194957353079014,0.02043490562184262,0.00572916176574149,3.1495495495495494,2.380778756852893,1.2468407750631845,7.14233627055868,2.0219639525136635,2.2092785458077624,0.8185700854210924,"[""Days"", ""TestDays"", ""DurationFieldType""]","[0.02702702702702703, 0.023423423423423424, 0.013479359730412805]","[3.1495495495495494, 2.745945945945946, 1.2468407750631845]"
org.joda.time.TestMonths.testGetFieldType,0.02702702702702703,0.02130993672695442,0.013479359730412805,0.06392981018086326,0.0194957353079014,0.02043490562184262,0.00572916176574149,2.627027027027027,2.038436414510551,1.2468407750631845,6.115309243531653,1.8418162924594468,1.9435735412241355,0.5814561051056267,"[""Months"", ""TestMonths"", ""DurationFieldType""]","[0.02702702702702703, 0.023423423423423424, 0.013479359730412805]","[2.627027027027027, 2.2414414414414416, 1.2468407750631845]"
org.joda.time.TestMutableDateTime_Constructors.testConstructor_nullObject_DateTimeZone,0.03527980535279805,0.021286524971409083,0.01337295690936107,0.06385957491422725,0.017763818799066026,0.019286967130719465,0.00992302637288272,4.203771289537713,2.2171469579144114,0.7195863746958637,6.651440873743234,1.3597766301566514,1.735517060484092,1.4638473606005185,"[""TestMutableDateTime_Constructors"", ""MutableDateTime"", ""ISOChronology""]","[0.03527980535279805, 0.015206812652068127, 0.01337295690936107]","[4.203771289537713, 0.7195863746958637, 1.7280832095096583]"
org.joda.time.TestMutableDateTime_Constructors.testConstructor_int_int_int_int_int_int_int_DateTimeZone,0.03527980535279805,0.021286524971409083,0.01337295690936107,0.06385957491422725,0.017763818799066026,0.019286967130719465,0.00992302637288272,4.203771289537713,2.2171469579144114,0.7195863746958637,6.651440873743234,1.3597766301566514,1.735517060484092,1.4638473606005185,"[""TestMutableDateTime_Constructors"", ""MutableDateTime"", ""ISOChronology""]","[0.03527980535279805, 0.015206812652068127, 0.01337295690936107]","[4.203771289537713, 0.7195863746958637, 1.7280832095096583]"
org.joda.time.TestMutableDateTime_Constructors.testConstructor_nullChronology,0.03527980535279805,0.021286524971409083,0.01337295690936107,0.06385957491422725,0.017763818799066026,0.019286967130719465,0.00992302637288272,4.203771289537713,2.2171469579144114,0.7195863746958637,6.651440873743234,1.3597766301566514,1.735517060484092,1.4638473606005185,"[""TestMutableDateTime_Constructors"", ""MutableDateTime"", ""ISOChronology""]","[0.03527980535279805, 0.015206812652068127, 0.01337295690936107]","[4.203771289537713, 0.7195863746958637, 1.7280832095096583]"
org.joda.time.TestMutableDateTime_Constructors.testConstructor_nullObject_nullDateTimeZone,0.03527980535279805,0.021286524971409083,0.01337295690936107,0.06385957491422725,0.017763818799066026,0.019286967130719465,0.00992302637288272,4.203771289537713,2.2171469579144114,0.7195863746958637,6.651440873743234,1.3597766301566514,1.735517060484092,1.4638473606005185,"[""TestMutableDateTime_Constructors"", ""MutableDateTime"", ""ISOChronology""]","[0.03527980535279805, 0.015206812652068127, 0.01337295690936107]","[4.203771289537713, 0.7195863746958637, 1.7280832095096583]"
org.joda.time.TestMutableDateTime_Constructors.testConstructor_nullObject,0.03527980535279805,0.021286524971409083,0.01337295690936107,0.06385957491422725,0.017763818799066026,0.019286967130719465,0.00992302637288272,4.203771289537713,2.2171469579144114,0.7195863746958637,6.651440873743234,1.3597766301566514,1.735517060484092,1.4638473606005185,"[""TestMutableDateTime_Constructors"", ""MutableDateTime"", ""ISOChronology""]","[0.03527980535279805, 0.015206812652068127, 0.01337295690936107]","[4.203771289537713, 0.7195863746958637, 1.7280832095096583]"
org.joda.time.TestMutableDateTime_Constructors.testConstructor_long_nullDateTimeZone,0.03527980535279805,0.021286524971409083,0.01337295690936107,0.06385957491422725,0.017763818799066026,0.019286967130719465,0.00992302637288272,4.203771289537713,2.2171469579144114,0.7195863746958637,6.651440873743234,1.3597766301566514,1.735517060484092,1.4638473606005185,"[""TestMutableDateTime_Constructors"", ""MutableDateTime"", ""ISOChronology""]","[0.03527980535279805, 0.015206812652068127, 0.01337295690936107]","[4.203771289537713, 0.7195863746958637, 1.7280832095096583]"
org.joda.time.TestMutableDateTime_Constructors.testConstructor_long1_DateTimeZone,0.03527980535279805,0.021286524971409083,0.01337295690936107,0.06385957491422725,0.017763818799066026,0.019286967130719465,0.00992302637288272,4.203771289537713,2.2171469579144114,0.7195863746958637,6.651440873743234,1.3597766301566514,1.735517060484092,1.4638473606005185,"[""TestMutableDateTime_Constructors"", ""MutableDateTime"", ""ISOChronology""]","[0.03527980535279805, 0.015206812652068127, 0.01337295690936107]","[4.203771289537713, 0.7195863746958637, 1.7280832095096583]"
org.joda.time.TestMutableDateTime_Constructors.testConstructor_long2,0.03527980535279805,0.021286524971409083,0.01337295690936107,0.06385957491422725,0.017763818799066026,0.019286967130719465,0.00992302637288272,4.203771289537713,2.2171469579144114,0.7195863746958637,6.651440873743234,1.3597766301566514,1.735517060484092,1.4638473606005185,"[""TestMutableDateTime_Constructors"", ""MutableDateTime"", ""ISOChronology""]","[0.03527980535279805, 0.015206812652068127, 0.01337295690936107]","[4.203771289537713, 0.7195863746958637, 1.7280832095096583]"
org.joda.time.TestMutableDateTime_Constructors.testConstructor_DateTimeZone,0.03527980535279805,0.021286524971409083,0.01337295690936107,0.06385957491422725,0.017763818799066026,0.019286967130719465,0.00992302637288272,4.203771289537713,2.2171469579144114,0.7195863746958637,6.651440873743234,1.3597766301566514,1.735517060484092,1.4638473606005185,"[""TestMutableDateTime_Constructors"", ""MutableDateTime"", ""ISOChronology""]","[0.03527980535279805, 0.015206812652068127, 0.01337295690936107]","[4.203771289537713, 0.7195863746958637, 1.7280832095096583]"
org.joda.time.TestMutableDateTime_Constructors.testConstructor_int_int_int_int_int_int_int_nullChronology,0.03527980535279805,0.021286524971409083,0.01337295690936107,0.06385957491422725,0.017763818799066026,0.019286967130719465,0.00992302637288272,4.203771289537713,2.2171469579144114,0.7195863746958637,6.651440873743234,1.3597766301566514,1.735517060484092,1.4638473606005185,"[""TestMutableDateTime_Constructors"", ""MutableDateTime"", ""ISOChronology""]","[0.03527980535279805, 0.015206812652068127, 0.01337295690936107]","[4.203771289537713, 0.7195863746958637, 1.7280832095096583]"
org.joda.time.TestMutableDateTime_Constructors.testConstructor_nullObject_nullChronology,0.03527980535279805,0.021286524971409083,0.01337295690936107,0.06385957491422725,0.017763818799066026,0.019286967130719465,0.00992302637288272,4.203771289537713,2.2171469579144114,0.7195863746958637,6.651440873743234,1.3597766301566514,1.735517060484092,1.4638473606005185,"[""TestMutableDateTime_Constructors"", ""MutableDateTime"", ""ISOChronology""]","[0.03527980535279805, 0.015206812652068127, 0.01337295690936107]","[4.203771289537713, 0.7195863746958637, 1.7280832095096583]"
org.joda.time.TestMutableDateTime_Constructors.testConstructor_int_int_int_int_int_int_int_nullDateTimeZone,0.03527980535279805,0.021286524971409083,0.01337295690936107,0.06385957491422725,0.017763818799066026,0.019286967130719465,0.00992302637288272,4.203771289537713,2.2171469579144114,0.7195863746958637,6.651440873743234,1.3597766301566514,1.735517060484092,1.4638473606005185,"[""TestMutableDateTime_Constructors"", ""MutableDateTime"", ""ISOChronology""]","[0.03527980535279805, 0.015206812652068127, 0.01337295690936107]","[4.203771289537713, 0.7195863746958637, 1.7280832095096583]"
org.joda.time.TestMutableDateTime_Constructors.testConstructor_nullDateTimeZone,0.03527980535279805,0.021286524971409083,0.01337295690936107,0.06385957491422725,0.017763818799066026,0.019286967130719465,0.00992302637288272,4.203771289537713,2.2171469579144114,0.7195863746958637,6.651440873743234,1.3597766301566514,1.735517060484092,1.4638473606005185,"[""TestMutableDateTime_Constructors"", ""MutableDateTime"", ""ISOChronology""]","[0.03527980535279805, 0.015206812652068127, 0.01337295690936107]","[4.203771289537713, 0.7195863746958637, 1.7280832095096583]"
org.joda.time.TestMutableDateTime_Constructors.testConstructor_long_nullChronology,0.03527980535279805,0.021286524971409083,0.01337295690936107,0.06385957491422725,0.017763818799066026,0.019286967130719465,0.00992302637288272,4.203771289537713,2.2171469579144114,0.7195863746958637,6.651440873743234,1.3597766301566514,1.735517060484092,1.4638473606005185,"[""TestMutableDateTime_Constructors"", ""MutableDateTime"", ""ISOChronology""]","[0.03527980535279805, 0.015206812652068127, 0.01337295690936107]","[4.203771289537713, 0.7195863746958637, 1.7280832095096583]"
org.joda.time.TestMutableDateTime_Constructors.test_now,0.03527980535279805,0.021286524971409083,0.01337295690936107,0.06385957491422725,0.017763818799066026,0.019286967130719465,0.00992302637288272,4.203771289537713,2.2171469579144114,0.7195863746958637,6.651440873743234,1.3597766301566514,1.735517060484092,1.4638473606005185,"[""TestMutableDateTime_Constructors"", ""MutableDateTime"", ""ISOChronology""]","[0.03527980535279805, 0.015206812652068127, 0.01337295690936107]","[4.203771289537713, 0.7195863746958637, 1.7280832095096583]"
org.joda.time.TestMutableDateTime_Constructors.testConstructor,0.03527980535279805,0.021286524971409083,0.01337295690936107,0.06385957491422725,0.017763818799066026,0.019286967130719465,0.00992302637288272,4.203771289537713,2.2171469579144114,0.7195863746958637,6.651440873743234,1.3597766301566514,1.735517060484092,1.4638473606005185,"[""TestMutableDateTime_Constructors"", ""MutableDateTime"", ""ISOChronology""]","[0.03527980535279805, 0.015206812652068127, 0.01337295690936107]","[4.203771289537713, 0.7195863746958637, 1.7280832095096583]"
org.joda.time.TestMutableDateTime_Constructors.test_now_DateTimeZone,0.03527980535279805,0.021286524971409083,0.01337295690936107,0.06385957491422725,0.017763818799066026,0.019286967130719465,0.00992302637288272,4.203771289537713,2.2171469579144114,0.7195863746958637,6.651440873743234,1.3597766301566514,1.735517060484092,1.4638473606005185,"[""TestMutableDateTime_Constructors"", ""MutableDateTime"", ""ISOChronology""]","[0.03527980535279805, 0.015206812652068127, 0.01337295690936107]","[4.203771289537713, 0.7195863746958637, 1.7280832095096583]"
org.joda.time.TestMutableDateTime_Constructors.testConstructor_long1,0.03527980535279805,0.021286524971409083,0.01337295690936107,0.06385957491422725,0.017763818799066026,0.019286967130719465,0.00992302637288272,4.203771289537713,2.2171469579144114,0.7195863746958637,6.651440873743234,1.3597766301566514,1.735517060484092,1.4638473606005185,"[""TestMutableDateTime_Constructors"", ""MutableDateTime"", ""ISOChronology""]","[0.03527980535279805, 0.015206812652068127, 0.01337295690936107]","[4.203771289537713, 0.7195863746958637, 1.7280832095096583]"
org.joda.time.TestMutableDateTime_Constructors.testConstructor_int_int_int_int_int_int_int,0.03527980535279805,0.021286524971409083,0.01337295690936107,0.06385957491422725,0.017763818799066026,0.019286967130719465,0.00992302637288272,4.203771289537713,2.2171469579144114,0.7195863746958637,6.651440873743234,1.3597766301566514,1.735517060484092,1.4638473606005185,"[""TestMutableDateTime_Constructors"", ""MutableDateTime"", ""ISOChronology""]","[0.03527980535279805, 0.015206812652068127, 0.01337295690936107]","[4.203771289537713, 0.7195863746958637, 1.7280832095096583]"
org.joda.time.TestMutableDateTime_Constructors.testConstructor_long2_DateTimeZone,0.03527980535279805,0.021286524971409083,0.01337295690936107,0.06385957491422725,0.017763818799066026,0.019286967130719465,0.00992302637288272,4.203771289537713,2.2171469579144114,0.7195863746958637,6.651440873743234,1.3597766301566514,1.735517060484092,1.4638473606005185,"[""TestMutableDateTime_Constructors"", ""MutableDateTime"", ""ISOChronology""]","[0.03527980535279805, 0.015206812652068127, 0.01337295690936107]","[4.203771289537713, 0.7195863746958637, 1.7280832095096583]"
org.joda.time.TestYearMonthDay_Basics.testWithChronologyRetainFields_sameChrono,0.03952011291460833,0.03191283423508194,0.024305555555555556,0.06382566847016388,0.030099435635581834,0.030992874987774876,0.007607278679526387,3.5356386732533522,3.508270725515565,3.4809027777777777,7.01654145103113,3.5080572287184304,3.508163975492897,0.02736794773778728,"[""YearMonthDay"", ""TestYearMonthDay_Basics""]","[0.03952011291460833, 0.024305555555555556]","[3.5356386732533522, 3.4809027777777777]"
org.joda.time.TestYearMonthDay_Basics.testWithFieldAdded3,0.03952011291460833,0.03191283423508194,0.024305555555555556,0.06382566847016388,0.030099435635581834,0.030992874987774876,0.007607278679526387,3.5356386732533522,3.508270725515565,3.4809027777777777,7.01654145103113,3.5080572287184304,3.508163975492897,0.02736794773778728,"[""YearMonthDay"", ""TestYearMonthDay_Basics""]","[0.03952011291460833, 0.024305555555555556]","[3.5356386732533522, 3.4809027777777777]"
org.joda.time.TestYearMonthDay_Basics.testToString_String_Locale,0.03952011291460833,0.03191283423508194,0.024305555555555556,0.06382566847016388,0.030099435635581834,0.030992874987774876,0.007607278679526387,3.5356386732533522,3.508270725515565,3.4809027777777777,7.01654145103113,3.5080572287184304,3.508163975492897,0.02736794773778728,"[""YearMonthDay"", ""TestYearMonthDay_Basics""]","[0.03952011291460833, 0.024305555555555556]","[3.5356386732533522, 3.4809027777777777]"
org.joda.time.TestYearMonthDay_Basics.testWithChronologyRetainFields_nullChrono,0.03952011291460833,0.03191283423508194,0.024305555555555556,0.06382566847016388,0.030099435635581834,0.030992874987774876,0.007607278679526387,3.5356386732533522,3.508270725515565,3.4809027777777777,7.01654145103113,3.5080572287184304,3.508163975492897,0.02736794773778728,"[""YearMonthDay"", ""TestYearMonthDay_Basics""]","[0.03952011291460833, 0.024305555555555556]","[3.5356386732533522, 3.4809027777777777]"
org.joda.time.TestYearMonthDay_Basics.testSize,0.03952011291460833,0.03191283423508194,0.024305555555555556,0.06382566847016388,0.030099435635581834,0.030992874987774876,0.007607278679526387,3.5356386732533522,3.508270725515565,3.4809027777777777,7.01654145103113,3.5080572287184304,3.508163975492897,0.02736794773778728,"[""YearMonthDay"", ""TestYearMonthDay_Basics""]","[0.03952011291460833, 0.024305555555555556]","[3.5356386732533522, 3.4809027777777777]"
org.joda.time.TestYearMonthDay_Basics.testWithChronologyRetainFields_invalidInNewChrono,0.03952011291460833,0.03191283423508194,0.024305555555555556,0.06382566847016388,0.030099435635581834,0.030992874987774876,0.007607278679526387,3.5356386732533522,3.508270725515565,3.4809027777777777,7.01654145103113,3.5080572287184304,3.508163975492897,0.02736794773778728,"[""YearMonthDay"", ""TestYearMonthDay_Basics""]","[0.03952011291460833, 0.024305555555555556]","[3.5356386732533522, 3.4809027777777777]"
org.joda.time.TestYearMonthDay_Basics.testWithField2,0.03952011291460833,0.03191283423508194,0.024305555555555556,0.06382566847016388,0.030099435635581834,0.030992874987774876,0.007607278679526387,3.5356386732533522,3.508270725515565,3.4809027777777777,7.01654145103113,3.5080572287184304,3.508163975492897,0.02736794773778728,"[""YearMonthDay"", ""TestYearMonthDay_Basics""]","[0.03952011291460833, 0.024305555555555556]","[3.5356386732533522, 3.4809027777777777]"
org.joda.time.TestYearMonthDay_Basics.testGetValue,0.03952011291460833,0.03191283423508194,0.024305555555555556,0.06382566847016388,0.030099435635581834,0.030992874987774876,0.007607278679526387,3.5356386732533522,3.508270725515565,3.4809027777777777,7.01654145103113,3.5080572287184304,3.508163975492897,0.02736794773778728,"[""YearMonthDay"", ""TestYearMonthDay_Basics""]","[0.03952011291460833, 0.024305555555555556]","[3.5356386732533522, 3.4809027777777777]"
org.joda.time.TestYearMonthDay_Basics.testToString,0.03952011291460833,0.03191283423508194,0.024305555555555556,0.06382566847016388,0.030099435635581834,0.030992874987774876,0.007607278679526387,3.5356386732533522,3.508270725515565,3.4809027777777777,7.01654145103113,3.5080572287184304,3.508163975492897,0.02736794773778728,"[""YearMonthDay"", ""TestYearMonthDay_Basics""]","[0.03952011291460833, 0.024305555555555556]","[3.5356386732533522, 3.4809027777777777]"
org.joda.time.TestYearMonthDay_Basics.testWithChronologyRetainFields_Chrono,0.03952011291460833,0.03191283423508194,0.024305555555555556,0.06382566847016388,0.030099435635581834,0.030992874987774876,0.007607278679526387,3.5356386732533522,3.508270725515565,3.4809027777777777,7.01654145103113,3.5080572287184304,3.508163975492897,0.02736794773778728,"[""YearMonthDay"", ""TestYearMonthDay_Basics""]","[0.03952011291460833, 0.024305555555555556]","[3.5356386732533522, 3.4809027777777777]"
org.joda.time.TestYearMonthDay_Basics.testToString_String,0.03952011291460833,0.03191283423508194,0.024305555555555556,0.06382566847016388,0.030099435635581834,0.030992874987774876,0.007607278679526387,3.5356386732533522,3.508270725515565,3.4809027777777777,7.01654145103113,3.5080572287184304,3.508163975492897,0.02736794773778728,"[""YearMonthDay"", ""TestYearMonthDay_Basics""]","[0.03952011291460833, 0.024305555555555556]","[3.5356386732533522, 3.4809027777777777]"
org.joda.time.TestYearMonthDay_Basics.testGetValues,0.03952011291460833,0.03191283423508194,0.024305555555555556,0.06382566847016388,0.030099435635581834,0.030992874987774876,0.007607278679526387,3.5356386732533522,3.508270725515565,3.4809027777777777,7.01654145103113,3.5080572287184304,3.508163975492897,0.02736794773778728,"[""YearMonthDay"", ""TestYearMonthDay_Basics""]","[0.03952011291460833, 0.024305555555555556]","[3.5356386732533522, 3.4809027777777777]"
org.joda.time.TestYearMonthDay_Basics.testWithers,0.03952011291460833,0.03191283423508194,0.024305555555555556,0.06382566847016388,0.030099435635581834,0.030992874987774876,0.007607278679526387,3.5356386732533522,3.508270725515565,3.4809027777777777,7.01654145103113,3.5080572287184304,3.508163975492897,0.02736794773778728,"[""YearMonthDay"", ""TestYearMonthDay_Basics""]","[0.03952011291460833, 0.024305555555555556]","[3.5356386732533522, 3.4809027777777777]"
org.joda.time.TestYearMonthDay_Basics.testWithFieldAdded2,0.03952011291460833,0.03191283423508194,0.024305555555555556,0.06382566847016388,0.030099435635581834,0.030992874987774876,0.007607278679526387,3.5356386732533522,3.508270725515565,3.4809027777777777,7.01654145103113,3.5080572287184304,3.508163975492897,0.02736794773778728,"[""YearMonthDay"", ""TestYearMonthDay_Basics""]","[0.03952011291460833, 0.024305555555555556]","[3.5356386732533522, 3.4809027777777777]"
org.joda.time.field.TestMillisDurationField.test_compareTo,0.015206812652068127,0.01274638074944614,0.009768009768009768,0.0637319037472307,0.012321550427938317,0.012536097726494845,0.0022672964586890358,1.2468407750631845,0.8012459084644353,0.43833943833943834,4.006229542322177,0.7146369973344632,0.7576058922749856,0.2645868145087423,"[""PreciseDurationField"", ""DurationField"", ""DurationFieldType"", ""ISOChronology"", ""TestMillisDurationField""]","[0.015206812652068127, 0.014899211218229623, 0.013479359730412805, 0.010378510378510378, 0.009768009768009768]","[0.7195863746958637, 0.8816827344434707, 1.2468407750631845, 0.7197802197802198, 0.43833943833943834]"
org.joda.time.format.TestPeriodFormatterBuilder.testFormatPrintZeroRarelyFirstMonths,0.03263403263403263,0.02121425974636984,0.009324009324009324,0.06364277923910952,0.01630361755176996,0.018756099839313218,0.009522090404648513,6.074592074592075,3.7690050350600814,1.1173271173271173,11.307015105180245,2.303049262935549,3.0340714704784,2.038537569944399,"[""PeriodFormatterBuilder"", ""PeriodFormatter"", ""TestPeriodFormatterBuilder""]","[0.03263403263403263, 0.021684737281067557, 0.009324009324009324]","[6.074592074592075, 4.115095913261051, 1.1173271173271173]"
org.joda.time.format.TestPeriodFormatterBuilder.testFormatPrintZeroRarelyFirstHours,0.03263403263403263,0.02121425974636984,0.009324009324009324,0.06364277923910952,0.01630361755176996,0.018756099839313218,0.009522090404648513,6.074592074592075,3.7690050350600814,1.1173271173271173,11.307015105180245,2.303049262935549,3.0340714704784,2.038537569944399,"[""PeriodFormatterBuilder"", ""PeriodFormatter"", ""TestPeriodFormatterBuilder""]","[0.03263403263403263, 0.021684737281067557, 0.009324009324009324]","[6.074592074592075, 4.115095913261051, 1.1173271173271173]"
org.joda.time.format.TestPeriodFormatterBuilder.testFormatPrintZeroRarelyFirstYears,0.03263403263403263,0.02121425974636984,0.009324009324009324,0.06364277923910952,0.01630361755176996,0.018756099839313218,0.009522090404648513,6.074592074592075,3.7690050350600814,1.1173271173271173,11.307015105180245,2.303049262935549,3.0340714704784,2.038537569944399,"[""PeriodFormatterBuilder"", ""PeriodFormatter"", ""TestPeriodFormatterBuilder""]","[0.03263403263403263, 0.021684737281067557, 0.009324009324009324]","[6.074592074592075, 4.115095913261051, 1.1173271173271173]"
org.joda.time.format.TestPeriodFormatterBuilder.testFormatPrintZeroRarelyFirstWeeks,0.03263403263403263,0.02121425974636984,0.009324009324009324,0.06364277923910952,0.01630361755176996,0.018756099839313218,0.009522090404648513,6.074592074592075,3.7690050350600814,1.1173271173271173,11.307015105180245,2.303049262935549,3.0340714704784,2.038537569944399,"[""PeriodFormatterBuilder"", ""PeriodFormatter"", ""TestPeriodFormatterBuilder""]","[0.03263403263403263, 0.021684737281067557, 0.009324009324009324]","[6.074592074592075, 4.115095913261051, 1.1173271173271173]"
org.joda.time.format.TestPeriodFormatterBuilder.testFormatPrintZeroRarelyFirstMinutes,0.03263403263403263,0.02121425974636984,0.009324009324009324,0.06364277923910952,0.01630361755176996,0.018756099839313218,0.009522090404648513,6.074592074592075,3.7690050350600814,1.1173271173271173,11.307015105180245,2.303049262935549,3.0340714704784,2.038537569944399,"[""PeriodFormatterBuilder"", ""PeriodFormatter"", ""TestPeriodFormatterBuilder""]","[0.03263403263403263, 0.021684737281067557, 0.009324009324009324]","[6.074592074592075, 4.115095913261051, 1.1173271173271173]"
org.joda.time.format.TestPeriodFormatterBuilder.testFormatPrintZeroRarelyFirstSeconds,0.03263403263403263,0.02121425974636984,0.009324009324009324,0.06364277923910952,0.01630361755176996,0.018756099839313218,0.009522090404648513,6.074592074592075,3.7690050350600814,1.1173271173271173,11.307015105180245,2.303049262935549,3.0340714704784,2.038537569944399,"[""PeriodFormatterBuilder"", ""PeriodFormatter"", ""TestPeriodFormatterBuilder""]","[0.03263403263403263, 0.021684737281067557, 0.009324009324009324]","[6.074592074592075, 4.115095913261051, 1.1173271173271173]"
org.joda.time.format.TestPeriodFormatterBuilder.testFormatPrintZeroRarelyFirstDays,0.03263403263403263,0.02121425974636984,0.009324009324009324,0.06364277923910952,0.01630361755176996,0.018756099839313218,0.009522090404648513,6.074592074592075,3.7690050350600814,1.1173271173271173,11.307015105180245,2.303049262935549,3.0340714704784,2.038537569944399,"[""PeriodFormatterBuilder"", ""PeriodFormatter"", ""TestPeriodFormatterBuilder""]","[0.03263403263403263, 0.021684737281067557, 0.009324009324009324]","[6.074592074592075, 4.115095913261051, 1.1173271173271173]"
org.joda.time.format.TestPeriodFormatterBuilder.testFormatAppend_PrinterParser_Printer_null,0.03263403263403263,0.02121425974636984,0.009324009324009324,0.06364277923910952,0.01630361755176996,0.018756099839313218,0.009522090404648513,6.074592074592075,3.7690050350600814,1.1173271173271173,11.307015105180245,2.303049262935549,3.0340714704784,2.038537569944399,"[""PeriodFormatterBuilder"", ""PeriodFormatter"", ""TestPeriodFormatterBuilder""]","[0.03263403263403263, 0.021684737281067557, 0.009324009324009324]","[6.074592074592075, 4.115095913261051, 1.1173271173271173]"
org.joda.time.TestMutablePeriod_Updates.testSetPeriod_8ints3,0.021756021756021756,0.02121092493823441,0.020914020139426802,0.06363277481470322,0.021203990239433066,0.02120744271101309,0.0003859543490285356,5.986057319907049,4.380503118597956,3.2222222222222223,13.141509355793868,4.100356652883323,4.233327755502624,1.1718180088444141,"[""PeriodType"", ""TestMutablePeriod_Updates"", ""MutablePeriod""]","[0.021756021756021756, 0.02096273291925466, 0.020914020139426802]","[3.2222222222222223, 3.9332298136645965, 5.986057319907049]"
org.joda.time.TestMutablePeriod_Updates.testClear,0.021756021756021756,0.02121092493823441,0.020914020139426802,0.06363277481470322,0.021203990239433066,0.02120744271101309,0.0003859543490285356,5.986057319907049,4.380503118597956,3.2222222222222223,13.141509355793868,4.100356652883323,4.233327755502624,1.1718180088444141,"[""PeriodType"", ""MutablePeriod"", ""TestMutablePeriod_Updates""]","[0.021756021756021756, 0.02096273291925466, 0.020914020139426802]","[3.2222222222222223, 3.9332298136645965, 5.986057319907049]"
org.joda.time.TestMutablePeriod_Updates.testMergePeriod_RP1,0.021756021756021756,0.02121092493823441,0.020914020139426802,0.06363277481470322,0.021203990239433066,0.02120744271101309,0.0003859543490285356,5.986057319907049,4.380503118597956,3.2222222222222223,13.141509355793868,4.100356652883323,4.233327755502624,1.1718180088444141,"[""PeriodType"", ""MutablePeriod"", ""TestMutablePeriod_Updates""]","[0.021756021756021756, 0.02096273291925466, 0.020914020139426802]","[3.2222222222222223, 3.9332298136645965, 5.986057319907049]"
org.joda.time.TestMutablePeriod_Updates.testAdd_8ints2,0.021756021756021756,0.02121092493823441,0.020914020139426802,0.06363277481470322,0.021203990239433066,0.02120744271101309,0.0003859543490285356,5.986057319907049,4.380503118597956,3.2222222222222223,13.141509355793868,4.100356652883323,4.233327755502624,1.1718180088444141,"[""PeriodType"", ""TestMutablePeriod_Updates"", ""MutablePeriod""]","[0.021756021756021756, 0.02096273291925466, 0.020914020139426802]","[3.2222222222222223, 3.9332298136645965, 5.986057319907049]"
org.joda.time.TestMutablePeriod_Updates.testSetPeriod_RP3,0.021756021756021756,0.02121092493823441,0.020914020139426802,0.06363277481470322,0.021203990239433066,0.02120744271101309,0.0003859543490285356,5.986057319907049,4.380503118597956,3.2222222222222223,13.141509355793868,4.100356652883323,4.233327755502624,1.1718180088444141,"[""PeriodType"", ""TestMutablePeriod_Updates"", ""MutablePeriod""]","[0.021756021756021756, 0.02096273291925466, 0.020914020139426802]","[3.2222222222222223, 3.9332298136645965, 5.986057319907049]"
org.joda.time.TestMutablePeriod_Updates.testAdd_long2,0.021756021756021756,0.02121092493823441,0.020914020139426802,0.06363277481470322,0.021203990239433066,0.02120744271101309,0.0003859543490285356,5.986057319907049,4.380503118597956,3.2222222222222223,13.141509355793868,4.100356652883323,4.233327755502624,1.1718180088444141,"[""PeriodType"", ""TestMutablePeriod_Updates"", ""MutablePeriod""]","[0.021756021756021756, 0.02096273291925466, 0.020914020139426802]","[3.2222222222222223, 3.9332298136645965, 5.986057319907049]"
org.joda.time.TestMutablePeriod_Updates.testSetYears,0.021756021756021756,0.02121092493823441,0.020914020139426802,0.06363277481470322,0.021203990239433066,0.02120744271101309,0.0003859543490285356,5.986057319907049,4.380503118597956,3.2222222222222223,13.141509355793868,4.100356652883323,4.233327755502624,1.1718180088444141,"[""PeriodType"", ""MutablePeriod"", ""TestMutablePeriod_Updates""]","[0.021756021756021756, 0.02096273291925466, 0.020914020139426802]","[3.2222222222222223, 3.9332298136645965, 5.986057319907049]"
org.joda.time.TestMutablePeriod_Updates.testSetPeriod_RP2,0.021756021756021756,0.02121092493823441,0.020914020139426802,0.06363277481470322,0.021203990239433066,0.02120744271101309,0.0003859543490285356,5.986057319907049,4.380503118597956,3.2222222222222223,13.141509355793868,4.100356652883323,4.233327755502624,1.1718180088444141,"[""PeriodType"", ""TestMutablePeriod_Updates"", ""MutablePeriod""]","[0.021756021756021756, 0.02096273291925466, 0.020914020139426802]","[3.2222222222222223, 3.9332298136645965, 5.986057319907049]"
org.joda.time.TestMutablePeriod_Updates.testSetPeriod_8ints2,0.021756021756021756,0.02121092493823441,0.020914020139426802,0.06363277481470322,0.021203990239433066,0.02120744271101309,0.0003859543490285356,5.986057319907049,4.380503118597956,3.2222222222222223,13.141509355793868,4.100356652883323,4.233327755502624,1.1718180088444141,"[""PeriodType"", ""TestMutablePeriod_Updates"", ""MutablePeriod""]","[0.021756021756021756, 0.02096273291925466, 0.020914020139426802]","[3.2222222222222223, 3.9332298136645965, 5.986057319907049]"
org.joda.time.TestMutablePeriod_Updates.testMergePeriod_RP3,0.021756021756021756,0.02121092493823441,0.020914020139426802,0.06363277481470322,0.021203990239433066,0.02120744271101309,0.0003859543490285356,5.986057319907049,4.380503118597956,3.2222222222222223,13.141509355793868,4.100356652883323,4.233327755502624,1.1718180088444141,"[""PeriodType"", ""TestMutablePeriod_Updates"", ""MutablePeriod""]","[0.021756021756021756, 0.02096273291925466, 0.020914020139426802]","[3.2222222222222223, 3.9332298136645965, 5.986057319907049]"
org.joda.time.TestMutablePeriod_Updates.testMergePeriod_RP2,0.021756021756021756,0.02121092493823441,0.020914020139426802,0.06363277481470322,0.021203990239433066,0.02120744271101309,0.0003859543490285356,5.986057319907049,4.380503118597956,3.2222222222222223,13.141509355793868,4.100356652883323,4.233327755502624,1.1718180088444141,"[""PeriodType"", ""TestMutablePeriod_Updates"", ""MutablePeriod""]","[0.021756021756021756, 0.02096273291925466, 0.020914020139426802]","[3.2222222222222223, 3.9332298136645965, 5.986057319907049]"
org.joda.time.TestMutablePeriod_Updates.testSetPeriod_RD2,0.021756021756021756,0.021142354217489768,0.020757020757020756,0.06342706265246931,0.021133372761540287,0.02113784336183409,0.0004386365902087198,5.986057319907049,3.60870205331863,1.6178266178266179,10.82610615995589,2.738443334142826,3.148300019322961,1.8041405823886998,"[""MutablePeriod"", ""Duration"", ""TestMutablePeriod_Updates""]","[0.021756021756021756, 0.020914020139426802, 0.020757020757020756]","[3.2222222222222223, 5.986057319907049, 1.6178266178266179]"
org.joda.time.TestMutablePeriod_Updates.testAdd_RD1,0.021756021756021756,0.021142354217489768,0.020757020757020756,0.06342706265246931,0.021133372761540287,0.02113784336183409,0.0004386365902087198,5.986057319907049,3.60870205331863,1.6178266178266179,10.82610615995589,2.738443334142826,3.148300019322961,1.8041405823886998,"[""MutablePeriod"", ""Duration"", ""TestMutablePeriod_Updates""]","[0.021756021756021756, 0.020914020139426802, 0.020757020757020756]","[3.2222222222222223, 5.986057319907049, 1.6178266178266179]"
org.joda.time.TestMutablePeriod_Updates.testSetPeriod_RD1,0.021756021756021756,0.021142354217489768,0.020757020757020756,0.06342706265246931,0.021133372761540287,0.02113784336183409,0.0004386365902087198,5.986057319907049,3.60870205331863,1.6178266178266179,10.82610615995589,2.738443334142826,3.148300019322961,1.8041405823886998,"[""MutablePeriod"", ""Duration"", ""TestMutablePeriod_Updates""]","[0.021756021756021756, 0.020914020139426802, 0.020757020757020756]","[3.2222222222222223, 5.986057319907049, 1.6178266178266179]"
org.joda.time.chrono.TestGJChronology.testTimeFields,0.023722627737226276,0.021086780210867805,0.016423357664233577,0.06326034063260341,0.020504984042455068,0.020805053778592802,0.0033068747831103175,2.911192214111922,2.403284671532847,1.8953771289537713,7.20985401459854,2.3306427608305227,2.3669581418895693,0.41470477194321853,"[""TestGJChronology"", ""GJChronology"", ""DateTimeField""]","[0.023722627737226276, 0.023114355231143552, 0.016423357664233577]","[2.403284671532847, 2.911192214111922, 1.8953771289537713]"
org.joda.time.chrono.TestGJChronology.testDateFields,0.023722627737226276,0.021086780210867805,0.016423357664233577,0.06326034063260341,0.020504984042455068,0.020805053778592802,0.0033068747831103175,2.911192214111922,2.403284671532847,1.8953771289537713,7.20985401459854,2.3306427608305227,2.3669581418895693,0.41470477194321853,"[""TestGJChronology"", ""GJChronology"", ""DateTimeField""]","[0.023722627737226276, 0.023114355231143552, 0.016423357664233577]","[2.403284671532847, 2.911192214111922, 1.8953771289537713]"
org.joda.time.format.TestPeriodFormatter.testPrint_writerMethods,0.031857031857031856,0.015789722815595673,0.007633587786259542,0.0631588912623827,0.0117870829793187,0.013429311042183761,0.00959916357712257,5.1313131313131315,1.8307630217395892,0.019083969465648856,7.323052086958357,0.07347883057049097,0.5829297821906825,1.9548722771764435,"[""PeriodFormatter"", ""TestPeriodFormatter"", ""CharArrayWriter"", ""Period""]","[0.031857031857031856, 0.014344262295081968, 0.009324009324009324, 0.007633587786259542]","[5.1313131313131315, 1.055327868852459, 1.1173271173271173, 0.019083969465648856]"
org.joda.time.TestDateMidnight_Constructors.testConstructor_Object,0.03345454545454545,0.01574109710241097,0.0026666666666666666,0.06296438840964388,0.007186633954462909,0.011209076584582547,0.011200907111078323,4.0378181818181815,1.64513901791639,0.04933333333333333,6.58055607166556,0.17800426530129865,0.7101004917184489,1.512011523345006,"[""TestDateMidnight_Constructors"", ""DateMidnight"", ""Date"", ""ISOChronology""]","[0.03345454545454545, 0.015206812652068127, 0.011636363636363636, 0.0026666666666666666]","[4.0378181818181815, 0.7195863746958637, 1.7738181818181817, 0.04933333333333333]"
org.joda.time.TestDateMidnight_Constructors.testConstructor_Object_nullDateTimeZone,0.03345454545454545,0.01574109710241097,0.0026666666666666666,0.06296438840964388,0.007186633954462909,0.011209076584582547,0.011200907111078323,4.0378181818181815,1.64513901791639,0.04933333333333333,6.58055607166556,0.17800426530129865,0.7101004917184489,1.512011523345006,"[""TestDateMidnight_Constructors"", ""DateMidnight"", ""Date"", ""ISOChronology""]","[0.03345454545454545, 0.015206812652068127, 0.011636363636363636, 0.0026666666666666666]","[4.0378181818181815, 0.7195863746958637, 1.7738181818181817, 0.04933333333333333]"
org.joda.time.TestDateMidnight_Constructors.testConstructor_Object_nullChronology,0.03345454545454545,0.01574109710241097,0.0026666666666666666,0.06296438840964388,0.007186633954462909,0.011209076584582547,0.011200907111078323,4.0378181818181815,1.64513901791639,0.04933333333333333,6.58055607166556,0.17800426530129865,0.7101004917184489,1.512011523345006,"[""TestDateMidnight_Constructors"", ""DateMidnight"", ""Date"", ""ISOChronology""]","[0.03345454545454545, 0.015206812652068127, 0.011636363636363636, 0.0026666666666666666]","[4.0378181818181815, 0.7195863746958637, 1.7738181818181817, 0.04933333333333333]"
org.joda.time.TestDateMidnight_Constructors.testConstructor_Object_DateTimeZone,0.03345454545454545,0.01574109710241097,0.0026666666666666666,0.06296438840964388,0.007186633954462909,0.011209076584582547,0.011200907111078323,4.0378181818181815,1.64513901791639,0.04933333333333333,6.58055607166556,0.17800426530129865,0.7101004917184489,1.512011523345006,"[""TestDateMidnight_Constructors"", ""DateMidnight"", ""Date"", ""ISOChronology""]","[0.03345454545454545, 0.015206812652068127, 0.011636363636363636, 0.0026666666666666666]","[4.0378181818181815, 0.7195863746958637, 1.7738181818181817, 0.04933333333333333]"
org.joda.time.TestMutablePeriod_Constructors.testConstructor_long_PeriodType1,0.021756021756021756,0.020952727158735307,0.020139426800929512,0.06285818147620592,0.020931911652054887,0.020942321884116932,0.00066001004974172,3.9332298136645965,3.682594520611899,3.2222222222222223,11.047783561835697,3.6518375568303814,3.667512011721796,0.32596028114681325,"[""MutablePeriod"", ""PeriodType"", ""TestMutablePeriod_Constructors""]","[0.021756021756021756, 0.02096273291925466, 0.020139426800929512]","[3.2222222222222223, 3.9332298136645965, 3.892331525948877]"
org.joda.time.TestMutablePeriod_Constructors.testConstructor_long_PeriodType4,0.021756021756021756,0.020952727158735307,0.020139426800929512,0.06285818147620592,0.020931911652054887,0.020942321884116932,0.00066001004974172,3.9332298136645965,3.682594520611899,3.2222222222222223,11.047783561835697,3.6518375568303814,3.667512011721796,0.32596028114681325,"[""PeriodType"", ""MutablePeriod"", ""TestMutablePeriod_Constructors""]","[0.021756021756021756, 0.02096273291925466, 0.020139426800929512]","[3.2222222222222223, 3.9332298136645965, 3.892331525948877]"
org.joda.time.TestMutablePeriod_Constructors.testConstructor_Object_PeriodType2,0.021756021756021756,0.020952727158735307,0.020139426800929512,0.06285818147620592,0.020931911652054887,0.020942321884116932,0.00066001004974172,3.9332298136645965,3.682594520611899,3.2222222222222223,11.047783561835697,3.6518375568303814,3.667512011721796,0.32596028114681325,"[""PeriodType"", ""MutablePeriod"", ""TestMutablePeriod_Constructors""]","[0.021756021756021756, 0.02096273291925466, 0.020139426800929512]","[3.2222222222222223, 3.9332298136645965, 3.892331525948877]"
org.joda.time.TestMutablePeriod_Constructors.testConstructor_Object2,0.021756021756021756,0.020952727158735307,0.020139426800929512,0.06285818147620592,0.020931911652054887,0.020942321884116932,0.00066001004974172,3.9332298136645965,3.682594520611899,3.2222222222222223,11.047783561835697,3.6518375568303814,3.667512011721796,0.32596028114681325,"[""MutablePeriod"", ""PeriodType"", ""TestMutablePeriod_Constructors""]","[0.021756021756021756, 0.02096273291925466, 0.020139426800929512]","[3.2222222222222223, 3.9332298136645965, 3.892331525948877]"
org.joda.time.TestMutablePeriod_Constructors.testConstructor_RI_RI5,0.021756021756021756,0.020952727158735307,0.020139426800929512,0.06285818147620592,0.020931911652054887,0.020942321884116932,0.00066001004974172,3.9332298136645965,3.682594520611899,3.2222222222222223,11.047783561835697,3.6518375568303814,3.667512011721796,0.32596028114681325,"[""MutablePeriod"", ""PeriodType"", ""TestMutablePeriod_Constructors""]","[0.021756021756021756, 0.02096273291925466, 0.020139426800929512]","[3.2222222222222223, 3.9332298136645965, 3.892331525948877]"
org.joda.time.TestMutablePeriod_Constructors.testConstructor_long_PeriodType2,0.021756021756021756,0.020952727158735307,0.020139426800929512,0.06285818147620592,0.020931911652054887,0.020942321884116932,0.00066001004974172,3.9332298136645965,3.682594520611899,3.2222222222222223,11.047783561835697,3.6518375568303814,3.667512011721796,0.32596028114681325,"[""PeriodType"", ""MutablePeriod"", ""TestMutablePeriod_Constructors""]","[0.021756021756021756, 0.02096273291925466, 0.020139426800929512]","[3.2222222222222223, 3.9332298136645965, 3.892331525948877]"
org.joda.time.TestMutablePeriod_Constructors.testConstructor1,0.021756021756021756,0.020952727158735307,0.020139426800929512,0.06285818147620592,0.020931911652054887,0.020942321884116932,0.00066001004974172,3.9332298136645965,3.682594520611899,3.2222222222222223,11.047783561835697,3.6518375568303814,3.667512011721796,0.32596028114681325,"[""MutablePeriod"", ""PeriodType"", ""TestMutablePeriod_Constructors""]","[0.021756021756021756, 0.02096273291925466, 0.020139426800929512]","[3.2222222222222223, 3.9332298136645965, 3.892331525948877]"
org.joda.time.TestMutablePeriod_Constructors.testConstructor_4int1,0.021756021756021756,0.020952727158735307,0.020139426800929512,0.06285818147620592,0.020931911652054887,0.020942321884116932,0.00066001004974172,3.9332298136645965,3.682594520611899,3.2222222222222223,11.047783561835697,3.6518375568303814,3.667512011721796,0.32596028114681325,"[""MutablePeriod"", ""PeriodType"", ""TestMutablePeriod_Constructors""]","[0.021756021756021756, 0.02096273291925466, 0.020139426800929512]","[3.2222222222222223, 3.9332298136645965, 3.892331525948877]"
org.joda.time.TestMutablePeriod_Constructors.testConstructor_8int__PeriodType3,0.021756021756021756,0.020952727158735307,0.020139426800929512,0.06285818147620592,0.020931911652054887,0.020942321884116932,0.00066001004974172,3.9332298136645965,3.682594520611899,3.2222222222222223,11.047783561835697,3.6518375568303814,3.667512011721796,0.32596028114681325,"[""PeriodType"", ""MutablePeriod"", ""TestMutablePeriod_Constructors""]","[0.021756021756021756, 0.02096273291925466, 0.020139426800929512]","[3.2222222222222223, 3.9332298136645965, 3.892331525948877]"
org.joda.time.TestMutablePeriod_Constructors.testConstructor_long_PeriodType3,0.021756021756021756,0.020952727158735307,0.020139426800929512,0.06285818147620592,0.020931911652054887,0.020942321884116932,0.00066001004974172,3.9332298136645965,3.682594520611899,3.2222222222222223,11.047783561835697,3.6518375568303814,3.667512011721796,0.32596028114681325,"[""PeriodType"", ""MutablePeriod"", ""TestMutablePeriod_Constructors""]","[0.021756021756021756, 0.02096273291925466, 0.020139426800929512]","[3.2222222222222223, 3.9332298136645965, 3.892331525948877]"
org.joda.time.TestMutablePeriod_Constructors.testConstructor_long_PeriodType_Chronology4,0.021756021756021756,0.020952727158735307,0.020139426800929512,0.06285818147620592,0.020931911652054887,0.020942321884116932,0.00066001004974172,3.9332298136645965,3.682594520611899,3.2222222222222223,11.047783561835697,3.6518375568303814,3.667512011721796,0.32596028114681325,"[""MutablePeriod"", ""PeriodType"", ""TestMutablePeriod_Constructors""]","[0.021756021756021756, 0.02096273291925466, 0.020139426800929512]","[3.2222222222222223, 3.9332298136645965, 3.892331525948877]"
org.joda.time.TestMutablePeriod_Constructors.testConstructor_long1,0.021756021756021756,0.020952727158735307,0.020139426800929512,0.06285818147620592,0.020931911652054887,0.020942321884116932,0.00066001004974172,3.9332298136645965,3.682594520611899,3.2222222222222223,11.047783561835697,3.6518375568303814,3.667512011721796,0.32596028114681325,"[""MutablePeriod"", ""PeriodType"", ""TestMutablePeriod_Constructors""]","[0.021756021756021756, 0.02096273291925466, 0.020139426800929512]","[3.2222222222222223, 3.9332298136645965, 3.892331525948877]"
org.joda.time.TestMutablePeriod_Constructors.testConstructor_RI_RI_PeriodType5,0.021756021756021756,0.020952727158735307,0.020139426800929512,0.06285818147620592,0.020931911652054887,0.020942321884116932,0.00066001004974172,3.9332298136645965,3.682594520611899,3.2222222222222223,11.047783561835697,3.6518375568303814,3.667512011721796,0.32596028114681325,"[""PeriodType"", ""MutablePeriod"", ""TestMutablePeriod_Constructors""]","[0.021756021756021756, 0.02096273291925466, 0.020139426800929512]","[3.2222222222222223, 3.9332298136645965, 3.892331525948877]"
org.joda.time.TestMutablePeriod_Constructors.testConstructor_long_Chronology3,0.021756021756021756,0.020952727158735307,0.020139426800929512,0.06285818147620592,0.020931911652054887,0.020942321884116932,0.00066001004974172,3.9332298136645965,3.682594520611899,3.2222222222222223,11.047783561835697,3.6518375568303814,3.667512011721796,0.32596028114681325,"[""MutablePeriod"", ""PeriodType"", ""TestMutablePeriod_Constructors""]","[0.021756021756021756, 0.02096273291925466, 0.020139426800929512]","[3.2222222222222223, 3.9332298136645965, 3.892331525948877]"
org.joda.time.TestMutablePeriod_Constructors.testConstructor_long_PeriodType_Chronology3,0.021756021756021756,0.020952727158735307,0.020139426800929512,0.06285818147620592,0.020931911652054887,0.020942321884116932,0.00066001004974172,3.9332298136645965,3.682594520611899,3.2222222222222223,11.047783561835697,3.6518375568303814,3.667512011721796,0.32596028114681325,"[""PeriodType"", ""MutablePeriod"", ""TestMutablePeriod_Constructors""]","[0.021756021756021756, 0.02096273291925466, 0.020139426800929512]","[3.2222222222222223, 3.9332298136645965, 3.892331525948877]"
org.joda.time.TestMutablePeriod_Constructors.testConstructor_long2,0.021756021756021756,0.020952727158735307,0.020139426800929512,0.06285818147620592,0.020931911652054887,0.020942321884116932,0.00066001004974172,3.9332298136645965,3.682594520611899,3.2222222222222223,11.047783561835697,3.6518375568303814,3.667512011721796,0.32596028114681325,"[""MutablePeriod"", ""PeriodType"", ""TestMutablePeriod_Constructors""]","[0.021756021756021756, 0.02096273291925466, 0.020139426800929512]","[3.2222222222222223, 3.9332298136645965, 3.892331525948877]"
org.joda.time.TestMutablePeriod_Constructors.testConstructor_8int__PeriodType1,0.021756021756021756,0.020952727158735307,0.020139426800929512,0.06285818147620592,0.020931911652054887,0.020942321884116932,0.00066001004974172,3.9332298136645965,3.682594520611899,3.2222222222222223,11.047783561835697,3.6518375568303814,3.667512011721796,0.32596028114681325,"[""MutablePeriod"", ""PeriodType"", ""TestMutablePeriod_Constructors""]","[0.021756021756021756, 0.02096273291925466, 0.020139426800929512]","[3.2222222222222223, 3.9332298136645965, 3.892331525948877]"
org.joda.time.TestMutablePeriod_Constructors.testConstructor_8int__PeriodType2,0.021756021756021756,0.020952727158735307,0.020139426800929512,0.06285818147620592,0.020931911652054887,0.020942321884116932,0.00066001004974172,3.9332298136645965,3.682594520611899,3.2222222222222223,11.047783561835697,3.6518375568303814,3.667512011721796,0.32596028114681325,"[""PeriodType"", ""MutablePeriod"", ""TestMutablePeriod_Constructors""]","[0.021756021756021756, 0.02096273291925466, 0.020139426800929512]","[3.2222222222222223, 3.9332298136645965, 3.892331525948877]"
org.joda.time.TestMutablePeriod_Constructors.testConstructor_long3,0.021756021756021756,0.020952727158735307,0.020139426800929512,0.06285818147620592,0.020931911652054887,0.020942321884116932,0.00066001004974172,3.9332298136645965,3.682594520611899,3.2222222222222223,11.047783561835697,3.6518375568303814,3.667512011721796,0.32596028114681325,"[""MutablePeriod"", ""PeriodType"", ""TestMutablePeriod_Constructors""]","[0.021756021756021756, 0.02096273291925466, 0.020139426800929512]","[3.2222222222222223, 3.9332298136645965, 3.892331525948877]"
org.joda.time.TestMutablePeriod_Constructors.testConstructor_PeriodType1,0.021756021756021756,0.020952727158735307,0.020139426800929512,0.06285818147620592,0.020931911652054887,0.020942321884116932,0.00066001004974172,3.9332298136645965,3.682594520611899,3.2222222222222223,11.047783561835697,3.6518375568303814,3.667512011721796,0.32596028114681325,"[""PeriodType"", ""MutablePeriod"", ""TestMutablePeriod_Constructors""]","[0.021756021756021756, 0.02096273291925466, 0.020139426800929512]","[3.2222222222222223, 3.9332298136645965, 3.892331525948877]"
org.joda.time.TestMutablePeriod_Constructors.testConstructor_8int1,0.021756021756021756,0.020952727158735307,0.020139426800929512,0.06285818147620592,0.020931911652054887,0.020942321884116932,0.00066001004974172,3.9332298136645965,3.682594520611899,3.2222222222222223,11.047783561835697,3.6518375568303814,3.667512011721796,0.32596028114681325,"[""MutablePeriod"", ""PeriodType"", ""TestMutablePeriod_Constructors""]","[0.021756021756021756, 0.02096273291925466, 0.020139426800929512]","[3.2222222222222223, 3.9332298136645965, 3.892331525948877]"
org.joda.time.TestMutablePeriod_Constructors.testConstructor_PeriodType2,0.021756021756021756,0.020952727158735307,0.020139426800929512,0.06285818147620592,0.020931911652054887,0.020942321884116932,0.00066001004974172,3.9332298136645965,3.682594520611899,3.2222222222222223,11.047783561835697,3.6518375568303814,3.667512011721796,0.32596028114681325,"[""MutablePeriod"", ""PeriodType"", ""TestMutablePeriod_Constructors""]","[0.021756021756021756, 0.02096273291925466, 0.020139426800929512]","[3.2222222222222223, 3.9332298136645965, 3.892331525948877]"
org.joda.time.TestMutablePeriod_Constructors.testConstructor_Object_PeriodType1,0.021756021756021756,0.020952727158735307,0.020139426800929512,0.06285818147620592,0.020931911652054887,0.020942321884116932,0.00066001004974172,3.9332298136645965,3.682594520611899,3.2222222222222223,11.047783561835697,3.6518375568303814,3.667512011721796,0.32596028114681325,"[""PeriodType"", ""MutablePeriod"", ""TestMutablePeriod_Constructors""]","[0.021756021756021756, 0.02096273291925466, 0.020139426800929512]","[3.2222222222222223, 3.9332298136645965, 3.892331525948877]"
org.joda.time.TestMutablePeriod_Constructors.testConstructor_Object1,0.021756021756021756,0.020952727158735307,0.020139426800929512,0.06285818147620592,0.020931911652054887,0.020942321884116932,0.00066001004974172,3.9332298136645965,3.682594520611899,3.2222222222222223,11.047783561835697,3.6518375568303814,3.667512011721796,0.32596028114681325,"[""MutablePeriod"", ""PeriodType"", ""TestMutablePeriod_Constructors""]","[0.021756021756021756, 0.02096273291925466, 0.020139426800929512]","[3.2222222222222223, 3.9332298136645965, 3.892331525948877]"
org.joda.time.field.TestPreciseDateTimeField.test_get,0.017691659646166806,0.012568923250378857,0.009157509157509158,0.06284461625189429,0.011919441602540545,0.012231907242859327,0.002995234339608644,2.4569653948535937,1.360524567452608,0.4297043979812545,6.802622837263041,0.7952374994543825,1.0501332601968887,0.8607725137749799,"[""TestPreciseDateTimeField"", ""TestPreciseDateTimeField$MockPreciseDateTimeField"", ""PreciseDateTimeField"", ""DateTimeFieldType"", ""BaseDurationField"", ""DurationFieldType"", ""TestPreciseDateTimeField$MockCountingDurationField""]","[0.017691659646166806, 0.013479359730412805, 0.012422360248447204, 0.010093727469358327, 0.009157509157509158]","[2.2350463352990735, 1.2468407750631845, 2.4569653948535937, 0.4297043979812545, 0.4340659340659341]"
org.joda.time.field.TestPreciseDateTimeField.test_getRange,0.017691659646166806,0.012568923250378857,0.009157509157509158,0.06284461625189429,0.011919441602540545,0.012231907242859327,0.002995234339608644,2.4569653948535937,1.360524567452608,0.4297043979812545,6.802622837263041,0.7952374994543825,1.0501332601968887,0.8607725137749799,"[""TestPreciseDateTimeField"", ""TestPreciseDateTimeField$MockPreciseDateTimeField"", ""PreciseDateTimeField"", ""DateTimeFieldType"", ""BaseDurationField"", ""DurationFieldType"", ""TestPreciseDateTimeField$MockCountingDurationField""]","[0.017691659646166806, 0.013479359730412805, 0.012422360248447204, 0.010093727469358327, 0.009157509157509158]","[2.2350463352990735, 1.2468407750631845, 2.4569653948535937, 0.4297043979812545, 0.4340659340659341]"
org.joda.time.TestYearMonthDay_Constructors.testFactory_FromDateFields,0.03952011291460833,0.020926233566955957,0.007633587786259542,0.06277870070086787,0.01361757315392721,0.016767010476936132,0.013546584543438002,3.5356386732533522,1.855538997247866,0.14122137404580154,5.566616991743598,0.38007957379493995,0.980824757224903,1.385976274742256,"[""GregorianCalendar"", ""TestYearMonthDay_Constructors"", ""YearMonthDay""]","[0.03952011291460833, 0.015625, 0.007633587786259542]","[3.5356386732533522, 1.8897569444444444, 0.14122137404580154]"
org.joda.time.TestYearMonthDay_Constructors.testFactory_FromCalendarFields,0.03952011291460833,0.020926233566955957,0.007633587786259542,0.06277870070086787,0.01361757315392721,0.016767010476936132,0.013546584543438002,3.5356386732533522,1.855538997247866,0.14122137404580154,5.566616991743598,0.38007957379493995,0.980824757224903,1.385976274742256,"[""GregorianCalendar"", ""TestYearMonthDay_Constructors"", ""YearMonthDay""]","[0.03952011291460833, 0.015625, 0.007633587786259542]","[3.5356386732533522, 1.8897569444444444, 0.14122137404580154]"
org.joda.time.TestPartial_Constructors.testConstructor_TypeArray_intArray,0.024943310657596373,0.015692365220400878,0.007662835249042145,0.06276946088160351,0.013016742855935369,0.014330424815787578,0.006411386227830968,3.6621315192743764,2.0286380401544264,0.08812260536398467,8.114552160617706,0.31903122513473225,1.1132269201251572,1.2734430289549927,"[""DateTimeFieldType"", ""Arrays"", ""TestPartial_Constructors"", ""Partial""]","[0.024943310657596373, 0.017691659646166806, 0.012471655328798186, 0.007662835249042145]","[3.6621315192743764, 2.2350463352990735, 2.129251700680272, 0.08812260536398467]"
org.joda.time.TestPartial_Constructors.testConstructor_TypeArray_intArray_Chrono,0.024943310657596373,0.015692365220400878,0.007662835249042145,0.06276946088160351,0.013016742855935369,0.014330424815787578,0.006411386227830968,3.6621315192743764,2.0286380401544264,0.08812260536398467,8.114552160617706,0.31903122513473225,1.1132269201251572,1.2734430289549927,"[""DateTimeFieldType"", ""Arrays"", ""TestPartial_Constructors"", ""Partial""]","[0.024943310657596373, 0.017691659646166806, 0.012471655328798186, 0.007662835249042145]","[3.6621315192743764, 2.2350463352990735, 2.129251700680272, 0.08812260536398467]"
org.joda.time.chrono.TestISOChronology.testTimeOfDayAdd,0.04654346338124572,0.031258952137907206,0.01597444089456869,0.06251790427581441,0.02378537199622232,0.027267302851808273,0.015284511243338517,4.317590691307323,2.977485441500307,1.6373801916932906,5.954970883000614,2.374331499744874,2.6588601831961665,1.3401052498070163,"[""TestISOChronology"", ""TimeOfDay""]","[0.04654346338124572, 0.01597444089456869]","[4.317590691307323, 1.6373801916932906]"
org.joda.time.TestYearMonth_Constructors.testConstructor_ObjectStringEx1,0.03618421052631579,0.03125,0.02631578947368421,0.0625,0.03047091412742382,0.030857998419890984,0.004934210526315791,6.592105263157895,4.7006578947368425,2.8092105263157894,9.401315789473685,3.9395786527199737,4.3033256320948885,1.8914473684210527,"[""YearMonth"", ""TestYearMonth_Constructors""]","[0.03618421052631579, 0.02631578947368421]","[6.592105263157895, 2.8092105263157894]"
org.joda.time.TestYearMonth_Constructors.testConstructor_ObjectStringEx2,0.03618421052631579,0.03125,0.02631578947368421,0.0625,0.03047091412742382,0.030857998419890984,0.004934210526315791,6.592105263157895,4.7006578947368425,2.8092105263157894,9.401315789473685,3.9395786527199737,4.3033256320948885,1.8914473684210527,"[""YearMonth"", ""TestYearMonth_Constructors""]","[0.03618421052631579, 0.02631578947368421]","[6.592105263157895, 2.8092105263157894]"
org.joda.time.TestYearMonth_Constructors.testConstructor_nullChronology,0.03618421052631579,0.03125,0.02631578947368421,0.0625,0.03047091412742382,0.030857998419890984,0.004934210526315791,6.592105263157895,4.7006578947368425,2.8092105263157894,9.401315789473685,3.9395786527199737,4.3033256320948885,1.8914473684210527,"[""YearMonth"", ""TestYearMonth_Constructors""]","[0.03618421052631579, 0.02631578947368421]","[6.592105263157895, 2.8092105263157894]"
org.joda.time.TestYearMonth_Constructors.testConstructor_long1_Chronology,0.03618421052631579,0.03125,0.02631578947368421,0.0625,0.03047091412742382,0.030857998419890984,0.004934210526315791,6.592105263157895,4.7006578947368425,2.8092105263157894,9.401315789473685,3.9395786527199737,4.3033256320948885,1.8914473684210527,"[""YearMonth"", ""TestYearMonth_Constructors""]","[0.03618421052631579, 0.02631578947368421]","[6.592105263157895, 2.8092105263157894]"
org.joda.time.TestYearMonth_Constructors.testConstructor_int_int_Chronology,0.03618421052631579,0.03125,0.02631578947368421,0.0625,0.03047091412742382,0.030857998419890984,0.004934210526315791,6.592105263157895,4.7006578947368425,2.8092105263157894,9.401315789473685,3.9395786527199737,4.3033256320948885,1.8914473684210527,"[""YearMonth"", ""TestYearMonth_Constructors""]","[0.03618421052631579, 0.02631578947368421]","[6.592105263157895, 2.8092105263157894]"
org.joda.time.TestYearMonth_Constructors.testConstructor_nullObject_nullChronology,0.03618421052631579,0.03125,0.02631578947368421,0.0625,0.03047091412742382,0.030857998419890984,0.004934210526315791,6.592105263157895,4.7006578947368425,2.8092105263157894,9.401315789473685,3.9395786527199737,4.3033256320948885,1.8914473684210527,"[""YearMonth"", ""TestYearMonth_Constructors""]","[0.03618421052631579, 0.02631578947368421]","[6.592105263157895, 2.8092105263157894]"
org.joda.time.TestYearMonth_Constructors.testConstructor_long_nullChronology,0.03618421052631579,0.03125,0.02631578947368421,0.0625,0.03047091412742382,0.030857998419890984,0.004934210526315791,6.592105263157895,4.7006578947368425,2.8092105263157894,9.401315789473685,3.9395786527199737,4.3033256320948885,1.8914473684210527,"[""YearMonth"", ""TestYearMonth_Constructors""]","[0.03618421052631579, 0.02631578947368421]","[6.592105263157895, 2.8092105263157894]"
org.joda.time.TestYearMonth_Constructors.testConstructor_long2,0.03618421052631579,0.03125,0.02631578947368421,0.0625,0.03047091412742382,0.030857998419890984,0.004934210526315791,6.592105263157895,4.7006578947368425,2.8092105263157894,9.401315789473685,3.9395786527199737,4.3033256320948885,1.8914473684210527,"[""YearMonth"", ""TestYearMonth_Constructors""]","[0.03618421052631579, 0.02631578947368421]","[6.592105263157895, 2.8092105263157894]"
org.joda.time.TestYearMonth_Constructors.testConstructor_long1,0.03618421052631579,0.03125,0.02631578947368421,0.0625,0.03047091412742382,0.030857998419890984,0.004934210526315791,6.592105263157895,4.7006578947368425,2.8092105263157894,9.401315789473685,3.9395786527199737,4.3033256320948885,1.8914473684210527,"[""YearMonth"", ""TestYearMonth_Constructors""]","[0.03618421052631579, 0.02631578947368421]","[6.592105263157895, 2.8092105263157894]"
org.joda.time.TestYearMonth_Constructors.testConstructor_int_int,0.03618421052631579,0.03125,0.02631578947368421,0.0625,0.03047091412742382,0.030857998419890984,0.004934210526315791,6.592105263157895,4.7006578947368425,2.8092105263157894,9.401315789473685,3.9395786527199737,4.3033256320948885,1.8914473684210527,"[""YearMonth"", ""TestYearMonth_Constructors""]","[0.03618421052631579, 0.02631578947368421]","[6.592105263157895, 2.8092105263157894]"
org.joda.time.TestYearMonth_Constructors.testConstructor_int_int_nullChronology,0.03618421052631579,0.03125,0.02631578947368421,0.0625,0.03047091412742382,0.030857998419890984,0.004934210526315791,6.592105263157895,4.7006578947368425,2.8092105263157894,9.401315789473685,3.9395786527199737,4.3033256320948885,1.8914473684210527,"[""YearMonth"", ""TestYearMonth_Constructors""]","[0.03618421052631579, 0.02631578947368421]","[6.592105263157895, 2.8092105263157894]"
org.joda.time.TestYearMonth_Constructors.testConstructor_long2_Chronology,0.03618421052631579,0.03125,0.02631578947368421,0.0625,0.03047091412742382,0.030857998419890984,0.004934210526315791,6.592105263157895,4.7006578947368425,2.8092105263157894,9.401315789473685,3.9395786527199737,4.3033256320948885,1.8914473684210527,"[""YearMonth"", ""TestYearMonth_Constructors""]","[0.03618421052631579, 0.02631578947368421]","[6.592105263157895, 2.8092105263157894]"
org.joda.time.TestYearMonth_Constructors.testConstructor_ObjectStringEx4,0.03618421052631579,0.03125,0.02631578947368421,0.0625,0.03047091412742382,0.030857998419890984,0.004934210526315791,6.592105263157895,4.7006578947368425,2.8092105263157894,9.401315789473685,3.9395786527199737,4.3033256320948885,1.8914473684210527,"[""YearMonth"", ""TestYearMonth_Constructors""]","[0.03618421052631579, 0.02631578947368421]","[6.592105263157895, 2.8092105263157894]"
org.joda.time.TestYearMonth_Constructors.testConstructor,0.03618421052631579,0.03125,0.02631578947368421,0.0625,0.03047091412742382,0.030857998419890984,0.004934210526315791,6.592105263157895,4.7006578947368425,2.8092105263157894,9.401315789473685,3.9395786527199737,4.3033256320948885,1.8914473684210527,"[""YearMonth"", ""TestYearMonth_Constructors""]","[0.03618421052631579, 0.02631578947368421]","[6.592105263157895, 2.8092105263157894]"
org.joda.time.TestYearMonth_Constructors.testConstructor_Chronology,0.03618421052631579,0.03125,0.02631578947368421,0.0625,0.03047091412742382,0.030857998419890984,0.004934210526315791,6.592105263157895,4.7006578947368425,2.8092105263157894,9.401315789473685,3.9395786527199737,4.3033256320948885,1.8914473684210527,"[""YearMonth"", ""TestYearMonth_Constructors""]","[0.03618421052631579, 0.02631578947368421]","[6.592105263157895, 2.8092105263157894]"
org.joda.time.TestYearMonth_Constructors.testConstructor_ObjectString1,0.03618421052631579,0.03125,0.02631578947368421,0.0625,0.03047091412742382,0.030857998419890984,0.004934210526315791,6.592105263157895,4.7006578947368425,2.8092105263157894,9.401315789473685,3.9395786527199737,4.3033256320948885,1.8914473684210527,"[""YearMonth"", ""TestYearMonth_Constructors""]","[0.03618421052631579, 0.02631578947368421]","[6.592105263157895, 2.8092105263157894]"
org.joda.time.TestYearMonth_Constructors.testParse_noFormatter,0.03618421052631579,0.03125,0.02631578947368421,0.0625,0.03047091412742382,0.030857998419890984,0.004934210526315791,6.592105263157895,4.7006578947368425,2.8092105263157894,9.401315789473685,3.9395786527199737,4.3033256320948885,1.8914473684210527,"[""YearMonth"", ""TestYearMonth_Constructors""]","[0.03618421052631579, 0.02631578947368421]","[6.592105263157895, 2.8092105263157894]"
org.joda.time.TestYearMonth_Constructors.testConstructor_ObjectStringEx3,0.03618421052631579,0.03125,0.02631578947368421,0.0625,0.03047091412742382,0.030857998419890984,0.004934210526315791,6.592105263157895,4.7006578947368425,2.8092105263157894,9.401315789473685,3.9395786527199737,4.3033256320948885,1.8914473684210527,"[""YearMonth"", ""TestYearMonth_Constructors""]","[0.03618421052631579, 0.02631578947368421]","[6.592105263157895, 2.8092105263157894]"
org.joda.time.TestYearMonth_Constructors.testConstructor_nullObject_Chronology,0.03618421052631579,0.03125,0.02631578947368421,0.0625,0.03047091412742382,0.030857998419890984,0.004934210526315791,6.592105263157895,4.7006578947368425,2.8092105263157894,9.401315789473685,3.9395786527199737,4.3033256320948885,1.8914473684210527,"[""YearMonth"", ""TestYearMonth_Constructors""]","[0.03618421052631579, 0.02631578947368421]","[6.592105263157895, 2.8092105263157894]"
org.joda.time.TestYearMonth_Constructors.testConstructor_nullObject,0.03618421052631579,0.03125,0.02631578947368421,0.0625,0.03047091412742382,0.030857998419890984,0.004934210526315791,6.592105263157895,4.7006578947368425,2.8092105263157894,9.401315789473685,3.9395786527199737,4.3033256320948885,1.8914473684210527,"[""YearMonth"", ""TestYearMonth_Constructors""]","[0.03618421052631579, 0.02631578947368421]","[6.592105263157895, 2.8092105263157894]"
org.joda.time.TestYearMonth_Constructors.testConstructor_ObjectString5,0.03618421052631579,0.03125,0.02631578947368421,0.0625,0.03047091412742382,0.030857998419890984,0.004934210526315791,6.592105263157895,4.7006578947368425,2.8092105263157894,9.401315789473685,3.9395786527199737,4.3033256320948885,1.8914473684210527,"[""YearMonth"", ""TestYearMonth_Constructors""]","[0.03618421052631579, 0.02631578947368421]","[6.592105263157895, 2.8092105263157894]"
org.joda.time.TestDateMidnight_Basics.testToDate,0.03345454545454545,0.02077402849455251,0.0026666666666666666,0.06232208548365753,0.006771122959667659,0.013271292198224104,0.01314182518981314,4.0378181818181815,2.620510961139782,0.04933333333333333,7.861532883419346,0.14434962968662993,0.9093079746768854,1.8212752920197959,"[""TestDateMidnight_Basics"", ""DateMidnight"", ""Date""]","[0.03345454545454545, 0.026200873362445413, 0.0026666666666666666]","[4.0378181818181815, 3.7743813682678313, 0.04933333333333333]"
org.joda.time.TestMutableInterval_Basics.testGetDuration1,0.022029897718332022,0.02071257665366524,0.019350811485642945,0.06213772996099572,0.020654507313854913,0.020683572875605915,0.0010941837808120854,1.931549960660897,1.6271538241233872,1.3320848938826466,4.8814614723701615,1.590216939735972,1.6086316475732954,0.24481944252154475,"[""MutableInterval"", ""Duration"", ""TestMutableInterval_Basics""]","[0.022029897718332022, 0.020757020757020756, 0.019350811485642945]","[1.931549960660897, 1.6178266178266179, 1.3320848938826466]"
org.joda.time.TestMinutes.testGetFieldType,0.025225225225225224,0.020709336126353818,0.013479359730412805,0.062128008379061454,0.019166553311364343,0.01997031407649953,0.005165013162141486,2.924324324324324,2.269667645741782,1.2468407750631845,6.809002937225346,1.969686883584117,2.126644393937966,0.7326434932359543,"[""TestMinutes"", ""Minutes"", ""DurationFieldType""]","[0.025225225225225224, 0.023423423423423424, 0.013479359730412805]","[2.924324324324324, 2.637837837837838, 1.2468407750631845]"
org.joda.time.TestYears.testGetFieldType,0.025225225225225224,0.020709336126353818,0.013479359730412805,0.062128008379061454,0.019166553311364343,0.01997031407649953,0.005165013162141486,2.4414414414414414,1.9129108889850255,1.2468407750631845,5.738732666955077,1.765413254098569,1.8412052129189054,0.49729638128177306,"[""Years"", ""DurationFieldType"", ""TestYears""]","[0.025225225225225224, 0.023423423423423424, 0.013479359730412805]","[2.4414414414414414, 2.0504504504504504, 1.2468407750631845]"
org.joda.time.TestSeconds.testGetFieldType,0.025225225225225224,0.020709336126353818,0.013479359730412805,0.062128008379061454,0.019166553311364343,0.01997031407649953,0.005165013162141486,2.8666666666666667,2.250448426522563,1.2468407750631845,6.751345279567689,1.960832249044344,2.112574802672827,0.7157801789081386,"[""Seconds"", ""TestSeconds"", ""DurationFieldType""]","[0.025225225225225224, 0.023423423423423424, 0.013479359730412805]","[2.8666666666666667, 2.637837837837838, 1.2468407750631845]"
org.joda.time.TestHours.testGetFieldType,0.025225225225225224,0.020709336126353818,0.013479359730412805,0.062128008379061454,0.019166553311364343,0.01997031407649953,0.005165013162141486,3.046846846846847,2.3459439220180585,1.2468407750631845,7.037831766054175,2.0071621809814797,2.184520780680321,0.7869468543217985,"[""TestHours"", ""Hours"", ""DurationFieldType""]","[0.025225225225225224, 0.023423423423423424, 0.013479359730412805]","[3.046846846846847, 2.744144144144144, 1.2468407750631845]"
org.joda.time.TestWeeks.testGetFieldType,0.025225225225225224,0.020709336126353818,0.013479359730412805,0.062128008379061454,0.019166553311364343,0.01997031407649953,0.005165013162141486,3.0684684684684687,2.328526504600641,1.2468407750631845,6.985579513801923,1.9967832717119673,2.1698479089576006,0.7819520293793849,"[""TestWeeks"", ""Weeks"", ""DurationFieldType""]","[0.025225225225225224, 0.023423423423423424, 0.013479359730412805]","[3.0684684684684687, 2.67027027027027, 1.2468407750631845]"
org.joda.time.TestDateMidnight_Constructors.testConstructor_Chronology,0.03345454545454545,0.020504755585047555,0.011636363636363636,0.06151426675514267,0.016976228837377774,0.018560006457569445,0.009363105652998844,4.0378181818181815,2.1570012534100123,0.6593673965936739,6.471003760230037,1.2886491076313946,1.6777520448519212,1.4056088542720402,"[""TestDateMidnight_Constructors"", ""DateMidnight"", ""GregorianChronology""]","[0.03345454545454545, 0.016423357664233577, 0.011636363636363636]","[4.0378181818181815, 0.6593673965936739, 1.7738181818181817]"
org.joda.time.TestDateMidnight_Constructors.testConstructor_int_int_int_Chronology,0.03345454545454545,0.020504755585047555,0.011636363636363636,0.06151426675514267,0.016976228837377774,0.018560006457569445,0.009363105652998844,4.0378181818181815,2.1570012534100123,0.6593673965936739,6.471003760230037,1.2886491076313946,1.6777520448519212,1.4056088542720402,"[""TestDateMidnight_Constructors"", ""DateMidnight"", ""GregorianChronology""]","[0.03345454545454545, 0.016423357664233577, 0.011636363636363636]","[4.0378181818181815, 0.6593673965936739, 1.7738181818181817]"
org.joda.time.TestDateMidnight_Constructors.testConstructor_invalidObject_Chronology,0.03345454545454545,0.020504755585047555,0.011636363636363636,0.06151426675514267,0.016976228837377774,0.018560006457569445,0.009363105652998844,4.0378181818181815,2.1570012534100123,0.6593673965936739,6.471003760230037,1.2886491076313946,1.6777520448519212,1.4056088542720402,"[""TestDateMidnight_Constructors"", ""DateMidnight"", ""Object"", ""GregorianChronology""]","[0.03345454545454545, 0.016423357664233577, 0.011636363636363636]","[4.0378181818181815, 0.6593673965936739, 1.7738181818181817]"
org.joda.time.TestDateMidnight_Constructors.testConstructor_long2_Chronology,0.03345454545454545,0.020504755585047555,0.011636363636363636,0.06151426675514267,0.016976228837377774,0.018560006457569445,0.009363105652998844,4.0378181818181815,2.1570012534100123,0.6593673965936739,6.471003760230037,1.2886491076313946,1.6777520448519212,1.4056088542720402,"[""TestDateMidnight_Constructors"", ""DateMidnight"", ""GregorianChronology""]","[0.03345454545454545, 0.016423357664233577, 0.011636363636363636]","[4.0378181818181815, 0.6593673965936739, 1.7738181818181817]"
org.joda.time.TestDateMidnight_Constructors.test_now_Chronology,0.03345454545454545,0.020504755585047555,0.011636363636363636,0.06151426675514267,0.016976228837377774,0.018560006457569445,0.009363105652998844,4.0378181818181815,2.1570012534100123,0.6593673965936739,6.471003760230037,1.2886491076313946,1.6777520448519212,1.4056088542720402,"[""TestDateMidnight_Constructors"", ""DateMidnight"", ""GregorianChronology""]","[0.03345454545454545, 0.016423357664233577, 0.011636363636363636]","[4.0378181818181815, 0.6593673965936739, 1.7738181818181817]"
org.joda.time.TestDateMidnight_Constructors.testConstructor_long1_Chronology,0.03345454545454545,0.020504755585047555,0.011636363636363636,0.06151426675514267,0.016976228837377774,0.018560006457569445,0.009363105652998844,4.0378181818181815,2.1570012534100123,0.6593673965936739,6.471003760230037,1.2886491076313946,1.6777520448519212,1.4056088542720402,"[""TestDateMidnight_Constructors"", ""DateMidnight"", ""GregorianChronology""]","[0.03345454545454545, 0.016423357664233577, 0.011636363636363636]","[4.0378181818181815, 0.6593673965936739, 1.7738181818181817]"
org.joda.time.TestDateMidnight_Constructors.testConstructor_nullObject_Chronology,0.03345454545454545,0.020504755585047555,0.011636363636363636,0.06151426675514267,0.016976228837377774,0.018560006457569445,0.009363105652998844,4.0378181818181815,2.1570012534100123,0.6593673965936739,6.471003760230037,1.2886491076313946,1.6777520448519212,1.4056088542720402,"[""TestDateMidnight_Constructors"", ""DateMidnight"", ""GregorianChronology""]","[0.03345454545454545, 0.016423357664233577, 0.011636363636363636]","[4.0378181818181815, 0.6593673965936739, 1.7738181818181817]"
org.joda.time.TestStringConvert.testTimeZone,0.03832116788321168,0.030460018969854428,0.022598870056497175,0.060920037939708856,0.02843120663394821,0.02942813438541277,0.007861148913357253,3.5,2.3545197740112993,1.2090395480225988,4.709039548022599,1.797240551889622,2.0570946546231403,1.1454802259887007,"[""StringConvert"", ""TestStringConvert"", ""DateTimeZone""]","[0.03832116788321168, 0.022598870056497175]","[3.5, 1.2090395480225988]"
org.joda.time.TestMutableInterval_Basics.testContains_RI,0.022029897718332022,0.020281809799540723,0.019350811485642945,0.06084542939862217,0.020209467561243456,0.02024510076312645,0.0012369592629683554,1.931549960660897,1.4228336781974018,1.0048661800486618,4.268501034592205,1.325334655204897,1.3725095016366056,0.3837205699493672,"[""MutableInterval"", ""TestMutableInterval_Basics"", ""Instant""]","[0.022029897718332022, 0.019464720194647202, 0.019350811485642945]","[1.931549960660897, 1.0048661800486618, 1.3320848938826466]"
org.joda.time.TestMutableInterval_Basics.testIsAfter_RI,0.022029897718332022,0.020281809799540723,0.019350811485642945,0.06084542939862217,0.020209467561243456,0.02024510076312645,0.0012369592629683554,1.931549960660897,1.4228336781974018,1.0048661800486618,4.268501034592205,1.325334655204897,1.3725095016366056,0.3837205699493672,"[""MutableInterval"", ""TestMutableInterval_Basics"", ""Instant""]","[0.022029897718332022, 0.019464720194647202, 0.019350811485642945]","[1.931549960660897, 1.0048661800486618, 1.3320848938826466]"
org.joda.time.TestMutableInterval_Basics.testIsBefore_RI,0.022029897718332022,0.020281809799540723,0.019350811485642945,0.06084542939862217,0.020209467561243456,0.02024510076312645,0.0012369592629683554,1.931549960660897,1.4228336781974018,1.0048661800486618,4.268501034592205,1.325334655204897,1.3725095016366056,0.3837205699493672,"[""MutableInterval"", ""TestMutableInterval_Basics"", ""Instant""]","[0.022029897718332022, 0.019464720194647202, 0.019350811485642945]","[1.931549960660897, 1.0048661800486618, 1.3320848938826466]"
org.joda.time.field.TestScaledDurationField.test_compareTo,0.015206812652068127,0.012156227638246152,0.009157509157509158,0.060781138191230766,0.011697114906608286,0.011928111447764888,0.002314271281449692,1.2468407750631845,0.7989975502381178,0.43833943833943834,3.994987751190589,0.6611626506250536,0.7265374621178388,0.3382015307379778,"[""TestScaledDurationField"", ""PreciseDurationField"", ""DurationFieldType"", ""ISOChronology"", ""ScaledDurationField""]","[0.015206812652068127, 0.013479359730412805, 0.013169446883230905, 0.009768009768009768, 0.009157509157509158]","[0.7195863746958637, 1.2468407750631845, 1.13784021071115, 0.43833943833943834, 0.4523809523809524]"
org.joda.time.TestTimeOfDay_Properties.testPropertyAddNoWrapMinute,0.04654346338124572,0.030216176135067305,0.013888888888888888,0.06043235227013461,0.021393739185150227,0.02542512519942017,0.016327287246178417,4.317590691307323,3.562875206764773,2.8081597222222223,7.125750413529546,3.403005598778836,3.482023014911135,0.7547154845425506,"[""TimeOfDay$Property"", ""TimeOfDay"", ""TestTimeOfDay_Properties""]","[0.04654346338124572, 0.013888888888888888]","[4.317590691307323, 2.8081597222222223]"
org.joda.time.TestTimeOfDay_Properties.testPropertyGetMaxMinValuesMinute,0.04654346338124572,0.030216176135067305,0.013888888888888888,0.06043235227013461,0.021393739185150227,0.02542512519942017,0.016327287246178417,4.317590691307323,3.562875206764773,2.8081597222222223,7.125750413529546,3.403005598778836,3.482023014911135,0.7547154845425506,"[""TimeOfDay$Property"", ""TestTimeOfDay_Properties"", ""TimeOfDay""]","[0.04654346338124572, 0.013888888888888888]","[4.317590691307323, 2.8081597222222223]"
org.joda.time.TestTimeOfDay_Properties.testPropertyGetMaxMinValuesSecond,0.04654346338124572,0.030216176135067305,0.013888888888888888,0.06043235227013461,0.021393739185150227,0.02542512519942017,0.016327287246178417,4.317590691307323,3.562875206764773,2.8081597222222223,7.125750413529546,3.403005598778836,3.482023014911135,0.7547154845425506,"[""TimeOfDay$Property"", ""TestTimeOfDay_Properties"", ""TimeOfDay""]","[0.04654346338124572, 0.013888888888888888]","[4.317590691307323, 2.8081597222222223]"
org.joda.time.TestTimeOfDay_Properties.testPropertyAddMilli,0.04654346338124572,0.030216176135067305,0.013888888888888888,0.06043235227013461,0.021393739185150227,0.02542512519942017,0.016327287246178417,4.317590691307323,3.562875206764773,2.8081597222222223,7.125750413529546,3.403005598778836,3.482023014911135,0.7547154845425506,"[""TimeOfDay$Property"", ""TimeOfDay"", ""TestTimeOfDay_Properties""]","[0.04654346338124572, 0.013888888888888888]","[4.317590691307323, 2.8081597222222223]"
org.joda.time.TestTimeOfDay_Properties.testPropertyGetMaxMinValuesMilli,0.04654346338124572,0.030216176135067305,0.013888888888888888,0.06043235227013461,0.021393739185150227,0.02542512519942017,0.016327287246178417,4.317590691307323,3.562875206764773,2.8081597222222223,7.125750413529546,3.403005598778836,3.482023014911135,0.7547154845425506,"[""TimeOfDay$Property"", ""TestTimeOfDay_Properties"", ""TimeOfDay""]","[0.04654346338124572, 0.013888888888888888]","[4.317590691307323, 2.8081597222222223]"
org.joda.time.TestTimeOfDay_Properties.testPropertySetTextMilli,0.04654346338124572,0.030216176135067305,0.013888888888888888,0.06043235227013461,0.021393739185150227,0.02542512519942017,0.016327287246178417,4.317590691307323,3.562875206764773,2.8081597222222223,7.125750413529546,3.403005598778836,3.482023014911135,0.7547154845425506,"[""TimeOfDay$Property"", ""TimeOfDay"", ""TestTimeOfDay_Properties""]","[0.04654346338124572, 0.013888888888888888]","[4.317590691307323, 2.8081597222222223]"
org.joda.time.TestTimeOfDay_Properties.testPropertySetTextHour,0.04654346338124572,0.030216176135067305,0.013888888888888888,0.06043235227013461,0.021393739185150227,0.02542512519942017,0.016327287246178417,4.317590691307323,3.562875206764773,2.8081597222222223,7.125750413529546,3.403005598778836,3.482023014911135,0.7547154845425506,"[""TimeOfDay$Property"", ""TimeOfDay"", ""TestTimeOfDay_Properties""]","[0.04654346338124572, 0.013888888888888888]","[4.317590691307323, 2.8081597222222223]"
org.joda.time.TestTimeOfDay_Properties.testPropertySetHour,0.04654346338124572,0.030216176135067305,0.013888888888888888,0.06043235227013461,0.021393739185150227,0.02542512519942017,0.016327287246178417,4.317590691307323,3.562875206764773,2.8081597222222223,7.125750413529546,3.403005598778836,3.482023014911135,0.7547154845425506,"[""TimeOfDay$Property"", ""TimeOfDay"", ""TestTimeOfDay_Properties""]","[0.04654346338124572, 0.013888888888888888]","[4.317590691307323, 2.8081597222222223]"
org.joda.time.TestTimeOfDay_Properties.testPropertyGetMaxMinValuesHour,0.04654346338124572,0.030216176135067305,0.013888888888888888,0.06043235227013461,0.021393739185150227,0.02542512519942017,0.016327287246178417,4.317590691307323,3.562875206764773,2.8081597222222223,7.125750413529546,3.403005598778836,3.482023014911135,0.7547154845425506,"[""TimeOfDay$Property"", ""TestTimeOfDay_Properties"", ""TimeOfDay""]","[0.04654346338124572, 0.013888888888888888]","[4.317590691307323, 2.8081597222222223]"
org.joda.time.TestTimeOfDay_Properties.testPropertyAddSecond,0.04654346338124572,0.030216176135067305,0.013888888888888888,0.06043235227013461,0.021393739185150227,0.02542512519942017,0.016327287246178417,4.317590691307323,3.562875206764773,2.8081597222222223,7.125750413529546,3.403005598778836,3.482023014911135,0.7547154845425506,"[""TimeOfDay$Property"", ""TimeOfDay"", ""TestTimeOfDay_Properties""]","[0.04654346338124572, 0.013888888888888888]","[4.317590691307323, 2.8081597222222223]"
org.joda.time.TestTimeOfDay_Properties.testPropertySetTextMinute,0.04654346338124572,0.030216176135067305,0.013888888888888888,0.06043235227013461,0.021393739185150227,0.02542512519942017,0.016327287246178417,4.317590691307323,3.562875206764773,2.8081597222222223,7.125750413529546,3.403005598778836,3.482023014911135,0.7547154845425506,"[""TimeOfDay$Property"", ""TimeOfDay"", ""TestTimeOfDay_Properties""]","[0.04654346338124572, 0.013888888888888888]","[4.317590691307323, 2.8081597222222223]"
org.joda.time.TestTimeOfDay_Properties.testPropertySetMinute,0.04654346338124572,0.030216176135067305,0.013888888888888888,0.06043235227013461,0.021393739185150227,0.02542512519942017,0.016327287246178417,4.317590691307323,3.562875206764773,2.8081597222222223,7.125750413529546,3.403005598778836,3.482023014911135,0.7547154845425506,"[""TimeOfDay$Property"", ""TimeOfDay"", ""TestTimeOfDay_Properties""]","[0.04654346338124572, 0.013888888888888888]","[4.317590691307323, 2.8081597222222223]"
org.joda.time.TestTimeOfDay_Properties.testPropertyAddWrapFieldHour,0.04654346338124572,0.030216176135067305,0.013888888888888888,0.06043235227013461,0.021393739185150227,0.02542512519942017,0.016327287246178417,4.317590691307323,3.562875206764773,2.8081597222222223,7.125750413529546,3.403005598778836,3.482023014911135,0.7547154845425506,"[""TimeOfDay$Property"", ""TimeOfDay"", ""TestTimeOfDay_Properties""]","[0.04654346338124572, 0.013888888888888888]","[4.317590691307323, 2.8081597222222223]"
org.joda.time.TestTimeOfDay_Properties.testPropertyAddNoWrapSecond,0.04654346338124572,0.030216176135067305,0.013888888888888888,0.06043235227013461,0.021393739185150227,0.02542512519942017,0.016327287246178417,4.317590691307323,3.562875206764773,2.8081597222222223,7.125750413529546,3.403005598778836,3.482023014911135,0.7547154845425506,"[""TimeOfDay$Property"", ""TimeOfDay"", ""TestTimeOfDay_Properties""]","[0.04654346338124572, 0.013888888888888888]","[4.317590691307323, 2.8081597222222223]"
org.joda.time.TestTimeOfDay_Properties.testPropertyAddNoWrapHour,0.04654346338124572,0.030216176135067305,0.013888888888888888,0.06043235227013461,0.021393739185150227,0.02542512519942017,0.016327287246178417,4.317590691307323,3.562875206764773,2.8081597222222223,7.125750413529546,3.403005598778836,3.482023014911135,0.7547154845425506,"[""TimeOfDay$Property"", ""TimeOfDay"", ""TestTimeOfDay_Properties""]","[0.04654346338124572, 0.013888888888888888]","[4.317590691307323, 2.8081597222222223]"
org.joda.time.TestTimeOfDay_Properties.testPropertyAddWrapFieldMilli,0.04654346338124572,0.030216176135067305,0.013888888888888888,0.06043235227013461,0.021393739185150227,0.02542512519942017,0.016327287246178417,4.317590691307323,3.562875206764773,2.8081597222222223,7.125750413529546,3.403005598778836,3.482023014911135,0.7547154845425506,"[""TimeOfDay$Property"", ""TimeOfDay"", ""TestTimeOfDay_Properties""]","[0.04654346338124572, 0.013888888888888888]","[4.317590691307323, 2.8081597222222223]"
org.joda.time.TestTimeOfDay_Properties.testPropertyAddWrapFieldMinute,0.04654346338124572,0.030216176135067305,0.013888888888888888,0.06043235227013461,0.021393739185150227,0.02542512519942017,0.016327287246178417,4.317590691307323,3.562875206764773,2.8081597222222223,7.125750413529546,3.403005598778836,3.482023014911135,0.7547154845425506,"[""TimeOfDay$Property"", ""TimeOfDay"", ""TestTimeOfDay_Properties""]","[0.04654346338124572, 0.013888888888888888]","[4.317590691307323, 2.8081597222222223]"
org.joda.time.TestTimeOfDay_Properties.testPropertyAddNoWrapMilli,0.04654346338124572,0.030216176135067305,0.013888888888888888,0.06043235227013461,0.021393739185150227,0.02542512519942017,0.016327287246178417,4.317590691307323,3.562875206764773,2.8081597222222223,7.125750413529546,3.403005598778836,3.482023014911135,0.7547154845425506,"[""TimeOfDay$Property"", ""TimeOfDay"", ""TestTimeOfDay_Properties""]","[0.04654346338124572, 0.013888888888888888]","[4.317590691307323, 2.8081597222222223]"
org.joda.time.TestTimeOfDay_Properties.testPropertyWithMinimumValueHour,0.04654346338124572,0.030216176135067305,0.013888888888888888,0.06043235227013461,0.021393739185150227,0.02542512519942017,0.016327287246178417,4.317590691307323,3.562875206764773,2.8081597222222223,7.125750413529546,3.403005598778836,3.482023014911135,0.7547154845425506,"[""TimeOfDay$Property"", ""TimeOfDay"", ""TestTimeOfDay_Properties""]","[0.04654346338124572, 0.013888888888888888]","[4.317590691307323, 2.8081597222222223]"
org.joda.time.TestTimeOfDay_Properties.testPropertyAddMinute,0.04654346338124572,0.030216176135067305,0.013888888888888888,0.06043235227013461,0.021393739185150227,0.02542512519942017,0.016327287246178417,4.317590691307323,3.562875206764773,2.8081597222222223,7.125750413529546,3.403005598778836,3.482023014911135,0.7547154845425506,"[""TimeOfDay$Property"", ""TimeOfDay"", ""TestTimeOfDay_Properties""]","[0.04654346338124572, 0.013888888888888888]","[4.317590691307323, 2.8081597222222223]"
org.joda.time.TestTimeOfDay_Properties.testPropertyAddWrapFieldSecond,0.04654346338124572,0.030216176135067305,0.013888888888888888,0.06043235227013461,0.021393739185150227,0.02542512519942017,0.016327287246178417,4.317590691307323,3.562875206764773,2.8081597222222223,7.125750413529546,3.403005598778836,3.482023014911135,0.7547154845425506,"[""TimeOfDay$Property"", ""TimeOfDay"", ""TestTimeOfDay_Properties""]","[0.04654346338124572, 0.013888888888888888]","[4.317590691307323, 2.8081597222222223]"
org.joda.time.TestTimeOfDay_Properties.testPropertyAddHour,0.04654346338124572,0.030216176135067305,0.013888888888888888,0.06043235227013461,0.021393739185150227,0.02542512519942017,0.016327287246178417,4.317590691307323,3.562875206764773,2.8081597222222223,7.125750413529546,3.403005598778836,3.482023014911135,0.7547154845425506,"[""TimeOfDay$Property"", ""TimeOfDay"", ""TestTimeOfDay_Properties""]","[0.04654346338124572, 0.013888888888888888]","[4.317590691307323, 2.8081597222222223]"
org.joda.time.TestTimeOfDay_Properties.testPropertySetTextSecond,0.04654346338124572,0.030216176135067305,0.013888888888888888,0.06043235227013461,0.021393739185150227,0.02542512519942017,0.016327287246178417,4.317590691307323,3.562875206764773,2.8081597222222223,7.125750413529546,3.403005598778836,3.482023014911135,0.7547154845425506,"[""TimeOfDay$Property"", ""TimeOfDay"", ""TestTimeOfDay_Properties""]","[0.04654346338124572, 0.013888888888888888]","[4.317590691307323, 2.8081597222222223]"
org.joda.time.TestTimeOfDay_Properties.testPropertySetSecond,0.04654346338124572,0.030216176135067305,0.013888888888888888,0.06043235227013461,0.021393739185150227,0.02542512519942017,0.016327287246178417,4.317590691307323,3.562875206764773,2.8081597222222223,7.125750413529546,3.403005598778836,3.482023014911135,0.7547154845425506,"[""TimeOfDay$Property"", ""TimeOfDay"", ""TestTimeOfDay_Properties""]","[0.04654346338124572, 0.013888888888888888]","[4.317590691307323, 2.8081597222222223]"
org.joda.time.TestTimeOfDay_Properties.testPropertySetMilli,0.04654346338124572,0.030216176135067305,0.013888888888888888,0.06043235227013461,0.021393739185150227,0.02542512519942017,0.016327287246178417,4.317590691307323,3.562875206764773,2.8081597222222223,7.125750413529546,3.403005598778836,3.482023014911135,0.7547154845425506,"[""TimeOfDay$Property"", ""TimeOfDay"", ""TestTimeOfDay_Properties""]","[0.04654346338124572, 0.013888888888888888]","[4.317590691307323, 2.8081597222222223]"
org.joda.time.TestTimeOfDay_Properties.testPropertyWithMaximumValueHour,0.04654346338124572,0.030216176135067305,0.013888888888888888,0.06043235227013461,0.021393739185150227,0.02542512519942017,0.016327287246178417,4.317590691307323,3.562875206764773,2.8081597222222223,7.125750413529546,3.403005598778836,3.482023014911135,0.7547154845425506,"[""TimeOfDay$Property"", ""TimeOfDay"", ""TestTimeOfDay_Properties""]","[0.04654346338124572, 0.013888888888888888]","[4.317590691307323, 2.8081597222222223]"
org.joda.time.TestDateMidnight_Constructors.testConstructor_int_int_int_nullDateTimeZone,0.03345454545454545,0.020099240580992408,0.011636363636363636,0.06029772174297722,0.01652084229958153,0.01808992936775948,0.009555457524109755,4.0378181818181815,2.177074246110742,0.7195863746958637,6.531222738332227,1.362954034872783,1.72734703007466,1.3843475410197408,"[""TestDateMidnight_Constructors"", ""DateMidnight"", ""ISOChronology""]","[0.03345454545454545, 0.015206812652068127, 0.011636363636363636]","[4.0378181818181815, 0.7195863746958637, 1.7738181818181817]"
org.joda.time.TestDateMidnight_Constructors.testConstructor_nullObject_DateTimeZone,0.03345454545454545,0.020099240580992408,0.011636363636363636,0.06029772174297722,0.01652084229958153,0.01808992936775948,0.009555457524109755,4.0378181818181815,2.177074246110742,0.7195863746958637,6.531222738332227,1.362954034872783,1.72734703007466,1.3843475410197408,"[""TestDateMidnight_Constructors"", ""DateMidnight"", ""ISOChronology""]","[0.03345454545454545, 0.015206812652068127, 0.011636363636363636]","[4.0378181818181815, 0.7195863746958637, 1.7738181818181817]"
org.joda.time.TestDateMidnight_Constructors.testConstructor_int_int_int_nullChronology,0.03345454545454545,0.020099240580992408,0.011636363636363636,0.06029772174297722,0.01652084229958153,0.01808992936775948,0.009555457524109755,4.0378181818181815,2.177074246110742,0.7195863746958637,6.531222738332227,1.362954034872783,1.72734703007466,1.3843475410197408,"[""TestDateMidnight_Constructors"", ""DateMidnight"", ""ISOChronology""]","[0.03345454545454545, 0.015206812652068127, 0.011636363636363636]","[4.0378181818181815, 0.7195863746958637, 1.7738181818181817]"
org.joda.time.TestDateMidnight_Constructors.testConstructor_long1_DateTimeZone,0.03345454545454545,0.020099240580992408,0.011636363636363636,0.06029772174297722,0.01652084229958153,0.01808992936775948,0.009555457524109755,4.0378181818181815,2.177074246110742,0.7195863746958637,6.531222738332227,1.362954034872783,1.72734703007466,1.3843475410197408,"[""TestDateMidnight_Constructors"", ""DateMidnight"", ""ISOChronology""]","[0.03345454545454545, 0.015206812652068127, 0.011636363636363636]","[4.0378181818181815, 0.7195863746958637, 1.7738181818181817]"
org.joda.time.TestDateMidnight_Constructors.testConstructor_DateTimeZone,0.03345454545454545,0.020099240580992408,0.011636363636363636,0.06029772174297722,0.01652084229958153,0.01808992936775948,0.009555457524109755,4.0378181818181815,2.177074246110742,0.7195863746958637,6.531222738332227,1.362954034872783,1.72734703007466,1.3843475410197408,"[""TestDateMidnight_Constructors"", ""DateMidnight"", ""ISOChronology""]","[0.03345454545454545, 0.015206812652068127, 0.011636363636363636]","[4.0378181818181815, 0.7195863746958637, 1.7738181818181817]"
org.joda.time.TestDateMidnight_Constructors.testConstructor_long2_DateTimeZone,0.03345454545454545,0.020099240580992408,0.011636363636363636,0.06029772174297722,0.01652084229958153,0.01808992936775948,0.009555457524109755,4.0378181818181815,2.177074246110742,0.7195863746958637,6.531222738332227,1.362954034872783,1.72734703007466,1.3843475410197408,"[""TestDateMidnight_Constructors"", ""DateMidnight"", ""ISOChronology""]","[0.03345454545454545, 0.015206812652068127, 0.011636363636363636]","[4.0378181818181815, 0.7195863746958637, 1.7738181818181817]"
org.joda.time.TestDateMidnight_Constructors.testConstructor_nullDateTimeZone,0.03345454545454545,0.020099240580992408,0.011636363636363636,0.06029772174297722,0.01652084229958153,0.01808992936775948,0.009555457524109755,4.0378181818181815,2.177074246110742,0.7195863746958637,6.531222738332227,1.362954034872783,1.72734703007466,1.3843475410197408,"[""TestDateMidnight_Constructors"", ""DateMidnight"", ""ISOChronology""]","[0.03345454545454545, 0.015206812652068127, 0.011636363636363636]","[4.0378181818181815, 0.7195863746958637, 1.7738181818181817]"
org.joda.time.TestDateMidnight_Constructors.testConstructor,0.03345454545454545,0.020099240580992408,0.011636363636363636,0.06029772174297722,0.01652084229958153,0.01808992936775948,0.009555457524109755,4.0378181818181815,2.177074246110742,0.7195863746958637,6.531222738332227,1.362954034872783,1.72734703007466,1.3843475410197408,"[""TestDateMidnight_Constructors"", ""DateMidnight"", ""ISOChronology""]","[0.03345454545454545, 0.015206812652068127, 0.011636363636363636]","[4.0378181818181815, 0.7195863746958637, 1.7738181818181817]"
org.joda.time.TestDateMidnight_Constructors.testConstructor_int_int_int_DateTimeZone,0.03345454545454545,0.020099240580992408,0.011636363636363636,0.06029772174297722,0.01652084229958153,0.01808992936775948,0.009555457524109755,4.0378181818181815,2.177074246110742,0.7195863746958637,6.531222738332227,1.362954034872783,1.72734703007466,1.3843475410197408,"[""TestDateMidnight_Constructors"", ""DateMidnight"", ""ISOChronology""]","[0.03345454545454545, 0.015206812652068127, 0.011636363636363636]","[4.0378181818181815, 0.7195863746958637, 1.7738181818181817]"
org.joda.time.TestDateMidnight_Constructors.test_now_DateTimeZone,0.03345454545454545,0.020099240580992408,0.011636363636363636,0.06029772174297722,0.01652084229958153,0.01808992936775948,0.009555457524109755,4.0378181818181815,2.177074246110742,0.7195863746958637,6.531222738332227,1.362954034872783,1.72734703007466,1.3843475410197408,"[""TestDateMidnight_Constructors"", ""DateMidnight"", ""ISOChronology""]","[0.03345454545454545, 0.015206812652068127, 0.011636363636363636]","[4.0378181818181815, 0.7195863746958637, 1.7738181818181817]"
org.joda.time.TestDateMidnight_Constructors.testConstructor_int_int_int,0.03345454545454545,0.020099240580992408,0.011636363636363636,0.06029772174297722,0.01652084229958153,0.01808992936775948,0.009555457524109755,4.0378181818181815,2.177074246110742,0.7195863746958637,6.531222738332227,1.362954034872783,1.72734703007466,1.3843475410197408,"[""TestDateMidnight_Constructors"", ""DateMidnight"", ""ISOChronology""]","[0.03345454545454545, 0.015206812652068127, 0.011636363636363636]","[4.0378181818181815, 0.7195863746958637, 1.7738181818181817]"
org.joda.time.TestDateMidnight_Constructors.test_now,0.03345454545454545,0.020099240580992408,0.011636363636363636,0.06029772174297722,0.01652084229958153,0.01808992936775948,0.009555457524109755,4.0378181818181815,2.177074246110742,0.7195863746958637,6.531222738332227,1.362954034872783,1.72734703007466,1.3843475410197408,"[""TestDateMidnight_Constructors"", ""DateMidnight"", ""ISOChronology""]","[0.03345454545454545, 0.015206812652068127, 0.011636363636363636]","[4.0378181818181815, 0.7195863746958637, 1.7738181818181817]"
org.joda.time.TestDateMidnight_Constructors.testConstructor_nullObject,0.03345454545454545,0.020099240580992408,0.011636363636363636,0.06029772174297722,0.01652084229958153,0.01808992936775948,0.009555457524109755,4.0378181818181815,2.177074246110742,0.7195863746958637,6.531222738332227,1.362954034872783,1.72734703007466,1.3843475410197408,"[""TestDateMidnight_Constructors"", ""DateMidnight"", ""ISOChronology""]","[0.03345454545454545, 0.015206812652068127, 0.011636363636363636]","[4.0378181818181815, 0.7195863746958637, 1.7738181818181817]"
org.joda.time.TestDateMidnight_Constructors.testConstructor_long1,0.03345454545454545,0.020099240580992408,0.011636363636363636,0.06029772174297722,0.01652084229958153,0.01808992936775948,0.009555457524109755,4.0378181818181815,2.177074246110742,0.7195863746958637,6.531222738332227,1.362954034872783,1.72734703007466,1.3843475410197408,"[""TestDateMidnight_Constructors"", ""DateMidnight"", ""ISOChronology""]","[0.03345454545454545, 0.015206812652068127, 0.011636363636363636]","[4.0378181818181815, 0.7195863746958637, 1.7738181818181817]"
org.joda.time.TestDateMidnight_Constructors.testConstructor_long_nullDateTimeZone,0.03345454545454545,0.020099240580992408,0.011636363636363636,0.06029772174297722,0.01652084229958153,0.01808992936775948,0.009555457524109755,4.0378181818181815,2.177074246110742,0.7195863746958637,6.531222738332227,1.362954034872783,1.72734703007466,1.3843475410197408,"[""TestDateMidnight_Constructors"", ""DateMidnight"", ""ISOChronology""]","[0.03345454545454545, 0.015206812652068127, 0.011636363636363636]","[4.0378181818181815, 0.7195863746958637, 1.7738181818181817]"
org.joda.time.TestDateMidnight_Constructors.testConstructor_nullObject_nullDateTimeZone,0.03345454545454545,0.020099240580992408,0.011636363636363636,0.06029772174297722,0.01652084229958153,0.01808992936775948,0.009555457524109755,4.0378181818181815,2.177074246110742,0.7195863746958637,6.531222738332227,1.362954034872783,1.72734703007466,1.3843475410197408,"[""TestDateMidnight_Constructors"", ""DateMidnight"", ""ISOChronology""]","[0.03345454545454545, 0.015206812652068127, 0.011636363636363636]","[4.0378181818181815, 0.7195863746958637, 1.7738181818181817]"
org.joda.time.TestDateMidnight_Constructors.testConstructor_nullChronology,0.03345454545454545,0.020099240580992408,0.011636363636363636,0.06029772174297722,0.01652084229958153,0.01808992936775948,0.009555457524109755,4.0378181818181815,2.177074246110742,0.7195863746958637,6.531222738332227,1.362954034872783,1.72734703007466,1.3843475410197408,"[""TestDateMidnight_Constructors"", ""DateMidnight"", ""ISOChronology""]","[0.03345454545454545, 0.015206812652068127, 0.011636363636363636]","[4.0378181818181815, 0.7195863746958637, 1.7738181818181817]"
org.joda.time.TestDateMidnight_Constructors.testParse_noFormatter,0.03345454545454545,0.020099240580992408,0.011636363636363636,0.06029772174297722,0.01652084229958153,0.01808992936775948,0.009555457524109755,4.0378181818181815,2.177074246110742,0.7195863746958637,6.531222738332227,1.362954034872783,1.72734703007466,1.3843475410197408,"[""TestDateMidnight_Constructors"", ""DateMidnight"", ""ISOChronology""]","[0.03345454545454545, 0.015206812652068127, 0.011636363636363636]","[4.0378181818181815, 0.7195863746958637, 1.7738181818181817]"
org.joda.time.TestDateMidnight_Constructors.testConstructor_long2,0.03345454545454545,0.020099240580992408,0.011636363636363636,0.06029772174297722,0.01652084229958153,0.01808992936775948,0.009555457524109755,4.0378181818181815,2.177074246110742,0.7195863746958637,6.531222738332227,1.362954034872783,1.72734703007466,1.3843475410197408,"[""TestDateMidnight_Constructors"", ""DateMidnight"", ""ISOChronology""]","[0.03345454545454545, 0.015206812652068127, 0.011636363636363636]","[4.0378181818181815, 0.7195863746958637, 1.7738181818181817]"
org.joda.time.TestDateMidnight_Constructors.testConstructor_long_nullChronology,0.03345454545454545,0.020099240580992408,0.011636363636363636,0.06029772174297722,0.01652084229958153,0.01808992936775948,0.009555457524109755,4.0378181818181815,2.177074246110742,0.7195863746958637,6.531222738332227,1.362954034872783,1.72734703007466,1.3843475410197408,"[""TestDateMidnight_Constructors"", ""DateMidnight"", ""ISOChronology""]","[0.03345454545454545, 0.015206812652068127, 0.011636363636363636]","[4.0378181818181815, 0.7195863746958637, 1.7738181818181817]"
org.joda.time.TestDateMidnight_Constructors.testConstructor_nullObject_nullChronology,0.03345454545454545,0.020099240580992408,0.011636363636363636,0.06029772174297722,0.01652084229958153,0.01808992936775948,0.009555457524109755,4.0378181818181815,2.177074246110742,0.7195863746958637,6.531222738332227,1.362954034872783,1.72734703007466,1.3843475410197408,"[""TestDateMidnight_Constructors"", ""DateMidnight"", ""ISOChronology""]","[0.03345454545454545, 0.015206812652068127, 0.011636363636363636]","[4.0378181818181815, 0.7195863746958637, 1.7738181818181817]"
org.joda.time.chrono.TestEthiopicChronology.testEpoch,0.041970802919708027,0.030099984793187345,0.018229166666666668,0.06019996958637469,0.025418377012946004,0.02766031022163667,0.01187081812652068,5.9939172749391725,4.594614887469586,3.1953125,9.189229774939172,4.168453561758032,4.376349939456291,1.3993023874695862,"[""TestEthiopicChronology"", ""DateTime""]","[0.041970802919708027, 0.018229166666666668]","[5.9939172749391725, 3.1953125]"
org.joda.time.chrono.TestEthiopicChronology.testEra,0.041970802919708027,0.030099984793187345,0.018229166666666668,0.06019996958637469,0.025418377012946004,0.02766031022163667,0.01187081812652068,5.9939172749391725,4.594614887469586,3.1953125,9.189229774939172,4.168453561758032,4.376349939456291,1.3993023874695862,"[""TestEthiopicChronology"", ""DateTime""]","[0.041970802919708027, 0.018229166666666668]","[5.9939172749391725, 3.1953125]"
org.joda.time.chrono.TestEthiopicChronology.testSampleDateWithZone,0.041970802919708027,0.030099984793187345,0.018229166666666668,0.06019996958637469,0.025418377012946004,0.02766031022163667,0.01187081812652068,5.9939172749391725,4.594614887469586,3.1953125,9.189229774939172,4.168453561758032,4.376349939456291,1.3993023874695862,"[""TestEthiopicChronology"", ""DateTime""]","[0.041970802919708027, 0.018229166666666668]","[5.9939172749391725, 3.1953125]"
org.joda.time.TestSerialization.testSerializedGJChronology,0.023114355231143552,0.015042005794597576,0.007633587786259542,0.060168023178390304,0.01139071656599871,0.013088251348057725,0.007423278241919025,2.911192214111922,1.3922049952699023,0.09541984732824428,5.568819981079609,0.1942886831526362,0.5196002989123792,1.301087091650424,"[""StringBuilder"", ""GJChronology"", ""ByteArrayOutputStream"", ""ObjectInputStream"", ""TestSerialization"", ""FileInputStream"", ""ObjectOutputStream"", ""ByteArrayInputStream""]","[0.023114355231143552, 0.02178649237472767, 0.007633587786259542, 0.007633587786259542]","[2.911192214111922, 2.4553376906318083, 0.09541984732824428, 0.10687022900763359]"
org.joda.time.TestSerialization.testSerializedGJChronologyChangedInternals,0.023114355231143552,0.015042005794597576,0.007633587786259542,0.060168023178390304,0.01139071656599871,0.013088251348057725,0.007423278241919025,2.911192214111922,1.3922049952699023,0.09541984732824428,5.568819981079609,0.1942886831526362,0.5196002989123792,1.301087091650424,"[""StringBuilder"", ""GJChronology"", ""ByteArrayOutputStream"", ""ObjectInputStream"", ""TestSerialization"", ""FileInputStream"", ""ObjectOutputStream"", ""ByteArrayInputStream""]","[0.023114355231143552, 0.02178649237472767, 0.007633587786259542, 0.007633587786259542]","[2.911192214111922, 2.4553376906318083, 0.09541984732824428, 0.10687022900763359]"
org.joda.time.chrono.TestCopticChronology.testEpoch,0.041970802919708027,0.030024021016139962,0.018077239112571898,0.060048042032279925,0.025270307388818136,0.0275448042310377,0.011946781903568064,5.9939172749391725,4.098848530649537,2.2037797863599016,8.197697061299074,3.2226791580246865,3.634456456146417,1.8950687442896355,"[""TestCopticChronology"", ""DateTime""]","[0.041970802919708027, 0.018077239112571898]","[5.9939172749391725, 2.2037797863599016]"
org.joda.time.chrono.TestCopticChronology.testSampleDateWithZone,0.041970802919708027,0.030024021016139962,0.018077239112571898,0.060048042032279925,0.025270307388818136,0.0275448042310377,0.011946781903568064,5.9939172749391725,4.098848530649537,2.2037797863599016,8.197697061299074,3.2226791580246865,3.634456456146417,1.8950687442896355,"[""TestCopticChronology"", ""DateTime""]","[0.041970802919708027, 0.018077239112571898]","[5.9939172749391725, 2.2037797863599016]"
org.joda.time.chrono.TestCopticChronology.testEra,0.041970802919708027,0.030024021016139962,0.018077239112571898,0.060048042032279925,0.025270307388818136,0.0275448042310377,0.011946781903568064,5.9939172749391725,4.098848530649537,2.2037797863599016,8.197697061299074,3.2226791580246865,3.634456456146417,1.8950687442896355,"[""TestCopticChronology"", ""DateTime""]","[0.041970802919708027, 0.018077239112571898]","[5.9939172749391725, 2.2037797863599016]"
org.joda.time.TestSerialization.testSerializedCopticChronology,0.02298095863427446,0.015008656645380303,0.007633587786259542,0.060034626581521214,0.011382576527501118,0.013069326750630198,0.0073871499499077635,2.4553376906318083,0.8856807434490784,0.09541984732824428,3.5427229737963137,0.18714115009480756,0.3858328217994045,0.961103711369693,"[""StringBuilder"", ""ByteArrayOutputStream"", ""ObjectInputStream"", ""TestSerialization"", ""FileInputStream"", ""ObjectOutputStream"", ""ByteArrayInputStream"", ""CopticChronology""]","[0.02298095863427446, 0.02178649237472767, 0.007633587786259542, 0.007633587786259542]","[0.8850952068286277, 2.4553376906318083, 0.09541984732824428, 0.10687022900763359]"
org.joda.time.TestDurationFieldType.test_minutes,0.02298095863427446,0.014993419970387853,0.010378510378510378,0.05997367988155141,0.01378416464451057,0.0143350560691006,0.004765627476050976,1.2468407750631845,0.938191747440775,0.7197802197802198,3.7527669897631,0.9027353817375214,0.9197875800183113,0.1918114381063277,"[""TestDurationFieldType"", ""CopticChronology"", ""DurationField"", ""DurationFieldType""]","[0.02298095863427446, 0.013479359730412805, 0.013134851138353765, 0.010378510378510378]","[0.8850952068286277, 1.2468407750631845, 0.9010507880910683, 0.7197802197802198]"
org.joda.time.TestDurationFieldType.test_years,0.02298095863427446,0.014993419970387853,0.010378510378510378,0.05997367988155141,0.01378416464451057,0.0143350560691006,0.004765627476050976,1.2468407750631845,0.938191747440775,0.7197802197802198,3.7527669897631,0.9027353817375214,0.9197875800183113,0.1918114381063277,"[""TestDurationFieldType"", ""CopticChronology"", ""DurationField"", ""DurationFieldType""]","[0.02298095863427446, 0.013479359730412805, 0.013134851138353765, 0.010378510378510378]","[0.8850952068286277, 1.2468407750631845, 0.9010507880910683, 0.7197802197802198]"
org.joda.time.TestDurationFieldType.test_centuries,0.02298095863427446,0.014993419970387853,0.010378510378510378,0.05997367988155141,0.01378416464451057,0.0143350560691006,0.004765627476050976,1.2468407750631845,0.938191747440775,0.7197802197802198,3.7527669897631,0.9027353817375214,0.9197875800183113,0.1918114381063277,"[""TestDurationFieldType"", ""CopticChronology"", ""DurationField"", ""DurationFieldType""]","[0.02298095863427446, 0.013479359730412805, 0.013134851138353765, 0.010378510378510378]","[0.8850952068286277, 1.2468407750631845, 0.9010507880910683, 0.7197802197802198]"
org.joda.time.TestDurationFieldType.test_eras,0.02298095863427446,0.014993419970387853,0.010378510378510378,0.05997367988155141,0.01378416464451057,0.0143350560691006,0.004765627476050976,1.2468407750631845,0.938191747440775,0.7197802197802198,3.7527669897631,0.9027353817375214,0.9197875800183113,0.1918114381063277,"[""TestDurationFieldType"", ""CopticChronology"", ""DurationField"", ""DurationFieldType""]","[0.02298095863427446, 0.013479359730412805, 0.013134851138353765, 0.010378510378510378]","[0.8850952068286277, 1.2468407750631845, 0.9010507880910683, 0.7197802197802198]"
org.joda.time.TestDurationFieldType.test_seconds,0.02298095863427446,0.014993419970387853,0.010378510378510378,0.05997367988155141,0.01378416464451057,0.0143350560691006,0.004765627476050976,1.2468407750631845,0.938191747440775,0.7197802197802198,3.7527669897631,0.9027353817375214,0.9197875800183113,0.1918114381063277,"[""TestDurationFieldType"", ""CopticChronology"", ""DurationField"", ""DurationFieldType""]","[0.02298095863427446, 0.013479359730412805, 0.013134851138353765, 0.010378510378510378]","[0.8850952068286277, 1.2468407750631845, 0.9010507880910683, 0.7197802197802198]"
org.joda.time.TestDurationFieldType.test_halfdays,0.02298095863427446,0.014993419970387853,0.010378510378510378,0.05997367988155141,0.01378416464451057,0.0143350560691006,0.004765627476050976,1.2468407750631845,0.938191747440775,0.7197802197802198,3.7527669897631,0.9027353817375214,0.9197875800183113,0.1918114381063277,"[""TestDurationFieldType"", ""CopticChronology"", ""DurationField"", ""DurationFieldType""]","[0.02298095863427446, 0.013479359730412805, 0.013134851138353765, 0.010378510378510378]","[0.8850952068286277, 1.2468407750631845, 0.9010507880910683, 0.7197802197802198]"
org.joda.time.TestDurationFieldType.test_months,0.02298095863427446,0.014993419970387853,0.010378510378510378,0.05997367988155141,0.01378416464451057,0.0143350560691006,0.004765627476050976,1.2468407750631845,0.938191747440775,0.7197802197802198,3.7527669897631,0.9027353817375214,0.9197875800183113,0.1918114381063277,"[""TestDurationFieldType"", ""CopticChronology"", ""DurationField"", ""DurationFieldType""]","[0.02298095863427446, 0.013479359730412805, 0.013134851138353765, 0.010378510378510378]","[0.8850952068286277, 1.2468407750631845, 0.9010507880910683, 0.7197802197802198]"
org.joda.time.TestDurationFieldType.test_millis,0.02298095863427446,0.014993419970387853,0.010378510378510378,0.05997367988155141,0.01378416464451057,0.0143350560691006,0.004765627476050976,1.2468407750631845,0.938191747440775,0.7197802197802198,3.7527669897631,0.9027353817375214,0.9197875800183113,0.1918114381063277,"[""TestDurationFieldType"", ""CopticChronology"", ""DurationField"", ""DurationFieldType""]","[0.02298095863427446, 0.013479359730412805, 0.013134851138353765, 0.010378510378510378]","[0.8850952068286277, 1.2468407750631845, 0.9010507880910683, 0.7197802197802198]"
org.joda.time.TestDurationFieldType.test_weekyears,0.02298095863427446,0.014993419970387853,0.010378510378510378,0.05997367988155141,0.01378416464451057,0.0143350560691006,0.004765627476050976,1.2468407750631845,0.938191747440775,0.7197802197802198,3.7527669897631,0.9027353817375214,0.9197875800183113,0.1918114381063277,"[""TestDurationFieldType"", ""CopticChronology"", ""DurationField"", ""DurationFieldType""]","[0.02298095863427446, 0.013479359730412805, 0.013134851138353765, 0.010378510378510378]","[0.8850952068286277, 1.2468407750631845, 0.9010507880910683, 0.7197802197802198]"
org.joda.time.TestDurationFieldType.test_weeks,0.02298095863427446,0.014993419970387853,0.010378510378510378,0.05997367988155141,0.01378416464451057,0.0143350560691006,0.004765627476050976,1.2468407750631845,0.938191747440775,0.7197802197802198,3.7527669897631,0.9027353817375214,0.9197875800183113,0.1918114381063277,"[""TestDurationFieldType"", ""CopticChronology"", ""DurationField"", ""DurationFieldType""]","[0.02298095863427446, 0.013479359730412805, 0.013134851138353765, 0.010378510378510378]","[0.8850952068286277, 1.2468407750631845, 0.9010507880910683, 0.7197802197802198]"
org.joda.time.TestDurationFieldType.test_hours,0.02298095863427446,0.014993419970387853,0.010378510378510378,0.05997367988155141,0.01378416464451057,0.0143350560691006,0.004765627476050976,1.2468407750631845,0.938191747440775,0.7197802197802198,3.7527669897631,0.9027353817375214,0.9197875800183113,0.1918114381063277,"[""TestDurationFieldType"", ""CopticChronology"", ""DurationField"", ""DurationFieldType""]","[0.02298095863427446, 0.013479359730412805, 0.013134851138353765, 0.010378510378510378]","[0.8850952068286277, 1.2468407750631845, 0.9010507880910683, 0.7197802197802198]"
org.joda.time.TestDurationFieldType.test_days,0.02298095863427446,0.014993419970387853,0.010378510378510378,0.05997367988155141,0.01378416464451057,0.0143350560691006,0.004765627476050976,1.2468407750631845,0.938191747440775,0.7197802197802198,3.7527669897631,0.9027353817375214,0.9197875800183113,0.1918114381063277,"[""TestDurationFieldType"", ""CopticChronology"", ""DurationField"", ""DurationFieldType""]","[0.02298095863427446, 0.013479359730412805, 0.013134851138353765, 0.010378510378510378]","[0.8850952068286277, 1.2468407750631845, 0.9010507880910683, 0.7197802197802198]"
org.joda.time.TestMutablePeriod_Basics.testGetPeriodType,0.021756021756021756,0.019919936040738925,0.017041053446940357,0.059759808122216776,0.019691524703991742,0.019808029526293187,0.0020612780074979534,3.9332298136645965,3.0939035833539594,2.126258714175058,9.281710750061878,2.898835115841481,2.9980599012413616,0.7432520404314903,"[""MutablePeriod"", ""PeriodType"", ""TestMutablePeriod_Basics""]","[0.021756021756021756, 0.02096273291925466, 0.017041053446940357]","[3.2222222222222223, 3.9332298136645965, 2.126258714175058]"
org.joda.time.TestPeriod_Constructors.testParse_noFormatter,0.031857031857031856,0.02987119602146713,0.027885360185902403,0.05974239204293426,0.029739177739943386,0.02980511378584387,0.001985835835564727,5.54841208365608,5.339862607484606,5.1313131313131315,10.679725214969212,5.331717663090263,5.335788581156575,0.20854947617147435,"[""Period"", ""TestPeriod_Constructors""]","[0.031857031857031856, 0.027885360185902403]","[5.1313131313131315, 5.54841208365608]"
org.joda.time.TestPeriod_Constructors.testConstructor_RP_RP5,0.031857031857031856,0.02987119602146713,0.027885360185902403,0.05974239204293426,0.029739177739943386,0.02980511378584387,0.001985835835564727,5.54841208365608,5.339862607484606,5.1313131313131315,10.679725214969212,5.331717663090263,5.335788581156575,0.20854947617147435,"[""Period"", ""TestPeriod_Constructors""]","[0.031857031857031856, 0.027885360185902403]","[5.1313131313131315, 5.54841208365608]"
org.joda.time.TestDateMidnight_Basics.testPlusYears_int,0.03345454545454545,0.029827709408495433,0.026200873362445413,0.059655418816990866,0.029386712095400336,0.029606389662583308,0.0036268360460500193,4.0378181818181815,3.9060997750430064,3.7743813682678313,7.812199550086013,3.901658071122835,3.90387829137995,0.1317184067751751,"[""TestDateMidnight_Basics"", ""DateMidnight""]","[0.03345454545454545, 0.026200873362445413]","[4.0378181818181815, 3.7743813682678313]"
org.joda.time.TestDateMidnight_Basics.testToString_String_String,0.03345454545454545,0.029827709408495433,0.026200873362445413,0.059655418816990866,0.029386712095400336,0.029606389662583308,0.0036268360460500193,4.0378181818181815,3.9060997750430064,3.7743813682678313,7.812199550086013,3.901658071122835,3.90387829137995,0.1317184067751751,"[""TestDateMidnight_Basics"", ""DateMidnight""]","[0.03345454545454545, 0.026200873362445413]","[4.0378181818181815, 3.7743813682678313]"
org.joda.time.TestDateMidnight_Basics.testToString_String,0.03345454545454545,0.029827709408495433,0.026200873362445413,0.059655418816990866,0.029386712095400336,0.029606389662583308,0.0036268360460500193,4.0378181818181815,3.9060997750430064,3.7743813682678313,7.812199550086013,3.901658071122835,3.90387829137995,0.1317184067751751,"[""TestDateMidnight_Basics"", ""DateMidnight""]","[0.03345454545454545, 0.026200873362445413]","[4.0378181818181815, 3.7743813682678313]"
org.joda.time.TestDateMidnight_Basics.testWithers,0.03345454545454545,0.029827709408495433,0.026200873362445413,0.059655418816990866,0.029386712095400336,0.029606389662583308,0.0036268360460500193,4.0378181818181815,3.9060997750430064,3.7743813682678313,7.812199550086013,3.901658071122835,3.90387829137995,0.1317184067751751,"[""TestDateMidnight_Basics"", ""DateMidnight""]","[0.03345454545454545, 0.026200873362445413]","[4.0378181818181815, 3.7743813682678313]"
org.joda.time.TestDateMidnight_Basics.testWithMillis_long,0.03345454545454545,0.029827709408495433,0.026200873362445413,0.059655418816990866,0.029386712095400336,0.029606389662583308,0.0036268360460500193,4.0378181818181815,3.9060997750430064,3.7743813682678313,7.812199550086013,3.901658071122835,3.90387829137995,0.1317184067751751,"[""TestDateMidnight_Basics"", ""DateMidnight""]","[0.03345454545454545, 0.026200873362445413]","[4.0378181818181815, 3.7743813682678313]"
org.joda.time.TestDateMidnight_Basics.testWithField2,0.03345454545454545,0.029827709408495433,0.026200873362445413,0.059655418816990866,0.029386712095400336,0.029606389662583308,0.0036268360460500193,4.0378181818181815,3.9060997750430064,3.7743813682678313,7.812199550086013,3.901658071122835,3.90387829137995,0.1317184067751751,"[""TestDateMidnight_Basics"", ""DateMidnight""]","[0.03345454545454545, 0.026200873362445413]","[4.0378181818181815, 3.7743813682678313]"
org.joda.time.TestDateMidnight_Basics.testMinusYears_int,0.03345454545454545,0.029827709408495433,0.026200873362445413,0.059655418816990866,0.029386712095400336,0.029606389662583308,0.0036268360460500193,4.0378181818181815,3.9060997750430064,3.7743813682678313,7.812199550086013,3.901658071122835,3.90387829137995,0.1317184067751751,"[""TestDateMidnight_Basics"", ""DateMidnight""]","[0.03345454545454545, 0.026200873362445413]","[4.0378181818181815, 3.7743813682678313]"
org.joda.time.TestDateMidnight_Basics.testMinus_long,0.03345454545454545,0.029827709408495433,0.026200873362445413,0.059655418816990866,0.029386712095400336,0.029606389662583308,0.0036268360460500193,4.0378181818181815,3.9060997750430064,3.7743813682678313,7.812199550086013,3.901658071122835,3.90387829137995,0.1317184067751751,"[""TestDateMidnight_Basics"", ""DateMidnight""]","[0.03345454545454545, 0.026200873362445413]","[4.0378181818181815, 3.7743813682678313]"
org.joda.time.TestDateMidnight_Basics.testMinusMonths_int,0.03345454545454545,0.029827709408495433,0.026200873362445413,0.059655418816990866,0.029386712095400336,0.029606389662583308,0.0036268360460500193,4.0378181818181815,3.9060997750430064,3.7743813682678313,7.812199550086013,3.901658071122835,3.90387829137995,0.1317184067751751,"[""TestDateMidnight_Basics"", ""DateMidnight""]","[0.03345454545454545, 0.026200873362445413]","[4.0378181818181815, 3.7743813682678313]"
org.joda.time.TestDateMidnight_Basics.testMinusDays_int,0.03345454545454545,0.029827709408495433,0.026200873362445413,0.059655418816990866,0.029386712095400336,0.029606389662583308,0.0036268360460500193,4.0378181818181815,3.9060997750430064,3.7743813682678313,7.812199550086013,3.901658071122835,3.90387829137995,0.1317184067751751,"[""TestDateMidnight_Basics"", ""DateMidnight""]","[0.03345454545454545, 0.026200873362445413]","[4.0378181818181815, 3.7743813682678313]"
org.joda.time.TestDateMidnight_Basics.testPlusDays_int,0.03345454545454545,0.029827709408495433,0.026200873362445413,0.059655418816990866,0.029386712095400336,0.029606389662583308,0.0036268360460500193,4.0378181818181815,3.9060997750430064,3.7743813682678313,7.812199550086013,3.901658071122835,3.90387829137995,0.1317184067751751,"[""TestDateMidnight_Basics"", ""DateMidnight""]","[0.03345454545454545, 0.026200873362445413]","[4.0378181818181815, 3.7743813682678313]"
org.joda.time.TestDateMidnight_Basics.testWithChronology_Chronology,0.03345454545454545,0.029827709408495433,0.026200873362445413,0.059655418816990866,0.029386712095400336,0.029606389662583308,0.0036268360460500193,4.0378181818181815,3.9060997750430064,3.7743813682678313,7.812199550086013,3.901658071122835,3.90387829137995,0.1317184067751751,"[""TestDateMidnight_Basics"", ""DateMidnight""]","[0.03345454545454545, 0.026200873362445413]","[4.0378181818181815, 3.7743813682678313]"
org.joda.time.TestDateMidnight_Basics.testPlusMonths_int,0.03345454545454545,0.029827709408495433,0.026200873362445413,0.059655418816990866,0.029386712095400336,0.029606389662583308,0.0036268360460500193,4.0378181818181815,3.9060997750430064,3.7743813682678313,7.812199550086013,3.901658071122835,3.90387829137995,0.1317184067751751,"[""TestDateMidnight_Basics"", ""DateMidnight""]","[0.03345454545454545, 0.026200873362445413]","[4.0378181818181815, 3.7743813682678313]"
org.joda.time.TestDateMidnight_Basics.testWithFieldAdded2,0.03345454545454545,0.029827709408495433,0.026200873362445413,0.059655418816990866,0.029386712095400336,0.029606389662583308,0.0036268360460500193,4.0378181818181815,3.9060997750430064,3.7743813682678313,7.812199550086013,3.901658071122835,3.90387829137995,0.1317184067751751,"[""TestDateMidnight_Basics"", ""DateMidnight""]","[0.03345454545454545, 0.026200873362445413]","[4.0378181818181815, 3.7743813682678313]"
org.joda.time.TestDateMidnight_Basics.testGetters,0.03345454545454545,0.029827709408495433,0.026200873362445413,0.059655418816990866,0.029386712095400336,0.029606389662583308,0.0036268360460500193,4.0378181818181815,3.9060997750430064,3.7743813682678313,7.812199550086013,3.901658071122835,3.90387829137995,0.1317184067751751,"[""TestDateMidnight_Basics"", ""DateMidnight""]","[0.03345454545454545, 0.026200873362445413]","[4.0378181818181815, 3.7743813682678313]"
org.joda.time.TestDateMidnight_Basics.testPlus_long,0.03345454545454545,0.029827709408495433,0.026200873362445413,0.059655418816990866,0.029386712095400336,0.029606389662583308,0.0036268360460500193,4.0378181818181815,3.9060997750430064,3.7743813682678313,7.812199550086013,3.901658071122835,3.90387829137995,0.1317184067751751,"[""TestDateMidnight_Basics"", ""DateMidnight""]","[0.03345454545454545, 0.026200873362445413]","[4.0378181818181815, 3.7743813682678313]"
org.joda.time.TestDateMidnight_Basics.testMinusWeeks_int,0.03345454545454545,0.029827709408495433,0.026200873362445413,0.059655418816990866,0.029386712095400336,0.029606389662583308,0.0036268360460500193,4.0378181818181815,3.9060997750430064,3.7743813682678313,7.812199550086013,3.901658071122835,3.90387829137995,0.1317184067751751,"[""TestDateMidnight_Basics"", ""DateMidnight""]","[0.03345454545454545, 0.026200873362445413]","[4.0378181818181815, 3.7743813682678313]"
org.joda.time.TestDateMidnight_Basics.testWithFieldAdded3,0.03345454545454545,0.029827709408495433,0.026200873362445413,0.059655418816990866,0.029386712095400336,0.029606389662583308,0.0036268360460500193,4.0378181818181815,3.9060997750430064,3.7743813682678313,7.812199550086013,3.901658071122835,3.90387829137995,0.1317184067751751,"[""TestDateMidnight_Basics"", ""DateMidnight""]","[0.03345454545454545, 0.026200873362445413]","[4.0378181818181815, 3.7743813682678313]"
org.joda.time.TestDateMidnight_Basics.testPlusWeeks_int,0.03345454545454545,0.029827709408495433,0.026200873362445413,0.059655418816990866,0.029386712095400336,0.029606389662583308,0.0036268360460500193,4.0378181818181815,3.9060997750430064,3.7743813682678313,7.812199550086013,3.901658071122835,3.90387829137995,0.1317184067751751,"[""TestDateMidnight_Basics"", ""DateMidnight""]","[0.03345454545454545, 0.026200873362445413]","[4.0378181818181815, 3.7743813682678313]"
org.joda.time.TestDateMidnight_Basics.testWithDurationAdded_long_int,0.03345454545454545,0.029827709408495433,0.026200873362445413,0.059655418816990866,0.029386712095400336,0.029606389662583308,0.0036268360460500193,4.0378181818181815,3.9060997750430064,3.7743813682678313,7.812199550086013,3.901658071122835,3.90387829137995,0.1317184067751751,"[""TestDateMidnight_Basics"", ""DateMidnight""]","[0.03345454545454545, 0.026200873362445413]","[4.0378181818181815, 3.7743813682678313]"
org.joda.time.TestDateMidnight_Basics.testToString,0.03345454545454545,0.029827709408495433,0.026200873362445413,0.059655418816990866,0.029386712095400336,0.029606389662583308,0.0036268360460500193,4.0378181818181815,3.9060997750430064,3.7743813682678313,7.812199550086013,3.901658071122835,3.90387829137995,0.1317184067751751,"[""TestDateMidnight_Basics"", ""DateMidnight""]","[0.03345454545454545, 0.026200873362445413]","[4.0378181818181815, 3.7743813682678313]"
org.joda.time.chrono.TestIslamicChronology.testEpoch,0.041970802919708027,0.029710233674619113,0.0174496644295302,0.059420467349238226,0.02465064512139824,0.02706245419001853,0.012260569245088913,5.9939172749391725,4.962730449550123,3.931543624161074,9.925460899100246,4.748464073476376,4.854415232140327,1.0311868253890493,"[""TestIslamicChronology"", ""DateTime""]","[0.041970802919708027, 0.0174496644295302]","[5.9939172749391725, 3.931543624161074]"
org.joda.time.chrono.TestIslamicChronology.testFieldConstructor,0.041970802919708027,0.029710233674619113,0.0174496644295302,0.059420467349238226,0.02465064512139824,0.02706245419001853,0.012260569245088913,5.9939172749391725,4.962730449550123,3.931543624161074,9.925460899100246,4.748464073476376,4.854415232140327,1.0311868253890493,"[""TestIslamicChronology"", ""DateTime""]","[0.041970802919708027, 0.0174496644295302]","[5.9939172749391725, 3.931543624161074]"
org.joda.time.chrono.TestIslamicChronology.testEra,0.041970802919708027,0.029710233674619113,0.0174496644295302,0.059420467349238226,0.02465064512139824,0.02706245419001853,0.012260569245088913,5.9939172749391725,4.962730449550123,3.931543624161074,9.925460899100246,4.748464073476376,4.854415232140327,1.0311868253890493,"[""TestIslamicChronology"", ""DateTime""]","[0.041970802919708027, 0.0174496644295302]","[5.9939172749391725, 3.931543624161074]"
org.joda.time.chrono.TestIslamicChronology.testSampleDateWithZone,0.041970802919708027,0.029710233674619113,0.0174496644295302,0.059420467349238226,0.02465064512139824,0.02706245419001853,0.012260569245088913,5.9939172749391725,4.962730449550123,3.931543624161074,9.925460899100246,4.748464073476376,4.854415232140327,1.0311868253890493,"[""TestIslamicChronology"", ""DateTime""]","[0.041970802919708027, 0.0174496644295302]","[5.9939172749391725, 3.931543624161074]"
org.joda.time.convert.TestReadableIntervalConverter.testIsReadableInterval_Object_Chronology,0.02372034956304619,0.019782851211205096,0.013741411617738912,0.05934855363361529,0.018677591974274783,0.019250625755616823,0.004337028721004859,1.618601747815231,0.9258828566554936,0.37414116177389134,2.777648569966481,0.6572254562481998,0.7804246629660665,0.5177363968632567,"[""ReadableIntervalConverter"", ""TestReadableIntervalConverter"", ""Interval""]","[0.02372034956304619, 0.02188679245283019, 0.013741411617738912]","[1.618601747815231, 0.7849056603773585, 0.37414116177389134]"
org.joda.time.convert.TestReadableIntervalConverter.testGetDurationMillis_Object,0.02372034956304619,0.019782851211205096,0.013741411617738912,0.05934855363361529,0.018677591974274783,0.019250625755616823,0.004337028721004859,1.618601747815231,0.9258828566554936,0.37414116177389134,2.777648569966481,0.6572254562481998,0.7804246629660665,0.5177363968632567,"[""ReadableIntervalConverter"", ""TestReadableIntervalConverter"", ""Interval""]","[0.02372034956304619, 0.02188679245283019, 0.013741411617738912]","[1.618601747815231, 0.7849056603773585, 0.37414116177389134]"
org.joda.time.TestInstant_Basics.testWithDurationAdded_RD_int,0.020757020757020756,0.019611016967186864,0.018611309949892626,0.05883305090156059,0.019571739058239206,0.019591305437694925,0.000882069829510209,2.0572655690765926,1.5599861223172908,1.0048661800486618,4.6799583669518725,1.4290118989969844,1.4954670710230378,0.43158256119941013,"[""TestInstant_Basics"", ""Duration"", ""Instant""]","[0.020757020757020756, 0.019464720194647202, 0.018611309949892626]","[1.6178266178266179, 1.0048661800486618, 2.0572655690765926]"
org.joda.time.TestInstant_Basics.testMinus_RD,0.020757020757020756,0.019611016967186864,0.018611309949892626,0.05883305090156059,0.019571739058239206,0.019591305437694925,0.000882069829510209,2.0572655690765926,1.5599861223172908,1.0048661800486618,4.6799583669518725,1.4290118989969844,1.4954670710230378,0.43158256119941013,"[""TestInstant_Basics"", ""Duration"", ""Instant""]","[0.020757020757020756, 0.019464720194647202, 0.018611309949892626]","[1.6178266178266179, 1.0048661800486618, 2.0572655690765926]"
org.joda.time.TestInstant_Basics.testPlus_RD,0.020757020757020756,0.019611016967186864,0.018611309949892626,0.05883305090156059,0.019571739058239206,0.019591305437694925,0.000882069829510209,2.0572655690765926,1.5599861223172908,1.0048661800486618,4.6799583669518725,1.4290118989969844,1.4954670710230378,0.43158256119941013,"[""TestInstant_Basics"", ""Duration"", ""Instant""]","[0.020757020757020756, 0.019464720194647202, 0.018611309949892626]","[1.6178266178266179, 1.0048661800486618, 2.0572655690765926]"
org.joda.time.TestStringConvert.testYearMonth,0.03618421052631579,0.029391540291406483,0.022598870056497175,0.058783080582812966,0.027821688270629148,0.028595843610237266,0.006792670234909308,6.592105263157895,3.9005724055902466,1.2090395480225988,7.801144811180493,2.043319579573284,2.823139381590256,2.691532857567648,"[""StringConvert"", ""YearMonth"", ""TestStringConvert""]","[0.03618421052631579, 0.022598870056497175]","[6.592105263157895, 1.2090395480225988]"
org.joda.time.TestDateMidnight_Properties.testPropertyEqualsHashCodeLenient,0.03345454545454545,0.019549013344931712,0.009157509157509158,0.058647040034795136,0.014891667533221763,0.01699940372371538,0.010225712277826234,4.0378181818181815,2.1712697702901784,0.5561660561660562,6.513809310870535,1.168878178803705,1.627562341848317,1.4324556323330198,"[""LenientChronology"", ""TestDateMidnight_Properties"", ""DateMidnight"", ""DateMidnight$Property""]","[0.03345454545454545, 0.016034985422740525, 0.009157509157509158]","[4.0378181818181815, 1.9198250728862973, 0.5561660561660562]"
org.joda.time.TestPartial_Basics.testGetValues,0.024943310657596373,0.01950266205892635,0.015873015873015872,0.05850798617677905,0.018795259146754905,0.01913348325664859,0.003918108316867782,4.26530612244898,3.3874946590074764,2.2350463352990735,10.16248397702243,3.141582339778765,3.2683123731992785,0.8512961703944721,"[""Partial"", ""DateTimeFieldType"", ""TestPartial_Basics""]","[0.024943310657596373, 0.017691659646166806, 0.015873015873015872]","[3.6621315192743764, 2.2350463352990735, 4.26530612244898]"
org.joda.time.TestPartial_Basics.testWith3b,0.024943310657596373,0.01950266205892635,0.015873015873015872,0.05850798617677905,0.018795259146754905,0.01913348325664859,0.003918108316867782,4.26530612244898,3.3874946590074764,2.2350463352990735,10.16248397702243,3.141582339778765,3.2683123731992785,0.8512961703944721,"[""Partial"", ""DateTimeFieldType"", ""TestPartial_Basics""]","[0.024943310657596373, 0.017691659646166806, 0.015873015873015872]","[3.6621315192743764, 2.2350463352990735, 4.26530612244898]"
org.joda.time.TestPartial_Basics.testGetFieldTypes,0.024943310657596373,0.01950266205892635,0.015873015873015872,0.05850798617677905,0.018795259146754905,0.01913348325664859,0.003918108316867782,4.26530612244898,3.3874946590074764,2.2350463352990735,10.16248397702243,3.141582339778765,3.2683123731992785,0.8512961703944721,"[""Partial"", ""DateTimeFieldType"", ""TestPartial_Basics""]","[0.024943310657596373, 0.017691659646166806, 0.015873015873015872]","[3.6621315192743764, 2.2350463352990735, 4.26530612244898]"
org.joda.time.TestPartial_Basics.testProperty,0.024943310657596373,0.01950266205892635,0.015873015873015872,0.05850798617677905,0.018795259146754905,0.01913348325664859,0.003918108316867782,4.26530612244898,3.3874946590074764,2.2350463352990735,10.16248397702243,3.141582339778765,3.2683123731992785,0.8512961703944721,"[""Partial"", ""DateTimeFieldType"", ""TestPartial_Basics""]","[0.024943310657596373, 0.017691659646166806, 0.015873015873015872]","[3.6621315192743764, 2.2350463352990735, 4.26530612244898]"
org.joda.time.TestPartial_Basics.testWithFieldAddWrapped2,0.024943310657596373,0.01950266205892635,0.015873015873015872,0.05850798617677905,0.018795259146754905,0.01913348325664859,0.003918108316867782,4.26530612244898,3.3874946590074764,2.2350463352990735,10.16248397702243,3.141582339778765,3.2683123731992785,0.8512961703944721,"[""Partial"", ""DateTimeFieldType"", ""TestPartial_Basics""]","[0.024943310657596373, 0.017691659646166806, 0.015873015873015872]","[3.6621315192743764, 2.2350463352990735, 4.26530612244898]"
org.joda.time.TestPartial_Basics.testIsBefore_TOD,0.024943310657596373,0.01950266205892635,0.015873015873015872,0.05850798617677905,0.018795259146754905,0.01913348325664859,0.003918108316867782,4.26530612244898,3.3874946590074764,2.2350463352990735,10.16248397702243,3.141582339778765,3.2683123731992785,0.8512961703944721,"[""Partial"", ""DateTimeFieldType"", ""TestPartial_Basics""]","[0.024943310657596373, 0.017691659646166806, 0.015873015873015872]","[3.6621315192743764, 2.2350463352990735, 4.26530612244898]"
org.joda.time.TestPartial_Basics.testWith2,0.024943310657596373,0.01950266205892635,0.015873015873015872,0.05850798617677905,0.018795259146754905,0.01913348325664859,0.003918108316867782,4.26530612244898,3.3874946590074764,2.2350463352990735,10.16248397702243,3.141582339778765,3.2683123731992785,0.8512961703944721,"[""Partial"", ""DateTimeFieldType"", ""TestPartial_Basics""]","[0.024943310657596373, 0.017691659646166806, 0.015873015873015872]","[3.6621315192743764, 2.2350463352990735, 4.26530612244898]"
org.joda.time.TestPartial_Basics.testWithFieldAddWrapped3,0.024943310657596373,0.01950266205892635,0.015873015873015872,0.05850798617677905,0.018795259146754905,0.01913348325664859,0.003918108316867782,4.26530612244898,3.3874946590074764,2.2350463352990735,10.16248397702243,3.141582339778765,3.2683123731992785,0.8512961703944721,"[""Partial"", ""DateTimeFieldType"", ""TestPartial_Basics""]","[0.024943310657596373, 0.017691659646166806, 0.015873015873015872]","[3.6621315192743764, 2.2350463352990735, 4.26530612244898]"
org.joda.time.TestPartial_Basics.testWithout4,0.024943310657596373,0.01950266205892635,0.015873015873015872,0.05850798617677905,0.018795259146754905,0.01913348325664859,0.003918108316867782,4.26530612244898,3.3874946590074764,2.2350463352990735,10.16248397702243,3.141582339778765,3.2683123731992785,0.8512961703944721,"[""Partial"", ""DateTimeFieldType"", ""TestPartial_Basics""]","[0.024943310657596373, 0.017691659646166806, 0.015873015873015872]","[3.6621315192743764, 2.2350463352990735, 4.26530612244898]"
org.joda.time.TestPartial_Basics.testWithChronologyRetainFields_nullChrono,0.024943310657596373,0.01950266205892635,0.015873015873015872,0.05850798617677905,0.018795259146754905,0.01913348325664859,0.003918108316867782,4.26530612244898,3.3874946590074764,2.2350463352990735,10.16248397702243,3.141582339778765,3.2683123731992785,0.8512961703944721,"[""Partial"", ""DateTimeFieldType"", ""TestPartial_Basics""]","[0.024943310657596373, 0.017691659646166806, 0.015873015873015872]","[3.6621315192743764, 2.2350463352990735, 4.26530612244898]"
org.joda.time.TestPartial_Basics.testWithout2,0.024943310657596373,0.01950266205892635,0.015873015873015872,0.05850798617677905,0.018795259146754905,0.01913348325664859,0.003918108316867782,4.26530612244898,3.3874946590074764,2.2350463352990735,10.16248397702243,3.141582339778765,3.2683123731992785,0.8512961703944721,"[""Partial"", ""DateTimeFieldType"", ""TestPartial_Basics""]","[0.024943310657596373, 0.017691659646166806, 0.015873015873015872]","[3.6621315192743764, 2.2350463352990735, 4.26530612244898]"
org.joda.time.TestPartial_Basics.testWith3a,0.024943310657596373,0.01950266205892635,0.015873015873015872,0.05850798617677905,0.018795259146754905,0.01913348325664859,0.003918108316867782,4.26530612244898,3.3874946590074764,2.2350463352990735,10.16248397702243,3.141582339778765,3.2683123731992785,0.8512961703944721,"[""Partial"", ""DateTimeFieldType"", ""TestPartial_Basics""]","[0.024943310657596373, 0.017691659646166806, 0.015873015873015872]","[3.6621315192743764, 2.2350463352990735, 4.26530612244898]"
org.joda.time.TestPartial_Basics.testWithout3,0.024943310657596373,0.01950266205892635,0.015873015873015872,0.05850798617677905,0.018795259146754905,0.01913348325664859,0.003918108316867782,4.26530612244898,3.3874946590074764,2.2350463352990735,10.16248397702243,3.141582339778765,3.2683123731992785,0.8512961703944721,"[""Partial"", ""DateTimeFieldType"", ""TestPartial_Basics""]","[0.024943310657596373, 0.017691659646166806, 0.015873015873015872]","[3.6621315192743764, 2.2350463352990735, 4.26530612244898]"
org.joda.time.TestPartial_Basics.testGetFieldType,0.024943310657596373,0.01950266205892635,0.015873015873015872,0.05850798617677905,0.018795259146754905,0.01913348325664859,0.003918108316867782,4.26530612244898,3.3874946590074764,2.2350463352990735,10.16248397702243,3.141582339778765,3.2683123731992785,0.8512961703944721,"[""Partial"", ""DateTimeFieldType"", ""TestPartial_Basics""]","[0.024943310657596373, 0.017691659646166806, 0.015873015873015872]","[3.6621315192743764, 2.2350463352990735, 4.26530612244898]"
org.joda.time.TestPartial_Basics.testWithFieldAdded3,0.024943310657596373,0.01950266205892635,0.015873015873015872,0.05850798617677905,0.018795259146754905,0.01913348325664859,0.003918108316867782,4.26530612244898,3.3874946590074764,2.2350463352990735,10.16248397702243,3.141582339778765,3.2683123731992785,0.8512961703944721,"[""Partial"", ""DateTimeFieldType"", ""TestPartial_Basics""]","[0.024943310657596373, 0.017691659646166806, 0.015873015873015872]","[3.6621315192743764, 2.2350463352990735, 4.26530612244898]"
org.joda.time.TestPartial_Basics.testWith3e,0.024943310657596373,0.01950266205892635,0.015873015873015872,0.05850798617677905,0.018795259146754905,0.01913348325664859,0.003918108316867782,4.26530612244898,3.3874946590074764,2.2350463352990735,10.16248397702243,3.141582339778765,3.2683123731992785,0.8512961703944721,"[""DateTimeFieldType"", ""TestPartial_Basics"", ""Partial""]","[0.024943310657596373, 0.017691659646166806, 0.015873015873015872]","[3.6621315192743764, 2.2350463352990735, 4.26530612244898]"
org.joda.time.TestPartial_Basics.testWith3d,0.024943310657596373,0.01950266205892635,0.015873015873015872,0.05850798617677905,0.018795259146754905,0.01913348325664859,0.003918108316867782,4.26530612244898,3.3874946590074764,2.2350463352990735,10.16248397702243,3.141582339778765,3.2683123731992785,0.8512961703944721,"[""DateTimeFieldType"", ""TestPartial_Basics"", ""Partial""]","[0.024943310657596373, 0.017691659646166806, 0.015873015873015872]","[3.6621315192743764, 2.2350463352990735, 4.26530612244898]"
org.joda.time.TestPartial_Basics.testIsEqual_TOD,0.024943310657596373,0.01950266205892635,0.015873015873015872,0.05850798617677905,0.018795259146754905,0.01913348325664859,0.003918108316867782,4.26530612244898,3.3874946590074764,2.2350463352990735,10.16248397702243,3.141582339778765,3.2683123731992785,0.8512961703944721,"[""Partial"", ""DateTimeFieldType"", ""TestPartial_Basics""]","[0.024943310657596373, 0.017691659646166806, 0.015873015873015872]","[3.6621315192743764, 2.2350463352990735, 4.26530612244898]"
org.joda.time.TestPartial_Basics.testToString5,0.024943310657596373,0.01950266205892635,0.015873015873015872,0.05850798617677905,0.018795259146754905,0.01913348325664859,0.003918108316867782,4.26530612244898,3.3874946590074764,2.2350463352990735,10.16248397702243,3.141582339778765,3.2683123731992785,0.8512961703944721,"[""DateTimeFieldType"", ""TestPartial_Basics"", ""Partial""]","[0.024943310657596373, 0.017691659646166806, 0.015873015873015872]","[3.6621315192743764, 2.2350463352990735, 4.26530612244898]"
org.joda.time.TestPartial_Basics.testWithChronologyRetainFields_sameChrono,0.024943310657596373,0.01950266205892635,0.015873015873015872,0.05850798617677905,0.018795259146754905,0.01913348325664859,0.003918108316867782,4.26530612244898,3.3874946590074764,2.2350463352990735,10.16248397702243,3.141582339778765,3.2683123731992785,0.8512961703944721,"[""Partial"", ""DateTimeFieldType"", ""TestPartial_Basics""]","[0.024943310657596373, 0.017691659646166806, 0.015873015873015872]","[3.6621315192743764, 2.2350463352990735, 4.26530612244898]"
org.joda.time.TestPartial_Basics.testWithout5,0.024943310657596373,0.01950266205892635,0.015873015873015872,0.05850798617677905,0.018795259146754905,0.01913348325664859,0.003918108316867782,4.26530612244898,3.3874946590074764,2.2350463352990735,10.16248397702243,3.141582339778765,3.2683123731992785,0.8512961703944721,"[""DateTimeFieldType"", ""TestPartial_Basics"", ""Partial""]","[0.024943310657596373, 0.017691659646166806, 0.015873015873015872]","[3.6621315192743764, 2.2350463352990735, 4.26530612244898]"
org.joda.time.TestPartial_Basics.testWith3c,0.024943310657596373,0.01950266205892635,0.015873015873015872,0.05850798617677905,0.018795259146754905,0.01913348325664859,0.003918108316867782,4.26530612244898,3.3874946590074764,2.2350463352990735,10.16248397702243,3.141582339778765,3.2683123731992785,0.8512961703944721,"[""Partial"", ""DateTimeFieldType"", ""TestPartial_Basics""]","[0.024943310657596373, 0.017691659646166806, 0.015873015873015872]","[3.6621315192743764, 2.2350463352990735, 4.26530612244898]"
org.joda.time.TestPartial_Basics.testToString3,0.024943310657596373,0.01950266205892635,0.015873015873015872,0.05850798617677905,0.018795259146754905,0.01913348325664859,0.003918108316867782,4.26530612244898,3.3874946590074764,2.2350463352990735,10.16248397702243,3.141582339778765,3.2683123731992785,0.8512961703944721,"[""DateTimeFieldType"", ""TestPartial_Basics"", ""Partial""]","[0.024943310657596373, 0.017691659646166806, 0.015873015873015872]","[3.6621315192743764, 2.2350463352990735, 4.26530612244898]"
org.joda.time.TestPartial_Basics.testWith1,0.024943310657596373,0.01950266205892635,0.015873015873015872,0.05850798617677905,0.018795259146754905,0.01913348325664859,0.003918108316867782,4.26530612244898,3.3874946590074764,2.2350463352990735,10.16248397702243,3.141582339778765,3.2683123731992785,0.8512961703944721,"[""Partial"", ""DateTimeFieldType"", ""TestPartial_Basics""]","[0.024943310657596373, 0.017691659646166806, 0.015873015873015872]","[3.6621315192743764, 2.2350463352990735, 4.26530612244898]"
org.joda.time.TestPartial_Basics.testGetValue,0.024943310657596373,0.01950266205892635,0.015873015873015872,0.05850798617677905,0.018795259146754905,0.01913348325664859,0.003918108316867782,4.26530612244898,3.3874946590074764,2.2350463352990735,10.16248397702243,3.141582339778765,3.2683123731992785,0.8512961703944721,"[""Partial"", ""DateTimeFieldType"", ""TestPartial_Basics""]","[0.024943310657596373, 0.017691659646166806, 0.015873015873015872]","[3.6621315192743764, 2.2350463352990735, 4.26530612244898]"
org.joda.time.TestPartial_Basics.testGet,0.024943310657596373,0.01950266205892635,0.015873015873015872,0.05850798617677905,0.018795259146754905,0.01913348325664859,0.003918108316867782,4.26530612244898,3.3874946590074764,2.2350463352990735,10.16248397702243,3.141582339778765,3.2683123731992785,0.8512961703944721,"[""Partial"", ""DateTimeFieldType"", ""TestPartial_Basics""]","[0.024943310657596373, 0.017691659646166806, 0.015873015873015872]","[3.6621315192743764, 2.2350463352990735, 4.26530612244898]"
org.joda.time.TestPartial_Basics.testWith3f,0.024943310657596373,0.01950266205892635,0.015873015873015872,0.05850798617677905,0.018795259146754905,0.01913348325664859,0.003918108316867782,4.26530612244898,3.3874946590074764,2.2350463352990735,10.16248397702243,3.141582339778765,3.2683123731992785,0.8512961703944721,"[""DateTimeFieldType"", ""TestPartial_Basics"", ""Partial""]","[0.024943310657596373, 0.017691659646166806, 0.015873015873015872]","[3.6621315192743764, 2.2350463352990735, 4.26530612244898]"
org.joda.time.TestPartial_Basics.testWithField3,0.024943310657596373,0.01950266205892635,0.015873015873015872,0.05850798617677905,0.018795259146754905,0.01913348325664859,0.003918108316867782,4.26530612244898,3.3874946590074764,2.2350463352990735,10.16248397702243,3.141582339778765,3.2683123731992785,0.8512961703944721,"[""Partial"", ""DateTimeFieldType"", ""TestPartial_Basics""]","[0.024943310657596373, 0.017691659646166806, 0.015873015873015872]","[3.6621315192743764, 2.2350463352990735, 4.26530612244898]"
org.joda.time.TestPartial_Basics.testWith4,0.024943310657596373,0.01950266205892635,0.015873015873015872,0.05850798617677905,0.018795259146754905,0.01913348325664859,0.003918108316867782,4.26530612244898,3.3874946590074764,2.2350463352990735,10.16248397702243,3.141582339778765,3.2683123731992785,0.8512961703944721,"[""Partial"", ""DateTimeFieldType"", ""TestPartial_Basics""]","[0.024943310657596373, 0.017691659646166806, 0.015873015873015872]","[3.6621315192743764, 2.2350463352990735, 4.26530612244898]"
org.joda.time.TestPartial_Basics.testIsAfter_TOD,0.024943310657596373,0.01950266205892635,0.015873015873015872,0.05850798617677905,0.018795259146754905,0.01913348325664859,0.003918108316867782,4.26530612244898,3.3874946590074764,2.2350463352990735,10.16248397702243,3.141582339778765,3.2683123731992785,0.8512961703944721,"[""Partial"", ""DateTimeFieldType"", ""TestPartial_Basics""]","[0.024943310657596373, 0.017691659646166806, 0.015873015873015872]","[3.6621315192743764, 2.2350463352990735, 4.26530612244898]"
org.joda.time.TestPartial_Basics.testToString4,0.024943310657596373,0.01950266205892635,0.015873015873015872,0.05850798617677905,0.018795259146754905,0.01913348325664859,0.003918108316867782,4.26530612244898,3.3874946590074764,2.2350463352990735,10.16248397702243,3.141582339778765,3.2683123731992785,0.8512961703944721,"[""DateTimeFieldType"", ""TestPartial_Basics"", ""Partial""]","[0.024943310657596373, 0.017691659646166806, 0.015873015873015872]","[3.6621315192743764, 2.2350463352990735, 4.26530612244898]"
org.joda.time.TestPartial_Basics.testWithout1,0.024943310657596373,0.01950266205892635,0.015873015873015872,0.05850798617677905,0.018795259146754905,0.01913348325664859,0.003918108316867782,4.26530612244898,3.3874946590074764,2.2350463352990735,10.16248397702243,3.141582339778765,3.2683123731992785,0.8512961703944721,"[""Partial"", ""DateTimeFieldType"", ""TestPartial_Basics""]","[0.024943310657596373, 0.017691659646166806, 0.015873015873015872]","[3.6621315192743764, 2.2350463352990735, 4.26530612244898]"
org.joda.time.TestPartial_Basics.testToString_String,0.024943310657596373,0.01950266205892635,0.015873015873015872,0.05850798617677905,0.018795259146754905,0.01913348325664859,0.003918108316867782,4.26530612244898,3.3874946590074764,2.2350463352990735,10.16248397702243,3.141582339778765,3.2683123731992785,0.8512961703944721,"[""Partial"", ""DateTimeFieldType"", ""TestPartial_Basics""]","[0.024943310657596373, 0.017691659646166806, 0.015873015873015872]","[3.6621315192743764, 2.2350463352990735, 4.26530612244898]"
org.joda.time.TestPartial_Basics.testWithFieldAdded2,0.024943310657596373,0.01950266205892635,0.015873015873015872,0.05850798617677905,0.018795259146754905,0.01913348325664859,0.003918108316867782,4.26530612244898,3.3874946590074764,2.2350463352990735,10.16248397702243,3.141582339778765,3.2683123731992785,0.8512961703944721,"[""Partial"", ""DateTimeFieldType"", ""TestPartial_Basics""]","[0.024943310657596373, 0.017691659646166806, 0.015873015873015872]","[3.6621315192743764, 2.2350463352990735, 4.26530612244898]"
org.joda.time.TestPartial_Basics.testToString1,0.024943310657596373,0.01950266205892635,0.015873015873015872,0.05850798617677905,0.018795259146754905,0.01913348325664859,0.003918108316867782,4.26530612244898,3.3874946590074764,2.2350463352990735,10.16248397702243,3.141582339778765,3.2683123731992785,0.8512961703944721,"[""Partial"", ""DateTimeFieldType"", ""TestPartial_Basics""]","[0.024943310657596373, 0.017691659646166806, 0.015873015873015872]","[3.6621315192743764, 2.2350463352990735, 4.26530612244898]"
org.joda.time.TestPartial_Basics.testIsSupported,0.024943310657596373,0.01950266205892635,0.015873015873015872,0.05850798617677905,0.018795259146754905,0.01913348325664859,0.003918108316867782,4.26530612244898,3.3874946590074764,2.2350463352990735,10.16248397702243,3.141582339778765,3.2683123731992785,0.8512961703944721,"[""Partial"", ""DateTimeFieldType"", ""TestPartial_Basics""]","[0.024943310657596373, 0.017691659646166806, 0.015873015873015872]","[3.6621315192743764, 2.2350463352990735, 4.26530612244898]"
org.joda.time.TestPartial_Basics.testSize,0.024943310657596373,0.01950266205892635,0.015873015873015872,0.05850798617677905,0.018795259146754905,0.01913348325664859,0.003918108316867782,4.26530612244898,3.3874946590074764,2.2350463352990735,10.16248397702243,3.141582339778765,3.2683123731992785,0.8512961703944721,"[""Partial"", ""DateTimeFieldType"", ""TestPartial_Basics""]","[0.024943310657596373, 0.017691659646166806, 0.015873015873015872]","[3.6621315192743764, 2.2350463352990735, 4.26530612244898]"
org.joda.time.TestPartial_Basics.testGetFormatter2,0.024943310657596373,0.01950266205892635,0.015873015873015872,0.05850798617677905,0.018795259146754905,0.01913348325664859,0.003918108316867782,4.26530612244898,3.3874946590074764,2.2350463352990735,10.16248397702243,3.141582339778765,3.2683123731992785,0.8512961703944721,"[""DateTimeFieldType"", ""TestPartial_Basics"", ""Partial""]","[0.024943310657596373, 0.017691659646166806, 0.015873015873015872]","[3.6621315192743764, 2.2350463352990735, 4.26530612244898]"
org.joda.time.TestPartial_Basics.testWithField2,0.024943310657596373,0.01950266205892635,0.015873015873015872,0.05850798617677905,0.018795259146754905,0.01913348325664859,0.003918108316867782,4.26530612244898,3.3874946590074764,2.2350463352990735,10.16248397702243,3.141582339778765,3.2683123731992785,0.8512961703944721,"[""Partial"", ""DateTimeFieldType"", ""TestPartial_Basics""]","[0.024943310657596373, 0.017691659646166806, 0.015873015873015872]","[3.6621315192743764, 2.2350463352990735, 4.26530612244898]"
org.joda.time.TestPartial_Basics.testToString_String_Locale,0.024943310657596373,0.01950266205892635,0.015873015873015872,0.05850798617677905,0.018795259146754905,0.01913348325664859,0.003918108316867782,4.26530612244898,3.3874946590074764,2.2350463352990735,10.16248397702243,3.141582339778765,3.2683123731992785,0.8512961703944721,"[""Partial"", ""DateTimeFieldType"", ""TestPartial_Basics""]","[0.024943310657596373, 0.017691659646166806, 0.015873015873015872]","[3.6621315192743764, 2.2350463352990735, 4.26530612244898]"
org.joda.time.TestPartial_Basics.testWithChronologyRetainFields_Chrono,0.024943310657596373,0.01950266205892635,0.015873015873015872,0.05850798617677905,0.018795259146754905,0.01913348325664859,0.003918108316867782,4.26530612244898,3.3874946590074764,2.2350463352990735,10.16248397702243,3.141582339778765,3.2683123731992785,0.8512961703944721,"[""Partial"", ""DateTimeFieldType"", ""TestPartial_Basics""]","[0.024943310657596373, 0.017691659646166806, 0.015873015873015872]","[3.6621315192743764, 2.2350463352990735, 4.26530612244898]"
org.joda.time.TestPartial_Basics.testWithField4,0.024943310657596373,0.01950266205892635,0.015873015873015872,0.05850798617677905,0.018795259146754905,0.01913348325664859,0.003918108316867782,4.26530612244898,3.3874946590074764,2.2350463352990735,10.16248397702243,3.141582339778765,3.2683123731992785,0.8512961703944721,"[""Partial"", ""DateTimeFieldType"", ""TestPartial_Basics""]","[0.024943310657596373, 0.017691659646166806, 0.015873015873015872]","[3.6621315192743764, 2.2350463352990735, 4.26530612244898]"
org.joda.time.TestPartial_Basics.testWithField1,0.024943310657596373,0.01950266205892635,0.015873015873015872,0.05850798617677905,0.018795259146754905,0.01913348325664859,0.003918108316867782,4.26530612244898,3.3874946590074764,2.2350463352990735,10.16248397702243,3.141582339778765,3.2683123731992785,0.8512961703944721,"[""Partial"", ""DateTimeFieldType"", ""TestPartial_Basics""]","[0.024943310657596373, 0.017691659646166806, 0.015873015873015872]","[3.6621315192743764, 2.2350463352990735, 4.26530612244898]"
org.joda.time.TestPeriod_Basics.testNormalizedStandard_yearMonth1,0.031857031857031856,0.02909660268296984,0.026336173508907823,0.05819320536593968,0.028834717496302578,0.028965364117607688,0.0027604291740620165,6.344694035631294,5.738003583472213,5.1313131313131315,11.476007166944425,5.673857003675506,5.705840150161847,0.6066904521590812,"[""TestPeriod_Basics"", ""Period""]","[0.031857031857031856, 0.026336173508907823]","[5.1313131313131315, 6.344694035631294]"
org.joda.time.TestPeriod_Basics.testNormalizedStandard_periodType_weekDay2,0.031857031857031856,0.02909660268296984,0.026336173508907823,0.05819320536593968,0.028834717496302578,0.028965364117607688,0.0027604291740620165,6.344694035631294,5.738003583472213,5.1313131313131315,11.476007166944425,5.673857003675506,5.705840150161847,0.6066904521590812,"[""TestPeriod_Basics"", ""Period""]","[0.031857031857031856, 0.026336173508907823]","[5.1313131313131315, 6.344694035631294]"
org.joda.time.TestPeriod_Basics.testToMutablePeriod,0.031857031857031856,0.02909660268296984,0.026336173508907823,0.05819320536593968,0.028834717496302578,0.028965364117607688,0.0027604291740620165,6.344694035631294,5.738003583472213,5.1313131313131315,11.476007166944425,5.673857003675506,5.705840150161847,0.6066904521590812,"[""TestPeriod_Basics"", ""Period""]","[0.031857031857031856, 0.026336173508907823]","[5.1313131313131315, 6.344694035631294]"
org.joda.time.TestPeriod_Basics.testWithField2,0.031857031857031856,0.02909660268296984,0.026336173508907823,0.05819320536593968,0.028834717496302578,0.028965364117607688,0.0027604291740620165,6.344694035631294,5.738003583472213,5.1313131313131315,11.476007166944425,5.673857003675506,5.705840150161847,0.6066904521590812,"[""TestPeriod_Basics"", ""Period""]","[0.031857031857031856, 0.026336173508907823]","[5.1313131313131315, 6.344694035631294]"
org.joda.time.TestPeriod_Basics.testNormalizedStandard_negative,0.031857031857031856,0.02909660268296984,0.026336173508907823,0.05819320536593968,0.028834717496302578,0.028965364117607688,0.0027604291740620165,6.344694035631294,5.738003583472213,5.1313131313131315,11.476007166944425,5.673857003675506,5.705840150161847,0.6066904521590812,"[""TestPeriod_Basics"", ""Period""]","[0.031857031857031856, 0.026336173508907823]","[5.1313131313131315, 6.344694035631294]"
org.joda.time.TestPeriod_Basics.testNormalizedStandard_yearMonthWeekDay,0.031857031857031856,0.02909660268296984,0.026336173508907823,0.05819320536593968,0.028834717496302578,0.028965364117607688,0.0027604291740620165,6.344694035631294,5.738003583472213,5.1313131313131315,11.476007166944425,5.673857003675506,5.705840150161847,0.6066904521590812,"[""TestPeriod_Basics"", ""Period""]","[0.031857031857031856, 0.026336173508907823]","[5.1313131313131315, 6.344694035631294]"
org.joda.time.TestPeriod_Basics.testNormalizedStandard_periodType_weekDay1,0.031857031857031856,0.02909660268296984,0.026336173508907823,0.05819320536593968,0.028834717496302578,0.028965364117607688,0.0027604291740620165,6.344694035631294,5.738003583472213,5.1313131313131315,11.476007166944425,5.673857003675506,5.705840150161847,0.6066904521590812,"[""TestPeriod_Basics"", ""Period""]","[0.031857031857031856, 0.026336173508907823]","[5.1313131313131315, 6.344694035631294]"
org.joda.time.TestPeriod_Basics.testToString_nullPeriodFormatter,0.031857031857031856,0.02909660268296984,0.026336173508907823,0.05819320536593968,0.028834717496302578,0.028965364117607688,0.0027604291740620165,6.344694035631294,5.738003583472213,5.1313131313131315,11.476007166944425,5.673857003675506,5.705840150161847,0.6066904521590812,"[""TestPeriod_Basics"", ""Period""]","[0.031857031857031856, 0.026336173508907823]","[5.1313131313131315, 6.344694035631294]"
org.joda.time.TestPeriod_Basics.testNormalizedStandard_yearMonth2,0.031857031857031856,0.02909660268296984,0.026336173508907823,0.05819320536593968,0.028834717496302578,0.028965364117607688,0.0027604291740620165,6.344694035631294,5.738003583472213,5.1313131313131315,11.476007166944425,5.673857003675506,5.705840150161847,0.6066904521590812,"[""TestPeriod_Basics"", ""Period""]","[0.031857031857031856, 0.026336173508907823]","[5.1313131313131315, 6.344694035631294]"
org.joda.time.TestPeriod_Basics.testNormalizedStandard_periodType_yearMonth1,0.031857031857031856,0.02909660268296984,0.026336173508907823,0.05819320536593968,0.028834717496302578,0.028965364117607688,0.0027604291740620165,6.344694035631294,5.738003583472213,5.1313131313131315,11.476007166944425,5.673857003675506,5.705840150161847,0.6066904521590812,"[""TestPeriod_Basics"", ""Period""]","[0.031857031857031856, 0.026336173508907823]","[5.1313131313131315, 6.344694035631294]"
org.joda.time.TestPeriod_Basics.testNormalizedStandard_fullNegative,0.031857031857031856,0.02909660268296984,0.026336173508907823,0.05819320536593968,0.028834717496302578,0.028965364117607688,0.0027604291740620165,6.344694035631294,5.738003583472213,5.1313131313131315,11.476007166944425,5.673857003675506,5.705840150161847,0.6066904521590812,"[""TestPeriod_Basics"", ""Period""]","[0.031857031857031856, 0.026336173508907823]","[5.1313131313131315, 6.344694035631294]"
org.joda.time.TestPeriod_Basics.testWithFields2,0.031857031857031856,0.02909660268296984,0.026336173508907823,0.05819320536593968,0.028834717496302578,0.028965364117607688,0.0027604291740620165,6.344694035631294,5.738003583472213,5.1313131313131315,11.476007166944425,5.673857003675506,5.705840150161847,0.6066904521590812,"[""TestPeriod_Basics"", ""Period""]","[0.031857031857031856, 0.026336173508907823]","[5.1313131313131315, 6.344694035631294]"
org.joda.time.TestPeriod_Basics.testToPeriod,0.031857031857031856,0.02909660268296984,0.026336173508907823,0.05819320536593968,0.028834717496302578,0.028965364117607688,0.0027604291740620165,6.344694035631294,5.738003583472213,5.1313131313131315,11.476007166944425,5.673857003675506,5.705840150161847,0.6066904521590812,"[""TestPeriod_Basics"", ""Period""]","[0.031857031857031856, 0.026336173508907823]","[5.1313131313131315, 6.344694035631294]"
org.joda.time.TestPeriod_Basics.testNegated,0.031857031857031856,0.02909660268296984,0.026336173508907823,0.05819320536593968,0.028834717496302578,0.028965364117607688,0.0027604291740620165,6.344694035631294,5.738003583472213,5.1313131313131315,11.476007166944425,5.673857003675506,5.705840150161847,0.6066904521590812,"[""TestPeriod_Basics"", ""Period""]","[0.031857031857031856, 0.026336173508907823]","[5.1313131313131315, 6.344694035631294]"
org.joda.time.TestPeriod_Basics.testMultipliedBy,0.031857031857031856,0.02909660268296984,0.026336173508907823,0.05819320536593968,0.028834717496302578,0.028965364117607688,0.0027604291740620165,6.344694035631294,5.738003583472213,5.1313131313131315,11.476007166944425,5.673857003675506,5.705840150161847,0.6066904521590812,"[""TestPeriod_Basics"", ""Period""]","[0.031857031857031856, 0.026336173508907823]","[5.1313131313131315, 6.344694035631294]"
org.joda.time.TestPeriod_Basics.testNormalizedStandard_periodType_yearMonth2,0.031857031857031856,0.02909660268296984,0.026336173508907823,0.05819320536593968,0.028834717496302578,0.028965364117607688,0.0027604291740620165,6.344694035631294,5.738003583472213,5.1313131313131315,11.476007166944425,5.673857003675506,5.705840150161847,0.6066904521590812,"[""TestPeriod_Basics"", ""Period""]","[0.031857031857031856, 0.026336173508907823]","[5.1313131313131315, 6.344694035631294]"
org.joda.time.TestPeriod_Basics.testWithFieldAdded2,0.031857031857031856,0.02909660268296984,0.026336173508907823,0.05819320536593968,0.028834717496302578,0.028965364117607688,0.0027604291740620165,6.344694035631294,5.738003583472213,5.1313131313131315,11.476007166944425,5.673857003675506,5.705840150161847,0.6066904521590812,"[""TestPeriod_Basics"", ""Period""]","[0.031857031857031856, 0.026336173508907823]","[5.1313131313131315, 6.344694035631294]"
org.joda.time.TestPeriod_Basics.testNormalizedStandard_weekDay2,0.031857031857031856,0.02909660268296984,0.026336173508907823,0.05819320536593968,0.028834717496302578,0.028965364117607688,0.0027604291740620165,6.344694035631294,5.738003583472213,5.1313131313131315,11.476007166944425,5.673857003675506,5.705840150161847,0.6066904521590812,"[""TestPeriod_Basics"", ""Period""]","[0.031857031857031856, 0.026336173508907823]","[5.1313131313131315, 6.344694035631294]"
org.joda.time.TestPeriod_Basics.testNormalizedStandard_yearMonthDay,0.031857031857031856,0.02909660268296984,0.026336173508907823,0.05819320536593968,0.028834717496302578,0.028965364117607688,0.0027604291740620165,6.344694035631294,5.738003583472213,5.1313131313131315,11.476007166944425,5.673857003675506,5.705840150161847,0.6066904521590812,"[""TestPeriod_Basics"", ""Period""]","[0.031857031857031856, 0.026336173508907823]","[5.1313131313131315, 6.344694035631294]"
org.joda.time.TestPeriod_Basics.testGetMethods,0.031857031857031856,0.02909660268296984,0.026336173508907823,0.05819320536593968,0.028834717496302578,0.028965364117607688,0.0027604291740620165,6.344694035631294,5.738003583472213,5.1313131313131315,11.476007166944425,5.673857003675506,5.705840150161847,0.6066904521590812,"[""TestPeriod_Basics"", ""Period""]","[0.031857031857031856, 0.026336173508907823]","[5.1313131313131315, 6.344694035631294]"
org.joda.time.TestPeriod_Basics.testToString,0.031857031857031856,0.02909660268296984,0.026336173508907823,0.05819320536593968,0.028834717496302578,0.028965364117607688,0.0027604291740620165,6.344694035631294,5.738003583472213,5.1313131313131315,11.476007166944425,5.673857003675506,5.705840150161847,0.6066904521590812,"[""TestPeriod_Basics"", ""Period""]","[0.031857031857031856, 0.026336173508907823]","[5.1313131313131315, 6.344694035631294]"
org.joda.time.TestPeriod_Basics.testPlusFieldsZero,0.031857031857031856,0.02909660268296984,0.026336173508907823,0.05819320536593968,0.028834717496302578,0.028965364117607688,0.0027604291740620165,6.344694035631294,5.738003583472213,5.1313131313131315,11.476007166944425,5.673857003675506,5.705840150161847,0.6066904521590812,"[""TestPeriod_Basics"", ""Period""]","[0.031857031857031856, 0.026336173508907823]","[5.1313131313131315, 6.344694035631294]"
org.joda.time.TestPeriod_Basics.testNormalizedStandard_weekDay1,0.031857031857031856,0.02909660268296984,0.026336173508907823,0.05819320536593968,0.028834717496302578,0.028965364117607688,0.0027604291740620165,6.344694035631294,5.738003583472213,5.1313131313131315,11.476007166944425,5.673857003675506,5.705840150161847,0.6066904521590812,"[""TestPeriod_Basics"", ""Period""]","[0.031857031857031856, 0.026336173508907823]","[5.1313131313131315, 6.344694035631294]"
org.joda.time.TestDateMidnight_Properties.testPropertyEqualsHashCodeStrict,0.03345454545454545,0.01934551314143151,0.008547008547008548,0.05803653942429453,0.014336579054239114,0.01661291898079246,0.010434431593918417,4.0378181818181815,2.1704557694761775,0.5537240537240538,6.511367308428532,1.1652779859701528,1.6251767578620135,1.4333735923593778,"[""TestDateMidnight_Properties"", ""StrictChronology"", ""DateMidnight$Property"", ""DateMidnight""]","[0.03345454545454545, 0.016034985422740525, 0.008547008547008548]","[4.0378181818181815, 1.9198250728862973, 0.5537240537240538]"
org.joda.time.TestSerialization.testSerializedPeriodType,0.02178649237472767,0.014504100216625352,0.007633587786259542,0.05801640086650141,0.011248476768770896,0.012772418968031782,0.006876682594890597,3.9332298136645965,1.6477143951580708,0.09541984732824428,6.590857580632283,0.19513467980257337,0.5601947089391073,1.6324563717910627,"[""StringBuilder"", ""ByteArrayOutputStream"", ""ObjectInputStream"", ""TestSerialization"", ""FileInputStream"", ""PeriodType"", ""ObjectOutputStream"", ""ByteArrayInputStream""]","[0.02178649237472767, 0.02096273291925466, 0.007633587786259542, 0.007633587786259542]","[2.4553376906318083, 3.9332298136645965, 0.09541984732824428, 0.10687022900763359]"
org.joda.time.TestMutablePeriod_Updates.testAdd_long_Chronology1,0.021756021756021756,0.01929228484917223,0.015206812652068127,0.05787685454751668,0.018804167693378643,0.019055414520358804,0.0029092443446789968,5.986057319907049,3.309288638941712,0.7195863746958637,9.927865916825136,1.606781105711578,2.4032176061441604,2.1509090287408994,"[""MutablePeriod"", ""TestMutablePeriod_Updates"", ""ISOChronology""]","[0.021756021756021756, 0.020914020139426802, 0.015206812652068127]","[3.2222222222222223, 5.986057319907049, 0.7195863746958637]"
org.joda.time.tz.TestCachedDateTimeZone.test_caching,0.03832116788321168,0.019287307380373073,0.009124087591240875,0.057861922141119224,0.012948043406774088,0.015385761039991234,0.013469312637688602,3.5,1.342051905920519,0.0,4.026155717761557,0.9147907538903159,1.3570353761657985,1.4869221411192215,"[""TestCachedDateTimeZone"", ""CachedDateTimeZone"", ""DateTimeZone""]","[0.03832116788321168, 0.010416666666666666, 0.009124087591240875]","[3.5, 0.0, 0.5261557177615572]"
org.joda.time.TestYearMonthDay_Constructors.testConstructor_Object,0.03952011291460833,0.01927059319375833,0.0026666666666666666,0.057811779581274994,0.006461289950386524,0.011808706041447757,0.015264597109832589,3.5356386732533522,1.82490965034371,0.04933333333333333,5.47472895103113,0.1422996454921969,0.6907773602321796,1.4240166453738876,"[""YearMonthDay"", ""TestYearMonthDay_Constructors"", ""Date""]","[0.03952011291460833, 0.015625, 0.0026666666666666666]","[3.5356386732533522, 1.8897569444444444, 0.04933333333333333]"
org.joda.time.TestYearMonthDay_Constructors.testConstructor_Object_nullChronology,0.03952011291460833,0.01927059319375833,0.0026666666666666666,0.057811779581274994,0.006461289950386524,0.011808706041447757,0.015264597109832589,3.5356386732533522,1.82490965034371,0.04933333333333333,5.47472895103113,0.1422996454921969,0.6907773602321796,1.4240166453738876,"[""YearMonthDay"", ""TestYearMonthDay_Constructors"", ""Date""]","[0.03952011291460833, 0.015625, 0.0026666666666666666]","[3.5356386732533522, 1.8897569444444444, 0.04933333333333333]"
org.joda.time.TestYearMonthDay_Constructors.testConstructor_Object_Chronology,0.03952011291460833,0.01927059319375833,0.0026666666666666666,0.057811779581274994,0.006461289950386524,0.011808706041447757,0.015264597109832589,3.5356386732533522,1.82490965034371,0.04933333333333333,5.47472895103113,0.1422996454921969,0.6907773602321796,1.4240166453738876,"[""YearMonthDay"", ""TestYearMonthDay_Constructors"", ""Date""]","[0.03952011291460833, 0.015625, 0.0026666666666666666]","[3.5356386732533522, 1.8897569444444444, 0.04933333333333333]"
org.joda.time.TestSerialization.testDuration,0.02178649237472767,0.014452672176066876,0.007633587786259542,0.057810688704267504,0.0112335420349231,0.012740968315293503,0.006828791136926952,2.4553376906318083,1.0688635961985762,0.09541984732824428,4.275454384794305,0.19173128153588534,0.44862623418310993,1.0120146718777765,"[""StringBuilder"", ""ByteArrayOutputStream"", ""ObjectInputStream"", ""Duration"", ""TestSerialization"", ""FileInputStream"", ""ObjectOutputStream"", ""ByteArrayInputStream""]","[0.02178649237472767, 0.020757020757020756, 0.007633587786259542, 0.007633587786259542]","[2.4553376906318083, 1.6178266178266179, 0.09541984732824428, 0.10687022900763359]"
org.joda.time.format.TestDateTimeFormatterBuilder.test_appendOptional_nullParser,0.04440389294403893,0.02889294403892944,0.01338199513381995,0.05778588807785888,0.020566013574081186,0.024376477992109336,0.01551094890510949,8.052311435523114,4.661496350364963,1.2706812652068127,9.322992700729927,2.19498644076568,3.198737451359489,3.3908150851581507,"[""DateTimeFormatterBuilder"", ""TestDateTimeFormatterBuilder""]","[0.04440389294403893, 0.01338199513381995]","[8.052311435523114, 1.2706812652068127]"
org.joda.time.format.TestDateTimeFormatterBuilder.test_toPrinter,0.04440389294403893,0.02889294403892944,0.01338199513381995,0.05778588807785888,0.020566013574081186,0.024376477992109336,0.01551094890510949,8.052311435523114,4.661496350364963,1.2706812652068127,9.322992700729927,2.19498644076568,3.198737451359489,3.3908150851581507,"[""DateTimeFormatterBuilder"", ""TestDateTimeFormatterBuilder""]","[0.04440389294403893, 0.01338199513381995]","[8.052311435523114, 1.2706812652068127]"
org.joda.time.format.TestDateTimeFormatterBuilder.test_canBuildParser,0.04440389294403893,0.02889294403892944,0.01338199513381995,0.05778588807785888,0.020566013574081186,0.024376477992109336,0.01551094890510949,8.052311435523114,4.661496350364963,1.2706812652068127,9.322992700729927,2.19498644076568,3.198737451359489,3.3908150851581507,"[""DateTimeFormatterBuilder"", ""TestDateTimeFormatterBuilder""]","[0.04440389294403893, 0.01338199513381995]","[8.052311435523114, 1.2706812652068127]"
org.joda.time.format.TestDateTimeFormatterBuilder.test_toParser,0.04440389294403893,0.02889294403892944,0.01338199513381995,0.05778588807785888,0.020566013574081186,0.024376477992109336,0.01551094890510949,8.052311435523114,4.661496350364963,1.2706812652068127,9.322992700729927,2.19498644076568,3.198737451359489,3.3908150851581507,"[""DateTimeFormatterBuilder"", ""TestDateTimeFormatterBuilder""]","[0.04440389294403893, 0.01338199513381995]","[8.052311435523114, 1.2706812652068127]"
org.joda.time.format.TestDateTimeFormatterBuilder.test_canBuildFormatter,0.04440389294403893,0.02889294403892944,0.01338199513381995,0.05778588807785888,0.020566013574081186,0.024376477992109336,0.01551094890510949,8.052311435523114,4.661496350364963,1.2706812652068127,9.322992700729927,2.19498644076568,3.198737451359489,3.3908150851581507,"[""DateTimeFormatterBuilder"", ""TestDateTimeFormatterBuilder""]","[0.04440389294403893, 0.01338199513381995]","[8.052311435523114, 1.2706812652068127]"
org.joda.time.format.TestDateTimeFormatterBuilder.test_canBuildPrinter,0.04440389294403893,0.02889294403892944,0.01338199513381995,0.05778588807785888,0.020566013574081186,0.024376477992109336,0.01551094890510949,8.052311435523114,4.661496350364963,1.2706812652068127,9.322992700729927,2.19498644076568,3.198737451359489,3.3908150851581507,"[""DateTimeFormatterBuilder"", ""TestDateTimeFormatterBuilder""]","[0.04440389294403893, 0.01338199513381995]","[8.052311435523114, 1.2706812652068127]"
org.joda.time.format.TestDateTimeFormatterBuilder.test_append_nullPrinter,0.04440389294403893,0.02889294403892944,0.01338199513381995,0.05778588807785888,0.020566013574081186,0.024376477992109336,0.01551094890510949,8.052311435523114,4.661496350364963,1.2706812652068127,9.322992700729927,2.19498644076568,3.198737451359489,3.3908150851581507,"[""DateTimeFormatterBuilder"", ""TestDateTimeFormatterBuilder""]","[0.04440389294403893, 0.01338199513381995]","[8.052311435523114, 1.2706812652068127]"
org.joda.time.format.TestDateTimeFormatterBuilder.test_append_nullPrinter_Parser,0.04440389294403893,0.02889294403892944,0.01338199513381995,0.05778588807785888,0.020566013574081186,0.024376477992109336,0.01551094890510949,8.052311435523114,4.661496350364963,1.2706812652068127,9.322992700729927,2.19498644076568,3.198737451359489,3.3908150851581507,"[""DateTimeFormatterBuilder"", ""TestDateTimeFormatterBuilder""]","[0.04440389294403893, 0.01338199513381995]","[8.052311435523114, 1.2706812652068127]"
org.joda.time.format.TestDateTimeFormatterBuilder.test_append_Printer_nullParser,0.04440389294403893,0.02889294403892944,0.01338199513381995,0.05778588807785888,0.020566013574081186,0.024376477992109336,0.01551094890510949,8.052311435523114,4.661496350364963,1.2706812652068127,9.322992700729927,2.19498644076568,3.198737451359489,3.3908150851581507,"[""DateTimeFormatterBuilder"", ""TestDateTimeFormatterBuilder""]","[0.04440389294403893, 0.01338199513381995]","[8.052311435523114, 1.2706812652068127]"
org.joda.time.format.TestDateTimeFormatterBuilder.test_append_nullParser,0.04440389294403893,0.02889294403892944,0.01338199513381995,0.05778588807785888,0.020566013574081186,0.024376477992109336,0.01551094890510949,8.052311435523114,4.661496350364963,1.2706812652068127,9.322992700729927,2.19498644076568,3.198737451359489,3.3908150851581507,"[""DateTimeFormatterBuilder"", ""TestDateTimeFormatterBuilder""]","[0.04440389294403893, 0.01338199513381995]","[8.052311435523114, 1.2706812652068127]"
org.joda.time.format.TestDateTimeFormatterBuilder.test_toFormatter,0.04440389294403893,0.02889294403892944,0.01338199513381995,0.05778588807785888,0.020566013574081186,0.024376477992109336,0.01551094890510949,8.052311435523114,4.661496350364963,1.2706812652068127,9.322992700729927,2.19498644076568,3.198737451359489,3.3908150851581507,"[""DateTimeFormatterBuilder"", ""TestDateTimeFormatterBuilder""]","[0.04440389294403893, 0.01338199513381995]","[8.052311435523114, 1.2706812652068127]"
org.joda.time.chrono.TestCopticChronology.testDateFields,0.02298095863427446,0.019160518470359978,0.016423357664233577,0.05748155541107993,0.01878271051045788,0.01896650885774714,0.00278455900109007,2.2037797863599016,1.6614173740474334,0.8850952068286277,4.9842521221423,1.421001354202628,1.546267424599764,0.5631963128787145,"[""DateTimeField"", ""TestCopticChronology"", ""CopticChronology""]","[0.02298095863427446, 0.018077239112571898, 0.016423357664233577]","[0.8850952068286277, 2.2037797863599016, 1.8953771289537713]"
org.joda.time.chrono.TestCopticChronology.testTimeFields,0.02298095863427446,0.019160518470359978,0.016423357664233577,0.05748155541107993,0.01878271051045788,0.01896650885774714,0.00278455900109007,2.2037797863599016,1.6614173740474334,0.8850952068286277,4.9842521221423,1.421001354202628,1.546267424599764,0.5631963128787145,"[""DateTimeField"", ""TestCopticChronology"", ""CopticChronology""]","[0.02298095863427446, 0.018077239112571898, 0.016423357664233577]","[0.8850952068286277, 2.2037797863599016, 1.8953771289537713]"
org.joda.time.TestMutableDateTime_Basics.testToDate,0.03527980535279805,0.01908765511099542,0.0026666666666666666,0.05726296533298626,0.006591754187599808,0.012203218859814458,0.013315241365503204,4.203771289537713,2.2839719718634046,0.04933333333333333,6.851915915590213,0.14358915202903597,0.8138007677410872,1.7105908397306457,"[""TestMutableDateTime_Basics"", ""Date"", ""MutableDateTime""]","[0.03527980535279805, 0.019316493313521546, 0.0026666666666666666]","[4.203771289537713, 2.598811292719168, 0.04933333333333333]"
org.joda.time.TestBasePartial.testSetMethods,0.025389025389025387,0.019068994844236114,0.01174496644295302,0.05720698453270834,0.01720695198344903,0.018156688617961332,0.005615223053026329,2.3728710462287106,1.3690204357548696,0.5671140939597316,4.107061307264609,0.9863274898065618,1.1623794571167196,0.7508997529213737,"[""TestBasePartial"", ""IndexOutOfBoundsException"", ""TestBasePartial$MockPartial"", ""BasePartial"", ""Chronology""]","[0.025389025389025387, 0.020072992700729927, 0.01174496644295302]","[1.1670761670761671, 2.3728710462287106, 0.5671140939597316]"
org.joda.time.TestDateTimeComparator.testWOW,0.041970802919708027,0.028588807785888078,0.015206812652068127,0.057177615571776155,0.022324895170057462,0.02526345457091872,0.013381995133819949,5.9939172749391725,4.579379562043796,3.1648418491484187,9.158759124087592,4.14243894288484,4.355433414949784,1.4145377128953769,"[""TestDateTimeComparator"", ""Comparator"", ""DateTime"", ""IllegalArgumentException""]","[0.041970802919708027, 0.015206812652068127]","[5.9939172749391725, 3.1648418491484187]"
org.joda.time.TestDateTimeComparator.testListYOYY,0.041970802919708027,0.028588807785888078,0.015206812652068127,0.057177615571776155,0.022324895170057462,0.02526345457091872,0.013381995133819949,5.9939172749391725,4.579379562043796,3.1648418491484187,9.158759124087592,4.14243894288484,4.355433414949784,1.4145377128953769,"[""Collections"", ""ArrayList"", ""IllegalArgumentException"", ""TestDateTimeComparator"", ""DateTime"", ""Long"", ""List""]","[0.041970802919708027, 0.015206812652068127]","[5.9939172749391725, 3.1648418491484187]"
org.joda.time.TestDateTimeComparator.testDOY,0.041970802919708027,0.028588807785888078,0.015206812652068127,0.057177615571776155,0.022324895170057462,0.02526345457091872,0.013381995133819949,5.9939172749391725,4.579379562043796,3.1648418491484187,9.158759124087592,4.14243894288484,4.355433414949784,1.4145377128953769,"[""TestDateTimeComparator"", ""Comparator"", ""DateTime"", ""IllegalArgumentException""]","[0.041970802919708027, 0.015206812652068127]","[5.9939172749391725, 3.1648418491484187]"
org.joda.time.TestDateTimeComparator.testNullDT,0.041970802919708027,0.028588807785888078,0.015206812652068127,0.057177615571776155,0.022324895170057462,0.02526345457091872,0.013381995133819949,5.9939172749391725,4.579379562043796,3.1648418491484187,9.158759124087592,4.14243894288484,4.355433414949784,1.4145377128953769,"[""TestDateTimeComparator"", ""Comparator"", ""DateTime"", ""IllegalArgumentException""]","[0.041970802919708027, 0.015206812652068127]","[5.9939172749391725, 3.1648418491484187]"
org.joda.time.TestDateTimeComparator.testListWOW,0.041970802919708027,0.028588807785888078,0.015206812652068127,0.057177615571776155,0.022324895170057462,0.02526345457091872,0.013381995133819949,5.9939172749391725,4.579379562043796,3.1648418491484187,9.158759124087592,4.14243894288484,4.355433414949784,1.4145377128953769,"[""Collections"", ""ArrayList"", ""IllegalArgumentException"", ""TestDateTimeComparator"", ""DateTime"", ""Long"", ""List""]","[0.041970802919708027, 0.015206812652068127]","[5.9939172749391725, 3.1648418491484187]"
org.joda.time.TestDateTimeComparator.testWOYY,0.041970802919708027,0.028588807785888078,0.015206812652068127,0.057177615571776155,0.022324895170057462,0.02526345457091872,0.013381995133819949,5.9939172749391725,4.579379562043796,3.1648418491484187,9.158759124087592,4.14243894288484,4.355433414949784,1.4145377128953769,"[""TestDateTimeComparator"", ""Comparator"", ""DateTime"", ""IllegalArgumentException""]","[0.041970802919708027, 0.015206812652068127]","[5.9939172749391725, 3.1648418491484187]"
org.joda.time.TestDateTimeComparator.testListDate,0.041970802919708027,0.028588807785888078,0.015206812652068127,0.057177615571776155,0.022324895170057462,0.02526345457091872,0.013381995133819949,5.9939172749391725,4.579379562043796,3.1648418491484187,9.158759124087592,4.14243894288484,4.355433414949784,1.4145377128953769,"[""Collections"", ""ArrayList"", ""IllegalArgumentException"", ""TestDateTimeComparator"", ""DateTime"", ""Long"", ""List""]","[0.041970802919708027, 0.015206812652068127]","[5.9939172749391725, 3.1648418491484187]"
org.joda.time.TestDateTimeComparator.testListMillis,0.041970802919708027,0.028588807785888078,0.015206812652068127,0.057177615571776155,0.022324895170057462,0.02526345457091872,0.013381995133819949,5.9939172749391725,4.579379562043796,3.1648418491484187,9.158759124087592,4.14243894288484,4.355433414949784,1.4145377128953769,"[""Collections"", ""ArrayList"", ""TestDateTimeComparator"", ""DateTime"", ""Long"", ""List""]","[0.041970802919708027, 0.015206812652068127]","[5.9939172749391725, 3.1648418491484187]"
org.joda.time.TestDateTimeComparator.testListTime,0.041970802919708027,0.028588807785888078,0.015206812652068127,0.057177615571776155,0.022324895170057462,0.02526345457091872,0.013381995133819949,5.9939172749391725,4.579379562043796,3.1648418491484187,9.158759124087592,4.14243894288484,4.355433414949784,1.4145377128953769,"[""Collections"", ""ArrayList"", ""IllegalArgumentException"", ""TestDateTimeComparator"", ""DateTime"", ""Long"", ""List""]","[0.041970802919708027, 0.015206812652068127]","[5.9939172749391725, 3.1648418491484187]"
org.joda.time.TestDateTimeComparator.testListSecond,0.041970802919708027,0.028588807785888078,0.015206812652068127,0.057177615571776155,0.022324895170057462,0.02526345457091872,0.013381995133819949,5.9939172749391725,4.579379562043796,3.1648418491484187,9.158759124087592,4.14243894288484,4.355433414949784,1.4145377128953769,"[""Collections"", ""ArrayList"", ""IllegalArgumentException"", ""TestDateTimeComparator"", ""DateTime"", ""Long"", ""List""]","[0.041970802919708027, 0.015206812652068127]","[5.9939172749391725, 3.1648418491484187]"
org.joda.time.TestDateTimeComparator.testListMonth,0.041970802919708027,0.028588807785888078,0.015206812652068127,0.057177615571776155,0.022324895170057462,0.02526345457091872,0.013381995133819949,5.9939172749391725,4.579379562043796,3.1648418491484187,9.158759124087592,4.14243894288484,4.355433414949784,1.4145377128953769,"[""Collections"", ""ArrayList"", ""IllegalArgumentException"", ""TestDateTimeComparator"", ""DateTime"", ""Long"", ""List""]","[0.041970802919708027, 0.015206812652068127]","[5.9939172749391725, 3.1648418491484187]"
org.joda.time.TestDateTimeComparator.testBasicComps1,0.041970802919708027,0.028588807785888078,0.015206812652068127,0.057177615571776155,0.022324895170057462,0.02526345457091872,0.013381995133819949,5.9939172749391725,4.579379562043796,3.1648418491484187,9.158759124087592,4.14243894288484,4.355433414949784,1.4145377128953769,"[""TestDateTimeComparator"", ""System"", ""Comparator"", ""DateTime""]","[0.041970802919708027, 0.015206812652068127]","[5.9939172749391725, 3.1648418491484187]"
org.joda.time.TestDateTimeComparator.testListDOW,0.041970802919708027,0.028588807785888078,0.015206812652068127,0.057177615571776155,0.022324895170057462,0.02526345457091872,0.013381995133819949,5.9939172749391725,4.579379562043796,3.1648418491484187,9.158759124087592,4.14243894288484,4.355433414949784,1.4145377128953769,"[""Collections"", ""ArrayList"", ""IllegalArgumentException"", ""TestDateTimeComparator"", ""DateTime"", ""Long"", ""List""]","[0.041970802919708027, 0.015206812652068127]","[5.9939172749391725, 3.1648418491484187]"
org.joda.time.TestDateTimeComparator.testHour,0.041970802919708027,0.028588807785888078,0.015206812652068127,0.057177615571776155,0.022324895170057462,0.02526345457091872,0.013381995133819949,5.9939172749391725,4.579379562043796,3.1648418491484187,9.158759124087592,4.14243894288484,4.355433414949784,1.4145377128953769,"[""TestDateTimeComparator"", ""Comparator"", ""DateTime"", ""IllegalArgumentException""]","[0.041970802919708027, 0.015206812652068127]","[5.9939172749391725, 3.1648418491484187]"
org.joda.time.TestDateTimeComparator.testListDOY,0.041970802919708027,0.028588807785888078,0.015206812652068127,0.057177615571776155,0.022324895170057462,0.02526345457091872,0.013381995133819949,5.9939172749391725,4.579379562043796,3.1648418491484187,9.158759124087592,4.14243894288484,4.355433414949784,1.4145377128953769,"[""Collections"", ""ArrayList"", ""IllegalArgumentException"", ""TestDateTimeComparator"", ""DateTime"", ""Long"", ""List""]","[0.041970802919708027, 0.015206812652068127]","[5.9939172749391725, 3.1648418491484187]"
org.joda.time.TestDateTimeComparator.testDOW,0.041970802919708027,0.028588807785888078,0.015206812652068127,0.057177615571776155,0.022324895170057462,0.02526345457091872,0.013381995133819949,5.9939172749391725,4.579379562043796,3.1648418491484187,9.158759124087592,4.14243894288484,4.355433414949784,1.4145377128953769,"[""TestDateTimeComparator"", ""Comparator"", ""DateTime"", ""IllegalArgumentException""]","[0.041970802919708027, 0.015206812652068127]","[5.9939172749391725, 3.1648418491484187]"
org.joda.time.TestDateTimeComparator.testListDOM,0.041970802919708027,0.028588807785888078,0.015206812652068127,0.057177615571776155,0.022324895170057462,0.02526345457091872,0.013381995133819949,5.9939172749391725,4.579379562043796,3.1648418491484187,9.158759124087592,4.14243894288484,4.355433414949784,1.4145377128953769,"[""Collections"", ""ArrayList"", ""IllegalArgumentException"", ""TestDateTimeComparator"", ""DateTime"", ""Long"", ""List""]","[0.041970802919708027, 0.015206812652068127]","[5.9939172749391725, 3.1648418491484187]"
org.joda.time.chrono.TestBuddhistChronology.testEpoch,0.041970802919708027,0.028588807785888078,0.015206812652068127,0.057177615571776155,0.022324895170057462,0.02526345457091872,0.013381995133819949,5.9939172749391725,3.6240875912408756,1.254257907542579,7.248175182481751,2.0744305842438022,2.741882225634158,2.3698296836982964,"[""TestBuddhistChronology"", ""DateTime""]","[0.041970802919708027, 0.015206812652068127]","[5.9939172749391725, 1.254257907542579]"
org.joda.time.TestDateTimeComparator.testListBasic,0.041970802919708027,0.028588807785888078,0.015206812652068127,0.057177615571776155,0.022324895170057462,0.02526345457091872,0.013381995133819949,5.9939172749391725,4.579379562043796,3.1648418491484187,9.158759124087592,4.14243894288484,4.355433414949784,1.4145377128953769,"[""Collections"", ""ArrayList"", ""IllegalArgumentException"", ""TestDateTimeComparator"", ""DateTime"", ""Long"", ""List""]","[0.041970802919708027, 0.015206812652068127]","[5.9939172749391725, 3.1648418491484187]"
org.joda.time.TestDateTimeComparator.testInvalidObj,0.041970802919708027,0.028588807785888078,0.015206812652068127,0.057177615571776155,0.022324895170057462,0.02526345457091872,0.013381995133819949,5.9939172749391725,4.579379562043796,3.1648418491484187,9.158759124087592,4.14243894288484,4.355433414949784,1.4145377128953769,"[""TestDateTimeComparator"", ""Comparator"", ""DateTime"", ""IllegalArgumentException""]","[0.041970802919708027, 0.015206812652068127]","[5.9939172749391725, 3.1648418491484187]"
org.joda.time.TestDateTimeComparator.testListYear,0.041970802919708027,0.028588807785888078,0.015206812652068127,0.057177615571776155,0.022324895170057462,0.02526345457091872,0.013381995133819949,5.9939172749391725,4.579379562043796,3.1648418491484187,9.158759124087592,4.14243894288484,4.355433414949784,1.4145377128953769,"[""Collections"", ""ArrayList"", ""IllegalArgumentException"", ""TestDateTimeComparator"", ""DateTime"", ""Long"", ""List""]","[0.041970802919708027, 0.015206812652068127]","[5.9939172749391725, 3.1648418491484187]"
org.joda.time.TestDateTimeComparator.testListMinute,0.041970802919708027,0.028588807785888078,0.015206812652068127,0.057177615571776155,0.022324895170057462,0.02526345457091872,0.013381995133819949,5.9939172749391725,4.579379562043796,3.1648418491484187,9.158759124087592,4.14243894288484,4.355433414949784,1.4145377128953769,"[""Collections"", ""ArrayList"", ""IllegalArgumentException"", ""TestDateTimeComparator"", ""DateTime"", ""Long"", ""List""]","[0.041970802919708027, 0.015206812652068127]","[5.9939172749391725, 3.1648418491484187]"
org.joda.time.TestDateTimeComparator.testYear,0.041970802919708027,0.028588807785888078,0.015206812652068127,0.057177615571776155,0.022324895170057462,0.02526345457091872,0.013381995133819949,5.9939172749391725,4.579379562043796,3.1648418491484187,9.158759124087592,4.14243894288484,4.355433414949784,1.4145377128953769,"[""TestDateTimeComparator"", ""Comparator"", ""DateTime"", ""IllegalArgumentException""]","[0.041970802919708027, 0.015206812652068127]","[5.9939172749391725, 3.1648418491484187]"
org.joda.time.chrono.TestBuddhistChronology.testEra,0.041970802919708027,0.028588807785888078,0.015206812652068127,0.057177615571776155,0.022324895170057462,0.02526345457091872,0.013381995133819949,5.9939172749391725,3.6240875912408756,1.254257907542579,7.248175182481751,2.0744305842438022,2.741882225634158,2.3698296836982964,"[""TestBuddhistChronology"", ""DateTime""]","[0.041970802919708027, 0.015206812652068127]","[5.9939172749391725, 1.254257907542579]"
org.joda.time.TestDateTimeComparator.testSecond,0.041970802919708027,0.028588807785888078,0.015206812652068127,0.057177615571776155,0.022324895170057462,0.02526345457091872,0.013381995133819949,5.9939172749391725,4.579379562043796,3.1648418491484187,9.158759124087592,4.14243894288484,4.355433414949784,1.4145377128953769,"[""TestDateTimeComparator"", ""Comparator"", ""DateTime"", ""IllegalArgumentException""]","[0.041970802919708027, 0.015206812652068127]","[5.9939172749391725, 3.1648418491484187]"
org.joda.time.TestDateTimeComparator.testMonth,0.041970802919708027,0.028588807785888078,0.015206812652068127,0.057177615571776155,0.022324895170057462,0.02526345457091872,0.013381995133819949,5.9939172749391725,4.579379562043796,3.1648418491484187,9.158759124087592,4.14243894288484,4.355433414949784,1.4145377128953769,"[""TestDateTimeComparator"", ""Comparator"", ""DateTime"", ""IllegalArgumentException""]","[0.041970802919708027, 0.015206812652068127]","[5.9939172749391725, 3.1648418491484187]"
org.joda.time.TestDateTimeComparator.testDOM,0.041970802919708027,0.028588807785888078,0.015206812652068127,0.057177615571776155,0.022324895170057462,0.02526345457091872,0.013381995133819949,5.9939172749391725,4.579379562043796,3.1648418491484187,9.158759124087592,4.14243894288484,4.355433414949784,1.4145377128953769,"[""TestDateTimeComparator"", ""Comparator"", ""DateTime"", ""IllegalArgumentException""]","[0.041970802919708027, 0.015206812652068127]","[5.9939172749391725, 3.1648418491484187]"
org.joda.time.TestDateTimeComparator.testMinute,0.041970802919708027,0.028588807785888078,0.015206812652068127,0.057177615571776155,0.022324895170057462,0.02526345457091872,0.013381995133819949,5.9939172749391725,4.579379562043796,3.1648418491484187,9.158759124087592,4.14243894288484,4.355433414949784,1.4145377128953769,"[""TestDateTimeComparator"", ""Comparator"", ""DateTime"", ""IllegalArgumentException""]","[0.041970802919708027, 0.015206812652068127]","[5.9939172749391725, 3.1648418491484187]"
org.joda.time.TestDateTimeComparator.testListHour,0.041970802919708027,0.028588807785888078,0.015206812652068127,0.057177615571776155,0.022324895170057462,0.02526345457091872,0.013381995133819949,5.9939172749391725,4.579379562043796,3.1648418491484187,9.158759124087592,4.14243894288484,4.355433414949784,1.4145377128953769,"[""Collections"", ""ArrayList"", ""IllegalArgumentException"", ""TestDateTimeComparator"", ""DateTime"", ""Long"", ""List""]","[0.041970802919708027, 0.015206812652068127]","[5.9939172749391725, 3.1648418491484187]"
org.joda.time.TestDuration_Basics.testToDuration2,0.030303030303030304,0.028582528582528584,0.026862026862026864,0.05716505716505717,0.0284789644012945,0.028530699500727532,0.00172050172050172,3.896969696969697,3.158191808191808,2.4194139194139193,6.316383616383616,2.9853736888073485,3.0705671672156476,0.7387778887778889,"[""TestDuration_Basics"", ""AbstractDuration"", ""TestDuration_Basics$MockDuration""]","[0.030303030303030304, 0.026862026862026864]","[3.896969696969697, 2.4194139194139193]"
org.joda.time.TestDateTime_Constructors.testConstructor_invalidObject_DateTimeZone,0.041970802919708027,0.028501507401156805,0.015032211882605583,0.05700301480231361,0.0221361626068425,0.025118001560079022,0.013469295518551222,5.9939172749391725,4.1454912072619985,2.2970651395848245,8.290982414523997,3.32129963216392,3.710581951907011,1.848426067677174,"[""TestDateTime_Constructors"", ""Object"", ""DateTime""]","[0.041970802919708027, 0.015032211882605583]","[5.9939172749391725, 2.2970651395848245]"
org.joda.time.TestDateTime_Constructors.test_now_nullChronology,0.041970802919708027,0.028501507401156805,0.015032211882605583,0.05700301480231361,0.0221361626068425,0.025118001560079022,0.013469295518551222,5.9939172749391725,4.1454912072619985,2.2970651395848245,8.290982414523997,3.32129963216392,3.710581951907011,1.848426067677174,"[""TestDateTime_Constructors"", ""DateTime""]","[0.041970802919708027, 0.015032211882605583]","[5.9939172749391725, 2.2970651395848245]"
org.joda.time.TestDateTime_Constructors.testConstructor_ObjectStringEx1,0.041970802919708027,0.028501507401156805,0.015032211882605583,0.05700301480231361,0.0221361626068425,0.025118001560079022,0.013469295518551222,5.9939172749391725,4.1454912072619985,2.2970651395848245,8.290982414523997,3.32129963216392,3.710581951907011,1.848426067677174,"[""TestDateTime_Constructors"", ""DateTime""]","[0.041970802919708027, 0.015032211882605583]","[5.9939172749391725, 2.2970651395848245]"
org.joda.time.TestDateTime_Constructors.test_now_nullDateTimeZone,0.041970802919708027,0.028501507401156805,0.015032211882605583,0.05700301480231361,0.0221361626068425,0.025118001560079022,0.013469295518551222,5.9939172749391725,4.1454912072619985,2.2970651395848245,8.290982414523997,3.32129963216392,3.710581951907011,1.848426067677174,"[""TestDateTime_Constructors"", ""DateTime""]","[0.041970802919708027, 0.015032211882605583]","[5.9939172749391725, 2.2970651395848245]"
org.joda.time.TestDateTime_Constructors.testConstructor_ObjectStringEx2,0.041970802919708027,0.028501507401156805,0.015032211882605583,0.05700301480231361,0.0221361626068425,0.025118001560079022,0.013469295518551222,5.9939172749391725,4.1454912072619985,2.2970651395848245,8.290982414523997,3.32129963216392,3.710581951907011,1.848426067677174,"[""TestDateTime_Constructors"", ""DateTime""]","[0.041970802919708027, 0.015032211882605583]","[5.9939172749391725, 2.2970651395848245]"
org.joda.time.TestDateTime_Constructors.testConstructor_invalidObject,0.041970802919708027,0.028501507401156805,0.015032211882605583,0.05700301480231361,0.0221361626068425,0.025118001560079022,0.013469295518551222,5.9939172749391725,4.1454912072619985,2.2970651395848245,8.290982414523997,3.32129963216392,3.710581951907011,1.848426067677174,"[""TestDateTime_Constructors"", ""Object"", ""DateTime""]","[0.041970802919708027, 0.015032211882605583]","[5.9939172749391725, 2.2970651395848245]"
org.joda.time.TestYearMonthDay_Properties.testPropertyAddWrapFieldMonth,0.03952011291460833,0.02844061201285972,0.017361111111111112,0.05688122402571944,0.024124413044414768,0.02619376016218696,0.011079500901748609,3.5356386732533522,2.8181665588488984,2.1006944444444446,5.636333117697797,2.635506583223378,2.7253066833782658,0.7174721144044538,"[""YearMonthDay"", ""TestYearMonthDay_Properties"", ""YearMonthDay$Property""]","[0.03952011291460833, 0.017361111111111112]","[3.5356386732533522, 2.1006944444444446]"
org.joda.time.TestYearMonthDay_Properties.testPropertySetTextYear,0.03952011291460833,0.02844061201285972,0.017361111111111112,0.05688122402571944,0.024124413044414768,0.02619376016218696,0.011079500901748609,3.5356386732533522,2.8181665588488984,2.1006944444444446,5.636333117697797,2.635506583223378,2.7253066833782658,0.7174721144044538,"[""YearMonthDay"", ""TestYearMonthDay_Properties"", ""YearMonthDay$Property""]","[0.03952011291460833, 0.017361111111111112]","[3.5356386732533522, 2.1006944444444446]"
org.joda.time.TestYearMonthDay_Properties.testPropertySetDay,0.03952011291460833,0.02844061201285972,0.017361111111111112,0.05688122402571944,0.024124413044414768,0.02619376016218696,0.011079500901748609,3.5356386732533522,2.8181665588488984,2.1006944444444446,5.636333117697797,2.635506583223378,2.7253066833782658,0.7174721144044538,"[""YearMonthDay"", ""TestYearMonthDay_Properties"", ""YearMonthDay$Property""]","[0.03952011291460833, 0.017361111111111112]","[3.5356386732533522, 2.1006944444444446]"
org.joda.time.TestYearMonthDay_Properties.testPropertyAddWrapFieldYear,0.03952011291460833,0.02844061201285972,0.017361111111111112,0.05688122402571944,0.024124413044414768,0.02619376016218696,0.011079500901748609,3.5356386732533522,2.8181665588488984,2.1006944444444446,5.636333117697797,2.635506583223378,2.7253066833782658,0.7174721144044538,"[""YearMonthDay"", ""TestYearMonthDay_Properties"", ""YearMonthDay$Property""]","[0.03952011291460833, 0.017361111111111112]","[3.5356386732533522, 2.1006944444444446]"
org.joda.time.TestYearMonthDay_Properties.testPropertySetTextDay,0.03952011291460833,0.02844061201285972,0.017361111111111112,0.05688122402571944,0.024124413044414768,0.02619376016218696,0.011079500901748609,3.5356386732533522,2.8181665588488984,2.1006944444444446,5.636333117697797,2.635506583223378,2.7253066833782658,0.7174721144044538,"[""YearMonthDay"", ""TestYearMonthDay_Properties"", ""YearMonthDay$Property""]","[0.03952011291460833, 0.017361111111111112]","[3.5356386732533522, 2.1006944444444446]"
org.joda.time.TestYearMonthDay_Properties.testPropertyAddWrapFieldDay,0.03952011291460833,0.02844061201285972,0.017361111111111112,0.05688122402571944,0.024124413044414768,0.02619376016218696,0.011079500901748609,3.5356386732533522,2.8181665588488984,2.1006944444444446,5.636333117697797,2.635506583223378,2.7253066833782658,0.7174721144044538,"[""YearMonthDay"", ""TestYearMonthDay_Properties"", ""YearMonthDay$Property""]","[0.03952011291460833, 0.017361111111111112]","[3.5356386732533522, 2.1006944444444446]"
org.joda.time.TestYearMonthDay_Properties.testPropertyGetMaxMinValuesYear,0.03952011291460833,0.02844061201285972,0.017361111111111112,0.05688122402571944,0.024124413044414768,0.02619376016218696,0.011079500901748609,3.5356386732533522,2.8181665588488984,2.1006944444444446,5.636333117697797,2.635506583223378,2.7253066833782658,0.7174721144044538,"[""YearMonthDay"", ""TestYearMonthDay_Properties"", ""YearMonthDay$Property""]","[0.03952011291460833, 0.017361111111111112]","[3.5356386732533522, 2.1006944444444446]"
org.joda.time.TestYearMonthDay_Properties.testPropertyWithMaximumValueDayOfMonth,0.03952011291460833,0.02844061201285972,0.017361111111111112,0.05688122402571944,0.024124413044414768,0.02619376016218696,0.011079500901748609,3.5356386732533522,2.8181665588488984,2.1006944444444446,5.636333117697797,2.635506583223378,2.7253066833782658,0.7174721144044538,"[""YearMonthDay"", ""TestYearMonthDay_Properties"", ""YearMonthDay$Property""]","[0.03952011291460833, 0.017361111111111112]","[3.5356386732533522, 2.1006944444444446]"
org.joda.time.TestYearMonthDay_Properties.testPropertySetTextMonth,0.03952011291460833,0.02844061201285972,0.017361111111111112,0.05688122402571944,0.024124413044414768,0.02619376016218696,0.011079500901748609,3.5356386732533522,2.8181665588488984,2.1006944444444446,5.636333117697797,2.635506583223378,2.7253066833782658,0.7174721144044538,"[""YearMonthDay"", ""TestYearMonthDay_Properties"", ""YearMonthDay$Property""]","[0.03952011291460833, 0.017361111111111112]","[3.5356386732533522, 2.1006944444444446]"
org.joda.time.TestYearMonthDay_Properties.testPropertySetMonth,0.03952011291460833,0.02844061201285972,0.017361111111111112,0.05688122402571944,0.024124413044414768,0.02619376016218696,0.011079500901748609,3.5356386732533522,2.8181665588488984,2.1006944444444446,5.636333117697797,2.635506583223378,2.7253066833782658,0.7174721144044538,"[""YearMonthDay"", ""TestYearMonthDay_Properties"", ""YearMonthDay$Property""]","[0.03952011291460833, 0.017361111111111112]","[3.5356386732533522, 2.1006944444444446]"
org.joda.time.TestYearMonthDay_Properties.testPropertyGetMaxMinValuesDay,0.03952011291460833,0.02844061201285972,0.017361111111111112,0.05688122402571944,0.024124413044414768,0.02619376016218696,0.011079500901748609,3.5356386732533522,2.8181665588488984,2.1006944444444446,5.636333117697797,2.635506583223378,2.7253066833782658,0.7174721144044538,"[""YearMonthDay"", ""TestYearMonthDay_Properties"", ""YearMonthDay$Property""]","[0.03952011291460833, 0.017361111111111112]","[3.5356386732533522, 2.1006944444444446]"
org.joda.time.TestYearMonthDay_Properties.testPropertyHashCode,0.03952011291460833,0.02844061201285972,0.017361111111111112,0.05688122402571944,0.024124413044414768,0.02619376016218696,0.011079500901748609,3.5356386732533522,2.8181665588488984,2.1006944444444446,5.636333117697797,2.635506583223378,2.7253066833782658,0.7174721144044538,"[""YearMonthDay"", ""TestYearMonthDay_Properties"", ""YearMonthDay$Property""]","[0.03952011291460833, 0.017361111111111112]","[3.5356386732533522, 2.1006944444444446]"
org.joda.time.TestYearMonthDay_Properties.testPropertySetYear,0.03952011291460833,0.02844061201285972,0.017361111111111112,0.05688122402571944,0.024124413044414768,0.02619376016218696,0.011079500901748609,3.5356386732533522,2.8181665588488984,2.1006944444444446,5.636333117697797,2.635506583223378,2.7253066833782658,0.7174721144044538,"[""YearMonthDay"", ""TestYearMonthDay_Properties"", ""YearMonthDay$Property""]","[0.03952011291460833, 0.017361111111111112]","[3.5356386732533522, 2.1006944444444446]"
org.joda.time.TestYearMonthDay_Properties.testPropertyWithMinimumValueDayOfMonth,0.03952011291460833,0.02844061201285972,0.017361111111111112,0.05688122402571944,0.024124413044414768,0.02619376016218696,0.011079500901748609,3.5356386732533522,2.8181665588488984,2.1006944444444446,5.636333117697797,2.635506583223378,2.7253066833782658,0.7174721144044538,"[""YearMonthDay"", ""TestYearMonthDay_Properties"", ""YearMonthDay$Property""]","[0.03952011291460833, 0.017361111111111112]","[3.5356386732533522, 2.1006944444444446]"
org.joda.time.TestYearMonthDay_Properties.testPropertyAddYear,0.03952011291460833,0.02844061201285972,0.017361111111111112,0.05688122402571944,0.024124413044414768,0.02619376016218696,0.011079500901748609,3.5356386732533522,2.8181665588488984,2.1006944444444446,5.636333117697797,2.635506583223378,2.7253066833782658,0.7174721144044538,"[""YearMonthDay"", ""TestYearMonthDay_Properties"", ""YearMonthDay$Property""]","[0.03952011291460833, 0.017361111111111112]","[3.5356386732533522, 2.1006944444444446]"
org.joda.time.TestYearMonthDay_Properties.testPropertyAddMonth,0.03952011291460833,0.02844061201285972,0.017361111111111112,0.05688122402571944,0.024124413044414768,0.02619376016218696,0.011079500901748609,3.5356386732533522,2.8181665588488984,2.1006944444444446,5.636333117697797,2.635506583223378,2.7253066833782658,0.7174721144044538,"[""YearMonthDay"", ""TestYearMonthDay_Properties"", ""YearMonthDay$Property""]","[0.03952011291460833, 0.017361111111111112]","[3.5356386732533522, 2.1006944444444446]"
org.joda.time.TestYearMonthDay_Properties.testPropertyAddDay,0.03952011291460833,0.02844061201285972,0.017361111111111112,0.05688122402571944,0.024124413044414768,0.02619376016218696,0.011079500901748609,3.5356386732533522,2.8181665588488984,2.1006944444444446,5.636333117697797,2.635506583223378,2.7253066833782658,0.7174721144044538,"[""YearMonthDay"", ""TestYearMonthDay_Properties"", ""YearMonthDay$Property""]","[0.03952011291460833, 0.017361111111111112]","[3.5356386732533522, 2.1006944444444446]"
org.joda.time.TestYearMonthDay_Properties.testPropertyGetMaxMinValuesMonth,0.03952011291460833,0.02844061201285972,0.017361111111111112,0.05688122402571944,0.024124413044414768,0.02619376016218696,0.011079500901748609,3.5356386732533522,2.8181665588488984,2.1006944444444446,5.636333117697797,2.635506583223378,2.7253066833782658,0.7174721144044538,"[""YearMonthDay"", ""TestYearMonthDay_Properties"", ""YearMonthDay$Property""]","[0.03952011291460833, 0.017361111111111112]","[3.5356386732533522, 2.1006944444444446]"
org.joda.time.chrono.TestIslamicChronology.testTimeFields,0.022818791946308724,0.018897271346690832,0.016423357664233577,0.0566918140400725,0.01851621992316715,0.01870024198275479,0.00280440953429226,3.931543624161074,2.6948796246400715,1.8953771289537713,8.084638873920214,2.4492243199107264,2.5623757632592614,0.8868769679339074,"[""DateTimeField"", ""IslamicChronology"", ""TestIslamicChronology""]","[0.022818791946308724, 0.0174496644295302, 0.016423357664233577]","[2.257718120805369, 3.931543624161074, 1.8953771289537713]"
org.joda.time.chrono.TestIslamicChronology.testDateFields,0.022818791946308724,0.018897271346690832,0.016423357664233577,0.0566918140400725,0.01851621992316715,0.01870024198275479,0.00280440953429226,3.931543624161074,2.6948796246400715,1.8953771289537713,8.084638873920214,2.4492243199107264,2.5623757632592614,0.8868769679339074,"[""DateTimeField"", ""IslamicChronology"", ""TestIslamicChronology""]","[0.022818791946308724, 0.0174496644295302, 0.016423357664233577]","[2.257718120805369, 3.931543624161074, 1.8953771289537713]"
org.joda.time.TestMutableInterval_Basics.testSerialization,0.022029897718332022,0.014161971194123511,0.007633587786259542,0.056647884776494045,0.011139880579966822,0.012554293220258283,0.006596739937298318,1.931549960660897,0.8664812327198553,0.09541984732824428,3.4659249308794213,0.18952347668534492,0.4024698266406172,0.7941509147398975,"[""TestMutableInterval_Basics"", ""ByteArrayOutputStream"", ""ObjectInputStream"", ""MutableInterval"", ""ObjectOutputStream"", ""ByteArrayInputStream""]","[0.022029897718332022, 0.019350811485642945, 0.007633587786259542, 0.007633587786259542]","[1.931549960660897, 1.3320848938826466, 0.09541984732824428, 0.10687022900763359]"
org.joda.time.TestMutableInterval_Updates.testSetInterval_RInterval1,0.02372034956304619,0.018868730965274295,0.013535031847133758,0.05660619289582289,0.01788720325696085,0.018383428754326678,0.004172087843802676,1.618601747815231,1.4522458657039634,1.3320848938826466,4.3567375971118905,1.4424936328398614,1.4472969805953546,0.12144533530050718,"[""MutableInterval"", ""TestMutableInterval_Updates"", ""Interval""]","[0.02372034956304619, 0.019350811485642945, 0.013535031847133758]","[1.618601747815231, 1.3320848938826466, 1.4060509554140128]"
org.joda.time.TestSerialization.testSerializedInstant,0.02178649237472767,0.01412959703547349,0.007633587786259542,0.05651838814189396,0.011133532809129498,0.012537854397791932,0.006547668625006736,2.4553376906318083,0.9156234867540869,0.09541984732824428,3.6624939470163476,0.18832767485987265,0.39827104117194584,0.9624837570021862,"[""StringBuilder"", ""ByteArrayOutputStream"", ""ObjectInputStream"", ""TestSerialization"", ""Instant"", ""FileInputStream"", ""ObjectOutputStream"", ""ByteArrayInputStream""]","[0.02178649237472767, 0.019464720194647202, 0.007633587786259542, 0.007633587786259542]","[2.4553376906318083, 1.0048661800486618, 0.09541984732824428, 0.10687022900763359]"
org.joda.time.TestSerialization.testSerializedJulianChronology,0.02178649237472767,0.01412959703547349,0.007633587786259542,0.05651838814189396,0.011133532809129498,0.012537854397791932,0.006547668625006736,2.4553376906318083,0.8763899101117512,0.09541984732824428,3.5055596404470046,0.18670859908057855,0.3817173605047553,0.961244080869792,"[""StringBuilder"", ""ByteArrayOutputStream"", ""ObjectInputStream"", ""TestSerialization"", ""FileInputStream"", ""JulianChronology"", ""ObjectOutputStream"", ""ByteArrayInputStream""]","[0.02178649237472767, 0.019464720194647202, 0.007633587786259542, 0.007633587786259542]","[2.4553376906318083, 0.8479318734793188, 0.09541984732824428, 0.10687022900763359]"
org.joda.time.convert.TestNullConverter.testGetPeriodType_Object,0.021505376344086023,0.018824570501412348,0.014005602240896359,0.056473711504237044,0.01811553686847226,0.018482706998999798,0.003414718806727092,3.9332298136645965,1.6877771055437913,0.3487394957983193,5.063331316631374,0.6815811197334294,1.023373694463178,1.5975677257717629,"[""PeriodType"", ""TestNullConverter"", ""NullConverter""]","[0.021505376344086023, 0.02096273291925466, 0.014005602240896359]","[0.7813620071684588, 3.9332298136645965, 0.3487394957983193]"
org.joda.time.TestPartial_Properties.testPropertySetHour,0.024943310657596373,0.01874680416021131,0.013605442176870748,0.056240412480633925,0.017635158347435523,0.018175168428106476,0.004688412160543379,3.6621315192743764,2.6127403128245588,1.9410430839002268,7.838220938473676,2.427832774552936,2.5139224777555307,0.7516763071468666,"[""TestPartial_Properties"", ""Partial"", ""DateTimeFieldType"", ""Partial$Property""]","[0.024943310657596373, 0.017691659646166806, 0.013605442176870748]","[3.6621315192743764, 2.2350463352990735, 1.9410430839002268]"
org.joda.time.TestPartial_Properties.testPropertyWithMaximumValueHour,0.024943310657596373,0.01874680416021131,0.013605442176870748,0.056240412480633925,0.017635158347435523,0.018175168428106476,0.004688412160543379,3.6621315192743764,2.6127403128245588,1.9410430839002268,7.838220938473676,2.427832774552936,2.5139224777555307,0.7516763071468666,"[""TestPartial_Properties"", ""Partial"", ""DateTimeFieldType"", ""Partial$Property""]","[0.024943310657596373, 0.017691659646166806, 0.013605442176870748]","[3.6621315192743764, 2.2350463352990735, 1.9410430839002268]"
org.joda.time.TestPartial_Properties.testPropertyAddWrapFieldMinute,0.024943310657596373,0.01874680416021131,0.013605442176870748,0.056240412480633925,0.017635158347435523,0.018175168428106476,0.004688412160543379,3.6621315192743764,2.6127403128245588,1.9410430839002268,7.838220938473676,2.427832774552936,2.5139224777555307,0.7516763071468666,"[""TestPartial_Properties"", ""Partial"", ""DateTimeFieldType"", ""Partial$Property""]","[0.024943310657596373, 0.017691659646166806, 0.013605442176870748]","[3.6621315192743764, 2.2350463352990735, 1.9410430839002268]"
org.joda.time.TestPartial_Properties.testPropertyAddHour,0.024943310657596373,0.01874680416021131,0.013605442176870748,0.056240412480633925,0.017635158347435523,0.018175168428106476,0.004688412160543379,3.6621315192743764,2.6127403128245588,1.9410430839002268,7.838220938473676,2.427832774552936,2.5139224777555307,0.7516763071468666,"[""TestPartial_Properties"", ""Partial"", ""DateTimeFieldType"", ""Partial$Property""]","[0.024943310657596373, 0.017691659646166806, 0.013605442176870748]","[3.6621315192743764, 2.2350463352990735, 1.9410430839002268]"
org.joda.time.TestPartial_Properties.testPropertyAddWrapFieldHour,0.024943310657596373,0.01874680416021131,0.013605442176870748,0.056240412480633925,0.017635158347435523,0.018175168428106476,0.004688412160543379,3.6621315192743764,2.6127403128245588,1.9410430839002268,7.838220938473676,2.427832774552936,2.5139224777555307,0.7516763071468666,"[""TestPartial_Properties"", ""Partial"", ""DateTimeFieldType"", ""Partial$Property""]","[0.024943310657596373, 0.017691659646166806, 0.013605442176870748]","[3.6621315192743764, 2.2350463352990735, 1.9410430839002268]"
org.joda.time.TestPartial_Properties.testPropertyWithMinimumValueHour,0.024943310657596373,0.01874680416021131,0.013605442176870748,0.056240412480633925,0.017635158347435523,0.018175168428106476,0.004688412160543379,3.6621315192743764,2.6127403128245588,1.9410430839002268,7.838220938473676,2.427832774552936,2.5139224777555307,0.7516763071468666,"[""TestPartial_Properties"", ""Partial"", ""DateTimeFieldType"", ""Partial$Property""]","[0.024943310657596373, 0.017691659646166806, 0.013605442176870748]","[3.6621315192743764, 2.2350463352990735, 1.9410430839002268]"
org.joda.time.TestPartial_Properties.testPropertySetTextHour,0.024943310657596373,0.01874680416021131,0.013605442176870748,0.056240412480633925,0.017635158347435523,0.018175168428106476,0.004688412160543379,3.6621315192743764,2.6127403128245588,1.9410430839002268,7.838220938473676,2.427832774552936,2.5139224777555307,0.7516763071468666,"[""TestPartial_Properties"", ""Partial"", ""DateTimeFieldType"", ""Partial$Property""]","[0.024943310657596373, 0.017691659646166806, 0.013605442176870748]","[3.6621315192743764, 2.2350463352990735, 1.9410430839002268]"
org.joda.time.TestPartial_Properties.testPropertyGetMaxMinValuesMinute,0.024943310657596373,0.01874680416021131,0.013605442176870748,0.056240412480633925,0.017635158347435523,0.018175168428106476,0.004688412160543379,3.6621315192743764,2.6127403128245588,1.9410430839002268,7.838220938473676,2.427832774552936,2.5139224777555307,0.7516763071468666,"[""DateTimeFieldType"", ""TestPartial_Properties"", ""Partial"", ""Partial$Property""]","[0.024943310657596373, 0.017691659646166806, 0.013605442176870748]","[3.6621315192743764, 2.2350463352990735, 1.9410430839002268]"
org.joda.time.TestPartial_Properties.testPropertySetTextMinute,0.024943310657596373,0.01874680416021131,0.013605442176870748,0.056240412480633925,0.017635158347435523,0.018175168428106476,0.004688412160543379,3.6621315192743764,2.6127403128245588,1.9410430839002268,7.838220938473676,2.427832774552936,2.5139224777555307,0.7516763071468666,"[""TestPartial_Properties"", ""Partial"", ""DateTimeFieldType"", ""Partial$Property""]","[0.024943310657596373, 0.017691659646166806, 0.013605442176870748]","[3.6621315192743764, 2.2350463352990735, 1.9410430839002268]"
org.joda.time.TestPartial_Properties.testPropertyAddMinute,0.024943310657596373,0.01874680416021131,0.013605442176870748,0.056240412480633925,0.017635158347435523,0.018175168428106476,0.004688412160543379,3.6621315192743764,2.6127403128245588,1.9410430839002268,7.838220938473676,2.427832774552936,2.5139224777555307,0.7516763071468666,"[""TestPartial_Properties"", ""Partial"", ""DateTimeFieldType"", ""Partial$Property""]","[0.024943310657596373, 0.017691659646166806, 0.013605442176870748]","[3.6621315192743764, 2.2350463352990735, 1.9410430839002268]"
org.joda.time.TestPartial_Properties.testPropertySetMinute,0.024943310657596373,0.01874680416021131,0.013605442176870748,0.056240412480633925,0.017635158347435523,0.018175168428106476,0.004688412160543379,3.6621315192743764,2.6127403128245588,1.9410430839002268,7.838220938473676,2.427832774552936,2.5139224777555307,0.7516763071468666,"[""TestPartial_Properties"", ""Partial"", ""DateTimeFieldType"", ""Partial$Property""]","[0.024943310657596373, 0.017691659646166806, 0.013605442176870748]","[3.6621315192743764, 2.2350463352990735, 1.9410430839002268]"
org.joda.time.TestPartial_Properties.testPropertyGetMaxMinValuesHour,0.024943310657596373,0.01874680416021131,0.013605442176870748,0.056240412480633925,0.017635158347435523,0.018175168428106476,0.004688412160543379,3.6621315192743764,2.6127403128245588,1.9410430839002268,7.838220938473676,2.427832774552936,2.5139224777555307,0.7516763071468666,"[""DateTimeFieldType"", ""TestPartial_Properties"", ""Partial"", ""Partial$Property""]","[0.024943310657596373, 0.017691659646166806, 0.013605442176870748]","[3.6621315192743764, 2.2350463352990735, 1.9410430839002268]"
org.joda.time.TestMutablePeriod_Updates.testSet_Field,0.021756021756021756,0.01871646720862045,0.013479359730412805,0.05614940162586136,0.017860693676897056,0.018304677850678918,0.0037191139387683005,5.986057319907049,3.485040105730819,1.2468407750631845,10.455120317192456,2.344800177310416,2.886483761835854,1.94368178030757,"[""MutablePeriod"", ""TestMutablePeriod_Updates"", ""DurationFieldType""]","[0.021756021756021756, 0.020914020139426802, 0.013479359730412805]","[3.2222222222222223, 5.986057319907049, 1.2468407750631845]"
org.joda.time.TestYearMonth_Properties.testPropertySetTextMonth,0.03618421052631579,0.027960526315789474,0.019736842105263157,0.05592105263157895,0.02554179566563467,0.02672381054156565,0.008223684210526317,6.592105263157895,4.503289473684211,2.414473684210526,9.006578947368421,3.5344085194725308,3.989544420286663,2.0888157894736845,"[""TestYearMonth_Properties"", ""YearMonth"", ""YearMonth$Property""]","[0.03618421052631579, 0.019736842105263157]","[6.592105263157895, 2.414473684210526]"
org.joda.time.TestYearMonth_Properties.testPropertyAddWrapFieldYear,0.03618421052631579,0.027960526315789474,0.019736842105263157,0.05592105263157895,0.02554179566563467,0.02672381054156565,0.008223684210526317,6.592105263157895,4.503289473684211,2.414473684210526,9.006578947368421,3.5344085194725308,3.989544420286663,2.0888157894736845,"[""TestYearMonth_Properties"", ""YearMonth"", ""YearMonth$Property""]","[0.03618421052631579, 0.019736842105263157]","[6.592105263157895, 2.414473684210526]"
org.joda.time.TestYearMonth_Properties.testPropertyAddWrapFieldMonth,0.03618421052631579,0.027960526315789474,0.019736842105263157,0.05592105263157895,0.02554179566563467,0.02672381054156565,0.008223684210526317,6.592105263157895,4.503289473684211,2.414473684210526,9.006578947368421,3.5344085194725308,3.989544420286663,2.0888157894736845,"[""TestYearMonth_Properties"", ""YearMonth"", ""YearMonth$Property""]","[0.03618421052631579, 0.019736842105263157]","[6.592105263157895, 2.414473684210526]"
org.joda.time.TestYearMonth_Properties.testPropertySetYear,0.03618421052631579,0.027960526315789474,0.019736842105263157,0.05592105263157895,0.02554179566563467,0.02672381054156565,0.008223684210526317,6.592105263157895,4.503289473684211,2.414473684210526,9.006578947368421,3.5344085194725308,3.989544420286663,2.0888157894736845,"[""TestYearMonth_Properties"", ""YearMonth"", ""YearMonth$Property""]","[0.03618421052631579, 0.019736842105263157]","[6.592105263157895, 2.414473684210526]"
org.joda.time.TestYearMonth_Properties.testPropertySetTextYear,0.03618421052631579,0.027960526315789474,0.019736842105263157,0.05592105263157895,0.02554179566563467,0.02672381054156565,0.008223684210526317,6.592105263157895,4.503289473684211,2.414473684210526,9.006578947368421,3.5344085194725308,3.989544420286663,2.0888157894736845,"[""TestYearMonth_Properties"", ""YearMonth"", ""YearMonth$Property""]","[0.03618421052631579, 0.019736842105263157]","[6.592105263157895, 2.414473684210526]"
org.joda.time.TestYearMonth_Properties.testPropertyGetMaxMinValuesYear,0.03618421052631579,0.027960526315789474,0.019736842105263157,0.05592105263157895,0.02554179566563467,0.02672381054156565,0.008223684210526317,6.592105263157895,4.503289473684211,2.414473684210526,9.006578947368421,3.5344085194725308,3.989544420286663,2.0888157894736845,"[""YearMonth$Property"", ""TestYearMonth_Properties"", ""YearMonth""]","[0.03618421052631579, 0.019736842105263157]","[6.592105263157895, 2.414473684210526]"
org.joda.time.TestYearMonth_Properties.testPropertyAddMonth,0.03618421052631579,0.027960526315789474,0.019736842105263157,0.05592105263157895,0.02554179566563467,0.02672381054156565,0.008223684210526317,6.592105263157895,4.503289473684211,2.414473684210526,9.006578947368421,3.5344085194725308,3.989544420286663,2.0888157894736845,"[""TestYearMonth_Properties"", ""YearMonth"", ""YearMonth$Property""]","[0.03618421052631579, 0.019736842105263157]","[6.592105263157895, 2.414473684210526]"
org.joda.time.TestYearMonth_Properties.testPropertyGetMaxMinValuesMonth,0.03618421052631579,0.027960526315789474,0.019736842105263157,0.05592105263157895,0.02554179566563467,0.02672381054156565,0.008223684210526317,6.592105263157895,4.503289473684211,2.414473684210526,9.006578947368421,3.5344085194725308,3.989544420286663,2.0888157894736845,"[""YearMonth$Property"", ""TestYearMonth_Properties"", ""YearMonth""]","[0.03618421052631579, 0.019736842105263157]","[6.592105263157895, 2.414473684210526]"
org.joda.time.TestYearMonth_Properties.testPropertyHashCode,0.03618421052631579,0.027960526315789474,0.019736842105263157,0.05592105263157895,0.02554179566563467,0.02672381054156565,0.008223684210526317,6.592105263157895,4.503289473684211,2.414473684210526,9.006578947368421,3.5344085194725308,3.989544420286663,2.0888157894736845,"[""YearMonth$Property"", ""TestYearMonth_Properties"", ""YearMonth""]","[0.03618421052631579, 0.019736842105263157]","[6.592105263157895, 2.414473684210526]"
org.joda.time.TestYearMonth_Properties.testPropertyAddYear,0.03618421052631579,0.027960526315789474,0.019736842105263157,0.05592105263157895,0.02554179566563467,0.02672381054156565,0.008223684210526317,6.592105263157895,4.503289473684211,2.414473684210526,9.006578947368421,3.5344085194725308,3.989544420286663,2.0888157894736845,"[""TestYearMonth_Properties"", ""YearMonth"", ""YearMonth$Property""]","[0.03618421052631579, 0.019736842105263157]","[6.592105263157895, 2.414473684210526]"
org.joda.time.TestYearMonth_Properties.testPropertySetMonth,0.03618421052631579,0.027960526315789474,0.019736842105263157,0.05592105263157895,0.02554179566563467,0.02672381054156565,0.008223684210526317,6.592105263157895,4.503289473684211,2.414473684210526,9.006578947368421,3.5344085194725308,3.989544420286663,2.0888157894736845,"[""TestYearMonth_Properties"", ""YearMonth"", ""YearMonth$Property""]","[0.03618421052631579, 0.019736842105263157]","[6.592105263157895, 2.414473684210526]"
org.joda.time.TestInstant_Basics.testGet_DateTimeFieldType,0.019464720194647202,0.018589229930235544,0.017691659646166806,0.055767689790706634,0.018560959096201406,0.018575102869853498,0.0007240172984100328,2.2350463352990735,1.7657260281414426,1.0048661800486618,5.297178084424328,1.5554861203930945,1.6655654606661143,0.5428826033557594,"[""DateTimeFieldType"", ""TestInstant_Basics"", ""Instant""]","[0.019464720194647202, 0.018611309949892626, 0.017691659646166806]","[1.0048661800486618, 2.0572655690765926, 2.2350463352990735]"
org.joda.time.format.TestPeriodFormatter.testParsePeriod_simple,0.031857031857031856,0.01850843449204105,0.009324009324009324,0.05552530347612315,0.01439853506193795,0.0162117068634832,0.009658830974221487,5.1313131313131315,2.434656039164236,1.055327868852459,7.303968117492707,1.4724303964313599,1.822211380310171,1.9069924980066664,"[""PeriodFormatter"", ""TestPeriodFormatter"", ""Period""]","[0.031857031857031856, 0.014344262295081968, 0.009324009324009324]","[5.1313131313131315, 1.055327868852459, 1.1173271173271173]"
org.joda.time.format.TestPeriodFormatter.testPrint_bufferMethods,0.031857031857031856,0.01850843449204105,0.009324009324009324,0.05552530347612315,0.01439853506193795,0.0162117068634832,0.009658830974221487,5.1313131313131315,2.434656039164236,1.055327868852459,7.303968117492707,1.4724303964313599,1.822211380310171,1.9069924980066664,"[""StringBuffer"", ""PeriodFormatter"", ""TestPeriodFormatter"", ""Period""]","[0.031857031857031856, 0.014344262295081968, 0.009324009324009324]","[5.1313131313131315, 1.055327868852459, 1.1173271173271173]"
org.joda.time.format.TestPeriodFormatter.testPrint_simple,0.031857031857031856,0.01850843449204105,0.009324009324009324,0.05552530347612315,0.01439853506193795,0.0162117068634832,0.009658830974221487,5.1313131313131315,2.434656039164236,1.055327868852459,7.303968117492707,1.4724303964313599,1.822211380310171,1.9069924980066664,"[""PeriodFormatter"", ""TestPeriodFormatter"", ""Period""]","[0.031857031857031856, 0.014344262295081968, 0.009324009324009324]","[5.1313131313131315, 1.055327868852459, 1.1173271173271173]"
org.joda.time.format.TestPeriodFormatter.testPrinterParserMethods,0.031857031857031856,0.01850843449204105,0.009324009324009324,0.05552530347612315,0.01439853506193795,0.0162117068634832,0.009658830974221487,5.1313131313131315,2.434656039164236,1.055327868852459,7.303968117492707,1.4724303964313599,1.822211380310171,1.9069924980066664,"[""PeriodFormatter"", ""TestPeriodFormatter"", ""Period""]","[0.031857031857031856, 0.014344262295081968, 0.009324009324009324]","[5.1313131313131315, 1.055327868852459, 1.1173271173271173]"
org.joda.time.TestYearMonthDay_Constructors.testConstructor_long_nullChronology,0.03952011291460833,0.027572556457304165,0.015625,0.05514511291460833,0.022395520895820836,0.024849582779007687,0.011947556457304165,3.5356386732533522,2.7126978088488984,1.8897569444444444,5.425395617697797,2.4630453543448985,2.5848593261194823,0.8229408644044539,"[""YearMonthDay"", ""TestYearMonthDay_Constructors""]","[0.03952011291460833, 0.015625]","[3.5356386732533522, 1.8897569444444444]"
org.joda.time.TestYearMonthDay_Constructors.testConstructor_long1,0.03952011291460833,0.027572556457304165,0.015625,0.05514511291460833,0.022395520895820836,0.024849582779007687,0.011947556457304165,3.5356386732533522,2.7126978088488984,1.8897569444444444,5.425395617697797,2.4630453543448985,2.5848593261194823,0.8229408644044539,"[""YearMonthDay"", ""TestYearMonthDay_Constructors""]","[0.03952011291460833, 0.015625]","[3.5356386732533522, 1.8897569444444444]"
org.joda.time.TestYearMonthDay_Constructors.testConstructor_nullObject,0.03952011291460833,0.027572556457304165,0.015625,0.05514511291460833,0.022395520895820836,0.024849582779007687,0.011947556457304165,3.5356386732533522,2.7126978088488984,1.8897569444444444,5.425395617697797,2.4630453543448985,2.5848593261194823,0.8229408644044539,"[""YearMonthDay"", ""TestYearMonthDay_Constructors""]","[0.03952011291460833, 0.015625]","[3.5356386732533522, 1.8897569444444444]"
org.joda.time.TestYearMonthDay_Constructors.testConstructor_int_int_int_nullChronology,0.03952011291460833,0.027572556457304165,0.015625,0.05514511291460833,0.022395520895820836,0.024849582779007687,0.011947556457304165,3.5356386732533522,2.7126978088488984,1.8897569444444444,5.425395617697797,2.4630453543448985,2.5848593261194823,0.8229408644044539,"[""YearMonthDay"", ""TestYearMonthDay_Constructors""]","[0.03952011291460833, 0.015625]","[3.5356386732533522, 1.8897569444444444]"
org.joda.time.TestYearMonthDay_Constructors.testConstructor_int_int_int,0.03952011291460833,0.027572556457304165,0.015625,0.05514511291460833,0.022395520895820836,0.024849582779007687,0.011947556457304165,3.5356386732533522,2.7126978088488984,1.8897569444444444,5.425395617697797,2.4630453543448985,2.5848593261194823,0.8229408644044539,"[""YearMonthDay"", ""TestYearMonthDay_Constructors""]","[0.03952011291460833, 0.015625]","[3.5356386732533522, 1.8897569444444444]"
org.joda.time.TestYearMonthDay_Constructors.testConstructor_nullObject_Chronology,0.03952011291460833,0.027572556457304165,0.015625,0.05514511291460833,0.022395520895820836,0.024849582779007687,0.011947556457304165,3.5356386732533522,2.7126978088488984,1.8897569444444444,5.425395617697797,2.4630453543448985,2.5848593261194823,0.8229408644044539,"[""YearMonthDay"", ""TestYearMonthDay_Constructors""]","[0.03952011291460833, 0.015625]","[3.5356386732533522, 1.8897569444444444]"
org.joda.time.TestYearMonthDay_Constructors.testConstructor_ObjectStringEx4,0.03952011291460833,0.027572556457304165,0.015625,0.05514511291460833,0.022395520895820836,0.024849582779007687,0.011947556457304165,3.5356386732533522,2.7126978088488984,1.8897569444444444,5.425395617697797,2.4630453543448985,2.5848593261194823,0.8229408644044539,"[""YearMonthDay"", ""TestYearMonthDay_Constructors""]","[0.03952011291460833, 0.015625]","[3.5356386732533522, 1.8897569444444444]"
org.joda.time.TestYearMonthDay_Constructors.testConstructor_nullObject_nullChronology,0.03952011291460833,0.027572556457304165,0.015625,0.05514511291460833,0.022395520895820836,0.024849582779007687,0.011947556457304165,3.5356386732533522,2.7126978088488984,1.8897569444444444,5.425395617697797,2.4630453543448985,2.5848593261194823,0.8229408644044539,"[""YearMonthDay"", ""TestYearMonthDay_Constructors""]","[0.03952011291460833, 0.015625]","[3.5356386732533522, 1.8897569444444444]"
org.joda.time.TestYearMonthDay_Constructors.testConstructor_ObjectString5,0.03952011291460833,0.027572556457304165,0.015625,0.05514511291460833,0.022395520895820836,0.024849582779007687,0.011947556457304165,3.5356386732533522,2.7126978088488984,1.8897569444444444,5.425395617697797,2.4630453543448985,2.5848593261194823,0.8229408644044539,"[""YearMonthDay"", ""TestYearMonthDay_Constructors""]","[0.03952011291460833, 0.015625]","[3.5356386732533522, 1.8897569444444444]"
org.joda.time.TestYearMonthDay_Constructors.testConstructor_nullChronology,0.03952011291460833,0.027572556457304165,0.015625,0.05514511291460833,0.022395520895820836,0.024849582779007687,0.011947556457304165,3.5356386732533522,2.7126978088488984,1.8897569444444444,5.425395617697797,2.4630453543448985,2.5848593261194823,0.8229408644044539,"[""YearMonthDay"", ""TestYearMonthDay_Constructors""]","[0.03952011291460833, 0.015625]","[3.5356386732533522, 1.8897569444444444]"
org.joda.time.TestYearMonthDay_Constructors.testConstructor_long2,0.03952011291460833,0.027572556457304165,0.015625,0.05514511291460833,0.022395520895820836,0.024849582779007687,0.011947556457304165,3.5356386732533522,2.7126978088488984,1.8897569444444444,5.425395617697797,2.4630453543448985,2.5848593261194823,0.8229408644044539,"[""YearMonthDay"", ""TestYearMonthDay_Constructors""]","[0.03952011291460833, 0.015625]","[3.5356386732533522, 1.8897569444444444]"
org.joda.time.TestYearMonthDay_Constructors.testConstructor_ObjectStringEx1,0.03952011291460833,0.027572556457304165,0.015625,0.05514511291460833,0.022395520895820836,0.024849582779007687,0.011947556457304165,3.5356386732533522,2.7126978088488984,1.8897569444444444,5.425395617697797,2.4630453543448985,2.5848593261194823,0.8229408644044539,"[""YearMonthDay"", ""TestYearMonthDay_Constructors""]","[0.03952011291460833, 0.015625]","[3.5356386732533522, 1.8897569444444444]"
org.joda.time.TestYearMonthDay_Constructors.testConstructor_long1_Chronology,0.03952011291460833,0.027572556457304165,0.015625,0.05514511291460833,0.022395520895820836,0.024849582779007687,0.011947556457304165,3.5356386732533522,2.7126978088488984,1.8897569444444444,5.425395617697797,2.4630453543448985,2.5848593261194823,0.8229408644044539,"[""YearMonthDay"", ""TestYearMonthDay_Constructors""]","[0.03952011291460833, 0.015625]","[3.5356386732533522, 1.8897569444444444]"
org.joda.time.TestYearMonthDay_Constructors.testConstructor_long2_Chronology,0.03952011291460833,0.027572556457304165,0.015625,0.05514511291460833,0.022395520895820836,0.024849582779007687,0.011947556457304165,3.5356386732533522,2.7126978088488984,1.8897569444444444,5.425395617697797,2.4630453543448985,2.5848593261194823,0.8229408644044539,"[""YearMonthDay"", ""TestYearMonthDay_Constructors""]","[0.03952011291460833, 0.015625]","[3.5356386732533522, 1.8897569444444444]"
org.joda.time.TestYearMonthDay_Constructors.testConstructor_ObjectString2,0.03952011291460833,0.027572556457304165,0.015625,0.05514511291460833,0.022395520895820836,0.024849582779007687,0.011947556457304165,3.5356386732533522,2.7126978088488984,1.8897569444444444,5.425395617697797,2.4630453543448985,2.5848593261194823,0.8229408644044539,"[""YearMonthDay"", ""TestYearMonthDay_Constructors""]","[0.03952011291460833, 0.015625]","[3.5356386732533522, 1.8897569444444444]"
org.joda.time.TestYearMonthDay_Constructors.testConstructor_ObjectString3,0.03952011291460833,0.027572556457304165,0.015625,0.05514511291460833,0.022395520895820836,0.024849582779007687,0.011947556457304165,3.5356386732533522,2.7126978088488984,1.8897569444444444,5.425395617697797,2.4630453543448985,2.5848593261194823,0.8229408644044539,"[""YearMonthDay"", ""TestYearMonthDay_Constructors""]","[0.03952011291460833, 0.015625]","[3.5356386732533522, 1.8897569444444444]"
org.joda.time.TestYearMonthDay_Constructors.testConstructor_ObjectStringEx3,0.03952011291460833,0.027572556457304165,0.015625,0.05514511291460833,0.022395520895820836,0.024849582779007687,0.011947556457304165,3.5356386732533522,2.7126978088488984,1.8897569444444444,5.425395617697797,2.4630453543448985,2.5848593261194823,0.8229408644044539,"[""YearMonthDay"", ""TestYearMonthDay_Constructors""]","[0.03952011291460833, 0.015625]","[3.5356386732533522, 1.8897569444444444]"
org.joda.time.TestYearMonthDay_Constructors.testConstructor_Chronology,0.03952011291460833,0.027572556457304165,0.015625,0.05514511291460833,0.022395520895820836,0.024849582779007687,0.011947556457304165,3.5356386732533522,2.7126978088488984,1.8897569444444444,5.425395617697797,2.4630453543448985,2.5848593261194823,0.8229408644044539,"[""YearMonthDay"", ""TestYearMonthDay_Constructors""]","[0.03952011291460833, 0.015625]","[3.5356386732533522, 1.8897569444444444]"
org.joda.time.TestYearMonthDay_Constructors.testConstructor_int_int_int_Chronology,0.03952011291460833,0.027572556457304165,0.015625,0.05514511291460833,0.022395520895820836,0.024849582779007687,0.011947556457304165,3.5356386732533522,2.7126978088488984,1.8897569444444444,5.425395617697797,2.4630453543448985,2.5848593261194823,0.8229408644044539,"[""YearMonthDay"", ""TestYearMonthDay_Constructors""]","[0.03952011291460833, 0.015625]","[3.5356386732533522, 1.8897569444444444]"
org.joda.time.TestYearMonthDay_Constructors.testConstructor_ObjectStringEx2,0.03952011291460833,0.027572556457304165,0.015625,0.05514511291460833,0.022395520895820836,0.024849582779007687,0.011947556457304165,3.5356386732533522,2.7126978088488984,1.8897569444444444,5.425395617697797,2.4630453543448985,2.5848593261194823,0.8229408644044539,"[""YearMonthDay"", ""TestYearMonthDay_Constructors""]","[0.03952011291460833, 0.015625]","[3.5356386732533522, 1.8897569444444444]"
org.joda.time.TestYearMonthDay_Constructors.testConstructor_ObjectString1,0.03952011291460833,0.027572556457304165,0.015625,0.05514511291460833,0.022395520895820836,0.024849582779007687,0.011947556457304165,3.5356386732533522,2.7126978088488984,1.8897569444444444,5.425395617697797,2.4630453543448985,2.5848593261194823,0.8229408644044539,"[""YearMonthDay"", ""TestYearMonthDay_Constructors""]","[0.03952011291460833, 0.015625]","[3.5356386732533522, 1.8897569444444444]"
org.joda.time.TestYearMonthDay_Constructors.testConstructor,0.03952011291460833,0.027572556457304165,0.015625,0.05514511291460833,0.022395520895820836,0.024849582779007687,0.011947556457304165,3.5356386732533522,2.7126978088488984,1.8897569444444444,5.425395617697797,2.4630453543448985,2.5848593261194823,0.8229408644044539,"[""YearMonthDay"", ""TestYearMonthDay_Constructors""]","[0.03952011291460833, 0.015625]","[3.5356386732533522, 1.8897569444444444]"
org.joda.time.TestYearMonthDay_Constructors.testConstructor_ObjectString4,0.03952011291460833,0.027572556457304165,0.015625,0.05514511291460833,0.022395520895820836,0.024849582779007687,0.011947556457304165,3.5356386732533522,2.7126978088488984,1.8897569444444444,5.425395617697797,2.4630453543448985,2.5848593261194823,0.8229408644044539,"[""YearMonthDay"", ""TestYearMonthDay_Constructors""]","[0.03952011291460833, 0.015625]","[3.5356386732533522, 1.8897569444444444]"
org.joda.time.TestPartial_Constructors.testConstructorEx5_TypeArray_intArray,0.024943310657596373,0.01836887521085379,0.012471655328798186,0.055106625632561364,0.016968658178256615,0.017655590899564432,0.005114001196120039,3.6621315192743764,2.675476518417907,2.129251700680272,8.02642955525372,2.520729650656732,2.5926814296146103,0.6990060534858721,"[""DateTimeFieldType"", ""TestPartial_Constructors"", ""Partial""]","[0.024943310657596373, 0.017691659646166806, 0.012471655328798186]","[3.6621315192743764, 2.2350463352990735, 2.129251700680272]"
org.joda.time.TestPartial_Constructors.testConstructorEx6_TypeArray_intArray,0.024943310657596373,0.01836887521085379,0.012471655328798186,0.055106625632561364,0.016968658178256615,0.017655590899564432,0.005114001196120039,3.6621315192743764,2.675476518417907,2.129251700680272,8.02642955525372,2.520729650656732,2.5926814296146103,0.6990060534858721,"[""DateTimeFieldType"", ""TestPartial_Constructors"", ""Partial""]","[0.024943310657596373, 0.017691659646166806, 0.012471655328798186]","[3.6621315192743764, 2.2350463352990735, 2.129251700680272]"
org.joda.time.TestPartial_Constructors.testConstructorEx2_Type_int_Chrono,0.024943310657596373,0.01836887521085379,0.012471655328798186,0.055106625632561364,0.016968658178256615,0.017655590899564432,0.005114001196120039,3.6621315192743764,2.675476518417907,2.129251700680272,8.02642955525372,2.520729650656732,2.5926814296146103,0.6990060534858721,"[""DateTimeFieldType"", ""TestPartial_Constructors"", ""Partial""]","[0.024943310657596373, 0.017691659646166806, 0.012471655328798186]","[3.6621315192743764, 2.2350463352990735, 2.129251700680272]"
org.joda.time.TestPartial_Constructors.testConstructorEx3_TypeArray_intArray,0.024943310657596373,0.01836887521085379,0.012471655328798186,0.055106625632561364,0.016968658178256615,0.017655590899564432,0.005114001196120039,3.6621315192743764,2.675476518417907,2.129251700680272,8.02642955525372,2.520729650656732,2.5926814296146103,0.6990060534858721,"[""DateTimeFieldType"", ""TestPartial_Constructors"", ""Partial""]","[0.024943310657596373, 0.017691659646166806, 0.012471655328798186]","[3.6621315192743764, 2.2350463352990735, 2.129251700680272]"
org.joda.time.TestPartial_Constructors.testConstructorEx9_TypeArray_intArray,0.024943310657596373,0.01836887521085379,0.012471655328798186,0.055106625632561364,0.016968658178256615,0.017655590899564432,0.005114001196120039,3.6621315192743764,2.675476518417907,2.129251700680272,8.02642955525372,2.520729650656732,2.5926814296146103,0.6990060534858721,"[""DateTimeFieldType"", ""TestPartial_Constructors"", ""Partial""]","[0.024943310657596373, 0.017691659646166806, 0.012471655328798186]","[3.6621315192743764, 2.2350463352990735, 2.129251700680272]"
org.joda.time.TestPartial_Constructors.testConstructorEx2_Type_int,0.024943310657596373,0.01836887521085379,0.012471655328798186,0.055106625632561364,0.016968658178256615,0.017655590899564432,0.005114001196120039,3.6621315192743764,2.675476518417907,2.129251700680272,8.02642955525372,2.520729650656732,2.5926814296146103,0.6990060534858721,"[""DateTimeFieldType"", ""TestPartial_Constructors"", ""Partial""]","[0.024943310657596373, 0.017691659646166806, 0.012471655328798186]","[3.6621315192743764, 2.2350463352990735, 2.129251700680272]"
org.joda.time.TestPartial_Constructors.testConstructor_Type_int,0.024943310657596373,0.01836887521085379,0.012471655328798186,0.055106625632561364,0.016968658178256615,0.017655590899564432,0.005114001196120039,3.6621315192743764,2.675476518417907,2.129251700680272,8.02642955525372,2.520729650656732,2.5926814296146103,0.6990060534858721,"[""DateTimeFieldType"", ""TestPartial_Constructors"", ""Partial""]","[0.024943310657596373, 0.017691659646166806, 0.012471655328798186]","[3.6621315192743764, 2.2350463352990735, 2.129251700680272]"
org.joda.time.TestPartial_Constructors.testConstructorEx7_TypeArray_intArray,0.024943310657596373,0.01836887521085379,0.012471655328798186,0.055106625632561364,0.016968658178256615,0.017655590899564432,0.005114001196120039,3.6621315192743764,2.675476518417907,2.129251700680272,8.02642955525372,2.520729650656732,2.5926814296146103,0.6990060534858721,"[""DateTimeFieldType"", ""TestPartial_Constructors"", ""Partial""]","[0.024943310657596373, 0.017691659646166806, 0.012471655328798186]","[3.6621315192743764, 2.2350463352990735, 2.129251700680272]"
org.joda.time.TestPartial_Constructors.testConstructor_Type_int_Chrono,0.024943310657596373,0.01836887521085379,0.012471655328798186,0.055106625632561364,0.016968658178256615,0.017655590899564432,0.005114001196120039,3.6621315192743764,2.675476518417907,2.129251700680272,8.02642955525372,2.520729650656732,2.5926814296146103,0.6990060534858721,"[""DateTimeFieldType"", ""TestPartial_Constructors"", ""Partial""]","[0.024943310657596373, 0.017691659646166806, 0.012471655328798186]","[3.6621315192743764, 2.2350463352990735, 2.129251700680272]"
org.joda.time.TestPartial_Constructors.testConstructorEx8_TypeArray_intArray,0.024943310657596373,0.01836887521085379,0.012471655328798186,0.055106625632561364,0.016968658178256615,0.017655590899564432,0.005114001196120039,3.6621315192743764,2.675476518417907,2.129251700680272,8.02642955525372,2.520729650656732,2.5926814296146103,0.6990060534858721,"[""DateTimeFieldType"", ""TestPartial_Constructors"", ""Partial""]","[0.024943310657596373, 0.017691659646166806, 0.012471655328798186]","[3.6621315192743764, 2.2350463352990735, 2.129251700680272]"
org.joda.time.field.TestOffsetDateTimeField.test_constructor2,0.017691659646166806,0.013771587102448354,0.009732360097323601,0.055086348409793415,0.013101029210616202,0.013438372224612144,0.0029780127196864493,2.2350463352990735,1.4270494807171668,0.6788321167883211,5.708197922868667,1.054793004937163,1.226799300478954,0.7301859784836792,"[""DateTimeFieldType"", ""TestOffsetDateTimeField"", ""OffsetDateTimeField"", ""ISOChronology""]","[0.017691659646166806, 0.015206812652068127, 0.012455516014234875, 0.009732360097323601]","[2.2350463352990735, 0.7195863746958637, 2.074733096085409, 0.6788321167883211]"
org.joda.time.field.TestOffsetDateTimeField.test_getType,0.017691659646166806,0.013771587102448354,0.009732360097323601,0.055086348409793415,0.013101029210616202,0.013438372224612144,0.0029780127196864493,2.2350463352990735,1.4270494807171668,0.6788321167883211,5.708197922868667,1.054793004937163,1.226799300478954,0.7301859784836792,"[""OffsetDateTimeField"", ""TestOffsetDateTimeField"", ""DateTimeFieldType"", ""ISOChronology""]","[0.017691659646166806, 0.015206812652068127, 0.012455516014234875, 0.009732360097323601]","[2.2350463352990735, 0.7195863746958637, 2.074733096085409, 0.6788321167883211]"
org.joda.time.TestSerialization.testSerializedDateTimeFieldType,0.02178649237472767,0.01368633189835339,0.007633587786259542,0.05474532759341356,0.010976231232604635,0.01224202676672764,0.00622347717685607,2.4553376906318083,1.2231685255666902,0.09541984732824428,4.892674102266761,0.19331294912016786,0.4863773080662046,1.1247306923587628,"[""StringBuilder"", ""ByteArrayOutputStream"", ""DateTimeFieldType"", ""ObjectInputStream"", ""TestSerialization"", ""FileInputStream"", ""ObjectOutputStream"", ""ByteArrayInputStream""]","[0.02178649237472767, 0.017691659646166806, 0.007633587786259542, 0.007633587786259542]","[2.4553376906318083, 2.2350463352990735, 0.09541984732824428, 0.10687022900763359]"
org.joda.time.chrono.TestJulianChronology.testDateFields,0.019464720194647202,0.018248175182481754,0.016423357664233577,0.05474452554744526,0.018149243374956974,0.018199383037367314,0.0013140187952976196,1.8953771289537713,1.35786699107867,0.8479318734793188,4.07360097323601,1.2201797262570448,1.2882530778308494,0.42806204932726855,"[""TestJulianChronology"", ""DateTimeField"", ""JulianChronology""]","[0.019464720194647202, 0.018856447688564478, 0.016423357664233577]","[0.8479318734793188, 1.3302919708029197, 1.8953771289537713]"
org.joda.time.chrono.TestJulianChronology.testTimeFields,0.019464720194647202,0.018248175182481754,0.016423357664233577,0.05474452554744526,0.018149243374956974,0.018199383037367314,0.0013140187952976196,1.8953771289537713,1.35786699107867,0.8479318734793188,4.07360097323601,1.2201797262570448,1.2882530778308494,0.42806204932726855,"[""TestJulianChronology"", ""DateTimeField"", ""JulianChronology""]","[0.019464720194647202, 0.018856447688564478, 0.016423357664233577]","[0.8479318734793188, 1.3302919708029197, 1.8953771289537713]"
org.joda.time.TestMutableDateTime_Basics.testToString_String_String,0.03527980535279805,0.0272981493331598,0.019316493313521546,0.0545962986663196,0.02496440750918783,0.02610521258675488,0.007981656019638253,4.203771289537713,3.40129129112844,2.598811292719168,6.80258258225688,3.211959036779447,3.305269777077089,0.8024799984092723,"[""TestMutableDateTime_Basics"", ""MutableDateTime""]","[0.03527980535279805, 0.019316493313521546]","[4.203771289537713, 2.598811292719168]"
org.joda.time.TestMutableDateTime_Basics.testClone,0.03527980535279805,0.0272981493331598,0.019316493313521546,0.0545962986663196,0.02496440750918783,0.02610521258675488,0.007981656019638253,4.203771289537713,3.40129129112844,2.598811292719168,6.80258258225688,3.211959036779447,3.305269777077089,0.8024799984092723,"[""TestMutableDateTime_Basics"", ""MutableDateTime""]","[0.03527980535279805, 0.019316493313521546]","[4.203771289537713, 2.598811292719168]"
org.joda.time.TestMutableDateTime_Basics.testCopy,0.03527980535279805,0.0272981493331598,0.019316493313521546,0.0545962986663196,0.02496440750918783,0.02610521258675488,0.007981656019638253,4.203771289537713,3.40129129112844,2.598811292719168,6.80258258225688,3.211959036779447,3.305269777077089,0.8024799984092723,"[""TestMutableDateTime_Basics"", ""MutableDateTime""]","[0.03527980535279805, 0.019316493313521546]","[4.203771289537713, 2.598811292719168]"
org.joda.time.TestMutableDateTime_Basics.testToString,0.03527980535279805,0.0272981493331598,0.019316493313521546,0.0545962986663196,0.02496440750918783,0.02610521258675488,0.007981656019638253,4.203771289537713,3.40129129112844,2.598811292719168,6.80258258225688,3.211959036779447,3.305269777077089,0.8024799984092723,"[""TestMutableDateTime_Basics"", ""MutableDateTime""]","[0.03527980535279805, 0.019316493313521546]","[4.203771289537713, 2.598811292719168]"
org.joda.time.TestMutableDateTime_Basics.testToString_String,0.03527980535279805,0.0272981493331598,0.019316493313521546,0.0545962986663196,0.02496440750918783,0.02610521258675488,0.007981656019638253,4.203771289537713,3.40129129112844,2.598811292719168,6.80258258225688,3.211959036779447,3.305269777077089,0.8024799984092723,"[""TestMutableDateTime_Basics"", ""MutableDateTime""]","[0.03527980535279805, 0.019316493313521546]","[4.203771289537713, 2.598811292719168]"
org.joda.time.TestStringConvert.testPeriod,0.031857031857031856,0.027227950956764516,0.022598870056497175,0.05445590191352903,0.026440951229343007,0.02683156580080175,0.0046290809002673405,5.1313131313131315,3.170176339667865,1.2090395480225988,6.34035267933573,1.9569764720707097,2.49077508198658,1.9611367916452664,"[""StringConvert"", ""TestStringConvert"", ""Period""]","[0.031857031857031856, 0.022598870056497175]","[5.1313131313131315, 1.2090395480225988]"
org.joda.time.format.TestPeriodFormatterBuilder.testFormatSuffixPlural3,0.03263403263403263,0.027159384957550096,0.021684737281067557,0.05431876991510019,0.02605583392984968,0.026601887603904778,0.0054746476764825375,6.074592074592075,5.094843993926563,4.115095913261051,10.189687987853127,4.906436595640759,4.999752895982143,0.9797480806655119,"[""PeriodFormatterBuilder"", ""TestPeriodFormatterBuilder""]","[0.03263403263403263, 0.021684737281067557]","[6.074592074592075, 4.115095913261051]"
org.joda.time.format.TestPeriodFormatterBuilder.testToFormatterPrinterParser,0.03263403263403263,0.027159384957550096,0.021684737281067557,0.05431876991510019,0.02605583392984968,0.026601887603904778,0.0054746476764825375,6.074592074592075,5.094843993926563,4.115095913261051,10.189687987853127,4.906436595640759,4.999752895982143,0.9797480806655119,"[""PeriodFormatterBuilder"", ""TestPeriodFormatterBuilder""]","[0.03263403263403263, 0.021684737281067557]","[6.074592074592075, 4.115095913261051]"
org.joda.time.format.TestPeriodFormatterBuilder.testFormatAppend_PrinterParser_null_null,0.03263403263403263,0.027159384957550096,0.021684737281067557,0.05431876991510019,0.02605583392984968,0.026601887603904778,0.0054746476764825375,6.074592074592075,5.094843993926563,4.115095913261051,10.189687987853127,4.906436595640759,4.999752895982143,0.9797480806655119,"[""PeriodFormatterBuilder"", ""TestPeriodFormatterBuilder""]","[0.03263403263403263, 0.021684737281067557]","[6.074592074592075, 4.115095913261051]"
org.joda.time.format.TestPeriodFormatterBuilder.testFormatSuffixSimple4,0.03263403263403263,0.027159384957550096,0.021684737281067557,0.05431876991510019,0.02605583392984968,0.026601887603904778,0.0054746476764825375,6.074592074592075,5.094843993926563,4.115095913261051,10.189687987853127,4.906436595640759,4.999752895982143,0.9797480806655119,"[""PeriodFormatterBuilder"", ""TestPeriodFormatterBuilder""]","[0.03263403263403263, 0.021684737281067557]","[6.074592074592075, 4.115095913261051]"
org.joda.time.format.TestPeriodFormatterBuilder.testFormatPrefixPlural3,0.03263403263403263,0.027159384957550096,0.021684737281067557,0.05431876991510019,0.02605583392984968,0.026601887603904778,0.0054746476764825375,6.074592074592075,5.094843993926563,4.115095913261051,10.189687987853127,4.906436595640759,4.999752895982143,0.9797480806655119,"[""PeriodFormatterBuilder"", ""TestPeriodFormatterBuilder""]","[0.03263403263403263, 0.021684737281067557]","[6.074592074592075, 4.115095913261051]"
org.joda.time.format.TestPeriodFormatterBuilder.testFormatSuffixSimple3,0.03263403263403263,0.027159384957550096,0.021684737281067557,0.05431876991510019,0.02605583392984968,0.026601887603904778,0.0054746476764825375,6.074592074592075,5.094843993926563,4.115095913261051,10.189687987853127,4.906436595640759,4.999752895982143,0.9797480806655119,"[""PeriodFormatterBuilder"", ""TestPeriodFormatterBuilder""]","[0.03263403263403263, 0.021684737281067557]","[6.074592074592075, 4.115095913261051]"
org.joda.time.format.TestPeriodFormatterBuilder.testFormatAppend_PrinterParserThenClear,0.03263403263403263,0.027159384957550096,0.021684737281067557,0.05431876991510019,0.02605583392984968,0.026601887603904778,0.0054746476764825375,6.074592074592075,5.094843993926563,4.115095913261051,10.189687987853127,4.906436595640759,4.999752895982143,0.9797480806655119,"[""PeriodFormatterBuilder"", ""TestPeriodFormatterBuilder""]","[0.03263403263403263, 0.021684737281067557]","[6.074592074592075, 4.115095913261051]"
org.joda.time.format.TestPeriodFormatterBuilder.testFormatPrefixSimple3,0.03263403263403263,0.027159384957550096,0.021684737281067557,0.05431876991510019,0.02605583392984968,0.026601887603904778,0.0054746476764825375,6.074592074592075,5.094843993926563,4.115095913261051,10.189687987853127,4.906436595640759,4.999752895982143,0.9797480806655119,"[""PeriodFormatterBuilder"", ""TestPeriodFormatterBuilder""]","[0.03263403263403263, 0.021684737281067557]","[6.074592074592075, 4.115095913261051]"
org.joda.time.format.TestPeriodFormatterBuilder.testFormatAppend_PrinterParser_Printer_null_null_Parser,0.03263403263403263,0.027159384957550096,0.021684737281067557,0.05431876991510019,0.02605583392984968,0.026601887603904778,0.0054746476764825375,6.074592074592075,5.094843993926563,4.115095913261051,10.189687987853127,4.906436595640759,4.999752895982143,0.9797480806655119,"[""PeriodFormatterBuilder"", ""TestPeriodFormatterBuilder""]","[0.03263403263403263, 0.021684737281067557]","[6.074592074592075, 4.115095913261051]"
org.joda.time.format.TestPeriodFormatterBuilder.testFormatSuffixPlural4,0.03263403263403263,0.027159384957550096,0.021684737281067557,0.05431876991510019,0.02605583392984968,0.026601887603904778,0.0054746476764825375,6.074592074592075,5.094843993926563,4.115095913261051,10.189687987853127,4.906436595640759,4.999752895982143,0.9797480806655119,"[""PeriodFormatterBuilder"", ""TestPeriodFormatterBuilder""]","[0.03263403263403263, 0.021684737281067557]","[6.074592074592075, 4.115095913261051]"
org.joda.time.TestMutablePeriod_Basics.testSerialization,0.021756021756021756,0.013516062693870299,0.007633587786259542,0.054064250775481194,0.01090970272831121,0.012123648402535462,0.006114112920786254,3.2222222222222223,1.3876927531832897,0.09541984732824428,5.550771012733159,0.19400714510383418,0.5141226804010763,1.3436381258685972,"[""ByteArrayOutputStream"", ""MutablePeriod"", ""ObjectInputStream"", ""TestMutablePeriod_Basics"", ""ObjectOutputStream"", ""ByteArrayInputStream""]","[0.021756021756021756, 0.017041053446940357, 0.007633587786259542, 0.007633587786259542]","[3.2222222222222223, 2.126258714175058, 0.09541984732824428, 0.10687022900763359]"
org.joda.time.TestPeriodType.testSeconds,0.02096273291925466,0.017955704024895627,0.013479359730412805,0.05386711207468688,0.017303911698779487,0.017639768267503964,0.003226906090943252,4.212121212121212,3.1307306002829978,1.2468407750631845,9.392191800848993,2.318964117196895,2.743808053046749,1.3369681517543903,"[""PeriodType"", ""TestPeriodType"", ""DurationFieldType""]","[0.02096273291925466, 0.019425019425019424, 0.013479359730412805]","[3.9332298136645965, 4.212121212121212, 1.2468407750631845]"
org.joda.time.TestPeriodType.testForFields1,0.02096273291925466,0.017955704024895627,0.013479359730412805,0.05386711207468688,0.017303911698779487,0.017639768267503964,0.003226906090943252,4.212121212121212,3.1307306002829978,1.2468407750631845,9.392191800848993,2.318964117196895,2.743808053046749,1.3369681517543903,"[""PeriodType"", ""TestPeriodType"", ""DurationFieldType""]","[0.02096273291925466, 0.019425019425019424, 0.013479359730412805]","[3.9332298136645965, 4.212121212121212, 1.2468407750631845]"
org.joda.time.TestPeriodType.testMaskMillis,0.02096273291925466,0.017955704024895627,0.013479359730412805,0.05386711207468688,0.017303911698779487,0.017639768267503964,0.003226906090943252,4.212121212121212,3.1307306002829978,1.2468407750631845,9.392191800848993,2.318964117196895,2.743808053046749,1.3369681517543903,"[""PeriodType"", ""TestPeriodType"", ""DurationFieldType""]","[0.02096273291925466, 0.019425019425019424, 0.013479359730412805]","[3.9332298136645965, 4.212121212121212, 1.2468407750631845]"
org.joda.time.TestPeriodType.testStandard,0.02096273291925466,0.017955704024895627,0.013479359730412805,0.05386711207468688,0.017303911698779487,0.017639768267503964,0.003226906090943252,4.212121212121212,3.1307306002829978,1.2468407750631845,9.392191800848993,2.318964117196895,2.743808053046749,1.3369681517543903,"[""PeriodType"", ""TestPeriodType"", ""DurationFieldType""]","[0.02096273291925466, 0.019425019425019424, 0.013479359730412805]","[3.9332298136645965, 4.212121212121212, 1.2468407750631845]"
org.joda.time.TestPeriodType.testMinutes,0.02096273291925466,0.017955704024895627,0.013479359730412805,0.05386711207468688,0.017303911698779487,0.017639768267503964,0.003226906090943252,4.212121212121212,3.1307306002829978,1.2468407750631845,9.392191800848993,2.318964117196895,2.743808053046749,1.3369681517543903,"[""PeriodType"", ""TestPeriodType"", ""DurationFieldType""]","[0.02096273291925466, 0.019425019425019424, 0.013479359730412805]","[3.9332298136645965, 4.212121212121212, 1.2468407750631845]"
org.joda.time.TestPeriodType.testDays,0.02096273291925466,0.017955704024895627,0.013479359730412805,0.05386711207468688,0.017303911698779487,0.017639768267503964,0.003226906090943252,4.212121212121212,3.1307306002829978,1.2468407750631845,9.392191800848993,2.318964117196895,2.743808053046749,1.3369681517543903,"[""PeriodType"", ""TestPeriodType"", ""DurationFieldType""]","[0.02096273291925466, 0.019425019425019424, 0.013479359730412805]","[3.9332298136645965, 4.212121212121212, 1.2468407750631845]"
org.joda.time.TestPeriodType.testMaskHours,0.02096273291925466,0.017955704024895627,0.013479359730412805,0.05386711207468688,0.017303911698779487,0.017639768267503964,0.003226906090943252,4.212121212121212,3.1307306002829978,1.2468407750631845,9.392191800848993,2.318964117196895,2.743808053046749,1.3369681517543903,"[""PeriodType"", ""TestPeriodType"", ""DurationFieldType""]","[0.02096273291925466, 0.019425019425019424, 0.013479359730412805]","[3.9332298136645965, 4.212121212121212, 1.2468407750631845]"
org.joda.time.TestPeriodType.testHours,0.02096273291925466,0.017955704024895627,0.013479359730412805,0.05386711207468688,0.017303911698779487,0.017639768267503964,0.003226906090943252,4.212121212121212,3.1307306002829978,1.2468407750631845,9.392191800848993,2.318964117196895,2.743808053046749,1.3369681517543903,"[""PeriodType"", ""TestPeriodType"", ""DurationFieldType""]","[0.02096273291925466, 0.019425019425019424, 0.013479359730412805]","[3.9332298136645965, 4.212121212121212, 1.2468407750631845]"
org.joda.time.TestPeriodType.testForFields4,0.02096273291925466,0.017955704024895627,0.013479359730412805,0.05386711207468688,0.017303911698779487,0.017639768267503964,0.003226906090943252,4.212121212121212,3.1307306002829978,1.2468407750631845,9.392191800848993,2.318964117196895,2.743808053046749,1.3369681517543903,"[""PeriodType"", ""TestPeriodType"", ""DurationFieldType""]","[0.02096273291925466, 0.019425019425019424, 0.013479359730412805]","[3.9332298136645965, 4.212121212121212, 1.2468407750631845]"
org.joda.time.TestPeriodType.testIndexOf,0.02096273291925466,0.017955704024895627,0.013479359730412805,0.05386711207468688,0.017303911698779487,0.017639768267503964,0.003226906090943252,4.212121212121212,3.1307306002829978,1.2468407750631845,9.392191800848993,2.318964117196895,2.743808053046749,1.3369681517543903,"[""PeriodType"", ""TestPeriodType"", ""DurationFieldType""]","[0.02096273291925466, 0.019425019425019424, 0.013479359730412805]","[3.9332298136645965, 4.212121212121212, 1.2468407750631845]"
org.joda.time.TestPeriodType.testMillis,0.02096273291925466,0.017955704024895627,0.013479359730412805,0.05386711207468688,0.017303911698779487,0.017639768267503964,0.003226906090943252,4.212121212121212,3.1307306002829978,1.2468407750631845,9.392191800848993,2.318964117196895,2.743808053046749,1.3369681517543903,"[""PeriodType"", ""TestPeriodType"", ""DurationFieldType""]","[0.02096273291925466, 0.019425019425019424, 0.013479359730412805]","[3.9332298136645965, 4.212121212121212, 1.2468407750631845]"
org.joda.time.TestPeriodType.testMonths,0.02096273291925466,0.017955704024895627,0.013479359730412805,0.05386711207468688,0.017303911698779487,0.017639768267503964,0.003226906090943252,4.212121212121212,3.1307306002829978,1.2468407750631845,9.392191800848993,2.318964117196895,2.743808053046749,1.3369681517543903,"[""PeriodType"", ""TestPeriodType"", ""DurationFieldType""]","[0.02096273291925466, 0.019425019425019424, 0.013479359730412805]","[3.9332298136645965, 4.212121212121212, 1.2468407750631845]"
org.joda.time.TestPeriodType.testYearWeekDay,0.02096273291925466,0.017955704024895627,0.013479359730412805,0.05386711207468688,0.017303911698779487,0.017639768267503964,0.003226906090943252,4.212121212121212,3.1307306002829978,1.2468407750631845,9.392191800848993,2.318964117196895,2.743808053046749,1.3369681517543903,"[""PeriodType"", ""TestPeriodType"", ""DurationFieldType""]","[0.02096273291925466, 0.019425019425019424, 0.013479359730412805]","[3.9332298136645965, 4.212121212121212, 1.2468407750631845]"
org.joda.time.TestPeriodType.testYearMonthDayTime,0.02096273291925466,0.017955704024895627,0.013479359730412805,0.05386711207468688,0.017303911698779487,0.017639768267503964,0.003226906090943252,4.212121212121212,3.1307306002829978,1.2468407750631845,9.392191800848993,2.318964117196895,2.743808053046749,1.3369681517543903,"[""PeriodType"", ""TestPeriodType"", ""DurationFieldType""]","[0.02096273291925466, 0.019425019425019424, 0.013479359730412805]","[3.9332298136645965, 4.212121212121212, 1.2468407750631845]"
org.joda.time.TestPeriodType.testForFields3,0.02096273291925466,0.017955704024895627,0.013479359730412805,0.05386711207468688,0.017303911698779487,0.017639768267503964,0.003226906090943252,4.212121212121212,3.1307306002829978,1.2468407750631845,9.392191800848993,2.318964117196895,2.743808053046749,1.3369681517543903,"[""PeriodType"", ""TestPeriodType"", ""DurationFieldType""]","[0.02096273291925466, 0.019425019425019424, 0.013479359730412805]","[3.9332298136645965, 4.212121212121212, 1.2468407750631845]"
org.joda.time.TestPeriodType.testDayTime,0.02096273291925466,0.017955704024895627,0.013479359730412805,0.05386711207468688,0.017303911698779487,0.017639768267503964,0.003226906090943252,4.212121212121212,3.1307306002829978,1.2468407750631845,9.392191800848993,2.318964117196895,2.743808053046749,1.3369681517543903,"[""PeriodType"", ""TestPeriodType"", ""DurationFieldType""]","[0.02096273291925466, 0.019425019425019424, 0.013479359730412805]","[3.9332298136645965, 4.212121212121212, 1.2468407750631845]"
org.joda.time.TestPeriodType.testYearDayTime,0.02096273291925466,0.017955704024895627,0.013479359730412805,0.05386711207468688,0.017303911698779487,0.017639768267503964,0.003226906090943252,4.212121212121212,3.1307306002829978,1.2468407750631845,9.392191800848993,2.318964117196895,2.743808053046749,1.3369681517543903,"[""PeriodType"", ""TestPeriodType"", ""DurationFieldType""]","[0.02096273291925466, 0.019425019425019424, 0.013479359730412805]","[3.9332298136645965, 4.212121212121212, 1.2468407750631845]"
org.joda.time.TestPeriodType.testWeeks,0.02096273291925466,0.017955704024895627,0.013479359730412805,0.05386711207468688,0.017303911698779487,0.017639768267503964,0.003226906090943252,4.212121212121212,3.1307306002829978,1.2468407750631845,9.392191800848993,2.318964117196895,2.743808053046749,1.3369681517543903,"[""PeriodType"", ""TestPeriodType"", ""DurationFieldType""]","[0.02096273291925466, 0.019425019425019424, 0.013479359730412805]","[3.9332298136645965, 4.212121212121212, 1.2468407750631845]"
org.joda.time.TestPeriodType.testIsSupported,0.02096273291925466,0.017955704024895627,0.013479359730412805,0.05386711207468688,0.017303911698779487,0.017639768267503964,0.003226906090943252,4.212121212121212,3.1307306002829978,1.2468407750631845,9.392191800848993,2.318964117196895,2.743808053046749,1.3369681517543903,"[""PeriodType"", ""TestPeriodType"", ""DurationFieldType""]","[0.02096273291925466, 0.019425019425019424, 0.013479359730412805]","[3.9332298136645965, 4.212121212121212, 1.2468407750631845]"
org.joda.time.TestPeriodType.testMaskSeconds,0.02096273291925466,0.017955704024895627,0.013479359730412805,0.05386711207468688,0.017303911698779487,0.017639768267503964,0.003226906090943252,4.212121212121212,3.1307306002829978,1.2468407750631845,9.392191800848993,2.318964117196895,2.743808053046749,1.3369681517543903,"[""PeriodType"", ""TestPeriodType"", ""DurationFieldType""]","[0.02096273291925466, 0.019425019425019424, 0.013479359730412805]","[3.9332298136645965, 4.212121212121212, 1.2468407750631845]"
org.joda.time.TestPeriodType.testYears,0.02096273291925466,0.017955704024895627,0.013479359730412805,0.05386711207468688,0.017303911698779487,0.017639768267503964,0.003226906090943252,4.212121212121212,3.1307306002829978,1.2468407750631845,9.392191800848993,2.318964117196895,2.743808053046749,1.3369681517543903,"[""PeriodType"", ""TestPeriodType"", ""DurationFieldType""]","[0.02096273291925466, 0.019425019425019424, 0.013479359730412805]","[3.9332298136645965, 4.212121212121212, 1.2468407750631845]"
org.joda.time.TestPeriodType.testMaskMonths,0.02096273291925466,0.017955704024895627,0.013479359730412805,0.05386711207468688,0.017303911698779487,0.017639768267503964,0.003226906090943252,4.212121212121212,3.1307306002829978,1.2468407750631845,9.392191800848993,2.318964117196895,2.743808053046749,1.3369681517543903,"[""PeriodType"", ""TestPeriodType"", ""DurationFieldType""]","[0.02096273291925466, 0.019425019425019424, 0.013479359730412805]","[3.9332298136645965, 4.212121212121212, 1.2468407750631845]"
org.joda.time.TestPeriodType.testForFields7,0.02096273291925466,0.017955704024895627,0.013479359730412805,0.05386711207468688,0.017303911698779487,0.017639768267503964,0.003226906090943252,4.212121212121212,3.1307306002829978,1.2468407750631845,9.392191800848993,2.318964117196895,2.743808053046749,1.3369681517543903,"[""PeriodType"", ""TestPeriodType"", ""DurationFieldType""]","[0.02096273291925466, 0.019425019425019424, 0.013479359730412805]","[3.9332298136645965, 4.212121212121212, 1.2468407750631845]"
org.joda.time.TestPeriodType.testMaskYears,0.02096273291925466,0.017955704024895627,0.013479359730412805,0.05386711207468688,0.017303911698779487,0.017639768267503964,0.003226906090943252,4.212121212121212,3.1307306002829978,1.2468407750631845,9.392191800848993,2.318964117196895,2.743808053046749,1.3369681517543903,"[""PeriodType"", ""TestPeriodType"", ""DurationFieldType""]","[0.02096273291925466, 0.019425019425019424, 0.013479359730412805]","[3.9332298136645965, 4.212121212121212, 1.2468407750631845]"
org.joda.time.TestPeriodType.testForFields2,0.02096273291925466,0.017955704024895627,0.013479359730412805,0.05386711207468688,0.017303911698779487,0.017639768267503964,0.003226906090943252,4.212121212121212,3.1307306002829978,1.2468407750631845,9.392191800848993,2.318964117196895,2.743808053046749,1.3369681517543903,"[""PeriodType"", ""TestPeriodType"", ""DurationFieldType""]","[0.02096273291925466, 0.019425019425019424, 0.013479359730412805]","[3.9332298136645965, 4.212121212121212, 1.2468407750631845]"
org.joda.time.TestPeriodType.testYearWeekDayTime,0.02096273291925466,0.017955704024895627,0.013479359730412805,0.05386711207468688,0.017303911698779487,0.017639768267503964,0.003226906090943252,4.212121212121212,3.1307306002829978,1.2468407750631845,9.392191800848993,2.318964117196895,2.743808053046749,1.3369681517543903,"[""PeriodType"", ""TestPeriodType"", ""DurationFieldType""]","[0.02096273291925466, 0.019425019425019424, 0.013479359730412805]","[3.9332298136645965, 4.212121212121212, 1.2468407750631845]"
org.joda.time.TestPeriodType.testYearMonthDay,0.02096273291925466,0.017955704024895627,0.013479359730412805,0.05386711207468688,0.017303911698779487,0.017639768267503964,0.003226906090943252,4.212121212121212,3.1307306002829978,1.2468407750631845,9.392191800848993,2.318964117196895,2.743808053046749,1.3369681517543903,"[""PeriodType"", ""TestPeriodType"", ""DurationFieldType""]","[0.02096273291925466, 0.019425019425019424, 0.013479359730412805]","[3.9332298136645965, 4.212121212121212, 1.2468407750631845]"
org.joda.time.TestPeriodType.testMaskDays,0.02096273291925466,0.017955704024895627,0.013479359730412805,0.05386711207468688,0.017303911698779487,0.017639768267503964,0.003226906090943252,4.212121212121212,3.1307306002829978,1.2468407750631845,9.392191800848993,2.318964117196895,2.743808053046749,1.3369681517543903,"[""PeriodType"", ""TestPeriodType"", ""DurationFieldType""]","[0.02096273291925466, 0.019425019425019424, 0.013479359730412805]","[3.9332298136645965, 4.212121212121212, 1.2468407750631845]"
org.joda.time.TestPeriodType.testMaskHoursMinutesSeconds,0.02096273291925466,0.017955704024895627,0.013479359730412805,0.05386711207468688,0.017303911698779487,0.017639768267503964,0.003226906090943252,4.212121212121212,3.1307306002829978,1.2468407750631845,9.392191800848993,2.318964117196895,2.743808053046749,1.3369681517543903,"[""PeriodType"", ""TestPeriodType"", ""DurationFieldType""]","[0.02096273291925466, 0.019425019425019424, 0.013479359730412805]","[3.9332298136645965, 4.212121212121212, 1.2468407750631845]"
org.joda.time.TestPeriodType.testForFields5,0.02096273291925466,0.017955704024895627,0.013479359730412805,0.05386711207468688,0.017303911698779487,0.017639768267503964,0.003226906090943252,4.212121212121212,3.1307306002829978,1.2468407750631845,9.392191800848993,2.318964117196895,2.743808053046749,1.3369681517543903,"[""PeriodType"", ""TestPeriodType"", ""DurationFieldType""]","[0.02096273291925466, 0.019425019425019424, 0.013479359730412805]","[3.9332298136645965, 4.212121212121212, 1.2468407750631845]"
org.joda.time.TestPeriodType.testMaskWeeks,0.02096273291925466,0.017955704024895627,0.013479359730412805,0.05386711207468688,0.017303911698779487,0.017639768267503964,0.003226906090943252,4.212121212121212,3.1307306002829978,1.2468407750631845,9.392191800848993,2.318964117196895,2.743808053046749,1.3369681517543903,"[""PeriodType"", ""TestPeriodType"", ""DurationFieldType""]","[0.02096273291925466, 0.019425019425019424, 0.013479359730412805]","[3.9332298136645965, 4.212121212121212, 1.2468407750631845]"
org.joda.time.TestPeriodType.testYearDay,0.02096273291925466,0.017955704024895627,0.013479359730412805,0.05386711207468688,0.017303911698779487,0.017639768267503964,0.003226906090943252,4.212121212121212,3.1307306002829978,1.2468407750631845,9.392191800848993,2.318964117196895,2.743808053046749,1.3369681517543903,"[""PeriodType"", ""TestPeriodType"", ""DurationFieldType""]","[0.02096273291925466, 0.019425019425019424, 0.013479359730412805]","[3.9332298136645965, 4.212121212121212, 1.2468407750631845]"
org.joda.time.TestPeriodType.testForFields6,0.02096273291925466,0.017955704024895627,0.013479359730412805,0.05386711207468688,0.017303911698779487,0.017639768267503964,0.003226906090943252,4.212121212121212,3.1307306002829978,1.2468407750631845,9.392191800848993,2.318964117196895,2.743808053046749,1.3369681517543903,"[""PeriodType"", ""TestPeriodType"", ""DurationFieldType""]","[0.02096273291925466, 0.019425019425019424, 0.013479359730412805]","[3.9332298136645965, 4.212121212121212, 1.2468407750631845]"
org.joda.time.TestPeriodType.testMaskMinutes,0.02096273291925466,0.017955704024895627,0.013479359730412805,0.05386711207468688,0.017303911698779487,0.017639768267503964,0.003226906090943252,4.212121212121212,3.1307306002829978,1.2468407750631845,9.392191800848993,2.318964117196895,2.743808053046749,1.3369681517543903,"[""PeriodType"", ""TestPeriodType"", ""DurationFieldType""]","[0.02096273291925466, 0.019425019425019424, 0.013479359730412805]","[3.9332298136645965, 4.212121212121212, 1.2468407750631845]"
org.joda.time.TestPeriodType.testTime,0.02096273291925466,0.017955704024895627,0.013479359730412805,0.05386711207468688,0.017303911698779487,0.017639768267503964,0.003226906090943252,4.212121212121212,3.1307306002829978,1.2468407750631845,9.392191800848993,2.318964117196895,2.743808053046749,1.3369681517543903,"[""PeriodType"", ""TestPeriodType"", ""DurationFieldType""]","[0.02096273291925466, 0.019425019425019424, 0.013479359730412805]","[3.9332298136645965, 4.212121212121212, 1.2468407750631845]"
org.joda.time.convert.TestReadableDurationConverter.testGetDurationMillis_Object,0.020757020757020756,0.017883072721782398,0.01282051282051282,0.05364921816534719,0.017045658012533573,0.01748040190301789,0.003590687583333946,1.6178266178266179,0.8314742605065186,0.3339438339438339,2.494422781519556,0.5499108958497664,0.6643174989312234,0.5625254550995789,"[""ReadableDurationConverter"", ""Duration"", ""TestReadableDurationConverter""]","[0.020757020757020756, 0.02007168458781362, 0.01282051282051282]","[1.6178266178266179, 0.5426523297491039, 0.3339438339438339]"
org.joda.time.TestMutableInterval_Updates.testSeDurationAfterStart_RI2,0.020757020757020756,0.017880954696599154,0.013535031847133758,0.05364286408979746,0.017267554254633624,0.017583601305201042,0.003126194725099114,1.6178266178266179,1.4519874890410922,1.3320848938826466,4.355962467123277,1.4422883525253962,1.4470659123455318,0.1210914448997727,"[""MutableInterval"", ""TestMutableInterval_Updates"", ""Duration""]","[0.020757020757020756, 0.019350811485642945, 0.013535031847133758]","[1.6178266178266179, 1.3320848938826466, 1.4060509554140128]"
org.joda.time.TestMutableInterval_Updates.testSeDurationBeforeEnd_RI2,0.020757020757020756,0.017880954696599154,0.013535031847133758,0.05364286408979746,0.017267554254633624,0.017583601305201042,0.003126194725099114,1.6178266178266179,1.4519874890410922,1.3320848938826466,4.355962467123277,1.4422883525253962,1.4470659123455318,0.1210914448997727,"[""MutableInterval"", ""TestMutableInterval_Updates"", ""Duration""]","[0.020757020757020756, 0.019350811485642945, 0.013535031847133758]","[1.6178266178266179, 1.3320848938826466, 1.4060509554140128]"
org.joda.time.TestMutableInterval_Updates.testSetDurationAfterStart_RI1,0.020757020757020756,0.017880954696599154,0.013535031847133758,0.05364286408979746,0.017267554254633624,0.017583601305201042,0.003126194725099114,1.6178266178266179,1.4519874890410922,1.3320848938826466,4.355962467123277,1.4422883525253962,1.4470659123455318,0.1210914448997727,"[""MutableInterval"", ""TestMutableInterval_Updates"", ""Duration""]","[0.020757020757020756, 0.019350811485642945, 0.013535031847133758]","[1.6178266178266179, 1.3320848938826466, 1.4060509554140128]"
org.joda.time.TestMutableInterval_Updates.testSetDurationBeforeEnd_RI1,0.020757020757020756,0.017880954696599154,0.013535031847133758,0.05364286408979746,0.017267554254633624,0.017583601305201042,0.003126194725099114,1.6178266178266179,1.4519874890410922,1.3320848938826466,4.355962467123277,1.4422883525253962,1.4470659123455318,0.1210914448997727,"[""MutableInterval"", ""TestMutableInterval_Updates"", ""Duration""]","[0.020757020757020756, 0.019350811485642945, 0.013535031847133758]","[1.6178266178266179, 1.3320848938826466, 1.4060509554140128]"
org.joda.time.chrono.TestGregorianChronology.testTimeFields,0.02068126520681265,0.0178426601784266,0.016423357664233577,0.0535279805352798,0.017633499807913948,0.017735101101884032,0.0020071968646820076,1.8953771289537713,1.278588807785888,0.6593673965936739,3.835766423357664,1.06201027245083,1.1698402311882161,0.5046017932109237,"[""DateTimeField"", ""TestGregorianChronology"", ""GregorianChronology""]","[0.02068126520681265, 0.016423357664233577, 0.016423357664233577]","[1.281021897810219, 0.6593673965936739, 1.8953771289537713]"
org.joda.time.chrono.TestGregorianChronology.testDateFields,0.02068126520681265,0.0178426601784266,0.016423357664233577,0.0535279805352798,0.017633499807913948,0.017735101101884032,0.0020071968646820076,1.8953771289537713,1.278588807785888,0.6593673965936739,3.835766423357664,1.06201027245083,1.1698402311882161,0.5046017932109237,"[""DateTimeField"", ""TestGregorianChronology"", ""GregorianChronology""]","[0.02068126520681265, 0.016423357664233577, 0.016423357664233577]","[1.281021897810219, 0.6593673965936739, 1.8953771289537713]"
org.joda.time.TestInterval_Basics.test_useCase_ContainsOverlapAbutGap_bothZeroDuration,0.029780564263322883,0.026750456913184537,0.02372034956304619,0.053500913826369074,0.02640722724113968,0.02657828802821544,0.003030107350138346,5.471003134796239,3.544802441305735,1.618601747815231,7.08960488261147,2.4981294114156345,2.9757982519458204,1.9262006934905038,"[""TestInterval_Basics"", ""Interval""]","[0.029780564263322883, 0.02372034956304619]","[5.471003134796239, 1.618601747815231]"
org.joda.time.TestInterval_Basics.testContains_long_zeroDuration,0.029780564263322883,0.026750456913184537,0.02372034956304619,0.053500913826369074,0.02640722724113968,0.02657828802821544,0.003030107350138346,5.471003134796239,3.544802441305735,1.618601747815231,7.08960488261147,2.4981294114156345,2.9757982519458204,1.9262006934905038,"[""TestInterval_Basics"", ""Interval""]","[0.029780564263322883, 0.02372034956304619]","[5.471003134796239, 1.618601747815231]"
org.joda.time.TestInterval_Basics.testOverlaps_RInterval_zeroDuration,0.029780564263322883,0.026750456913184537,0.02372034956304619,0.053500913826369074,0.02640722724113968,0.02657828802821544,0.003030107350138346,5.471003134796239,3.544802441305735,1.618601747815231,7.08960488261147,2.4981294114156345,2.9757982519458204,1.9262006934905038,"[""TestInterval_Basics"", ""Interval""]","[0.029780564263322883, 0.02372034956304619]","[5.471003134796239, 1.618601747815231]"
org.joda.time.TestInterval_Basics.testIsEqual_RI,0.029780564263322883,0.026750456913184537,0.02372034956304619,0.053500913826369074,0.02640722724113968,0.02657828802821544,0.003030107350138346,5.471003134796239,3.544802441305735,1.618601747815231,7.08960488261147,2.4981294114156345,2.9757982519458204,1.9262006934905038,"[""TestInterval_Basics"", ""Interval""]","[0.029780564263322883, 0.02372034956304619]","[5.471003134796239, 1.618601747815231]"
org.joda.time.TestInterval_Basics.testIsAfter_RInterval,0.029780564263322883,0.026750456913184537,0.02372034956304619,0.053500913826369074,0.02640722724113968,0.02657828802821544,0.003030107350138346,5.471003134796239,3.544802441305735,1.618601747815231,7.08960488261147,2.4981294114156345,2.9757982519458204,1.9262006934905038,"[""TestInterval_Basics"", ""Interval""]","[0.029780564263322883, 0.02372034956304619]","[5.471003134796239, 1.618601747815231]"
org.joda.time.TestInterval_Basics.testOverlaps_RInterval,0.029780564263322883,0.026750456913184537,0.02372034956304619,0.053500913826369074,0.02640722724113968,0.02657828802821544,0.003030107350138346,5.471003134796239,3.544802441305735,1.618601747815231,7.08960488261147,2.4981294114156345,2.9757982519458204,1.9262006934905038,"[""TestInterval_Basics"", ""Interval""]","[0.029780564263322883, 0.02372034956304619]","[5.471003134796239, 1.618601747815231]"
org.joda.time.TestInterval_Basics.testGap_RInterval,0.029780564263322883,0.026750456913184537,0.02372034956304619,0.053500913826369074,0.02640722724113968,0.02657828802821544,0.003030107350138346,5.471003134796239,3.544802441305735,1.618601747815231,7.08960488261147,2.4981294114156345,2.9757982519458204,1.9262006934905038,"[""TestInterval_Basics"", ""Interval""]","[0.029780564263322883, 0.02372034956304619]","[5.471003134796239, 1.618601747815231]"
org.joda.time.TestInterval_Basics.testWithStartMillis_long1,0.029780564263322883,0.026750456913184537,0.02372034956304619,0.053500913826369074,0.02640722724113968,0.02657828802821544,0.003030107350138346,5.471003134796239,3.544802441305735,1.618601747815231,7.08960488261147,2.4981294114156345,2.9757982519458204,1.9262006934905038,"[""TestInterval_Basics"", ""Interval""]","[0.029780564263322883, 0.02372034956304619]","[5.471003134796239, 1.618601747815231]"
org.joda.time.TestInterval_Basics.testIsBefore_RInterval,0.029780564263322883,0.026750456913184537,0.02372034956304619,0.053500913826369074,0.02640722724113968,0.02657828802821544,0.003030107350138346,5.471003134796239,3.544802441305735,1.618601747815231,7.08960488261147,2.4981294114156345,2.9757982519458204,1.9262006934905038,"[""TestInterval_Basics"", ""Interval""]","[0.029780564263322883, 0.02372034956304619]","[5.471003134796239, 1.618601747815231]"
org.joda.time.TestInterval_Basics.test_useCase_ContainsOverlapAbutGap_zeroDuration,0.029780564263322883,0.026750456913184537,0.02372034956304619,0.053500913826369074,0.02640722724113968,0.02657828802821544,0.003030107350138346,5.471003134796239,3.544802441305735,1.618601747815231,7.08960488261147,2.4981294114156345,2.9757982519458204,1.9262006934905038,"[""TestInterval_Basics"", ""Interval""]","[0.029780564263322883, 0.02372034956304619]","[5.471003134796239, 1.618601747815231]"
org.joda.time.TestInterval_Basics.testGetDuration2,0.029780564263322883,0.026750456913184537,0.02372034956304619,0.053500913826369074,0.02640722724113968,0.02657828802821544,0.003030107350138346,5.471003134796239,3.544802441305735,1.618601747815231,7.08960488261147,2.4981294114156345,2.9757982519458204,1.9262006934905038,"[""TestInterval_Basics"", ""Interval""]","[0.029780564263322883, 0.02372034956304619]","[5.471003134796239, 1.618601747815231]"
org.joda.time.TestInterval_Basics.testWithDurationBeforeEnd2,0.029780564263322883,0.026750456913184537,0.02372034956304619,0.053500913826369074,0.02640722724113968,0.02657828802821544,0.003030107350138346,5.471003134796239,3.544802441305735,1.618601747815231,7.08960488261147,2.4981294114156345,2.9757982519458204,1.9262006934905038,"[""TestInterval_Basics"", ""Interval""]","[0.029780564263322883, 0.02372034956304619]","[5.471003134796239, 1.618601747815231]"
org.joda.time.TestInterval_Basics.testWithChronology3,0.029780564263322883,0.026750456913184537,0.02372034956304619,0.053500913826369074,0.02640722724113968,0.02657828802821544,0.003030107350138346,5.471003134796239,3.544802441305735,1.618601747815231,7.08960488261147,2.4981294114156345,2.9757982519458204,1.9262006934905038,"[""TestInterval_Basics"", ""Interval""]","[0.029780564263322883, 0.02372034956304619]","[5.471003134796239, 1.618601747815231]"
org.joda.time.TestInterval_Basics.testWithPeriodBeforeEnd2,0.029780564263322883,0.026750456913184537,0.02372034956304619,0.053500913826369074,0.02640722724113968,0.02657828802821544,0.003030107350138346,5.471003134796239,3.544802441305735,1.618601747815231,7.08960488261147,2.4981294114156345,2.9757982519458204,1.9262006934905038,"[""TestInterval_Basics"", ""Interval""]","[0.029780564263322883, 0.02372034956304619]","[5.471003134796239, 1.618601747815231]"
org.joda.time.TestInterval_Basics.testWithEndInstant_RI3,0.029780564263322883,0.026750456913184537,0.02372034956304619,0.053500913826369074,0.02640722724113968,0.02657828802821544,0.003030107350138346,5.471003134796239,3.544802441305735,1.618601747815231,7.08960488261147,2.4981294114156345,2.9757982519458204,1.9262006934905038,"[""TestInterval_Basics"", ""Interval""]","[0.029780564263322883, 0.02372034956304619]","[5.471003134796239, 1.618601747815231]"
org.joda.time.TestInterval_Basics.testWithDurationAfterStart2,0.029780564263322883,0.026750456913184537,0.02372034956304619,0.053500913826369074,0.02640722724113968,0.02657828802821544,0.003030107350138346,5.471003134796239,3.544802441305735,1.618601747815231,7.08960488261147,2.4981294114156345,2.9757982519458204,1.9262006934905038,"[""TestInterval_Basics"", ""Interval""]","[0.029780564263322883, 0.02372034956304619]","[5.471003134796239, 1.618601747815231]"
org.joda.time.TestInterval_Basics.testToMutableInterval1,0.029780564263322883,0.026750456913184537,0.02372034956304619,0.053500913826369074,0.02640722724113968,0.02657828802821544,0.003030107350138346,5.471003134796239,3.544802441305735,1.618601747815231,7.08960488261147,2.4981294114156345,2.9757982519458204,1.9262006934905038,"[""TestInterval_Basics"", ""Interval""]","[0.029780564263322883, 0.02372034956304619]","[5.471003134796239, 1.618601747815231]"
org.joda.time.TestInterval_Basics.testWithPeriodAfterStart2,0.029780564263322883,0.026750456913184537,0.02372034956304619,0.053500913826369074,0.02640722724113968,0.02657828802821544,0.003030107350138346,5.471003134796239,3.544802441305735,1.618601747815231,7.08960488261147,2.4981294114156345,2.9757982519458204,1.9262006934905038,"[""TestInterval_Basics"", ""Interval""]","[0.029780564263322883, 0.02372034956304619]","[5.471003134796239, 1.618601747815231]"
org.joda.time.TestInterval_Basics.testAbuts_RInterval,0.029780564263322883,0.026750456913184537,0.02372034956304619,0.053500913826369074,0.02640722724113968,0.02657828802821544,0.003030107350138346,5.471003134796239,3.544802441305735,1.618601747815231,7.08960488261147,2.4981294114156345,2.9757982519458204,1.9262006934905038,"[""TestInterval_Basics"", ""Interval""]","[0.029780564263322883, 0.02372034956304619]","[5.471003134796239, 1.618601747815231]"
org.joda.time.TestInterval_Basics.testContains_long,0.029780564263322883,0.026750456913184537,0.02372034956304619,0.053500913826369074,0.02640722724113968,0.02657828802821544,0.003030107350138346,5.471003134796239,3.544802441305735,1.618601747815231,7.08960488261147,2.4981294114156345,2.9757982519458204,1.9262006934905038,"[""TestInterval_Basics"", ""Interval""]","[0.029780564263322883, 0.02372034956304619]","[5.471003134796239, 1.618601747815231]"
org.joda.time.TestInterval_Basics.testIsBefore_long,0.029780564263322883,0.026750456913184537,0.02372034956304619,0.053500913826369074,0.02640722724113968,0.02657828802821544,0.003030107350138346,5.471003134796239,3.544802441305735,1.618601747815231,7.08960488261147,2.4981294114156345,2.9757982519458204,1.9262006934905038,"[""TestInterval_Basics"", ""Interval""]","[0.029780564263322883, 0.02372034956304619]","[5.471003134796239, 1.618601747815231]"
org.joda.time.TestInterval_Basics.testContains_RInterval,0.029780564263322883,0.026750456913184537,0.02372034956304619,0.053500913826369074,0.02640722724113968,0.02657828802821544,0.003030107350138346,5.471003134796239,3.544802441305735,1.618601747815231,7.08960488261147,2.4981294114156345,2.9757982519458204,1.9262006934905038,"[""TestInterval_Basics"", ""Interval""]","[0.029780564263322883, 0.02372034956304619]","[5.471003134796239, 1.618601747815231]"
org.joda.time.TestInterval_Basics.testWithEndMillis_long1,0.029780564263322883,0.026750456913184537,0.02372034956304619,0.053500913826369074,0.02640722724113968,0.02657828802821544,0.003030107350138346,5.471003134796239,3.544802441305735,1.618601747815231,7.08960488261147,2.4981294114156345,2.9757982519458204,1.9262006934905038,"[""TestInterval_Basics"", ""Interval""]","[0.029780564263322883, 0.02372034956304619]","[5.471003134796239, 1.618601747815231]"
org.joda.time.TestInterval_Basics.testWithStartMillis_long2,0.029780564263322883,0.026750456913184537,0.02372034956304619,0.053500913826369074,0.02640722724113968,0.02657828802821544,0.003030107350138346,5.471003134796239,3.544802441305735,1.618601747815231,7.08960488261147,2.4981294114156345,2.9757982519458204,1.9262006934905038,"[""TestInterval_Basics"", ""Interval""]","[0.029780564263322883, 0.02372034956304619]","[5.471003134796239, 1.618601747815231]"
org.joda.time.TestInterval_Basics.testWithStartInstant_RI3,0.029780564263322883,0.026750456913184537,0.02372034956304619,0.053500913826369074,0.02640722724113968,0.02657828802821544,0.003030107350138346,5.471003134796239,3.544802441305735,1.618601747815231,7.08960488261147,2.4981294114156345,2.9757982519458204,1.9262006934905038,"[""TestInterval_Basics"", ""Interval""]","[0.029780564263322883, 0.02372034956304619]","[5.471003134796239, 1.618601747815231]"
org.joda.time.TestInterval_Basics.testWithEndMillis_long3,0.029780564263322883,0.026750456913184537,0.02372034956304619,0.053500913826369074,0.02640722724113968,0.02657828802821544,0.003030107350138346,5.471003134796239,3.544802441305735,1.618601747815231,7.08960488261147,2.4981294114156345,2.9757982519458204,1.9262006934905038,"[""TestInterval_Basics"", ""Interval""]","[0.029780564263322883, 0.02372034956304619]","[5.471003134796239, 1.618601747815231]"
org.joda.time.TestInterval_Basics.testIsAfter_long,0.029780564263322883,0.026750456913184537,0.02372034956304619,0.053500913826369074,0.02640722724113968,0.02657828802821544,0.003030107350138346,5.471003134796239,3.544802441305735,1.618601747815231,7.08960488261147,2.4981294114156345,2.9757982519458204,1.9262006934905038,"[""TestInterval_Basics"", ""Interval""]","[0.029780564263322883, 0.02372034956304619]","[5.471003134796239, 1.618601747815231]"
org.joda.time.TestInterval_Basics.testWithDurationBeforeEnd4,0.029780564263322883,0.026750456913184537,0.02372034956304619,0.053500913826369074,0.02640722724113968,0.02657828802821544,0.003030107350138346,5.471003134796239,3.544802441305735,1.618601747815231,7.08960488261147,2.4981294114156345,2.9757982519458204,1.9262006934905038,"[""TestInterval_Basics"", ""Interval""]","[0.029780564263322883, 0.02372034956304619]","[5.471003134796239, 1.618601747815231]"
org.joda.time.TestInterval_Basics.testToInterval1,0.029780564263322883,0.026750456913184537,0.02372034956304619,0.053500913826369074,0.02640722724113968,0.02657828802821544,0.003030107350138346,5.471003134796239,3.544802441305735,1.618601747815231,7.08960488261147,2.4981294114156345,2.9757982519458204,1.9262006934905038,"[""TestInterval_Basics"", ""Interval""]","[0.029780564263322883, 0.02372034956304619]","[5.471003134796239, 1.618601747815231]"
org.joda.time.TestInterval_Basics.testWithEndMillis_long2,0.029780564263322883,0.026750456913184537,0.02372034956304619,0.053500913826369074,0.02640722724113968,0.02657828802821544,0.003030107350138346,5.471003134796239,3.544802441305735,1.618601747815231,7.08960488261147,2.4981294114156345,2.9757982519458204,1.9262006934905038,"[""TestInterval_Basics"", ""Interval""]","[0.029780564263322883, 0.02372034956304619]","[5.471003134796239, 1.618601747815231]"
org.joda.time.TestInterval_Basics.testWithDurationAfterStart4,0.029780564263322883,0.026750456913184537,0.02372034956304619,0.053500913826369074,0.02640722724113968,0.02657828802821544,0.003030107350138346,5.471003134796239,3.544802441305735,1.618601747815231,7.08960488261147,2.4981294114156345,2.9757982519458204,1.9262006934905038,"[""TestInterval_Basics"", ""Interval""]","[0.029780564263322883, 0.02372034956304619]","[5.471003134796239, 1.618601747815231]"
org.joda.time.TestInterval_Basics.testOverlap_RInterval,0.029780564263322883,0.026750456913184537,0.02372034956304619,0.053500913826369074,0.02640722724113968,0.02657828802821544,0.003030107350138346,5.471003134796239,3.544802441305735,1.618601747815231,7.08960488261147,2.4981294114156345,2.9757982519458204,1.9262006934905038,"[""TestInterval_Basics"", ""Interval""]","[0.029780564263322883, 0.02372034956304619]","[5.471003134796239, 1.618601747815231]"
org.joda.time.TestInterval_Basics.test_useCase_ContainsOverlapAbutGap,0.029780564263322883,0.026750456913184537,0.02372034956304619,0.053500913826369074,0.02640722724113968,0.02657828802821544,0.003030107350138346,5.471003134796239,3.544802441305735,1.618601747815231,7.08960488261147,2.4981294114156345,2.9757982519458204,1.9262006934905038,"[""TestInterval_Basics"", ""Interval""]","[0.029780564263322883, 0.02372034956304619]","[5.471003134796239, 1.618601747815231]"
org.joda.time.TestInterval_Basics.testWithStartMillis_long3,0.029780564263322883,0.026750456913184537,0.02372034956304619,0.053500913826369074,0.02640722724113968,0.02657828802821544,0.003030107350138346,5.471003134796239,3.544802441305735,1.618601747815231,7.08960488261147,2.4981294114156345,2.9757982519458204,1.9262006934905038,"[""TestInterval_Basics"", ""Interval""]","[0.029780564263322883, 0.02372034956304619]","[5.471003134796239, 1.618601747815231]"
org.joda.time.TestSerialization.testSerializedGregorianChronology,0.02178649237472767,0.013369256402870082,0.007633587786259542,0.05347702561148033,0.01084631375975415,0.012016463414269438,0.00604096815253436,2.4553376906318083,0.82924879089034,0.09541984732824428,3.31699516356136,0.18381487949361927,0.3584540892762103,0.9660952984912755,"[""StringBuilder"", ""ByteArrayOutputStream"", ""ObjectInputStream"", ""TestSerialization"", ""GregorianChronology"", ""FileInputStream"", ""ObjectOutputStream"", ""ByteArrayInputStream""]","[0.02178649237472767, 0.016423357664233577, 0.007633587786259542, 0.007633587786259542]","[2.4553376906318083, 0.6593673965936739, 0.09541984732824428, 0.10687022900763359]"
org.joda.time.TestSerialization.testSerializedBuddhistChronology,0.02178649237472767,0.013369256402870082,0.007633587786259542,0.05347702561148033,0.01084631375975415,0.012016463414269438,0.00604096815253436,2.4553376906318083,0.9486222702090747,0.09541984732824428,3.794489080836299,0.1893577751228837,0.4107509192183425,0.9672287951893834,"[""StringBuilder"", ""ByteArrayOutputStream"", ""BuddhistChronology"", ""ObjectInputStream"", ""TestSerialization"", ""FileInputStream"", ""ObjectOutputStream"", ""ByteArrayInputStream""]","[0.02178649237472767, 0.016423357664233577, 0.007633587786259542, 0.007633587786259542]","[2.4553376906318083, 1.1368613138686132, 0.09541984732824428, 0.10687022900763359]"
org.joda.time.format.TestDateTimeFormatter.testWithGetZone,0.02727272727272727,0.026714222517142224,0.026155717761557177,0.05342844503428445,0.02670254605671703,0.026708383648835387,0.0005585047555850473,3.731313131313131,3.145461918454619,2.559610705596107,6.290923836909238,3.03634546672011,3.0904221454099794,0.585851212858512,"[""TestDateTimeFormatter"", ""DateTimeFormatter""]","[0.02727272727272727, 0.026155717761557177]","[3.731313131313131, 2.559610705596107]"
org.joda.time.format.TestDateTimeFormatter.testWithGetChronology,0.02727272727272727,0.026714222517142224,0.026155717761557177,0.05342844503428445,0.02670254605671703,0.026708383648835387,0.0005585047555850473,3.731313131313131,3.145461918454619,2.559610705596107,6.290923836909238,3.03634546672011,3.0904221454099794,0.585851212858512,"[""TestDateTimeFormatter"", ""DateTimeFormatter""]","[0.02727272727272727, 0.026155717761557177]","[3.731313131313131, 2.559610705596107]"
org.joda.time.format.TestDateTimeFormatter.testPrinterParserMethods,0.02727272727272727,0.026714222517142224,0.026155717761557177,0.05342844503428445,0.02670254605671703,0.026708383648835387,0.0005585047555850473,3.731313131313131,3.145461918454619,2.559610705596107,6.290923836909238,3.03634546672011,3.0904221454099794,0.585851212858512,"[""TestDateTimeFormatter"", ""DateTimeFormatter""]","[0.02727272727272727, 0.026155717761557177]","[3.731313131313131, 2.559610705596107]"
org.joda.time.format.TestDateTimeFormatter.testWithGetLocale,0.02727272727272727,0.026714222517142224,0.026155717761557177,0.05342844503428445,0.02670254605671703,0.026708383648835387,0.0005585047555850473,3.731313131313131,3.145461918454619,2.559610705596107,6.290923836909238,3.03634546672011,3.0904221454099794,0.585851212858512,"[""TestDateTimeFormatter"", ""DateTimeFormatter""]","[0.02727272727272727, 0.026155717761557177]","[3.731313131313131, 2.559610705596107]"
org.joda.time.format.TestDateTimeFormatter.testWithGetOffsetParsedMethods,0.02727272727272727,0.026714222517142224,0.026155717761557177,0.05342844503428445,0.02670254605671703,0.026708383648835387,0.0005585047555850473,3.731313131313131,3.145461918454619,2.559610705596107,6.290923836909238,3.03634546672011,3.0904221454099794,0.585851212858512,"[""TestDateTimeFormatter"", ""DateTimeFormatter""]","[0.02727272727272727, 0.026155717761557177]","[3.731313131313131, 2.559610705596107]"
org.joda.time.format.TestDateTimeFormatter.testWithGetPivotYear,0.02727272727272727,0.026714222517142224,0.026155717761557177,0.05342844503428445,0.02670254605671703,0.026708383648835387,0.0005585047555850473,3.731313131313131,3.145461918454619,2.559610705596107,6.290923836909238,3.03634546672011,3.0904221454099794,0.585851212858512,"[""TestDateTimeFormatter"", ""Integer"", ""DateTimeFormatter""]","[0.02727272727272727, 0.026155717761557177]","[3.731313131313131, 2.559610705596107]"
org.joda.time.TestDateTimeUtils.testSystemMillis,0.02710027100271003,0.026678417571872642,0.02625656414103526,0.053356835143745285,0.026671746999428463,0.026675082077138843,0.0004218534308373847,2.0375093773443362,1.7968712198374797,1.5562330623306233,3.5937424396749593,1.7646448019345138,1.780685109117257,0.24063815750685646,"[""System"", ""TestDateTimeUtils"", ""DateTimeUtils""]","[0.02710027100271003, 0.02625656414103526]","[1.5562330623306233, 2.0375093773443362]"
org.joda.time.TestDateTimeUtils.testFixedMillis,0.02710027100271003,0.026678417571872642,0.02625656414103526,0.053356835143745285,0.026671746999428463,0.026675082077138843,0.0004218534308373847,2.0375093773443362,1.7968712198374797,1.5562330623306233,3.5937424396749593,1.7646448019345138,1.780685109117257,0.24063815750685646,"[""System"", ""TestDateTimeUtils"", ""DateTimeUtils""]","[0.02710027100271003, 0.02625656414103526]","[1.5562330623306233, 2.0375093773443362]"
org.joda.time.TestDateTimeUtils.testSystemMillisSecurity,0.02710027100271003,0.026678417571872642,0.02625656414103526,0.053356835143745285,0.026671746999428463,0.026675082077138843,0.0004218534308373847,2.0375093773443362,1.7968712198374797,1.5562330623306233,3.5937424396749593,1.7646448019345138,1.780685109117257,0.24063815750685646,"[""SecurityManager"", ""System"", ""Policy"", ""TestDateTimeUtils"", ""DateTimeUtils""]","[0.02710027100271003, 0.02625656414103526]","[1.5562330623306233, 2.0375093773443362]"
org.joda.time.TestDateTimeUtils.testMillisProvider_null,0.02710027100271003,0.026678417571872642,0.02625656414103526,0.053356835143745285,0.026671746999428463,0.026675082077138843,0.0004218534308373847,2.0375093773443362,1.7968712198374797,1.5562330623306233,3.5937424396749593,1.7646448019345138,1.780685109117257,0.24063815750685646,"[""TestDateTimeUtils"", ""DateTimeUtils""]","[0.02710027100271003, 0.02625656414103526]","[1.5562330623306233, 2.0375093773443362]"
org.joda.time.TestDateTimeUtils.testOffsetMillisSecurity,0.02710027100271003,0.026678417571872642,0.02625656414103526,0.053356835143745285,0.026671746999428463,0.026675082077138843,0.0004218534308373847,2.0375093773443362,1.7968712198374797,1.5562330623306233,3.5937424396749593,1.7646448019345138,1.780685109117257,0.24063815750685646,"[""SecurityManager"", ""System"", ""Policy"", ""TestDateTimeUtils"", ""DateTimeUtils""]","[0.02710027100271003, 0.02625656414103526]","[1.5562330623306233, 2.0375093773443362]"
org.joda.time.TestDateTimeUtils.testClass,0.02710027100271003,0.026678417571872642,0.02625656414103526,0.053356835143745285,0.026671746999428463,0.026675082077138843,0.0004218534308373847,2.0375093773443362,1.7968712198374797,1.5562330623306233,3.5937424396749593,1.7646448019345138,1.780685109117257,0.24063815750685646,"[""Constructor"", ""Modifier"", ""Class"", ""TestDateTimeUtils$3"", ""TestDateTimeUtils"", ""DateTimeUtils""]","[0.02710027100271003, 0.02625656414103526]","[1.5562330623306233, 2.0375093773443362]"
org.joda.time.TestDateTimeUtils.testOffsetMillis,0.02710027100271003,0.026678417571872642,0.02625656414103526,0.053356835143745285,0.026671746999428463,0.026675082077138843,0.0004218534308373847,2.0375093773443362,1.7968712198374797,1.5562330623306233,3.5937424396749593,1.7646448019345138,1.780685109117257,0.24063815750685646,"[""System"", ""TestDateTimeUtils"", ""DateTimeUtils""]","[0.02710027100271003, 0.02625656414103526]","[1.5562330623306233, 2.0375093773443362]"
org.joda.time.TestDateTimeUtils.testMillisProviderSecurity,0.02710027100271003,0.026678417571872642,0.02625656414103526,0.053356835143745285,0.026671746999428463,0.026675082077138843,0.0004218534308373847,2.0375093773443362,1.7968712198374797,1.5562330623306233,3.5937424396749593,1.7646448019345138,1.780685109117257,0.24063815750685646,"[""SecurityManager"", ""Object"", ""System"", ""Policy"", ""TestDateTimeUtils"", ""TestDateTimeUtils$5"", ""DateTimeUtils""]","[0.02710027100271003, 0.02625656414103526]","[1.5562330623306233, 2.0375093773443362]"
org.joda.time.TestDateTimeUtils.testFixedMillisSecurity,0.02710027100271003,0.026678417571872642,0.02625656414103526,0.053356835143745285,0.026671746999428463,0.026675082077138843,0.0004218534308373847,2.0375093773443362,1.7968712198374797,1.5562330623306233,3.5937424396749593,1.7646448019345138,1.780685109117257,0.24063815750685646,"[""SecurityManager"", ""System"", ""Policy"", ""TestDateTimeUtils"", ""DateTimeUtils""]","[0.02710027100271003, 0.02625656414103526]","[1.5562330623306233, 2.0375093773443362]"
org.joda.time.TestDateTimeUtils.testMillisProvider,0.02710027100271003,0.026678417571872642,0.02625656414103526,0.053356835143745285,0.026671746999428463,0.026675082077138843,0.0004218534308373847,2.0375093773443362,1.7968712198374797,1.5562330623306233,3.5937424396749593,1.7646448019345138,1.780685109117257,0.24063815750685646,"[""Object"", ""TestDateTimeUtils"", ""TestDateTimeUtils$4"", ""DateTimeUtils""]","[0.02710027100271003, 0.02625656414103526]","[1.5562330623306233, 2.0375093773443362]"
org.joda.time.TestInstant_Basics.testSerialization,0.019464720194647202,0.013335801429264727,0.007633587786259542,0.05334320571705891,0.010896042326933655,0.012053706956450635,0.00571019080777569,2.0572655690765926,0.816105456365283,0.09541984732824428,3.264421825461132,0.18763149721652173,0.38104258187159584,0.8059949427554071,"[""ByteArrayOutputStream"", ""ObjectInputStream"", ""Instant"", ""TestInstant_Basics"", ""ObjectOutputStream"", ""ByteArrayInputStream""]","[0.019464720194647202, 0.018611309949892626, 0.007633587786259542, 0.007633587786259542]","[1.0048661800486618, 2.0572655690765926, 0.09541984732824428, 0.10687022900763359]"
org.joda.time.TestInstant_Basics.testGetMethods,0.019464720194647202,0.017760947598869318,0.015206812652068127,0.05328284279660796,0.01755764196366469,0.017661236282235572,0.0018393443136647653,2.0572655690765926,1.2605727079403726,0.7195863746958637,3.781718123821118,1.044958745208803,1.141547111912249,0.5752598126496669,"[""TestInstant_Basics"", ""ISOChronology"", ""Instant""]","[0.019464720194647202, 0.018611309949892626, 0.015206812652068127]","[1.0048661800486618, 2.0572655690765926, 0.7195863746958637]"
org.joda.time.TestInstant_Basics.testGet_DateTimeField,0.019464720194647202,0.017760947598869318,0.015206812652068127,0.05328284279660796,0.01755764196366469,0.017661236282235572,0.0018393443136647653,2.0572655690765926,1.2605727079403726,0.7195863746958637,3.781718123821118,1.044958745208803,1.141547111912249,0.5752598126496669,"[""TestInstant_Basics"", ""ISOChronology"", ""Instant""]","[0.019464720194647202, 0.018611309949892626, 0.015206812652068127]","[1.0048661800486618, 2.0572655690765926, 0.7195863746958637]"
org.joda.time.TestYearMonth_Basics.testToString_String_Locale,0.03618421052631579,0.02631578947368421,0.01644736842105263,0.05263157894736842,0.02261513157894737,0.0243953897601831,0.00986842105263158,6.592105263157895,5.4506578947368425,4.309210526315789,10.901315789473685,5.211622145284757,5.329800126700974,1.1414473684210527,"[""YearMonth"", ""TestYearMonth_Basics""]","[0.03618421052631579, 0.01644736842105263]","[6.592105263157895, 4.309210526315789]"
org.joda.time.TestYearMonth_Basics.testSize,0.03618421052631579,0.02631578947368421,0.01644736842105263,0.05263157894736842,0.02261513157894737,0.0243953897601831,0.00986842105263158,6.592105263157895,5.4506578947368425,4.309210526315789,10.901315789473685,5.211622145284757,5.329800126700974,1.1414473684210527,"[""YearMonth"", ""TestYearMonth_Basics""]","[0.03618421052631579, 0.01644736842105263]","[6.592105263157895, 4.309210526315789]"
org.joda.time.TestYearMonth_Basics.testGetValue,0.03618421052631579,0.02631578947368421,0.01644736842105263,0.05263157894736842,0.02261513157894737,0.0243953897601831,0.00986842105263158,6.592105263157895,5.4506578947368425,4.309210526315789,10.901315789473685,5.211622145284757,5.329800126700974,1.1414473684210527,"[""YearMonth"", ""TestYearMonth_Basics""]","[0.03618421052631579, 0.01644736842105263]","[6.592105263157895, 4.309210526315789]"
org.joda.time.TestYearMonth_Basics.testWithers,0.03618421052631579,0.02631578947368421,0.01644736842105263,0.05263157894736842,0.02261513157894737,0.0243953897601831,0.00986842105263158,6.592105263157895,5.4506578947368425,4.309210526315789,10.901315789473685,5.211622145284757,5.329800126700974,1.1414473684210527,"[""YearMonth"", ""TestYearMonth_Basics""]","[0.03618421052631579, 0.01644736842105263]","[6.592105263157895, 4.309210526315789]"
org.joda.time.TestYearMonth_Basics.testWithField_nullField,0.03618421052631579,0.02631578947368421,0.01644736842105263,0.05263157894736842,0.02261513157894737,0.0243953897601831,0.00986842105263158,6.592105263157895,5.4506578947368425,4.309210526315789,10.901315789473685,5.211622145284757,5.329800126700974,1.1414473684210527,"[""YearMonth"", ""TestYearMonth_Basics""]","[0.03618421052631579, 0.01644736842105263]","[6.592105263157895, 4.309210526315789]"
org.joda.time.TestYearMonth_Basics.testToString,0.03618421052631579,0.02631578947368421,0.01644736842105263,0.05263157894736842,0.02261513157894737,0.0243953897601831,0.00986842105263158,6.592105263157895,5.4506578947368425,4.309210526315789,10.901315789473685,5.211622145284757,5.329800126700974,1.1414473684210527,"[""YearMonth"", ""TestYearMonth_Basics""]","[0.03618421052631579, 0.01644736842105263]","[6.592105263157895, 4.309210526315789]"
org.joda.time.TestYearMonth_Basics.testWithChronologyRetainFields_invalidInNewChrono,0.03618421052631579,0.02631578947368421,0.01644736842105263,0.05263157894736842,0.02261513157894737,0.0243953897601831,0.00986842105263158,6.592105263157895,5.4506578947368425,4.309210526315789,10.901315789473685,5.211622145284757,5.329800126700974,1.1414473684210527,"[""YearMonth"", ""TestYearMonth_Basics""]","[0.03618421052631579, 0.01644736842105263]","[6.592105263157895, 4.309210526315789]"
org.joda.time.TestYearMonth_Basics.testToString_String,0.03618421052631579,0.02631578947368421,0.01644736842105263,0.05263157894736842,0.02261513157894737,0.0243953897601831,0.00986842105263158,6.592105263157895,5.4506578947368425,4.309210526315789,10.901315789473685,5.211622145284757,5.329800126700974,1.1414473684210527,"[""YearMonth"", ""TestYearMonth_Basics""]","[0.03618421052631579, 0.01644736842105263]","[6.592105263157895, 4.309210526315789]"
org.joda.time.TestYearMonth_Basics.testWithChronologyRetainFields_sameChrono,0.03618421052631579,0.02631578947368421,0.01644736842105263,0.05263157894736842,0.02261513157894737,0.0243953897601831,0.00986842105263158,6.592105263157895,5.4506578947368425,4.309210526315789,10.901315789473685,5.211622145284757,5.329800126700974,1.1414473684210527,"[""YearMonth"", ""TestYearMonth_Basics""]","[0.03618421052631579, 0.01644736842105263]","[6.592105263157895, 4.309210526315789]"
org.joda.time.TestYearMonth_Basics.testWithChronologyRetainFields_Chrono,0.03618421052631579,0.02631578947368421,0.01644736842105263,0.05263157894736842,0.02261513157894737,0.0243953897601831,0.00986842105263158,6.592105263157895,5.4506578947368425,4.309210526315789,10.901315789473685,5.211622145284757,5.329800126700974,1.1414473684210527,"[""YearMonth"", ""TestYearMonth_Basics""]","[0.03618421052631579, 0.01644736842105263]","[6.592105263157895, 4.309210526315789]"
org.joda.time.TestYearMonth_Basics.testWithFieldAdded_nullField_zero,0.03618421052631579,0.02631578947368421,0.01644736842105263,0.05263157894736842,0.02261513157894737,0.0243953897601831,0.00986842105263158,6.592105263157895,5.4506578947368425,4.309210526315789,10.901315789473685,5.211622145284757,5.329800126700974,1.1414473684210527,"[""YearMonth"", ""TestYearMonth_Basics""]","[0.03618421052631579, 0.01644736842105263]","[6.592105263157895, 4.309210526315789]"
org.joda.time.TestYearMonth_Basics.testGetValues,0.03618421052631579,0.02631578947368421,0.01644736842105263,0.05263157894736842,0.02261513157894737,0.0243953897601831,0.00986842105263158,6.592105263157895,5.4506578947368425,4.309210526315789,10.901315789473685,5.211622145284757,5.329800126700974,1.1414473684210527,"[""YearMonth"", ""TestYearMonth_Basics""]","[0.03618421052631579, 0.01644736842105263]","[6.592105263157895, 4.309210526315789]"
org.joda.time.TestYearMonth_Basics.testWithChronologyRetainFields_nullChrono,0.03618421052631579,0.02631578947368421,0.01644736842105263,0.05263157894736842,0.02261513157894737,0.0243953897601831,0.00986842105263158,6.592105263157895,5.4506578947368425,4.309210526315789,10.901315789473685,5.211622145284757,5.329800126700974,1.1414473684210527,"[""YearMonth"", ""TestYearMonth_Basics""]","[0.03618421052631579, 0.01644736842105263]","[6.592105263157895, 4.309210526315789]"
org.joda.time.TestYearMonth_Basics.testWithFieldAdded_nullField_nonZero,0.03618421052631579,0.02631578947368421,0.01644736842105263,0.05263157894736842,0.02261513157894737,0.0243953897601831,0.00986842105263158,6.592105263157895,5.4506578947368425,4.309210526315789,10.901315789473685,5.211622145284757,5.329800126700974,1.1414473684210527,"[""YearMonth"", ""TestYearMonth_Basics""]","[0.03618421052631579, 0.01644736842105263]","[6.592105263157895, 4.309210526315789]"
org.joda.time.TestMutableInterval_Updates.testSetEnd_RI1,0.019464720194647202,0.017450187842474634,0.013535031847133758,0.0523505635274239,0.016955400914529926,0.017210845647575686,0.0027688238958550574,1.4060509554140128,1.247667343115107,1.0048661800486618,3.743002029345321,1.2209654078250511,1.2346591074375781,0.17432163406460174,"[""MutableInterval"", ""TestMutableInterval_Updates"", ""Instant""]","[0.019464720194647202, 0.019350811485642945, 0.013535031847133758]","[1.0048661800486618, 1.3320848938826466, 1.4060509554140128]"
org.joda.time.TestMutableInterval_Updates.testSetInterval_RI_RI2,0.019464720194647202,0.017450187842474634,0.013535031847133758,0.0523505635274239,0.016955400914529926,0.017210845647575686,0.0027688238958550574,1.4060509554140128,1.247667343115107,1.0048661800486618,3.743002029345321,1.2209654078250511,1.2346591074375781,0.17432163406460174,"[""MutableInterval"", ""TestMutableInterval_Updates"", ""Instant""]","[0.019464720194647202, 0.019350811485642945, 0.013535031847133758]","[1.0048661800486618, 1.3320848938826466, 1.4060509554140128]"
org.joda.time.TestMutableInterval_Updates.testSetInterval_RI_RI1,0.019464720194647202,0.017450187842474634,0.013535031847133758,0.0523505635274239,0.016955400914529926,0.017210845647575686,0.0027688238958550574,1.4060509554140128,1.247667343115107,1.0048661800486618,3.743002029345321,1.2209654078250511,1.2346591074375781,0.17432163406460174,"[""MutableInterval"", ""TestMutableInterval_Updates"", ""Instant""]","[0.019464720194647202, 0.019350811485642945, 0.013535031847133758]","[1.0048661800486618, 1.3320848938826466, 1.4060509554140128]"
org.joda.time.TestMutableInterval_Updates.testSetStart_RI2,0.019464720194647202,0.017450187842474634,0.013535031847133758,0.0523505635274239,0.016955400914529926,0.017210845647575686,0.0027688238958550574,1.4060509554140128,1.247667343115107,1.0048661800486618,3.743002029345321,1.2209654078250511,1.2346591074375781,0.17432163406460174,"[""MutableInterval"", ""TestMutableInterval_Updates"", ""Instant""]","[0.019464720194647202, 0.019350811485642945, 0.013535031847133758]","[1.0048661800486618, 1.3320848938826466, 1.4060509554140128]"
org.joda.time.TestMutableInterval_Updates.testSetStart_RI1,0.019464720194647202,0.017450187842474634,0.013535031847133758,0.0523505635274239,0.016955400914529926,0.017210845647575686,0.0027688238958550574,1.4060509554140128,1.247667343115107,1.0048661800486618,3.743002029345321,1.2209654078250511,1.2346591074375781,0.17432163406460174,"[""MutableInterval"", ""TestMutableInterval_Updates"", ""Instant""]","[0.019464720194647202, 0.019350811485642945, 0.013535031847133758]","[1.0048661800486618, 1.3320848938826466, 1.4060509554140128]"
org.joda.time.TestMutableInterval_Updates.testSetInterval_RI_RI4,0.019464720194647202,0.017450187842474634,0.013535031847133758,0.0523505635274239,0.016955400914529926,0.017210845647575686,0.0027688238958550574,1.4060509554140128,1.247667343115107,1.0048661800486618,3.743002029345321,1.2209654078250511,1.2346591074375781,0.17432163406460174,"[""MutableInterval"", ""TestMutableInterval_Updates"", ""Instant""]","[0.019464720194647202, 0.019350811485642945, 0.013535031847133758]","[1.0048661800486618, 1.3320848938826466, 1.4060509554140128]"
org.joda.time.TestMutableInterval_Updates.testSetInterval_RI_RI3,0.019464720194647202,0.017450187842474634,0.013535031847133758,0.0523505635274239,0.016955400914529926,0.017210845647575686,0.0027688238958550574,1.4060509554140128,1.247667343115107,1.0048661800486618,3.743002029345321,1.2209654078250511,1.2346591074375781,0.17432163406460174,"[""MutableInterval"", ""TestMutableInterval_Updates"", ""Instant""]","[0.019464720194647202, 0.019350811485642945, 0.013535031847133758]","[1.0048661800486618, 1.3320848938826466, 1.4060509554140128]"
org.joda.time.TestMutableInterval_Updates.testSetEnd_RI2,0.019464720194647202,0.017450187842474634,0.013535031847133758,0.0523505635274239,0.016955400914529926,0.017210845647575686,0.0027688238958550574,1.4060509554140128,1.247667343115107,1.0048661800486618,3.743002029345321,1.2209654078250511,1.2346591074375781,0.17432163406460174,"[""MutableInterval"", ""TestMutableInterval_Updates"", ""Instant""]","[0.019464720194647202, 0.019350811485642945, 0.013535031847133758]","[1.0048661800486618, 1.3320848938826466, 1.4060509554140128]"
org.joda.time.TestSerialization.testSerializedISOChronology,0.02178649237472767,0.01306512014982872,0.007633587786259542,0.05226048059931488,0.010704918910239256,0.011787473507250795,0.005908728033434652,2.4553376906318083,0.8443035354158874,0.09541984732824428,3.3772141416635497,0.18489324177938798,0.36637210928215574,0.9637971880969434,"[""StringBuilder"", ""ByteArrayOutputStream"", ""ObjectInputStream"", ""TestSerialization"", ""FileInputStream"", ""ISOChronology"", ""ObjectOutputStream"", ""ByteArrayInputStream""]","[0.02178649237472767, 0.015206812652068127, 0.007633587786259542, 0.007633587786259542]","[2.4553376906318083, 0.7195863746958637, 0.09541984732824428, 0.10687022900763359]"
org.joda.time.field.TestUnsupportedDateTimeField.testDifferentDurationReturnDifferentObjects,0.024539877300613498,0.017337468257713658,0.010378510378510378,0.05201240477314097,0.015337192692278775,0.016328658827095142,0.005783916183546576,5.451942740286299,2.565991495439348,0.778998778998779,7.697974486318045,1.3961489572868018,1.8401051695648083,2.0599164548918343,"[""TestUnsupportedDateTimeField"", ""UnsupportedDurationField"", ""UnsupportedDateTimeField""]","[0.024539877300613498, 0.017094017094017096, 0.010378510378510378]","[5.451942740286299, 1.467032967032967, 0.778998778998779]"
org.joda.time.TestMutableDateTime_Sets.testSetTime_int_int_int_int1,0.03527980535279805,0.02581226523211968,0.01634472511144131,0.05162453046423936,0.022339717777233096,0.024013302989731335,0.009467540120678372,4.203771289537713,3.086655332733195,1.9695393759286777,6.17331066546639,2.682351020647197,2.8774108295728293,1.1171159568045175,"[""TestMutableDateTime_Sets"", ""MutableDateTime""]","[0.03527980535279805, 0.01634472511144131]","[4.203771289537713, 1.9695393759286777]"
org.joda.time.TestMutableDateTime_Sets.testSetMilliOfSecond_int2,0.03527980535279805,0.02581226523211968,0.01634472511144131,0.05162453046423936,0.022339717777233096,0.024013302989731335,0.009467540120678372,4.203771289537713,3.086655332733195,1.9695393759286777,6.17331066546639,2.682351020647197,2.8774108295728293,1.1171159568045175,"[""TestMutableDateTime_Sets"", ""MutableDateTime""]","[0.03527980535279805, 0.01634472511144131]","[4.203771289537713, 1.9695393759286777]"
org.joda.time.TestMutableDateTime_Adds.testAddHours_int1,0.03527980535279805,0.02581226523211968,0.01634472511144131,0.05162453046423936,0.022339717777233096,0.024013302989731335,0.009467540120678372,4.203771289537713,2.5799688542785146,0.9561664190193165,5.159937708557029,1.557966459024382,2.0048703051054173,1.623802435259198,"[""TestMutableDateTime_Adds"", ""MutableDateTime""]","[0.03527980535279805, 0.01634472511144131]","[4.203771289537713, 0.9561664190193165]"
org.joda.time.TestMutableDateTime_Adds.testAdd_RD_int2,0.03527980535279805,0.02581226523211968,0.01634472511144131,0.05162453046423936,0.022339717777233096,0.024013302989731335,0.009467540120678372,4.203771289537713,2.5799688542785146,0.9561664190193165,5.159937708557029,1.557966459024382,2.0048703051054173,1.623802435259198,"[""TestMutableDateTime_Adds"", ""MutableDateTime""]","[0.03527980535279805, 0.01634472511144131]","[4.203771289537713, 0.9561664190193165]"
org.joda.time.TestMutableDateTime_Sets.testSetMinuteOfHour_int2,0.03527980535279805,0.02581226523211968,0.01634472511144131,0.05162453046423936,0.022339717777233096,0.024013302989731335,0.009467540120678372,4.203771289537713,3.086655332733195,1.9695393759286777,6.17331066546639,2.682351020647197,2.8774108295728293,1.1171159568045175,"[""TestMutableDateTime_Sets"", ""MutableDateTime""]","[0.03527980535279805, 0.01634472511144131]","[4.203771289537713, 1.9695393759286777]"
org.joda.time.TestMutableDateTime_Sets.testSetDate_int_int_int1,0.03527980535279805,0.02581226523211968,0.01634472511144131,0.05162453046423936,0.022339717777233096,0.024013302989731335,0.009467540120678372,4.203771289537713,3.086655332733195,1.9695393759286777,6.17331066546639,2.682351020647197,2.8774108295728293,1.1171159568045175,"[""TestMutableDateTime_Sets"", ""MutableDateTime""]","[0.03527980535279805, 0.01634472511144131]","[4.203771289537713, 1.9695393759286777]"
org.joda.time.TestMutableDateTime_Sets.testSetMonthOfYear_int2,0.03527980535279805,0.02581226523211968,0.01634472511144131,0.05162453046423936,0.022339717777233096,0.024013302989731335,0.009467540120678372,4.203771289537713,3.086655332733195,1.9695393759286777,6.17331066546639,2.682351020647197,2.8774108295728293,1.1171159568045175,"[""TestMutableDateTime_Sets"", ""MutableDateTime""]","[0.03527980535279805, 0.01634472511144131]","[4.203771289537713, 1.9695393759286777]"
org.joda.time.TestMutableDateTime_Sets.testSetHourOfDay_int2,0.03527980535279805,0.02581226523211968,0.01634472511144131,0.05162453046423936,0.022339717777233096,0.024013302989731335,0.009467540120678372,4.203771289537713,3.086655332733195,1.9695393759286777,6.17331066546639,2.682351020647197,2.8774108295728293,1.1171159568045175,"[""TestMutableDateTime_Sets"", ""MutableDateTime""]","[0.03527980535279805, 0.01634472511144131]","[4.203771289537713, 1.9695393759286777]"
org.joda.time.TestMutableDateTime_Sets.testSetSecondOfMinute_int1,0.03527980535279805,0.02581226523211968,0.01634472511144131,0.05162453046423936,0.022339717777233096,0.024013302989731335,0.009467540120678372,4.203771289537713,3.086655332733195,1.9695393759286777,6.17331066546639,2.682351020647197,2.8774108295728293,1.1171159568045175,"[""TestMutableDateTime_Sets"", ""MutableDateTime""]","[0.03527980535279805, 0.01634472511144131]","[4.203771289537713, 1.9695393759286777]"
org.joda.time.TestMutableDateTime_Sets.testSetMilliOfSecond_int1,0.03527980535279805,0.02581226523211968,0.01634472511144131,0.05162453046423936,0.022339717777233096,0.024013302989731335,0.009467540120678372,4.203771289537713,3.086655332733195,1.9695393759286777,6.17331066546639,2.682351020647197,2.8774108295728293,1.1171159568045175,"[""TestMutableDateTime_Sets"", ""MutableDateTime""]","[0.03527980535279805, 0.01634472511144131]","[4.203771289537713, 1.9695393759286777]"
org.joda.time.TestMutableDateTime_Sets.testSet_DateTimeFieldType_int2,0.03527980535279805,0.02581226523211968,0.01634472511144131,0.05162453046423936,0.022339717777233096,0.024013302989731335,0.009467540120678372,4.203771289537713,3.086655332733195,1.9695393759286777,6.17331066546639,2.682351020647197,2.8774108295728293,1.1171159568045175,"[""TestMutableDateTime_Sets"", ""MutableDateTime""]","[0.03527980535279805, 0.01634472511144131]","[4.203771289537713, 1.9695393759286777]"
org.joda.time.TestMutableDateTime_Adds.testAdd_DurationFieldType_int3,0.03527980535279805,0.02581226523211968,0.01634472511144131,0.05162453046423936,0.022339717777233096,0.024013302989731335,0.009467540120678372,4.203771289537713,2.5799688542785146,0.9561664190193165,5.159937708557029,1.557966459024382,2.0048703051054173,1.623802435259198,"[""TestMutableDateTime_Adds"", ""MutableDateTime""]","[0.03527980535279805, 0.01634472511144131]","[4.203771289537713, 0.9561664190193165]"
org.joda.time.TestMutableDateTime_Adds.testAddSeconds_int1,0.03527980535279805,0.02581226523211968,0.01634472511144131,0.05162453046423936,0.022339717777233096,0.024013302989731335,0.009467540120678372,4.203771289537713,2.5799688542785146,0.9561664190193165,5.159937708557029,1.557966459024382,2.0048703051054173,1.623802435259198,"[""TestMutableDateTime_Adds"", ""MutableDateTime""]","[0.03527980535279805, 0.01634472511144131]","[4.203771289537713, 0.9561664190193165]"
org.joda.time.TestMutableDateTime_Sets.testSetDayOfYear_int1,0.03527980535279805,0.02581226523211968,0.01634472511144131,0.05162453046423936,0.022339717777233096,0.024013302989731335,0.009467540120678372,4.203771289537713,3.086655332733195,1.9695393759286777,6.17331066546639,2.682351020647197,2.8774108295728293,1.1171159568045175,"[""TestMutableDateTime_Sets"", ""MutableDateTime""]","[0.03527980535279805, 0.01634472511144131]","[4.203771289537713, 1.9695393759286777]"
org.joda.time.TestMutableDateTime_Sets.testSetDate_int_int_int2,0.03527980535279805,0.02581226523211968,0.01634472511144131,0.05162453046423936,0.022339717777233096,0.024013302989731335,0.009467540120678372,4.203771289537713,3.086655332733195,1.9695393759286777,6.17331066546639,2.682351020647197,2.8774108295728293,1.1171159568045175,"[""TestMutableDateTime_Sets"", ""MutableDateTime""]","[0.03527980535279805, 0.01634472511144131]","[4.203771289537713, 1.9695393759286777]"
org.joda.time.TestMutableDateTime_Sets.testSetMilliOfDay_int1,0.03527980535279805,0.02581226523211968,0.01634472511144131,0.05162453046423936,0.022339717777233096,0.024013302989731335,0.009467540120678372,4.203771289537713,3.086655332733195,1.9695393759286777,6.17331066546639,2.682351020647197,2.8774108295728293,1.1171159568045175,"[""TestMutableDateTime_Sets"", ""MutableDateTime""]","[0.03527980535279805, 0.01634472511144131]","[4.203771289537713, 1.9695393759286777]"
org.joda.time.TestMutableDateTime_Sets.testSetDayOfWeek_int2,0.03527980535279805,0.02581226523211968,0.01634472511144131,0.05162453046423936,0.022339717777233096,0.024013302989731335,0.009467540120678372,4.203771289537713,3.086655332733195,1.9695393759286777,6.17331066546639,2.682351020647197,2.8774108295728293,1.1171159568045175,"[""TestMutableDateTime_Sets"", ""MutableDateTime""]","[0.03527980535279805, 0.01634472511144131]","[4.203771289537713, 1.9695393759286777]"
org.joda.time.TestMutableDateTime_Adds.testAddMonths_int1,0.03527980535279805,0.02581226523211968,0.01634472511144131,0.05162453046423936,0.022339717777233096,0.024013302989731335,0.009467540120678372,4.203771289537713,2.5799688542785146,0.9561664190193165,5.159937708557029,1.557966459024382,2.0048703051054173,1.623802435259198,"[""TestMutableDateTime_Adds"", ""MutableDateTime""]","[0.03527980535279805, 0.01634472511144131]","[4.203771289537713, 0.9561664190193165]"
org.joda.time.TestMutableDateTime_Adds.testAdd_DurationFieldType_int2,0.03527980535279805,0.02581226523211968,0.01634472511144131,0.05162453046423936,0.022339717777233096,0.024013302989731335,0.009467540120678372,4.203771289537713,2.5799688542785146,0.9561664190193165,5.159937708557029,1.557966459024382,2.0048703051054173,1.623802435259198,"[""TestMutableDateTime_Adds"", ""MutableDateTime""]","[0.03527980535279805, 0.01634472511144131]","[4.203771289537713, 0.9561664190193165]"
org.joda.time.TestMutableDateTime_Adds.testAddWeekyears_int1,0.03527980535279805,0.02581226523211968,0.01634472511144131,0.05162453046423936,0.022339717777233096,0.024013302989731335,0.009467540120678372,4.203771289537713,2.5799688542785146,0.9561664190193165,5.159937708557029,1.557966459024382,2.0048703051054173,1.623802435259198,"[""TestMutableDateTime_Adds"", ""MutableDateTime""]","[0.03527980535279805, 0.01634472511144131]","[4.203771289537713, 0.9561664190193165]"
org.joda.time.TestMutableDateTime_Sets.testSetSecondOfDay_int1,0.03527980535279805,0.02581226523211968,0.01634472511144131,0.05162453046423936,0.022339717777233096,0.024013302989731335,0.009467540120678372,4.203771289537713,3.086655332733195,1.9695393759286777,6.17331066546639,2.682351020647197,2.8774108295728293,1.1171159568045175,"[""TestMutableDateTime_Sets"", ""MutableDateTime""]","[0.03527980535279805, 0.01634472511144131]","[4.203771289537713, 1.9695393759286777]"
org.joda.time.TestMutableDateTime_Sets.testSetDayOfYear_int2,0.03527980535279805,0.02581226523211968,0.01634472511144131,0.05162453046423936,0.022339717777233096,0.024013302989731335,0.009467540120678372,4.203771289537713,3.086655332733195,1.9695393759286777,6.17331066546639,2.682351020647197,2.8774108295728293,1.1171159568045175,"[""TestMutableDateTime_Sets"", ""MutableDateTime""]","[0.03527980535279805, 0.01634472511144131]","[4.203771289537713, 1.9695393759286777]"
org.joda.time.TestMutableDateTime_Sets.testSetWeekOfWeekyear_int1,0.03527980535279805,0.02581226523211968,0.01634472511144131,0.05162453046423936,0.022339717777233096,0.024013302989731335,0.009467540120678372,4.203771289537713,3.086655332733195,1.9695393759286777,6.17331066546639,2.682351020647197,2.8774108295728293,1.1171159568045175,"[""TestMutableDateTime_Sets"", ""MutableDateTime""]","[0.03527980535279805, 0.01634472511144131]","[4.203771289537713, 1.9695393759286777]"
org.joda.time.TestMutableDateTime_Sets.testSetDayOfMonth_int1,0.03527980535279805,0.02581226523211968,0.01634472511144131,0.05162453046423936,0.022339717777233096,0.024013302989731335,0.009467540120678372,4.203771289537713,3.086655332733195,1.9695393759286777,6.17331066546639,2.682351020647197,2.8774108295728293,1.1171159568045175,"[""TestMutableDateTime_Sets"", ""MutableDateTime""]","[0.03527980535279805, 0.01634472511144131]","[4.203771289537713, 1.9695393759286777]"
org.joda.time.TestMutableDateTime_Sets.testSetDayOfMonth_int2,0.03527980535279805,0.02581226523211968,0.01634472511144131,0.05162453046423936,0.022339717777233096,0.024013302989731335,0.009467540120678372,4.203771289537713,3.086655332733195,1.9695393759286777,6.17331066546639,2.682351020647197,2.8774108295728293,1.1171159568045175,"[""TestMutableDateTime_Sets"", ""MutableDateTime""]","[0.03527980535279805, 0.01634472511144131]","[4.203771289537713, 1.9695393759286777]"
org.joda.time.TestMutableDateTime_Sets.testSetDateTime_int_int_int_int_int_int_int1,0.03527980535279805,0.02581226523211968,0.01634472511144131,0.05162453046423936,0.022339717777233096,0.024013302989731335,0.009467540120678372,4.203771289537713,3.086655332733195,1.9695393759286777,6.17331066546639,2.682351020647197,2.8774108295728293,1.1171159568045175,"[""TestMutableDateTime_Sets"", ""MutableDateTime""]","[0.03527980535279805, 0.01634472511144131]","[4.203771289537713, 1.9695393759286777]"
org.joda.time.TestMutableDateTime_Sets.testSetYear_int1,0.03527980535279805,0.02581226523211968,0.01634472511144131,0.05162453046423936,0.022339717777233096,0.024013302989731335,0.009467540120678372,4.203771289537713,3.086655332733195,1.9695393759286777,6.17331066546639,2.682351020647197,2.8774108295728293,1.1171159568045175,"[""TestMutableDateTime_Sets"", ""MutableDateTime""]","[0.03527980535279805, 0.01634472511144131]","[4.203771289537713, 1.9695393759286777]"
org.joda.time.TestMutableDateTime_Sets.testSetSecondOfDay_int2,0.03527980535279805,0.02581226523211968,0.01634472511144131,0.05162453046423936,0.022339717777233096,0.024013302989731335,0.009467540120678372,4.203771289537713,3.086655332733195,1.9695393759286777,6.17331066546639,2.682351020647197,2.8774108295728293,1.1171159568045175,"[""TestMutableDateTime_Sets"", ""MutableDateTime""]","[0.03527980535279805, 0.01634472511144131]","[4.203771289537713, 1.9695393759286777]"
org.joda.time.TestMutableDateTime_Adds.testAddDays_int1,0.03527980535279805,0.02581226523211968,0.01634472511144131,0.05162453046423936,0.022339717777233096,0.024013302989731335,0.009467540120678372,4.203771289537713,2.5799688542785146,0.9561664190193165,5.159937708557029,1.557966459024382,2.0048703051054173,1.623802435259198,"[""TestMutableDateTime_Adds"", ""MutableDateTime""]","[0.03527980535279805, 0.01634472511144131]","[4.203771289537713, 0.9561664190193165]"
org.joda.time.TestMutableDateTime_Adds.testAdd_RD2,0.03527980535279805,0.02581226523211968,0.01634472511144131,0.05162453046423936,0.022339717777233096,0.024013302989731335,0.009467540120678372,4.203771289537713,2.5799688542785146,0.9561664190193165,5.159937708557029,1.557966459024382,2.0048703051054173,1.623802435259198,"[""TestMutableDateTime_Adds"", ""MutableDateTime""]","[0.03527980535279805, 0.01634472511144131]","[4.203771289537713, 0.9561664190193165]"
org.joda.time.TestMutableDateTime_Sets.testSetDate_RI2,0.03527980535279805,0.02581226523211968,0.01634472511144131,0.05162453046423936,0.022339717777233096,0.024013302989731335,0.009467540120678372,4.203771289537713,3.086655332733195,1.9695393759286777,6.17331066546639,2.682351020647197,2.8774108295728293,1.1171159568045175,"[""TestMutableDateTime_Sets"", ""MutableDateTime""]","[0.03527980535279805, 0.01634472511144131]","[4.203771289537713, 1.9695393759286777]"
org.joda.time.TestMutableDateTime_Sets.testSetDateTime_int_int_int_int_int_int_int2,0.03527980535279805,0.02581226523211968,0.01634472511144131,0.05162453046423936,0.022339717777233096,0.024013302989731335,0.009467540120678372,4.203771289537713,3.086655332733195,1.9695393759286777,6.17331066546639,2.682351020647197,2.8774108295728293,1.1171159568045175,"[""TestMutableDateTime_Sets"", ""MutableDateTime""]","[0.03527980535279805, 0.01634472511144131]","[4.203771289537713, 1.9695393759286777]"
org.joda.time.TestMutableDateTime_Adds.testAdd_RP_int2,0.03527980535279805,0.02581226523211968,0.01634472511144131,0.05162453046423936,0.022339717777233096,0.024013302989731335,0.009467540120678372,4.203771289537713,2.5799688542785146,0.9561664190193165,5.159937708557029,1.557966459024382,2.0048703051054173,1.623802435259198,"[""TestMutableDateTime_Adds"", ""MutableDateTime""]","[0.03527980535279805, 0.01634472511144131]","[4.203771289537713, 0.9561664190193165]"
org.joda.time.TestMutableDateTime_Adds.testAddWeeks_int1,0.03527980535279805,0.02581226523211968,0.01634472511144131,0.05162453046423936,0.022339717777233096,0.024013302989731335,0.009467540120678372,4.203771289537713,2.5799688542785146,0.9561664190193165,5.159937708557029,1.557966459024382,2.0048703051054173,1.623802435259198,"[""TestMutableDateTime_Adds"", ""MutableDateTime""]","[0.03527980535279805, 0.01634472511144131]","[4.203771289537713, 0.9561664190193165]"
org.joda.time.TestMutableDateTime_Adds.testAddMinutes_int1,0.03527980535279805,0.02581226523211968,0.01634472511144131,0.05162453046423936,0.022339717777233096,0.024013302989731335,0.009467540120678372,4.203771289537713,2.5799688542785146,0.9561664190193165,5.159937708557029,1.557966459024382,2.0048703051054173,1.623802435259198,"[""TestMutableDateTime_Adds"", ""MutableDateTime""]","[0.03527980535279805, 0.01634472511144131]","[4.203771289537713, 0.9561664190193165]"
org.joda.time.TestMutableDateTime_Sets.testSetMonthOfYear_int1,0.03527980535279805,0.02581226523211968,0.01634472511144131,0.05162453046423936,0.022339717777233096,0.024013302989731335,0.009467540120678372,4.203771289537713,3.086655332733195,1.9695393759286777,6.17331066546639,2.682351020647197,2.8774108295728293,1.1171159568045175,"[""TestMutableDateTime_Sets"", ""MutableDateTime""]","[0.03527980535279805, 0.01634472511144131]","[4.203771289537713, 1.9695393759286777]"
org.joda.time.TestMutableDateTime_Sets.testSetMinuteOfDay_int1,0.03527980535279805,0.02581226523211968,0.01634472511144131,0.05162453046423936,0.022339717777233096,0.024013302989731335,0.009467540120678372,4.203771289537713,3.086655332733195,1.9695393759286777,6.17331066546639,2.682351020647197,2.8774108295728293,1.1171159568045175,"[""TestMutableDateTime_Sets"", ""MutableDateTime""]","[0.03527980535279805, 0.01634472511144131]","[4.203771289537713, 1.9695393759286777]"
org.joda.time.TestMutableDateTime_Adds.testAdd_RP2,0.03527980535279805,0.02581226523211968,0.01634472511144131,0.05162453046423936,0.022339717777233096,0.024013302989731335,0.009467540120678372,4.203771289537713,2.5799688542785146,0.9561664190193165,5.159937708557029,1.557966459024382,2.0048703051054173,1.623802435259198,"[""TestMutableDateTime_Adds"", ""MutableDateTime""]","[0.03527980535279805, 0.01634472511144131]","[4.203771289537713, 0.9561664190193165]"
org.joda.time.TestMutableDateTime_Sets.testSetTime_int_int_int2,0.03527980535279805,0.02581226523211968,0.01634472511144131,0.05162453046423936,0.022339717777233096,0.024013302989731335,0.009467540120678372,4.203771289537713,3.086655332733195,1.9695393759286777,6.17331066546639,2.682351020647197,2.8774108295728293,1.1171159568045175,"[""TestMutableDateTime_Sets"", ""MutableDateTime""]","[0.03527980535279805, 0.01634472511144131]","[4.203771289537713, 1.9695393759286777]"
org.joda.time.TestMutableDateTime_Sets.testSetHourOfDay_int1,0.03527980535279805,0.02581226523211968,0.01634472511144131,0.05162453046423936,0.022339717777233096,0.024013302989731335,0.009467540120678372,4.203771289537713,3.086655332733195,1.9695393759286777,6.17331066546639,2.682351020647197,2.8774108295728293,1.1171159568045175,"[""TestMutableDateTime_Sets"", ""MutableDateTime""]","[0.03527980535279805, 0.01634472511144131]","[4.203771289537713, 1.9695393759286777]"
org.joda.time.TestMutableDateTime_Sets.testSetMinuteOfHour_int1,0.03527980535279805,0.02581226523211968,0.01634472511144131,0.05162453046423936,0.022339717777233096,0.024013302989731335,0.009467540120678372,4.203771289537713,3.086655332733195,1.9695393759286777,6.17331066546639,2.682351020647197,2.8774108295728293,1.1171159568045175,"[""TestMutableDateTime_Sets"", ""MutableDateTime""]","[0.03527980535279805, 0.01634472511144131]","[4.203771289537713, 1.9695393759286777]"
org.joda.time.TestMutableDateTime_Sets.testSetMilliOfDay_int2,0.03527980535279805,0.02581226523211968,0.01634472511144131,0.05162453046423936,0.022339717777233096,0.024013302989731335,0.009467540120678372,4.203771289537713,3.086655332733195,1.9695393759286777,6.17331066546639,2.682351020647197,2.8774108295728293,1.1171159568045175,"[""TestMutableDateTime_Sets"", ""MutableDateTime""]","[0.03527980535279805, 0.01634472511144131]","[4.203771289537713, 1.9695393759286777]"
org.joda.time.TestMutableDateTime_Sets.testSetWeekOfWeekyear_int2,0.03527980535279805,0.02581226523211968,0.01634472511144131,0.05162453046423936,0.022339717777233096,0.024013302989731335,0.009467540120678372,4.203771289537713,3.086655332733195,1.9695393759286777,6.17331066546639,2.682351020647197,2.8774108295728293,1.1171159568045175,"[""TestMutableDateTime_Sets"", ""MutableDateTime""]","[0.03527980535279805, 0.01634472511144131]","[4.203771289537713, 1.9695393759286777]"
org.joda.time.TestMutableDateTime_Adds.testAddMillis_int1,0.03527980535279805,0.02581226523211968,0.01634472511144131,0.05162453046423936,0.022339717777233096,0.024013302989731335,0.009467540120678372,4.203771289537713,2.5799688542785146,0.9561664190193165,5.159937708557029,1.557966459024382,2.0048703051054173,1.623802435259198,"[""TestMutableDateTime_Adds"", ""MutableDateTime""]","[0.03527980535279805, 0.01634472511144131]","[4.203771289537713, 0.9561664190193165]"
org.joda.time.TestMutableDateTime_Sets.testSetDayOfWeek_int1,0.03527980535279805,0.02581226523211968,0.01634472511144131,0.05162453046423936,0.022339717777233096,0.024013302989731335,0.009467540120678372,4.203771289537713,3.086655332733195,1.9695393759286777,6.17331066546639,2.682351020647197,2.8774108295728293,1.1171159568045175,"[""TestMutableDateTime_Sets"", ""MutableDateTime""]","[0.03527980535279805, 0.01634472511144131]","[4.203771289537713, 1.9695393759286777]"
org.joda.time.TestMutableDateTime_Sets.testSetSecondOfMinute_int2,0.03527980535279805,0.02581226523211968,0.01634472511144131,0.05162453046423936,0.022339717777233096,0.024013302989731335,0.009467540120678372,4.203771289537713,3.086655332733195,1.9695393759286777,6.17331066546639,2.682351020647197,2.8774108295728293,1.1171159568045175,"[""TestMutableDateTime_Sets"", ""MutableDateTime""]","[0.03527980535279805, 0.01634472511144131]","[4.203771289537713, 1.9695393759286777]"
org.joda.time.TestMutableDateTime_Sets.testSetMinuteOfDay_int2,0.03527980535279805,0.02581226523211968,0.01634472511144131,0.05162453046423936,0.022339717777233096,0.024013302989731335,0.009467540120678372,4.203771289537713,3.086655332733195,1.9695393759286777,6.17331066546639,2.682351020647197,2.8774108295728293,1.1171159568045175,"[""TestMutableDateTime_Sets"", ""MutableDateTime""]","[0.03527980535279805, 0.01634472511144131]","[4.203771289537713, 1.9695393759286777]"
org.joda.time.TestMutableDateTime_Adds.testAddYears_int1,0.03527980535279805,0.02581226523211968,0.01634472511144131,0.05162453046423936,0.022339717777233096,0.024013302989731335,0.009467540120678372,4.203771289537713,2.5799688542785146,0.9561664190193165,5.159937708557029,1.557966459024382,2.0048703051054173,1.623802435259198,"[""TestMutableDateTime_Adds"", ""MutableDateTime""]","[0.03527980535279805, 0.01634472511144131]","[4.203771289537713, 0.9561664190193165]"
org.joda.time.TestMutableDateTime_Sets.testSetWeekyear_int1,0.03527980535279805,0.02581226523211968,0.01634472511144131,0.05162453046423936,0.022339717777233096,0.024013302989731335,0.009467540120678372,4.203771289537713,3.086655332733195,1.9695393759286777,6.17331066546639,2.682351020647197,2.8774108295728293,1.1171159568045175,"[""TestMutableDateTime_Sets"", ""MutableDateTime""]","[0.03527980535279805, 0.01634472511144131]","[4.203771289537713, 1.9695393759286777]"
org.joda.time.field.TestPreciseDurationField.test_equals,0.015206812652068127,0.012905907258430402,0.009768009768009768,0.051623629033721606,0.012568504897789252,0.012742958532344695,0.001970968490509298,1.2468407750631845,0.8707263265680809,0.43833943833943834,3.4829053062723236,0.7406617724538745,0.8069465689380199,0.31396006303444873,"[""TestPreciseDurationField"", ""PreciseDurationField"", ""DurationFieldType"", ""ISOChronology""]","[0.015206812652068127, 0.013479359730412805, 0.013169446883230905, 0.009768009768009768]","[0.7195863746958637, 1.2468407750631845, 1.0781387181738367, 0.43833943833943834]"
org.joda.time.field.TestPreciseDurationField.test_compareTo,0.015206812652068127,0.012905907258430402,0.009768009768009768,0.051623629033721606,0.012568504897789252,0.012742958532344695,0.001970968490509298,1.2468407750631845,0.8707263265680809,0.43833943833943834,3.4829053062723236,0.7406617724538745,0.8069465689380199,0.31396006303444873,"[""TestPreciseDurationField"", ""PreciseDurationField"", ""DurationFieldType"", ""ISOChronology""]","[0.015206812652068127, 0.013479359730412805, 0.013169446883230905, 0.009768009768009768]","[0.7195863746958637, 1.2468407750631845, 1.0781387181738367, 0.43833943833943834]"
org.joda.time.field.TestPreciseDurationField.test_hashCode,0.015206812652068127,0.012905907258430402,0.009768009768009768,0.051623629033721606,0.012568504897789252,0.012742958532344695,0.001970968490509298,1.2468407750631845,0.8707263265680809,0.43833943833943834,3.4829053062723236,0.7406617724538745,0.8069465689380199,0.31396006303444873,"[""Object"", ""PreciseDurationField"", ""DurationFieldType"", ""TestPreciseDurationField"", ""ISOChronology""]","[0.015206812652068127, 0.013479359730412805, 0.013169446883230905, 0.009768009768009768]","[0.7195863746958637, 1.2468407750631845, 1.0781387181738367, 0.43833943833943834]"
org.joda.time.chrono.TestEthiopicChronology.testTimeFields,0.018229166666666668,0.017193202554744526,0.016423357664233577,0.05157960766423358,0.017160217907528988,0.01717659067210842,0.0007608552724053256,3.1953125,2.054969459651257,1.07421875,6.164908378953771,1.6935116367379341,1.8668119297638657,0.8732551967916203,"[""DateTimeField"", ""TestEthiopicChronology"", ""EthiopicChronology""]","[0.018229166666666668, 0.016927083333333332, 0.016423357664233577]","[3.1953125, 1.07421875, 1.8953771289537713]"
org.joda.time.chrono.TestEthiopicChronology.testDateFields,0.018229166666666668,0.017193202554744526,0.016423357664233577,0.05157960766423358,0.017160217907528988,0.01717659067210842,0.0007608552724053256,3.1953125,2.054969459651257,1.07421875,6.164908378953771,1.6935116367379341,1.8668119297638657,0.8732551967916203,"[""DateTimeField"", ""TestEthiopicChronology"", ""EthiopicChronology""]","[0.018229166666666668, 0.016927083333333332, 0.016423357664233577]","[3.1953125, 1.07421875, 1.8953771289537713]"
org.joda.time.TestDuration_Basics.testGetMillis,0.030303030303030304,0.02553002553002553,0.020757020757020756,0.05106005106005106,0.024637681159420288,0.025079884947914504,0.004773004773004774,3.896969696969697,2.7573981573981574,1.6178266178266179,5.514796314796315,2.286438499172081,2.5109004967583455,1.1395715395715396,"[""TestDuration_Basics"", ""Duration""]","[0.030303030303030304, 0.020757020757020756]","[3.896969696969697, 1.6178266178266179]"
org.joda.time.TestDuration_Basics.testWithDurationAdded_long_int4,0.030303030303030304,0.02553002553002553,0.020757020757020756,0.05106005106005106,0.024637681159420288,0.025079884947914504,0.004773004773004774,3.896969696969697,2.7573981573981574,1.6178266178266179,5.514796314796315,2.286438499172081,2.5109004967583455,1.1395715395715396,"[""TestDuration_Basics"", ""Duration""]","[0.030303030303030304, 0.020757020757020756]","[3.896969696969697, 1.6178266178266179]"
org.joda.time.TestDuration_Basics.testWithMillis2,0.030303030303030304,0.02553002553002553,0.020757020757020756,0.05106005106005106,0.024637681159420288,0.025079884947914504,0.004773004773004774,3.896969696969697,2.7573981573981574,1.6178266178266179,5.514796314796315,2.286438499172081,2.5109004967583455,1.1395715395715396,"[""TestDuration_Basics"", ""Duration""]","[0.030303030303030304, 0.020757020757020756]","[3.896969696969697, 1.6178266178266179]"
org.joda.time.TestDuration_Basics.testWithDurationAdded_long_int1,0.030303030303030304,0.02553002553002553,0.020757020757020756,0.05106005106005106,0.024637681159420288,0.025079884947914504,0.004773004773004774,3.896969696969697,2.7573981573981574,1.6178266178266179,5.514796314796315,2.286438499172081,2.5109004967583455,1.1395715395715396,"[""TestDuration_Basics"", ""Duration""]","[0.030303030303030304, 0.020757020757020756]","[3.896969696969697, 1.6178266178266179]"
org.joda.time.TestDuration_Basics.testWithDurationAdded_long_int5,0.030303030303030304,0.02553002553002553,0.020757020757020756,0.05106005106005106,0.024637681159420288,0.025079884947914504,0.004773004773004774,3.896969696969697,2.7573981573981574,1.6178266178266179,5.514796314796315,2.286438499172081,2.5109004967583455,1.1395715395715396,"[""TestDuration_Basics"", ""Duration""]","[0.030303030303030304, 0.020757020757020756]","[3.896969696969697, 1.6178266178266179]"
org.joda.time.TestDuration_Basics.testWithMillis1,0.030303030303030304,0.02553002553002553,0.020757020757020756,0.05106005106005106,0.024637681159420288,0.025079884947914504,0.004773004773004774,3.896969696969697,2.7573981573981574,1.6178266178266179,5.514796314796315,2.286438499172081,2.5109004967583455,1.1395715395715396,"[""TestDuration_Basics"", ""Duration""]","[0.030303030303030304, 0.020757020757020756]","[3.896969696969697, 1.6178266178266179]"
org.joda.time.TestDuration_Basics.testWithDurationAdded_RD_int5,0.030303030303030304,0.02553002553002553,0.020757020757020756,0.05106005106005106,0.024637681159420288,0.025079884947914504,0.004773004773004774,3.896969696969697,2.7573981573981574,1.6178266178266179,5.514796314796315,2.286438499172081,2.5109004967583455,1.1395715395715396,"[""TestDuration_Basics"", ""Duration""]","[0.030303030303030304, 0.020757020757020756]","[3.896969696969697, 1.6178266178266179]"
org.joda.time.TestDuration_Basics.testWithDurationAdded_RD_int3,0.030303030303030304,0.02553002553002553,0.020757020757020756,0.05106005106005106,0.024637681159420288,0.025079884947914504,0.004773004773004774,3.896969696969697,2.7573981573981574,1.6178266178266179,5.514796314796315,2.286438499172081,2.5109004967583455,1.1395715395715396,"[""TestDuration_Basics"", ""Duration""]","[0.030303030303030304, 0.020757020757020756]","[3.896969696969697, 1.6178266178266179]"
org.joda.time.TestDuration_Basics.testToStandardMinutes_overflow,0.030303030303030304,0.02553002553002553,0.020757020757020756,0.05106005106005106,0.024637681159420288,0.025079884947914504,0.004773004773004774,3.896969696969697,2.7573981573981574,1.6178266178266179,5.514796314796315,2.286438499172081,2.5109004967583455,1.1395715395715396,"[""TestDuration_Basics"", ""Duration""]","[0.030303030303030304, 0.020757020757020756]","[3.896969696969697, 1.6178266178266179]"
org.joda.time.TestDuration_Basics.testMinus_RD1,0.030303030303030304,0.02553002553002553,0.020757020757020756,0.05106005106005106,0.024637681159420288,0.025079884947914504,0.004773004773004774,3.896969696969697,2.7573981573981574,1.6178266178266179,5.514796314796315,2.286438499172081,2.5109004967583455,1.1395715395715396,"[""TestDuration_Basics"", ""Duration""]","[0.030303030303030304, 0.020757020757020756]","[3.896969696969697, 1.6178266178266179]"
org.joda.time.TestDuration_Basics.testToDuration1,0.030303030303030304,0.02553002553002553,0.020757020757020756,0.05106005106005106,0.024637681159420288,0.025079884947914504,0.004773004773004774,3.896969696969697,2.7573981573981574,1.6178266178266179,5.514796314796315,2.286438499172081,2.5109004967583455,1.1395715395715396,"[""TestDuration_Basics"", ""Duration""]","[0.030303030303030304, 0.020757020757020756]","[3.896969696969697, 1.6178266178266179]"
org.joda.time.TestDuration_Basics.testWithDurationAdded_RD_int6,0.030303030303030304,0.02553002553002553,0.020757020757020756,0.05106005106005106,0.024637681159420288,0.025079884947914504,0.004773004773004774,3.896969696969697,2.7573981573981574,1.6178266178266179,5.514796314796315,2.286438499172081,2.5109004967583455,1.1395715395715396,"[""TestDuration_Basics"", ""Duration""]","[0.030303030303030304, 0.020757020757020756]","[3.896969696969697, 1.6178266178266179]"
org.joda.time.TestDuration_Basics.testWithDurationAdded_long_int3,0.030303030303030304,0.02553002553002553,0.020757020757020756,0.05106005106005106,0.024637681159420288,0.025079884947914504,0.004773004773004774,3.896969696969697,2.7573981573981574,1.6178266178266179,5.514796314796315,2.286438499172081,2.5109004967583455,1.1395715395715396,"[""TestDuration_Basics"", ""Duration""]","[0.030303030303030304, 0.020757020757020756]","[3.896969696969697, 1.6178266178266179]"
org.joda.time.TestDuration_Basics.testPlus_long2,0.030303030303030304,0.02553002553002553,0.020757020757020756,0.05106005106005106,0.024637681159420288,0.025079884947914504,0.004773004773004774,3.896969696969697,2.7573981573981574,1.6178266178266179,5.514796314796315,2.286438499172081,2.5109004967583455,1.1395715395715396,"[""TestDuration_Basics"", ""Duration""]","[0.030303030303030304, 0.020757020757020756]","[3.896969696969697, 1.6178266178266179]"
org.joda.time.TestDuration_Basics.testWithDurationAdded_RD_int4,0.030303030303030304,0.02553002553002553,0.020757020757020756,0.05106005106005106,0.024637681159420288,0.025079884947914504,0.004773004773004774,3.896969696969697,2.7573981573981574,1.6178266178266179,5.514796314796315,2.286438499172081,2.5109004967583455,1.1395715395715396,"[""TestDuration_Basics"", ""Duration""]","[0.030303030303030304, 0.020757020757020756]","[3.896969696969697, 1.6178266178266179]"
org.joda.time.TestDuration_Basics.testToStandardSeconds_overflow,0.030303030303030304,0.02553002553002553,0.020757020757020756,0.05106005106005106,0.024637681159420288,0.025079884947914504,0.004773004773004774,3.896969696969697,2.7573981573981574,1.6178266178266179,5.514796314796315,2.286438499172081,2.5109004967583455,1.1395715395715396,"[""TestDuration_Basics"", ""Duration""]","[0.030303030303030304, 0.020757020757020756]","[3.896969696969697, 1.6178266178266179]"
org.joda.time.TestDuration_Basics.testPlus_RD3,0.030303030303030304,0.02553002553002553,0.020757020757020756,0.05106005106005106,0.024637681159420288,0.025079884947914504,0.004773004773004774,3.896969696969697,2.7573981573981574,1.6178266178266179,5.514796314796315,2.286438499172081,2.5109004967583455,1.1395715395715396,"[""TestDuration_Basics"", ""Duration""]","[0.030303030303030304, 0.020757020757020756]","[3.896969696969697, 1.6178266178266179]"
org.joda.time.TestDuration_Basics.testGetStandardSeconds,0.030303030303030304,0.02553002553002553,0.020757020757020756,0.05106005106005106,0.024637681159420288,0.025079884947914504,0.004773004773004774,3.896969696969697,2.7573981573981574,1.6178266178266179,5.514796314796315,2.286438499172081,2.5109004967583455,1.1395715395715396,"[""TestDuration_Basics"", ""Duration""]","[0.030303030303030304, 0.020757020757020756]","[3.896969696969697, 1.6178266178266179]"
org.joda.time.TestDuration_Basics.testPlus_long1,0.030303030303030304,0.02553002553002553,0.020757020757020756,0.05106005106005106,0.024637681159420288,0.025079884947914504,0.004773004773004774,3.896969696969697,2.7573981573981574,1.6178266178266179,5.514796314796315,2.286438499172081,2.5109004967583455,1.1395715395715396,"[""TestDuration_Basics"", ""Duration""]","[0.030303030303030304, 0.020757020757020756]","[3.896969696969697, 1.6178266178266179]"
org.joda.time.TestDuration_Basics.testMinus_long1,0.030303030303030304,0.02553002553002553,0.020757020757020756,0.05106005106005106,0.024637681159420288,0.025079884947914504,0.004773004773004774,3.896969696969697,2.7573981573981574,1.6178266178266179,5.514796314796315,2.286438499172081,2.5109004967583455,1.1395715395715396,"[""TestDuration_Basics"", ""Duration""]","[0.030303030303030304, 0.020757020757020756]","[3.896969696969697, 1.6178266178266179]"
org.joda.time.TestDuration_Basics.testMinus_long2,0.030303030303030304,0.02553002553002553,0.020757020757020756,0.05106005106005106,0.024637681159420288,0.025079884947914504,0.004773004773004774,3.896969696969697,2.7573981573981574,1.6178266178266179,5.514796314796315,2.286438499172081,2.5109004967583455,1.1395715395715396,"[""TestDuration_Basics"", ""Duration""]","[0.030303030303030304, 0.020757020757020756]","[3.896969696969697, 1.6178266178266179]"
org.joda.time.TestDuration_Basics.testToString,0.030303030303030304,0.02553002553002553,0.020757020757020756,0.05106005106005106,0.024637681159420288,0.025079884947914504,0.004773004773004774,3.896969696969697,2.7573981573981574,1.6178266178266179,5.514796314796315,2.286438499172081,2.5109004967583455,1.1395715395715396,"[""StringBuilder"", ""TestDuration_Basics"", ""Duration""]","[0.030303030303030304, 0.020757020757020756]","[3.896969696969697, 1.6178266178266179]"
org.joda.time.TestDuration_Basics.testWithDurationAdded_RD_int1,0.030303030303030304,0.02553002553002553,0.020757020757020756,0.05106005106005106,0.024637681159420288,0.025079884947914504,0.004773004773004774,3.896969696969697,2.7573981573981574,1.6178266178266179,5.514796314796315,2.286438499172081,2.5109004967583455,1.1395715395715396,"[""TestDuration_Basics"", ""Duration""]","[0.030303030303030304, 0.020757020757020756]","[3.896969696969697, 1.6178266178266179]"
org.joda.time.TestDuration_Basics.testMinus_RD3,0.030303030303030304,0.02553002553002553,0.020757020757020756,0.05106005106005106,0.024637681159420288,0.025079884947914504,0.004773004773004774,3.896969696969697,2.7573981573981574,1.6178266178266179,5.514796314796315,2.286438499172081,2.5109004967583455,1.1395715395715396,"[""TestDuration_Basics"", ""Duration""]","[0.030303030303030304, 0.020757020757020756]","[3.896969696969697, 1.6178266178266179]"
org.joda.time.TestDuration_Basics.testToStandardDays_overflow,0.030303030303030304,0.02553002553002553,0.020757020757020756,0.05106005106005106,0.024637681159420288,0.025079884947914504,0.004773004773004774,3.896969696969697,2.7573981573981574,1.6178266178266179,5.514796314796315,2.286438499172081,2.5109004967583455,1.1395715395715396,"[""TestDuration_Basics"", ""Duration""]","[0.030303030303030304, 0.020757020757020756]","[3.896969696969697, 1.6178266178266179]"
org.joda.time.TestDuration_Basics.testPlus_RD2,0.030303030303030304,0.02553002553002553,0.020757020757020756,0.05106005106005106,0.024637681159420288,0.025079884947914504,0.004773004773004774,3.896969696969697,2.7573981573981574,1.6178266178266179,5.514796314796315,2.286438499172081,2.5109004967583455,1.1395715395715396,"[""TestDuration_Basics"", ""Duration""]","[0.030303030303030304, 0.020757020757020756]","[3.896969696969697, 1.6178266178266179]"
org.joda.time.TestDuration_Basics.testMinus_RD2,0.030303030303030304,0.02553002553002553,0.020757020757020756,0.05106005106005106,0.024637681159420288,0.025079884947914504,0.004773004773004774,3.896969696969697,2.7573981573981574,1.6178266178266179,5.514796314796315,2.286438499172081,2.5109004967583455,1.1395715395715396,"[""TestDuration_Basics"", ""Duration""]","[0.030303030303030304, 0.020757020757020756]","[3.896969696969697, 1.6178266178266179]"
org.joda.time.TestDuration_Basics.testWithDurationAdded_long_int2,0.030303030303030304,0.02553002553002553,0.020757020757020756,0.05106005106005106,0.024637681159420288,0.025079884947914504,0.004773004773004774,3.896969696969697,2.7573981573981574,1.6178266178266179,5.514796314796315,2.286438499172081,2.5109004967583455,1.1395715395715396,"[""TestDuration_Basics"", ""Duration""]","[0.030303030303030304, 0.020757020757020756]","[3.896969696969697, 1.6178266178266179]"
org.joda.time.TestDuration_Basics.testWithDurationAdded_RD_int2,0.030303030303030304,0.02553002553002553,0.020757020757020756,0.05106005106005106,0.024637681159420288,0.025079884947914504,0.004773004773004774,3.896969696969697,2.7573981573981574,1.6178266178266179,5.514796314796315,2.286438499172081,2.5109004967583455,1.1395715395715396,"[""TestDuration_Basics"", ""Duration""]","[0.030303030303030304, 0.020757020757020756]","[3.896969696969697, 1.6178266178266179]"
org.joda.time.TestDuration_Basics.testToStandardHours_overflow,0.030303030303030304,0.02553002553002553,0.020757020757020756,0.05106005106005106,0.024637681159420288,0.025079884947914504,0.004773004773004774,3.896969696969697,2.7573981573981574,1.6178266178266179,5.514796314796315,2.286438499172081,2.5109004967583455,1.1395715395715396,"[""TestDuration_Basics"", ""Duration""]","[0.030303030303030304, 0.020757020757020756]","[3.896969696969697, 1.6178266178266179]"
org.joda.time.TestDuration_Basics.testPlus_RD1,0.030303030303030304,0.02553002553002553,0.020757020757020756,0.05106005106005106,0.024637681159420288,0.025079884947914504,0.004773004773004774,3.896969696969697,2.7573981573981574,1.6178266178266179,5.514796314796315,2.286438499172081,2.5109004967583455,1.1395715395715396,"[""TestDuration_Basics"", ""Duration""]","[0.030303030303030304, 0.020757020757020756]","[3.896969696969697, 1.6178266178266179]"
org.joda.time.field.TestScaledDurationField.test_hashCode,0.015206812652068127,0.01275328210580525,0.009157509157509158,0.051013128423221,0.012304631924880223,0.012539005386509025,0.0022164034535745334,1.2468407750631845,0.8891620782127877,0.4523809523809524,3.556648312851151,0.7574181624754084,0.8243656345145349,0.31988612617213347,"[""TestScaledDurationField"", ""Object"", ""DurationFieldType"", ""ISOChronology"", ""ScaledDurationField""]","[0.015206812652068127, 0.013479359730412805, 0.013169446883230905, 0.009157509157509158]","[0.7195863746958637, 1.2468407750631845, 1.13784021071115, 0.4523809523809524]"
org.joda.time.field.TestScaledDurationField.test_equals,0.015206812652068127,0.01275328210580525,0.009157509157509158,0.051013128423221,0.012304631924880223,0.012539005386509025,0.0022164034535745334,1.2468407750631845,0.8891620782127877,0.4523809523809524,3.556648312851151,0.7574181624754084,0.8243656345145349,0.31988612617213347,"[""TestScaledDurationField"", ""DurationFieldType"", ""ISOChronology"", ""ScaledDurationField""]","[0.015206812652068127, 0.013479359730412805, 0.013169446883230905, 0.009157509157509158]","[0.7195863746958637, 1.2468407750631845, 1.13784021071115, 0.4523809523809524]"
org.joda.time.TestInstant_Constructors.testConstructor_Object,0.019464720194647202,0.012734693042268189,0.0026666666666666666,0.050938772169072756,0.0070713691892070425,0.010178952129350672,0.006195150188689233,1.0048661800486618,0.5939475457488849,0.04933333333333333,2.3757901829955395,0.16449916664586825,0.3828095845965526,0.3468821092699011,"[""Instant"", ""Date"", ""ISOChronology"", ""TestInstant_Constructors""]","[0.019464720194647202, 0.015206812652068127, 0.013600572655690766, 0.0026666666666666666]","[1.0048661800486618, 0.7195863746958637, 0.6020042949176807, 0.04933333333333333]"
org.joda.time.convert.TestStringConverter.testGetInstantMillisInvalid,0.025602409638554216,0.025316467334539624,0.025030525030525032,0.05063293466907925,0.025313237697475944,0.025314852464503653,0.0002859423040145921,2.2710843373493974,1.5796813628138928,0.8882783882783882,3.1593627256277856,1.277064591831033,1.4203362752619586,0.6914029745355046,"[""StringConverter"", ""TestStringConverter""]","[0.025602409638554216, 0.025030525030525032]","[2.2710843373493974, 0.8882783882783882]"
org.joda.time.convert.TestStringConverter.testSupportedType,0.025602409638554216,0.025316467334539624,0.025030525030525032,0.05063293466907925,0.025313237697475944,0.025314852464503653,0.0002859423040145921,2.2710843373493974,1.5796813628138928,0.8882783882783882,3.1593627256277856,1.277064591831033,1.4203362752619586,0.6914029745355046,"[""StringConverter"", ""TestStringConverter""]","[0.025602409638554216, 0.025030525030525032]","[2.2710843373493974, 0.8882783882783882]"
org.joda.time.convert.TestStringConverter.testIsReadableInterval_Object_Chronology,0.025602409638554216,0.025316467334539624,0.025030525030525032,0.05063293466907925,0.025313237697475944,0.025314852464503653,0.0002859423040145921,2.2710843373493974,1.5796813628138928,0.8882783882783882,3.1593627256277856,1.277064591831033,1.4203362752619586,0.6914029745355046,"[""StringConverter"", ""TestStringConverter""]","[0.025602409638554216, 0.025030525030525032]","[2.2710843373493974, 0.8882783882783882]"
org.joda.time.convert.TestStringConverter.testGetDurationMillis_Object2,0.025602409638554216,0.025316467334539624,0.025030525030525032,0.05063293466907925,0.025313237697475944,0.025314852464503653,0.0002859423040145921,2.2710843373493974,1.5796813628138928,0.8882783882783882,3.1593627256277856,1.277064591831033,1.4203362752619586,0.6914029745355046,"[""StringConverter"", ""TestStringConverter""]","[0.025602409638554216, 0.025030525030525032]","[2.2710843373493974, 0.8882783882783882]"
org.joda.time.convert.TestStringConverter.testGetDurationMillis_Object1,0.025602409638554216,0.025316467334539624,0.025030525030525032,0.05063293466907925,0.025313237697475944,0.025314852464503653,0.0002859423040145921,2.2710843373493974,1.5796813628138928,0.8882783882783882,3.1593627256277856,1.277064591831033,1.4203362752619586,0.6914029745355046,"[""StringConverter"", ""TestStringConverter""]","[0.025602409638554216, 0.025030525030525032]","[2.2710843373493974, 0.8882783882783882]"
org.joda.time.convert.TestStringConverter.testToString,0.025602409638554216,0.025316467334539624,0.025030525030525032,0.05063293466907925,0.025313237697475944,0.025314852464503653,0.0002859423040145921,2.2710843373493974,1.5796813628138928,0.8882783882783882,3.1593627256277856,1.277064591831033,1.4203362752619586,0.6914029745355046,"[""StringConverter"", ""TestStringConverter""]","[0.025602409638554216, 0.025030525030525032]","[2.2710843373493974, 0.8882783882783882]"
org.joda.time.TestDays.testToString,0.02702702702702703,0.025225225225225224,0.023423423423423424,0.05045045045045045,0.025096525096525095,0.025160792871655752,0.0018018018018018025,3.1495495495495494,2.947747747747748,2.745945945945946,5.895495495495496,2.933932465472808,2.9408319940352703,0.20180180180180174,"[""Days"", ""TestDays""]","[0.02702702702702703, 0.023423423423423424]","[3.1495495495495494, 2.745945945945946]"
org.joda.time.TestMonths.testIsGreaterThan,0.02702702702702703,0.025225225225225224,0.023423423423423424,0.05045045045045045,0.025096525096525095,0.025160792871655752,0.0018018018018018025,2.627027027027027,2.4342342342342342,2.2414414414414416,4.8684684684684685,2.418964930882029,2.426587572325607,0.1927927927927926,"[""Months"", ""TestMonths""]","[0.02702702702702703, 0.023423423423423424]","[2.627027027027027, 2.2414414414414416]"
org.joda.time.TestDays.testFactory_parseDays_String,0.02702702702702703,0.025225225225225224,0.023423423423423424,0.05045045045045045,0.025096525096525095,0.025160792871655752,0.0018018018018018025,3.1495495495495494,2.947747747747748,2.745945945945946,5.895495495495496,2.933932465472808,2.9408319940352703,0.20180180180180174,"[""Days"", ""TestDays""]","[0.02702702702702703, 0.023423423423423424]","[3.1495495495495494, 2.745945945945946]"
org.joda.time.TestMonths.testIsLessThan,0.02702702702702703,0.025225225225225224,0.023423423423423424,0.05045045045045045,0.025096525096525095,0.025160792871655752,0.0018018018018018025,2.627027027027027,2.4342342342342342,2.2414414414414416,4.8684684684684685,2.418964930882029,2.426587572325607,0.1927927927927926,"[""Months"", ""TestMonths""]","[0.02702702702702703, 0.023423423423423424]","[2.627027027027027, 2.2414414414414416]"
org.joda.time.TestDays.testGetMethods,0.02702702702702703,0.025225225225225224,0.023423423423423424,0.05045045045045045,0.025096525096525095,0.025160792871655752,0.0018018018018018025,3.1495495495495494,2.947747747747748,2.745945945945946,5.895495495495496,2.933932465472808,2.9408319940352703,0.20180180180180174,"[""Days"", ""TestDays""]","[0.02702702702702703, 0.023423423423423424]","[3.1495495495495494, 2.745945945945946]"
org.joda.time.TestMonths.testPlus_int,0.02702702702702703,0.025225225225225224,0.023423423423423424,0.05045045045045045,0.025096525096525095,0.025160792871655752,0.0018018018018018025,2.627027027027027,2.4342342342342342,2.2414414414414416,4.8684684684684685,2.418964930882029,2.426587572325607,0.1927927927927926,"[""Months"", ""TestMonths""]","[0.02702702702702703, 0.023423423423423424]","[2.627027027027027, 2.2414414414414416]"
org.joda.time.TestMonths.testPlus_Months,0.02702702702702703,0.025225225225225224,0.023423423423423424,0.05045045045045045,0.025096525096525095,0.025160792871655752,0.0018018018018018025,2.627027027027027,2.4342342342342342,2.2414414414414416,4.8684684684684685,2.418964930882029,2.426587572325607,0.1927927927927926,"[""Months"", ""TestMonths""]","[0.02702702702702703, 0.023423423423423424]","[2.627027027027027, 2.2414414414414416]"
org.joda.time.TestMonths.testConstants,0.02702702702702703,0.025225225225225224,0.023423423423423424,0.05045045045045045,0.025096525096525095,0.025160792871655752,0.0018018018018018025,2.627027027027027,2.4342342342342342,2.2414414414414416,4.8684684684684685,2.418964930882029,2.426587572325607,0.1927927927927926,"[""Months"", ""TestMonths""]","[0.02702702702702703, 0.023423423423423424]","[2.627027027027027, 2.2414414414414416]"
org.joda.time.TestMonths.testDividedBy_int,0.02702702702702703,0.025225225225225224,0.023423423423423424,0.05045045045045045,0.025096525096525095,0.025160792871655752,0.0018018018018018025,2.627027027027027,2.4342342342342342,2.2414414414414416,4.8684684684684685,2.418964930882029,2.426587572325607,0.1927927927927926,"[""Months"", ""TestMonths""]","[0.02702702702702703, 0.023423423423423424]","[2.627027027027027, 2.2414414414414416]"
org.joda.time.TestMonths.testGetMethods,0.02702702702702703,0.025225225225225224,0.023423423423423424,0.05045045045045045,0.025096525096525095,0.025160792871655752,0.0018018018018018025,2.627027027027027,2.4342342342342342,2.2414414414414416,4.8684684684684685,2.418964930882029,2.426587572325607,0.1927927927927926,"[""Months"", ""TestMonths""]","[0.02702702702702703, 0.023423423423423424]","[2.627027027027027, 2.2414414414414416]"
org.joda.time.TestMonths.testFactory_parseMonths_String,0.02702702702702703,0.025225225225225224,0.023423423423423424,0.05045045045045045,0.025096525096525095,0.025160792871655752,0.0018018018018018025,2.627027027027027,2.4342342342342342,2.2414414414414416,4.8684684684684685,2.418964930882029,2.426587572325607,0.1927927927927926,"[""Months"", ""TestMonths""]","[0.02702702702702703, 0.023423423423423424]","[2.627027027027027, 2.2414414414414416]"
org.joda.time.TestMonths.testMinus_Months,0.02702702702702703,0.025225225225225224,0.023423423423423424,0.05045045045045045,0.025096525096525095,0.025160792871655752,0.0018018018018018025,2.627027027027027,2.4342342342342342,2.2414414414414416,4.8684684684684685,2.418964930882029,2.426587572325607,0.1927927927927926,"[""Months"", ""TestMonths""]","[0.02702702702702703, 0.023423423423423424]","[2.627027027027027, 2.2414414414414416]"
org.joda.time.TestDays.testNegated,0.02702702702702703,0.025225225225225224,0.023423423423423424,0.05045045045045045,0.025096525096525095,0.025160792871655752,0.0018018018018018025,3.1495495495495494,2.947747747747748,2.745945945945946,5.895495495495496,2.933932465472808,2.9408319940352703,0.20180180180180174,"[""Days"", ""TestDays""]","[0.02702702702702703, 0.023423423423423424]","[3.1495495495495494, 2.745945945945946]"
org.joda.time.TestDays.testMultipliedBy_int,0.02702702702702703,0.025225225225225224,0.023423423423423424,0.05045045045045045,0.025096525096525095,0.025160792871655752,0.0018018018018018025,3.1495495495495494,2.947747747747748,2.745945945945946,5.895495495495496,2.933932465472808,2.9408319940352703,0.20180180180180174,"[""Days"", ""TestDays""]","[0.02702702702702703, 0.023423423423423424]","[3.1495495495495494, 2.745945945945946]"
org.joda.time.TestDays.testConstants,0.02702702702702703,0.025225225225225224,0.023423423423423424,0.05045045045045045,0.025096525096525095,0.025160792871655752,0.0018018018018018025,3.1495495495495494,2.947747747747748,2.745945945945946,5.895495495495496,2.933932465472808,2.9408319940352703,0.20180180180180174,"[""Days"", ""TestDays""]","[0.02702702702702703, 0.023423423423423424]","[3.1495495495495494, 2.745945945945946]"
org.joda.time.TestMonths.testNegated,0.02702702702702703,0.025225225225225224,0.023423423423423424,0.05045045045045045,0.025096525096525095,0.025160792871655752,0.0018018018018018025,2.627027027027027,2.4342342342342342,2.2414414414414416,4.8684684684684685,2.418964930882029,2.426587572325607,0.1927927927927926,"[""Months"", ""TestMonths""]","[0.02702702702702703, 0.023423423423423424]","[2.627027027027027, 2.2414414414414416]"
org.joda.time.TestDays.testMinus_int,0.02702702702702703,0.025225225225225224,0.023423423423423424,0.05045045045045045,0.025096525096525095,0.025160792871655752,0.0018018018018018025,3.1495495495495494,2.947747747747748,2.745945945945946,5.895495495495496,2.933932465472808,2.9408319940352703,0.20180180180180174,"[""Days"", ""TestDays""]","[0.02702702702702703, 0.023423423423423424]","[3.1495495495495494, 2.745945945945946]"
org.joda.time.TestDays.testMinus_Days,0.02702702702702703,0.025225225225225224,0.023423423423423424,0.05045045045045045,0.025096525096525095,0.025160792871655752,0.0018018018018018025,3.1495495495495494,2.947747747747748,2.745945945945946,5.895495495495496,2.933932465472808,2.9408319940352703,0.20180180180180174,"[""Days"", ""TestDays""]","[0.02702702702702703, 0.023423423423423424]","[3.1495495495495494, 2.745945945945946]"
org.joda.time.TestMonths.testMultipliedBy_int,0.02702702702702703,0.025225225225225224,0.023423423423423424,0.05045045045045045,0.025096525096525095,0.025160792871655752,0.0018018018018018025,2.627027027027027,2.4342342342342342,2.2414414414414416,4.8684684684684685,2.418964930882029,2.426587572325607,0.1927927927927926,"[""Months"", ""TestMonths""]","[0.02702702702702703, 0.023423423423423424]","[2.627027027027027, 2.2414414414414416]"
org.joda.time.TestDays.testFactory_days_int,0.02702702702702703,0.025225225225225224,0.023423423423423424,0.05045045045045045,0.025096525096525095,0.025160792871655752,0.0018018018018018025,3.1495495495495494,2.947747747747748,2.745945945945946,5.895495495495496,2.933932465472808,2.9408319940352703,0.20180180180180174,"[""Days"", ""TestDays""]","[0.02702702702702703, 0.023423423423423424]","[3.1495495495495494, 2.745945945945946]"
org.joda.time.TestDays.testPlus_int,0.02702702702702703,0.025225225225225224,0.023423423423423424,0.05045045045045045,0.025096525096525095,0.025160792871655752,0.0018018018018018025,3.1495495495495494,2.947747747747748,2.745945945945946,5.895495495495496,2.933932465472808,2.9408319940352703,0.20180180180180174,"[""Days"", ""TestDays""]","[0.02702702702702703, 0.023423423423423424]","[3.1495495495495494, 2.745945945945946]"
org.joda.time.TestMonths.testToString,0.02702702702702703,0.025225225225225224,0.023423423423423424,0.05045045045045045,0.025096525096525095,0.025160792871655752,0.0018018018018018025,2.627027027027027,2.4342342342342342,2.2414414414414416,4.8684684684684685,2.418964930882029,2.426587572325607,0.1927927927927926,"[""Months"", ""TestMonths""]","[0.02702702702702703, 0.023423423423423424]","[2.627027027027027, 2.2414414414414416]"
org.joda.time.TestMonths.testFactory_months_int,0.02702702702702703,0.025225225225225224,0.023423423423423424,0.05045045045045045,0.025096525096525095,0.025160792871655752,0.0018018018018018025,2.627027027027027,2.4342342342342342,2.2414414414414416,4.8684684684684685,2.418964930882029,2.426587572325607,0.1927927927927926,"[""Months"", ""TestMonths""]","[0.02702702702702703, 0.023423423423423424]","[2.627027027027027, 2.2414414414414416]"
org.joda.time.TestMonths.testMinus_int,0.02702702702702703,0.025225225225225224,0.023423423423423424,0.05045045045045045,0.025096525096525095,0.025160792871655752,0.0018018018018018025,2.627027027027027,2.4342342342342342,2.2414414414414416,4.8684684684684685,2.418964930882029,2.426587572325607,0.1927927927927926,"[""Months"", ""TestMonths""]","[0.02702702702702703, 0.023423423423423424]","[2.627027027027027, 2.2414414414414416]"
org.joda.time.TestDays.testIsGreaterThan,0.02702702702702703,0.025225225225225224,0.023423423423423424,0.05045045045045045,0.025096525096525095,0.025160792871655752,0.0018018018018018025,3.1495495495495494,2.947747747747748,2.745945945945946,5.895495495495496,2.933932465472808,2.9408319940352703,0.20180180180180174,"[""Days"", ""TestDays""]","[0.02702702702702703, 0.023423423423423424]","[3.1495495495495494, 2.745945945945946]"
org.joda.time.TestDays.testPlus_Days,0.02702702702702703,0.025225225225225224,0.023423423423423424,0.05045045045045045,0.025096525096525095,0.025160792871655752,0.0018018018018018025,3.1495495495495494,2.947747747747748,2.745945945945946,5.895495495495496,2.933932465472808,2.9408319940352703,0.20180180180180174,"[""Days"", ""TestDays""]","[0.02702702702702703, 0.023423423423423424]","[3.1495495495495494, 2.745945945945946]"
org.joda.time.TestDays.testDividedBy_int,0.02702702702702703,0.025225225225225224,0.023423423423423424,0.05045045045045045,0.025096525096525095,0.025160792871655752,0.0018018018018018025,3.1495495495495494,2.947747747747748,2.745945945945946,5.895495495495496,2.933932465472808,2.9408319940352703,0.20180180180180174,"[""Days"", ""TestDays""]","[0.02702702702702703, 0.023423423423423424]","[3.1495495495495494, 2.745945945945946]"
org.joda.time.TestDays.testIsLessThan,0.02702702702702703,0.025225225225225224,0.023423423423423424,0.05045045045045045,0.025096525096525095,0.025160792871655752,0.0018018018018018025,3.1495495495495494,2.947747747747748,2.745945945945946,5.895495495495496,2.933932465472808,2.9408319940352703,0.20180180180180174,"[""Days"", ""TestDays""]","[0.02702702702702703, 0.023423423423423424]","[3.1495495495495494, 2.745945945945946]"
org.joda.time.TestDuration_Basics.testTest,0.030303030303030304,0.024883875248838755,0.019464720194647202,0.04976775049767751,0.023703703703703703,0.024286621953215317,0.005419155054191551,3.896969696969697,2.4509179385091793,1.0048661800486618,4.9018358770183585,1.5977413978785746,1.9788716616191486,1.4460517584605175,"[""TestDuration_Basics"", ""Instant""]","[0.030303030303030304, 0.019464720194647202]","[3.896969696969697, 1.0048661800486618]"
org.joda.time.TestDateTime_Basics.testTest,0.030064423765211165,0.024764571979929186,0.019464720194647202,0.04952914395985837,0.023630353752021944,0.02419081636495836,0.005299851785281981,4.654974946313529,2.8299205631810955,1.0048661800486618,5.659841126362191,1.652918090134025,2.1627822110708004,1.8250543831324337,"[""TestDateTime_Basics"", ""Instant""]","[0.030064423765211165, 0.019464720194647202]","[4.654974946313529, 1.0048661800486618]"
org.joda.time.TestDateMidnight_Properties.testPropertySetTextLocaleMonthOfYear,0.03345454545454545,0.02474476543864299,0.016034985422740525,0.04948953087728598,0.021679055718600716,0.023161242382222218,0.008709780015902464,4.0378181818181815,2.9788216273522394,1.9198250728862973,5.957643254704479,2.602339298879429,2.7842242340032,1.058996554465942,"[""TestDateMidnight_Properties"", ""DateMidnight"", ""DateMidnight$Property""]","[0.03345454545454545, 0.016034985422740525]","[4.0378181818181815, 1.9198250728862973]"
org.joda.time.TestDateMidnight_Properties.testPropertyRoundHalfFloorMonthOfYear,0.03345454545454545,0.02474476543864299,0.016034985422740525,0.04948953087728598,0.021679055718600716,0.023161242382222218,0.008709780015902464,4.0378181818181815,2.9788216273522394,1.9198250728862973,5.957643254704479,2.602339298879429,2.7842242340032,1.058996554465942,"[""TestDateMidnight_Properties"", ""DateMidnight"", ""DateMidnight$Property""]","[0.03345454545454545, 0.016034985422740525]","[4.0378181818181815, 1.9198250728862973]"
org.joda.time.TestDateMidnight_Properties.testPropertyRoundCeilingMonthOfYear,0.03345454545454545,0.02474476543864299,0.016034985422740525,0.04948953087728598,0.021679055718600716,0.023161242382222218,0.008709780015902464,4.0378181818181815,2.9788216273522394,1.9198250728862973,5.957643254704479,2.602339298879429,2.7842242340032,1.058996554465942,"[""TestDateMidnight_Properties"", ""DateMidnight"", ""DateMidnight$Property""]","[0.03345454545454545, 0.016034985422740525]","[4.0378181818181815, 1.9198250728862973]"
org.joda.time.TestDateMidnight_Properties.testPropertyAddMonthOfYear,0.03345454545454545,0.02474476543864299,0.016034985422740525,0.04948953087728598,0.021679055718600716,0.023161242382222218,0.008709780015902464,4.0378181818181815,2.9788216273522394,1.9198250728862973,5.957643254704479,2.602339298879429,2.7842242340032,1.058996554465942,"[""TestDateMidnight_Properties"", ""DateMidnight"", ""DateMidnight$Property""]","[0.03345454545454545, 0.016034985422740525]","[4.0378181818181815, 1.9198250728862973]"
org.joda.time.TestDateMidnight_Properties.testPropertyWithMinimumValueDayOfMonth,0.03345454545454545,0.02474476543864299,0.016034985422740525,0.04948953087728598,0.021679055718600716,0.023161242382222218,0.008709780015902464,4.0378181818181815,2.9788216273522394,1.9198250728862973,5.957643254704479,2.602339298879429,2.7842242340032,1.058996554465942,"[""TestDateMidnight_Properties"", ""DateMidnight"", ""DateMidnight$Property""]","[0.03345454545454545, 0.016034985422740525]","[4.0378181818181815, 1.9198250728862973]"
org.joda.time.TestDateMidnight_Properties.testPropertyAddLongMonthOfYear,0.03345454545454545,0.02474476543864299,0.016034985422740525,0.04948953087728598,0.021679055718600716,0.023161242382222218,0.008709780015902464,4.0378181818181815,2.9788216273522394,1.9198250728862973,5.957643254704479,2.602339298879429,2.7842242340032,1.058996554465942,"[""TestDateMidnight_Properties"", ""DateMidnight"", ""DateMidnight$Property""]","[0.03345454545454545, 0.016034985422740525]","[4.0378181818181815, 1.9198250728862973]"
org.joda.time.TestDateMidnight_Properties.testPropertySetMonthOfYear,0.03345454545454545,0.02474476543864299,0.016034985422740525,0.04948953087728598,0.021679055718600716,0.023161242382222218,0.008709780015902464,4.0378181818181815,2.9788216273522394,1.9198250728862973,5.957643254704479,2.602339298879429,2.7842242340032,1.058996554465942,"[""TestDateMidnight_Properties"", ""DateMidnight"", ""DateMidnight$Property""]","[0.03345454545454545, 0.016034985422740525]","[4.0378181818181815, 1.9198250728862973]"
org.joda.time.TestDateMidnight_Properties.testPropertyGetDifferenceMonthOfYear,0.03345454545454545,0.02474476543864299,0.016034985422740525,0.04948953087728598,0.021679055718600716,0.023161242382222218,0.008709780015902464,4.0378181818181815,2.9788216273522394,1.9198250728862973,5.957643254704479,2.602339298879429,2.7842242340032,1.058996554465942,"[""TestDateMidnight_Properties"", ""DateMidnight"", ""DateMidnight$Property""]","[0.03345454545454545, 0.016034985422740525]","[4.0378181818181815, 1.9198250728862973]"
org.joda.time.TestDateMidnight_Properties.testPropertySetTextMonthOfYear,0.03345454545454545,0.02474476543864299,0.016034985422740525,0.04948953087728598,0.021679055718600716,0.023161242382222218,0.008709780015902464,4.0378181818181815,2.9788216273522394,1.9198250728862973,5.957643254704479,2.602339298879429,2.7842242340032,1.058996554465942,"[""TestDateMidnight_Properties"", ""DateMidnight"", ""DateMidnight$Property""]","[0.03345454545454545, 0.016034985422740525]","[4.0378181818181815, 1.9198250728862973]"
org.joda.time.TestDateMidnight_Properties.testPropertyRoundHalfEvenMonthOfYear,0.03345454545454545,0.02474476543864299,0.016034985422740525,0.04948953087728598,0.021679055718600716,0.023161242382222218,0.008709780015902464,4.0378181818181815,2.9788216273522394,1.9198250728862973,5.957643254704479,2.602339298879429,2.7842242340032,1.058996554465942,"[""TestDateMidnight_Properties"", ""DateMidnight"", ""DateMidnight$Property""]","[0.03345454545454545, 0.016034985422740525]","[4.0378181818181815, 1.9198250728862973]"
org.joda.time.TestDateMidnight_Properties.testPropertyRoundFloorMonthOfYear,0.03345454545454545,0.02474476543864299,0.016034985422740525,0.04948953087728598,0.021679055718600716,0.023161242382222218,0.008709780015902464,4.0378181818181815,2.9788216273522394,1.9198250728862973,5.957643254704479,2.602339298879429,2.7842242340032,1.058996554465942,"[""TestDateMidnight_Properties"", ""DateMidnight"", ""DateMidnight$Property""]","[0.03345454545454545, 0.016034985422740525]","[4.0378181818181815, 1.9198250728862973]"
org.joda.time.TestDateMidnight_Properties.testPropertyWithMaximumValueDayOfMonth,0.03345454545454545,0.02474476543864299,0.016034985422740525,0.04948953087728598,0.021679055718600716,0.023161242382222218,0.008709780015902464,4.0378181818181815,2.9788216273522394,1.9198250728862973,5.957643254704479,2.602339298879429,2.7842242340032,1.058996554465942,"[""TestDateMidnight_Properties"", ""DateMidnight"", ""DateMidnight$Property""]","[0.03345454545454545, 0.016034985422740525]","[4.0378181818181815, 1.9198250728862973]"
org.joda.time.TestDateMidnight_Properties.testPropertyRoundHalfCeilingMonthOfYear,0.03345454545454545,0.02474476543864299,0.016034985422740525,0.04948953087728598,0.021679055718600716,0.023161242382222218,0.008709780015902464,4.0378181818181815,2.9788216273522394,1.9198250728862973,5.957643254704479,2.602339298879429,2.7842242340032,1.058996554465942,"[""TestDateMidnight_Properties"", ""DateMidnight"", ""DateMidnight$Property""]","[0.03345454545454545, 0.016034985422740525]","[4.0378181818181815, 1.9198250728862973]"
org.joda.time.TestDateMidnight_Properties.testPropertyRemainderMonthOfYear,0.03345454545454545,0.02474476543864299,0.016034985422740525,0.04948953087728598,0.021679055718600716,0.023161242382222218,0.008709780015902464,4.0378181818181815,2.9788216273522394,1.9198250728862973,5.957643254704479,2.602339298879429,2.7842242340032,1.058996554465942,"[""TestDateMidnight_Properties"", ""DateMidnight"", ""DateMidnight$Property""]","[0.03345454545454545, 0.016034985422740525]","[4.0378181818181815, 1.9198250728862973]"
org.joda.time.TestDateMidnight_Properties.testPropertyAddWrapFieldMonthOfYear,0.03345454545454545,0.02474476543864299,0.016034985422740525,0.04948953087728598,0.021679055718600716,0.023161242382222218,0.008709780015902464,4.0378181818181815,2.9788216273522394,1.9198250728862973,5.957643254704479,2.602339298879429,2.7842242340032,1.058996554465942,"[""TestDateMidnight_Properties"", ""DateMidnight"", ""DateMidnight$Property""]","[0.03345454545454545, 0.016034985422740525]","[4.0378181818181815, 1.9198250728862973]"
org.joda.time.convert.TestConverterManager.testAddDurationConverter1,0.022590361445783132,0.016484129435936665,0.009768009768009768,0.04945238830780999,0.014624040297355489,0.015566505625875322,0.00525243739316859,3.8930722891566263,1.8440888094502552,0.15445665445665446,5.532266428350765,0.40514837845533236,0.9629038466844851,1.5472904805789562,"[""TestConverterManager"", ""DurationConverter"", ""TestConverterManager$13"", ""Object"", ""ConverterManager""]","[0.022590361445783132, 0.017094017094017096, 0.009768009768009768]","[3.8930722891566263, 1.4847374847374848, 0.15445665445665446]"
org.joda.time.convert.TestConverterManager.testAddDurationConverter2,0.022590361445783132,0.016484129435936665,0.009768009768009768,0.04945238830780999,0.014624040297355489,0.015566505625875322,0.00525243739316859,3.8930722891566263,1.8440888094502552,0.15445665445665446,5.532266428350765,0.40514837845533236,0.9629038466844851,1.5472904805789562,"[""TestConverterManager"", ""DurationConverter"", ""Object"", ""ConverterManager"", ""TestConverterManager$14""]","[0.022590361445783132, 0.017094017094017096, 0.009768009768009768]","[3.8930722891566263, 1.4847374847374848, 0.15445665445665446]"
org.joda.time.TestInterval_Basics.testTest,0.029780564263322883,0.024622642228985043,0.019464720194647202,0.049245284457970086,0.02354216680864245,0.024076344212199036,0.00515792203433784,5.471003134796239,3.2379346574224503,1.0048661800486618,6.475869314844901,1.697880470964575,2.344701691281206,2.2330684773737883,"[""TestInterval_Basics"", ""Instant""]","[0.029780564263322883, 0.019464720194647202]","[5.471003134796239, 1.0048661800486618]"
org.joda.time.TestMutableDateTime_Properties.testPropertySetMonthOfYear,0.03527980535279805,0.02437642962250681,0.01347305389221557,0.04875285924501362,0.019499439671273815,0.021801988873153832,0.010903375730291242,4.203771289537713,3.3619904351880177,2.520209580838323,6.723980870376035,3.151223920407593,3.254901638997101,0.8417808543496947,"[""TestMutableDateTime_Properties"", ""MutableDateTime$Property"", ""MutableDateTime""]","[0.03527980535279805, 0.01347305389221557]","[4.203771289537713, 2.520209580838323]"
org.joda.time.TestMutableDateTime_Properties.testPropertyAddWrapFieldYear,0.03527980535279805,0.02437642962250681,0.01347305389221557,0.04875285924501362,0.019499439671273815,0.021801988873153832,0.010903375730291242,4.203771289537713,3.3619904351880177,2.520209580838323,6.723980870376035,3.151223920407593,3.254901638997101,0.8417808543496947,"[""TestMutableDateTime_Properties"", ""MutableDateTime$Property"", ""MutableDateTime""]","[0.03527980535279805, 0.01347305389221557]","[4.203771289537713, 2.520209580838323]"
org.joda.time.TestMutableDateTime_Properties.testPropertyAddDayOfWeek,0.03527980535279805,0.02437642962250681,0.01347305389221557,0.04875285924501362,0.019499439671273815,0.021801988873153832,0.010903375730291242,4.203771289537713,3.3619904351880177,2.520209580838323,6.723980870376035,3.151223920407593,3.254901638997101,0.8417808543496947,"[""TestMutableDateTime_Properties"", ""MutableDateTime$Property"", ""MutableDateTime""]","[0.03527980535279805, 0.01347305389221557]","[4.203771289537713, 2.520209580838323]"
org.joda.time.TestMutableDateTime_Properties.testPropertySetWeekOfWeekyear,0.03527980535279805,0.02437642962250681,0.01347305389221557,0.04875285924501362,0.019499439671273815,0.021801988873153832,0.010903375730291242,4.203771289537713,3.3619904351880177,2.520209580838323,6.723980870376035,3.151223920407593,3.254901638997101,0.8417808543496947,"[""TestMutableDateTime_Properties"", ""MutableDateTime$Property"", ""MutableDateTime""]","[0.03527980535279805, 0.01347305389221557]","[4.203771289537713, 2.520209580838323]"
org.joda.time.TestMutableDateTime_Properties.testPropertyAddDayOfMonth,0.03527980535279805,0.02437642962250681,0.01347305389221557,0.04875285924501362,0.019499439671273815,0.021801988873153832,0.010903375730291242,4.203771289537713,3.3619904351880177,2.520209580838323,6.723980870376035,3.151223920407593,3.254901638997101,0.8417808543496947,"[""TestMutableDateTime_Properties"", ""MutableDateTime$Property"", ""MutableDateTime""]","[0.03527980535279805, 0.01347305389221557]","[4.203771289537713, 2.520209580838323]"
org.joda.time.TestMutableDateTime_Properties.testPropertySetTextYear,0.03527980535279805,0.02437642962250681,0.01347305389221557,0.04875285924501362,0.019499439671273815,0.021801988873153832,0.010903375730291242,4.203771289537713,3.3619904351880177,2.520209580838323,6.723980870376035,3.151223920407593,3.254901638997101,0.8417808543496947,"[""TestMutableDateTime_Properties"", ""MutableDateTime$Property"", ""MutableDateTime""]","[0.03527980535279805, 0.01347305389221557]","[4.203771289537713, 2.520209580838323]"
org.joda.time.TestMutableDateTime_Properties.testPropertyAddWrapFieldDayOfYear,0.03527980535279805,0.02437642962250681,0.01347305389221557,0.04875285924501362,0.019499439671273815,0.021801988873153832,0.010903375730291242,4.203771289537713,3.3619904351880177,2.520209580838323,6.723980870376035,3.151223920407593,3.254901638997101,0.8417808543496947,"[""TestMutableDateTime_Properties"", ""MutableDateTime$Property"", ""MutableDateTime""]","[0.03527980535279805, 0.01347305389221557]","[4.203771289537713, 2.520209580838323]"
org.joda.time.TestMutableDateTime_Properties.testPropertySetTextMonthOfYear,0.03527980535279805,0.02437642962250681,0.01347305389221557,0.04875285924501362,0.019499439671273815,0.021801988873153832,0.010903375730291242,4.203771289537713,3.3619904351880177,2.520209580838323,6.723980870376035,3.151223920407593,3.254901638997101,0.8417808543496947,"[""TestMutableDateTime_Properties"", ""MutableDateTime$Property"", ""MutableDateTime""]","[0.03527980535279805, 0.01347305389221557]","[4.203771289537713, 2.520209580838323]"
org.joda.time.TestMutableDateTime_Properties.testPropertyRoundHalfCeilingHourOfDay,0.03527980535279805,0.02437642962250681,0.01347305389221557,0.04875285924501362,0.019499439671273815,0.021801988873153832,0.010903375730291242,4.203771289537713,3.3619904351880177,2.520209580838323,6.723980870376035,3.151223920407593,3.254901638997101,0.8417808543496947,"[""TestMutableDateTime_Properties"", ""MutableDateTime$Property"", ""MutableDateTime""]","[0.03527980535279805, 0.01347305389221557]","[4.203771289537713, 2.520209580838323]"
org.joda.time.TestMutableDateTime_Properties.testPropertySetYear,0.03527980535279805,0.02437642962250681,0.01347305389221557,0.04875285924501362,0.019499439671273815,0.021801988873153832,0.010903375730291242,4.203771289537713,3.3619904351880177,2.520209580838323,6.723980870376035,3.151223920407593,3.254901638997101,0.8417808543496947,"[""TestMutableDateTime_Properties"", ""MutableDateTime$Property"", ""MutableDateTime""]","[0.03527980535279805, 0.01347305389221557]","[4.203771289537713, 2.520209580838323]"
org.joda.time.TestMutableDateTime_Properties.testPropertyRoundCeilingHourOfDay,0.03527980535279805,0.02437642962250681,0.01347305389221557,0.04875285924501362,0.019499439671273815,0.021801988873153832,0.010903375730291242,4.203771289537713,3.3619904351880177,2.520209580838323,6.723980870376035,3.151223920407593,3.254901638997101,0.8417808543496947,"[""TestMutableDateTime_Properties"", ""MutableDateTime$Property"", ""MutableDateTime""]","[0.03527980535279805, 0.01347305389221557]","[4.203771289537713, 2.520209580838323]"
org.joda.time.TestMutableDateTime_Properties.testPropertyRoundHalfEvenHourOfDay,0.03527980535279805,0.02437642962250681,0.01347305389221557,0.04875285924501362,0.019499439671273815,0.021801988873153832,0.010903375730291242,4.203771289537713,3.3619904351880177,2.520209580838323,6.723980870376035,3.151223920407593,3.254901638997101,0.8417808543496947,"[""TestMutableDateTime_Properties"", ""MutableDateTime$Property"", ""MutableDateTime""]","[0.03527980535279805, 0.01347305389221557]","[4.203771289537713, 2.520209580838323]"
org.joda.time.TestMutableDateTime_Properties.testPropertyAddWrapFieldMonthOfYear,0.03527980535279805,0.02437642962250681,0.01347305389221557,0.04875285924501362,0.019499439671273815,0.021801988873153832,0.010903375730291242,4.203771289537713,3.3619904351880177,2.520209580838323,6.723980870376035,3.151223920407593,3.254901638997101,0.8417808543496947,"[""TestMutableDateTime_Properties"", ""MutableDateTime$Property"", ""MutableDateTime""]","[0.03527980535279805, 0.01347305389221557]","[4.203771289537713, 2.520209580838323]"
org.joda.time.TestMutableDateTime_Properties.testPropertyAddMonthOfYear,0.03527980535279805,0.02437642962250681,0.01347305389221557,0.04875285924501362,0.019499439671273815,0.021801988873153832,0.010903375730291242,4.203771289537713,3.3619904351880177,2.520209580838323,6.723980870376035,3.151223920407593,3.254901638997101,0.8417808543496947,"[""TestMutableDateTime_Properties"", ""MutableDateTime$Property"", ""MutableDateTime""]","[0.03527980535279805, 0.01347305389221557]","[4.203771289537713, 2.520209580838323]"
org.joda.time.TestMutableDateTime_Properties.testPropertySetTextDayOfMonth,0.03527980535279805,0.02437642962250681,0.01347305389221557,0.04875285924501362,0.019499439671273815,0.021801988873153832,0.010903375730291242,4.203771289537713,3.3619904351880177,2.520209580838323,6.723980870376035,3.151223920407593,3.254901638997101,0.8417808543496947,"[""TestMutableDateTime_Properties"", ""MutableDateTime$Property"", ""MutableDateTime""]","[0.03527980535279805, 0.01347305389221557]","[4.203771289537713, 2.520209580838323]"
org.joda.time.TestMutableDateTime_Properties.testPropertyAddWrapFieldDayOfWeek,0.03527980535279805,0.02437642962250681,0.01347305389221557,0.04875285924501362,0.019499439671273815,0.021801988873153832,0.010903375730291242,4.203771289537713,3.3619904351880177,2.520209580838323,6.723980870376035,3.151223920407593,3.254901638997101,0.8417808543496947,"[""TestMutableDateTime_Properties"", ""MutableDateTime$Property"", ""MutableDateTime""]","[0.03527980535279805, 0.01347305389221557]","[4.203771289537713, 2.520209580838323]"
org.joda.time.TestMutableDateTime_Properties.testPropertyAddDayOfYear,0.03527980535279805,0.02437642962250681,0.01347305389221557,0.04875285924501362,0.019499439671273815,0.021801988873153832,0.010903375730291242,4.203771289537713,3.3619904351880177,2.520209580838323,6.723980870376035,3.151223920407593,3.254901638997101,0.8417808543496947,"[""TestMutableDateTime_Properties"", ""MutableDateTime$Property"", ""MutableDateTime""]","[0.03527980535279805, 0.01347305389221557]","[4.203771289537713, 2.520209580838323]"
org.joda.time.TestMutableDateTime_Properties.testPropertySetTextWeekOfWeekyear,0.03527980535279805,0.02437642962250681,0.01347305389221557,0.04875285924501362,0.019499439671273815,0.021801988873153832,0.010903375730291242,4.203771289537713,3.3619904351880177,2.520209580838323,6.723980870376035,3.151223920407593,3.254901638997101,0.8417808543496947,"[""TestMutableDateTime_Properties"", ""MutableDateTime$Property"", ""MutableDateTime""]","[0.03527980535279805, 0.01347305389221557]","[4.203771289537713, 2.520209580838323]"
org.joda.time.TestMutableDateTime_Properties.testPropertySetDayOfWeek,0.03527980535279805,0.02437642962250681,0.01347305389221557,0.04875285924501362,0.019499439671273815,0.021801988873153832,0.010903375730291242,4.203771289537713,3.3619904351880177,2.520209580838323,6.723980870376035,3.151223920407593,3.254901638997101,0.8417808543496947,"[""TestMutableDateTime_Properties"", ""MutableDateTime$Property"", ""MutableDateTime""]","[0.03527980535279805, 0.01347305389221557]","[4.203771289537713, 2.520209580838323]"
org.joda.time.TestMutableDateTime_Properties.testPropertySetDayOfMonth,0.03527980535279805,0.02437642962250681,0.01347305389221557,0.04875285924501362,0.019499439671273815,0.021801988873153832,0.010903375730291242,4.203771289537713,3.3619904351880177,2.520209580838323,6.723980870376035,3.151223920407593,3.254901638997101,0.8417808543496947,"[""TestMutableDateTime_Properties"", ""MutableDateTime$Property"", ""MutableDateTime""]","[0.03527980535279805, 0.01347305389221557]","[4.203771289537713, 2.520209580838323]"
org.joda.time.TestMutableDateTime_Properties.testPropertyAddLongDayOfWeek,0.03527980535279805,0.02437642962250681,0.01347305389221557,0.04875285924501362,0.019499439671273815,0.021801988873153832,0.010903375730291242,4.203771289537713,3.3619904351880177,2.520209580838323,6.723980870376035,3.151223920407593,3.254901638997101,0.8417808543496947,"[""TestMutableDateTime_Properties"", ""MutableDateTime$Property"", ""MutableDateTime""]","[0.03527980535279805, 0.01347305389221557]","[4.203771289537713, 2.520209580838323]"
org.joda.time.TestMutableDateTime_Properties.testPropertySetTextDayOfWeek,0.03527980535279805,0.02437642962250681,0.01347305389221557,0.04875285924501362,0.019499439671273815,0.021801988873153832,0.010903375730291242,4.203771289537713,3.3619904351880177,2.520209580838323,6.723980870376035,3.151223920407593,3.254901638997101,0.8417808543496947,"[""TestMutableDateTime_Properties"", ""MutableDateTime$Property"", ""MutableDateTime""]","[0.03527980535279805, 0.01347305389221557]","[4.203771289537713, 2.520209580838323]"
org.joda.time.TestMutableDateTime_Properties.testPropertyRoundHalfFloorHourOfDay,0.03527980535279805,0.02437642962250681,0.01347305389221557,0.04875285924501362,0.019499439671273815,0.021801988873153832,0.010903375730291242,4.203771289537713,3.3619904351880177,2.520209580838323,6.723980870376035,3.151223920407593,3.254901638997101,0.8417808543496947,"[""TestMutableDateTime_Properties"", ""MutableDateTime$Property"", ""MutableDateTime""]","[0.03527980535279805, 0.01347305389221557]","[4.203771289537713, 2.520209580838323]"
org.joda.time.TestMutableDateTime_Properties.testPropertyAddWrapFieldDayOfMonth,0.03527980535279805,0.02437642962250681,0.01347305389221557,0.04875285924501362,0.019499439671273815,0.021801988873153832,0.010903375730291242,4.203771289537713,3.3619904351880177,2.520209580838323,6.723980870376035,3.151223920407593,3.254901638997101,0.8417808543496947,"[""TestMutableDateTime_Properties"", ""MutableDateTime$Property"", ""MutableDateTime""]","[0.03527980535279805, 0.01347305389221557]","[4.203771289537713, 2.520209580838323]"
org.joda.time.TestMutableDateTime_Properties.testPropertyAddYear,0.03527980535279805,0.02437642962250681,0.01347305389221557,0.04875285924501362,0.019499439671273815,0.021801988873153832,0.010903375730291242,4.203771289537713,3.3619904351880177,2.520209580838323,6.723980870376035,3.151223920407593,3.254901638997101,0.8417808543496947,"[""TestMutableDateTime_Properties"", ""MutableDateTime$Property"", ""MutableDateTime""]","[0.03527980535279805, 0.01347305389221557]","[4.203771289537713, 2.520209580838323]"
org.joda.time.TestMutableDateTime_Properties.testPropertyRoundFloorHourOfDay,0.03527980535279805,0.02437642962250681,0.01347305389221557,0.04875285924501362,0.019499439671273815,0.021801988873153832,0.010903375730291242,4.203771289537713,3.3619904351880177,2.520209580838323,6.723980870376035,3.151223920407593,3.254901638997101,0.8417808543496947,"[""TestMutableDateTime_Properties"", ""MutableDateTime$Property"", ""MutableDateTime""]","[0.03527980535279805, 0.01347305389221557]","[4.203771289537713, 2.520209580838323]"
org.joda.time.TestMutableDateTime_Properties.testPropertyRemainderHourOfDay,0.03527980535279805,0.02437642962250681,0.01347305389221557,0.04875285924501362,0.019499439671273815,0.021801988873153832,0.010903375730291242,4.203771289537713,3.3619904351880177,2.520209580838323,6.723980870376035,3.151223920407593,3.254901638997101,0.8417808543496947,"[""TestMutableDateTime_Properties"", ""MutableDateTime$Property"", ""MutableDateTime""]","[0.03527980535279805, 0.01347305389221557]","[4.203771289537713, 2.520209580838323]"
org.joda.time.TestMutableDateTime_Properties.testPropertyAddWeekOfWeekyear,0.03527980535279805,0.02437642962250681,0.01347305389221557,0.04875285924501362,0.019499439671273815,0.021801988873153832,0.010903375730291242,4.203771289537713,3.3619904351880177,2.520209580838323,6.723980870376035,3.151223920407593,3.254901638997101,0.8417808543496947,"[""TestMutableDateTime_Properties"", ""MutableDateTime$Property"", ""MutableDateTime""]","[0.03527980535279805, 0.01347305389221557]","[4.203771289537713, 2.520209580838323]"
org.joda.time.TestMutableDateTime_Properties.testPropertyAddWrapFieldWeekOfWeekyear,0.03527980535279805,0.02437642962250681,0.01347305389221557,0.04875285924501362,0.019499439671273815,0.021801988873153832,0.010903375730291242,4.203771289537713,3.3619904351880177,2.520209580838323,6.723980870376035,3.151223920407593,3.254901638997101,0.8417808543496947,"[""TestMutableDateTime_Properties"", ""MutableDateTime$Property"", ""MutableDateTime""]","[0.03527980535279805, 0.01347305389221557]","[4.203771289537713, 2.520209580838323]"
org.joda.time.TestMutableDateTime_Properties.testPropertySetTextDayOfYear,0.03527980535279805,0.02437642962250681,0.01347305389221557,0.04875285924501362,0.019499439671273815,0.021801988873153832,0.010903375730291242,4.203771289537713,3.3619904351880177,2.520209580838323,6.723980870376035,3.151223920407593,3.254901638997101,0.8417808543496947,"[""TestMutableDateTime_Properties"", ""MutableDateTime$Property"", ""MutableDateTime""]","[0.03527980535279805, 0.01347305389221557]","[4.203771289537713, 2.520209580838323]"
org.joda.time.TestMutableDateTime_Properties.testPropertySetDayOfYear,0.03527980535279805,0.02437642962250681,0.01347305389221557,0.04875285924501362,0.019499439671273815,0.021801988873153832,0.010903375730291242,4.203771289537713,3.3619904351880177,2.520209580838323,6.723980870376035,3.151223920407593,3.254901638997101,0.8417808543496947,"[""TestMutableDateTime_Properties"", ""MutableDateTime$Property"", ""MutableDateTime""]","[0.03527980535279805, 0.01347305389221557]","[4.203771289537713, 2.520209580838323]"
org.joda.time.format.TestDateTimeFormat.testSubclassableConstructor,0.026155717761557177,0.024330900243309,0.022506082725060828,0.048661800486618,0.024194038929440387,0.02426237308415952,0.0018248175182481747,3.818126520681265,3.3689172749391725,2.9197080291970803,6.737834549878345,3.3090200052848378,3.3388343263665248,0.4492092457420924,"[""DateTimeFormat"", ""TestDateTimeFormat$1"", ""TestDateTimeFormat""]","[0.026155717761557177, 0.022506082725060828]","[2.9197080291970803, 3.818126520681265]"
org.joda.time.format.TestDateTimeFormat.testFormat_invalid,0.026155717761557177,0.024330900243309,0.022506082725060828,0.048661800486618,0.024194038929440387,0.02426237308415952,0.0018248175182481747,3.818126520681265,3.3689172749391725,2.9197080291970803,6.737834549878345,3.3090200052848378,3.3388343263665248,0.4492092457420924,"[""DateTimeFormat"", ""TestDateTimeFormat""]","[0.026155717761557177, 0.022506082725060828]","[2.9197080291970803, 3.818126520681265]"
org.joda.time.TestMutableDateTime_Constructors.testConstructor_invalidObject_DateTimeZone,0.03527980535279805,0.02432638113107956,0.01337295690936107,0.04865276226215912,0.019394389745495073,0.021720849816561374,0.01095342422171849,4.203771289537713,2.9659272495236855,1.7280832095096583,5.931854499047371,2.449307070237656,2.6952674416593405,1.2378440400140271,"[""TestMutableDateTime_Constructors"", ""Object"", ""MutableDateTime""]","[0.03527980535279805, 0.01337295690936107]","[4.203771289537713, 1.7280832095096583]"
org.joda.time.TestMutableDateTime_Constructors.test_now_nullDateTimeZone,0.03527980535279805,0.02432638113107956,0.01337295690936107,0.04865276226215912,0.019394389745495073,0.021720849816561374,0.01095342422171849,4.203771289537713,2.9659272495236855,1.7280832095096583,5.931854499047371,2.449307070237656,2.6952674416593405,1.2378440400140271,"[""TestMutableDateTime_Constructors"", ""MutableDateTime""]","[0.03527980535279805, 0.01337295690936107]","[4.203771289537713, 1.7280832095096583]"
org.joda.time.TestMutableDateTime_Constructors.testConstructor_invalidObject,0.03527980535279805,0.02432638113107956,0.01337295690936107,0.04865276226215912,0.019394389745495073,0.021720849816561374,0.01095342422171849,4.203771289537713,2.9659272495236855,1.7280832095096583,5.931854499047371,2.449307070237656,2.6952674416593405,1.2378440400140271,"[""TestMutableDateTime_Constructors"", ""Object"", ""MutableDateTime""]","[0.03527980535279805, 0.01337295690936107]","[4.203771289537713, 1.7280832095096583]"
org.joda.time.TestMutableDateTime_Constructors.test_now_nullChronology,0.03527980535279805,0.02432638113107956,0.01337295690936107,0.04865276226215912,0.019394389745495073,0.021720849816561374,0.01095342422171849,4.203771289537713,2.9659272495236855,1.7280832095096583,5.931854499047371,2.449307070237656,2.6952674416593405,1.2378440400140271,"[""TestMutableDateTime_Constructors"", ""MutableDateTime""]","[0.03527980535279805, 0.01337295690936107]","[4.203771289537713, 1.7280832095096583]"
org.joda.time.TestWeeks.testMultipliedBy_int,0.025225225225225224,0.024324324324324326,0.023423423423423424,0.04864864864864865,0.024290957624290954,0.02430763524906674,0.0009009009009009004,3.0684684684684687,2.8693693693693696,2.67027027027027,5.738738738738739,2.855554329840044,2.862453515188168,0.19909909909909929,"[""TestWeeks"", ""Weeks""]","[0.025225225225225224, 0.023423423423423424]","[3.0684684684684687, 2.67027027027027]"
org.joda.time.TestMinutes.testIsGreaterThan,0.025225225225225224,0.024324324324324326,0.023423423423423424,0.04864864864864865,0.024290957624290954,0.02430763524906674,0.0009009009009009004,2.924324324324324,2.781081081081081,2.637837837837838,5.562162162162162,2.773703149213353,2.777389665281462,0.1432432432432431,"[""TestMinutes"", ""Minutes""]","[0.025225225225225224, 0.023423423423423424]","[2.924324324324324, 2.637837837837838]"
org.joda.time.TestHours.testPlus_Hours,0.025225225225225224,0.024324324324324326,0.023423423423423424,0.04864864864864865,0.024290957624290954,0.02430763524906674,0.0009009009009009004,3.046846846846847,2.8954954954954957,2.744144144144144,5.790990990990991,2.887584161635188,2.8915371228602313,0.15135135135135136,"[""TestHours"", ""Hours""]","[0.025225225225225224, 0.023423423423423424]","[3.046846846846847, 2.744144144144144]"
org.joda.time.TestMinutes.testMinus_Minutes,0.025225225225225224,0.024324324324324326,0.023423423423423424,0.04864864864864865,0.024290957624290954,0.02430763524906674,0.0009009009009009004,2.924324324324324,2.781081081081081,2.637837837837838,5.562162162162162,2.773703149213353,2.777389665281462,0.1432432432432431,"[""TestMinutes"", ""Minutes""]","[0.025225225225225224, 0.023423423423423424]","[2.924324324324324, 2.637837837837838]"
org.joda.time.TestYears.testPlus_int,0.025225225225225224,0.024324324324324326,0.023423423423423424,0.04864864864864865,0.024290957624290954,0.02430763524906674,0.0009009009009009004,2.4414414414414414,2.245945945945946,2.0504504504504504,4.491891891891892,2.2289292903011315,2.2374214407107127,0.1954954954954955,"[""Years"", ""TestYears""]","[0.025225225225225224, 0.023423423423423424]","[2.4414414414414414, 2.0504504504504504]"
org.joda.time.TestYears.testPlus_Years,0.025225225225225224,0.024324324324324326,0.023423423423423424,0.04864864864864865,0.024290957624290954,0.02430763524906674,0.0009009009009009004,2.4414414414414414,2.245945945945946,2.0504504504504504,4.491891891891892,2.2289292903011315,2.2374214407107127,0.1954954954954955,"[""Years"", ""TestYears""]","[0.025225225225225224, 0.023423423423423424]","[2.4414414414414414, 2.0504504504504504]"
org.joda.time.TestWeeks.testIsGreaterThan,0.025225225225225224,0.024324324324324326,0.023423423423423424,0.04864864864864865,0.024290957624290954,0.02430763524906674,0.0009009009009009004,3.0684684684684687,2.8693693693693696,2.67027027027027,5.738738738738739,2.855554329840044,2.862453515188168,0.19909909909909929,"[""TestWeeks"", ""Weeks""]","[0.025225225225225224, 0.023423423423423424]","[3.0684684684684687, 2.67027027027027]"
org.joda.time.TestSeconds.testMinus_Seconds,0.025225225225225224,0.024324324324324326,0.023423423423423424,0.04864864864864865,0.024290957624290954,0.02430763524906674,0.0009009009009009004,2.8666666666666667,2.7522522522522523,2.637837837837838,5.504504504504505,2.747495908346972,2.7498730519429078,0.11441441441441436,"[""Seconds"", ""TestSeconds""]","[0.025225225225225224, 0.023423423423423424]","[2.8666666666666667, 2.637837837837838]"
org.joda.time.TestWeeks.testPlus_int,0.025225225225225224,0.024324324324324326,0.023423423423423424,0.04864864864864865,0.024290957624290954,0.02430763524906674,0.0009009009009009004,3.0684684684684687,2.8693693693693696,2.67027027027027,5.738738738738739,2.855554329840044,2.862453515188168,0.19909909909909929,"[""TestWeeks"", ""Weeks""]","[0.025225225225225224, 0.023423423423423424]","[3.0684684684684687, 2.67027027027027]"
org.joda.time.TestHours.testPlus_int,0.025225225225225224,0.024324324324324326,0.023423423423423424,0.04864864864864865,0.024290957624290954,0.02430763524906674,0.0009009009009009004,3.046846846846847,2.8954954954954957,2.744144144144144,5.790990990990991,2.887584161635188,2.8915371228602313,0.15135135135135136,"[""TestHours"", ""Hours""]","[0.025225225225225224, 0.023423423423423424]","[3.046846846846847, 2.744144144144144]"
org.joda.time.TestSeconds.testPlus_int,0.025225225225225224,0.024324324324324326,0.023423423423423424,0.04864864864864865,0.024290957624290954,0.02430763524906674,0.0009009009009009004,2.8666666666666667,2.7522522522522523,2.637837837837838,5.504504504504505,2.747495908346972,2.7498730519429078,0.11441441441441436,"[""Seconds"", ""TestSeconds""]","[0.025225225225225224, 0.023423423423423424]","[2.8666666666666667, 2.637837837837838]"
org.joda.time.TestYears.testMultipliedBy_int,0.025225225225225224,0.024324324324324326,0.023423423423423424,0.04864864864864865,0.024290957624290954,0.02430763524906674,0.0009009009009009004,2.4414414414414414,2.245945945945946,2.0504504504504504,4.491891891891892,2.2289292903011315,2.2374214407107127,0.1954954954954955,"[""Years"", ""TestYears""]","[0.025225225225225224, 0.023423423423423424]","[2.4414414414414414, 2.0504504504504504]"
org.joda.time.TestSeconds.testIsGreaterThan,0.025225225225225224,0.024324324324324326,0.023423423423423424,0.04864864864864865,0.024290957624290954,0.02430763524906674,0.0009009009009009004,2.8666666666666667,2.7522522522522523,2.637837837837838,5.504504504504505,2.747495908346972,2.7498730519429078,0.11441441441441436,"[""Seconds"", ""TestSeconds""]","[0.025225225225225224, 0.023423423423423424]","[2.8666666666666667, 2.637837837837838]"
org.joda.time.TestSeconds.testPlus_Seconds,0.025225225225225224,0.024324324324324326,0.023423423423423424,0.04864864864864865,0.024290957624290954,0.02430763524906674,0.0009009009009009004,2.8666666666666667,2.7522522522522523,2.637837837837838,5.504504504504505,2.747495908346972,2.7498730519429078,0.11441441441441436,"[""Seconds"", ""TestSeconds""]","[0.025225225225225224, 0.023423423423423424]","[2.8666666666666667, 2.637837837837838]"
org.joda.time.TestYears.testNegated,0.025225225225225224,0.024324324324324326,0.023423423423423424,0.04864864864864865,0.024290957624290954,0.02430763524906674,0.0009009009009009004,2.4414414414414414,2.245945945945946,2.0504504504504504,4.491891891891892,2.2289292903011315,2.2374214407107127,0.1954954954954955,"[""Years"", ""TestYears""]","[0.025225225225225224, 0.023423423423423424]","[2.4414414414414414, 2.0504504504504504]"
org.joda.time.TestWeeks.testIsLessThan,0.025225225225225224,0.024324324324324326,0.023423423423423424,0.04864864864864865,0.024290957624290954,0.02430763524906674,0.0009009009009009004,3.0684684684684687,2.8693693693693696,2.67027027027027,5.738738738738739,2.855554329840044,2.862453515188168,0.19909909909909929,"[""TestWeeks"", ""Weeks""]","[0.025225225225225224, 0.023423423423423424]","[3.0684684684684687, 2.67027027027027]"
org.joda.time.TestWeeks.testFactory_weeks_int,0.025225225225225224,0.024324324324324326,0.023423423423423424,0.04864864864864865,0.024290957624290954,0.02430763524906674,0.0009009009009009004,3.0684684684684687,2.8693693693693696,2.67027027027027,5.738738738738739,2.855554329840044,2.862453515188168,0.19909909909909929,"[""TestWeeks"", ""Weeks""]","[0.025225225225225224, 0.023423423423423424]","[3.0684684684684687, 2.67027027027027]"
org.joda.time.TestMinutes.testIsLessThan,0.025225225225225224,0.024324324324324326,0.023423423423423424,0.04864864864864865,0.024290957624290954,0.02430763524906674,0.0009009009009009004,2.924324324324324,2.781081081081081,2.637837837837838,5.562162162162162,2.773703149213353,2.777389665281462,0.1432432432432431,"[""TestMinutes"", ""Minutes""]","[0.025225225225225224, 0.023423423423423424]","[2.924324324324324, 2.637837837837838]"
org.joda.time.TestHours.testFactory_hours_int,0.025225225225225224,0.024324324324324326,0.023423423423423424,0.04864864864864865,0.024290957624290954,0.02430763524906674,0.0009009009009009004,3.046846846846847,2.8954954954954957,2.744144144144144,5.790990990990991,2.887584161635188,2.8915371228602313,0.15135135135135136,"[""TestHours"", ""Hours""]","[0.025225225225225224, 0.023423423423423424]","[3.046846846846847, 2.744144144144144]"
org.joda.time.TestWeeks.testGetMethods,0.025225225225225224,0.024324324324324326,0.023423423423423424,0.04864864864864865,0.024290957624290954,0.02430763524906674,0.0009009009009009004,3.0684684684684687,2.8693693693693696,2.67027027027027,5.738738738738739,2.855554329840044,2.862453515188168,0.19909909909909929,"[""TestWeeks"", ""Weeks""]","[0.025225225225225224, 0.023423423423423424]","[3.0684684684684687, 2.67027027027027]"
org.joda.time.TestWeeks.testDividedBy_int,0.025225225225225224,0.024324324324324326,0.023423423423423424,0.04864864864864865,0.024290957624290954,0.02430763524906674,0.0009009009009009004,3.0684684684684687,2.8693693693693696,2.67027027027027,5.738738738738739,2.855554329840044,2.862453515188168,0.19909909909909929,"[""TestWeeks"", ""Weeks""]","[0.025225225225225224, 0.023423423423423424]","[3.0684684684684687, 2.67027027027027]"
org.joda.time.TestHours.testMinus_Hours,0.025225225225225224,0.024324324324324326,0.023423423423423424,0.04864864864864865,0.024290957624290954,0.02430763524906674,0.0009009009009009004,3.046846846846847,2.8954954954954957,2.744144144144144,5.790990990990991,2.887584161635188,2.8915371228602313,0.15135135135135136,"[""TestHours"", ""Hours""]","[0.025225225225225224, 0.023423423423423424]","[3.046846846846847, 2.744144144144144]"
org.joda.time.TestMinutes.testConstants,0.025225225225225224,0.024324324324324326,0.023423423423423424,0.04864864864864865,0.024290957624290954,0.02430763524906674,0.0009009009009009004,2.924324324324324,2.781081081081081,2.637837837837838,5.562162162162162,2.773703149213353,2.777389665281462,0.1432432432432431,"[""TestMinutes"", ""Minutes""]","[0.025225225225225224, 0.023423423423423424]","[2.924324324324324, 2.637837837837838]"
org.joda.time.TestYears.testToString,0.025225225225225224,0.024324324324324326,0.023423423423423424,0.04864864864864865,0.024290957624290954,0.02430763524906674,0.0009009009009009004,2.4414414414414414,2.245945945945946,2.0504504504504504,4.491891891891892,2.2289292903011315,2.2374214407107127,0.1954954954954955,"[""Years"", ""TestYears""]","[0.025225225225225224, 0.023423423423423424]","[2.4414414414414414, 2.0504504504504504]"
org.joda.time.TestMinutes.testToString,0.025225225225225224,0.024324324324324326,0.023423423423423424,0.04864864864864865,0.024290957624290954,0.02430763524906674,0.0009009009009009004,2.924324324324324,2.781081081081081,2.637837837837838,5.562162162162162,2.773703149213353,2.777389665281462,0.1432432432432431,"[""TestMinutes"", ""Minutes""]","[0.025225225225225224, 0.023423423423423424]","[2.924324324324324, 2.637837837837838]"
org.joda.time.TestWeeks.testToString,0.025225225225225224,0.024324324324324326,0.023423423423423424,0.04864864864864865,0.024290957624290954,0.02430763524906674,0.0009009009009009004,3.0684684684684687,2.8693693693693696,2.67027027027027,5.738738738738739,2.855554329840044,2.862453515188168,0.19909909909909929,"[""TestWeeks"", ""Weeks""]","[0.025225225225225224, 0.023423423423423424]","[3.0684684684684687, 2.67027027027027]"
org.joda.time.TestHours.testGetMethods,0.025225225225225224,0.024324324324324326,0.023423423423423424,0.04864864864864865,0.024290957624290954,0.02430763524906674,0.0009009009009009004,3.046846846846847,2.8954954954954957,2.744144144144144,5.790990990990991,2.887584161635188,2.8915371228602313,0.15135135135135136,"[""TestHours"", ""Hours""]","[0.025225225225225224, 0.023423423423423424]","[3.046846846846847, 2.744144144144144]"
org.joda.time.TestSeconds.testMultipliedBy_int,0.025225225225225224,0.024324324324324326,0.023423423423423424,0.04864864864864865,0.024290957624290954,0.02430763524906674,0.0009009009009009004,2.8666666666666667,2.7522522522522523,2.637837837837838,5.504504504504505,2.747495908346972,2.7498730519429078,0.11441441441441436,"[""Seconds"", ""TestSeconds""]","[0.025225225225225224, 0.023423423423423424]","[2.8666666666666667, 2.637837837837838]"
org.joda.time.TestWeeks.testMinus_int,0.025225225225225224,0.024324324324324326,0.023423423423423424,0.04864864864864865,0.024290957624290954,0.02430763524906674,0.0009009009009009004,3.0684684684684687,2.8693693693693696,2.67027027027027,5.738738738738739,2.855554329840044,2.862453515188168,0.19909909909909929,"[""TestWeeks"", ""Weeks""]","[0.025225225225225224, 0.023423423423423424]","[3.0684684684684687, 2.67027027027027]"
org.joda.time.TestWeeks.testMinus_Weeks,0.025225225225225224,0.024324324324324326,0.023423423423423424,0.04864864864864865,0.024290957624290954,0.02430763524906674,0.0009009009009009004,3.0684684684684687,2.8693693693693696,2.67027027027027,5.738738738738739,2.855554329840044,2.862453515188168,0.19909909909909929,"[""TestWeeks"", ""Weeks""]","[0.025225225225225224, 0.023423423423423424]","[3.0684684684684687, 2.67027027027027]"
org.joda.time.TestYears.testMinus_Years,0.025225225225225224,0.024324324324324326,0.023423423423423424,0.04864864864864865,0.024290957624290954,0.02430763524906674,0.0009009009009009004,2.4414414414414414,2.245945945945946,2.0504504504504504,4.491891891891892,2.2289292903011315,2.2374214407107127,0.1954954954954955,"[""Years"", ""TestYears""]","[0.025225225225225224, 0.023423423423423424]","[2.4414414414414414, 2.0504504504504504]"
org.joda.time.TestYears.testMinus_int,0.025225225225225224,0.024324324324324326,0.023423423423423424,0.04864864864864865,0.024290957624290954,0.02430763524906674,0.0009009009009009004,2.4414414414414414,2.245945945945946,2.0504504504504504,4.491891891891892,2.2289292903011315,2.2374214407107127,0.1954954954954955,"[""Years"", ""TestYears""]","[0.025225225225225224, 0.023423423423423424]","[2.4414414414414414, 2.0504504504504504]"
org.joda.time.TestYears.testIsLessThan,0.025225225225225224,0.024324324324324326,0.023423423423423424,0.04864864864864865,0.024290957624290954,0.02430763524906674,0.0009009009009009004,2.4414414414414414,2.245945945945946,2.0504504504504504,4.491891891891892,2.2289292903011315,2.2374214407107127,0.1954954954954955,"[""Years"", ""TestYears""]","[0.025225225225225224, 0.023423423423423424]","[2.4414414414414414, 2.0504504504504504]"
org.joda.time.TestMinutes.testFactory_minutes_int,0.025225225225225224,0.024324324324324326,0.023423423423423424,0.04864864864864865,0.024290957624290954,0.02430763524906674,0.0009009009009009004,2.924324324324324,2.781081081081081,2.637837837837838,5.562162162162162,2.773703149213353,2.777389665281462,0.1432432432432431,"[""TestMinutes"", ""Minutes""]","[0.025225225225225224, 0.023423423423423424]","[2.924324324324324, 2.637837837837838]"
org.joda.time.TestSeconds.testConstants,0.025225225225225224,0.024324324324324326,0.023423423423423424,0.04864864864864865,0.024290957624290954,0.02430763524906674,0.0009009009009009004,2.8666666666666667,2.7522522522522523,2.637837837837838,5.504504504504505,2.747495908346972,2.7498730519429078,0.11441441441441436,"[""Seconds"", ""TestSeconds""]","[0.025225225225225224, 0.023423423423423424]","[2.8666666666666667, 2.637837837837838]"
org.joda.time.TestYears.testFactory_years_int,0.025225225225225224,0.024324324324324326,0.023423423423423424,0.04864864864864865,0.024290957624290954,0.02430763524906674,0.0009009009009009004,2.4414414414414414,2.245945945945946,2.0504504504504504,4.491891891891892,2.2289292903011315,2.2374214407107127,0.1954954954954955,"[""Years"", ""TestYears""]","[0.025225225225225224, 0.023423423423423424]","[2.4414414414414414, 2.0504504504504504]"
org.joda.time.TestYears.testDividedBy_int,0.025225225225225224,0.024324324324324326,0.023423423423423424,0.04864864864864865,0.024290957624290954,0.02430763524906674,0.0009009009009009004,2.4414414414414414,2.245945945945946,2.0504504504504504,4.491891891891892,2.2289292903011315,2.2374214407107127,0.1954954954954955,"[""Years"", ""TestYears""]","[0.025225225225225224, 0.023423423423423424]","[2.4414414414414414, 2.0504504504504504]"
org.joda.time.TestHours.testMultipliedBy_int,0.025225225225225224,0.024324324324324326,0.023423423423423424,0.04864864864864865,0.024290957624290954,0.02430763524906674,0.0009009009009009004,3.046846846846847,2.8954954954954957,2.744144144144144,5.790990990990991,2.887584161635188,2.8915371228602313,0.15135135135135136,"[""TestHours"", ""Hours""]","[0.025225225225225224, 0.023423423423423424]","[3.046846846846847, 2.744144144144144]"
org.joda.time.TestHours.testMinus_int,0.025225225225225224,0.024324324324324326,0.023423423423423424,0.04864864864864865,0.024290957624290954,0.02430763524906674,0.0009009009009009004,3.046846846846847,2.8954954954954957,2.744144144144144,5.790990990990991,2.887584161635188,2.8915371228602313,0.15135135135135136,"[""TestHours"", ""Hours""]","[0.025225225225225224, 0.023423423423423424]","[3.046846846846847, 2.744144144144144]"
org.joda.time.TestSeconds.testIsLessThan,0.025225225225225224,0.024324324324324326,0.023423423423423424,0.04864864864864865,0.024290957624290954,0.02430763524906674,0.0009009009009009004,2.8666666666666667,2.7522522522522523,2.637837837837838,5.504504504504505,2.747495908346972,2.7498730519429078,0.11441441441441436,"[""Seconds"", ""TestSeconds""]","[0.025225225225225224, 0.023423423423423424]","[2.8666666666666667, 2.637837837837838]"
org.joda.time.TestSeconds.testDividedBy_int,0.025225225225225224,0.024324324324324326,0.023423423423423424,0.04864864864864865,0.024290957624290954,0.02430763524906674,0.0009009009009009004,2.8666666666666667,2.7522522522522523,2.637837837837838,5.504504504504505,2.747495908346972,2.7498730519429078,0.11441441441441436,"[""Seconds"", ""TestSeconds""]","[0.025225225225225224, 0.023423423423423424]","[2.8666666666666667, 2.637837837837838]"
org.joda.time.TestWeeks.testConstants,0.025225225225225224,0.024324324324324326,0.023423423423423424,0.04864864864864865,0.024290957624290954,0.02430763524906674,0.0009009009009009004,3.0684684684684687,2.8693693693693696,2.67027027027027,5.738738738738739,2.855554329840044,2.862453515188168,0.19909909909909929,"[""TestWeeks"", ""Weeks""]","[0.025225225225225224, 0.023423423423423424]","[3.0684684684684687, 2.67027027027027]"
org.joda.time.TestMinutes.testMinus_int,0.025225225225225224,0.024324324324324326,0.023423423423423424,0.04864864864864865,0.024290957624290954,0.02430763524906674,0.0009009009009009004,2.924324324324324,2.781081081081081,2.637837837837838,5.562162162162162,2.773703149213353,2.777389665281462,0.1432432432432431,"[""TestMinutes"", ""Minutes""]","[0.025225225225225224, 0.023423423423423424]","[2.924324324324324, 2.637837837837838]"
org.joda.time.TestMinutes.testGetMethods,0.025225225225225224,0.024324324324324326,0.023423423423423424,0.04864864864864865,0.024290957624290954,0.02430763524906674,0.0009009009009009004,2.924324324324324,2.781081081081081,2.637837837837838,5.562162162162162,2.773703149213353,2.777389665281462,0.1432432432432431,"[""TestMinutes"", ""Minutes""]","[0.025225225225225224, 0.023423423423423424]","[2.924324324324324, 2.637837837837838]"
org.joda.time.TestSeconds.testMinus_int,0.025225225225225224,0.024324324324324326,0.023423423423423424,0.04864864864864865,0.024290957624290954,0.02430763524906674,0.0009009009009009004,2.8666666666666667,2.7522522522522523,2.637837837837838,5.504504504504505,2.747495908346972,2.7498730519429078,0.11441441441441436,"[""Seconds"", ""TestSeconds""]","[0.025225225225225224, 0.023423423423423424]","[2.8666666666666667, 2.637837837837838]"
org.joda.time.TestMinutes.testNegated,0.025225225225225224,0.024324324324324326,0.023423423423423424,0.04864864864864865,0.024290957624290954,0.02430763524906674,0.0009009009009009004,2.924324324324324,2.781081081081081,2.637837837837838,5.562162162162162,2.773703149213353,2.777389665281462,0.1432432432432431,"[""TestMinutes"", ""Minutes""]","[0.025225225225225224, 0.023423423423423424]","[2.924324324324324, 2.637837837837838]"
org.joda.time.TestHours.testIsLessThan,0.025225225225225224,0.024324324324324326,0.023423423423423424,0.04864864864864865,0.024290957624290954,0.02430763524906674,0.0009009009009009004,3.046846846846847,2.8954954954954957,2.744144144144144,5.790990990990991,2.887584161635188,2.8915371228602313,0.15135135135135136,"[""TestHours"", ""Hours""]","[0.025225225225225224, 0.023423423423423424]","[3.046846846846847, 2.744144144144144]"
org.joda.time.TestYears.testFactory_parseYears_String,0.025225225225225224,0.024324324324324326,0.023423423423423424,0.04864864864864865,0.024290957624290954,0.02430763524906674,0.0009009009009009004,2.4414414414414414,2.245945945945946,2.0504504504504504,4.491891891891892,2.2289292903011315,2.2374214407107127,0.1954954954954955,"[""Years"", ""TestYears""]","[0.025225225225225224, 0.023423423423423424]","[2.4414414414414414, 2.0504504504504504]"
org.joda.time.TestMinutes.testPlus_int,0.025225225225225224,0.024324324324324326,0.023423423423423424,0.04864864864864865,0.024290957624290954,0.02430763524906674,0.0009009009009009004,2.924324324324324,2.781081081081081,2.637837837837838,5.562162162162162,2.773703149213353,2.777389665281462,0.1432432432432431,"[""TestMinutes"", ""Minutes""]","[0.025225225225225224, 0.023423423423423424]","[2.924324324324324, 2.637837837837838]"
org.joda.time.TestMinutes.testDividedBy_int,0.025225225225225224,0.024324324324324326,0.023423423423423424,0.04864864864864865,0.024290957624290954,0.02430763524906674,0.0009009009009009004,2.924324324324324,2.781081081081081,2.637837837837838,5.562162162162162,2.773703149213353,2.777389665281462,0.1432432432432431,"[""TestMinutes"", ""Minutes""]","[0.025225225225225224, 0.023423423423423424]","[2.924324324324324, 2.637837837837838]"
org.joda.time.TestHours.testIsGreaterThan,0.025225225225225224,0.024324324324324326,0.023423423423423424,0.04864864864864865,0.024290957624290954,0.02430763524906674,0.0009009009009009004,3.046846846846847,2.8954954954954957,2.744144144144144,5.790990990990991,2.887584161635188,2.8915371228602313,0.15135135135135136,"[""TestHours"", ""Hours""]","[0.025225225225225224, 0.023423423423423424]","[3.046846846846847, 2.744144144144144]"
org.joda.time.TestHours.testNegated,0.025225225225225224,0.024324324324324326,0.023423423423423424,0.04864864864864865,0.024290957624290954,0.02430763524906674,0.0009009009009009004,3.046846846846847,2.8954954954954957,2.744144144144144,5.790990990990991,2.887584161635188,2.8915371228602313,0.15135135135135136,"[""TestHours"", ""Hours""]","[0.025225225225225224, 0.023423423423423424]","[3.046846846846847, 2.744144144144144]"
org.joda.time.TestYears.testIsGreaterThan,0.025225225225225224,0.024324324324324326,0.023423423423423424,0.04864864864864865,0.024290957624290954,0.02430763524906674,0.0009009009009009004,2.4414414414414414,2.245945945945946,2.0504504504504504,4.491891891891892,2.2289292903011315,2.2374214407107127,0.1954954954954955,"[""Years"", ""TestYears""]","[0.025225225225225224, 0.023423423423423424]","[2.4414414414414414, 2.0504504504504504]"
org.joda.time.TestHours.testConstants,0.025225225225225224,0.024324324324324326,0.023423423423423424,0.04864864864864865,0.024290957624290954,0.02430763524906674,0.0009009009009009004,3.046846846846847,2.8954954954954957,2.744144144144144,5.790990990990991,2.887584161635188,2.8915371228602313,0.15135135135135136,"[""TestHours"", ""Hours""]","[0.025225225225225224, 0.023423423423423424]","[3.046846846846847, 2.744144144144144]"
org.joda.time.TestHours.testFactory_parseHours_String,0.025225225225225224,0.024324324324324326,0.023423423423423424,0.04864864864864865,0.024290957624290954,0.02430763524906674,0.0009009009009009004,3.046846846846847,2.8954954954954957,2.744144144144144,5.790990990990991,2.887584161635188,2.8915371228602313,0.15135135135135136,"[""TestHours"", ""Hours""]","[0.025225225225225224, 0.023423423423423424]","[3.046846846846847, 2.744144144144144]"
org.joda.time.TestHours.testToString,0.025225225225225224,0.024324324324324326,0.023423423423423424,0.04864864864864865,0.024290957624290954,0.02430763524906674,0.0009009009009009004,3.046846846846847,2.8954954954954957,2.744144144144144,5.790990990990991,2.887584161635188,2.8915371228602313,0.15135135135135136,"[""TestHours"", ""Hours""]","[0.025225225225225224, 0.023423423423423424]","[3.046846846846847, 2.744144144144144]"
org.joda.time.TestSeconds.testGetMethods,0.025225225225225224,0.024324324324324326,0.023423423423423424,0.04864864864864865,0.024290957624290954,0.02430763524906674,0.0009009009009009004,2.8666666666666667,2.7522522522522523,2.637837837837838,5.504504504504505,2.747495908346972,2.7498730519429078,0.11441441441441436,"[""Seconds"", ""TestSeconds""]","[0.025225225225225224, 0.023423423423423424]","[2.8666666666666667, 2.637837837837838]"
org.joda.time.TestWeeks.testNegated,0.025225225225225224,0.024324324324324326,0.023423423423423424,0.04864864864864865,0.024290957624290954,0.02430763524906674,0.0009009009009009004,3.0684684684684687,2.8693693693693696,2.67027027027027,5.738738738738739,2.855554329840044,2.862453515188168,0.19909909909909929,"[""TestWeeks"", ""Weeks""]","[0.025225225225225224, 0.023423423423423424]","[3.0684684684684687, 2.67027027027027]"
org.joda.time.TestYears.testConstants,0.025225225225225224,0.024324324324324326,0.023423423423423424,0.04864864864864865,0.024290957624290954,0.02430763524906674,0.0009009009009009004,2.4414414414414414,2.245945945945946,2.0504504504504504,4.491891891891892,2.2289292903011315,2.2374214407107127,0.1954954954954955,"[""Years"", ""TestYears""]","[0.025225225225225224, 0.023423423423423424]","[2.4414414414414414, 2.0504504504504504]"
org.joda.time.TestMinutes.testPlus_Minutes,0.025225225225225224,0.024324324324324326,0.023423423423423424,0.04864864864864865,0.024290957624290954,0.02430763524906674,0.0009009009009009004,2.924324324324324,2.781081081081081,2.637837837837838,5.562162162162162,2.773703149213353,2.777389665281462,0.1432432432432431,"[""TestMinutes"", ""Minutes""]","[0.025225225225225224, 0.023423423423423424]","[2.924324324324324, 2.637837837837838]"
org.joda.time.TestSeconds.testFactory_parseSeconds_String,0.025225225225225224,0.024324324324324326,0.023423423423423424,0.04864864864864865,0.024290957624290954,0.02430763524906674,0.0009009009009009004,2.8666666666666667,2.7522522522522523,2.637837837837838,5.504504504504505,2.747495908346972,2.7498730519429078,0.11441441441441436,"[""Seconds"", ""TestSeconds""]","[0.025225225225225224, 0.023423423423423424]","[2.8666666666666667, 2.637837837837838]"
org.joda.time.TestWeeks.testPlus_Weeks,0.025225225225225224,0.024324324324324326,0.023423423423423424,0.04864864864864865,0.024290957624290954,0.02430763524906674,0.0009009009009009004,3.0684684684684687,2.8693693693693696,2.67027027027027,5.738738738738739,2.855554329840044,2.862453515188168,0.19909909909909929,"[""TestWeeks"", ""Weeks""]","[0.025225225225225224, 0.023423423423423424]","[3.0684684684684687, 2.67027027027027]"
org.joda.time.TestSeconds.testFactory_seconds_int,0.025225225225225224,0.024324324324324326,0.023423423423423424,0.04864864864864865,0.024290957624290954,0.02430763524906674,0.0009009009009009004,2.8666666666666667,2.7522522522522523,2.637837837837838,5.504504504504505,2.747495908346972,2.7498730519429078,0.11441441441441436,"[""Seconds"", ""TestSeconds""]","[0.025225225225225224, 0.023423423423423424]","[2.8666666666666667, 2.637837837837838]"
org.joda.time.TestWeeks.testFactory_parseWeeks_String,0.025225225225225224,0.024324324324324326,0.023423423423423424,0.04864864864864865,0.024290957624290954,0.02430763524906674,0.0009009009009009004,3.0684684684684687,2.8693693693693696,2.67027027027027,5.738738738738739,2.855554329840044,2.862453515188168,0.19909909909909929,"[""TestWeeks"", ""Weeks""]","[0.025225225225225224, 0.023423423423423424]","[3.0684684684684687, 2.67027027027027]"
org.joda.time.TestSeconds.testToString,0.025225225225225224,0.024324324324324326,0.023423423423423424,0.04864864864864865,0.024290957624290954,0.02430763524906674,0.0009009009009009004,2.8666666666666667,2.7522522522522523,2.637837837837838,5.504504504504505,2.747495908346972,2.7498730519429078,0.11441441441441436,"[""Seconds"", ""TestSeconds""]","[0.025225225225225224, 0.023423423423423424]","[2.8666666666666667, 2.637837837837838]"
org.joda.time.TestSeconds.testNegated,0.025225225225225224,0.024324324324324326,0.023423423423423424,0.04864864864864865,0.024290957624290954,0.02430763524906674,0.0009009009009009004,2.8666666666666667,2.7522522522522523,2.637837837837838,5.504504504504505,2.747495908346972,2.7498730519429078,0.11441441441441436,"[""Seconds"", ""TestSeconds""]","[0.025225225225225224, 0.023423423423423424]","[2.8666666666666667, 2.637837837837838]"
org.joda.time.TestHours.testDividedBy_int,0.025225225225225224,0.024324324324324326,0.023423423423423424,0.04864864864864865,0.024290957624290954,0.02430763524906674,0.0009009009009009004,3.046846846846847,2.8954954954954957,2.744144144144144,5.790990990990991,2.887584161635188,2.8915371228602313,0.15135135135135136,"[""TestHours"", ""Hours""]","[0.025225225225225224, 0.023423423423423424]","[3.046846846846847, 2.744144144144144]"
org.joda.time.TestYears.testGetMethods,0.025225225225225224,0.024324324324324326,0.023423423423423424,0.04864864864864865,0.024290957624290954,0.02430763524906674,0.0009009009009009004,2.4414414414414414,2.245945945945946,2.0504504504504504,4.491891891891892,2.2289292903011315,2.2374214407107127,0.1954954954954955,"[""Years"", ""TestYears""]","[0.025225225225225224, 0.023423423423423424]","[2.4414414414414414, 2.0504504504504504]"
org.joda.time.TestMinutes.testMultipliedBy_int,0.025225225225225224,0.024324324324324326,0.023423423423423424,0.04864864864864865,0.024290957624290954,0.02430763524906674,0.0009009009009009004,2.924324324324324,2.781081081081081,2.637837837837838,5.562162162162162,2.773703149213353,2.777389665281462,0.1432432432432431,"[""TestMinutes"", ""Minutes""]","[0.025225225225225224, 0.023423423423423424]","[2.924324324324324, 2.637837837837838]"
org.joda.time.TestMinutes.testFactory_parseMinutes_String,0.025225225225225224,0.024324324324324326,0.023423423423423424,0.04864864864864865,0.024290957624290954,0.02430763524906674,0.0009009009009009004,2.924324324324324,2.781081081081081,2.637837837837838,5.562162162162162,2.773703149213353,2.777389665281462,0.1432432432432431,"[""TestMinutes"", ""Minutes""]","[0.025225225225225224, 0.023423423423423424]","[2.924324324324324, 2.637837837837838]"
org.joda.time.convert.TestConverterManager.testAddPartialConverter1,0.022590361445783132,0.01613425811832341,0.008718395815170008,0.04840277435497023,0.013795217657878604,0.014987687590410007,0.005703724548210954,3.8930722891566263,1.8966427813590656,0.3121185701830863,5.689928344077197,0.7256372922613377,1.217364360802868,1.4906501633842624,"[""TestConverterManager"", ""Object"", ""PartialConverter"", ""ConverterManager"", ""TestConverterManager$10""]","[0.022590361445783132, 0.017094017094017096, 0.008718395815170008]","[3.8930722891566263, 1.4847374847374848, 0.3121185701830863]"
org.joda.time.convert.TestConverterManager.testAddPartialConverter2,0.022590361445783132,0.01613425811832341,0.008718395815170008,0.04840277435497023,0.013795217657878604,0.014987687590410007,0.005703724548210954,3.8930722891566263,1.8966427813590656,0.3121185701830863,5.689928344077197,0.7256372922613377,1.217364360802868,1.4906501633842624,"[""TestConverterManager"", ""TestConverterManager$11"", ""Object"", ""PartialConverter"", ""ConverterManager""]","[0.022590361445783132, 0.017094017094017096, 0.008718395815170008]","[3.8930722891566263, 1.4847374847374848, 0.3121185701830863]"
org.joda.time.TestInstant_Constructors.test_now,0.019464720194647202,0.016090701834135364,0.013600572655690766,0.04827210550240609,0.015734707313740402,0.015907961032103807,0.002474267791259174,1.0048661800486618,0.7754856165540688,0.6020042949176807,2.3264568496622062,0.7414799618740707,0.7578738407840283,0.16915075830564782,"[""TestInstant_Constructors"", ""ISOChronology"", ""Instant""]","[0.019464720194647202, 0.015206812652068127, 0.013600572655690766]","[1.0048661800486618, 0.7195863746958637, 0.6020042949176807]"
org.joda.time.TestInstant_Constructors.testConstructor,0.019464720194647202,0.016090701834135364,0.013600572655690766,0.04827210550240609,0.015734707313740402,0.015907961032103807,0.002474267791259174,1.0048661800486618,0.7754856165540688,0.6020042949176807,2.3264568496622062,0.7414799618740707,0.7578738407840283,0.16915075830564782,"[""TestInstant_Constructors"", ""ISOChronology"", ""Instant""]","[0.019464720194647202, 0.015206812652068127, 0.013600572655690766]","[1.0048661800486618, 0.7195863746958637, 0.6020042949176807]"
org.joda.time.TestInstant_Constructors.testConstructor_long1,0.019464720194647202,0.016090701834135364,0.013600572655690766,0.04827210550240609,0.015734707313740402,0.015907961032103807,0.002474267791259174,1.0048661800486618,0.7754856165540688,0.6020042949176807,2.3264568496622062,0.7414799618740707,0.7578738407840283,0.16915075830564782,"[""TestInstant_Constructors"", ""ISOChronology"", ""Instant""]","[0.019464720194647202, 0.015206812652068127, 0.013600572655690766]","[1.0048661800486618, 0.7195863746958637, 0.6020042949176807]"
org.joda.time.TestInstant_Constructors.testConstructor_long2,0.019464720194647202,0.016090701834135364,0.013600572655690766,0.04827210550240609,0.015734707313740402,0.015907961032103807,0.002474267791259174,1.0048661800486618,0.7754856165540688,0.6020042949176807,2.3264568496622062,0.7414799618740707,0.7578738407840283,0.16915075830564782,"[""TestInstant_Constructors"", ""ISOChronology"", ""Instant""]","[0.019464720194647202, 0.015206812652068127, 0.013600572655690766]","[1.0048661800486618, 0.7195863746958637, 0.6020042949176807]"
org.joda.time.TestInstant_Constructors.testConstructor_nullObject,0.019464720194647202,0.016090701834135364,0.013600572655690766,0.04827210550240609,0.015734707313740402,0.015907961032103807,0.002474267791259174,1.0048661800486618,0.7754856165540688,0.6020042949176807,2.3264568496622062,0.7414799618740707,0.7578738407840283,0.16915075830564782,"[""TestInstant_Constructors"", ""ISOChronology"", ""Instant""]","[0.019464720194647202, 0.015206812652068127, 0.013600572655690766]","[1.0048661800486618, 0.7195863746958637, 0.6020042949176807]"
org.joda.time.convert.TestConverterManager.testAddInstantConverter2,0.022590361445783132,0.016077129028936255,0.008547008547008548,0.04823138708680877,0.01365084180191112,0.014888827009269367,0.005778090005215565,3.8930722891566263,1.8768523422137877,0.25274725274725274,5.630557026641363,0.613885096997084,1.1346873024402895,1.511799620489319,"[""TestConverterManager"", ""TestConverterManager$6"", ""Object"", ""ConverterManager"", ""InstantConverter""]","[0.022590361445783132, 0.017094017094017096, 0.008547008547008548]","[3.8930722891566263, 1.4847374847374848, 0.25274725274725274]"
org.joda.time.convert.TestConverterManager.testAddInstantConverter1,0.022590361445783132,0.016077129028936255,0.008547008547008548,0.04823138708680877,0.01365084180191112,0.014888827009269367,0.005778090005215565,3.8930722891566263,1.8768523422137877,0.25274725274725274,5.630557026641363,0.613885096997084,1.1346873024402895,1.511799620489319,"[""TestConverterManager"", ""Object"", ""ConverterManager"", ""TestConverterManager$5"", ""InstantConverter""]","[0.022590361445783132, 0.017094017094017096, 0.008547008547008548]","[3.8930722891566263, 1.4847374847374848, 0.25274725274725274]"
org.joda.time.chrono.TestBuddhistChronology.testDateFields,0.016423357664233577,0.016017842660178427,0.015206812652068127,0.048053527980535284,0.015996776945682054,0.01600739637707773,0.000573484818480574,1.8953771289537713,1.4288321167883211,1.1368613138686132,4.286496350364963,1.3608537616908822,1.3929322404547113,0.3333603419063797,"[""TestBuddhistChronology"", ""DateTimeField"", ""BuddhistChronology""]","[0.016423357664233577, 0.016423357664233577, 0.015206812652068127]","[1.1368613138686132, 1.8953771289537713, 1.254257907542579]"
org.joda.time.chrono.TestBuddhistChronology.testTimeFields,0.016423357664233577,0.016017842660178427,0.015206812652068127,0.048053527980535284,0.015996776945682054,0.01600739637707773,0.000573484818480574,1.8953771289537713,1.4288321167883211,1.1368613138686132,4.286496350364963,1.3608537616908822,1.3929322404547113,0.3333603419063797,"[""TestBuddhistChronology"", ""DateTimeField"", ""BuddhistChronology""]","[0.016423357664233577, 0.016423357664233577, 0.015206812652068127]","[1.1368613138686132, 1.8953771289537713, 1.254257907542579]"
org.joda.time.TestInterval_Constructors.testConstructor_RI_RP5,0.023901310717039322,0.023810830140042757,0.02372034956304619,0.047621660280085513,0.02381048631604479,0.023810658227423166,9.048057699656553e-05,2.87201233616037,2.2453070419878003,1.618601747815231,4.490614083975601,2.070382402105938,2.1560714707671638,0.6267052941725695,"[""TestInterval_Constructors"", ""Interval""]","[0.023901310717039322, 0.02372034956304619]","[2.87201233616037, 1.618601747815231]"
org.joda.time.TestInterval_Constructors.testConstructor_RI_RI3,0.023901310717039322,0.023810830140042757,0.02372034956304619,0.047621660280085513,0.02381048631604479,0.023810658227423166,9.048057699656553e-05,2.87201233616037,2.2453070419878003,1.618601747815231,4.490614083975601,2.070382402105938,2.1560714707671638,0.6267052941725695,"[""TestInterval_Constructors"", ""Interval""]","[0.023901310717039322, 0.02372034956304619]","[2.87201233616037, 1.618601747815231]"
org.joda.time.TestInterval_Constructors.testConstructor_RD_RI2,0.023901310717039322,0.023810830140042757,0.02372034956304619,0.047621660280085513,0.02381048631604479,0.023810658227423166,9.048057699656553e-05,2.87201233616037,2.2453070419878003,1.618601747815231,4.490614083975601,2.070382402105938,2.1560714707671638,0.6267052941725695,"[""TestInterval_Constructors"", ""Interval""]","[0.023901310717039322, 0.02372034956304619]","[2.87201233616037, 1.618601747815231]"
org.joda.time.TestInterval_Constructors.testConstructor_RP_RI5,0.023901310717039322,0.023810830140042757,0.02372034956304619,0.047621660280085513,0.02381048631604479,0.023810658227423166,9.048057699656553e-05,2.87201233616037,2.2453070419878003,1.618601747815231,4.490614083975601,2.070382402105938,2.1560714707671638,0.6267052941725695,"[""TestInterval_Constructors"", ""Interval""]","[0.023901310717039322, 0.02372034956304619]","[2.87201233616037, 1.618601747815231]"
org.joda.time.TestInterval_Constructors.testConstructor_RI_RD2,0.023901310717039322,0.023810830140042757,0.02372034956304619,0.047621660280085513,0.02381048631604479,0.023810658227423166,9.048057699656553e-05,2.87201233616037,2.2453070419878003,1.618601747815231,4.490614083975601,2.070382402105938,2.1560714707671638,0.6267052941725695,"[""TestInterval_Constructors"", ""Interval""]","[0.023901310717039322, 0.02372034956304619]","[2.87201233616037, 1.618601747815231]"
org.joda.time.chrono.TestISOChronology.testTimeFields,0.016423357664233577,0.0158682037369568,0.015206812652068127,0.047604611210870396,0.015852140626100845,0.0158601979861651,0.0005023014977078006,1.8953771289537713,1.417447898447642,0.7195863746958637,4.252343695342926,1.1867002094524017,1.3071016607940709,0.504578130493724,"[""TestISOChronology"", ""DateTimeField"", ""ISOChronology""]","[0.016423357664233577, 0.01597444089456869, 0.015206812652068127]","[1.8953771289537713, 1.6373801916932906, 0.7195863746958637]"
org.joda.time.chrono.TestISOChronology.testDateFields,0.016423357664233577,0.0158682037369568,0.015206812652068127,0.047604611210870396,0.015852140626100845,0.0158601979861651,0.0005023014977078006,1.8953771289537713,1.417447898447642,0.7195863746958637,4.252343695342926,1.1867002094524017,1.3071016607940709,0.504578130493724,"[""TestISOChronology"", ""DateTimeField"", ""ISOChronology""]","[0.016423357664233577, 0.01597444089456869, 0.015206812652068127]","[1.8953771289537713, 1.6373801916932906, 0.7195863746958637]"
org.joda.time.TestDateTimeComparator.testStaticGetDateOnlyInstance,0.017691659646166806,0.015629579979379204,0.013990267639902677,0.04688873993813761,0.015482906401182729,0.015555271585289831,0.001540373300164674,3.1648418491484187,2.06537229830326,0.7962287104622872,6.19611689490978,1.4856559014612338,1.7792028231618635,0.974396910679279,"[""DateTimeFieldType"", ""DateTimeComparator"", ""TestDateTimeComparator""]","[0.017691659646166806, 0.015206812652068127, 0.013990267639902677]","[2.2350463352990735, 3.1648418491484187, 0.7962287104622872]"
org.joda.time.TestDateTimeComparator.testStaticGetInstanceLower,0.017691659646166806,0.015629579979379204,0.013990267639902677,0.04688873993813761,0.015482906401182729,0.015555271585289831,0.001540373300164674,3.1648418491484187,2.06537229830326,0.7962287104622872,6.19611689490978,1.4856559014612338,1.7792028231618635,0.974396910679279,"[""DateTimeFieldType"", ""TestDateTimeComparator"", ""DateTimeComparator""]","[0.017691659646166806, 0.015206812652068127, 0.013990267639902677]","[2.2350463352990735, 3.1648418491484187, 0.7962287104622872]"
org.joda.time.TestDateTimeComparator.testStaticGetInstanceLowerUpper,0.017691659646166806,0.015629579979379204,0.013990267639902677,0.04688873993813761,0.015482906401182729,0.015555271585289831,0.001540373300164674,3.1648418491484187,2.06537229830326,0.7962287104622872,6.19611689490978,1.4856559014612338,1.7792028231618635,0.974396910679279,"[""DateTimeFieldType"", ""TestDateTimeComparator"", ""DateTimeComparator""]","[0.017691659646166806, 0.015206812652068127, 0.013990267639902677]","[2.2350463352990735, 3.1648418491484187, 0.7962287104622872]"
org.joda.time.TestDateTimeComparator.testStaticGetTimeOnlyInstance,0.017691659646166806,0.015629579979379204,0.013990267639902677,0.04688873993813761,0.015482906401182729,0.015555271585289831,0.001540373300164674,3.1648418491484187,2.06537229830326,0.7962287104622872,6.19611689490978,1.4856559014612338,1.7792028231618635,0.974396910679279,"[""DateTimeFieldType"", ""DateTimeComparator"", ""TestDateTimeComparator""]","[0.017691659646166806, 0.015206812652068127, 0.013990267639902677]","[2.2350463352990735, 3.1648418491484187, 0.7962287104622872]"
org.joda.time.chrono.TestGJChronology.testFactory,0.023722627737226276,0.023418491484184914,0.023114355231143552,0.04683698296836983,0.023414541662716844,0.02341651649017051,0.00030413625304136216,2.911192214111922,2.6572384428223845,2.403284671532847,5.314476885644769,2.632967938183863,2.645075353191465,0.25395377128953767,"[""TestGJChronology"", ""Object"", ""GJChronology""]","[0.023722627737226276, 0.023114355231143552]","[2.403284671532847, 2.911192214111922]"
org.joda.time.chrono.TestGJChronology.testFactory_Zone,0.023722627737226276,0.023418491484184914,0.023114355231143552,0.04683698296836983,0.023414541662716844,0.02341651649017051,0.00030413625304136216,2.911192214111922,2.6572384428223845,2.403284671532847,5.314476885644769,2.632967938183863,2.645075353191465,0.25395377128953767,"[""TestGJChronology"", ""Object"", ""GJChronology""]","[0.023722627737226276, 0.023114355231143552]","[2.403284671532847, 2.911192214111922]"
org.joda.time.chrono.TestGJChronology.testToString,0.023722627737226276,0.023418491484184914,0.023114355231143552,0.04683698296836983,0.023414541662716844,0.02341651649017051,0.00030413625304136216,2.911192214111922,2.6572384428223845,2.403284671532847,5.314476885644769,2.632967938183863,2.645075353191465,0.25395377128953767,"[""TestGJChronology"", ""GJChronology""]","[0.023722627737226276, 0.023114355231143552]","[2.403284671532847, 2.911192214111922]"
org.joda.time.chrono.TestGJChronology.testWithUTC,0.023722627737226276,0.023418491484184914,0.023114355231143552,0.04683698296836983,0.023414541662716844,0.02341651649017051,0.00030413625304136216,2.911192214111922,2.6572384428223845,2.403284671532847,5.314476885644769,2.632967938183863,2.645075353191465,0.25395377128953767,"[""TestGJChronology"", ""GJChronology""]","[0.023722627737226276, 0.023114355231143552]","[2.403284671532847, 2.911192214111922]"
org.joda.time.chrono.TestGJChronology.testFactoryUTC,0.023722627737226276,0.023418491484184914,0.023114355231143552,0.04683698296836983,0.023414541662716844,0.02341651649017051,0.00030413625304136216,2.911192214111922,2.6572384428223845,2.403284671532847,5.314476885644769,2.632967938183863,2.645075353191465,0.25395377128953767,"[""TestGJChronology"", ""Object"", ""GJChronology""]","[0.023722627737226276, 0.023114355231143552]","[2.403284671532847, 2.911192214111922]"
org.joda.time.chrono.TestGJChronology.testWithZone,0.023722627737226276,0.023418491484184914,0.023114355231143552,0.04683698296836983,0.023414541662716844,0.02341651649017051,0.00030413625304136216,2.911192214111922,2.6572384428223845,2.403284671532847,5.314476885644769,2.632967938183863,2.645075353191465,0.25395377128953767,"[""TestGJChronology"", ""GJChronology""]","[0.023722627737226276, 0.023114355231143552]","[2.403284671532847, 2.911192214111922]"
org.joda.time.chrono.TestGJChronology.testEquality,0.023722627737226276,0.023418491484184914,0.023114355231143552,0.04683698296836983,0.023414541662716844,0.02341651649017051,0.00030413625304136216,2.911192214111922,2.6572384428223845,2.403284671532847,5.314476885644769,2.632967938183863,2.645075353191465,0.25395377128953767,"[""TestGJChronology"", ""GJChronology""]","[0.023722627737226276, 0.023114355231143552]","[2.403284671532847, 2.911192214111922]"
org.joda.time.convert.TestConverterManager.testAddPeriodConverter2,0.022590361445783132,0.015559128510935738,0.006993006993006993,0.04667738553280722,0.012206700122067001,0.013925488064181129,0.006459426120187408,3.8930722891566263,1.84906531442676,0.16938616938616938,5.54719594328028,0.43897796569035463,0.9929789208670653,1.5418626517424443,"[""TestConverterManager"", ""PeriodConverter"", ""Object"", ""ConverterManager"", ""TestConverterManager$17""]","[0.022590361445783132, 0.017094017094017096, 0.006993006993006993]","[3.8930722891566263, 1.4847374847374848, 0.16938616938616938]"
org.joda.time.convert.TestConverterManager.testAddPeriodConverter1,0.022590361445783132,0.015559128510935738,0.006993006993006993,0.04667738553280722,0.012206700122067001,0.013925488064181129,0.006459426120187408,3.8930722891566263,1.84906531442676,0.16938616938616938,5.54719594328028,0.43897796569035463,0.9929789208670653,1.5418626517424443,"[""TestConverterManager"", ""PeriodConverter"", ""Object"", ""ConverterManager"", ""TestConverterManager$16""]","[0.022590361445783132, 0.017094017094017096, 0.006993006993006993]","[3.8930722891566263, 1.4847374847374848, 0.16938616938616938]"
org.joda.time.convert.TestConverterManager.testAddIntervalConverter2,0.022590361445783132,0.015528418944467076,0.006900878293601004,0.04658525683340123,0.012112610573452583,0.013864064192976483,0.006500168898834222,3.8930722891566263,1.8448826389768325,0.15683814303638646,5.534647916930497,0.4105996983003454,0.9678274693023725,1.5464237879163378,"[""TestConverterManager"", ""TestConverterManager$20"", ""Object"", ""IntervalConverter"", ""ConverterManager""]","[0.022590361445783132, 0.017094017094017096, 0.006900878293601004]","[3.8930722891566263, 1.4847374847374848, 0.15683814303638646]"
org.joda.time.convert.TestConverterManager.testAddIntervalConverter1,0.022590361445783132,0.015528418944467076,0.006900878293601004,0.04658525683340123,0.012112610573452583,0.013864064192976483,0.006500168898834222,3.8930722891566263,1.8448826389768325,0.15683814303638646,5.534647916930497,0.4105996983003454,0.9678274693023725,1.5464237879163378,"[""TestConverterManager"", ""Object"", ""IntervalConverter"", ""TestConverterManager$19"", ""ConverterManager""]","[0.022590361445783132, 0.017094017094017096, 0.006900878293601004]","[3.8930722891566263, 1.4847374847374848, 0.15683814303638646]"
org.joda.time.format.TestISODateTimeFormatParsing.test_dateOptionalTimeParser,0.023411371237458192,0.023262863234300872,0.023114355231143552,0.046525726468601744,0.023261915172715347,0.02326238919867831,0.0001485080031573202,6.501672240802676,5.451566047408637,4.401459854014599,10.903132094817273,5.249289672544081,5.349471875975619,1.0501061933940385,"[""TestISODateTimeFormatParsing"", ""ISODateTimeFormat""]","[0.023411371237458192, 0.023114355231143552]","[6.501672240802676, 4.401459854014599]"
org.joda.time.format.TestISODateTimeFormatParsing.test_dateTimeParser,0.023411371237458192,0.023262863234300872,0.023114355231143552,0.046525726468601744,0.023261915172715347,0.02326238919867831,0.0001485080031573202,6.501672240802676,5.451566047408637,4.401459854014599,10.903132094817273,5.249289672544081,5.349471875975619,1.0501061933940385,"[""TestISODateTimeFormatParsing"", ""ISODateTimeFormat""]","[0.023411371237458192, 0.023114355231143552]","[6.501672240802676, 4.401459854014599]"
org.joda.time.format.TestISODateTimeFormatParsing.test_dateParser,0.023411371237458192,0.023262863234300872,0.023114355231143552,0.046525726468601744,0.023261915172715347,0.02326238919867831,0.0001485080031573202,6.501672240802676,5.451566047408637,4.401459854014599,10.903132094817273,5.249289672544081,5.349471875975619,1.0501061933940385,"[""TestISODateTimeFormatParsing"", ""ISODateTimeFormat""]","[0.023411371237458192, 0.023114355231143552]","[6.501672240802676, 4.401459854014599]"
org.joda.time.TestStringConvert.testMinutes,0.023423423423423424,0.023011146739960298,0.022598870056497175,0.046022293479920595,0.0230037602300376,0.0230074531885704,0.00041227668346312425,2.637837837837838,1.9234386929302185,1.2090395480225988,3.846877385860437,1.6580982169791847,1.7858472127302405,0.7143991449076196,"[""StringConvert"", ""TestStringConvert"", ""Minutes""]","[0.023423423423423424, 0.022598870056497175]","[2.637837837837838, 1.2090395480225988]"
org.joda.time.TestStringConvert.testDays,0.023423423423423424,0.023011146739960298,0.022598870056497175,0.046022293479920595,0.0230037602300376,0.0230074531885704,0.00041227668346312425,2.745945945945946,1.9774927469842725,1.2090395480225988,3.954985493968545,1.6788720213735269,1.8220749834682914,0.7684531989616735,"[""Days"", ""TestStringConvert"", ""StringConvert""]","[0.023423423423423424, 0.022598870056497175]","[2.745945945945946, 1.2090395480225988]"
org.joda.time.TestStringConvert.testHours,0.023423423423423424,0.023011146739960298,0.022598870056497175,0.046022293479920595,0.0230037602300376,0.0230074531885704,0.00041227668346312425,2.744144144144144,1.9765918460833714,1.2090395480225988,3.9531836921667427,1.6785351018821086,1.821477091743099,0.7675522980607726,"[""StringConvert"", ""Hours"", ""TestStringConvert""]","[0.023423423423423424, 0.022598870056497175]","[2.744144144144144, 1.2090395480225988]"
org.joda.time.TestStringConvert.testWeeks,0.023423423423423424,0.023011146739960298,0.022598870056497175,0.046022293479920595,0.0230037602300376,0.0230074531885704,0.00041227668346312425,2.67027027027027,1.9396549091464346,1.2090395480225988,3.879309818292869,1.664451931857543,1.7967922419316458,0.7306153611238355,"[""StringConvert"", ""TestStringConvert"", ""Weeks""]","[0.023423423423423424, 0.022598870056497175]","[2.67027027027027, 1.2090395480225988]"
org.joda.time.TestStringConvert.testSeconds,0.023423423423423424,0.023011146739960298,0.022598870056497175,0.046022293479920595,0.0230037602300376,0.0230074531885704,0.00041227668346312425,2.637837837837838,1.9234386929302185,1.2090395480225988,3.846877385860437,1.6580982169791847,1.7858472127302405,0.7143991449076196,"[""StringConvert"", ""Seconds"", ""TestStringConvert""]","[0.023423423423423424, 0.022598870056497175]","[2.637837837837838, 1.2090395480225988]"
org.joda.time.TestStringConvert.testMonths,0.023423423423423424,0.023011146739960298,0.022598870056497175,0.046022293479920595,0.0230037602300376,0.0230074531885704,0.00041227668346312425,2.2414414414414416,1.7252404947320201,1.2090395480225988,3.4504809894640402,1.5707904814165767,1.6462051352366396,0.5162009467094214,"[""StringConvert"", ""TestStringConvert"", ""Months""]","[0.023423423423423424, 0.022598870056497175]","[2.2414414414414416, 1.2090395480225988]"
org.joda.time.TestStringConvert.testYears,0.023423423423423424,0.023011146739960298,0.022598870056497175,0.046022293479920595,0.0230037602300376,0.0230074531885704,0.00041227668346312425,2.0504504504504504,1.6297449992365247,1.2090395480225988,3.2594899984730494,1.5211432997289158,1.5745080774182605,0.4207054512139258,"[""StringConvert"", ""Years"", ""TestStringConvert""]","[0.023423423423423424, 0.022598870056497175]","[2.0504504504504504, 1.2090395480225988]"
org.joda.time.TestPeriod_Basics.testTest,0.026336173508907823,0.022900446851777514,0.019464720194647202,0.04580089370355503,0.02238498888980331,0.02264125103320421,0.0034357266571303103,6.344694035631294,3.674780107839978,1.0048661800486618,7.349560215679956,1.7349523704997634,2.524988803769701,2.669913927791316,"[""TestPeriod_Basics"", ""Instant""]","[0.026336173508907823, 0.019464720194647202]","[6.344694035631294, 1.0048661800486618]"
org.joda.time.TestDateTimeUtils.testTest,0.02625656414103526,0.02286064216784123,0.019464720194647202,0.04572128433568246,0.02235618188350832,0.022607004982484052,0.0033959219731940285,2.0375093773443362,1.5211877786964991,1.0048661800486618,3.0423755573929983,1.3459378871553662,1.4308823378689566,0.5163215986478372,"[""TestDateTimeUtils"", ""Instant""]","[0.02625656414103526, 0.019464720194647202]","[2.0375093773443362, 1.0048661800486618]"
org.joda.time.TestDateMidnight_Basics.testTest,0.026200873362445413,0.022832796778546306,0.019464720194647202,0.04566559355709261,0.022335970218706373,0.022583017266419144,0.0033680765838991055,3.7743813682678313,2.3896237741582467,1.0048661800486618,4.779247548316493,1.5871737754677075,1.9474979300574717,1.3847575941095847,"[""TestDateMidnight_Basics"", ""Instant""]","[0.026200873362445413, 0.019464720194647202]","[3.7743813682678313, 1.0048661800486618]"
org.joda.time.format.TestPeriodFormatter.testParseInto_simple,0.021756021756021756,0.01514143112503768,0.009324009324009324,0.04542429337511304,0.013457225248317847,0.014276446884033926,0.005106554081767054,3.2222222222222223,1.7982924028005998,1.055327868852459,5.394877208401799,1.3934623555468535,1.5604184555813,1.0071885208114144,"[""MutablePeriod"", ""PeriodFormatter"", ""TestPeriodFormatter""]","[0.021756021756021756, 0.014344262295081968, 0.009324009324009324]","[3.2222222222222223, 1.055327868852459, 1.1173271173271173]"
org.joda.time.format.TestPeriodFormatter.testParseMutablePeriod_simple,0.021756021756021756,0.01514143112503768,0.009324009324009324,0.04542429337511304,0.013457225248317847,0.014276446884033926,0.005106554081767054,3.2222222222222223,1.7982924028005998,1.055327868852459,5.394877208401799,1.3934623555468535,1.5604184555813,1.0071885208114144,"[""MutablePeriod"", ""PeriodFormatter"", ""TestPeriodFormatter""]","[0.021756021756021756, 0.014344262295081968, 0.009324009324009324]","[3.2222222222222223, 1.055327868852459, 1.1173271173271173]"
org.joda.time.TestDateMidnight_Constructors.testConstructor_invalidObject_DateTimeZone,0.03345454545454545,0.022545454545454542,0.011636363636363636,0.045090909090909084,0.017266862170087976,0.01973041449636441,0.010909090909090908,4.0378181818181815,2.905818181818182,1.7738181818181817,5.811636363636364,2.4648325730082705,2.676257705413498,1.132,"[""TestDateMidnight_Constructors"", ""DateMidnight"", ""Object""]","[0.03345454545454545, 0.011636363636363636]","[4.0378181818181815, 1.7738181818181817]"
org.joda.time.TestDateMidnight_Constructors.test_now_nullDateTimeZone,0.03345454545454545,0.022545454545454542,0.011636363636363636,0.045090909090909084,0.017266862170087976,0.01973041449636441,0.010909090909090908,4.0378181818181815,2.905818181818182,1.7738181818181817,5.811636363636364,2.4648325730082705,2.676257705413498,1.132,"[""TestDateMidnight_Constructors"", ""DateMidnight""]","[0.03345454545454545, 0.011636363636363636]","[4.0378181818181815, 1.7738181818181817]"
org.joda.time.TestDateMidnight_Constructors.test_now_nullChronology,0.03345454545454545,0.022545454545454542,0.011636363636363636,0.045090909090909084,0.017266862170087976,0.01973041449636441,0.010909090909090908,4.0378181818181815,2.905818181818182,1.7738181818181817,5.811636363636364,2.4648325730082705,2.676257705413498,1.132,"[""TestDateMidnight_Constructors"", ""DateMidnight""]","[0.03345454545454545, 0.011636363636363636]","[4.0378181818181815, 1.7738181818181817]"
org.joda.time.TestDateMidnight_Constructors.testConstructor_invalidObject,0.03345454545454545,0.022545454545454542,0.011636363636363636,0.045090909090909084,0.017266862170087976,0.01973041449636441,0.010909090909090908,4.0378181818181815,2.905818181818182,1.7738181818181817,5.811636363636364,2.4648325730082705,2.676257705413498,1.132,"[""TestDateMidnight_Constructors"", ""DateMidnight"", ""Object""]","[0.03345454545454545, 0.011636363636363636]","[4.0378181818181815, 1.7738181818181817]"
org.joda.time.format.TestPeriodFormatter.testWithGetParseTypeMethods,0.02096273291925466,0.014877001512781984,0.009324009324009324,0.04463100453834595,0.013353037109432496,0.014100773592002798,0.004766398363347798,3.9332298136645965,2.0352949332813908,1.055327868852459,6.105884799844173,1.430744906609846,1.667653001794668,1.3422812880401944,"[""PeriodType"", ""PeriodFormatter"", ""TestPeriodFormatter""]","[0.02096273291925466, 0.014344262295081968, 0.009324009324009324]","[3.9332298136645965, 1.055327868852459, 1.1173271173271173]"
org.joda.time.TestDateTimeComparator.testSerialization2,0.015206812652068127,0.011116063966122471,0.007633587786259542,0.044464255864489884,0.010019079812861013,0.01055189368235936,0.0035089368851748794,3.1648418491484187,1.040840158986646,0.09541984732824428,4.163360635946584,0.18683700629616695,0.4003790325673221,1.2587034337325576,"[""ByteArrayOutputStream"", ""ObjectInputStream"", ""DateTimeComparator"", ""TestDateTimeComparator"", ""ObjectOutputStream"", ""ByteArrayInputStream""]","[0.015206812652068127, 0.013990267639902677, 0.007633587786259542, 0.007633587786259542]","[3.1648418491484187, 0.7962287104622872, 0.09541984732824428, 0.10687022900763359]"
org.joda.time.TestStringConvert.testMutablePeriod,0.022598870056497175,0.022177445906259467,0.021756021756021756,0.044354891812518935,0.022169437846397463,0.022173441514809128,0.00042142415023770953,3.2222222222222223,2.2156308851224105,1.2090395480225988,4.431261770244821,1.7583227085989515,1.9737766082269619,1.0065913370998116,"[""StringConvert"", ""MutablePeriod"", ""TestStringConvert""]","[0.022598870056497175, 0.021756021756021756]","[1.2090395480225988, 3.2222222222222223]"
org.joda.time.TestStringConvert.testDuration,0.022598870056497175,0.021677945406758964,0.020757020757020756,0.04335589081351793,0.02163882259347653,0.021658375166386024,0.0009209246497382095,1.6178266178266179,1.4134330829246085,1.2090395480225988,2.826866165849217,1.383876171023766,1.3985765487795168,0.2043935349020095,"[""StringConvert"", ""TestStringConvert"", ""Duration""]","[0.022598870056497175, 0.020757020757020756]","[1.2090395480225988, 1.6178266178266179]"
org.joda.time.format.TestPeriodFormat.test_getDefault_checkRedundantSeparator,0.020477815699658702,0.014336946077560411,0.009324009324009324,0.04301083823268123,0.012942793697789999,0.013611904743073559,0.004622843539304282,1.316268486916951,0.966339689889178,0.4654234654234654,2.899019069667534,0.7887892151044915,0.8813012095387396,0.3633934645195735,"[""Object"", ""PeriodFormat"", ""TestPeriodFormat"", ""PeriodFormatter""]","[0.020477815699658702, 0.01320901320901321, 0.009324009324009324]","[1.316268486916951, 0.4654234654234654, 1.1173271173271173]"
org.joda.time.format.TestPeriodFormat.test_wordBased_ja_checkRedundantSeparator,0.020477815699658702,0.014336946077560411,0.009324009324009324,0.04301083823268123,0.012942793697789999,0.013611904743073559,0.004622843539304282,1.316268486916951,0.966339689889178,0.4654234654234654,2.899019069667534,0.7887892151044915,0.8813012095387396,0.3633934645195735,"[""Object"", ""PeriodFormat"", ""TestPeriodFormat"", ""PeriodFormatter""]","[0.020477815699658702, 0.01320901320901321, 0.009324009324009324]","[1.316268486916951, 0.4654234654234654, 1.1173271173271173]"
org.joda.time.TestMutablePeriod_Updates.testSetDays,0.021756021756021756,0.021335020947724277,0.020914020139426802,0.042670041895448554,0.02132671340113122,0.02133086676999429,0.00042100080829747706,5.986057319907049,4.604139771064636,3.2222222222222223,9.208279542129272,4.189361722014001,4.391856887433889,1.3819175488424134,"[""MutablePeriod"", ""TestMutablePeriod_Updates""]","[0.021756021756021756, 0.020914020139426802]","[3.2222222222222223, 5.986057319907049]"
org.joda.time.TestMutablePeriod_Updates.testSetMillis,0.021756021756021756,0.021335020947724277,0.020914020139426802,0.042670041895448554,0.02132671340113122,0.02133086676999429,0.00042100080829747706,5.986057319907049,4.604139771064636,3.2222222222222223,9.208279542129272,4.189361722014001,4.391856887433889,1.3819175488424134,"[""MutablePeriod"", ""TestMutablePeriod_Updates""]","[0.021756021756021756, 0.020914020139426802]","[3.2222222222222223, 5.986057319907049]"
org.joda.time.TestMutablePeriod_Updates.testAddMillis,0.021756021756021756,0.021335020947724277,0.020914020139426802,0.042670041895448554,0.02132671340113122,0.02133086676999429,0.00042100080829747706,5.986057319907049,4.604139771064636,3.2222222222222223,9.208279542129272,4.189361722014001,4.391856887433889,1.3819175488424134,"[""MutablePeriod"", ""TestMutablePeriod_Updates""]","[0.021756021756021756, 0.020914020139426802]","[3.2222222222222223, 5.986057319907049]"
org.joda.time.TestMutablePeriod_Updates.testSetPeriod_long1,0.021756021756021756,0.021335020947724277,0.020914020139426802,0.042670041895448554,0.02132671340113122,0.02133086676999429,0.00042100080829747706,5.986057319907049,4.604139771064636,3.2222222222222223,9.208279542129272,4.189361722014001,4.391856887433889,1.3819175488424134,"[""MutablePeriod"", ""TestMutablePeriod_Updates""]","[0.021756021756021756, 0.020914020139426802]","[3.2222222222222223, 5.986057319907049]"
org.joda.time.TestMutablePeriod_Updates.testSetWeeks,0.021756021756021756,0.021335020947724277,0.020914020139426802,0.042670041895448554,0.02132671340113122,0.02133086676999429,0.00042100080829747706,5.986057319907049,4.604139771064636,3.2222222222222223,9.208279542129272,4.189361722014001,4.391856887433889,1.3819175488424134,"[""MutablePeriod"", ""TestMutablePeriod_Updates""]","[0.021756021756021756, 0.020914020139426802]","[3.2222222222222223, 5.986057319907049]"
org.joda.time.TestMutablePeriod_Updates.testAddMonths,0.021756021756021756,0.021335020947724277,0.020914020139426802,0.042670041895448554,0.02132671340113122,0.02133086676999429,0.00042100080829747706,5.986057319907049,4.604139771064636,3.2222222222222223,9.208279542129272,4.189361722014001,4.391856887433889,1.3819175488424134,"[""MutablePeriod"", ""TestMutablePeriod_Updates""]","[0.021756021756021756, 0.020914020139426802]","[3.2222222222222223, 5.986057319907049]"
org.joda.time.TestMutablePeriod_Updates.testSetPeriod_8ints4,0.021756021756021756,0.021335020947724277,0.020914020139426802,0.042670041895448554,0.02132671340113122,0.02133086676999429,0.00042100080829747706,5.986057319907049,4.604139771064636,3.2222222222222223,9.208279542129272,4.189361722014001,4.391856887433889,1.3819175488424134,"[""MutablePeriod"", ""TestMutablePeriod_Updates""]","[0.021756021756021756, 0.020914020139426802]","[3.2222222222222223, 5.986057319907049]"
org.joda.time.TestMutablePeriod_Updates.testAdd_RInterval5,0.021756021756021756,0.021335020947724277,0.020914020139426802,0.042670041895448554,0.02132671340113122,0.02133086676999429,0.00042100080829747706,5.986057319907049,4.604139771064636,3.2222222222222223,9.208279542129272,4.189361722014001,4.391856887433889,1.3819175488424134,"[""MutablePeriod"", ""TestMutablePeriod_Updates""]","[0.021756021756021756, 0.020914020139426802]","[3.2222222222222223, 5.986057319907049]"
org.joda.time.TestMutablePeriod_Updates.testAddSeconds,0.021756021756021756,0.021335020947724277,0.020914020139426802,0.042670041895448554,0.02132671340113122,0.02133086676999429,0.00042100080829747706,5.986057319907049,4.604139771064636,3.2222222222222223,9.208279542129272,4.189361722014001,4.391856887433889,1.3819175488424134,"[""MutablePeriod"", ""TestMutablePeriod_Updates""]","[0.021756021756021756, 0.020914020139426802]","[3.2222222222222223, 5.986057319907049]"
org.joda.time.TestMutablePeriod_Updates.testMergePeriod_RP5,0.021756021756021756,0.021335020947724277,0.020914020139426802,0.042670041895448554,0.02132671340113122,0.02133086676999429,0.00042100080829747706,5.986057319907049,4.604139771064636,3.2222222222222223,9.208279542129272,4.189361722014001,4.391856887433889,1.3819175488424134,"[""MutablePeriod"", ""TestMutablePeriod_Updates""]","[0.021756021756021756, 0.020914020139426802]","[3.2222222222222223, 5.986057319907049]"
org.joda.time.TestMutablePeriod_Updates.testSetPeriod_RD3,0.021756021756021756,0.021335020947724277,0.020914020139426802,0.042670041895448554,0.02132671340113122,0.02133086676999429,0.00042100080829747706,5.986057319907049,4.604139771064636,3.2222222222222223,9.208279542129272,4.189361722014001,4.391856887433889,1.3819175488424134,"[""MutablePeriod"", ""TestMutablePeriod_Updates""]","[0.021756021756021756, 0.020914020139426802]","[3.2222222222222223, 5.986057319907049]"
org.joda.time.TestMutablePeriod_Updates.testSetSeconds,0.021756021756021756,0.021335020947724277,0.020914020139426802,0.042670041895448554,0.02132671340113122,0.02133086676999429,0.00042100080829747706,5.986057319907049,4.604139771064636,3.2222222222222223,9.208279542129272,4.189361722014001,4.391856887433889,1.3819175488424134,"[""MutablePeriod"", ""TestMutablePeriod_Updates""]","[0.021756021756021756, 0.020914020139426802]","[3.2222222222222223, 5.986057319907049]"
org.joda.time.TestMutablePeriod_Updates.testSetPeriod_RInterval2,0.021756021756021756,0.021335020947724277,0.020914020139426802,0.042670041895448554,0.02132671340113122,0.02133086676999429,0.00042100080829747706,5.986057319907049,4.604139771064636,3.2222222222222223,9.208279542129272,4.189361722014001,4.391856887433889,1.3819175488424134,"[""MutablePeriod"", ""TestMutablePeriod_Updates""]","[0.021756021756021756, 0.020914020139426802]","[3.2222222222222223, 5.986057319907049]"
org.joda.time.TestMutablePeriod_Updates.testAddWeeks,0.021756021756021756,0.021335020947724277,0.020914020139426802,0.042670041895448554,0.02132671340113122,0.02133086676999429,0.00042100080829747706,5.986057319907049,4.604139771064636,3.2222222222222223,9.208279542129272,4.189361722014001,4.391856887433889,1.3819175488424134,"[""MutablePeriod"", ""TestMutablePeriod_Updates""]","[0.021756021756021756, 0.020914020139426802]","[3.2222222222222223, 5.986057319907049]"
org.joda.time.TestMutablePeriod_Updates.testAdd_RD3,0.021756021756021756,0.021335020947724277,0.020914020139426802,0.042670041895448554,0.02132671340113122,0.02133086676999429,0.00042100080829747706,5.986057319907049,4.604139771064636,3.2222222222222223,9.208279542129272,4.189361722014001,4.391856887433889,1.3819175488424134,"[""MutablePeriod"", ""TestMutablePeriod_Updates""]","[0.021756021756021756, 0.020914020139426802]","[3.2222222222222223, 5.986057319907049]"
org.joda.time.TestMutablePeriod_Updates.testSetHours,0.021756021756021756,0.021335020947724277,0.020914020139426802,0.042670041895448554,0.02132671340113122,0.02133086676999429,0.00042100080829747706,5.986057319907049,4.604139771064636,3.2222222222222223,9.208279542129272,4.189361722014001,4.391856887433889,1.3819175488424134,"[""MutablePeriod"", ""TestMutablePeriod_Updates""]","[0.021756021756021756, 0.020914020139426802]","[3.2222222222222223, 5.986057319907049]"
org.joda.time.TestMutablePeriod_Updates.testSetPeriod_RP4,0.021756021756021756,0.021335020947724277,0.020914020139426802,0.042670041895448554,0.02132671340113122,0.02133086676999429,0.00042100080829747706,5.986057319907049,4.604139771064636,3.2222222222222223,9.208279542129272,4.189361722014001,4.391856887433889,1.3819175488424134,"[""MutablePeriod"", ""TestMutablePeriod_Updates""]","[0.021756021756021756, 0.020914020139426802]","[3.2222222222222223, 5.986057319907049]"
org.joda.time.TestMutablePeriod_Updates.testAdd_8ints1,0.021756021756021756,0.021335020947724277,0.020914020139426802,0.042670041895448554,0.02132671340113122,0.02133086676999429,0.00042100080829747706,5.986057319907049,4.604139771064636,3.2222222222222223,9.208279542129272,4.189361722014001,4.391856887433889,1.3819175488424134,"[""MutablePeriod"", ""TestMutablePeriod_Updates""]","[0.021756021756021756, 0.020914020139426802]","[3.2222222222222223, 5.986057319907049]"
org.joda.time.TestMutablePeriod_Updates.testMergePeriod_RP4,0.021756021756021756,0.021335020947724277,0.020914020139426802,0.042670041895448554,0.02132671340113122,0.02133086676999429,0.00042100080829747706,5.986057319907049,4.604139771064636,3.2222222222222223,9.208279542129272,4.189361722014001,4.391856887433889,1.3819175488424134,"[""MutablePeriod"", ""TestMutablePeriod_Updates""]","[0.021756021756021756, 0.020914020139426802]","[3.2222222222222223, 5.986057319907049]"
org.joda.time.TestMutablePeriod_Updates.testSetMonths,0.021756021756021756,0.021335020947724277,0.020914020139426802,0.042670041895448554,0.02132671340113122,0.02133086676999429,0.00042100080829747706,5.986057319907049,4.604139771064636,3.2222222222222223,9.208279542129272,4.189361722014001,4.391856887433889,1.3819175488424134,"[""MutablePeriod"", ""TestMutablePeriod_Updates""]","[0.021756021756021756, 0.020914020139426802]","[3.2222222222222223, 5.986057319907049]"
org.joda.time.TestMutablePeriod_Updates.testAddYears,0.021756021756021756,0.021335020947724277,0.020914020139426802,0.042670041895448554,0.02132671340113122,0.02133086676999429,0.00042100080829747706,5.986057319907049,4.604139771064636,3.2222222222222223,9.208279542129272,4.189361722014001,4.391856887433889,1.3819175488424134,"[""MutablePeriod"", ""TestMutablePeriod_Updates""]","[0.021756021756021756, 0.020914020139426802]","[3.2222222222222223, 5.986057319907049]"
org.joda.time.TestMutablePeriod_Updates.testAdd_long1,0.021756021756021756,0.021335020947724277,0.020914020139426802,0.042670041895448554,0.02132671340113122,0.02133086676999429,0.00042100080829747706,5.986057319907049,4.604139771064636,3.2222222222222223,9.208279542129272,4.189361722014001,4.391856887433889,1.3819175488424134,"[""MutablePeriod"", ""TestMutablePeriod_Updates""]","[0.021756021756021756, 0.020914020139426802]","[3.2222222222222223, 5.986057319907049]"
org.joda.time.TestMutablePeriod_Updates.testSetPeriod_RP1,0.021756021756021756,0.021335020947724277,0.020914020139426802,0.042670041895448554,0.02132671340113122,0.02133086676999429,0.00042100080829747706,5.986057319907049,4.604139771064636,3.2222222222222223,9.208279542129272,4.189361722014001,4.391856887433889,1.3819175488424134,"[""MutablePeriod"", ""TestMutablePeriod_Updates""]","[0.021756021756021756, 0.020914020139426802]","[3.2222222222222223, 5.986057319907049]"
org.joda.time.TestMutablePeriod_Updates.testSetPeriod_long2,0.021756021756021756,0.021335020947724277,0.020914020139426802,0.042670041895448554,0.02132671340113122,0.02133086676999429,0.00042100080829747706,5.986057319907049,4.604139771064636,3.2222222222222223,9.208279542129272,4.189361722014001,4.391856887433889,1.3819175488424134,"[""MutablePeriod"", ""TestMutablePeriod_Updates""]","[0.021756021756021756, 0.020914020139426802]","[3.2222222222222223, 5.986057319907049]"
org.joda.time.TestMutablePeriod_Updates.testSetPeriod_8ints1,0.021756021756021756,0.021335020947724277,0.020914020139426802,0.042670041895448554,0.02132671340113122,0.02133086676999429,0.00042100080829747706,5.986057319907049,4.604139771064636,3.2222222222222223,9.208279542129272,4.189361722014001,4.391856887433889,1.3819175488424134,"[""MutablePeriod"", ""TestMutablePeriod_Updates""]","[0.021756021756021756, 0.020914020139426802]","[3.2222222222222223, 5.986057319907049]"
org.joda.time.TestMutablePeriod_Updates.testSetMinutes,0.021756021756021756,0.021335020947724277,0.020914020139426802,0.042670041895448554,0.02132671340113122,0.02133086676999429,0.00042100080829747706,5.986057319907049,4.604139771064636,3.2222222222222223,9.208279542129272,4.189361722014001,4.391856887433889,1.3819175488424134,"[""MutablePeriod"", ""TestMutablePeriod_Updates""]","[0.021756021756021756, 0.020914020139426802]","[3.2222222222222223, 5.986057319907049]"
org.joda.time.TestMutablePeriod_Updates.testAddDays,0.021756021756021756,0.021335020947724277,0.020914020139426802,0.042670041895448554,0.02132671340113122,0.02133086676999429,0.00042100080829747706,5.986057319907049,4.604139771064636,3.2222222222222223,9.208279542129272,4.189361722014001,4.391856887433889,1.3819175488424134,"[""MutablePeriod"", ""TestMutablePeriod_Updates""]","[0.021756021756021756, 0.020914020139426802]","[3.2222222222222223, 5.986057319907049]"
org.joda.time.TestMutablePeriod_Updates.testAddMinutes,0.021756021756021756,0.021335020947724277,0.020914020139426802,0.042670041895448554,0.02132671340113122,0.02133086676999429,0.00042100080829747706,5.986057319907049,4.604139771064636,3.2222222222222223,9.208279542129272,4.189361722014001,4.391856887433889,1.3819175488424134,"[""MutablePeriod"", ""TestMutablePeriod_Updates""]","[0.021756021756021756, 0.020914020139426802]","[3.2222222222222223, 5.986057319907049]"
org.joda.time.TestMutablePeriod_Updates.testAdd_long3,0.021756021756021756,0.021335020947724277,0.020914020139426802,0.042670041895448554,0.02132671340113122,0.02133086676999429,0.00042100080829747706,5.986057319907049,4.604139771064636,3.2222222222222223,9.208279542129272,4.189361722014001,4.391856887433889,1.3819175488424134,"[""MutablePeriod"", ""TestMutablePeriod_Updates""]","[0.021756021756021756, 0.020914020139426802]","[3.2222222222222223, 5.986057319907049]"
org.joda.time.TestMutablePeriod_Updates.testAdd_RP6,0.021756021756021756,0.021335020947724277,0.020914020139426802,0.042670041895448554,0.02132671340113122,0.02133086676999429,0.00042100080829747706,5.986057319907049,4.604139771064636,3.2222222222222223,9.208279542129272,4.189361722014001,4.391856887433889,1.3819175488424134,"[""MutablePeriod"", ""TestMutablePeriod_Updates""]","[0.021756021756021756, 0.020914020139426802]","[3.2222222222222223, 5.986057319907049]"
org.joda.time.TestMutablePeriod_Updates.testAddHours,0.021756021756021756,0.021335020947724277,0.020914020139426802,0.042670041895448554,0.02132671340113122,0.02133086676999429,0.00042100080829747706,5.986057319907049,4.604139771064636,3.2222222222222223,9.208279542129272,4.189361722014001,4.391856887433889,1.3819175488424134,"[""MutablePeriod"", ""TestMutablePeriod_Updates""]","[0.021756021756021756, 0.020914020139426802]","[3.2222222222222223, 5.986057319907049]"
org.joda.time.TestMutablePeriod_Updates.testSetPeriod_RP5,0.021756021756021756,0.021335020947724277,0.020914020139426802,0.042670041895448554,0.02132671340113122,0.02133086676999429,0.00042100080829747706,5.986057319907049,4.604139771064636,3.2222222222222223,9.208279542129272,4.189361722014001,4.391856887433889,1.3819175488424134,"[""MutablePeriod"", ""TestMutablePeriod_Updates""]","[0.021756021756021756, 0.020914020139426802]","[3.2222222222222223, 5.986057319907049]"
org.joda.time.convert.TestCalendarConverter.testGetChronology_Object_Chronology,0.015770609318996417,0.010659324122756775,0.007633587786259542,0.0426372964910271,0.009717709828719553,0.01016099871302699,0.0033659823827801197,0.7003584229390681,0.3368175088748839,0.14122137404580154,1.3472700354995355,0.2181772037419691,0.26711323913946583,0.22882432649576426,"[""CalendarConverter"", ""TestCalendarConverter"", ""TimeZone"", ""GregorianCalendar""]","[0.015770609318996417, 0.0115995115995116, 0.007633587786259542, 0.007633587786259542]","[0.7003584229390681, 0.36446886446886445, 0.14122137404580154, 0.14122137404580154]"
org.joda.time.TestDateTime_Properties.testTest,0.02290622763063708,0.02118547391264214,0.019464720194647202,0.04237094782528428,0.0210457086484709,0.021115475640990127,0.001720753717994938,5.667859699355763,3.3363629397022123,1.0048661800486618,6.672725879404425,1.7070806228448665,2.3865122093011344,2.3314967596535503,"[""TestDateTime_Properties"", ""Instant""]","[0.02290622763063708, 0.019464720194647202]","[5.667859699355763, 1.0048661800486618]"
org.joda.time.TestDays.testSerialization,0.02702702702702703,0.014098067533182037,0.007633587786259542,0.04229420259954611,0.010033444816053512,0.011634611737364317,0.009142154931783986,3.1495495495495494,1.1172798752951423,0.09541984732824428,3.351839625885427,0.14884903541705224,0.31786884766412477,1.437039270973654,"[""ByteArrayOutputStream"", ""ObjectInputStream"", ""TestDays"", ""ObjectOutputStream"", ""ByteArrayInputStream""]","[0.02702702702702703, 0.007633587786259542, 0.007633587786259542]","[3.1495495495495494, 0.09541984732824428, 0.10687022900763359]"
org.joda.time.TestMonths.testSerialization,0.02702702702702703,0.014098067533182037,0.007633587786259542,0.04229420259954611,0.010033444816053512,0.011634611737364317,0.009142154931783986,2.627027027027027,0.9431057011209681,0.09541984732824428,2.8293171033629045,0.1483840876893838,0.299217276804343,1.1907213644652737,"[""ByteArrayOutputStream"", ""ObjectInputStream"", ""ObjectOutputStream"", ""ByteArrayInputStream"", ""TestMonths""]","[0.02702702702702703, 0.007633587786259542, 0.007633587786259542]","[2.627027027027027, 0.09541984732824428, 0.10687022900763359]"
org.joda.time.TestIllegalFieldValueException.testOtherConstructors,0.015350877192982455,0.013996043886745788,0.013157894736842105,0.04198813166023736,0.013932081104615,0.013963564311856662,0.0009669591171257748,1.531798245614035,1.3439761647871435,1.2468407750631845,4.031928494361431,1.3317028691594008,1.3376874484614287,0.13283635788212952,"[""IllegalFieldValueException"", ""Integer"", ""TestIllegalFieldValueException"", ""DurationFieldType""]","[0.015350877192982455, 0.013479359730412805, 0.013157894736842105]","[1.2532894736842106, 1.2468407750631845, 1.531798245614035]"
org.joda.time.TestMutablePeriod_Constructors.testParse_noFormatter,0.021756021756021756,0.020947724278475632,0.020139426800929512,0.041895448556951265,0.020916534980606236,0.020932123820454302,0.0008082974775461219,3.892331525948877,3.5572768740855496,3.2222222222222223,7.114553748171099,3.5257185715668253,3.5414625706293448,0.3350546518633273,"[""MutablePeriod"", ""TestMutablePeriod_Constructors""]","[0.021756021756021756, 0.020139426800929512]","[3.2222222222222223, 3.892331525948877]"
org.joda.time.tz.TestFixedDateTimeZone.testToTimeZone1,0.020558002936857563,0.010451790624818205,0.0026666666666666666,0.04180716249927282,0.006192178688585013,0.008227393382907044,0.0065370687695237425,0.7606461086637298,0.30653499719806404,0.04933333333333333,1.2261399887922562,0.12382677494334512,0.1953732228910056,0.27417899608362045,"[""FixedDateTimeZone"", ""TestFixedDateTimeZone"", ""TimeZone"", ""Date""]","[0.020558002936857563, 0.010948905109489052, 0.007633587786259542, 0.0026666666666666666]","[0.7606461086637298, 0.2749391727493917, 0.14122137404580154, 0.04933333333333333]"
org.joda.time.tz.TestFixedDateTimeZone.testToTimeZone2,0.020558002936857563,0.010451790624818205,0.0026666666666666666,0.04180716249927282,0.006192178688585013,0.008227393382907044,0.0065370687695237425,0.7606461086637298,0.30653499719806404,0.04933333333333333,1.2261399887922562,0.12382677494334512,0.1953732228910056,0.27417899608362045,"[""FixedDateTimeZone"", ""TestFixedDateTimeZone"", ""TimeZone"", ""Date""]","[0.020558002936857563, 0.010948905109489052, 0.007633587786259542, 0.0026666666666666666]","[0.7606461086637298, 0.2749391727493917, 0.14122137404580154, 0.04933333333333333]"
org.joda.time.field.TestUnsupportedDateTimeField.testNullValuesToGetInstanceThrowsException,0.024539877300613498,0.0208169471973153,0.017094017094017096,0.0416338943946306,0.020151133501259445,0.02048133496776441,0.003722930103298201,5.451942740286299,3.459487853659633,1.467032967032967,6.918975707319266,2.311954853639722,2.828105325898605,1.992454886626666,"[""UnsupportedDateTimeField"", ""TestUnsupportedDateTimeField""]","[0.024539877300613498, 0.017094017094017096]","[5.451942740286299, 1.467032967032967]"
org.joda.time.TestDuration_Basics.testMutableDuration,0.030303030303030304,0.020783051756503086,0.011263073209975865,0.04156610351300617,0.016422287390029325,0.018474448538106557,0.00951997854652722,3.896969696969697,2.3772861356932156,0.8576025744167337,4.754572271386431,1.4058262463095006,1.8281277976512504,1.5196835612764816,"[""TestDuration_Basics"", ""BaseDuration"", ""TestDuration_Basics$MockMutableDuration""]","[0.030303030303030304, 0.011263073209975865]","[3.896969696969697, 0.8576025744167337]"
org.joda.time.TestMutableInterval_Basics.testTest,0.022029897718332022,0.020747308956489612,0.019464720194647202,0.041494617912979224,0.020668019929876363,0.02070762649373485,0.0012825887618424098,1.931549960660897,1.4682080703547795,1.0048661800486618,2.936416140709559,1.3219851257686148,1.3931795399525715,0.4633418903061176,"[""TestMutableInterval_Basics"", ""Instant""]","[0.022029897718332022, 0.019464720194647202]","[1.931549960660897, 1.0048661800486618]"
org.joda.time.TestMutableInterval_Basics.testToInterval1,0.022029897718332022,0.020690354601987482,0.019350811485642945,0.041380709203974964,0.020603629372040303,0.020646946452089202,0.0013395431163445385,1.931549960660897,1.6318174272717718,1.3320848938826466,3.2636348545435436,1.5767624989014666,1.6040537785174165,0.2997325333891252,"[""MutableInterval"", ""TestMutableInterval_Basics""]","[0.022029897718332022, 0.019350811485642945]","[1.931549960660897, 1.3320848938826466]"
org.joda.time.TestMutableInterval_Basics.testGetDuration2,0.022029897718332022,0.020690354601987482,0.019350811485642945,0.041380709203974964,0.020603629372040303,0.020646946452089202,0.0013395431163445385,1.931549960660897,1.6318174272717718,1.3320848938826466,3.2636348545435436,1.5767624989014666,1.6040537785174165,0.2997325333891252,"[""MutableInterval"", ""TestMutableInterval_Basics""]","[0.022029897718332022, 0.019350811485642945]","[1.931549960660897, 1.3320848938826466]"
org.joda.time.TestMutableInterval_Basics.testCopy,0.022029897718332022,0.020690354601987482,0.019350811485642945,0.041380709203974964,0.020603629372040303,0.020646946452089202,0.0013395431163445385,1.931549960660897,1.6318174272717718,1.3320848938826466,3.2636348545435436,1.5767624989014666,1.6040537785174165,0.2997325333891252,"[""MutableInterval"", ""TestMutableInterval_Basics""]","[0.022029897718332022, 0.019350811485642945]","[1.931549960660897, 1.3320848938826466]"
org.joda.time.TestMutableInterval_Basics.testContains_long,0.022029897718332022,0.020690354601987482,0.019350811485642945,0.041380709203974964,0.020603629372040303,0.020646946452089202,0.0013395431163445385,1.931549960660897,1.6318174272717718,1.3320848938826466,3.2636348545435436,1.5767624989014666,1.6040537785174165,0.2997325333891252,"[""MutableInterval"", ""TestMutableInterval_Basics""]","[0.022029897718332022, 0.019350811485642945]","[1.931549960660897, 1.3320848938826466]"
org.joda.time.TestMutableInterval_Basics.testIsAfter_long,0.022029897718332022,0.020690354601987482,0.019350811485642945,0.041380709203974964,0.020603629372040303,0.020646946452089202,0.0013395431163445385,1.931549960660897,1.6318174272717718,1.3320848938826466,3.2636348545435436,1.5767624989014666,1.6040537785174165,0.2997325333891252,"[""MutableInterval"", ""TestMutableInterval_Basics""]","[0.022029897718332022, 0.019350811485642945]","[1.931549960660897, 1.3320848938826466]"
org.joda.time.TestMutableInterval_Basics.testClone,0.022029897718332022,0.020690354601987482,0.019350811485642945,0.041380709203974964,0.020603629372040303,0.020646946452089202,0.0013395431163445385,1.931549960660897,1.6318174272717718,1.3320848938826466,3.2636348545435436,1.5767624989014666,1.6040537785174165,0.2997325333891252,"[""MutableInterval"", ""TestMutableInterval_Basics""]","[0.022029897718332022, 0.019350811485642945]","[1.931549960660897, 1.3320848938826466]"
org.joda.time.TestMutableInterval_Basics.testIsBefore_long,0.022029897718332022,0.020690354601987482,0.019350811485642945,0.041380709203974964,0.020603629372040303,0.020646946452089202,0.0013395431163445385,1.931549960660897,1.6318174272717718,1.3320848938826466,3.2636348545435436,1.5767624989014666,1.6040537785174165,0.2997325333891252,"[""MutableInterval"", ""TestMutableInterval_Basics""]","[0.022029897718332022, 0.019350811485642945]","[1.931549960660897, 1.3320848938826466]"
org.joda.time.TestMutableInterval_Basics.testToMutableInterval1,0.022029897718332022,0.020690354601987482,0.019350811485642945,0.041380709203974964,0.020603629372040303,0.020646946452089202,0.0013395431163445385,1.931549960660897,1.6318174272717718,1.3320848938826466,3.2636348545435436,1.5767624989014666,1.6040537785174165,0.2997325333891252,"[""MutableInterval"", ""TestMutableInterval_Basics""]","[0.022029897718332022, 0.019350811485642945]","[1.931549960660897, 1.3320848938826466]"
org.joda.time.TestSerialization.testTest,0.02178649237472767,0.020625606284687438,0.019464720194647202,0.041251212569374876,0.020560267283474685,0.02059291086993019,0.0011608860900402338,2.4553376906318083,1.730101935340235,1.0048661800486618,3.46020387068047,1.4260927379573627,1.570759627032312,0.7252357552915732,"[""TestSerialization"", ""Instant""]","[0.02178649237472767, 0.019464720194647202]","[2.4553376906318083, 1.0048661800486618]"
org.joda.time.chrono.TestCopticChronology.testWithZone,0.02298095863427446,0.020529098873423177,0.018077239112571898,0.04105819774684635,0.020236264963666706,0.020382156025992516,0.0024518597608512802,2.2037797863599016,1.5444374965942647,0.8850952068286277,3.0888749931885293,1.2629549140798875,1.3966226855571857,0.6593422897656369,"[""TestCopticChronology"", ""CopticChronology""]","[0.02298095863427446, 0.018077239112571898]","[0.8850952068286277, 2.2037797863599016]"
org.joda.time.chrono.TestCopticChronology.testFactory,0.02298095863427446,0.020529098873423177,0.018077239112571898,0.04105819774684635,0.020236264963666706,0.020382156025992516,0.0024518597608512802,2.2037797863599016,1.5444374965942647,0.8850952068286277,3.0888749931885293,1.2629549140798875,1.3966226855571857,0.6593422897656369,"[""TestCopticChronology"", ""Object"", ""CopticChronology""]","[0.02298095863427446, 0.018077239112571898]","[0.8850952068286277, 2.2037797863599016]"
org.joda.time.chrono.TestCopticChronology.testEquality,0.02298095863427446,0.020529098873423177,0.018077239112571898,0.04105819774684635,0.020236264963666706,0.020382156025992516,0.0024518597608512802,2.2037797863599016,1.5444374965942647,0.8850952068286277,3.0888749931885293,1.2629549140798875,1.3966226855571857,0.6593422897656369,"[""TestCopticChronology"", ""CopticChronology""]","[0.02298095863427446, 0.018077239112571898]","[0.8850952068286277, 2.2037797863599016]"
org.joda.time.chrono.TestCopticChronology.testFactory_Zone,0.02298095863427446,0.020529098873423177,0.018077239112571898,0.04105819774684635,0.020236264963666706,0.020382156025992516,0.0024518597608512802,2.2037797863599016,1.5444374965942647,0.8850952068286277,3.0888749931885293,1.2629549140798875,1.3966226855571857,0.6593422897656369,"[""TestCopticChronology"", ""Object"", ""CopticChronology""]","[0.02298095863427446, 0.018077239112571898]","[0.8850952068286277, 2.2037797863599016]"
org.joda.time.chrono.TestCopticChronology.testWithUTC,0.02298095863427446,0.020529098873423177,0.018077239112571898,0.04105819774684635,0.020236264963666706,0.020382156025992516,0.0024518597608512802,2.2037797863599016,1.5444374965942647,0.8850952068286277,3.0888749931885293,1.2629549140798875,1.3966226855571857,0.6593422897656369,"[""TestCopticChronology"", ""CopticChronology""]","[0.02298095863427446, 0.018077239112571898]","[0.8850952068286277, 2.2037797863599016]"
org.joda.time.chrono.TestCopticChronology.testToString,0.02298095863427446,0.020529098873423177,0.018077239112571898,0.04105819774684635,0.020236264963666706,0.020382156025992516,0.0024518597608512802,2.2037797863599016,1.5444374965942647,0.8850952068286277,3.0888749931885293,1.2629549140798875,1.3966226855571857,0.6593422897656369,"[""TestCopticChronology"", ""CopticChronology""]","[0.02298095863427446, 0.018077239112571898]","[0.8850952068286277, 2.2037797863599016]"
org.joda.time.chrono.TestCopticChronology.testFactoryUTC,0.02298095863427446,0.020529098873423177,0.018077239112571898,0.04105819774684635,0.020236264963666706,0.020382156025992516,0.0024518597608512802,2.2037797863599016,1.5444374965942647,0.8850952068286277,3.0888749931885293,1.2629549140798875,1.3966226855571857,0.6593422897656369,"[""TestCopticChronology"", ""Object"", ""CopticChronology""]","[0.02298095863427446, 0.018077239112571898]","[0.8850952068286277, 2.2037797863599016]"
org.joda.time.TestPartial_Basics.testToString2,0.024943310657596373,0.020408163265306124,0.015873015873015872,0.04081632653061225,0.019400352733686066,0.019897878429460596,0.00453514739229025,4.26530612244898,3.9637188208616783,3.6621315192743764,7.9274376417233565,3.9407719609582963,3.9522287371019384,0.3015873015873016,"[""TestPartial_Basics"", ""Partial""]","[0.024943310657596373, 0.015873015873015872]","[3.6621315192743764, 4.26530612244898]"
org.joda.time.TestInstant_Basics.testToDate,0.019464720194647202,0.013580898937068831,0.0026666666666666666,0.04074269681120649,0.006248623099877832,0.009885484202409367,0.007725387878101613,2.0572655690765926,1.0371550274861958,0.04933333333333333,3.1114650824585874,0.13792146069927216,0.46721095353351577,0.8200528003674984,"[""TestInstant_Basics"", ""Date"", ""Instant""]","[0.019464720194647202, 0.018611309949892626, 0.0026666666666666666]","[1.0048661800486618, 2.0572655690765926, 0.04933333333333333]"
org.joda.time.TestWeeks.testSerialization,0.025225225225225224,0.013497466932581435,0.007633587786259542,0.040492400797744306,0.00994553634856737,0.01137009658145622,0.00829277741684519,3.0684684684684687,1.0902528482681155,0.09541984732824428,3.2707585448043464,0.14878709994251207,0.3151173924343766,1.3988174905525623,"[""ByteArrayOutputStream"", ""TestWeeks"", ""ObjectInputStream"", ""ObjectOutputStream"", ""ByteArrayInputStream""]","[0.025225225225225224, 0.007633587786259542, 0.007633587786259542]","[3.0684684684684687, 0.09541984732824428, 0.10687022900763359]"
org.joda.time.TestSeconds.testSerialization,0.025225225225225224,0.013497466932581435,0.007633587786259542,0.040492400797744306,0.00994553634856737,0.01137009658145622,0.00829277741684519,2.8666666666666667,1.0229855810008481,0.09541984732824428,3.0689567430025444,0.14861800071757972,0.30805213137218085,1.3036877788390822,"[""ByteArrayOutputStream"", ""ObjectInputStream"", ""ObjectOutputStream"", ""ByteArrayInputStream"", ""TestSeconds""]","[0.025225225225225224, 0.007633587786259542, 0.007633587786259542]","[2.8666666666666667, 0.09541984732824428, 0.10687022900763359]"
org.joda.time.TestHours.testSerialization,0.025225225225225224,0.013497466932581435,0.007633587786259542,0.040492400797744306,0.00994553634856737,0.01137009658145622,0.00829277741684519,3.046846846846847,1.0830456410609082,0.09541984732824428,3.2491369231827245,0.14877003615374554,0.3143755005962427,1.3886250177051354,"[""ByteArrayOutputStream"", ""TestHours"", ""ObjectInputStream"", ""ObjectOutputStream"", ""ByteArrayInputStream""]","[0.025225225225225224, 0.007633587786259542, 0.007633587786259542]","[3.046846846846847, 0.09541984732824428, 0.10687022900763359]"
org.joda.time.TestYears.testSerialization,0.025225225225225224,0.013497466932581435,0.007633587786259542,0.040492400797744306,0.00994553634856737,0.01137009658145622,0.00829277741684519,2.4414414414414414,0.8812438392591063,0.09541984732824428,2.643731517777319,0.1481720243094809,0.29199847938769335,1.1032362080720464,"[""ByteArrayOutputStream"", ""ObjectInputStream"", ""TestYears"", ""ObjectOutputStream"", ""ByteArrayInputStream""]","[0.025225225225225224, 0.007633587786259542, 0.007633587786259542]","[2.4414414414414414, 0.09541984732824428, 0.10687022900763359]"
org.joda.time.TestMinutes.testSerialization,0.025225225225225224,0.013497466932581435,0.007633587786259542,0.040492400797744306,0.00994553634856737,0.01137009658145622,0.00829277741684519,2.924324324324324,1.0422048002200672,0.09541984732824428,3.126614400660202,0.1486686558945467,0.31010373568521055,1.3308676881571102,"[""ByteArrayOutputStream"", ""ObjectInputStream"", ""TestMinutes"", ""ObjectOutputStream"", ""ByteArrayInputStream""]","[0.025225225225225224, 0.007633587786259542, 0.007633587786259542]","[2.924324324324324, 0.09541984732824428, 0.10687022900763359]"
org.joda.time.TestDuration_Constructors.testParse_noFormatter,0.020757020757020756,0.020226995226995226,0.019696969696969695,0.04045399045399045,0.020213106507522748,0.02022004967477599,0.0005300255300255304,1.9522727272727274,1.7850496725496727,1.6178266178266179,3.5700993450993455,1.769384254124107,1.7771997027455253,0.16722305472305476,"[""TestDuration_Constructors"", ""Duration""]","[0.020757020757020756, 0.019696969696969695]","[1.6178266178266179, 1.9522727272727274]"
org.joda.time.TestDuration_Constructors.testConstructor_RI_RI4,0.020757020757020756,0.020226995226995226,0.019696969696969695,0.04045399045399045,0.020213106507522748,0.02022004967477599,0.0005300255300255304,1.9522727272727274,1.7850496725496727,1.6178266178266179,3.5700993450993455,1.769384254124107,1.7771997027455253,0.16722305472305476,"[""TestDuration_Constructors"", ""Duration""]","[0.020757020757020756, 0.019696969696969695]","[1.6178266178266179, 1.9522727272727274]"
org.joda.time.TestDuration_Constructors.testFactory_standardSeconds_long,0.020757020757020756,0.020226995226995226,0.019696969696969695,0.04045399045399045,0.020213106507522748,0.02022004967477599,0.0005300255300255304,1.9522727272727274,1.7850496725496727,1.6178266178266179,3.5700993450993455,1.769384254124107,1.7771997027455253,0.16722305472305476,"[""TestDuration_Constructors"", ""Duration""]","[0.020757020757020756, 0.019696969696969695]","[1.6178266178266179, 1.9522727272727274]"
org.joda.time.TestDuration_Constructors.testConstructor_Object1,0.020757020757020756,0.020226995226995226,0.019696969696969695,0.04045399045399045,0.020213106507522748,0.02022004967477599,0.0005300255300255304,1.9522727272727274,1.7850496725496727,1.6178266178266179,3.5700993450993455,1.769384254124107,1.7771997027455253,0.16722305472305476,"[""TestDuration_Constructors"", ""Duration""]","[0.020757020757020756, 0.019696969696969695]","[1.6178266178266179, 1.9522727272727274]"
org.joda.time.TestDuration_Constructors.testFactory_standardDays_long,0.020757020757020756,0.020226995226995226,0.019696969696969695,0.04045399045399045,0.020213106507522748,0.02022004967477599,0.0005300255300255304,1.9522727272727274,1.7850496725496727,1.6178266178266179,3.5700993450993455,1.769384254124107,1.7771997027455253,0.16722305472305476,"[""TestDuration_Constructors"", ""Duration""]","[0.020757020757020756, 0.019696969696969695]","[1.6178266178266179, 1.9522727272727274]"
org.joda.time.TestDuration_Constructors.testConstructor_Object2,0.020757020757020756,0.020226995226995226,0.019696969696969695,0.04045399045399045,0.020213106507522748,0.02022004967477599,0.0005300255300255304,1.9522727272727274,1.7850496725496727,1.6178266178266179,3.5700993450993455,1.769384254124107,1.7771997027455253,0.16722305472305476,"[""TestDuration_Constructors"", ""Duration""]","[0.020757020757020756, 0.019696969696969695]","[1.6178266178266179, 1.9522727272727274]"
org.joda.time.TestDuration_Constructors.testConstructor_Object3,0.020757020757020756,0.020226995226995226,0.019696969696969695,0.04045399045399045,0.020213106507522748,0.02022004967477599,0.0005300255300255304,1.9522727272727274,1.7850496725496727,1.6178266178266179,3.5700993450993455,1.769384254124107,1.7771997027455253,0.16722305472305476,"[""TestDuration_Constructors"", ""Long"", ""Duration""]","[0.020757020757020756, 0.019696969696969695]","[1.6178266178266179, 1.9522727272727274]"
org.joda.time.TestDuration_Constructors.testFactory_standardMinutes_long,0.020757020757020756,0.020226995226995226,0.019696969696969695,0.04045399045399045,0.020213106507522748,0.02022004967477599,0.0005300255300255304,1.9522727272727274,1.7850496725496727,1.6178266178266179,3.5700993450993455,1.769384254124107,1.7771997027455253,0.16722305472305476,"[""TestDuration_Constructors"", ""Duration""]","[0.020757020757020756, 0.019696969696969695]","[1.6178266178266179, 1.9522727272727274]"
org.joda.time.TestDuration_Constructors.testFactory_standardHours_long,0.020757020757020756,0.020226995226995226,0.019696969696969695,0.04045399045399045,0.020213106507522748,0.02022004967477599,0.0005300255300255304,1.9522727272727274,1.7850496725496727,1.6178266178266179,3.5700993450993455,1.769384254124107,1.7771997027455253,0.16722305472305476,"[""TestDuration_Constructors"", ""Duration""]","[0.020757020757020756, 0.019696969696969695]","[1.6178266178266179, 1.9522727272727274]"
org.joda.time.TestDuration_Constructors.testZERO,0.020757020757020756,0.020226995226995226,0.019696969696969695,0.04045399045399045,0.020213106507522748,0.02022004967477599,0.0005300255300255304,1.9522727272727274,1.7850496725496727,1.6178266178266179,3.5700993450993455,1.769384254124107,1.7771997027455253,0.16722305472305476,"[""TestDuration_Constructors"", ""Duration""]","[0.020757020757020756, 0.019696969696969695]","[1.6178266178266179, 1.9522727272727274]"
org.joda.time.TestDuration_Constructors.testConstructor_long1,0.020757020757020756,0.020226995226995226,0.019696969696969695,0.04045399045399045,0.020213106507522748,0.02022004967477599,0.0005300255300255304,1.9522727272727274,1.7850496725496727,1.6178266178266179,3.5700993450993455,1.769384254124107,1.7771997027455253,0.16722305472305476,"[""TestDuration_Constructors"", ""Duration""]","[0.020757020757020756, 0.019696969696969695]","[1.6178266178266179, 1.9522727272727274]"
org.joda.time.TestDuration_Constructors.testFactory_millis_long,0.020757020757020756,0.020226995226995226,0.019696969696969695,0.04045399045399045,0.020213106507522748,0.02022004967477599,0.0005300255300255304,1.9522727272727274,1.7850496725496727,1.6178266178266179,3.5700993450993455,1.769384254124107,1.7771997027455253,0.16722305472305476,"[""TestDuration_Constructors"", ""Duration""]","[0.020757020757020756, 0.019696969696969695]","[1.6178266178266179, 1.9522727272727274]"
org.joda.time.TestPeriodType.testEquals,0.02096273291925466,0.02019387617213704,0.019425019425019424,0.04038775234427408,0.020164602906690164,0.020179234231209462,0.0007688567471176178,4.212121212121212,4.072675512892904,3.9332298136645965,8.145351025785809,4.06790098495133,4.070287548845193,0.13944569922830774,"[""PeriodType"", ""TestPeriodType""]","[0.02096273291925466, 0.019425019425019424]","[3.9332298136645965, 4.212121212121212]"
org.joda.time.TestPeriodType.testHashCode,0.02096273291925466,0.02019387617213704,0.019425019425019424,0.04038775234427408,0.020164602906690164,0.020179234231209462,0.0007688567471176178,4.212121212121212,4.072675512892904,3.9332298136645965,8.145351025785809,4.06790098495133,4.070287548845193,0.13944569922830774,"[""PeriodType"", ""TestPeriodType""]","[0.02096273291925466, 0.019425019425019424]","[3.9332298136645965, 4.212121212121212]"
org.joda.time.TestPeriodType.testMaskTwice1,0.02096273291925466,0.02019387617213704,0.019425019425019424,0.04038775234427408,0.020164602906690164,0.020179234231209462,0.0007688567471176178,4.212121212121212,4.072675512892904,3.9332298136645965,8.145351025785809,4.06790098495133,4.070287548845193,0.13944569922830774,"[""PeriodType"", ""TestPeriodType""]","[0.02096273291925466, 0.019425019425019424]","[3.9332298136645965, 4.212121212121212]"
org.joda.time.TestPeriodType.testMaskTwice2,0.02096273291925466,0.02019387617213704,0.019425019425019424,0.04038775234427408,0.020164602906690164,0.020179234231209462,0.0007688567471176178,4.212121212121212,4.072675512892904,3.9332298136645965,8.145351025785809,4.06790098495133,4.070287548845193,0.13944569922830774,"[""PeriodType"", ""TestPeriodType""]","[0.02096273291925466, 0.019425019425019424]","[3.9332298136645965, 4.212121212121212]"
org.joda.time.TestMutablePeriod_Updates.testTest,0.020914020139426802,0.020189370167037,0.019464720194647202,0.040378740334074,0.02016336056009335,0.020176361172400722,0.0007246499723897997,5.986057319907049,3.4954617499778555,1.0048661800486618,6.990923499955711,1.7208560650521876,2.4525877257719704,2.4905955699291935,"[""TestMutablePeriod_Updates"", ""Instant""]","[0.020914020139426802, 0.019464720194647202]","[5.986057319907049, 1.0048661800486618]"
org.joda.time.chrono.TestIslamicChronology.testFactory_Zone,0.022818791946308724,0.020134228187919462,0.0174496644295302,0.040268456375838924,0.01977628635346756,0.019954454694387256,0.002684563758389262,3.931543624161074,3.094630872483221,2.257718120805369,6.189261744966442,2.8682959773753742,2.9793149016183684,0.8369127516778525,"[""Object"", ""IslamicChronology"", ""TestIslamicChronology""]","[0.022818791946308724, 0.0174496644295302]","[2.257718120805369, 3.931543624161074]"
org.joda.time.chrono.TestIslamicChronology.testFactory,0.022818791946308724,0.020134228187919462,0.0174496644295302,0.040268456375838924,0.01977628635346756,0.019954454694387256,0.002684563758389262,3.931543624161074,3.094630872483221,2.257718120805369,6.189261744966442,2.8682959773753742,2.9793149016183684,0.8369127516778525,"[""Object"", ""IslamicChronology"", ""TestIslamicChronology""]","[0.022818791946308724, 0.0174496644295302]","[2.257718120805369, 3.931543624161074]"
org.joda.time.chrono.TestIslamicChronology.testWithUTC,0.022818791946308724,0.020134228187919462,0.0174496644295302,0.040268456375838924,0.01977628635346756,0.019954454694387256,0.002684563758389262,3.931543624161074,3.094630872483221,2.257718120805369,6.189261744966442,2.8682959773753742,2.9793149016183684,0.8369127516778525,"[""IslamicChronology"", ""TestIslamicChronology""]","[0.022818791946308724, 0.0174496644295302]","[2.257718120805369, 3.931543624161074]"
org.joda.time.chrono.TestIslamicChronology.testEquality,0.022818791946308724,0.020134228187919462,0.0174496644295302,0.040268456375838924,0.01977628635346756,0.019954454694387256,0.002684563758389262,3.931543624161074,3.094630872483221,2.257718120805369,6.189261744966442,2.8682959773753742,2.9793149016183684,0.8369127516778525,"[""IslamicChronology"", ""TestIslamicChronology""]","[0.022818791946308724, 0.0174496644295302]","[2.257718120805369, 3.931543624161074]"
org.joda.time.chrono.TestIslamicChronology.testToString,0.022818791946308724,0.020134228187919462,0.0174496644295302,0.040268456375838924,0.01977628635346756,0.019954454694387256,0.002684563758389262,3.931543624161074,3.094630872483221,2.257718120805369,6.189261744966442,2.8682959773753742,2.9793149016183684,0.8369127516778525,"[""IslamicChronology"", ""TestIslamicChronology""]","[0.022818791946308724, 0.0174496644295302]","[2.257718120805369, 3.931543624161074]"
org.joda.time.chrono.TestIslamicChronology.testFactoryUTC,0.022818791946308724,0.020134228187919462,0.0174496644295302,0.040268456375838924,0.01977628635346756,0.019954454694387256,0.002684563758389262,3.931543624161074,3.094630872483221,2.257718120805369,6.189261744966442,2.8682959773753742,2.9793149016183684,0.8369127516778525,"[""Object"", ""IslamicChronology"", ""TestIslamicChronology""]","[0.022818791946308724, 0.0174496644295302]","[2.257718120805369, 3.931543624161074]"
org.joda.time.chrono.TestIslamicChronology.testWithZone,0.022818791946308724,0.020134228187919462,0.0174496644295302,0.040268456375838924,0.01977628635346756,0.019954454694387256,0.002684563758389262,3.931543624161074,3.094630872483221,2.257718120805369,6.189261744966442,2.8682959773753742,2.9793149016183684,0.8369127516778525,"[""IslamicChronology"", ""TestIslamicChronology""]","[0.022818791946308724, 0.0174496644295302]","[2.257718120805369, 3.931543624161074]"
org.joda.time.format.TestISODateTimeFormat.testSubclassableConstructor,0.023114355231143552,0.019912498635800448,0.016710642040457344,0.039824997271600895,0.019397651863195507,0.019653389434487183,0.003201856595343104,4.401459854014599,3.4588653711585744,2.5162708883025506,6.917730742317149,3.2019937488863817,3.327952117547566,0.942594482856024,"[""ISODateTimeFormat"", ""TestISODateTimeFormat"", ""TestISODateTimeFormat$1""]","[0.023114355231143552, 0.016710642040457344]","[4.401459854014599, 2.5162708883025506]"
org.joda.time.convert.TestConverterManager.testRemoveDurationConverterSecurity,0.022590361445783132,0.019842189269900112,0.017094017094017096,0.039684378539800225,0.01946156341226079,0.019650954804137165,0.0027481721758830183,3.8930722891566263,2.6889048869470553,1.4847374847374848,5.377809773894111,2.149644781621993,2.4042026450579432,1.2041674022095707,"[""TestConverterManager"", ""SecurityManager"", ""System"", ""Policy"", ""ConverterManager""]","[0.022590361445783132, 0.017094017094017096]","[3.8930722891566263, 1.4847374847374848]"
org.joda.time.convert.TestConverterManager.testGetPartialConverters,0.022590361445783132,0.019842189269900112,0.017094017094017096,0.039684378539800225,0.01946156341226079,0.019650954804137165,0.0027481721758830183,3.8930722891566263,2.6889048869470553,1.4847374847374848,5.377809773894111,2.149644781621993,2.4042026450579432,1.2041674022095707,"[""TestConverterManager"", ""ConverterManager""]","[0.022590361445783132, 0.017094017094017096]","[3.8930722891566263, 1.4847374847374848]"
org.joda.time.convert.TestConverterManager.testRemoveDurationConverter3,0.022590361445783132,0.019842189269900112,0.017094017094017096,0.039684378539800225,0.01946156341226079,0.019650954804137165,0.0027481721758830183,3.8930722891566263,2.6889048869470553,1.4847374847374848,5.377809773894111,2.149644781621993,2.4042026450579432,1.2041674022095707,"[""TestConverterManager"", ""ConverterManager""]","[0.022590361445783132, 0.017094017094017096]","[3.8930722891566263, 1.4847374847374848]"
org.joda.time.convert.TestConverterManager.testAddPeriodConverter3,0.022590361445783132,0.019842189269900112,0.017094017094017096,0.039684378539800225,0.01946156341226079,0.019650954804137165,0.0027481721758830183,3.8930722891566263,2.6889048869470553,1.4847374847374848,5.377809773894111,2.149644781621993,2.4042026450579432,1.2041674022095707,"[""TestConverterManager"", ""ConverterManager""]","[0.022590361445783132, 0.017094017094017096]","[3.8930722891566263, 1.4847374847374848]"
org.joda.time.convert.TestConverterManager.testAddDurationConverterSecurity,0.022590361445783132,0.019842189269900112,0.017094017094017096,0.039684378539800225,0.01946156341226079,0.019650954804137165,0.0027481721758830183,3.8930722891566263,2.6889048869470553,1.4847374847374848,5.377809773894111,2.149644781621993,2.4042026450579432,1.2041674022095707,"[""TestConverterManager"", ""SecurityManager"", ""System"", ""Policy"", ""ConverterManager""]","[0.022590361445783132, 0.017094017094017096]","[3.8930722891566263, 1.4847374847374848]"
org.joda.time.convert.TestConverterManager.testGetDurationConverters,0.022590361445783132,0.019842189269900112,0.017094017094017096,0.039684378539800225,0.01946156341226079,0.019650954804137165,0.0027481721758830183,3.8930722891566263,2.6889048869470553,1.4847374847374848,5.377809773894111,2.149644781621993,2.4042026450579432,1.2041674022095707,"[""TestConverterManager"", ""ConverterManager""]","[0.022590361445783132, 0.017094017094017096]","[3.8930722891566263, 1.4847374847374848]"
org.joda.time.convert.TestConverterManager.testAddIntervalConverterSecurity,0.022590361445783132,0.019842189269900112,0.017094017094017096,0.039684378539800225,0.01946156341226079,0.019650954804137165,0.0027481721758830183,3.8930722891566263,2.6889048869470553,1.4847374847374848,5.377809773894111,2.149644781621993,2.4042026450579432,1.2041674022095707,"[""TestConverterManager"", ""SecurityManager"", ""System"", ""Policy"", ""ConverterManager""]","[0.022590361445783132, 0.017094017094017096]","[3.8930722891566263, 1.4847374847374848]"
org.joda.time.convert.TestConverterManager.testGetIntervalConverterRemovedNull,0.022590361445783132,0.019842189269900112,0.017094017094017096,0.039684378539800225,0.01946156341226079,0.019650954804137165,0.0027481721758830183,3.8930722891566263,2.6889048869470553,1.4847374847374848,5.377809773894111,2.149644781621993,2.4042026450579432,1.2041674022095707,"[""TestConverterManager"", ""ConverterManager""]","[0.022590361445783132, 0.017094017094017096]","[3.8930722891566263, 1.4847374847374848]"
org.joda.time.convert.TestConverterManager.testAddIntervalConverter3,0.022590361445783132,0.019842189269900112,0.017094017094017096,0.039684378539800225,0.01946156341226079,0.019650954804137165,0.0027481721758830183,3.8930722891566263,2.6889048869470553,1.4847374847374848,5.377809773894111,2.149644781621993,2.4042026450579432,1.2041674022095707,"[""TestConverterManager"", ""ConverterManager""]","[0.022590361445783132, 0.017094017094017096]","[3.8930722891566263, 1.4847374847374848]"
org.joda.time.convert.TestConverterManager.testRemoveDurationConverter2,0.022590361445783132,0.019842189269900112,0.017094017094017096,0.039684378539800225,0.01946156341226079,0.019650954804137165,0.0027481721758830183,3.8930722891566263,2.6889048869470553,1.4847374847374848,5.377809773894111,2.149644781621993,2.4042026450579432,1.2041674022095707,"[""TestConverterManager"", ""TestConverterManager$15"", ""Object"", ""ConverterManager""]","[0.022590361445783132, 0.017094017094017096]","[3.8930722891566263, 1.4847374847374848]"
org.joda.time.convert.TestConverterManager.testRemoveInstantConverter3,0.022590361445783132,0.019842189269900112,0.017094017094017096,0.039684378539800225,0.01946156341226079,0.019650954804137165,0.0027481721758830183,3.8930722891566263,2.6889048869470553,1.4847374847374848,5.377809773894111,2.149644781621993,2.4042026450579432,1.2041674022095707,"[""TestConverterManager"", ""ConverterManager""]","[0.022590361445783132, 0.017094017094017096]","[3.8930722891566263, 1.4847374847374848]"
org.joda.time.convert.TestConverterManager.testGetPeriodConverters,0.022590361445783132,0.019842189269900112,0.017094017094017096,0.039684378539800225,0.01946156341226079,0.019650954804137165,0.0027481721758830183,3.8930722891566263,2.6889048869470553,1.4847374847374848,5.377809773894111,2.149644781621993,2.4042026450579432,1.2041674022095707,"[""TestConverterManager"", ""ConverterManager""]","[0.022590361445783132, 0.017094017094017096]","[3.8930722891566263, 1.4847374847374848]"
org.joda.time.convert.TestConverterManager.testRemovePartialConverter1,0.022590361445783132,0.019842189269900112,0.017094017094017096,0.039684378539800225,0.01946156341226079,0.019650954804137165,0.0027481721758830183,3.8930722891566263,2.6889048869470553,1.4847374847374848,5.377809773894111,2.149644781621993,2.4042026450579432,1.2041674022095707,"[""TestConverterManager"", ""ConverterManager""]","[0.022590361445783132, 0.017094017094017096]","[3.8930722891566263, 1.4847374847374848]"
org.joda.time.convert.TestConverterManager.testGetDurationConverterRemovedNull,0.022590361445783132,0.019842189269900112,0.017094017094017096,0.039684378539800225,0.01946156341226079,0.019650954804137165,0.0027481721758830183,3.8930722891566263,2.6889048869470553,1.4847374847374848,5.377809773894111,2.149644781621993,2.4042026450579432,1.2041674022095707,"[""TestConverterManager"", ""ConverterManager""]","[0.022590361445783132, 0.017094017094017096]","[3.8930722891566263, 1.4847374847374848]"
org.joda.time.convert.TestConverterManager.testRemoveDurationConverter1,0.022590361445783132,0.019842189269900112,0.017094017094017096,0.039684378539800225,0.01946156341226079,0.019650954804137165,0.0027481721758830183,3.8930722891566263,2.6889048869470553,1.4847374847374848,5.377809773894111,2.149644781621993,2.4042026450579432,1.2041674022095707,"[""TestConverterManager"", ""ConverterManager""]","[0.022590361445783132, 0.017094017094017096]","[3.8930722891566263, 1.4847374847374848]"
org.joda.time.convert.TestConverterManager.testAddPartialConverter3,0.022590361445783132,0.019842189269900112,0.017094017094017096,0.039684378539800225,0.01946156341226079,0.019650954804137165,0.0027481721758830183,3.8930722891566263,2.6889048869470553,1.4847374847374848,5.377809773894111,2.149644781621993,2.4042026450579432,1.2041674022095707,"[""TestConverterManager"", ""ConverterManager""]","[0.022590361445783132, 0.017094017094017096]","[3.8930722891566263, 1.4847374847374848]"
org.joda.time.convert.TestConverterManager.testRemoveIntervalConverterSecurity,0.022590361445783132,0.019842189269900112,0.017094017094017096,0.039684378539800225,0.01946156341226079,0.019650954804137165,0.0027481721758830183,3.8930722891566263,2.6889048869470553,1.4847374847374848,5.377809773894111,2.149644781621993,2.4042026450579432,1.2041674022095707,"[""TestConverterManager"", ""SecurityManager"", ""System"", ""Policy"", ""ConverterManager""]","[0.022590361445783132, 0.017094017094017096]","[3.8930722891566263, 1.4847374847374848]"
org.joda.time.convert.TestConverterManager.testAddInstantConverter3,0.022590361445783132,0.019842189269900112,0.017094017094017096,0.039684378539800225,0.01946156341226079,0.019650954804137165,0.0027481721758830183,3.8930722891566263,2.6889048869470553,1.4847374847374848,5.377809773894111,2.149644781621993,2.4042026450579432,1.2041674022095707,"[""TestConverterManager"", ""ConverterManager""]","[0.022590361445783132, 0.017094017094017096]","[3.8930722891566263, 1.4847374847374848]"
org.joda.time.convert.TestConverterManager.testRemovePeriodConverter3,0.022590361445783132,0.019842189269900112,0.017094017094017096,0.039684378539800225,0.01946156341226079,0.019650954804137165,0.0027481721758830183,3.8930722891566263,2.6889048869470553,1.4847374847374848,5.377809773894111,2.149644781621993,2.4042026450579432,1.2041674022095707,"[""TestConverterManager"", ""ConverterManager""]","[0.022590361445783132, 0.017094017094017096]","[3.8930722891566263, 1.4847374847374848]"
org.joda.time.convert.TestConverterManager.testAddPartialConverterSecurity,0.022590361445783132,0.019842189269900112,0.017094017094017096,0.039684378539800225,0.01946156341226079,0.019650954804137165,0.0027481721758830183,3.8930722891566263,2.6889048869470553,1.4847374847374848,5.377809773894111,2.149644781621993,2.4042026450579432,1.2041674022095707,"[""TestConverterManager"", ""SecurityManager"", ""System"", ""Policy"", ""ConverterManager""]","[0.022590361445783132, 0.017094017094017096]","[3.8930722891566263, 1.4847374847374848]"
org.joda.time.convert.TestConverterManager.testAddInstantConverterSecurity,0.022590361445783132,0.019842189269900112,0.017094017094017096,0.039684378539800225,0.01946156341226079,0.019650954804137165,0.0027481721758830183,3.8930722891566263,2.6889048869470553,1.4847374847374848,5.377809773894111,2.149644781621993,2.4042026450579432,1.2041674022095707,"[""TestConverterManager"", ""SecurityManager"", ""System"", ""Policy"", ""ConverterManager""]","[0.022590361445783132, 0.017094017094017096]","[3.8930722891566263, 1.4847374847374848]"
org.joda.time.convert.TestConverterManager.testRemoveIntervalConverter3,0.022590361445783132,0.019842189269900112,0.017094017094017096,0.039684378539800225,0.01946156341226079,0.019650954804137165,0.0027481721758830183,3.8930722891566263,2.6889048869470553,1.4847374847374848,5.377809773894111,2.149644781621993,2.4042026450579432,1.2041674022095707,"[""TestConverterManager"", ""ConverterManager""]","[0.022590361445783132, 0.017094017094017096]","[3.8930722891566263, 1.4847374847374848]"
org.joda.time.convert.TestConverterManager.testRemoveInstantConverter1,0.022590361445783132,0.019842189269900112,0.017094017094017096,0.039684378539800225,0.01946156341226079,0.019650954804137165,0.0027481721758830183,3.8930722891566263,2.6889048869470553,1.4847374847374848,5.377809773894111,2.149644781621993,2.4042026450579432,1.2041674022095707,"[""TestConverterManager"", ""ConverterManager""]","[0.022590361445783132, 0.017094017094017096]","[3.8930722891566263, 1.4847374847374848]"
org.joda.time.convert.TestConverterManager.testRemovePartialConverter3,0.022590361445783132,0.019842189269900112,0.017094017094017096,0.039684378539800225,0.01946156341226079,0.019650954804137165,0.0027481721758830183,3.8930722891566263,2.6889048869470553,1.4847374847374848,5.377809773894111,2.149644781621993,2.4042026450579432,1.2041674022095707,"[""TestConverterManager"", ""ConverterManager""]","[0.022590361445783132, 0.017094017094017096]","[3.8930722891566263, 1.4847374847374848]"
org.joda.time.convert.TestConverterManager.testAddPartialConverter4,0.022590361445783132,0.019842189269900112,0.017094017094017096,0.039684378539800225,0.01946156341226079,0.019650954804137165,0.0027481721758830183,3.8930722891566263,2.6889048869470553,1.4847374847374848,5.377809773894111,2.149644781621993,2.4042026450579432,1.2041674022095707,"[""TestConverterManager"", ""ConverterManager""]","[0.022590361445783132, 0.017094017094017096]","[3.8930722891566263, 1.4847374847374848]"
org.joda.time.convert.TestConverterManager.testGetPeriodConverterRemovedNull,0.022590361445783132,0.019842189269900112,0.017094017094017096,0.039684378539800225,0.01946156341226079,0.019650954804137165,0.0027481721758830183,3.8930722891566263,2.6889048869470553,1.4847374847374848,5.377809773894111,2.149644781621993,2.4042026450579432,1.2041674022095707,"[""TestConverterManager"", ""ConverterManager""]","[0.022590361445783132, 0.017094017094017096]","[3.8930722891566263, 1.4847374847374848]"
org.joda.time.convert.TestConverterManager.testGetInstantConverters,0.022590361445783132,0.019842189269900112,0.017094017094017096,0.039684378539800225,0.01946156341226079,0.019650954804137165,0.0027481721758830183,3.8930722891566263,2.6889048869470553,1.4847374847374848,5.377809773894111,2.149644781621993,2.4042026450579432,1.2041674022095707,"[""TestConverterManager"", ""ConverterManager""]","[0.022590361445783132, 0.017094017094017096]","[3.8930722891566263, 1.4847374847374848]"
org.joda.time.convert.TestConverterManager.testToString,0.022590361445783132,0.019842189269900112,0.017094017094017096,0.039684378539800225,0.01946156341226079,0.019650954804137165,0.0027481721758830183,3.8930722891566263,2.6889048869470553,1.4847374847374848,5.377809773894111,2.149644781621993,2.4042026450579432,1.2041674022095707,"[""TestConverterManager"", ""ConverterManager""]","[0.022590361445783132, 0.017094017094017096]","[3.8930722891566263, 1.4847374847374848]"
org.joda.time.convert.TestConverterManager.testGetInstantConverterRemovedNull,0.022590361445783132,0.019842189269900112,0.017094017094017096,0.039684378539800225,0.01946156341226079,0.019650954804137165,0.0027481721758830183,3.8930722891566263,2.6889048869470553,1.4847374847374848,5.377809773894111,2.149644781621993,2.4042026450579432,1.2041674022095707,"[""TestConverterManager"", ""ConverterManager""]","[0.022590361445783132, 0.017094017094017096]","[3.8930722891566263, 1.4847374847374848]"
org.joda.time.convert.TestConverterManager.testAddInstantConverter4,0.022590361445783132,0.019842189269900112,0.017094017094017096,0.039684378539800225,0.01946156341226079,0.019650954804137165,0.0027481721758830183,3.8930722891566263,2.6889048869470553,1.4847374847374848,5.377809773894111,2.149644781621993,2.4042026450579432,1.2041674022095707,"[""TestConverterManager"", ""ConverterManager""]","[0.022590361445783132, 0.017094017094017096]","[3.8930722891566263, 1.4847374847374848]"
org.joda.time.convert.TestConverterManager.testRemoveIntervalConverter2,0.022590361445783132,0.019842189269900112,0.017094017094017096,0.039684378539800225,0.01946156341226079,0.019650954804137165,0.0027481721758830183,3.8930722891566263,2.6889048869470553,1.4847374847374848,5.377809773894111,2.149644781621993,2.4042026450579432,1.2041674022095707,"[""TestConverterManager"", ""Object"", ""ConverterManager"", ""TestConverterManager$21""]","[0.022590361445783132, 0.017094017094017096]","[3.8930722891566263, 1.4847374847374848]"
org.joda.time.convert.TestConverterManager.testRemovePeriodConverterSecurity,0.022590361445783132,0.019842189269900112,0.017094017094017096,0.039684378539800225,0.01946156341226079,0.019650954804137165,0.0027481721758830183,3.8930722891566263,2.6889048869470553,1.4847374847374848,5.377809773894111,2.149644781621993,2.4042026450579432,1.2041674022095707,"[""TestConverterManager"", ""SecurityManager"", ""System"", ""Policy"", ""ConverterManager""]","[0.022590361445783132, 0.017094017094017096]","[3.8930722891566263, 1.4847374847374848]"
org.joda.time.convert.TestConverterManager.testRemoveInstantConverterSecurity,0.022590361445783132,0.019842189269900112,0.017094017094017096,0.039684378539800225,0.01946156341226079,0.019650954804137165,0.0027481721758830183,3.8930722891566263,2.6889048869470553,1.4847374847374848,5.377809773894111,2.149644781621993,2.4042026450579432,1.2041674022095707,"[""TestConverterManager"", ""SecurityManager"", ""System"", ""Policy"", ""ConverterManager""]","[0.022590361445783132, 0.017094017094017096]","[3.8930722891566263, 1.4847374847374848]"
org.joda.time.convert.TestConverterManager.testRemovePartialConverter2,0.022590361445783132,0.019842189269900112,0.017094017094017096,0.039684378539800225,0.01946156341226079,0.019650954804137165,0.0027481721758830183,3.8930722891566263,2.6889048869470553,1.4847374847374848,5.377809773894111,2.149644781621993,2.4042026450579432,1.2041674022095707,"[""TestConverterManager"", ""TestConverterManager$12"", ""Object"", ""ConverterManager""]","[0.022590361445783132, 0.017094017094017096]","[3.8930722891566263, 1.4847374847374848]"
org.joda.time.convert.TestConverterManager.testAddDurationConverter3,0.022590361445783132,0.019842189269900112,0.017094017094017096,0.039684378539800225,0.01946156341226079,0.019650954804137165,0.0027481721758830183,3.8930722891566263,2.6889048869470553,1.4847374847374848,5.377809773894111,2.149644781621993,2.4042026450579432,1.2041674022095707,"[""TestConverterManager"", ""ConverterManager""]","[0.022590361445783132, 0.017094017094017096]","[3.8930722891566263, 1.4847374847374848]"
org.joda.time.convert.TestConverterManager.testRemoveInstantConverter2,0.022590361445783132,0.019842189269900112,0.017094017094017096,0.039684378539800225,0.01946156341226079,0.019650954804137165,0.0027481721758830183,3.8930722891566263,2.6889048869470553,1.4847374847374848,5.377809773894111,2.149644781621993,2.4042026450579432,1.2041674022095707,"[""TestConverterManager"", ""Object"", ""TestConverterManager$7"", ""ConverterManager""]","[0.022590361445783132, 0.017094017094017096]","[3.8930722891566263, 1.4847374847374848]"
org.joda.time.convert.TestConverterManager.testRemovePartialConverterSecurity,0.022590361445783132,0.019842189269900112,0.017094017094017096,0.039684378539800225,0.01946156341226079,0.019650954804137165,0.0027481721758830183,3.8930722891566263,2.6889048869470553,1.4847374847374848,5.377809773894111,2.149644781621993,2.4042026450579432,1.2041674022095707,"[""TestConverterManager"", ""SecurityManager"", ""System"", ""Policy"", ""ConverterManager""]","[0.022590361445783132, 0.017094017094017096]","[3.8930722891566263, 1.4847374847374848]"
org.joda.time.convert.TestConverterManager.testGetIntervalConverters,0.022590361445783132,0.019842189269900112,0.017094017094017096,0.039684378539800225,0.01946156341226079,0.019650954804137165,0.0027481721758830183,3.8930722891566263,2.6889048869470553,1.4847374847374848,5.377809773894111,2.149644781621993,2.4042026450579432,1.2041674022095707,"[""TestConverterManager"", ""ConverterManager""]","[0.022590361445783132, 0.017094017094017096]","[3.8930722891566263, 1.4847374847374848]"
org.joda.time.convert.TestConverterManager.testAddPeriodConverterSecurity,0.022590361445783132,0.019842189269900112,0.017094017094017096,0.039684378539800225,0.01946156341226079,0.019650954804137165,0.0027481721758830183,3.8930722891566263,2.6889048869470553,1.4847374847374848,5.377809773894111,2.149644781621993,2.4042026450579432,1.2041674022095707,"[""TestConverterManager"", ""SecurityManager"", ""System"", ""Policy"", ""ConverterManager""]","[0.022590361445783132, 0.017094017094017096]","[3.8930722891566263, 1.4847374847374848]"
org.joda.time.convert.TestConverterManager.testRemovePeriodConverter2,0.022590361445783132,0.019842189269900112,0.017094017094017096,0.039684378539800225,0.01946156341226079,0.019650954804137165,0.0027481721758830183,3.8930722891566263,2.6889048869470553,1.4847374847374848,5.377809773894111,2.149644781621993,2.4042026450579432,1.2041674022095707,"[""TestConverterManager"", ""Object"", ""ConverterManager"", ""TestConverterManager$18""]","[0.022590361445783132, 0.017094017094017096]","[3.8930722891566263, 1.4847374847374848]"
org.joda.time.convert.TestConverterManager.testRemoveIntervalConverter1,0.022590361445783132,0.019842189269900112,0.017094017094017096,0.039684378539800225,0.01946156341226079,0.019650954804137165,0.0027481721758830183,3.8930722891566263,2.6889048869470553,1.4847374847374848,5.377809773894111,2.149644781621993,2.4042026450579432,1.2041674022095707,"[""TestConverterManager"", ""ConverterManager""]","[0.022590361445783132, 0.017094017094017096]","[3.8930722891566263, 1.4847374847374848]"
org.joda.time.convert.TestConverterManager.testRemovePeriodConverter1,0.022590361445783132,0.019842189269900112,0.017094017094017096,0.039684378539800225,0.01946156341226079,0.019650954804137165,0.0027481721758830183,3.8930722891566263,2.6889048869470553,1.4847374847374848,5.377809773894111,2.149644781621993,2.4042026450579432,1.2041674022095707,"[""TestConverterManager"", ""ConverterManager""]","[0.022590361445783132, 0.017094017094017096]","[3.8930722891566263, 1.4847374847374848]"
org.joda.time.convert.TestConverterManager.testGetPartialConverterRemovedNull,0.022590361445783132,0.019842189269900112,0.017094017094017096,0.039684378539800225,0.01946156341226079,0.019650954804137165,0.0027481721758830183,3.8930722891566263,2.6889048869470553,1.4847374847374848,5.377809773894111,2.149644781621993,2.4042026450579432,1.2041674022095707,"[""TestConverterManager"", ""ConverterManager""]","[0.022590361445783132, 0.017094017094017096]","[3.8930722891566263, 1.4847374847374848]"
org.joda.time.TestPeriodType.testTest,0.019464720194647202,0.019444869809833315,0.019425019425019424,0.03888973961966663,0.01944484954547664,0.019444859677652335,1.9850384813889163e-05,4.212121212121212,2.608493696084937,1.0048661800486618,5.216987392169874,1.6226292433364424,2.0573327762727596,1.6036275160362752,"[""TestPeriodType"", ""Instant""]","[0.019464720194647202, 0.019425019425019424]","[1.0048661800486618, 4.212121212121212]"
org.joda.time.TestMutablePeriod_Basics.testClone,0.021756021756021756,0.019398537601481056,0.017041053446940357,0.03879707520296211,0.019112034997362786,0.019254753427067405,0.0023574841545406997,3.2222222222222223,2.67424046819864,2.126258714175058,5.34848093639728,2.561952883625129,2.6174946187162487,0.5479817540235821,"[""MutablePeriod"", ""TestMutablePeriod_Basics""]","[0.021756021756021756, 0.017041053446940357]","[3.2222222222222223, 2.126258714175058]"
org.joda.time.TestMutablePeriod_Basics.testGetMethods,0.021756021756021756,0.019398537601481056,0.017041053446940357,0.03879707520296211,0.019112034997362786,0.019254753427067405,0.0023574841545406997,3.2222222222222223,2.67424046819864,2.126258714175058,5.34848093639728,2.561952883625129,2.6174946187162487,0.5479817540235821,"[""MutablePeriod"", ""TestMutablePeriod_Basics""]","[0.021756021756021756, 0.017041053446940357]","[3.2222222222222223, 2.126258714175058]"
org.joda.time.TestMutablePeriod_Basics.testToString,0.021756021756021756,0.019398537601481056,0.017041053446940357,0.03879707520296211,0.019112034997362786,0.019254753427067405,0.0023574841545406997,3.2222222222222223,2.67424046819864,2.126258714175058,5.34848093639728,2.561952883625129,2.6174946187162487,0.5479817540235821,"[""MutablePeriod"", ""TestMutablePeriod_Basics""]","[0.021756021756021756, 0.017041053446940357]","[3.2222222222222223, 2.126258714175058]"
org.joda.time.TestMutablePeriod_Basics.testCopy,0.021756021756021756,0.019398537601481056,0.017041053446940357,0.03879707520296211,0.019112034997362786,0.019254753427067405,0.0023574841545406997,3.2222222222222223,2.67424046819864,2.126258714175058,5.34848093639728,2.561952883625129,2.6174946187162487,0.5479817540235821,"[""MutablePeriod"", ""TestMutablePeriod_Basics""]","[0.021756021756021756, 0.017041053446940357]","[3.2222222222222223, 2.126258714175058]"
org.joda.time.TestMutablePeriod_Basics.testToPeriod,0.021756021756021756,0.019398537601481056,0.017041053446940357,0.03879707520296211,0.019112034997362786,0.019254753427067405,0.0023574841545406997,3.2222222222222223,2.67424046819864,2.126258714175058,5.34848093639728,2.561952883625129,2.6174946187162487,0.5479817540235821,"[""MutablePeriod"", ""TestMutablePeriod_Basics""]","[0.021756021756021756, 0.017041053446940357]","[3.2222222222222223, 2.126258714175058]"
org.joda.time.TestMutablePeriod_Basics.testToMutablePeriod,0.021756021756021756,0.019398537601481056,0.017041053446940357,0.03879707520296211,0.019112034997362786,0.019254753427067405,0.0023574841545406997,3.2222222222222223,2.67424046819864,2.126258714175058,5.34848093639728,2.561952883625129,2.6174946187162487,0.5479817540235821,"[""MutablePeriod"", ""TestMutablePeriod_Basics""]","[0.021756021756021756, 0.017041053446940357]","[3.2222222222222223, 2.126258714175058]"
org.joda.time.TestMutableDateTime_Basics.testTest,0.019464720194647202,0.019390606754084376,0.019316493313521546,0.03878121350816875,0.01939032348280041,0.019390465117925113,7.411344056282819e-05,2.598811292719168,1.8018387363839148,1.0048661800486618,3.6036774727678296,1.4493292455366638,1.6160004877418928,0.7969725563352531,"[""TestMutableDateTime_Basics"", ""Instant""]","[0.019464720194647202, 0.019316493313521546]","[1.0048661800486618, 2.598811292719168]"
org.joda.time.field.TestMillisDurationField.test_getType,0.014899211218229623,0.012919027109050935,0.010378510378510378,0.038757081327152804,0.012623176523366798,0.012773870868268273,0.0018876199309326492,1.2468407750631845,0.9494345764289583,0.7197802197802198,2.848303729286875,0.9021105322066313,0.9249276164884491,0.22044037939711594,"[""TestMillisDurationField"", ""DurationField"", ""DurationFieldType""]","[0.014899211218229623, 0.013479359730412805, 0.010378510378510378]","[0.8816827344434707, 1.2468407750631845, 0.7197802197802198]"
org.joda.time.chrono.TestJulianChronology.testFactoryUTC,0.019464720194647202,0.01916058394160584,0.018856447688564478,0.03832116788321168,0.019155756382033755,0.019158170009761097,0.00030413625304136216,1.3302919708029197,1.0891119221411192,0.8479318734793188,2.1782238442822384,1.035703438871416,1.0620720140731583,0.24118004866180048,"[""TestJulianChronology"", ""Object"", ""JulianChronology""]","[0.019464720194647202, 0.018856447688564478]","[0.8479318734793188, 1.3302919708029197]"
org.joda.time.chrono.TestJulianChronology.testEquality,0.019464720194647202,0.01916058394160584,0.018856447688564478,0.03832116788321168,0.019155756382033755,0.019158170009761097,0.00030413625304136216,1.3302919708029197,1.0891119221411192,0.8479318734793188,2.1782238442822384,1.035703438871416,1.0620720140731583,0.24118004866180048,"[""TestJulianChronology"", ""JulianChronology""]","[0.019464720194647202, 0.018856447688564478]","[0.8479318734793188, 1.3302919708029197]"
org.joda.time.chrono.TestJulianChronology.testFactory_Zone,0.019464720194647202,0.01916058394160584,0.018856447688564478,0.03832116788321168,0.019155756382033755,0.019158170009761097,0.00030413625304136216,1.3302919708029197,1.0891119221411192,0.8479318734793188,2.1782238442822384,1.035703438871416,1.0620720140731583,0.24118004866180048,"[""TestJulianChronology"", ""Object"", ""JulianChronology""]","[0.019464720194647202, 0.018856447688564478]","[0.8479318734793188, 1.3302919708029197]"
org.joda.time.chrono.TestJulianChronology.testFactory_Zone_int,0.019464720194647202,0.01916058394160584,0.018856447688564478,0.03832116788321168,0.019155756382033755,0.019158170009761097,0.00030413625304136216,1.3302919708029197,1.0891119221411192,0.8479318734793188,2.1782238442822384,1.035703438871416,1.0620720140731583,0.24118004866180048,"[""TestJulianChronology"", ""JulianChronology""]","[0.019464720194647202, 0.018856447688564478]","[0.8479318734793188, 1.3302919708029197]"
org.joda.time.chrono.TestJulianChronology.testWithUTC,0.019464720194647202,0.01916058394160584,0.018856447688564478,0.03832116788321168,0.019155756382033755,0.019158170009761097,0.00030413625304136216,1.3302919708029197,1.0891119221411192,0.8479318734793188,2.1782238442822384,1.035703438871416,1.0620720140731583,0.24118004866180048,"[""TestJulianChronology"", ""JulianChronology""]","[0.019464720194647202, 0.018856447688564478]","[0.8479318734793188, 1.3302919708029197]"
org.joda.time.chrono.TestJulianChronology.testFactory,0.019464720194647202,0.01916058394160584,0.018856447688564478,0.03832116788321168,0.019155756382033755,0.019158170009761097,0.00030413625304136216,1.3302919708029197,1.0891119221411192,0.8479318734793188,2.1782238442822384,1.035703438871416,1.0620720140731583,0.24118004866180048,"[""TestJulianChronology"", ""Object"", ""JulianChronology""]","[0.019464720194647202, 0.018856447688564478]","[0.8479318734793188, 1.3302919708029197]"
org.joda.time.chrono.TestJulianChronology.testToString,0.019464720194647202,0.01916058394160584,0.018856447688564478,0.03832116788321168,0.019155756382033755,0.019158170009761097,0.00030413625304136216,1.3302919708029197,1.0891119221411192,0.8479318734793188,2.1782238442822384,1.035703438871416,1.0620720140731583,0.24118004866180048,"[""TestJulianChronology"", ""JulianChronology""]","[0.019464720194647202, 0.018856447688564478]","[0.8479318734793188, 1.3302919708029197]"
org.joda.time.chrono.TestJulianChronology.testWithZone,0.019464720194647202,0.01916058394160584,0.018856447688564478,0.03832116788321168,0.019155756382033755,0.019158170009761097,0.00030413625304136216,1.3302919708029197,1.0891119221411192,0.8479318734793188,2.1782238442822384,1.035703438871416,1.0620720140731583,0.24118004866180048,"[""TestJulianChronology"", ""JulianChronology""]","[0.019464720194647202, 0.018856447688564478]","[0.8479318734793188, 1.3302919708029197]"
org.joda.time.format.TestDateTimeFormatStyle.testForStyle_stringLengths,0.026155717761557177,0.019156886236401688,0.0121580547112462,0.038313772472803376,0.016599913139989382,0.017832628733782524,0.006998831525155488,2.9197080291970803,2.3367537106471725,1.7537993920972645,4.673507421294345,2.1913230065179516,2.2628703380236663,0.5829543185499079,"[""DateTimeFormat"", ""TestDateTimeFormatStyle""]","[0.026155717761557177, 0.0121580547112462]","[2.9197080291970803, 1.7537993920972645]"
org.joda.time.format.TestDateTimeFormatStyle.testForStyle_invalidStrings,0.026155717761557177,0.019156886236401688,0.0121580547112462,0.038313772472803376,0.016599913139989382,0.017832628733782524,0.006998831525155488,2.9197080291970803,2.3367537106471725,1.7537993920972645,4.673507421294345,2.1913230065179516,2.2628703380236663,0.5829543185499079,"[""DateTimeFormat"", ""TestDateTimeFormatStyle""]","[0.026155717761557177, 0.0121580547112462]","[2.9197080291970803, 1.7537993920972645]"
org.joda.time.TestDurationField.test_subtract,0.015206812652068127,0.012747850292893256,0.010378510378510378,0.03824355087867977,0.012442301874640148,0.012594532247015294,0.001972164605734623,0.7197802197802198,0.5871920102031901,0.3222094361334868,1.7615760306095702,0.5099810393858694,0.5505630121567541,0.18737099173286054,"[""TestDurationField"", ""DurationField"", ""ISOChronology""]","[0.015206812652068127, 0.012658227848101266, 0.010378510378510378]","[0.7195863746958637, 0.3222094361334868, 0.7197802197802198]"
org.joda.time.TestInstant_Basics.testToString,0.019464720194647202,0.019038015072269914,0.018611309949892626,0.03807603014453983,0.019028451193852346,0.01903323253235019,0.0004267051223772883,2.0572655690765926,1.531065874562627,1.0048661800486618,3.062131749125254,1.350220541186173,1.4378026963890533,0.5261996945139654,"[""TestInstant_Basics"", ""Instant""]","[0.019464720194647202, 0.018611309949892626]","[1.0048661800486618, 2.0572655690765926]"
org.joda.time.TestInstant_Basics.testIsEqualNow,0.019464720194647202,0.019038015072269914,0.018611309949892626,0.03807603014453983,0.019028451193852346,0.01903323253235019,0.0004267051223772883,2.0572655690765926,1.531065874562627,1.0048661800486618,3.062131749125254,1.350220541186173,1.4378026963890533,0.5261996945139654,"[""TestInstant_Basics"", ""Instant""]","[0.019464720194647202, 0.018611309949892626]","[1.0048661800486618, 2.0572655690765926]"
org.joda.time.TestInstant_Basics.testToInstant,0.019464720194647202,0.019038015072269914,0.018611309949892626,0.03807603014453983,0.019028451193852346,0.01903323253235019,0.0004267051223772883,2.0572655690765926,1.531065874562627,1.0048661800486618,3.062131749125254,1.350220541186173,1.4378026963890533,0.5261996945139654,"[""TestInstant_Basics"", ""Instant""]","[0.019464720194647202, 0.018611309949892626]","[1.0048661800486618, 2.0572655690765926]"
org.joda.time.TestInstant_Basics.testIsAfterNow,0.019464720194647202,0.019038015072269914,0.018611309949892626,0.03807603014453983,0.019028451193852346,0.01903323253235019,0.0004267051223772883,2.0572655690765926,1.531065874562627,1.0048661800486618,3.062131749125254,1.350220541186173,1.4378026963890533,0.5261996945139654,"[""TestInstant_Basics"", ""Instant""]","[0.019464720194647202, 0.018611309949892626]","[1.0048661800486618, 2.0572655690765926]"
org.joda.time.TestInstant_Basics.testPlus_long,0.019464720194647202,0.019038015072269914,0.018611309949892626,0.03807603014453983,0.019028451193852346,0.01903323253235019,0.0004267051223772883,2.0572655690765926,1.531065874562627,1.0048661800486618,3.062131749125254,1.350220541186173,1.4378026963890533,0.5261996945139654,"[""TestInstant_Basics"", ""Instant""]","[0.019464720194647202, 0.018611309949892626]","[1.0048661800486618, 2.0572655690765926]"
org.joda.time.TestInstant_Basics.testIsAfter_long,0.019464720194647202,0.019038015072269914,0.018611309949892626,0.03807603014453983,0.019028451193852346,0.01903323253235019,0.0004267051223772883,2.0572655690765926,1.531065874562627,1.0048661800486618,3.062131749125254,1.350220541186173,1.4378026963890533,0.5261996945139654,"[""TestInstant_Basics"", ""Instant""]","[0.019464720194647202, 0.018611309949892626]","[1.0048661800486618, 2.0572655690765926]"
org.joda.time.TestInstant_Basics.testIsBeforeNow,0.019464720194647202,0.019038015072269914,0.018611309949892626,0.03807603014453983,0.019028451193852346,0.01903323253235019,0.0004267051223772883,2.0572655690765926,1.531065874562627,1.0048661800486618,3.062131749125254,1.350220541186173,1.4378026963890533,0.5261996945139654,"[""TestInstant_Basics"", ""Instant""]","[0.019464720194647202, 0.018611309949892626]","[1.0048661800486618, 2.0572655690765926]"
org.joda.time.TestInstant_Basics.testIsEqual_long,0.019464720194647202,0.019038015072269914,0.018611309949892626,0.03807603014453983,0.019028451193852346,0.01903323253235019,0.0004267051223772883,2.0572655690765926,1.531065874562627,1.0048661800486618,3.062131749125254,1.350220541186173,1.4378026963890533,0.5261996945139654,"[""TestInstant_Basics"", ""Instant""]","[0.019464720194647202, 0.018611309949892626]","[1.0048661800486618, 2.0572655690765926]"
org.joda.time.TestInstant_Basics.testIsBefore_long,0.019464720194647202,0.019038015072269914,0.018611309949892626,0.03807603014453983,0.019028451193852346,0.01903323253235019,0.0004267051223772883,2.0572655690765926,1.531065874562627,1.0048661800486618,3.062131749125254,1.350220541186173,1.4378026963890533,0.5261996945139654,"[""TestInstant_Basics"", ""Instant""]","[0.019464720194647202, 0.018611309949892626]","[1.0048661800486618, 2.0572655690765926]"
org.joda.time.TestInstant_Basics.testWithMillis_long,0.019464720194647202,0.019038015072269914,0.018611309949892626,0.03807603014453983,0.019028451193852346,0.01903323253235019,0.0004267051223772883,2.0572655690765926,1.531065874562627,1.0048661800486618,3.062131749125254,1.350220541186173,1.4378026963890533,0.5261996945139654,"[""TestInstant_Basics"", ""Instant""]","[0.019464720194647202, 0.018611309949892626]","[1.0048661800486618, 2.0572655690765926]"
org.joda.time.TestInstant_Basics.testMinus_long,0.019464720194647202,0.019038015072269914,0.018611309949892626,0.03807603014453983,0.019028451193852346,0.01903323253235019,0.0004267051223772883,2.0572655690765926,1.531065874562627,1.0048661800486618,3.062131749125254,1.350220541186173,1.4378026963890533,0.5261996945139654,"[""TestInstant_Basics"", ""Instant""]","[0.019464720194647202, 0.018611309949892626]","[1.0048661800486618, 2.0572655690765926]"
org.joda.time.TestInstant_Basics.testTest,0.019464720194647202,0.019038015072269914,0.018611309949892626,0.03807603014453983,0.019028451193852346,0.01903323253235019,0.0004267051223772883,2.0572655690765926,1.531065874562627,1.0048661800486618,3.062131749125254,1.350220541186173,1.4378026963890533,0.5261996945139654,"[""TestInstant_Basics"", ""Instant""]","[0.019464720194647202, 0.018611309949892626]","[1.0048661800486618, 2.0572655690765926]"
org.joda.time.TestInstant_Basics.testWithDurationAdded_long_int,0.019464720194647202,0.019038015072269914,0.018611309949892626,0.03807603014453983,0.019028451193852346,0.01903323253235019,0.0004267051223772883,2.0572655690765926,1.531065874562627,1.0048661800486618,3.062131749125254,1.350220541186173,1.4378026963890533,0.5261996945139654,"[""TestInstant_Basics"", ""Instant""]","[0.019464720194647202, 0.018611309949892626]","[1.0048661800486618, 2.0572655690765926]"
org.joda.time.convert.TestCalendarConverter.testGetInstantMillis_Object_Chronology,0.015770609318996417,0.009417593842858556,0.0026666666666666666,0.03767037537143422,0.0061010987086251006,0.00781171523543923,0.004844565669001536,0.7003584229390681,0.3138454986967668,0.04933333333333333,1.2553819947870672,0.12689183725438183,0.2053550658458533,0.2508588945030627,"[""CalendarConverter"", ""GregorianCalendar"", ""TestCalendarConverter"", ""Date""]","[0.015770609318996417, 0.0115995115995116, 0.007633587786259542, 0.0026666666666666666]","[0.7003584229390681, 0.36446886446886445, 0.14122137404580154, 0.04933333333333333]"
org.joda.time.TestPartial_Constructors.testConstructorEx1_Type_int,0.024943310657596373,0.01870748299319728,0.012471655328798186,0.03741496598639456,0.016628873771730918,0.017637584111229076,0.006235827664399094,3.6621315192743764,2.895691609977324,2.129251700680272,5.791383219954648,2.6928281101007356,2.792418264789463,0.7664399092970522,"[""TestPartial_Constructors"", ""Partial""]","[0.024943310657596373, 0.012471655328798186]","[3.6621315192743764, 2.129251700680272]"
org.joda.time.TestPartial_Constructors.testConstructorEx_Type_int_Chrono,0.024943310657596373,0.01870748299319728,0.012471655328798186,0.03741496598639456,0.016628873771730918,0.017637584111229076,0.006235827664399094,3.6621315192743764,2.895691609977324,2.129251700680272,5.791383219954648,2.6928281101007356,2.792418264789463,0.7664399092970522,"[""TestPartial_Constructors"", ""Partial""]","[0.024943310657596373, 0.012471655328798186]","[3.6621315192743764, 2.129251700680272]"
org.joda.time.TestPartial_Constructors.testConstructorEx1_TypeArray_intArray,0.024943310657596373,0.01870748299319728,0.012471655328798186,0.03741496598639456,0.016628873771730918,0.017637584111229076,0.006235827664399094,3.6621315192743764,2.895691609977324,2.129251700680272,5.791383219954648,2.6928281101007356,2.792418264789463,0.7664399092970522,"[""TestPartial_Constructors"", ""Partial""]","[0.024943310657596373, 0.012471655328798186]","[3.6621315192743764, 2.129251700680272]"
org.joda.time.TestPartial_Constructors.testConstructor,0.024943310657596373,0.01870748299319728,0.012471655328798186,0.03741496598639456,0.016628873771730918,0.017637584111229076,0.006235827664399094,3.6621315192743764,2.895691609977324,2.129251700680272,5.791383219954648,2.6928281101007356,2.792418264789463,0.7664399092970522,"[""TestPartial_Constructors"", ""Partial""]","[0.024943310657596373, 0.012471655328798186]","[3.6621315192743764, 2.129251700680272]"
org.joda.time.TestPartial_Constructors.testConstructor_Chrono,0.024943310657596373,0.01870748299319728,0.012471655328798186,0.03741496598639456,0.016628873771730918,0.017637584111229076,0.006235827664399094,3.6621315192743764,2.895691609977324,2.129251700680272,5.791383219954648,2.6928281101007356,2.792418264789463,0.7664399092970522,"[""TestPartial_Constructors"", ""Partial""]","[0.024943310657596373, 0.012471655328798186]","[3.6621315192743764, 2.129251700680272]"
org.joda.time.TestPartial_Constructors.testConstructorEx_Partial,0.024943310657596373,0.01870748299319728,0.012471655328798186,0.03741496598639456,0.016628873771730918,0.017637584111229076,0.006235827664399094,3.6621315192743764,2.895691609977324,2.129251700680272,5.791383219954648,2.6928281101007356,2.792418264789463,0.7664399092970522,"[""TestPartial_Constructors"", ""Partial""]","[0.024943310657596373, 0.012471655328798186]","[3.6621315192743764, 2.129251700680272]"
org.joda.time.TestPartial_Constructors.testConstructor2_TypeArray_intArray,0.024943310657596373,0.01870748299319728,0.012471655328798186,0.03741496598639456,0.016628873771730918,0.017637584111229076,0.006235827664399094,3.6621315192743764,2.895691609977324,2.129251700680272,5.791383219954648,2.6928281101007356,2.792418264789463,0.7664399092970522,"[""TestPartial_Constructors"", ""Partial""]","[0.024943310657596373, 0.012471655328798186]","[3.6621315192743764, 2.129251700680272]"
org.joda.time.field.TestOffsetDateTimeField.test_getName,0.015206812652068127,0.012464896254542201,0.009732360097323601,0.0373946887636266,0.012058085520536069,0.01226138031037442,0.0022349457391203607,2.074733096085409,1.1577171958565313,0.6788321167883211,3.473151587569594,0.8969158944736738,1.0044674068093127,0.6486415796821503,"[""OffsetDateTimeField"", ""TestOffsetDateTimeField"", ""ISOChronology""]","[0.015206812652068127, 0.012455516014234875, 0.009732360097323601]","[0.7195863746958637, 2.074733096085409, 0.6788321167883211]"
org.joda.time.field.TestOffsetDateTimeField.test_roundCeiling_long,0.015206812652068127,0.012464896254542201,0.009732360097323601,0.0373946887636266,0.012058085520536069,0.01226138031037442,0.0022349457391203607,2.074733096085409,1.1577171958565313,0.6788321167883211,3.473151587569594,0.8969158944736738,1.0044674068093127,0.6486415796821503,"[""TestOffsetDateTimeField"", ""ISOChronology"", ""TestOffsetDateTimeField$MockOffsetDateTimeField"", ""OffsetDateTimeField""]","[0.015206812652068127, 0.012455516014234875, 0.009732360097323601]","[0.7195863746958637, 2.074733096085409, 0.6788321167883211]"
org.joda.time.field.TestOffsetDateTimeField.test_isLenient,0.015206812652068127,0.012464896254542201,0.009732360097323601,0.0373946887636266,0.012058085520536069,0.01226138031037442,0.0022349457391203607,2.074733096085409,1.1577171958565313,0.6788321167883211,3.473151587569594,0.8969158944736738,1.0044674068093127,0.6486415796821503,"[""TestOffsetDateTimeField"", ""ISOChronology"", ""TestOffsetDateTimeField$MockOffsetDateTimeField"", ""OffsetDateTimeField""]","[0.015206812652068127, 0.012455516014234875, 0.009732360097323601]","[0.7195863746958637, 2.074733096085409, 0.6788321167883211]"
org.joda.time.field.TestOffsetDateTimeField.test_remainder_long,0.015206812652068127,0.012464896254542201,0.009732360097323601,0.0373946887636266,0.012058085520536069,0.01226138031037442,0.0022349457391203607,2.074733096085409,1.1577171958565313,0.6788321167883211,3.473151587569594,0.8969158944736738,1.0044674068093127,0.6486415796821503,"[""TestOffsetDateTimeField"", ""ISOChronology"", ""TestOffsetDateTimeField$MockOffsetDateTimeField"", ""OffsetDateTimeField""]","[0.015206812652068127, 0.012455516014234875, 0.009732360097323601]","[0.7195863746958637, 2.074733096085409, 0.6788321167883211]"
org.joda.time.field.TestOffsetDateTimeField.test_getMinimumValue,0.015206812652068127,0.012464896254542201,0.009732360097323601,0.0373946887636266,0.012058085520536069,0.01226138031037442,0.0022349457391203607,2.074733096085409,1.1577171958565313,0.6788321167883211,3.473151587569594,0.8969158944736738,1.0044674068093127,0.6486415796821503,"[""TestOffsetDateTimeField"", ""ISOChronology"", ""TestOffsetDateTimeField$MockOffsetDateTimeField"", ""OffsetDateTimeField""]","[0.015206812652068127, 0.012455516014234875, 0.009732360097323601]","[0.7195863746958637, 2.074733096085409, 0.6788321167883211]"
org.joda.time.field.TestOffsetDateTimeField.test_getMaximumValue,0.015206812652068127,0.012464896254542201,0.009732360097323601,0.0373946887636266,0.012058085520536069,0.01226138031037442,0.0022349457391203607,2.074733096085409,1.1577171958565313,0.6788321167883211,3.473151587569594,0.8969158944736738,1.0044674068093127,0.6486415796821503,"[""TestOffsetDateTimeField"", ""ISOChronology"", ""TestOffsetDateTimeField$MockOffsetDateTimeField"", ""OffsetDateTimeField""]","[0.015206812652068127, 0.012455516014234875, 0.009732360097323601]","[0.7195863746958637, 2.074733096085409, 0.6788321167883211]"
org.joda.time.field.TestOffsetDateTimeField.test_getAsShortText_long_Locale,0.015206812652068127,0.012464896254542201,0.009732360097323601,0.0373946887636266,0.012058085520536069,0.01226138031037442,0.0022349457391203607,2.074733096085409,1.1577171958565313,0.6788321167883211,3.473151587569594,0.8969158944736738,1.0044674068093127,0.6486415796821503,"[""TestOffsetDateTimeField"", ""ISOChronology"", ""TestOffsetDateTimeField$MockOffsetDateTimeField"", ""OffsetDateTimeField""]","[0.015206812652068127, 0.012455516014234875, 0.009732360097323601]","[0.7195863746958637, 2.074733096085409, 0.6788321167883211]"
org.joda.time.field.TestOffsetDateTimeField.test_convertText,0.015206812652068127,0.012464896254542201,0.009732360097323601,0.0373946887636266,0.012058085520536069,0.01226138031037442,0.0022349457391203607,2.074733096085409,1.1577171958565313,0.6788321167883211,3.473151587569594,0.8969158944736738,1.0044674068093127,0.6486415796821503,"[""TestOffsetDateTimeField"", ""ISOChronology"", ""TestOffsetDateTimeField$MockOffsetDateTimeField"", ""OffsetDateTimeField""]","[0.015206812652068127, 0.012455516014234875, 0.009732360097323601]","[0.7195863746958637, 2.074733096085409, 0.6788321167883211]"
org.joda.time.field.TestOffsetDateTimeField.test_set_long_int,0.015206812652068127,0.012464896254542201,0.009732360097323601,0.0373946887636266,0.012058085520536069,0.01226138031037442,0.0022349457391203607,2.074733096085409,1.1577171958565313,0.6788321167883211,3.473151587569594,0.8969158944736738,1.0044674068093127,0.6486415796821503,"[""TestOffsetDateTimeField"", ""ISOChronology"", ""TestOffsetDateTimeField$MockOffsetDateTimeField"", ""OffsetDateTimeField""]","[0.015206812652068127, 0.012455516014234875, 0.009732360097323601]","[0.7195863746958637, 2.074733096085409, 0.6788321167883211]"
org.joda.time.field.TestOffsetDateTimeField.test_toString,0.015206812652068127,0.012464896254542201,0.009732360097323601,0.0373946887636266,0.012058085520536069,0.01226138031037442,0.0022349457391203607,2.074733096085409,1.1577171958565313,0.6788321167883211,3.473151587569594,0.8969158944736738,1.0044674068093127,0.6486415796821503,"[""OffsetDateTimeField"", ""TestOffsetDateTimeField"", ""ISOChronology""]","[0.015206812652068127, 0.012455516014234875, 0.009732360097323601]","[0.7195863746958637, 2.074733096085409, 0.6788321167883211]"
org.joda.time.field.TestOffsetDateTimeField.test_set_long_String,0.015206812652068127,0.012464896254542201,0.009732360097323601,0.0373946887636266,0.012058085520536069,0.01226138031037442,0.0022349457391203607,2.074733096085409,1.1577171958565313,0.6788321167883211,3.473151587569594,0.8969158944736738,1.0044674068093127,0.6486415796821503,"[""TestOffsetDateTimeField"", ""ISOChronology"", ""TestOffsetDateTimeField$MockOffsetDateTimeField"", ""OffsetDateTimeField""]","[0.015206812652068127, 0.012455516014234875, 0.009732360097323601]","[0.7195863746958637, 2.074733096085409, 0.6788321167883211]"
org.joda.time.field.TestOffsetDateTimeField.test_isSupported,0.015206812652068127,0.012464896254542201,0.009732360097323601,0.0373946887636266,0.012058085520536069,0.01226138031037442,0.0022349457391203607,2.074733096085409,1.1577171958565313,0.6788321167883211,3.473151587569594,0.8969158944736738,1.0044674068093127,0.6486415796821503,"[""TestOffsetDateTimeField"", ""ISOChronology"", ""TestOffsetDateTimeField$MockOffsetDateTimeField"", ""OffsetDateTimeField""]","[0.015206812652068127, 0.012455516014234875, 0.009732360097323601]","[0.7195863746958637, 2.074733096085409, 0.6788321167883211]"
org.joda.time.field.TestOffsetDateTimeField.test_getAsShortText_long,0.015206812652068127,0.012464896254542201,0.009732360097323601,0.0373946887636266,0.012058085520536069,0.01226138031037442,0.0022349457391203607,2.074733096085409,1.1577171958565313,0.6788321167883211,3.473151587569594,0.8969158944736738,1.0044674068093127,0.6486415796821503,"[""TestOffsetDateTimeField"", ""ISOChronology"", ""TestOffsetDateTimeField$MockOffsetDateTimeField"", ""OffsetDateTimeField""]","[0.015206812652068127, 0.012455516014234875, 0.009732360097323601]","[0.7195863746958637, 2.074733096085409, 0.6788321167883211]"
org.joda.time.field.TestOffsetDateTimeField.test_getDifference_long_long,0.015206812652068127,0.012464896254542201,0.009732360097323601,0.0373946887636266,0.012058085520536069,0.01226138031037442,0.0022349457391203607,2.074733096085409,1.1577171958565313,0.6788321167883211,3.473151587569594,0.8969158944736738,1.0044674068093127,0.6486415796821503,"[""TestOffsetDateTimeField"", ""ISOChronology"", ""TestOffsetDateTimeField$MockOffsetDateTimeField"", ""OffsetDateTimeField""]","[0.015206812652068127, 0.012455516014234875, 0.009732360097323601]","[0.7195863746958637, 2.074733096085409, 0.6788321167883211]"
org.joda.time.field.TestOffsetDateTimeField.test_getMinimumValue_long,0.015206812652068127,0.012464896254542201,0.009732360097323601,0.0373946887636266,0.012058085520536069,0.01226138031037442,0.0022349457391203607,2.074733096085409,1.1577171958565313,0.6788321167883211,3.473151587569594,0.8969158944736738,1.0044674068093127,0.6486415796821503,"[""TestOffsetDateTimeField"", ""ISOChronology"", ""TestOffsetDateTimeField$MockOffsetDateTimeField"", ""OffsetDateTimeField""]","[0.015206812652068127, 0.012455516014234875, 0.009732360097323601]","[0.7195863746958637, 2.074733096085409, 0.6788321167883211]"
org.joda.time.field.TestOffsetDateTimeField.test_set_long_String_Locale,0.015206812652068127,0.012464896254542201,0.009732360097323601,0.0373946887636266,0.012058085520536069,0.01226138031037442,0.0022349457391203607,2.074733096085409,1.1577171958565313,0.6788321167883211,3.473151587569594,0.8969158944736738,1.0044674068093127,0.6486415796821503,"[""TestOffsetDateTimeField"", ""ISOChronology"", ""TestOffsetDateTimeField$MockOffsetDateTimeField"", ""OffsetDateTimeField""]","[0.015206812652068127, 0.012455516014234875, 0.009732360097323601]","[0.7195863746958637, 2.074733096085409, 0.6788321167883211]"
org.joda.time.field.TestOffsetDateTimeField.test_getAsText_int_Locale,0.015206812652068127,0.012464896254542201,0.009732360097323601,0.0373946887636266,0.012058085520536069,0.01226138031037442,0.0022349457391203607,2.074733096085409,1.1577171958565313,0.6788321167883211,3.473151587569594,0.8969158944736738,1.0044674068093127,0.6486415796821503,"[""TestOffsetDateTimeField"", ""ISOChronology"", ""TestOffsetDateTimeField$MockOffsetDateTimeField"", ""OffsetDateTimeField""]","[0.015206812652068127, 0.012455516014234875, 0.009732360097323601]","[0.7195863746958637, 2.074733096085409, 0.6788321167883211]"
org.joda.time.field.TestOffsetDateTimeField.test_roundFloor_long,0.015206812652068127,0.012464896254542201,0.009732360097323601,0.0373946887636266,0.012058085520536069,0.01226138031037442,0.0022349457391203607,2.074733096085409,1.1577171958565313,0.6788321167883211,3.473151587569594,0.8969158944736738,1.0044674068093127,0.6486415796821503,"[""TestOffsetDateTimeField"", ""ISOChronology"", ""TestOffsetDateTimeField$MockOffsetDateTimeField"", ""OffsetDateTimeField""]","[0.015206812652068127, 0.012455516014234875, 0.009732360097323601]","[0.7195863746958637, 2.074733096085409, 0.6788321167883211]"
org.joda.time.field.TestOffsetDateTimeField.test_getMaximumShortTextLength_Locale,0.015206812652068127,0.012464896254542201,0.009732360097323601,0.0373946887636266,0.012058085520536069,0.01226138031037442,0.0022349457391203607,2.074733096085409,1.1577171958565313,0.6788321167883211,3.473151587569594,0.8969158944736738,1.0044674068093127,0.6486415796821503,"[""TestOffsetDateTimeField"", ""ISOChronology"", ""TestOffsetDateTimeField$MockOffsetDateTimeField"", ""OffsetDateTimeField""]","[0.015206812652068127, 0.012455516014234875, 0.009732360097323601]","[0.7195863746958637, 2.074733096085409, 0.6788321167883211]"
org.joda.time.field.TestOffsetDateTimeField.test_getAsText_long,0.015206812652068127,0.012464896254542201,0.009732360097323601,0.0373946887636266,0.012058085520536069,0.01226138031037442,0.0022349457391203607,2.074733096085409,1.1577171958565313,0.6788321167883211,3.473151587569594,0.8969158944736738,1.0044674068093127,0.6486415796821503,"[""TestOffsetDateTimeField"", ""ISOChronology"", ""TestOffsetDateTimeField$MockOffsetDateTimeField"", ""OffsetDateTimeField""]","[0.015206812652068127, 0.012455516014234875, 0.009732360097323601]","[0.7195863746958637, 2.074733096085409, 0.6788321167883211]"
org.joda.time.field.TestOffsetDateTimeField.test_add_long_int,0.015206812652068127,0.012464896254542201,0.009732360097323601,0.0373946887636266,0.012058085520536069,0.01226138031037442,0.0022349457391203607,2.074733096085409,1.1577171958565313,0.6788321167883211,3.473151587569594,0.8969158944736738,1.0044674068093127,0.6486415796821503,"[""TestOffsetDateTimeField"", ""ISOChronology"", ""TestOffsetDateTimeField$MockOffsetDateTimeField"", ""OffsetDateTimeField""]","[0.015206812652068127, 0.012455516014234875, 0.009732360097323601]","[0.7195863746958637, 2.074733096085409, 0.6788321167883211]"
org.joda.time.field.TestOffsetDateTimeField.test_getAsShortText_int_Locale,0.015206812652068127,0.012464896254542201,0.009732360097323601,0.0373946887636266,0.012058085520536069,0.01226138031037442,0.0022349457391203607,2.074733096085409,1.1577171958565313,0.6788321167883211,3.473151587569594,0.8969158944736738,1.0044674068093127,0.6486415796821503,"[""TestOffsetDateTimeField"", ""ISOChronology"", ""TestOffsetDateTimeField$MockOffsetDateTimeField"", ""OffsetDateTimeField""]","[0.015206812652068127, 0.012455516014234875, 0.009732360097323601]","[0.7195863746958637, 2.074733096085409, 0.6788321167883211]"
org.joda.time.field.TestOffsetDateTimeField.test_getMaximumValue_long,0.015206812652068127,0.012464896254542201,0.009732360097323601,0.0373946887636266,0.012058085520536069,0.01226138031037442,0.0022349457391203607,2.074733096085409,1.1577171958565313,0.6788321167883211,3.473151587569594,0.8969158944736738,1.0044674068093127,0.6486415796821503,"[""TestOffsetDateTimeField"", ""ISOChronology"", ""TestOffsetDateTimeField$MockOffsetDateTimeField"", ""OffsetDateTimeField""]","[0.015206812652068127, 0.012455516014234875, 0.009732360097323601]","[0.7195863746958637, 2.074733096085409, 0.6788321167883211]"
org.joda.time.field.TestOffsetDateTimeField.test_add_long_long,0.015206812652068127,0.012464896254542201,0.009732360097323601,0.0373946887636266,0.012058085520536069,0.01226138031037442,0.0022349457391203607,2.074733096085409,1.1577171958565313,0.6788321167883211,3.473151587569594,0.8969158944736738,1.0044674068093127,0.6486415796821503,"[""TestOffsetDateTimeField"", ""ISOChronology"", ""TestOffsetDateTimeField$MockOffsetDateTimeField"", ""OffsetDateTimeField""]","[0.015206812652068127, 0.012455516014234875, 0.009732360097323601]","[0.7195863746958637, 2.074733096085409, 0.6788321167883211]"
org.joda.time.field.TestOffsetDateTimeField.test_isLeap_long,0.015206812652068127,0.012464896254542201,0.009732360097323601,0.0373946887636266,0.012058085520536069,0.01226138031037442,0.0022349457391203607,2.074733096085409,1.1577171958565313,0.6788321167883211,3.473151587569594,0.8969158944736738,1.0044674068093127,0.6486415796821503,"[""TestOffsetDateTimeField"", ""ISOChronology"", ""TestOffsetDateTimeField$MockOffsetDateTimeField"", ""OffsetDateTimeField""]","[0.015206812652068127, 0.012455516014234875, 0.009732360097323601]","[0.7195863746958637, 2.074733096085409, 0.6788321167883211]"
org.joda.time.field.TestOffsetDateTimeField.test_getDifferenceAsLong_long_long,0.015206812652068127,0.012464896254542201,0.009732360097323601,0.0373946887636266,0.012058085520536069,0.01226138031037442,0.0022349457391203607,2.074733096085409,1.1577171958565313,0.6788321167883211,3.473151587569594,0.8969158944736738,1.0044674068093127,0.6486415796821503,"[""TestOffsetDateTimeField"", ""ISOChronology"", ""TestOffsetDateTimeField$MockOffsetDateTimeField"", ""OffsetDateTimeField""]","[0.015206812652068127, 0.012455516014234875, 0.009732360097323601]","[0.7195863746958637, 2.074733096085409, 0.6788321167883211]"
org.joda.time.field.TestOffsetDateTimeField.test_getLeapAmount_long,0.015206812652068127,0.012464896254542201,0.009732360097323601,0.0373946887636266,0.012058085520536069,0.01226138031037442,0.0022349457391203607,2.074733096085409,1.1577171958565313,0.6788321167883211,3.473151587569594,0.8969158944736738,1.0044674068093127,0.6486415796821503,"[""TestOffsetDateTimeField"", ""ISOChronology"", ""TestOffsetDateTimeField$MockOffsetDateTimeField"", ""OffsetDateTimeField""]","[0.015206812652068127, 0.012455516014234875, 0.009732360097323601]","[0.7195863746958637, 2.074733096085409, 0.6788321167883211]"
org.joda.time.field.TestOffsetDateTimeField.test_getAsText_long_Locale,0.015206812652068127,0.012464896254542201,0.009732360097323601,0.0373946887636266,0.012058085520536069,0.01226138031037442,0.0022349457391203607,2.074733096085409,1.1577171958565313,0.6788321167883211,3.473151587569594,0.8969158944736738,1.0044674068093127,0.6486415796821503,"[""TestOffsetDateTimeField"", ""ISOChronology"", ""TestOffsetDateTimeField$MockOffsetDateTimeField"", ""OffsetDateTimeField""]","[0.015206812652068127, 0.012455516014234875, 0.009732360097323601]","[0.7195863746958637, 2.074733096085409, 0.6788321167883211]"
org.joda.time.field.TestOffsetDateTimeField.test_addWrapField_long_int,0.015206812652068127,0.012464896254542201,0.009732360097323601,0.0373946887636266,0.012058085520536069,0.01226138031037442,0.0022349457391203607,2.074733096085409,1.1577171958565313,0.6788321167883211,3.473151587569594,0.8969158944736738,1.0044674068093127,0.6486415796821503,"[""TestOffsetDateTimeField"", ""ISOChronology"", ""TestOffsetDateTimeField$MockOffsetDateTimeField"", ""OffsetDateTimeField""]","[0.015206812652068127, 0.012455516014234875, 0.009732360097323601]","[0.7195863746958637, 2.074733096085409, 0.6788321167883211]"
org.joda.time.field.TestOffsetDateTimeField.test_getOffset,0.015206812652068127,0.012464896254542201,0.009732360097323601,0.0373946887636266,0.012058085520536069,0.01226138031037442,0.0022349457391203607,2.074733096085409,1.1577171958565313,0.6788321167883211,3.473151587569594,0.8969158944736738,1.0044674068093127,0.6486415796821503,"[""OffsetDateTimeField"", ""TestOffsetDateTimeField"", ""ISOChronology""]","[0.015206812652068127, 0.012455516014234875, 0.009732360097323601]","[0.7195863746958637, 2.074733096085409, 0.6788321167883211]"
org.joda.time.field.TestOffsetDateTimeField.test_getLeapDurationField,0.015206812652068127,0.012464896254542201,0.009732360097323601,0.0373946887636266,0.012058085520536069,0.01226138031037442,0.0022349457391203607,2.074733096085409,1.1577171958565313,0.6788321167883211,3.473151587569594,0.8969158944736738,1.0044674068093127,0.6486415796821503,"[""TestOffsetDateTimeField"", ""ISOChronology"", ""TestOffsetDateTimeField$MockOffsetDateTimeField"", ""OffsetDateTimeField""]","[0.015206812652068127, 0.012455516014234875, 0.009732360097323601]","[0.7195863746958637, 2.074733096085409, 0.6788321167883211]"
org.joda.time.field.TestOffsetDateTimeField.test_getMaximumTextLength_Locale,0.015206812652068127,0.012464896254542201,0.009732360097323601,0.0373946887636266,0.012058085520536069,0.01226138031037442,0.0022349457391203607,2.074733096085409,1.1577171958565313,0.6788321167883211,3.473151587569594,0.8969158944736738,1.0044674068093127,0.6486415796821503,"[""TestOffsetDateTimeField"", ""ISOChronology"", ""TestOffsetDateTimeField$MockOffsetDateTimeField"", ""OffsetDateTimeField""]","[0.015206812652068127, 0.012455516014234875, 0.009732360097323601]","[0.7195863746958637, 2.074733096085409, 0.6788321167883211]"
org.joda.time.field.TestOffsetDateTimeField.test_roundHalfEven_long,0.015206812652068127,0.012464896254542201,0.009732360097323601,0.0373946887636266,0.012058085520536069,0.01226138031037442,0.0022349457391203607,2.074733096085409,1.1577171958565313,0.6788321167883211,3.473151587569594,0.8969158944736738,1.0044674068093127,0.6486415796821503,"[""TestOffsetDateTimeField"", ""ISOChronology"", ""TestOffsetDateTimeField$MockOffsetDateTimeField"", ""OffsetDateTimeField""]","[0.015206812652068127, 0.012455516014234875, 0.009732360097323601]","[0.7195863746958637, 2.074733096085409, 0.6788321167883211]"
org.joda.time.field.TestOffsetDateTimeField.test_roundHalfCeiling_long,0.015206812652068127,0.012464896254542201,0.009732360097323601,0.0373946887636266,0.012058085520536069,0.01226138031037442,0.0022349457391203607,2.074733096085409,1.1577171958565313,0.6788321167883211,3.473151587569594,0.8969158944736738,1.0044674068093127,0.6486415796821503,"[""TestOffsetDateTimeField"", ""ISOChronology"", ""TestOffsetDateTimeField$MockOffsetDateTimeField"", ""OffsetDateTimeField""]","[0.015206812652068127, 0.012455516014234875, 0.009732360097323601]","[0.7195863746958637, 2.074733096085409, 0.6788321167883211]"
org.joda.time.field.TestOffsetDateTimeField.test_get,0.015206812652068127,0.012464896254542201,0.009732360097323601,0.0373946887636266,0.012058085520536069,0.01226138031037442,0.0022349457391203607,2.074733096085409,1.1577171958565313,0.6788321167883211,3.473151587569594,0.8969158944736738,1.0044674068093127,0.6486415796821503,"[""TestOffsetDateTimeField"", ""ISOChronology"", ""TestOffsetDateTimeField$MockOffsetDateTimeField"", ""OffsetDateTimeField""]","[0.015206812652068127, 0.012455516014234875, 0.009732360097323601]","[0.7195863746958637, 2.074733096085409, 0.6788321167883211]"
org.joda.time.field.TestOffsetDateTimeField.test_roundHalfFloor_long,0.015206812652068127,0.012464896254542201,0.009732360097323601,0.0373946887636266,0.012058085520536069,0.01226138031037442,0.0022349457391203607,2.074733096085409,1.1577171958565313,0.6788321167883211,3.473151587569594,0.8969158944736738,1.0044674068093127,0.6486415796821503,"[""TestOffsetDateTimeField"", ""ISOChronology"", ""TestOffsetDateTimeField$MockOffsetDateTimeField"", ""OffsetDateTimeField""]","[0.015206812652068127, 0.012455516014234875, 0.009732360097323601]","[0.7195863746958637, 2.074733096085409, 0.6788321167883211]"
org.joda.time.format.TestISOPeriodFormatParsing.testParseStandardFail2,0.014856081708449397,0.012463034747157311,0.009324009324009324,0.03738910424147193,0.011987131461813053,0.012230919777811228,0.002319241128161794,1.1173271173271173,0.9106773758584343,0.6379176379176379,2.732032127575303,0.8604968793432566,0.8863018625306193,0.20122336007875122,"[""ISOPeriodFormat"", ""PeriodFormatter"", ""TestISOPeriodFormatParsing""]","[0.014856081708449397, 0.01320901320901321, 0.009324009324009324]","[0.9767873723305478, 0.6379176379176379, 1.1173271173271173]"
org.joda.time.format.TestISOPeriodFormatParsing.testParseStandardFail1,0.014856081708449397,0.012463034747157311,0.009324009324009324,0.03738910424147193,0.011987131461813053,0.012230919777811228,0.002319241128161794,1.1173271173271173,0.9106773758584343,0.6379176379176379,2.732032127575303,0.8604968793432566,0.8863018625306193,0.20122336007875122,"[""ISOPeriodFormat"", ""PeriodFormatter"", ""TestISOPeriodFormatParsing""]","[0.014856081708449397, 0.01320901320901321, 0.009324009324009324]","[0.9767873723305478, 0.6379176379176379, 1.1173271173271173]"
org.joda.time.format.TestISOPeriodFormatParsing.testParseStandardFail3,0.014856081708449397,0.012463034747157311,0.009324009324009324,0.03738910424147193,0.011987131461813053,0.012230919777811228,0.002319241128161794,1.1173271173271173,0.9106773758584343,0.6379176379176379,2.732032127575303,0.8604968793432566,0.8863018625306193,0.20122336007875122,"[""ISOPeriodFormat"", ""PeriodFormatter"", ""TestISOPeriodFormatParsing""]","[0.014856081708449397, 0.01320901320901321, 0.009324009324009324]","[0.9767873723305478, 0.6379176379176379, 1.1173271173271173]"
org.joda.time.format.TestISOPeriodFormatParsing.testParseStandardFail4,0.014856081708449397,0.012463034747157311,0.009324009324009324,0.03738910424147193,0.011987131461813053,0.012230919777811228,0.002319241128161794,1.1173271173271173,0.9106773758584343,0.6379176379176379,2.732032127575303,0.8604968793432566,0.8863018625306193,0.20122336007875122,"[""ISOPeriodFormat"", ""PeriodFormatter"", ""TestISOPeriodFormatParsing""]","[0.014856081708449397, 0.01320901320901321, 0.009324009324009324]","[0.9767873723305478, 0.6379176379176379, 1.1173271173271173]"
org.joda.time.chrono.TestGregorianChronology.testWithZone,0.02068126520681265,0.018552311435523113,0.016423357664233577,0.037104622871046225,0.018308005265047268,0.018429753537157076,0.002128953771289537,1.281021897810219,0.9701946472019465,0.6593673965936739,1.940389294403893,0.8706130013957851,0.9190560775810209,0.31082725060827254,"[""TestGregorianChronology"", ""GregorianChronology""]","[0.02068126520681265, 0.016423357664233577]","[1.281021897810219, 0.6593673965936739]"
org.joda.time.chrono.TestGregorianChronology.testEquality,0.02068126520681265,0.018552311435523113,0.016423357664233577,0.037104622871046225,0.018308005265047268,0.018429753537157076,0.002128953771289537,1.281021897810219,0.9701946472019465,0.6593673965936739,1.940389294403893,0.8706130013957851,0.9190560775810209,0.31082725060827254,"[""TestGregorianChronology"", ""GregorianChronology""]","[0.02068126520681265, 0.016423357664233577]","[1.281021897810219, 0.6593673965936739]"
org.joda.time.chrono.TestGregorianChronology.testFactory_Zone,0.02068126520681265,0.018552311435523113,0.016423357664233577,0.037104622871046225,0.018308005265047268,0.018429753537157076,0.002128953771289537,1.281021897810219,0.9701946472019465,0.6593673965936739,1.940389294403893,0.8706130013957851,0.9190560775810209,0.31082725060827254,"[""Object"", ""TestGregorianChronology"", ""GregorianChronology""]","[0.02068126520681265, 0.016423357664233577]","[1.281021897810219, 0.6593673965936739]"
org.joda.time.chrono.TestGregorianChronology.testFactoryUTC,0.02068126520681265,0.018552311435523113,0.016423357664233577,0.037104622871046225,0.018308005265047268,0.018429753537157076,0.002128953771289537,1.281021897810219,0.9701946472019465,0.6593673965936739,1.940389294403893,0.8706130013957851,0.9190560775810209,0.31082725060827254,"[""Object"", ""TestGregorianChronology"", ""GregorianChronology""]","[0.02068126520681265, 0.016423357664233577]","[1.281021897810219, 0.6593673965936739]"
org.joda.time.chrono.TestGregorianChronology.testWithUTC,0.02068126520681265,0.018552311435523113,0.016423357664233577,0.037104622871046225,0.018308005265047268,0.018429753537157076,0.002128953771289537,1.281021897810219,0.9701946472019465,0.6593673965936739,1.940389294403893,0.8706130013957851,0.9190560775810209,0.31082725060827254,"[""TestGregorianChronology"", ""GregorianChronology""]","[0.02068126520681265, 0.016423357664233577]","[1.281021897810219, 0.6593673965936739]"
org.joda.time.chrono.TestGregorianChronology.testToString,0.02068126520681265,0.018552311435523113,0.016423357664233577,0.037104622871046225,0.018308005265047268,0.018429753537157076,0.002128953771289537,1.281021897810219,0.9701946472019465,0.6593673965936739,1.940389294403893,0.8706130013957851,0.9190560775810209,0.31082725060827254,"[""TestGregorianChronology"", ""GregorianChronology""]","[0.02068126520681265, 0.016423357664233577]","[1.281021897810219, 0.6593673965936739]"
org.joda.time.chrono.TestGregorianChronology.testFactory_Zone_int,0.02068126520681265,0.018552311435523113,0.016423357664233577,0.037104622871046225,0.018308005265047268,0.018429753537157076,0.002128953771289537,1.281021897810219,0.9701946472019465,0.6593673965936739,1.940389294403893,0.8706130013957851,0.9190560775810209,0.31082725060827254,"[""TestGregorianChronology"", ""GregorianChronology""]","[0.02068126520681265, 0.016423357664233577]","[1.281021897810219, 0.6593673965936739]"
org.joda.time.chrono.TestGregorianChronology.testFactory,0.02068126520681265,0.018552311435523113,0.016423357664233577,0.037104622871046225,0.018308005265047268,0.018429753537157076,0.002128953771289537,1.281021897810219,0.9701946472019465,0.6593673965936739,1.940389294403893,0.8706130013957851,0.9190560775810209,0.31082725060827254,"[""Object"", ""TestGregorianChronology"", ""GregorianChronology""]","[0.02068126520681265, 0.016423357664233577]","[1.281021897810219, 0.6593673965936739]"
org.joda.time.TestSerialization.testSerializedDateTimeZoneUTC,0.02178649237472767,0.01235122264908225,0.007633587786259542,0.03705366794724675,0.009743423189347192,0.010827999849207267,0.0066717432053280115,2.4553376906318083,0.885875922322562,0.09541984732824428,2.657627766967686,0.14818899114898407,0.2925514326934221,1.1097869043044377,"[""StringBuilder"", ""ByteArrayOutputStream"", ""ObjectInputStream"", ""TestSerialization"", ""FileInputStream"", ""ObjectOutputStream"", ""ByteArrayInputStream""]","[0.02178649237472767, 0.007633587786259542, 0.007633587786259542]","[2.4553376906318083, 0.09541984732824428, 0.10687022900763359]"
org.joda.time.TestMutableInterval_Constructors.testTest,0.019464720194647202,0.01838696277238261,0.01730920535011802,0.03677392554476522,0.018323789692868298,0.018355349055023104,0.0010777574222645917,2.4287962234461054,1.7168312017473837,1.0048661800486618,3.4336624034947674,1.4215813300031221,1.562246838105587,0.7119650216987218,"[""TestMutableInterval_Constructors"", ""Instant""]","[0.019464720194647202, 0.01730920535011802]","[1.0048661800486618, 2.4287962234461054]"
org.joda.time.format.TestISODateTimeFormat_Fields.testForFields_null,0.023114355231143552,0.018352194603114245,0.013590033975084938,0.03670438920622849,0.017116474606809054,0.017723568289241952,0.004762160628029307,5.301245753114383,4.851352803564491,4.401459854014599,9.702705607128982,4.8096317261145085,4.830447221386271,0.44989294954989223,"[""TestISODateTimeFormat_Fields"", ""ISODateTimeFormat""]","[0.023114355231143552, 0.013590033975084938]","[4.401459854014599, 5.301245753114383]"
org.joda.time.format.TestISODateTimeFormat_Fields.testForFields_empty,0.023114355231143552,0.018352194603114245,0.013590033975084938,0.03670438920622849,0.017116474606809054,0.017723568289241952,0.004762160628029307,5.301245753114383,4.851352803564491,4.401459854014599,9.702705607128982,4.8096317261145085,4.830447221386271,0.44989294954989223,"[""TestISODateTimeFormat_Fields"", ""ISODateTimeFormat"", ""ArrayList""]","[0.023114355231143552, 0.013590033975084938]","[4.401459854014599, 5.301245753114383]"
org.joda.time.TestMutableInterval_Constructors.testConstructor_RI_RP5,0.019350811485642945,0.018330008417880482,0.01730920535011802,0.036660016835760964,0.018273159622211804,0.018301561946905413,0.001020803067762463,2.4287962234461054,1.880440558664376,1.3320848938826466,3.760881117328752,1.7205344485176204,1.7987114164233733,0.5483556647817294,"[""MutableInterval"", ""TestMutableInterval_Constructors""]","[0.019350811485642945, 0.01730920535011802]","[1.3320848938826466, 2.4287962234461054]"
org.joda.time.TestMutableInterval_Constructors.testConstructor_RP_RI5,0.019350811485642945,0.018330008417880482,0.01730920535011802,0.036660016835760964,0.018273159622211804,0.018301561946905413,0.001020803067762463,2.4287962234461054,1.880440558664376,1.3320848938826466,3.760881117328752,1.7205344485176204,1.7987114164233733,0.5483556647817294,"[""MutableInterval"", ""TestMutableInterval_Constructors""]","[0.019350811485642945, 0.01730920535011802]","[1.3320848938826466, 2.4287962234461054]"
org.joda.time.TestMutableInterval_Constructors.testConstructor_RI_RD2,0.019350811485642945,0.018330008417880482,0.01730920535011802,0.036660016835760964,0.018273159622211804,0.018301561946905413,0.001020803067762463,2.4287962234461054,1.880440558664376,1.3320848938826466,3.760881117328752,1.7205344485176204,1.7987114164233733,0.5483556647817294,"[""MutableInterval"", ""TestMutableInterval_Constructors""]","[0.019350811485642945, 0.01730920535011802]","[1.3320848938826466, 2.4287962234461054]"
org.joda.time.TestMutableInterval_Constructors.testConstructor,0.019350811485642945,0.018330008417880482,0.01730920535011802,0.036660016835760964,0.018273159622211804,0.018301561946905413,0.001020803067762463,2.4287962234461054,1.880440558664376,1.3320848938826466,3.760881117328752,1.7205344485176204,1.7987114164233733,0.5483556647817294,"[""MutableInterval"", ""TestMutableInterval_Constructors""]","[0.019350811485642945, 0.01730920535011802]","[1.3320848938826466, 2.4287962234461054]"
org.joda.time.TestMutableInterval_Constructors.testConstructor_RI_RI3,0.019350811485642945,0.018330008417880482,0.01730920535011802,0.036660016835760964,0.018273159622211804,0.018301561946905413,0.001020803067762463,2.4287962234461054,1.880440558664376,1.3320848938826466,3.760881117328752,1.7205344485176204,1.7987114164233733,0.5483556647817294,"[""MutableInterval"", ""TestMutableInterval_Constructors""]","[0.019350811485642945, 0.01730920535011802]","[1.3320848938826466, 2.4287962234461054]"
org.joda.time.TestMutableInterval_Constructors.testConstructor_RD_RI2,0.019350811485642945,0.018330008417880482,0.01730920535011802,0.036660016835760964,0.018273159622211804,0.018301561946905413,0.001020803067762463,2.4287962234461054,1.880440558664376,1.3320848938826466,3.760881117328752,1.7205344485176204,1.7987114164233733,0.5483556647817294,"[""MutableInterval"", ""TestMutableInterval_Constructors""]","[0.019350811485642945, 0.01730920535011802]","[1.3320848938826466, 2.4287962234461054]"
org.joda.time.TestMutablePeriod_Basics.testTest,0.019464720194647202,0.01825288682079378,0.017041053446940357,0.03650577364158756,0.018172431595250386,0.01821261478115437,0.0012118333738534229,2.126258714175058,1.5655624471118599,1.0048661800486618,3.1311248942237198,1.3647526330552109,1.4617131975556183,0.5606962670631982,"[""TestMutablePeriod_Basics"", ""Instant""]","[0.019464720194647202, 0.017041053446940357]","[1.0048661800486618, 2.126258714175058]"
org.joda.time.field.TestPreciseDurationField.test_getType,0.013479359730412805,0.012138938793884493,0.009768009768009768,0.03641681638165348,0.011881384181257117,0.012013815589616578,0.0016812673448946284,1.2468407750631845,0.9211063105254865,0.43833943833943834,2.7633189315764595,0.7479639478254488,0.8383629207046542,0.34824606785040113,"[""TestPreciseDurationField"", ""PreciseDurationField"", ""DurationFieldType""]","[0.013479359730412805, 0.013169446883230905, 0.009768009768009768]","[1.2468407750631845, 1.0781387181738367, 0.43833943833943834]"
org.joda.time.TestMutableDateTime_Sets.testTest,0.019464720194647202,0.017904722653044255,0.01634472511144131,0.03580944530608851,0.017768803634528017,0.01783663367770469,0.001559997541602947,1.9695393759286777,1.4872027779886698,1.0048661800486618,2.9744055559773397,1.330769104547728,1.4068132460084657,0.48233659794000794,"[""TestMutableDateTime_Sets"", ""Instant""]","[0.019464720194647202, 0.01634472511144131]","[1.0048661800486618, 1.9695393759286777]"
org.joda.time.TestMutableDateTime_Adds.testTest,0.019464720194647202,0.017904722653044255,0.01634472511144131,0.03580944530608851,0.017768803634528017,0.01783663367770469,0.001559997541602947,1.0048661800486618,0.9805162995339891,0.9561664190193165,1.9610325990679782,0.9799116010895466,0.9802139036816141,0.024349880514672628,"[""TestMutableDateTime_Adds"", ""Instant""]","[0.019464720194647202, 0.01634472511144131]","[1.0048661800486618, 0.9561664190193165]"
org.joda.time.field.TestScaledDurationField.test_getType,0.013479359730412805,0.01193543859038429,0.009157509157509158,0.03580631577115287,0.01156868100968877,0.01175812447469,0.001968363185278157,1.2468407750631845,0.945687312718429,0.4523809523809524,2.837061938155287,0.7709285183902987,0.8625789616731007,0.35164722343026467,"[""TestScaledDurationField"", ""ScaledDurationField"", ""DurationFieldType""]","[0.013479359730412805, 0.013169446883230905, 0.009157509157509158]","[1.2468407750631845, 1.13784021071115, 0.4523809523809524]"
org.joda.time.field.TestScaledDurationField.test_constructor,0.013479359730412805,0.01193543859038429,0.009157509157509158,0.03580631577115287,0.01156868100968877,0.01175812447469,0.001968363185278157,1.2468407750631845,0.945687312718429,0.4523809523809524,2.837061938155287,0.7709285183902987,0.8625789616731007,0.35164722343026467,"[""TestScaledDurationField"", ""ScaledDurationField"", ""DurationFieldType""]","[0.013479359730412805, 0.013169446883230905, 0.009157509157509158]","[1.2468407750631845, 1.13784021071115, 0.4523809523809524]"
org.joda.time.convert.TestReadableIntervalConverter.testToString,0.02188679245283019,0.01781410203528455,0.013741411617738912,0.0356282040705691,0.01688299659958454,0.017342301579846918,0.004072690417545638,0.7849056603773585,0.5795234110756249,0.37414116177389134,1.1590468221512498,0.5067362423054319,0.5419091396687163,0.2053822493017336,"[""ReadableIntervalConverter"", ""TestReadableIntervalConverter""]","[0.02188679245283019, 0.013741411617738912]","[0.7849056603773585, 0.37414116177389134]"
org.joda.time.convert.TestReadableIntervalConverter.testSupportedType,0.02188679245283019,0.01781410203528455,0.013741411617738912,0.0356282040705691,0.01688299659958454,0.017342301579846918,0.004072690417545638,0.7849056603773585,0.5795234110756249,0.37414116177389134,1.1590468221512498,0.5067362423054319,0.5419091396687163,0.2053822493017336,"[""ReadableIntervalConverter"", ""TestReadableIntervalConverter""]","[0.02188679245283019, 0.013741411617738912]","[0.7849056603773585, 0.37414116177389134]"
org.joda.time.convert.TestNullConverter.testIsReadableInterval_Object_Chronology,0.021505376344086023,0.01775548929249119,0.014005602240896359,0.03551097858498238,0.016963528413910096,0.017354991994122347,0.003749887051594832,0.7813620071684588,0.5650507514833891,0.3487394957983193,1.1301015029667782,0.4822430404712091,0.5220074639465332,0.21631125568506976,"[""NullConverter"", ""TestNullConverter""]","[0.021505376344086023, 0.014005602240896359]","[0.7813620071684588, 0.3487394957983193]"
org.joda.time.convert.TestNullConverter.testToString,0.021505376344086023,0.01775548929249119,0.014005602240896359,0.03551097858498238,0.016963528413910096,0.017354991994122347,0.003749887051594832,0.7813620071684588,0.5650507514833891,0.3487394957983193,1.1301015029667782,0.4822430404712091,0.5220074639465332,0.21631125568506976,"[""NullConverter"", ""TestNullConverter""]","[0.021505376344086023, 0.014005602240896359]","[0.7813620071684588, 0.3487394957983193]"
org.joda.time.convert.TestNullConverter.testGetChronology_Object_Chronology,0.021505376344086023,0.01775548929249119,0.014005602240896359,0.03551097858498238,0.016963528413910096,0.017354991994122347,0.003749887051594832,0.7813620071684588,0.5650507514833891,0.3487394957983193,1.1301015029667782,0.4822430404712091,0.5220074639465332,0.21631125568506976,"[""NullConverter"", ""TestNullConverter""]","[0.021505376344086023, 0.014005602240896359]","[0.7813620071684588, 0.3487394957983193]"
org.joda.time.convert.TestNullConverter.testGetInstantMillis_Object_Chronology,0.021505376344086023,0.01775548929249119,0.014005602240896359,0.03551097858498238,0.016963528413910096,0.017354991994122347,0.003749887051594832,0.7813620071684588,0.5650507514833891,0.3487394957983193,1.1301015029667782,0.4822430404712091,0.5220074639465332,0.21631125568506976,"[""NullConverter"", ""TestNullConverter""]","[0.021505376344086023, 0.014005602240896359]","[0.7813620071684588, 0.3487394957983193]"
org.joda.time.convert.TestNullConverter.testGetDurationMillis_Object,0.021505376344086023,0.01775548929249119,0.014005602240896359,0.03551097858498238,0.016963528413910096,0.017354991994122347,0.003749887051594832,0.7813620071684588,0.5650507514833891,0.3487394957983193,1.1301015029667782,0.4822430404712091,0.5220074639465332,0.21631125568506976,"[""NullConverter"", ""TestNullConverter""]","[0.021505376344086023, 0.014005602240896359]","[0.7813620071684588, 0.3487394957983193]"
org.joda.time.convert.TestNullConverter.testSupportedType,0.021505376344086023,0.01775548929249119,0.014005602240896359,0.03551097858498238,0.016963528413910096,0.017354991994122347,0.003749887051594832,0.7813620071684588,0.5650507514833891,0.3487394957983193,1.1301015029667782,0.4822430404712091,0.5220074639465332,0.21631125568506976,"[""NullConverter"", ""TestNullConverter""]","[0.021505376344086023, 0.014005602240896359]","[0.7813620071684588, 0.3487394957983193]"
org.joda.time.convert.TestNullConverter.testGetChronology_Object_Zone,0.021505376344086023,0.01775548929249119,0.014005602240896359,0.03551097858498238,0.016963528413910096,0.017354991994122347,0.003749887051594832,0.7813620071684588,0.5650507514833891,0.3487394957983193,1.1301015029667782,0.4822430404712091,0.5220074639465332,0.21631125568506976,"[""NullConverter"", ""TestNullConverter""]","[0.021505376344086023, 0.014005602240896359]","[0.7813620071684588, 0.3487394957983193]"
org.joda.time.TestDateMidnight_Properties.testTest,0.019464720194647202,0.017749852808693865,0.016034985422740525,0.03549970561738773,0.017584174243181136,0.01766681931132174,0.0017148673859533389,1.9198250728862973,1.4623456264674797,1.0048661800486618,2.9246912529349594,1.319227994009253,1.3889446667714656,0.45747944641881777,"[""TestDateMidnight_Properties"", ""Instant""]","[0.019464720194647202, 0.016034985422740525]","[1.0048661800486618, 1.9198250728862973]"
org.joda.time.chrono.TestEthiopicChronology.testToString,0.018229166666666668,0.017578125,0.016927083333333332,0.03515625,0.017554012345679014,0.017566064535458382,0.0006510416666666678,3.1953125,2.134765625,1.07421875,4.26953125,1.6078882662397074,1.8526911776141686,1.060546875,"[""TestEthiopicChronology"", ""EthiopicChronology""]","[0.018229166666666668, 0.016927083333333332]","[3.1953125, 1.07421875]"
org.joda.time.chrono.TestEthiopicChronology.testFactoryUTC,0.018229166666666668,0.017578125,0.016927083333333332,0.03515625,0.017554012345679014,0.017566064535458382,0.0006510416666666678,3.1953125,2.134765625,1.07421875,4.26953125,1.6078882662397074,1.8526911776141686,1.060546875,"[""Object"", ""TestEthiopicChronology"", ""EthiopicChronology""]","[0.018229166666666668, 0.016927083333333332]","[3.1953125, 1.07421875]"
org.joda.time.chrono.TestEthiopicChronology.testWithUTC,0.018229166666666668,0.017578125,0.016927083333333332,0.03515625,0.017554012345679014,0.017566064535458382,0.0006510416666666678,3.1953125,2.134765625,1.07421875,4.26953125,1.6078882662397074,1.8526911776141686,1.060546875,"[""TestEthiopicChronology"", ""EthiopicChronology""]","[0.018229166666666668, 0.016927083333333332]","[3.1953125, 1.07421875]"
org.joda.time.chrono.TestEthiopicChronology.testEquality,0.018229166666666668,0.017578125,0.016927083333333332,0.03515625,0.017554012345679014,0.017566064535458382,0.0006510416666666678,3.1953125,2.134765625,1.07421875,4.26953125,1.6078882662397074,1.8526911776141686,1.060546875,"[""TestEthiopicChronology"", ""EthiopicChronology""]","[0.018229166666666668, 0.016927083333333332]","[3.1953125, 1.07421875]"
org.joda.time.chrono.TestEthiopicChronology.testWithZone,0.018229166666666668,0.017578125,0.016927083333333332,0.03515625,0.017554012345679014,0.017566064535458382,0.0006510416666666678,3.1953125,2.134765625,1.07421875,4.26953125,1.6078882662397074,1.8526911776141686,1.060546875,"[""TestEthiopicChronology"", ""EthiopicChronology""]","[0.018229166666666668, 0.016927083333333332]","[3.1953125, 1.07421875]"
org.joda.time.chrono.TestEthiopicChronology.testFactory,0.018229166666666668,0.017578125,0.016927083333333332,0.03515625,0.017554012345679014,0.017566064535458382,0.0006510416666666678,3.1953125,2.134765625,1.07421875,4.26953125,1.6078882662397074,1.8526911776141686,1.060546875,"[""Object"", ""TestEthiopicChronology"", ""EthiopicChronology""]","[0.018229166666666668, 0.016927083333333332]","[3.1953125, 1.07421875]"
org.joda.time.chrono.TestEthiopicChronology.testFactory_Zone,0.018229166666666668,0.017578125,0.016927083333333332,0.03515625,0.017554012345679014,0.017566064535458382,0.0006510416666666678,3.1953125,2.134765625,1.07421875,4.26953125,1.6078882662397074,1.8526911776141686,1.060546875,"[""Object"", ""TestEthiopicChronology"", ""EthiopicChronology""]","[0.018229166666666668, 0.016927083333333332]","[3.1953125, 1.07421875]"
org.joda.time.TestDateTime_Constructors.testTest,0.019464720194647202,0.01724846603862639,0.015032211882605583,0.03449693207725278,0.01696369970212551,0.017105490294100557,0.00221625415602081,2.2970651395848245,1.6509656598167433,1.0048661800486618,3.3019313196334865,1.3981169495637862,1.5192903185821822,0.6460994797680814,"[""TestDateTime_Constructors"", ""Instant""]","[0.019464720194647202, 0.015032211882605583]","[1.0048661800486618, 2.2970651395848245]"
org.joda.time.convert.TestLongConverter.testGetDurationMillis_Object,0.018960674157303372,0.017111594709909316,0.015262515262515262,0.03422318941981863,0.01691178312830406,0.0170113955545517,0.001849079447394055,0.49929775280898875,0.3839590107146287,0.2686202686202686,0.7679180214292574,0.34931201700780157,0.3662260183016043,0.11533874209436007,"[""LongConverter"", ""Long"", ""TestLongConverter""]","[0.018960674157303372, 0.015262515262515262]","[0.49929775280898875, 0.2686202686202686]"
org.joda.time.convert.TestLongConverter.testSupportedType,0.018960674157303372,0.017111594709909316,0.015262515262515262,0.03422318941981863,0.01691178312830406,0.0170113955545517,0.001849079447394055,0.49929775280898875,0.3839590107146287,0.2686202686202686,0.7679180214292574,0.34931201700780157,0.3662260183016043,0.11533874209436007,"[""LongConverter"", ""TestLongConverter""]","[0.018960674157303372, 0.015262515262515262]","[0.49929775280898875, 0.2686202686202686]"
org.joda.time.convert.TestLongConverter.testGetChronology_Object_Chronology,0.018960674157303372,0.017111594709909316,0.015262515262515262,0.03422318941981863,0.01691178312830406,0.0170113955545517,0.001849079447394055,0.49929775280898875,0.3839590107146287,0.2686202686202686,0.7679180214292574,0.34931201700780157,0.3662260183016043,0.11533874209436007,"[""LongConverter"", ""Long"", ""TestLongConverter""]","[0.018960674157303372, 0.015262515262515262]","[0.49929775280898875, 0.2686202686202686]"
org.joda.time.convert.TestLongConverter.testGetChronology_Object_Zone,0.018960674157303372,0.017111594709909316,0.015262515262515262,0.03422318941981863,0.01691178312830406,0.0170113955545517,0.001849079447394055,0.49929775280898875,0.3839590107146287,0.2686202686202686,0.7679180214292574,0.34931201700780157,0.3662260183016043,0.11533874209436007,"[""LongConverter"", ""Long"", ""TestLongConverter""]","[0.018960674157303372, 0.015262515262515262]","[0.49929775280898875, 0.2686202686202686]"
org.joda.time.convert.TestLongConverter.testGetInstantMillis_Object_Chronology,0.018960674157303372,0.017111594709909316,0.015262515262515262,0.03422318941981863,0.01691178312830406,0.0170113955545517,0.001849079447394055,0.49929775280898875,0.3839590107146287,0.2686202686202686,0.7679180214292574,0.34931201700780157,0.3662260183016043,0.11533874209436007,"[""LongConverter"", ""Long"", ""TestLongConverter""]","[0.018960674157303372, 0.015262515262515262]","[0.49929775280898875, 0.2686202686202686]"
org.joda.time.convert.TestLongConverter.testToString,0.018960674157303372,0.017111594709909316,0.015262515262515262,0.03422318941981863,0.01691178312830406,0.0170113955545517,0.001849079447394055,0.49929775280898875,0.3839590107146287,0.2686202686202686,0.7679180214292574,0.34931201700780157,0.3662260183016043,0.11533874209436007,"[""LongConverter"", ""TestLongConverter""]","[0.018960674157303372, 0.015262515262515262]","[0.49929775280898875, 0.2686202686202686]"
org.joda.time.TestChronology.testTest,0.019464720194647202,0.01710940927765147,0.014754098360655738,0.03421881855530294,0.016785173097097563,0.01694651575736048,0.002355310916995732,1.3508196721311476,1.1778429260899048,1.0048661800486618,2.3556858521798096,1.1524397471020702,1.1650721024335842,0.1729767460412429,"[""TestChronology"", ""Instant""]","[0.019464720194647202, 0.014754098360655738]","[1.0048661800486618, 1.3508196721311476]"
org.joda.time.format.TestPeriodFormat.test_wordBased_de_cached,0.020477815699658702,0.016843414454335955,0.01320901320901321,0.03368682890867191,0.016059198614500513,0.016446633031369357,0.0036344012453227463,1.316268486916951,0.8908459761702082,0.4654234654234654,1.7816919523404164,0.6876859266315404,0.7827018848888692,0.4254225107467428,"[""PeriodFormat"", ""TestPeriodFormat""]","[0.020477815699658702, 0.01320901320901321]","[1.316268486916951, 0.4654234654234654]"
org.joda.time.format.TestPeriodFormat.test_wordBased_fr_cached,0.020477815699658702,0.016843414454335955,0.01320901320901321,0.03368682890867191,0.016059198614500513,0.016446633031369357,0.0036344012453227463,1.316268486916951,0.8908459761702082,0.4654234654234654,1.7816919523404164,0.6876859266315404,0.7827018848888692,0.4254225107467428,"[""PeriodFormat"", ""TestPeriodFormat""]","[0.020477815699658702, 0.01320901320901321]","[1.316268486916951, 0.4654234654234654]"
org.joda.time.format.TestPeriodFormat.test_wordBased_nl_cached,0.020477815699658702,0.016843414454335955,0.01320901320901321,0.03368682890867191,0.016059198614500513,0.016446633031369357,0.0036344012453227463,1.316268486916951,0.8908459761702082,0.4654234654234654,1.7816919523404164,0.6876859266315404,0.7827018848888692,0.4254225107467428,"[""PeriodFormat"", ""TestPeriodFormat""]","[0.020477815699658702, 0.01320901320901321]","[1.316268486916951, 0.4654234654234654]"
org.joda.time.format.TestPeriodFormat.test_getDefault_cached,0.020477815699658702,0.016843414454335955,0.01320901320901321,0.03368682890867191,0.016059198614500513,0.016446633031369357,0.0036344012453227463,1.316268486916951,0.8908459761702082,0.4654234654234654,1.7816919523404164,0.6876859266315404,0.7827018848888692,0.4254225107467428,"[""PeriodFormat"", ""TestPeriodFormat""]","[0.020477815699658702, 0.01320901320901321]","[1.316268486916951, 0.4654234654234654]"
org.joda.time.format.TestPeriodFormat.testSubclassableConstructor,0.020477815699658702,0.016843414454335955,0.01320901320901321,0.03368682890867191,0.016059198614500513,0.016446633031369357,0.0036344012453227463,1.316268486916951,0.8908459761702082,0.4654234654234654,1.7816919523404164,0.6876859266315404,0.7827018848888692,0.4254225107467428,"[""PeriodFormat"", ""TestPeriodFormat"", ""TestPeriodFormat$1""]","[0.020477815699658702, 0.01320901320901321]","[1.316268486916951, 0.4654234654234654]"
org.joda.time.format.TestPeriodFormat.test_wordBased_es_cached,0.020477815699658702,0.016843414454335955,0.01320901320901321,0.03368682890867191,0.016059198614500513,0.016446633031369357,0.0036344012453227463,1.316268486916951,0.8908459761702082,0.4654234654234654,1.7816919523404164,0.6876859266315404,0.7827018848888692,0.4254225107467428,"[""PeriodFormat"", ""TestPeriodFormat""]","[0.020477815699658702, 0.01320901320901321]","[1.316268486916951, 0.4654234654234654]"
org.joda.time.format.TestPeriodFormat.test_wordBased_da_cached,0.020477815699658702,0.016843414454335955,0.01320901320901321,0.03368682890867191,0.016059198614500513,0.016446633031369357,0.0036344012453227463,1.316268486916951,0.8908459761702082,0.4654234654234654,1.7816919523404164,0.6876859266315404,0.7827018848888692,0.4254225107467428,"[""PeriodFormat"", ""TestPeriodFormat""]","[0.020477815699658702, 0.01320901320901321]","[1.316268486916951, 0.4654234654234654]"
org.joda.time.format.TestPeriodFormat.test_wordBased_ja_cached,0.020477815699658702,0.016843414454335955,0.01320901320901321,0.03368682890867191,0.016059198614500513,0.016446633031369357,0.0036344012453227463,1.316268486916951,0.8908459761702082,0.4654234654234654,1.7816919523404164,0.6876859266315404,0.7827018848888692,0.4254225107467428,"[""PeriodFormat"", ""TestPeriodFormat""]","[0.020477815699658702, 0.01320901320901321]","[1.316268486916951, 0.4654234654234654]"
org.joda.time.format.TestPeriodFormat.test_wordBased_pt_cached,0.020477815699658702,0.016843414454335955,0.01320901320901321,0.03368682890867191,0.016059198614500513,0.016446633031369357,0.0036344012453227463,1.316268486916951,0.8908459761702082,0.4654234654234654,1.7816919523404164,0.6876859266315404,0.7827018848888692,0.4254225107467428,"[""PeriodFormat"", ""TestPeriodFormat""]","[0.020477815699658702, 0.01320901320901321]","[1.316268486916951, 0.4654234654234654]"
org.joda.time.TestInstant_Constructors.testConstructor_invalidObject,0.019464720194647202,0.016532646425168985,0.013600572655690766,0.03306529285033797,0.016012641559125625,0.01627056671508373,0.0029320737694782184,1.0048661800486618,0.8034352374831712,0.6020042949176807,1.6068704749663425,0.7529340611221184,0.7777748750164265,0.20143094256549054,"[""Instant"", ""Object"", ""TestInstant_Constructors""]","[0.019464720194647202, 0.013600572655690766]","[1.0048661800486618, 0.6020042949176807]"
org.joda.time.TestMutableInterval_Updates.testTest,0.019464720194647202,0.01649987602089048,0.013535031847133758,0.03299975204178096,0.015967126504255944,0.016231315650005015,0.002964844173756722,1.4060509554140128,1.2054585677313372,1.0048661800486618,2.4109171354626744,1.1720793151602904,1.188651779336846,0.2005923876826755,"[""TestMutableInterval_Updates"", ""Instant""]","[0.019464720194647202, 0.013535031847133758]","[1.0048661800486618, 1.4060509554140128]"
org.joda.time.TestMutableDateTime_Properties.testTest,0.019464720194647202,0.016468887043431385,0.01347305389221557,0.03293777408686277,0.01592391905341148,0.016194110786930498,0.0029958331512158166,2.520209580838323,1.7625378804434924,1.0048661800486618,3.5250757608869847,1.4368334448402436,1.5913746807144586,0.7576717003948307,"[""TestMutableDateTime_Properties"", ""Instant""]","[0.019464720194647202, 0.01347305389221557]","[1.0048661800486618, 2.520209580838323]"
org.joda.time.convert.TestReadableDurationConverter.testSupportedType,0.02007168458781362,0.01644609870416322,0.01282051282051282,0.03289219740832644,0.015646828723107013,0.01604148651426526,0.0036255858836504,0.5426523297491039,0.4382980818464689,0.3339438339438339,0.8765961636929378,0.4134524128682981,0.42569402097629866,0.104354247902635,"[""ReadableDurationConverter"", ""TestReadableDurationConverter""]","[0.02007168458781362, 0.01282051282051282]","[0.5426523297491039, 0.3339438339438339]"
org.joda.time.convert.TestReadableDurationConverter.testToString,0.02007168458781362,0.01644609870416322,0.01282051282051282,0.03289219740832644,0.015646828723107013,0.01604148651426526,0.0036255858836504,0.5426523297491039,0.4382980818464689,0.3339438339438339,0.8765961636929378,0.4134524128682981,0.42569402097629866,0.104354247902635,"[""ReadableDurationConverter"", ""TestReadableDurationConverter""]","[0.02007168458781362, 0.01282051282051282]","[0.5426523297491039, 0.3339438339438339]"
org.joda.time.TestMutableInterval_Updates.testSetStartMillis_long2,0.019350811485642945,0.016442921666388353,0.013535031847133758,0.03288584333277671,0.015928668580927913,0.016183752646591547,0.0029078898192545933,1.4060509554140128,1.3690679246483297,1.3320848938826466,2.7381358492966594,1.3680688912621908,1.3685683167954275,0.0369830307656831,"[""MutableInterval"", ""TestMutableInterval_Updates""]","[0.019350811485642945, 0.013535031847133758]","[1.3320848938826466, 1.4060509554140128]"
org.joda.time.TestMutableInterval_Updates.testSetDurationAfterStart_RI3,0.019350811485642945,0.016442921666388353,0.013535031847133758,0.03288584333277671,0.015928668580927913,0.016183752646591547,0.0029078898192545933,1.4060509554140128,1.3690679246483297,1.3320848938826466,2.7381358492966594,1.3680688912621908,1.3685683167954275,0.0369830307656831,"[""MutableInterval"", ""TestMutableInterval_Updates""]","[0.019350811485642945, 0.013535031847133758]","[1.3320848938826466, 1.4060509554140128]"
org.joda.time.TestMutableInterval_Updates.testSetInterval_long_long1,0.019350811485642945,0.016442921666388353,0.013535031847133758,0.03288584333277671,0.015928668580927913,0.016183752646591547,0.0029078898192545933,1.4060509554140128,1.3690679246483297,1.3320848938826466,2.7381358492966594,1.3680688912621908,1.3685683167954275,0.0369830307656831,"[""MutableInterval"", ""TestMutableInterval_Updates""]","[0.019350811485642945, 0.013535031847133758]","[1.3320848938826466, 1.4060509554140128]"
org.joda.time.TestMutableInterval_Updates.testSeDurationAfterStart_long2,0.019350811485642945,0.016442921666388353,0.013535031847133758,0.03288584333277671,0.015928668580927913,0.016183752646591547,0.0029078898192545933,1.4060509554140128,1.3690679246483297,1.3320848938826466,2.7381358492966594,1.3680688912621908,1.3685683167954275,0.0369830307656831,"[""MutableInterval"", ""TestMutableInterval_Updates""]","[0.019350811485642945, 0.013535031847133758]","[1.3320848938826466, 1.4060509554140128]"
org.joda.time.TestMutableInterval_Updates.testSetDurationBeforeEnd_long1,0.019350811485642945,0.016442921666388353,0.013535031847133758,0.03288584333277671,0.015928668580927913,0.016183752646591547,0.0029078898192545933,1.4060509554140128,1.3690679246483297,1.3320848938826466,2.7381358492966594,1.3680688912621908,1.3685683167954275,0.0369830307656831,"[""MutableInterval"", ""TestMutableInterval_Updates""]","[0.019350811485642945, 0.013535031847133758]","[1.3320848938826466, 1.4060509554140128]"
org.joda.time.TestMutableInterval_Updates.testSetPeriodBeforeEnd_RI3,0.019350811485642945,0.016442921666388353,0.013535031847133758,0.03288584333277671,0.015928668580927913,0.016183752646591547,0.0029078898192545933,1.4060509554140128,1.3690679246483297,1.3320848938826466,2.7381358492966594,1.3680688912621908,1.3685683167954275,0.0369830307656831,"[""MutableInterval"", ""TestMutableInterval_Updates""]","[0.019350811485642945, 0.013535031847133758]","[1.3320848938826466, 1.4060509554140128]"
org.joda.time.TestMutableInterval_Updates.testSetInterval_RInterval3,0.019350811485642945,0.016442921666388353,0.013535031847133758,0.03288584333277671,0.015928668580927913,0.016183752646591547,0.0029078898192545933,1.4060509554140128,1.3690679246483297,1.3320848938826466,2.7381358492966594,1.3680688912621908,1.3685683167954275,0.0369830307656831,"[""MutableInterval"", ""TestMutableInterval_Updates""]","[0.019350811485642945, 0.013535031847133758]","[1.3320848938826466, 1.4060509554140128]"
org.joda.time.TestMutableInterval_Updates.testSetEndMillis_long1,0.019350811485642945,0.016442921666388353,0.013535031847133758,0.03288584333277671,0.015928668580927913,0.016183752646591547,0.0029078898192545933,1.4060509554140128,1.3690679246483297,1.3320848938826466,2.7381358492966594,1.3680688912621908,1.3685683167954275,0.0369830307656831,"[""MutableInterval"", ""TestMutableInterval_Updates""]","[0.019350811485642945, 0.013535031847133758]","[1.3320848938826466, 1.4060509554140128]"
org.joda.time.TestMutableInterval_Updates.testSetPeriodAfterStart_RI3,0.019350811485642945,0.016442921666388353,0.013535031847133758,0.03288584333277671,0.015928668580927913,0.016183752646591547,0.0029078898192545933,1.4060509554140128,1.3690679246483297,1.3320848938826466,2.7381358492966594,1.3680688912621908,1.3685683167954275,0.0369830307656831,"[""MutableInterval"", ""TestMutableInterval_Updates""]","[0.019350811485642945, 0.013535031847133758]","[1.3320848938826466, 1.4060509554140128]"
org.joda.time.TestMutableInterval_Updates.testSetInterval_RI_RI5,0.019350811485642945,0.016442921666388353,0.013535031847133758,0.03288584333277671,0.015928668580927913,0.016183752646591547,0.0029078898192545933,1.4060509554140128,1.3690679246483297,1.3320848938826466,2.7381358492966594,1.3680688912621908,1.3685683167954275,0.0369830307656831,"[""MutableInterval"", ""TestMutableInterval_Updates""]","[0.019350811485642945, 0.013535031847133758]","[1.3320848938826466, 1.4060509554140128]"
org.joda.time.TestMutableInterval_Updates.testSetStartMillis_long1,0.019350811485642945,0.016442921666388353,0.013535031847133758,0.03288584333277671,0.015928668580927913,0.016183752646591547,0.0029078898192545933,1.4060509554140128,1.3690679246483297,1.3320848938826466,2.7381358492966594,1.3680688912621908,1.3685683167954275,0.0369830307656831,"[""MutableInterval"", ""TestMutableInterval_Updates""]","[0.019350811485642945, 0.013535031847133758]","[1.3320848938826466, 1.4060509554140128]"
org.joda.time.TestMutableInterval_Updates.testSetInterval_long_long2,0.019350811485642945,0.016442921666388353,0.013535031847133758,0.03288584333277671,0.015928668580927913,0.016183752646591547,0.0029078898192545933,1.4060509554140128,1.3690679246483297,1.3320848938826466,2.7381358492966594,1.3680688912621908,1.3685683167954275,0.0369830307656831,"[""MutableInterval"", ""TestMutableInterval_Updates""]","[0.019350811485642945, 0.013535031847133758]","[1.3320848938826466, 1.4060509554140128]"
org.joda.time.TestMutableInterval_Updates.testSeDurationBeforeEnd_long2,0.019350811485642945,0.016442921666388353,0.013535031847133758,0.03288584333277671,0.015928668580927913,0.016183752646591547,0.0029078898192545933,1.4060509554140128,1.3690679246483297,1.3320848938826466,2.7381358492966594,1.3680688912621908,1.3685683167954275,0.0369830307656831,"[""MutableInterval"", ""TestMutableInterval_Updates""]","[0.019350811485642945, 0.013535031847133758]","[1.3320848938826466, 1.4060509554140128]"
org.joda.time.TestMutableInterval_Updates.testSetEnd_RI3,0.019350811485642945,0.016442921666388353,0.013535031847133758,0.03288584333277671,0.015928668580927913,0.016183752646591547,0.0029078898192545933,1.4060509554140128,1.3690679246483297,1.3320848938826466,2.7381358492966594,1.3680688912621908,1.3685683167954275,0.0369830307656831,"[""MutableInterval"", ""TestMutableInterval_Updates""]","[0.019350811485642945, 0.013535031847133758]","[1.3320848938826466, 1.4060509554140128]"
org.joda.time.TestMutableInterval_Updates.testSetDurationAfterStart_long1,0.019350811485642945,0.016442921666388353,0.013535031847133758,0.03288584333277671,0.015928668580927913,0.016183752646591547,0.0029078898192545933,1.4060509554140128,1.3690679246483297,1.3320848938826466,2.7381358492966594,1.3680688912621908,1.3685683167954275,0.0369830307656831,"[""MutableInterval"", ""TestMutableInterval_Updates""]","[0.019350811485642945, 0.013535031847133758]","[1.3320848938826466, 1.4060509554140128]"
org.joda.time.TestMutableInterval_Updates.testSetStart_RI3,0.019350811485642945,0.016442921666388353,0.013535031847133758,0.03288584333277671,0.015928668580927913,0.016183752646591547,0.0029078898192545933,1.4060509554140128,1.3690679246483297,1.3320848938826466,2.7381358492966594,1.3680688912621908,1.3685683167954275,0.0369830307656831,"[""MutableInterval"", ""TestMutableInterval_Updates""]","[0.019350811485642945, 0.013535031847133758]","[1.3320848938826466, 1.4060509554140128]"
org.joda.time.TestMutableInterval_Updates.testSetEndMillis_long2,0.019350811485642945,0.016442921666388353,0.013535031847133758,0.03288584333277671,0.015928668580927913,0.016183752646591547,0.0029078898192545933,1.4060509554140128,1.3690679246483297,1.3320848938826466,2.7381358492966594,1.3680688912621908,1.3685683167954275,0.0369830307656831,"[""MutableInterval"", ""TestMutableInterval_Updates""]","[0.019350811485642945, 0.013535031847133758]","[1.3320848938826466, 1.4060509554140128]"
org.joda.time.TestMutableInterval_Updates.testSetDurationBeforeEnd_RI3,0.019350811485642945,0.016442921666388353,0.013535031847133758,0.03288584333277671,0.015928668580927913,0.016183752646591547,0.0029078898192545933,1.4060509554140128,1.3690679246483297,1.3320848938826466,2.7381358492966594,1.3680688912621908,1.3685683167954275,0.0369830307656831,"[""MutableInterval"", ""TestMutableInterval_Updates""]","[0.019350811485642945, 0.013535031847133758]","[1.3320848938826466, 1.4060509554140128]"
org.joda.time.TestMutableDateTime_Constructors.testTest,0.019464720194647202,0.016418838552004135,0.01337295690936107,0.03283767710400827,0.01585379279973577,0.016133842208717275,0.0030458816426430666,1.7280832095096583,1.3664746947791602,1.0048661800486618,2.7329493895583203,1.2707826790944279,1.3177603627163028,0.36160851473049826,"[""TestMutableDateTime_Constructors"", ""Instant""]","[0.019464720194647202, 0.01337295690936107]","[1.0048661800486618, 1.7280832095096583]"
org.joda.time.field.TestFieldUtils.testSafeAddLong,0.016560509554140127,0.01615944059453559,0.015758371634931056,0.03231888118907118,0.01614948627034861,0.0161544626657146,0.0004010689596045357,1.2318471337579617,1.0519051821120735,0.8719632304661852,2.103810364224147,1.0211237899174666,1.0364002152605447,0.17994195164588828,"[""TestFieldUtils"", ""FieldUtils""]","[0.016560509554140127, 0.015758371634931056]","[1.2318471337579617, 0.8719632304661852]"
org.joda.time.field.TestFieldUtils.testSafeAddInt,0.016560509554140127,0.01615944059453559,0.015758371634931056,0.03231888118907118,0.01614948627034861,0.0161544626657146,0.0004010689596045357,1.2318471337579617,1.0519051821120735,0.8719632304661852,2.103810364224147,1.0211237899174666,1.0364002152605447,0.17994195164588828,"[""TestFieldUtils"", ""FieldUtils""]","[0.016560509554140127, 0.015758371634931056]","[1.2318471337579617, 0.8719632304661852]"
org.joda.time.field.TestFieldUtils.testSafeMultiplyLongInt,0.016560509554140127,0.01615944059453559,0.015758371634931056,0.03231888118907118,0.01614948627034861,0.0161544626657146,0.0004010689596045357,1.2318471337579617,1.0519051821120735,0.8719632304661852,2.103810364224147,1.0211237899174666,1.0364002152605447,0.17994195164588828,"[""TestFieldUtils"", ""FieldUtils""]","[0.016560509554140127, 0.015758371634931056]","[1.2318471337579617, 0.8719632304661852]"
org.joda.time.field.TestFieldUtils.testSafeSubtractLong,0.016560509554140127,0.01615944059453559,0.015758371634931056,0.03231888118907118,0.01614948627034861,0.0161544626657146,0.0004010689596045357,1.2318471337579617,1.0519051821120735,0.8719632304661852,2.103810364224147,1.0211237899174666,1.0364002152605447,0.17994195164588828,"[""TestFieldUtils"", ""FieldUtils""]","[0.016560509554140127, 0.015758371634931056]","[1.2318471337579617, 0.8719632304661852]"
org.joda.time.field.TestFieldUtils.testSafeMultiplyLongLong,0.016560509554140127,0.01615944059453559,0.015758371634931056,0.03231888118907118,0.01614948627034861,0.0161544626657146,0.0004010689596045357,1.2318471337579617,1.0519051821120735,0.8719632304661852,2.103810364224147,1.0211237899174666,1.0364002152605447,0.17994195164588828,"[""TestFieldUtils"", ""FieldUtils""]","[0.016560509554140127, 0.015758371634931056]","[1.2318471337579617, 0.8719632304661852]"
org.joda.time.chrono.TestBuddhistChronology.testWithZone,0.016423357664233577,0.015815085158150853,0.015206812652068127,0.031630170316301706,0.015791690061763057,0.015803383280737937,0.0006082725060827252,1.254257907542579,1.1955596107055961,1.1368613138686132,2.3911192214111923,1.192677705009962,1.1941177884526106,0.05869829683698291,"[""TestBuddhistChronology"", ""BuddhistChronology""]","[0.016423357664233577, 0.015206812652068127]","[1.1368613138686132, 1.254257907542579]"
org.joda.time.chrono.TestBuddhistChronology.testFactoryUTC,0.016423357664233577,0.015815085158150853,0.015206812652068127,0.031630170316301706,0.015791690061763057,0.015803383280737937,0.0006082725060827252,1.254257907542579,1.1955596107055961,1.1368613138686132,2.3911192214111923,1.192677705009962,1.1941177884526106,0.05869829683698291,"[""TestBuddhistChronology"", ""BuddhistChronology"", ""Object""]","[0.016423357664233577, 0.015206812652068127]","[1.1368613138686132, 1.254257907542579]"
org.joda.time.chrono.TestBuddhistChronology.testWithUTC,0.016423357664233577,0.015815085158150853,0.015206812652068127,0.031630170316301706,0.015791690061763057,0.015803383280737937,0.0006082725060827252,1.254257907542579,1.1955596107055961,1.1368613138686132,2.3911192214111923,1.192677705009962,1.1941177884526106,0.05869829683698291,"[""TestBuddhistChronology"", ""BuddhistChronology""]","[0.016423357664233577, 0.015206812652068127]","[1.1368613138686132, 1.254257907542579]"
org.joda.time.chrono.TestBuddhistChronology.testFactory_Zone,0.016423357664233577,0.015815085158150853,0.015206812652068127,0.031630170316301706,0.015791690061763057,0.015803383280737937,0.0006082725060827252,1.254257907542579,1.1955596107055961,1.1368613138686132,2.3911192214111923,1.192677705009962,1.1941177884526106,0.05869829683698291,"[""TestBuddhistChronology"", ""BuddhistChronology"", ""Object""]","[0.016423357664233577, 0.015206812652068127]","[1.1368613138686132, 1.254257907542579]"
org.joda.time.chrono.TestBuddhistChronology.testEquality,0.016423357664233577,0.015815085158150853,0.015206812652068127,0.031630170316301706,0.015791690061763057,0.015803383280737937,0.0006082725060827252,1.254257907542579,1.1955596107055961,1.1368613138686132,2.3911192214111923,1.192677705009962,1.1941177884526106,0.05869829683698291,"[""TestBuddhistChronology"", ""BuddhistChronology""]","[0.016423357664233577, 0.015206812652068127]","[1.1368613138686132, 1.254257907542579]"
org.joda.time.chrono.TestBuddhistChronology.testFactory,0.016423357664233577,0.015815085158150853,0.015206812652068127,0.031630170316301706,0.015791690061763057,0.015803383280737937,0.0006082725060827252,1.254257907542579,1.1955596107055961,1.1368613138686132,2.3911192214111923,1.192677705009962,1.1941177884526106,0.05869829683698291,"[""TestBuddhistChronology"", ""BuddhistChronology"", ""Object""]","[0.016423357664233577, 0.015206812652068127]","[1.1368613138686132, 1.254257907542579]"
org.joda.time.chrono.TestBuddhistChronology.testToString,0.016423357664233577,0.015815085158150853,0.015206812652068127,0.031630170316301706,0.015791690061763057,0.015803383280737937,0.0006082725060827252,1.254257907542579,1.1955596107055961,1.1368613138686132,2.3911192214111923,1.192677705009962,1.1941177884526106,0.05869829683698291,"[""TestBuddhistChronology"", ""BuddhistChronology""]","[0.016423357664233577, 0.015206812652068127]","[1.1368613138686132, 1.254257907542579]"
org.joda.time.tz.TestFixedDateTimeZone.testHashCode,0.020558002936857563,0.015753454023173307,0.010948905109489052,0.031506908046346614,0.014288144242218064,0.01500292049556521,0.0048045489136842555,0.7606461086637298,0.5177926407065607,0.2749391727493917,1.0355852814131215,0.40389027465835897,0.45730888015765647,0.24285346795716906,"[""FixedDateTimeZone"", ""TestFixedDateTimeZone""]","[0.020558002936857563, 0.010948905109489052]","[0.7606461086637298, 0.2749391727493917]"
org.joda.time.tz.TestFixedDateTimeZone.testEquals,0.020558002936857563,0.015753454023173307,0.010948905109489052,0.031506908046346614,0.014288144242218064,0.01500292049556521,0.0048045489136842555,0.7606461086637298,0.5177926407065607,0.2749391727493917,1.0355852814131215,0.40389027465835897,0.45730888015765647,0.24285346795716906,"[""FixedDateTimeZone"", ""TestFixedDateTimeZone""]","[0.020558002936857563, 0.010948905109489052]","[0.7606461086637298, 0.2749391727493917]"
org.joda.time.chrono.TestISOChronology.testToString,0.01597444089456869,0.015590626773318409,0.015206812652068127,0.031181253546636818,0.015581177937052043,0.015585901639149455,0.0003838141212502812,1.6373801916932906,1.178483283194577,0.7195863746958637,2.356966566389154,0.9997905722900754,1.0854660179569848,0.45889690849871345,"[""TestISOChronology"", ""ISOChronology""]","[0.01597444089456869, 0.015206812652068127]","[1.6373801916932906, 0.7195863746958637]"
org.joda.time.chrono.TestISOChronology.testWithZone,0.01597444089456869,0.015590626773318409,0.015206812652068127,0.031181253546636818,0.015581177937052043,0.015585901639149455,0.0003838141212502812,1.6373801916932906,1.178483283194577,0.7195863746958637,2.356966566389154,0.9997905722900754,1.0854660179569848,0.45889690849871345,"[""TestISOChronology"", ""ISOChronology""]","[0.01597444089456869, 0.015206812652068127]","[1.6373801916932906, 0.7195863746958637]"
org.joda.time.chrono.TestISOChronology.testEquality,0.01597444089456869,0.015590626773318409,0.015206812652068127,0.031181253546636818,0.015581177937052043,0.015585901639149455,0.0003838141212502812,1.6373801916932906,1.178483283194577,0.7195863746958637,2.356966566389154,0.9997905722900754,1.0854660179569848,0.45889690849871345,"[""TestISOChronology"", ""ISOChronology""]","[0.01597444089456869, 0.015206812652068127]","[1.6373801916932906, 0.7195863746958637]"
org.joda.time.chrono.TestISOChronology.testWithUTC,0.01597444089456869,0.015590626773318409,0.015206812652068127,0.031181253546636818,0.015581177937052043,0.015585901639149455,0.0003838141212502812,1.6373801916932906,1.178483283194577,0.7195863746958637,2.356966566389154,0.9997905722900754,1.0854660179569848,0.45889690849871345,"[""TestISOChronology"", ""ISOChronology""]","[0.01597444089456869, 0.015206812652068127]","[1.6373801916932906, 0.7195863746958637]"
org.joda.time.chrono.TestISOChronology.testFactory_Zone,0.01597444089456869,0.015590626773318409,0.015206812652068127,0.031181253546636818,0.015581177937052043,0.015585901639149455,0.0003838141212502812,1.6373801916932906,1.178483283194577,0.7195863746958637,2.356966566389154,0.9997905722900754,1.0854660179569848,0.45889690849871345,"[""TestISOChronology"", ""Object"", ""ISOChronology""]","[0.01597444089456869, 0.015206812652068127]","[1.6373801916932906, 0.7195863746958637]"
org.joda.time.chrono.TestISOChronology.testFactoryUTC,0.01597444089456869,0.015590626773318409,0.015206812652068127,0.031181253546636818,0.015581177937052043,0.015585901639149455,0.0003838141212502812,1.6373801916932906,1.178483283194577,0.7195863746958637,2.356966566389154,0.9997905722900754,1.0854660179569848,0.45889690849871345,"[""TestISOChronology"", ""Object"", ""ISOChronology""]","[0.01597444089456869, 0.015206812652068127]","[1.6373801916932906, 0.7195863746958637]"
org.joda.time.chrono.TestISOChronology.testFactory,0.01597444089456869,0.015590626773318409,0.015206812652068127,0.031181253546636818,0.015581177937052043,0.015585901639149455,0.0003838141212502812,1.6373801916932906,1.178483283194577,0.7195863746958637,2.356966566389154,0.9997905722900754,1.0854660179569848,0.45889690849871345,"[""TestISOChronology"", ""Object"", ""ISOChronology""]","[0.01597444089456869, 0.015206812652068127]","[1.6373801916932906, 0.7195863746958637]"
org.joda.time.TestDateMidnight_Constructors.testTest,0.019464720194647202,0.015550541915505419,0.011636363636363636,0.031101083831010838,0.01456531634046427,0.015049869177670141,0.003914178279141783,1.7738181818181817,1.3893421809334217,1.0048661800486618,2.7786843618668433,1.2829452131561787,1.3350842297265364,0.38447600088475997,"[""TestDateMidnight_Constructors"", ""Instant""]","[0.019464720194647202, 0.011636363636363636]","[1.0048661800486618, 1.7738181818181817]"
org.joda.time.field.TestMillisDurationField.testSerialization,0.014899211218229623,0.010055462263582901,0.007633587786259542,0.030166386790748706,0.009115281501340482,0.009539821057855601,0.0034250477321959467,0.8816827344434707,0.3613242702597828,0.09541984732824428,1.0839728107793485,0.14305239105916462,0.20793899049643078,0.3679786916347699,"[""ByteArrayOutputStream"", ""ObjectInputStream"", ""TestMillisDurationField"", ""ObjectOutputStream"", ""ByteArrayInputStream""]","[0.014899211218229623, 0.007633587786259542, 0.007633587786259542]","[0.8816827344434707, 0.09541984732824428, 0.10687022900763359]"
org.joda.time.format.TestISOPeriodFormat.testSubclassableConstructor,0.01670843776106934,0.014958725485041274,0.01320901320901321,0.029917450970082547,0.014754062791555469,0.01485604170322431,0.0017497122760280646,0.9323308270676691,0.7851242324926535,0.6379176379176379,1.570248464985307,0.7575237833031351,0.7712005439318654,0.14720659457501561,"[""TestISOPeriodFormat"", ""ISOPeriodFormat"", ""TestISOPeriodFormat$1""]","[0.01670843776106934, 0.01320901320901321]","[0.9323308270676691, 0.6379176379176379]"
org.joda.time.tz.TestCompiler.testDateTimeZoneBuilder,0.017639902676399026,0.014936159289269849,0.012232415902140673,0.029872318578539697,0.014446727691637089,0.014689405229994762,0.0027037433871291766,3.8789537712895377,2.335501350476573,0.7920489296636085,4.671002700953146,1.3154867935047736,1.7528038061244893,1.5434524208129645,"[""Object"", ""TestCompiler$1"", ""DateTimeZoneBuilder"", ""Thread"", ""TestCompiler""]","[0.017639902676399026, 0.012232415902140673]","[3.8789537712895377, 0.7920489296636085]"
org.joda.time.TestDateTimeComparator.testStaticGetInstance,0.015206812652068127,0.014598540145985401,0.013990267639902677,0.029197080291970802,0.014573195458231955,0.01458586229717981,0.0006082725060827252,3.1648418491484187,1.9805352798053528,0.7962287104622872,3.9610705596107056,1.2723519596238577,1.5874312408304574,1.1843065693430659,"[""DateTimeComparator"", ""TestDateTimeComparator""]","[0.015206812652068127, 0.013990267639902677]","[3.1648418491484187, 0.7962287104622872]"
org.joda.time.TestDateTimeComparator.testEqualsHashCode,0.015206812652068127,0.014598540145985401,0.013990267639902677,0.029197080291970802,0.014573195458231955,0.01458586229717981,0.0006082725060827252,3.1648418491484187,1.9805352798053528,0.7962287104622872,3.9610705596107056,1.2723519596238577,1.5874312408304574,1.1843065693430659,"[""DateTimeComparator"", ""TestDateTimeComparator""]","[0.015206812652068127, 0.013990267639902677]","[3.1648418491484187, 0.7962287104622872]"
org.joda.time.field.TestScaledDurationField.testSerialization,0.013169446883230905,0.009478874151916663,0.007633587786259542,0.028436622455749988,0.008877490629315447,0.009155350624353884,0.0026096290047744586,1.13784021071115,0.44671009568234266,0.09541984732824428,1.340130287047028,0.1448155953029858,0.22639087165645647,0.48872514752496643,"[""TestScaledDurationField"", ""ByteArrayOutputStream"", ""ObjectInputStream"", ""ObjectOutputStream"", ""ByteArrayInputStream""]","[0.013169446883230905, 0.007633587786259542, 0.007633587786259542]","[1.13784021071115, 0.09541984732824428, 0.10687022900763359]"
org.joda.time.field.TestPreciseDurationField.testSerialization,0.013169446883230905,0.009478874151916663,0.007633587786259542,0.028436622455749988,0.008877490629315447,0.009155350624353884,0.0026096290047744586,1.0781387181738367,0.4268095981699049,0.09541984732824428,1.2804287945097146,0.14447618921697133,0.22236001774964476,0.46058296012334415,"[""ByteArrayOutputStream"", ""ObjectInputStream"", ""TestPreciseDurationField"", ""ObjectOutputStream"", ""ByteArrayInputStream""]","[0.013169446883230905, 0.007633587786259542, 0.007633587786259542]","[1.0781387181738367, 0.09541984732824428, 0.10687022900763359]"
org.joda.time.convert.TestCalendarConverter.testSupportedType,0.015770609318996417,0.013685060459254009,0.0115995115995116,0.027370120918508017,0.013367231096400763,0.013525212224843822,0.0020855488597424088,0.7003584229390681,0.5324136437039663,0.36446886446886445,1.0648272874079325,0.47943707331387697,0.5052314708426296,0.16794477923510184,"[""CalendarConverter"", ""TestCalendarConverter""]","[0.015770609318996417, 0.0115995115995116]","[0.7003584229390681, 0.36446886446886445]"
org.joda.time.convert.TestCalendarConverter.testToString,0.015770609318996417,0.013685060459254009,0.0115995115995116,0.027370120918508017,0.013367231096400763,0.013525212224843822,0.0020855488597424088,0.7003584229390681,0.5324136437039663,0.36446886446886445,1.0648272874079325,0.47943707331387697,0.5052314708426296,0.16794477923510184,"[""CalendarConverter"", ""TestCalendarConverter""]","[0.015770609318996417, 0.0115995115995116]","[0.7003584229390681, 0.36446886446886445]"
org.joda.time.convert.TestDateConverter.testGetChronology_Object_Zone,0.015053763440860216,0.008755812884845145,0.0026666666666666666,0.026267438654535433,0.005372217958557176,0.0070007191060547655,0.0050591660091319135,0.4831541218637993,0.24037738128060712,0.04933333333333333,0.7211321438418213,0.10853452527136548,0.16505305880669874,0.18084491100723227,"[""TestDateConverter"", ""DateConverter"", ""Date""]","[0.015053763440860216, 0.008547008547008548, 0.0026666666666666666]","[0.4831541218637993, 0.18864468864468864, 0.04933333333333333]"
org.joda.time.convert.TestDateConverter.testGetInstantMillis_Object_Chronology,0.015053763440860216,0.008755812884845145,0.0026666666666666666,0.026267438654535433,0.005372217958557176,0.0070007191060547655,0.0050591660091319135,0.4831541218637993,0.24037738128060712,0.04933333333333333,0.7211321438418213,0.10853452527136548,0.16505305880669874,0.18084491100723227,"[""TestDateConverter"", ""DateConverter"", ""Date""]","[0.015053763440860216, 0.008547008547008548, 0.0026666666666666666]","[0.4831541218637993, 0.18864468864468864, 0.04933333333333333]"
org.joda.time.convert.TestDateConverter.testGetChronology_Object_Chronology,0.015053763440860216,0.008755812884845145,0.0026666666666666666,0.026267438654535433,0.005372217958557176,0.0070007191060547655,0.0050591660091319135,0.4831541218637993,0.24037738128060712,0.04933333333333333,0.7211321438418213,0.10853452527136548,0.16505305880669874,0.18084491100723227,"[""TestDateConverter"", ""DateConverter"", ""Date""]","[0.015053763440860216, 0.008547008547008548, 0.0026666666666666666]","[0.4831541218637993, 0.18864468864468864, 0.04933333333333333]"
org.joda.time.convert.TestStringConverter.testSingleton,0.025602409638554216,0.025602409638554216,0.025602409638554216,0.025602409638554216,0.025602409638554216,0.025602409638554216,0.0,2.2710843373493974,2.2710843373493974,2.2710843373493974,2.2710843373493974,2.2710843373493974,2.2710843373493974,0.0,"[""Constructor"", ""Modifier"", ""Field"", ""Class"", ""TestStringConverter""]",[0.025602409638554216],[2.2710843373493974]
org.joda.time.field.TestMillisDurationField.test_isPrecise,0.014899211218229623,0.01263886079837,0.010378510378510378,0.02527772159674,0.012234616768621804,0.012435096230428395,0.0022603504198596223,0.8816827344434707,0.8007314771118452,0.7197802197802198,1.6014629542236904,0.7925475774514904,0.7966290180342079,0.08095125733162545,"[""TestMillisDurationField"", ""DurationField""]","[0.014899211218229623, 0.010378510378510378]","[0.8816827344434707, 0.7197802197802198]"
org.joda.time.field.TestMillisDurationField.test_toString,0.014899211218229623,0.01263886079837,0.010378510378510378,0.02527772159674,0.012234616768621804,0.012435096230428395,0.0022603504198596223,0.8816827344434707,0.8007314771118452,0.7197802197802198,1.6014629542236904,0.7925475774514904,0.7966290180342079,0.08095125733162545,"[""TestMillisDurationField"", ""DurationField""]","[0.014899211218229623, 0.010378510378510378]","[0.8816827344434707, 0.7197802197802198]"
org.joda.time.field.TestMillisDurationField.test_getMillis_int_long,0.014899211218229623,0.01263886079837,0.010378510378510378,0.02527772159674,0.012234616768621804,0.012435096230428395,0.0022603504198596223,0.8816827344434707,0.8007314771118452,0.7197802197802198,1.6014629542236904,0.7925475774514904,0.7966290180342079,0.08095125733162545,"[""TestMillisDurationField"", ""DurationField""]","[0.014899211218229623, 0.010378510378510378]","[0.8816827344434707, 0.7197802197802198]"
org.joda.time.field.TestMillisDurationField.test_getValue_long,0.014899211218229623,0.01263886079837,0.010378510378510378,0.02527772159674,0.012234616768621804,0.012435096230428395,0.0022603504198596223,0.8816827344434707,0.8007314771118452,0.7197802197802198,1.6014629542236904,0.7925475774514904,0.7966290180342079,0.08095125733162545,"[""TestMillisDurationField"", ""DurationField""]","[0.014899211218229623, 0.010378510378510378]","[0.8816827344434707, 0.7197802197802198]"
org.joda.time.field.TestMillisDurationField.test_isSupported,0.014899211218229623,0.01263886079837,0.010378510378510378,0.02527772159674,0.012234616768621804,0.012435096230428395,0.0022603504198596223,0.8816827344434707,0.8007314771118452,0.7197802197802198,1.6014629542236904,0.7925475774514904,0.7966290180342079,0.08095125733162545,"[""TestMillisDurationField"", ""DurationField""]","[0.014899211218229623, 0.010378510378510378]","[0.8816827344434707, 0.7197802197802198]"
org.joda.time.field.TestMillisDurationField.test_getMillis_int,0.014899211218229623,0.01263886079837,0.010378510378510378,0.02527772159674,0.012234616768621804,0.012435096230428395,0.0022603504198596223,0.8816827344434707,0.8007314771118452,0.7197802197802198,1.6014629542236904,0.7925475774514904,0.7966290180342079,0.08095125733162545,"[""TestMillisDurationField"", ""DurationField""]","[0.014899211218229623, 0.010378510378510378]","[0.8816827344434707, 0.7197802197802198]"
org.joda.time.field.TestMillisDurationField.test_getName,0.014899211218229623,0.01263886079837,0.010378510378510378,0.02527772159674,0.012234616768621804,0.012435096230428395,0.0022603504198596223,0.8816827344434707,0.8007314771118452,0.7197802197802198,1.6014629542236904,0.7925475774514904,0.7966290180342079,0.08095125733162545,"[""TestMillisDurationField"", ""DurationField""]","[0.014899211218229623, 0.010378510378510378]","[0.8816827344434707, 0.7197802197802198]"
org.joda.time.field.TestMillisDurationField.test_getUnitMillis,0.014899211218229623,0.01263886079837,0.010378510378510378,0.02527772159674,0.012234616768621804,0.012435096230428395,0.0022603504198596223,0.8816827344434707,0.8007314771118452,0.7197802197802198,1.6014629542236904,0.7925475774514904,0.7966290180342079,0.08095125733162545,"[""TestMillisDurationField"", ""DurationField""]","[0.014899211218229623, 0.010378510378510378]","[0.8816827344434707, 0.7197802197802198]"
org.joda.time.field.TestMillisDurationField.test_getValue_long_long,0.014899211218229623,0.01263886079837,0.010378510378510378,0.02527772159674,0.012234616768621804,0.012435096230428395,0.0022603504198596223,0.8816827344434707,0.8007314771118452,0.7197802197802198,1.6014629542236904,0.7925475774514904,0.7966290180342079,0.08095125733162545,"[""TestMillisDurationField"", ""DurationField""]","[0.014899211218229623, 0.010378510378510378]","[0.8816827344434707, 0.7197802197802198]"
org.joda.time.field.TestMillisDurationField.test_add_long_int,0.014899211218229623,0.01263886079837,0.010378510378510378,0.02527772159674,0.012234616768621804,0.012435096230428395,0.0022603504198596223,0.8816827344434707,0.8007314771118452,0.7197802197802198,1.6014629542236904,0.7925475774514904,0.7966290180342079,0.08095125733162545,"[""TestMillisDurationField"", ""DurationField""]","[0.014899211218229623, 0.010378510378510378]","[0.8816827344434707, 0.7197802197802198]"
org.joda.time.field.TestMillisDurationField.test_getValueAsLong_long_long,0.014899211218229623,0.01263886079837,0.010378510378510378,0.02527772159674,0.012234616768621804,0.012435096230428395,0.0022603504198596223,0.8816827344434707,0.8007314771118452,0.7197802197802198,1.6014629542236904,0.7925475774514904,0.7966290180342079,0.08095125733162545,"[""TestMillisDurationField"", ""DurationField""]","[0.014899211218229623, 0.010378510378510378]","[0.8816827344434707, 0.7197802197802198]"
org.joda.time.field.TestMillisDurationField.test_getMillis_long,0.014899211218229623,0.01263886079837,0.010378510378510378,0.02527772159674,0.012234616768621804,0.012435096230428395,0.0022603504198596223,0.8816827344434707,0.8007314771118452,0.7197802197802198,1.6014629542236904,0.7925475774514904,0.7966290180342079,0.08095125733162545,"[""TestMillisDurationField"", ""DurationField""]","[0.014899211218229623, 0.010378510378510378]","[0.8816827344434707, 0.7197802197802198]"
org.joda.time.field.TestMillisDurationField.test_getMillis_long_long,0.014899211218229623,0.01263886079837,0.010378510378510378,0.02527772159674,0.012234616768621804,0.012435096230428395,0.0022603504198596223,0.8816827344434707,0.8007314771118452,0.7197802197802198,1.6014629542236904,0.7925475774514904,0.7966290180342079,0.08095125733162545,"[""TestMillisDurationField"", ""DurationField""]","[0.014899211218229623, 0.010378510378510378]","[0.8816827344434707, 0.7197802197802198]"
org.joda.time.field.TestMillisDurationField.test_getDifferenceAsLong_long_long,0.014899211218229623,0.01263886079837,0.010378510378510378,0.02527772159674,0.012234616768621804,0.012435096230428395,0.0022603504198596223,0.8816827344434707,0.8007314771118452,0.7197802197802198,1.6014629542236904,0.7925475774514904,0.7966290180342079,0.08095125733162545,"[""TestMillisDurationField"", ""DurationField""]","[0.014899211218229623, 0.010378510378510378]","[0.8816827344434707, 0.7197802197802198]"
org.joda.time.field.TestMillisDurationField.test_getValueAsLong_long,0.014899211218229623,0.01263886079837,0.010378510378510378,0.02527772159674,0.012234616768621804,0.012435096230428395,0.0022603504198596223,0.8816827344434707,0.8007314771118452,0.7197802197802198,1.6014629542236904,0.7925475774514904,0.7966290180342079,0.08095125733162545,"[""TestMillisDurationField"", ""DurationField""]","[0.014899211218229623, 0.010378510378510378]","[0.8816827344434707, 0.7197802197802198]"
org.joda.time.field.TestMillisDurationField.test_getDifference_long_int,0.014899211218229623,0.01263886079837,0.010378510378510378,0.02527772159674,0.012234616768621804,0.012435096230428395,0.0022603504198596223,0.8816827344434707,0.8007314771118452,0.7197802197802198,1.6014629542236904,0.7925475774514904,0.7966290180342079,0.08095125733162545,"[""TestMillisDurationField"", ""DurationField""]","[0.014899211218229623, 0.010378510378510378]","[0.8816827344434707, 0.7197802197802198]"
org.joda.time.field.TestMillisDurationField.test_add_long_long,0.014899211218229623,0.01263886079837,0.010378510378510378,0.02527772159674,0.012234616768621804,0.012435096230428395,0.0022603504198596223,0.8816827344434707,0.8007314771118452,0.7197802197802198,1.6014629542236904,0.7925475774514904,0.7966290180342079,0.08095125733162545,"[""TestMillisDurationField"", ""DurationField""]","[0.014899211218229623, 0.010378510378510378]","[0.8816827344434707, 0.7197802197802198]"
org.joda.time.convert.TestReadableInstantConverter.testSupportedType,0.016487455197132617,0.012517231872070583,0.008547008547008548,0.025034463744141165,0.011257953989231522,0.011870906472898903,0.003970223325062035,0.5648745519713262,0.4307889243373114,0.2967032967032967,0.8615778486746228,0.3890539712726176,0.4093899629860143,0.13408562763401474,"[""TestReadableInstantConverter"", ""ReadableInstantConverter""]","[0.016487455197132617, 0.008547008547008548]","[0.5648745519713262, 0.2967032967032967]"
org.joda.time.convert.TestReadableInstantConverter.testToString,0.016487455197132617,0.012517231872070583,0.008547008547008548,0.025034463744141165,0.011257953989231522,0.011870906472898903,0.003970223325062035,0.5648745519713262,0.4307889243373114,0.2967032967032967,0.8615778486746228,0.3890539712726176,0.4093899629860143,0.13408562763401474,"[""TestReadableInstantConverter"", ""ReadableInstantConverter""]","[0.016487455197132617, 0.008547008547008548]","[0.5648745519713262, 0.2967032967032967]"
org.joda.time.tz.TestUTCProvider.testGetZone_String,0.010286554004408524,0.008308424539561876,0.0072992700729927005,0.02492527361868563,0.008097946592114142,0.008198560593739716,0.0013988449359355773,0.29684055841293167,0.19290653940445787,0.12530413625304138,0.5787196182133736,0.1691464174650051,0.17991620634430708,0.07459301023975641,"[""Provider"", ""UTCProvider"", ""TestUTCProvider""]","[0.010286554004408524, 0.007339449541284404, 0.0072992700729927005]","[0.29684055841293167, 0.1565749235474006, 0.12530413625304138]"
org.joda.time.tz.TestUTCProvider.testGetAvailableIDs,0.010286554004408524,0.008308424539561876,0.0072992700729927005,0.02492527361868563,0.008097946592114142,0.008198560593739716,0.0013988449359355773,0.29684055841293167,0.19290653940445787,0.12530413625304138,0.5787196182133736,0.1691464174650051,0.17991620634430708,0.07459301023975641,"[""Provider"", ""UTCProvider"", ""TestUTCProvider"", ""Set"", ""Iterator""]","[0.010286554004408524, 0.007339449541284404, 0.0072992700729927005]","[0.29684055841293167, 0.1565749235474006, 0.12530413625304138]"
org.joda.time.format.TestPeriodFormatter.testWithGetLocaleMethods,0.014344262295081968,0.011834135809545645,0.009324009324009324,0.02366827161909129,0.011301715438950555,0.011564862099713063,0.0025101264855363218,1.1173271173271173,1.0863274930897882,1.055327868852459,2.1726549861795763,1.085442882593443,1.085885097761217,0.03099962423732916,"[""TestPeriodFormatter"", ""PeriodFormatter""]","[0.014344262295081968, 0.009324009324009324]","[1.055327868852459, 1.1173271173271173]"
org.joda.time.convert.TestReadablePartialConverter.testSupportedType,0.01486013986013986,0.0118006993006993,0.008741258741258742,0.0236013986013986,0.011007511007511009,0.011397207002102535,0.003059440559440559,0.6293706293706294,0.48645104895104896,0.34353146853146854,0.9729020979020979,0.44446119917818033,0.4649823830622693,0.14291958041958042,"[""ReadablePartialConverter"", ""TestReadablePartialConverter""]","[0.01486013986013986, 0.008741258741258742]","[0.6293706293706294, 0.34353146853146854]"
org.joda.time.convert.TestReadablePartialConverter.testToString,0.01486013986013986,0.0118006993006993,0.008741258741258742,0.0236013986013986,0.011007511007511009,0.011397207002102535,0.003059440559440559,0.6293706293706294,0.48645104895104896,0.34353146853146854,0.9729020979020979,0.44446119917818033,0.4649823830622693,0.14291958041958042,"[""ReadablePartialConverter"", ""TestReadablePartialConverter""]","[0.01486013986013986, 0.008741258741258742]","[0.6293706293706294, 0.34353146853146854]"
org.joda.time.convert.TestDateConverter.testToString,0.015053763440860216,0.011800385993934383,0.008547008547008548,0.023600771987868766,0.01090342679127726,0.011343043894549518,0.003253377446925834,0.4831541218637993,0.335899405254244,0.18864468864468864,0.671798810508488,0.27134450808987487,0.3019014059033087,0.14725471660955533,"[""TestDateConverter"", ""DateConverter""]","[0.015053763440860216, 0.008547008547008548]","[0.4831541218637993, 0.18864468864468864]"
org.joda.time.convert.TestDateConverter.testSupportedType,0.015053763440860216,0.011800385993934383,0.008547008547008548,0.023600771987868766,0.01090342679127726,0.011343043894549518,0.003253377446925834,0.4831541218637993,0.335899405254244,0.18864468864468864,0.671798810508488,0.27134450808987487,0.3019014059033087,0.14725471660955533,"[""TestDateConverter"", ""DateConverter""]","[0.015053763440860216, 0.008547008547008548]","[0.4831541218637993, 0.18864468864468864]"
org.joda.time.field.TestPreciseDurationField.test_getMillis_long_long,0.013169446883230905,0.011468728325620337,0.009768009768009768,0.022937456651240674,0.011216525681170257,0.01134192601786334,0.0017007185576105683,1.0781387181738367,0.7582390782566375,0.43833943833943834,1.516478156513275,0.6232740223082593,0.6874523402944538,0.31989963991719916,"[""TestPreciseDurationField"", ""PreciseDurationField""]","[0.013169446883230905, 0.009768009768009768]","[1.0781387181738367, 0.43833943833943834]"
org.joda.time.field.TestPreciseDurationField.test_getValue_long,0.013169446883230905,0.011468728325620337,0.009768009768009768,0.022937456651240674,0.011216525681170257,0.01134192601786334,0.0017007185576105683,1.0781387181738367,0.7582390782566375,0.43833943833943834,1.516478156513275,0.6232740223082593,0.6874523402944538,0.31989963991719916,"[""TestPreciseDurationField"", ""PreciseDurationField""]","[0.013169446883230905, 0.009768009768009768]","[1.0781387181738367, 0.43833943833943834]"
org.joda.time.field.TestPreciseDurationField.test_isPrecise,0.013169446883230905,0.011468728325620337,0.009768009768009768,0.022937456651240674,0.011216525681170257,0.01134192601786334,0.0017007185576105683,1.0781387181738367,0.7582390782566375,0.43833943833943834,1.516478156513275,0.6232740223082593,0.6874523402944538,0.31989963991719916,"[""TestPreciseDurationField"", ""PreciseDurationField""]","[0.013169446883230905, 0.009768009768009768]","[1.0781387181738367, 0.43833943833943834]"
org.joda.time.field.TestPreciseDurationField.test_getDifference_long_int,0.013169446883230905,0.011468728325620337,0.009768009768009768,0.022937456651240674,0.011216525681170257,0.01134192601786334,0.0017007185576105683,1.0781387181738367,0.7582390782566375,0.43833943833943834,1.516478156513275,0.6232740223082593,0.6874523402944538,0.31989963991719916,"[""TestPreciseDurationField"", ""PreciseDurationField""]","[0.013169446883230905, 0.009768009768009768]","[1.0781387181738367, 0.43833943833943834]"
org.joda.time.field.TestPreciseDurationField.test_getMillis_long,0.013169446883230905,0.011468728325620337,0.009768009768009768,0.022937456651240674,0.011216525681170257,0.01134192601786334,0.0017007185576105683,1.0781387181738367,0.7582390782566375,0.43833943833943834,1.516478156513275,0.6232740223082593,0.6874523402944538,0.31989963991719916,"[""TestPreciseDurationField"", ""PreciseDurationField""]","[0.013169446883230905, 0.009768009768009768]","[1.0781387181738367, 0.43833943833943834]"
org.joda.time.field.TestPreciseDurationField.test_constructor,0.013169446883230905,0.011468728325620337,0.009768009768009768,0.022937456651240674,0.011216525681170257,0.01134192601786334,0.0017007185576105683,1.0781387181738367,0.7582390782566375,0.43833943833943834,1.516478156513275,0.6232740223082593,0.6874523402944538,0.31989963991719916,"[""TestPreciseDurationField"", ""PreciseDurationField""]","[0.013169446883230905, 0.009768009768009768]","[1.0781387181738367, 0.43833943833943834]"
org.joda.time.field.TestPreciseDurationField.test_toString,0.013169446883230905,0.011468728325620337,0.009768009768009768,0.022937456651240674,0.011216525681170257,0.01134192601786334,0.0017007185576105683,1.0781387181738367,0.7582390782566375,0.43833943833943834,1.516478156513275,0.6232740223082593,0.6874523402944538,0.31989963991719916,"[""TestPreciseDurationField"", ""PreciseDurationField""]","[0.013169446883230905, 0.009768009768009768]","[1.0781387181738367, 0.43833943833943834]"
org.joda.time.field.TestPreciseDurationField.test_getName,0.013169446883230905,0.011468728325620337,0.009768009768009768,0.022937456651240674,0.011216525681170257,0.01134192601786334,0.0017007185576105683,1.0781387181738367,0.7582390782566375,0.43833943833943834,1.516478156513275,0.6232740223082593,0.6874523402944538,0.31989963991719916,"[""TestPreciseDurationField"", ""PreciseDurationField""]","[0.013169446883230905, 0.009768009768009768]","[1.0781387181738367, 0.43833943833943834]"
org.joda.time.field.TestPreciseDurationField.test_isSupported,0.013169446883230905,0.011468728325620337,0.009768009768009768,0.022937456651240674,0.011216525681170257,0.01134192601786334,0.0017007185576105683,1.0781387181738367,0.7582390782566375,0.43833943833943834,1.516478156513275,0.6232740223082593,0.6874523402944538,0.31989963991719916,"[""TestPreciseDurationField"", ""PreciseDurationField""]","[0.013169446883230905, 0.009768009768009768]","[1.0781387181738367, 0.43833943833943834]"
org.joda.time.field.TestPreciseDurationField.test_getUnitMillis,0.013169446883230905,0.011468728325620337,0.009768009768009768,0.022937456651240674,0.011216525681170257,0.01134192601786334,0.0017007185576105683,1.0781387181738367,0.7582390782566375,0.43833943833943834,1.516478156513275,0.6232740223082593,0.6874523402944538,0.31989963991719916,"[""TestPreciseDurationField"", ""PreciseDurationField""]","[0.013169446883230905, 0.009768009768009768]","[1.0781387181738367, 0.43833943833943834]"
org.joda.time.field.TestPreciseDurationField.test_getDifferenceAsLong_long_long,0.013169446883230905,0.011468728325620337,0.009768009768009768,0.022937456651240674,0.011216525681170257,0.01134192601786334,0.0017007185576105683,1.0781387181738367,0.7582390782566375,0.43833943833943834,1.516478156513275,0.6232740223082593,0.6874523402944538,0.31989963991719916,"[""TestPreciseDurationField"", ""PreciseDurationField""]","[0.013169446883230905, 0.009768009768009768]","[1.0781387181738367, 0.43833943833943834]"
org.joda.time.field.TestPreciseDurationField.test_getValueAsLong_long_long,0.013169446883230905,0.011468728325620337,0.009768009768009768,0.022937456651240674,0.011216525681170257,0.01134192601786334,0.0017007185576105683,1.0781387181738367,0.7582390782566375,0.43833943833943834,1.516478156513275,0.6232740223082593,0.6874523402944538,0.31989963991719916,"[""TestPreciseDurationField"", ""PreciseDurationField""]","[0.013169446883230905, 0.009768009768009768]","[1.0781387181738367, 0.43833943833943834]"
org.joda.time.field.TestPreciseDurationField.test_add_long_long,0.013169446883230905,0.011468728325620337,0.009768009768009768,0.022937456651240674,0.011216525681170257,0.01134192601786334,0.0017007185576105683,1.0781387181738367,0.7582390782566375,0.43833943833943834,1.516478156513275,0.6232740223082593,0.6874523402944538,0.31989963991719916,"[""TestPreciseDurationField"", ""PreciseDurationField""]","[0.013169446883230905, 0.009768009768009768]","[1.0781387181738367, 0.43833943833943834]"
org.joda.time.field.TestPreciseDurationField.test_add_long_int,0.013169446883230905,0.011468728325620337,0.009768009768009768,0.022937456651240674,0.011216525681170257,0.01134192601786334,0.0017007185576105683,1.0781387181738367,0.7582390782566375,0.43833943833943834,1.516478156513275,0.6232740223082593,0.6874523402944538,0.31989963991719916,"[""TestPreciseDurationField"", ""PreciseDurationField""]","[0.013169446883230905, 0.009768009768009768]","[1.0781387181738367, 0.43833943833943834]"
org.joda.time.field.TestPreciseDurationField.test_getValueAsLong_long,0.013169446883230905,0.011468728325620337,0.009768009768009768,0.022937456651240674,0.011216525681170257,0.01134192601786334,0.0017007185576105683,1.0781387181738367,0.7582390782566375,0.43833943833943834,1.516478156513275,0.6232740223082593,0.6874523402944538,0.31989963991719916,"[""TestPreciseDurationField"", ""PreciseDurationField""]","[0.013169446883230905, 0.009768009768009768]","[1.0781387181738367, 0.43833943833943834]"
org.joda.time.field.TestPreciseDurationField.test_getValue_long_long,0.013169446883230905,0.011468728325620337,0.009768009768009768,0.022937456651240674,0.011216525681170257,0.01134192601786334,0.0017007185576105683,1.0781387181738367,0.7582390782566375,0.43833943833943834,1.516478156513275,0.6232740223082593,0.6874523402944538,0.31989963991719916,"[""TestPreciseDurationField"", ""PreciseDurationField""]","[0.013169446883230905, 0.009768009768009768]","[1.0781387181738367, 0.43833943833943834]"
org.joda.time.field.TestPreciseDurationField.test_getMillis_int_long,0.013169446883230905,0.011468728325620337,0.009768009768009768,0.022937456651240674,0.011216525681170257,0.01134192601786334,0.0017007185576105683,1.0781387181738367,0.7582390782566375,0.43833943833943834,1.516478156513275,0.6232740223082593,0.6874523402944538,0.31989963991719916,"[""TestPreciseDurationField"", ""PreciseDurationField""]","[0.013169446883230905, 0.009768009768009768]","[1.0781387181738367, 0.43833943833943834]"
org.joda.time.field.TestPreciseDurationField.test_getMillis_int,0.013169446883230905,0.011468728325620337,0.009768009768009768,0.022937456651240674,0.011216525681170257,0.01134192601786334,0.0017007185576105683,1.0781387181738367,0.7582390782566375,0.43833943833943834,1.516478156513275,0.6232740223082593,0.6874523402944538,0.31989963991719916,"[""TestPreciseDurationField"", ""PreciseDurationField""]","[0.013169446883230905, 0.009768009768009768]","[1.0781387181738367, 0.43833943833943834]"
org.joda.time.TestDateTimeComparator.testBasicComps5,0.015206812652068127,0.011420200219163835,0.007633587786259542,0.02284040043832767,0.010164667615368978,0.01077416072502932,0.0037866124329042927,3.1648418491484187,1.6816575657955835,0.1984732824427481,3.363315131591167,0.373522269330436,0.7925506609754756,1.4831842833528353,"[""TestDateTimeComparator"", ""Calendar"", ""Comparator""]","[0.015206812652068127, 0.007633587786259542]","[3.1648418491484187, 0.1984732824427481]"
org.joda.time.convert.TestConverterManager.testSingleton,0.022590361445783132,0.022590361445783132,0.022590361445783132,0.022590361445783132,0.022590361445783132,0.02259036144578313,0.0,3.8930722891566263,3.8930722891566263,3.8930722891566263,3.8930722891566263,3.8930722891566267,3.8930722891566263,0.0,"[""TestConverterManager"", ""Constructor"", ""Modifier"", ""Field"", ""Class""]",[0.022590361445783132],[3.8930722891566263]
org.joda.time.convert.TestReadablePeriodConverter.testSupportedType,0.01471727343144849,0.01124364060072813,0.00777000777000777,0.02248728120145626,0.010170489521719348,0.010693611593642424,0.0034736328307203596,0.5081332300542215,0.3880992490597448,0.2680652680652681,0.7761984981194896,0.3509743212782835,0.36907027857490154,0.12003398099447671,"[""TestReadablePeriodConverter"", ""ReadablePeriodConverter""]","[0.01471727343144849, 0.00777000777000777]","[0.5081332300542215, 0.2680652680652681]"
org.joda.time.convert.TestReadablePeriodConverter.testToString,0.01471727343144849,0.01124364060072813,0.00777000777000777,0.02248728120145626,0.010170489521719348,0.010693611593642424,0.0034736328307203596,0.5081332300542215,0.3880992490597448,0.2680652680652681,0.7761984981194896,0.3509743212782835,0.36907027857490154,0.12003398099447671,"[""TestReadablePeriodConverter"", ""ReadablePeriodConverter""]","[0.01471727343144849, 0.00777000777000777]","[0.5081332300542215, 0.2680652680652681]"
org.joda.time.field.TestScaledDurationField.test_getMillis_int,0.013169446883230905,0.011163478020370031,0.009157509157509158,0.022326956040740063,0.010803024846957148,0.01098177264527533,0.0020059688628608734,1.13784021071115,0.7951105815460512,0.4523809523809524,1.5902211630921024,0.6473781762254677,0.7174519065267397,0.34272962916509886,"[""TestScaledDurationField"", ""ScaledDurationField""]","[0.013169446883230905, 0.009157509157509158]","[1.13784021071115, 0.4523809523809524]"
org.joda.time.field.TestScaledDurationField.test_getUnitMillis,0.013169446883230905,0.011163478020370031,0.009157509157509158,0.022326956040740063,0.010803024846957148,0.01098177264527533,0.0020059688628608734,1.13784021071115,0.7951105815460512,0.4523809523809524,1.5902211630921024,0.6473781762254677,0.7174519065267397,0.34272962916509886,"[""TestScaledDurationField"", ""ScaledDurationField""]","[0.013169446883230905, 0.009157509157509158]","[1.13784021071115, 0.4523809523809524]"
org.joda.time.field.TestScaledDurationField.test_getScalar,0.013169446883230905,0.011163478020370031,0.009157509157509158,0.022326956040740063,0.010803024846957148,0.01098177264527533,0.0020059688628608734,1.13784021071115,0.7951105815460512,0.4523809523809524,1.5902211630921024,0.6473781762254677,0.7174519065267397,0.34272962916509886,"[""TestScaledDurationField"", ""ScaledDurationField""]","[0.013169446883230905, 0.009157509157509158]","[1.13784021071115, 0.4523809523809524]"
org.joda.time.field.TestScaledDurationField.test_getValue_long,0.013169446883230905,0.011163478020370031,0.009157509157509158,0.022326956040740063,0.010803024846957148,0.01098177264527533,0.0020059688628608734,1.13784021071115,0.7951105815460512,0.4523809523809524,1.5902211630921024,0.6473781762254677,0.7174519065267397,0.34272962916509886,"[""TestScaledDurationField"", ""ScaledDurationField""]","[0.013169446883230905, 0.009157509157509158]","[1.13784021071115, 0.4523809523809524]"
org.joda.time.field.TestScaledDurationField.test_getMillis_int_long,0.013169446883230905,0.011163478020370031,0.009157509157509158,0.022326956040740063,0.010803024846957148,0.01098177264527533,0.0020059688628608734,1.13784021071115,0.7951105815460512,0.4523809523809524,1.5902211630921024,0.6473781762254677,0.7174519065267397,0.34272962916509886,"[""TestScaledDurationField"", ""ScaledDurationField""]","[0.013169446883230905, 0.009157509157509158]","[1.13784021071115, 0.4523809523809524]"
org.joda.time.field.TestScaledDurationField.test_isSupported,0.013169446883230905,0.011163478020370031,0.009157509157509158,0.022326956040740063,0.010803024846957148,0.01098177264527533,0.0020059688628608734,1.13784021071115,0.7951105815460512,0.4523809523809524,1.5902211630921024,0.6473781762254677,0.7174519065267397,0.34272962916509886,"[""TestScaledDurationField"", ""ScaledDurationField""]","[0.013169446883230905, 0.009157509157509158]","[1.13784021071115, 0.4523809523809524]"
org.joda.time.field.TestScaledDurationField.test_getDifferenceAsLong_long_long,0.013169446883230905,0.011163478020370031,0.009157509157509158,0.022326956040740063,0.010803024846957148,0.01098177264527533,0.0020059688628608734,1.13784021071115,0.7951105815460512,0.4523809523809524,1.5902211630921024,0.6473781762254677,0.7174519065267397,0.34272962916509886,"[""TestScaledDurationField"", ""ScaledDurationField""]","[0.013169446883230905, 0.009157509157509158]","[1.13784021071115, 0.4523809523809524]"
org.joda.time.field.TestScaledDurationField.test_isPrecise,0.013169446883230905,0.011163478020370031,0.009157509157509158,0.022326956040740063,0.010803024846957148,0.01098177264527533,0.0020059688628608734,1.13784021071115,0.7951105815460512,0.4523809523809524,1.5902211630921024,0.6473781762254677,0.7174519065267397,0.34272962916509886,"[""TestScaledDurationField"", ""ScaledDurationField""]","[0.013169446883230905, 0.009157509157509158]","[1.13784021071115, 0.4523809523809524]"
org.joda.time.field.TestScaledDurationField.test_getValueAsLong_long_long,0.013169446883230905,0.011163478020370031,0.009157509157509158,0.022326956040740063,0.010803024846957148,0.01098177264527533,0.0020059688628608734,1.13784021071115,0.7951105815460512,0.4523809523809524,1.5902211630921024,0.6473781762254677,0.7174519065267397,0.34272962916509886,"[""TestScaledDurationField"", ""ScaledDurationField""]","[0.013169446883230905, 0.009157509157509158]","[1.13784021071115, 0.4523809523809524]"
org.joda.time.field.TestScaledDurationField.test_getMillis_long,0.013169446883230905,0.011163478020370031,0.009157509157509158,0.022326956040740063,0.010803024846957148,0.01098177264527533,0.0020059688628608734,1.13784021071115,0.7951105815460512,0.4523809523809524,1.5902211630921024,0.6473781762254677,0.7174519065267397,0.34272962916509886,"[""TestScaledDurationField"", ""ScaledDurationField""]","[0.013169446883230905, 0.009157509157509158]","[1.13784021071115, 0.4523809523809524]"
org.joda.time.field.TestScaledDurationField.test_toString,0.013169446883230905,0.011163478020370031,0.009157509157509158,0.022326956040740063,0.010803024846957148,0.01098177264527533,0.0020059688628608734,1.13784021071115,0.7951105815460512,0.4523809523809524,1.5902211630921024,0.6473781762254677,0.7174519065267397,0.34272962916509886,"[""TestScaledDurationField"", ""ScaledDurationField""]","[0.013169446883230905, 0.009157509157509158]","[1.13784021071115, 0.4523809523809524]"
org.joda.time.field.TestScaledDurationField.test_getValueAsLong_long,0.013169446883230905,0.011163478020370031,0.009157509157509158,0.022326956040740063,0.010803024846957148,0.01098177264527533,0.0020059688628608734,1.13784021071115,0.7951105815460512,0.4523809523809524,1.5902211630921024,0.6473781762254677,0.7174519065267397,0.34272962916509886,"[""TestScaledDurationField"", ""ScaledDurationField""]","[0.013169446883230905, 0.009157509157509158]","[1.13784021071115, 0.4523809523809524]"
org.joda.time.field.TestScaledDurationField.test_add_long_long,0.013169446883230905,0.011163478020370031,0.009157509157509158,0.022326956040740063,0.010803024846957148,0.01098177264527533,0.0020059688628608734,1.13784021071115,0.7951105815460512,0.4523809523809524,1.5902211630921024,0.6473781762254677,0.7174519065267397,0.34272962916509886,"[""TestScaledDurationField"", ""ScaledDurationField""]","[0.013169446883230905, 0.009157509157509158]","[1.13784021071115, 0.4523809523809524]"
org.joda.time.field.TestScaledDurationField.test_getName,0.013169446883230905,0.011163478020370031,0.009157509157509158,0.022326956040740063,0.010803024846957148,0.01098177264527533,0.0020059688628608734,1.13784021071115,0.7951105815460512,0.4523809523809524,1.5902211630921024,0.6473781762254677,0.7174519065267397,0.34272962916509886,"[""TestScaledDurationField"", ""ScaledDurationField""]","[0.013169446883230905, 0.009157509157509158]","[1.13784021071115, 0.4523809523809524]"
org.joda.time.field.TestScaledDurationField.test_getMillis_long_long,0.013169446883230905,0.011163478020370031,0.009157509157509158,0.022326956040740063,0.010803024846957148,0.01098177264527533,0.0020059688628608734,1.13784021071115,0.7951105815460512,0.4523809523809524,1.5902211630921024,0.6473781762254677,0.7174519065267397,0.34272962916509886,"[""TestScaledDurationField"", ""ScaledDurationField""]","[0.013169446883230905, 0.009157509157509158]","[1.13784021071115, 0.4523809523809524]"
org.joda.time.field.TestScaledDurationField.test_add_long_int,0.013169446883230905,0.011163478020370031,0.009157509157509158,0.022326956040740063,0.010803024846957148,0.01098177264527533,0.0020059688628608734,1.13784021071115,0.7951105815460512,0.4523809523809524,1.5902211630921024,0.6473781762254677,0.7174519065267397,0.34272962916509886,"[""TestScaledDurationField"", ""ScaledDurationField""]","[0.013169446883230905, 0.009157509157509158]","[1.13784021071115, 0.4523809523809524]"
org.joda.time.field.TestScaledDurationField.test_getDifference_long_int,0.013169446883230905,0.011163478020370031,0.009157509157509158,0.022326956040740063,0.010803024846957148,0.01098177264527533,0.0020059688628608734,1.13784021071115,0.7951105815460512,0.4523809523809524,1.5902211630921024,0.6473781762254677,0.7174519065267397,0.34272962916509886,"[""TestScaledDurationField"", ""ScaledDurationField""]","[0.013169446883230905, 0.009157509157509158]","[1.13784021071115, 0.4523809523809524]"
org.joda.time.field.TestScaledDurationField.test_getValue_long_long,0.013169446883230905,0.011163478020370031,0.009157509157509158,0.022326956040740063,0.010803024846957148,0.01098177264527533,0.0020059688628608734,1.13784021071115,0.7951105815460512,0.4523809523809524,1.5902211630921024,0.6473781762254677,0.7174519065267397,0.34272962916509886,"[""TestScaledDurationField"", ""ScaledDurationField""]","[0.013169446883230905, 0.009157509157509158]","[1.13784021071115, 0.4523809523809524]"
org.joda.time.convert.TestReadableIntervalConverter.testSingleton,0.02188679245283019,0.02188679245283019,0.02188679245283019,0.02188679245283019,0.02188679245283019,0.021886792452830192,0.0,0.7849056603773585,0.7849056603773585,0.7849056603773585,0.7849056603773585,0.7849056603773585,0.7849056603773585,0.0,"[""Constructor"", ""Modifier"", ""Field"", ""TestReadableIntervalConverter"", ""Class""]",[0.02188679245283019],[0.7849056603773585]
org.joda.time.convert.TestNullConverter.testSingleton,0.021505376344086023,0.021505376344086023,0.021505376344086023,0.021505376344086023,0.021505376344086023,0.021505376344086027,0.0,0.7813620071684588,0.7813620071684588,0.7813620071684588,0.7813620071684588,0.7813620071684588,0.7813620071684588,0.0,"[""Constructor"", ""Modifier"", ""Field"", ""Class"", ""TestNullConverter""]",[0.021505376344086023],[0.7813620071684588]
org.joda.time.convert.TestReadableDurationConverter.testSingleton,0.02007168458781362,0.02007168458781362,0.02007168458781362,0.02007168458781362,0.02007168458781362,0.02007168458781362,0.0,0.5426523297491039,0.5426523297491039,0.5426523297491039,0.5426523297491039,0.5426523297491039,0.5426523297491039,0.0,"[""Constructor"", ""Modifier"", ""Field"", ""TestReadableDurationConverter"", ""Class""]",[0.02007168458781362],[0.5426523297491039]
org.joda.time.TestDateTimeConstants.testConstructor,0.010340632603406326,0.009799945931332793,0.009259259259259259,0.019599891862665586,0.009770114942528737,0.009785019068948625,0.0005406866720735334,0.4440389294403893,0.42251804021877015,0.400997150997151,0.8450360804375403,0.4214218771468942,0.4219696027410281,0.021520889221619155,"[""DateTimeConstants"", ""Object"", ""TestDateTimeConstants"", ""TestDateTimeConstants$1""]","[0.010340632603406326, 0.009259259259259259]","[0.4440389294403893, 0.400997150997151]"
org.joda.time.convert.TestConverterSet.testBigHashtable,0.010542168674698794,0.009544588610853671,0.008547008547008548,0.019089177221707342,0.009440323668240056,0.009492312982969762,0.0009975800638451233,0.6984126984126984,0.6778961082424937,0.6573795180722891,1.3557922164849874,0.6772751716902786,0.6775855688384358,0.02051659017020463,"[""ConverterSet"", ""TestConverterSet""]","[0.010542168674698794, 0.008547008547008548]","[0.6573795180722891, 0.6984126984126984]"
org.joda.time.convert.TestConverterSet.testRemoveBadIndex2,0.010542168674698794,0.009544588610853671,0.008547008547008548,0.019089177221707342,0.009440323668240056,0.009492312982969762,0.0009975800638451233,0.6984126984126984,0.6778961082424937,0.6573795180722891,1.3557922164849874,0.6772751716902786,0.6775855688384358,0.02051659017020463,"[""ConverterSet"", ""TestConverterSet""]","[0.010542168674698794, 0.008547008547008548]","[0.6573795180722891, 0.6984126984126984]"
org.joda.time.convert.TestConverterSet.testAddNullRemoved2,0.010542168674698794,0.009544588610853671,0.008547008547008548,0.019089177221707342,0.009440323668240056,0.009492312982969762,0.0009975800638451233,0.6984126984126984,0.6778961082424937,0.6573795180722891,1.3557922164849874,0.6772751716902786,0.6775855688384358,0.02051659017020463,"[""ConverterSet"", ""TestConverterSet""]","[0.010542168674698794, 0.008547008547008548]","[0.6573795180722891, 0.6984126984126984]"
org.joda.time.convert.TestConverterSet.testRemoveBadIndex1,0.010542168674698794,0.009544588610853671,0.008547008547008548,0.019089177221707342,0.009440323668240056,0.009492312982969762,0.0009975800638451233,0.6984126984126984,0.6778961082424937,0.6573795180722891,1.3557922164849874,0.6772751716902786,0.6775855688384358,0.02051659017020463,"[""ConverterSet"", ""TestConverterSet""]","[0.010542168674698794, 0.008547008547008548]","[0.6573795180722891, 0.6984126984126984]"
org.joda.time.convert.TestConverterSet.testAddNullRemoved1,0.010542168674698794,0.009544588610853671,0.008547008547008548,0.019089177221707342,0.009440323668240056,0.009492312982969762,0.0009975800638451233,0.6984126984126984,0.6778961082424937,0.6573795180722891,1.3557922164849874,0.6772751716902786,0.6775855688384358,0.02051659017020463,"[""ConverterSet"", ""TestConverterSet""]","[0.010542168674698794, 0.008547008547008548]","[0.6573795180722891, 0.6984126984126984]"
org.joda.time.convert.TestConverterSet.testRemoveNullRemoved1,0.010542168674698794,0.009544588610853671,0.008547008547008548,0.019089177221707342,0.009440323668240056,0.009492312982969762,0.0009975800638451233,0.6984126984126984,0.6778961082424937,0.6573795180722891,1.3557922164849874,0.6772751716902786,0.6775855688384358,0.02051659017020463,"[""ConverterSet"", ""TestConverterSet""]","[0.010542168674698794, 0.008547008547008548]","[0.6573795180722891, 0.6984126984126984]"
org.joda.time.convert.TestConverterSet.testAddNullRemoved3,0.010542168674698794,0.009544588610853671,0.008547008547008548,0.019089177221707342,0.009440323668240056,0.009492312982969762,0.0009975800638451233,0.6984126984126984,0.6778961082424937,0.6573795180722891,1.3557922164849874,0.6772751716902786,0.6775855688384358,0.02051659017020463,"[""ConverterSet"", ""TestConverterSet""]","[0.010542168674698794, 0.008547008547008548]","[0.6573795180722891, 0.6984126984126984]"
org.joda.time.convert.TestConverterSet.testRemoveNullRemoved2,0.010542168674698794,0.009544588610853671,0.008547008547008548,0.019089177221707342,0.009440323668240056,0.009492312982969762,0.0009975800638451233,0.6984126984126984,0.6778961082424937,0.6573795180722891,1.3557922164849874,0.6772751716902786,0.6775855688384358,0.02051659017020463,"[""ConverterSet"", ""TestConverterSet""]","[0.010542168674698794, 0.008547008547008548]","[0.6573795180722891, 0.6984126984126984]"
org.joda.time.convert.TestLongConverter.testSingleton,0.018960674157303372,0.018960674157303372,0.018960674157303372,0.018960674157303372,0.018960674157303372,0.01896067415730337,0.0,0.49929775280898875,0.49929775280898875,0.49929775280898875,0.49929775280898875,0.49929775280898875,0.49929775280898875,0.0,"[""Constructor"", ""Modifier"", ""Field"", ""Class"", ""TestLongConverter""]",[0.018960674157303372],[0.49929775280898875]
org.joda.time.TestInstant_Basics.testImmutable,0.018611309949892626,0.018611309949892626,0.018611309949892626,0.018611309949892626,0.018611309949892626,0.01861130994989263,0.0,2.0572655690765926,2.0572655690765926,2.0572655690765926,2.0572655690765926,2.0572655690765926,2.0572655690765926,0.0,"[""TestInstant_Basics"", ""Modifier"", ""Class""]",[0.018611309949892626],[2.0572655690765926]
org.joda.time.TestDateTimeComparator.testBasicComps3,0.015206812652068127,0.008936739659367397,0.0026666666666666666,0.017873479318734793,0.004537616843633724,0.006368005999173914,0.0062700729927007304,3.1648418491484187,1.607087591240876,0.04933333333333333,3.214175182481752,0.09715226397259907,0.39513567023406276,1.5577542579075427,"[""TestDateTimeComparator"", ""System"", ""Date"", ""Comparator""]","[0.015206812652068127, 0.0026666666666666666]","[3.1648418491484187, 0.04933333333333333]"
org.joda.time.chrono.TestIslamicChronology.testHabashAlHasibBasedLeapYear,0.0174496644295302,0.0174496644295302,0.0174496644295302,0.0174496644295302,0.0174496644295302,0.017449664429530207,0.0,3.931543624161074,3.931543624161074,3.931543624161074,3.931543624161074,3.9315436241610744,3.9315436241610735,0.0,"[""IslamicChronology$LeapYearPatternType"", ""TestIslamicChronology""]",[0.0174496644295302],[3.931543624161074]
org.joda.time.chrono.TestIslamicChronology.testIndianBasedLeapYear,0.0174496644295302,0.0174496644295302,0.0174496644295302,0.0174496644295302,0.0174496644295302,0.017449664429530207,0.0,3.931543624161074,3.931543624161074,3.931543624161074,3.931543624161074,3.9315436241610744,3.9315436241610735,0.0,"[""IslamicChronology$LeapYearPatternType"", ""TestIslamicChronology""]",[0.0174496644295302],[3.931543624161074]
org.joda.time.chrono.TestIslamicChronology.test15BasedLeapYear,0.0174496644295302,0.0174496644295302,0.0174496644295302,0.0174496644295302,0.0174496644295302,0.017449664429530207,0.0,3.931543624161074,3.931543624161074,3.931543624161074,3.931543624161074,3.9315436241610744,3.9315436241610735,0.0,"[""IslamicChronology$LeapYearPatternType"", ""TestIslamicChronology""]",[0.0174496644295302],[3.931543624161074]
org.joda.time.chrono.TestIslamicChronology.test16BasedLeapYear,0.0174496644295302,0.0174496644295302,0.0174496644295302,0.0174496644295302,0.0174496644295302,0.017449664429530207,0.0,3.931543624161074,3.931543624161074,3.931543624161074,3.931543624161074,3.9315436241610744,3.9315436241610735,0.0,"[""IslamicChronology$LeapYearPatternType"", ""TestIslamicChronology""]",[0.0174496644295302],[3.931543624161074]
org.joda.time.convert.TestReadableInstantConverter.testSingleton,0.016487455197132617,0.016487455197132617,0.016487455197132617,0.016487455197132617,0.016487455197132617,0.016487455197132617,0.0,0.5648745519713262,0.5648745519713262,0.5648745519713262,0.5648745519713262,0.5648745519713262,0.5648745519713262,0.0,"[""Constructor"", ""Modifier"", ""Field"", ""Class"", ""TestReadableInstantConverter""]",[0.016487455197132617],[0.5648745519713262]
org.joda.time.convert.TestCalendarConverter.testSingleton,0.015770609318996417,0.015770609318996417,0.015770609318996417,0.015770609318996417,0.015770609318996417,0.01577060931899642,0.0,0.7003584229390681,0.7003584229390681,0.7003584229390681,0.7003584229390681,0.7003584229390681,0.7003584229390681,0.0,"[""Constructor"", ""Modifier"", ""Field"", ""TestCalendarConverter"", ""Class""]",[0.015770609318996417],[0.7003584229390681]
org.joda.time.TestDateTimeComparator.testBasicComps4,0.015206812652068127,0.015206812652068127,0.015206812652068127,0.015206812652068127,0.015206812652068129,0.01520681265206812,0.0,3.1648418491484187,3.1648418491484187,3.1648418491484187,3.1648418491484187,3.1648418491484187,3.1648418491484187,0.0,"[""TestDateTimeComparator"", ""System"", ""Long"", ""Comparator""]",[0.015206812652068127],[3.1648418491484187]
org.joda.time.TestDateTimeComparator.testClass,0.015206812652068127,0.015206812652068127,0.015206812652068127,0.015206812652068127,0.015206812652068129,0.01520681265206812,0.0,3.1648418491484187,3.1648418491484187,3.1648418491484187,3.1648418491484187,3.1648418491484187,3.1648418491484187,0.0,"[""TestDateTimeComparator"", ""Constructor"", ""Modifier"", ""Class""]",[0.015206812652068127],[3.1648418491484187]
org.joda.time.convert.TestDateConverter.testSingleton,0.015053763440860216,0.015053763440860216,0.015053763440860216,0.015053763440860216,0.015053763440860214,0.01505376344086021,0.0,0.4831541218637993,0.4831541218637993,0.4831541218637993,0.4831541218637993,0.48315412186379925,0.4831541218637993,0.0,"[""Constructor"", ""Modifier"", ""Field"", ""TestDateConverter"", ""Class""]",[0.015053763440860216],[0.4831541218637993]
org.joda.time.convert.TestReadablePartialConverter.testSingleton,0.01486013986013986,0.01486013986013986,0.01486013986013986,0.01486013986013986,0.01486013986013986,0.014860139860139862,0.0,0.6293706293706294,0.6293706293706294,0.6293706293706294,0.6293706293706294,0.6293706293706294,0.6293706293706294,0.0,"[""Constructor"", ""Modifier"", ""Field"", ""Class"", ""TestReadablePartialConverter""]",[0.01486013986013986],[0.6293706293706294]
org.joda.time.convert.TestReadablePeriodConverter.testSingleton,0.01471727343144849,0.01471727343144849,0.01471727343144849,0.01471727343144849,0.01471727343144849,0.014717273431448488,0.0,0.5081332300542215,0.5081332300542215,0.5081332300542215,0.5081332300542215,0.5081332300542215,0.5081332300542215,0.0,"[""Constructor"", ""Modifier"", ""Field"", ""Class"", ""TestReadablePeriodConverter""]",[0.01471727343144849],[0.5081332300542215]
org.joda.time.tz.TestCompiler.test_2400_last,0.012232415902140673,0.012232415902140673,0.012232415902140673,0.012232415902140673,0.012232415902140673,0.012232415902140675,0.0,0.7920489296636085,0.7920489296636085,0.7920489296636085,0.7920489296636085,0.7920489296636085,0.7920489296636085,0.0,"[""ZoneInfoCompiler$DateTimeOfYear"", ""StringTokenizer"", ""TestCompiler""]",[0.012232415902140673],[0.7920489296636085]
org.joda.time.tz.TestCompiler.test_2400_fromDay,0.012232415902140673,0.012232415902140673,0.012232415902140673,0.012232415902140673,0.012232415902140673,0.012232415902140675,0.0,0.7920489296636085,0.7920489296636085,0.7920489296636085,0.7920489296636085,0.7920489296636085,0.7920489296636085,0.0,"[""ZoneInfoCompiler$DateTimeOfYear"", ""StringTokenizer"", ""TestCompiler""]",[0.012232415902140673],[0.7920489296636085]
org.joda.time.convert.TestConverterSet.testClass,0.010542168674698794,0.010542168674698794,0.010542168674698794,0.010542168674698794,0.010542168674698794,0.010542168674698791,0.0,0.6573795180722891,0.6573795180722891,0.6573795180722891,0.6573795180722891,0.6573795180722891,0.6573795180722891,0.0,"[""TestConverterSet"", ""Modifier"", ""Class"", ""Constructor""]",[0.010542168674698794],[0.6573795180722891]
org.joda.time.tz.TestUTCProvider.testClass,0.010286554004408524,0.010286554004408524,0.010286554004408524,0.010286554004408524,0.010286554004408524,0.010286554004408527,0.0,0.29684055841293167,0.29684055841293167,0.29684055841293167,0.29684055841293167,0.29684055841293167,0.29684055841293167,0.0,"[""Modifier"", ""Constructor"", ""TestUTCProvider"", ""Class""]",[0.010286554004408524],[0.29684055841293167]
org.joda.time.format.TestPeriodFormatParsing.testParseStandard1,,,,0.0,,,,,,,0.0,,,,[],[],[]
org.joda.time.format.TestDateTimeFormatStyle.testForStyle_fullTime,,,,0.0,,,,,,,0.0,,,,[],[],[]
org.joda.time.TestDateTimeComparator.testMillis,,,,0.0,,,,,,,0.0,,,,[],[],[]
org.joda.time.TestDateTimeUtils.testOffsetMillisToZero,,,,0.0,,,,,,,0.0,,,,[],[],[]
org.joda.time.TestDateTimeZone.testGetShortName,,,,0.0,,,,,,,0.0,,,,[],[],[]
org.joda.time.format.TestDateTimeFormatterBuilder.test_printParseShortNameWithAutoLookup,,,,0.0,,,,,,,0.0,,,,[],[],[]
org.joda.time.format.TestDateTimeFormatterBuilder.test_printParseShortNameWithLookup,,,,0.0,,,,,,,0.0,,,,[],[],[]
org.joda.time.format.TestDateTimeFormatterBuilder.test_printParseShortName,,,,0.0,,,,,,,0.0,,,,[],[],[]
org.joda.time.format.TestDateTimeFormatStyle.testForStyle_shortLongDateTime,,,,0.0,,,,,,,0.0,,,,[],[],[]
org.joda.time.format.TestDateTimeFormatter.testZoneNameNearTransition,,,,0.0,,,,,,,0.0,,,,[],[],[]
org.joda.time.TestDateTimeZone.testGetName,,,,0.0,,,,,,,0.0,,,,[],[],[]
org.joda.time.TestDateTimeZone.testGetShortName_berlin,,,,0.0,,,,,,,0.0,,,,[],[],[]
org.joda.time.format.TestDateTimeFormatStyle.testForStyle_shortFullDateTime,,,,0.0,,,,,,,0.0,,,,[],[],[]
org.joda.time.format.TestDateTimeFormatterBuilder.test_printParseLongNameWithLookup,,,,0.0,,,,,,,0.0,,,,[],[],[]
org.joda.time.format.TestDateTimeFormatter.testZoneShortNameNearTransition,,,,0.0,,,,,,,0.0,,,,[],[],[]
org.joda.time.TestDateTimeZone.testGetName_berlin,,,,0.0,,,,,,,0.0,,,,[],[],[]
org.joda.time.TestDateTimeConstants.testHalfdaysOfDay,,,,0.0,,,,,,,0.0,,,,[],[],[]
org.joda.time.format.TestDateTimeFormatStyle.testForStyle_mediumFullDateTime,,,,0.0,,,,,,,0.0,,,,[],[],[]
org.joda.time.TestDateTimeConstants.testMonthsOfYear,,,,0.0,,,,,,,0.0,,,,[],[],[]
org.joda.time.format.TestDateTimeFormatStyle.testForStyle_longDateTime,,,,0.0,,,,,,,0.0,,,,[],[],[]
org.joda.time.TestDateTimeConstants.testEras,,,,0.0,,,,,,,0.0,,,,[],[],[]
org.joda.time.format.TestDateTimeFormat.testFormat_zoneLongText,,,,0.0,,,,,,,0.0,,,,[],[],[]
org.joda.time.format.TestDateTimeFormatStyle.testForStyle_mediumLongDateTime,,,,0.0,,,,,,,0.0,,,,[],[],[]
org.joda.time.TestDateTimeConstants.testMaths,,,,0.0,,,,,,,0.0,,,,[],[],[]
org.joda.time.TestDateTimeConstants.testDaysOfWeek,,,,0.0,,,,,,,0.0,,,,[],[],[]
org.joda.time.format.TestDateTimeFormatStyle.testForStyle_fullDateTime,,,,0.0,,,,,,,0.0,,,,[],[],[]
org.joda.time.format.TestDateTimeFormatStyle.testForStyle_longTime,,,,0.0,,,,,,,0.0,,,,[],[],[]
org.joda.time.format.TestDateTimeFormatterBuilder.test_printParseLongName,,,,0.0,,,,,,,0.0,,,,[],[],[]
org.joda.time.format.TestDateTimeFormat.testFormat_zoneText,,,,0.0,,,,,,,0.0,,,,[],[],[]
