TestCase,MaxChangeProneness,AvgChangeProneness,MinChangeProneness,SumChangeProneness,MaxLinesRatio,AvgLinesRatio,MinLinesRatio,SumLinesRatio
org.apache.commons.compress.archivers.zip.ZipArchiveInputStreamTest.shouldReadNestedZip,0.1111111111111111,0.1111111111111111,0.1111111111111111,0.2222222222222222,2.888888888888889,2.5555555555555554,2.2222222222222223,5.111111111111111
org.apache.commons.compress.archivers.zip.ZipArchiveInputStreamTest.winzipBackSlashWorkaround,0.1111111111111111,0.1111111111111111,0.1111111111111111,0.2222222222222222,2.888888888888889,2.5555555555555554,2.2222222222222223,5.111111111111111
org.apache.commons.compress.archivers.zip.ZipArchiveInputStreamTest.testUnzipBZip2CompressedEntry,0.1111111111111111,0.1111111111111111,0.1111111111111111,0.2222222222222222,2.888888888888889,2.5555555555555554,2.2222222222222223,5.111111111111111
org.apache.commons.compress.archivers.zip.ZipArchiveInputStreamTest.shouldConsumeArchiveCompletely,0.1111111111111111,0.1111111111111111,0.1111111111111111,0.2222222222222222,2.888888888888889,2.5555555555555554,2.2222222222222223,5.111111111111111
org.apache.commons.compress.archivers.zip.ZipArchiveInputStreamTest.testReadingOfFirstStoredEntry,0.1111111111111111,0.1111111111111111,0.1111111111111111,0.2222222222222222,2.888888888888889,2.5555555555555554,2.2222222222222223,5.111111111111111
org.apache.commons.compress.archivers.zip.ZipArchiveInputStreamTest.testMessageWithCorruptFileName,0.1111111111111111,0.1111111111111111,0.1111111111111111,0.2222222222222222,2.888888888888889,2.5555555555555554,2.2222222222222223,5.111111111111111
org.apache.commons.compress.archivers.zip.ZipArchiveInputStreamTest.properUseOfInflater,0.1111111111111111,0.1111111111111111,0.1111111111111111,0.2222222222222222,2.888888888888889,2.5555555555555554,2.2222222222222223,5.111111111111111
org.apache.commons.compress.archivers.zip.ZipArchiveInputStreamTest.testUnshrinkEntry,0.1111111111111111,0.1111111111111111,0.1111111111111111,0.2222222222222222,2.888888888888889,2.5555555555555554,2.2222222222222223,5.111111111111111
org.apache.commons.compress.compressors.bzip2.BZip2CompressorInputStreamTest.shouldThrowAnIOExceptionWhenAppliedToAZipFile,0.1111111111111111,0.1111111111111111,0.1111111111111111,0.1111111111111111,0.4444444444444444,0.4444444444444444,0.4444444444444444,0.4444444444444444
org.apache.commons.compress.archivers.zip.UTF8ZipFilesTest.testRead7ZipArchiveForStream,0.1111111111111111,0.1111111111111111,0.1111111111111111,0.1111111111111111,2.2222222222222223,2.2222222222222223,2.2222222222222223,2.2222222222222223
org.apache.commons.compress.ArchiveUtilsTest.testCompareBA,0.1111111111111111,0.1111111111111111,0.1111111111111111,0.1111111111111111,3.6666666666666665,3.6666666666666665,3.6666666666666665,3.6666666666666665
org.apache.commons.compress.archivers.zip.EncryptedArchiveTest.testReadPasswordEncryptedEntryViaStream,0.1111111111111111,0.1111111111111111,0.1111111111111111,0.1111111111111111,2.2222222222222223,2.2222222222222223,2.2222222222222223,2.2222222222222223
org.apache.commons.compress.compressors.bzip2.BZip2CompressorInputStreamTest.readOfLength0ShouldReturn0,0.1111111111111111,0.1111111111111111,0.1111111111111111,0.1111111111111111,0.4444444444444444,0.4444444444444444,0.4444444444444444,0.4444444444444444
org.apache.commons.compress.archivers.zip.UTF8ZipFilesTest.testReadWinZipArchiveForStream,0.1111111111111111,0.1111111111111111,0.1111111111111111,0.1111111111111111,2.2222222222222223,2.2222222222222223,2.2222222222222223,2.2222222222222223
org.apache.commons.compress.ChainingTestCase.testTarBzip2,0.1111111111111111,0.1111111111111111,0.1111111111111111,0.1111111111111111,0.4444444444444444,0.4444444444444444,0.4444444444444444,0.4444444444444444
org.apache.commons.compress.archivers.zip.UTF8ZipFilesTest.testRawNameReadFromStream,0.1111111111111111,0.1111111111111111,0.1111111111111111,0.1111111111111111,2.2222222222222223,2.2222222222222223,2.2222222222222223,2.2222222222222223
org.apache.commons.compress.compressors.BZip2TestCase.testConcatenatedStreamsReadFully,0.1111111111111111,0.1111111111111111,0.1111111111111111,0.1111111111111111,0.4444444444444444,0.4444444444444444,0.4444444444444444,0.4444444444444444
org.apache.commons.compress.archivers.zip.Maven221MultiVolumeTest.testRead7ZipMultiVolumeArchiveForStream,0.1111111111111111,0.1111111111111111,0.1111111111111111,0.1111111111111111,2.2222222222222223,2.2222222222222223,2.2222222222222223,2.2222222222222223
org.apache.commons.compress.ArchiveUtilsTest.testCompareAscii,0.1111111111111111,0.1111111111111111,0.1111111111111111,0.1111111111111111,3.6666666666666665,3.6666666666666665,3.6666666666666665,3.6666666666666665
org.apache.commons.compress.compressors.BZip2TestCase.testCOMPRESS131,0.1111111111111111,0.1111111111111111,0.1111111111111111,0.1111111111111111,0.4444444444444444,0.4444444444444444,0.4444444444444444,0.4444444444444444
org.apache.commons.compress.archivers.ZipTestCase.testSkipEntryWithUnsupportedCompressionMethod,0.1111111111111111,0.1111111111111111,0.1111111111111111,0.1111111111111111,2.2222222222222223,2.2222222222222223,2.2222222222222223,2.2222222222222223
org.apache.commons.compress.archivers.zip.UTF8ZipFilesTest.testZipFileReadsUnicodeFields,0.1111111111111111,0.1111111111111111,0.1111111111111111,0.1111111111111111,2.2222222222222223,2.2222222222222223,2.2222222222222223,2.2222222222222223
org.apache.commons.compress.archivers.ZipTestCase.testSkipsPK00Prefix,0.1111111111111111,0.1111111111111111,0.1111111111111111,0.1111111111111111,2.2222222222222223,2.2222222222222223,2.2222222222222223,2.2222222222222223
org.apache.commons.compress.changes.ChangeSetTestCase.testDeleteDir2,,,,0.0,,,,0.0
org.apache.commons.compress.changes.ChangeSetTestCase.testAddToEmptyArchive,,,,0.0,,,,0.0
org.apache.commons.compress.archivers.tar.TarArchiveOutputStreamTest.testWriteLongDirectoryNameErrorMode,,,,0.0,,,,0.0
org.apache.commons.compress.archivers.ExceptionMessageTest.testMessageWhenOutputStreamIsNull,,,,0.0,,,,0.0
org.apache.commons.compress.archivers.zip.ExtraFieldUtilsTest.testMerge,,,,0.0,,,,0.0
org.apache.commons.compress.utils.BitInputStreamTest.testReading31BitsInLittleEndian,,,,0.0,,,,0.0
org.apache.commons.compress.archivers.tar.TarArchiveOutputStreamTest.testCount,,,,0.0,,,,0.0
org.apache.commons.compress.compressors.xz.XZUtilsTestCase.testMatches,,,,0.0,,,,0.0
org.apache.commons.compress.archivers.zip.ExplodeSupportTest.testZipStreamWithImplodeCompression8K3Trees,,,,0.0,,,,0.0
org.apache.commons.compress.archivers.tar.TarArchiveOutputStreamTest.testWriteNonAsciiPathNamePaxHeader,,,,0.0,,,,0.0
org.apache.commons.compress.archivers.sevenz.SevenZFileTest.testAllEmptyFilesArchive,,,,0.0,,,,0.0
org.apache.commons.compress.compressors.snappy.FramedSnappyCompressorInputStreamTest.testMatches,,,,0.0,,,,0.0
org.apache.commons.compress.archivers.tar.TarArchiveOutputStreamTest.testLongNameMd5Hash,,,,0.0,,,,0.0
org.apache.commons.compress.archivers.zip.X5455_ExtendedTimestampTest.testMisc,,,,0.0,,,,0.0
org.apache.commons.compress.archivers.zip.ZipArchiveEntryTest.testAddAsFirstExtraField,,,,0.0,,,,0.0
org.apache.commons.compress.archivers.tar.TarArchiveInputStreamTest.shouldConsumeArchiveCompletely,,,,0.0,,,,0.0
org.apache.commons.compress.changes.ChangeSetTestCase.testDeletePlusAddSame,,,,0.0,,,,0.0
org.apache.commons.compress.archivers.sevenz.SevenZOutputFileTest.testNineEmptyFiles,,,,0.0,,,,0.0
org.apache.commons.compress.compressors.ZTestCase.testMatches,,,,0.0,,,,0.0
org.apache.commons.compress.compressors.BZip2UtilsTestCase.testGetUncompressedFilename,,,,0.0,,,,0.0
org.apache.commons.compress.archivers.zip.ExplodeSupportTest.testTikaTestArchive,,,,0.0,,,,0.0
org.apache.commons.compress.compressors.snappy.FramedSnappyCompressorInputStreamTest.testUnskippableChunk,,,,0.0,,,,0.0
org.apache.commons.compress.archivers.tar.TarArchiveInputStreamTest.survivesBlankLinesInPaxHeader,,,,0.0,,,,0.0
org.apache.commons.compress.archivers.zip.UTF8ZipFilesTest.testASCIIFileRoundtripImplicitUnicodeExtra,,,,0.0,,,,0.0
org.apache.commons.compress.archivers.CpioTestCase.testCpioArchiveCreation,,,,0.0,,,,0.0
org.apache.commons.compress.compressors.BZip2TestCase.testBzip2Unarchive,,,,0.0,,,,0.0
org.apache.commons.compress.archivers.sevenz.SevenZOutputFileTest.testNineFilesSomeNotEmpty,,,,0.0,,,,0.0
org.apache.commons.compress.archivers.ExceptionMessageTest.testMessageWhenArchiverNameIsNull_2,,,,0.0,,,,0.0
org.apache.commons.compress.compressors.Pack200TestCase.testInputStreamMethods,,,,0.0,,,,0.0
org.apache.commons.compress.compressors.DeflateTestCase.testRawDeflateCreation,,,,0.0,,,,0.0
org.apache.commons.compress.archivers.sevenz.SevenZOutputFileTest.testArchiveWithMixedMethods,,,,0.0,,,,0.0
org.apache.commons.compress.archivers.sevenz.SevenZFileTest.readEntriesOfSize0,,,,0.0,,,,0.0
org.apache.commons.compress.archivers.tar.TarArchiveOutputStreamTest.testOldEntryStarMode,,,,0.0,,,,0.0
org.apache.commons.compress.changes.ChangeSetTestCase.testAddDeleteToOneFileArchive,,,,0.0,,,,0.0
org.apache.commons.compress.compressors.Pack200TestCase.testJarUnarchiveAllInMemory,,,,0.0,,,,0.0
org.apache.commons.compress.compressors.bzip2.BlockSortTest.testSortFixtureMainSort,,,,0.0,,,,0.0
org.apache.commons.compress.archivers.zip.ZipFileTest.testSkipsPK00Prefix,,,,0.0,,,,0.0
org.apache.commons.compress.archivers.zip.Zip64ExtendedInformationExtraFieldTest.testReadCDSizesOffsetAndDisk,,,,0.0,,,,0.0
org.apache.commons.compress.archivers.tar.TarArchiveInputStreamTest.readsArchiveCompletely_COMPRESS245,,,,0.0,,,,0.0
org.apache.commons.compress.archivers.zip.GeneralPurposeBitTest.testDefaults,,,,0.0,,,,0.0
org.apache.commons.compress.changes.ChangeSetTestCase.testDeleteDir3,,,,0.0,,,,0.0
org.apache.commons.compress.changes.ChangeSetTestCase.testAddDeleteAdd,,,,0.0,,,,0.0
org.apache.commons.compress.compressors.snappy.FramedSnappyCompressorInputStreamTest.testLoremIpsum,,,,0.0,,,,0.0
org.apache.commons.compress.archivers.zip.UTF8ZipFilesTest.testUtf8FileRoundtripNoEFSImplicitUnicodeExtra,,,,0.0,,,,0.0
org.apache.commons.compress.archivers.zip.CircularBufferTest.testPutAndGet,,,,0.0,,,,0.0
org.apache.commons.compress.archivers.ArchiveStreamFactoryTest.testEncodingDeprecated,,,,0.0,,,,0.0
org.apache.commons.compress.archivers.zip.ZipUtilTest.testOutsideCalendar,,,,0.0,,,,0.0
org.apache.commons.compress.archivers.tar.TarUtilsTest.testRoundTripNames,,,,0.0,,,,0.0
org.apache.commons.compress.archivers.ArchiveOutputStreamTest.testCallSequenceCpio,,,,0.0,,,,0.0
org.apache.commons.compress.archivers.tar.SparseFilesTest.testPaxGNU,,,,0.0,,,,0.0
org.apache.commons.compress.archivers.ArchiveOutputStreamTest.testFinish,,,,0.0,,,,0.0
org.apache.commons.compress.archivers.sevenz.SevenZOutputFileTest.testDirectoriesOnly,,,,0.0,,,,0.0
org.apache.commons.compress.compressors.xz.XZCompressorInputStreamTest.redundantTestOfAlmostDeprecatedMatchesMethod,,,,0.0,,,,0.0
org.apache.commons.compress.archivers.sevenz.SevenZOutputFileTest.testTwentyNineFilesSomeNotEmpty,,,,0.0,,,,0.0
org.apache.commons.compress.compressors.DetectCompressorTestCase.testOverride,,,,0.0,,,,0.0
org.apache.commons.compress.archivers.tar.TarUtilsTest.testName,,,,0.0,,,,0.0
org.apache.commons.compress.archivers.zip.Maven221MultiVolumeTest.testRead7ZipMultiVolumeArchiveForFile,,,,0.0,,,,0.0
org.apache.commons.compress.compressors.deflate.DeflateParametersTest.shouldNotBeAbleToSetCompressionLevelToADoubleDigitValue,,,,0.0,,,,0.0
org.apache.commons.compress.archivers.tar.TarUtilsTest.testVerifyHeaderCheckSum,,,,0.0,,,,0.0
org.apache.commons.compress.archivers.ArchiveStreamFactoryTest.testEncodingInputStream,,,,0.0,,,,0.0
org.apache.commons.compress.compressors.GZipTestCase.testConcatenatedStreamsReadFirstOnly,,,,0.0,,,,0.0
org.apache.commons.compress.archivers.TarTestCase.testFileEntryFromFile,,,,0.0,,,,0.0
org.apache.commons.compress.ArchiveUtilsTest.testAsciiConversions,,,,0.0,,,,0.0
org.apache.commons.compress.archivers.zip.ZipFileTest.testUnshrinking,,,,0.0,,,,0.0
org.apache.commons.compress.archivers.zip.ExtraFieldUtilsTest.testMergeWithUnparseableData,,,,0.0,,,,0.0
org.apache.commons.compress.archivers.zip.ZipFileTest.testWinzipBackSlashWorkaround,,,,0.0,,,,0.0
org.apache.commons.compress.archivers.tar.TarArchiveOutputStreamTest.testWriteSimplePaxHeaders,,,,0.0,,,,0.0
org.apache.commons.compress.compressors.snappy.FramedSnappyCompressorInputStreamTest.testRemainingChunkTypes,,,,0.0,,,,0.0
org.apache.commons.compress.DetectArchiverTestCase.testEmptyZipArchive,,,,0.0,,,,0.0
org.apache.commons.compress.archivers.ZipTestCase.testUnixModeInAddRaw,,,,0.0,,,,0.0
org.apache.commons.compress.IOMethodsTest.testWriteTar,,,,0.0,,,,0.0
org.apache.commons.compress.archivers.zip.ZipArchiveEntryTest.testNotEquals,,,,0.0,,,,0.0
org.apache.commons.compress.compressors.xz.XZUtilsTestCase.testCanTurnOffCaching,,,,0.0,,,,0.0
org.apache.commons.compress.archivers.zip.ZipEncodingTest.testSimpleCp850Encoding,,,,0.0,,,,0.0
org.apache.commons.compress.archivers.zip.ZipEightByteIntegerTest.testSign,,,,0.0,,,,0.0
org.apache.commons.compress.archivers.sevenz.SevenZFileTest.testHelloWorldHeaderCompressionOffLZMA2,,,,0.0,,,,0.0
org.apache.commons.compress.archivers.zip.ZipLongTest.testFromBytes,,,,0.0,,,,0.0
org.apache.commons.compress.archivers.sevenz.SevenZFileTest.test7zDecryptUnarchive,,,,0.0,,,,0.0
org.apache.commons.compress.archivers.zip.BinaryTreeTest.testDecode,,,,0.0,,,,0.0
org.apache.commons.compress.archivers.zip.BitStreamTest.testStream,,,,0.0,,,,0.0
org.apache.commons.compress.archivers.zip.Zip64ExtendedInformationExtraFieldTest.testWriteCDSizeAndDisk,,,,0.0,,,,0.0
org.apache.commons.compress.archivers.dump.DumpArchiveEntryTest.publicNameAddsTrailingSlashForDirectories,,,,0.0,,,,0.0
org.apache.commons.compress.compressors.GZipTestCase.testConcatenatedStreamsReadFully,,,,0.0,,,,0.0
org.apache.commons.compress.archivers.tar.TarArchiveOutputStreamTest.testPaxHeadersWithLength101,,,,0.0,,,,0.0
org.apache.commons.compress.archivers.tar.TarUtilsTest.testWriteNegativeBinary8Byte,,,,0.0,,,,0.0
org.apache.commons.compress.archivers.CpioTestCase.testExplicitDirectoryEntry,,,,0.0,,,,0.0
org.apache.commons.compress.archivers.zip.ZipShortTest.testFromBytes,,,,0.0,,,,0.0
org.apache.commons.compress.archivers.zip.X000A_NTFSTest.simpleRountrip,,,,0.0,,,,0.0
org.apache.commons.compress.archivers.tar.TarArchiveOutputStreamTest.testWriteLongFileNamePosixMode,,,,0.0,,,,0.0
org.apache.commons.compress.archivers.tar.TarArchiveInputStreamTest.shouldThrowAnExceptionOnTruncatedEntries,,,,0.0,,,,0.0
org.apache.commons.compress.archivers.sevenz.SevenZMethodConfigurationTest.shouldAllowNullOptions,,,,0.0,,,,0.0
org.apache.commons.compress.archivers.zip.ZipArchiveEntryTest.testExtraFieldMerging,,,,0.0,,,,0.0
org.apache.commons.compress.archivers.tar.TarArchiveOutputStreamTest.testWriteLongLinkNameGnuMode,,,,0.0,,,,0.0
org.apache.commons.compress.archivers.zip.X7875_NewUnixTest.testParseReparse,,,,0.0,,,,0.0
org.apache.commons.compress.archivers.ArchiveStreamFactoryTest.testCOMPRESS209,,,,0.0,,,,0.0
org.apache.commons.compress.archivers.CpioTestCase.testCpioUnarchive,,,,0.0,,,,0.0
org.apache.commons.compress.archivers.ArTestCase.testArUnarchive,,,,0.0,,,,0.0
org.apache.commons.compress.archivers.ArchiveStreamFactoryTest.cantWrite7zToStream,,,,0.0,,,,0.0
org.apache.commons.compress.archivers.tar.TarUtilsTest.testParseOctal,,,,0.0,,,,0.0
org.apache.commons.compress.archivers.zip.ExplodeSupportTest.testTikaTestStream,,,,0.0,,,,0.0
org.apache.commons.compress.archivers.zip.ZipArchiveEntryTest.testCopyConstructor,,,,0.0,,,,0.0
org.apache.commons.compress.archivers.JarTestCase.testJarArchiveCreation,,,,0.0,,,,0.0
org.apache.commons.compress.utils.BitInputStreamTest.testClearBitCache,,,,0.0,,,,0.0
org.apache.commons.compress.archivers.zip.ZipEightByteIntegerTest.testLongFromBytes,,,,0.0,,,,0.0
org.apache.commons.compress.archivers.tar.TarArchiveOutputStreamTest.testWriteNonAsciiDirectoryNamePosixMode,,,,0.0,,,,0.0
org.apache.commons.compress.archivers.ZipTestCase.testExplicitFileEntry,,,,0.0,,,,0.0
org.apache.commons.compress.compressors.Pack200TestCase.testGoodSignature,,,,0.0,,,,0.0
org.apache.commons.compress.archivers.TarTestCase.testCOMPRESS178,,,,0.0,,,,0.0
org.apache.commons.compress.changes.ChangeSetTestCase.testDeleteFromAndAddToTar,,,,0.0,,,,0.0
org.apache.commons.compress.archivers.TarTestCase.testDirectoryEntryFromFile,,,,0.0,,,,0.0
org.apache.commons.compress.archivers.zip.ZipShortTest.testEquals,,,,0.0,,,,0.0
org.apache.commons.compress.archivers.dump.DumpArchiveUtilTest.convert16,,,,0.0,,,,0.0
org.apache.commons.compress.utils.IOUtilsTest.skipUsingSkipAndRead,,,,0.0,,,,0.0
org.apache.commons.compress.changes.ChangeSetTestCase.testAddChangeTwice,,,,0.0,,,,0.0
org.apache.commons.compress.archivers.tar.TarArchiveInputStreamTest.workaroundForBrokenTimeHeader,,,,0.0,,,,0.0
org.apache.commons.compress.archivers.sevenz.SevenZOutputFileTest.testBCJPPCRoundtrip,,,,0.0,,,,0.0
org.apache.commons.compress.DetectArchiverTestCase.testDetection,,,,0.0,,,,0.0
org.apache.commons.compress.changes.ChangeSetTestCase.testDeleteFromAndAddToAr,,,,0.0,,,,0.0
org.apache.commons.compress.archivers.sevenz.SevenZMethodConfigurationTest.shouldNotAllowStringOptionsForLZMA2,,,,0.0,,,,0.0
org.apache.commons.compress.archivers.TarTestCase.testExplicitFileEntry,,,,0.0,,,,0.0
org.apache.commons.compress.archivers.tar.TarUtilsTest.testOverflow,,,,0.0,,,,0.0
org.apache.commons.compress.archivers.tar.TarArchiveOutputStreamTest.testOldEntryPosixMode,,,,0.0,,,,0.0
org.apache.commons.compress.archivers.ZipTestCase.testCopyRawEntriesFromFile,,,,0.0,,,,0.0
org.apache.commons.compress.archivers.tar.TarUtilsTest.testRoundTripOctal,,,,0.0,,,,0.0
org.apache.commons.compress.compressors.xz.XZUtilsTestCase.testGetCompressedFilename,,,,0.0,,,,0.0
org.apache.commons.compress.compressors.bzip2.BlockSortTest.testSortFixtureFallbackSort,,,,0.0,,,,0.0
org.apache.commons.compress.archivers.tar.TarArchiveOutputStreamTest.testWriteLongLinkNamePosixMode,,,,0.0,,,,0.0
org.apache.commons.compress.archivers.zip.UTF8ZipFilesTest.testRead7ZipArchive,,,,0.0,,,,0.0
org.apache.commons.compress.archivers.sevenz.SevenZMethodConfigurationTest.shouldAllowNumberForDeflate,,,,0.0,,,,0.0
org.apache.commons.compress.DetectArchiverTestCase.testEmptyCpioArchive,,,,0.0,,,,0.0
org.apache.commons.compress.archivers.zip.ScatterZipOutputStreamTest.putArchiveEntry,,,,0.0,,,,0.0
org.apache.commons.compress.archivers.zip.AsiExtraFieldTest.testReparse,,,,0.0,,,,0.0
org.apache.commons.compress.utils.BitInputStreamTest.testReading30BitsInBigEndian,,,,0.0,,,,0.0
org.apache.commons.compress.archivers.sevenz.SevenZArchiveEntryTest.shouldThrowIfNoAccessDateIsSet,,,,0.0,,,,0.0
org.apache.commons.compress.archivers.tar.TarArchiveInputStreamTest.secondEntryWinsWhenPaxHeaderContainsDuplicateKey,,,,0.0,,,,0.0
org.apache.commons.compress.archivers.zip.X7875_NewUnixTest.testMisc,,,,0.0,,,,0.0
org.apache.commons.compress.compressors.Pack200TestCase.testShortSignature,,,,0.0,,,,0.0
org.apache.commons.compress.archivers.sevenz.SevenZNativeHeapTest.testEndDeflaterOnCloseStream,,,,0.0,,,,0.0
org.apache.commons.compress.archivers.tar.TarArchiveEntryTest.testLinkFlagConstructor,,,,0.0,,,,0.0
org.apache.commons.compress.archivers.zip.AsiExtraFieldTest.testContent,,,,0.0,,,,0.0
org.apache.commons.compress.archivers.zip.StreamCompressorTest.deflatedEntries,,,,0.0,,,,0.0
org.apache.commons.compress.archivers.zip.ZipShortTest.testPut,,,,0.0,,,,0.0
org.apache.commons.compress.archivers.sevenz.SevenZOutputFileTest.testBCJX86Roundtrip,,,,0.0,,,,0.0
org.apache.commons.compress.utils.BitInputStreamTest.shouldNotAllowReadingOfMoreThan63BitsAtATime,,,,0.0,,,,0.0
org.apache.commons.compress.archivers.cpio.CpioArchiveInputStreamTest.testCpioUnarchiveCreatedByRedlineRpm,,,,0.0,,,,0.0
org.apache.commons.compress.compressors.xz.XZUtilsTestCase.testIsCompressedFilename,,,,0.0,,,,0.0
org.apache.commons.compress.DetectArchiverTestCase.testEmptyJarArchive,,,,0.0,,,,0.0
org.apache.commons.compress.compressors.GZipTestCase.testGzipCreation,,,,0.0,,,,0.0
org.apache.commons.compress.compressors.BZip2UtilsTestCase.testGetCompressedFilename,,,,0.0,,,,0.0
org.apache.commons.compress.IOMethodsTest.testReadJar,,,,0.0,,,,0.0
org.apache.commons.compress.archivers.zip.X5455_ExtendedTimestampTest.testGetHeaderId,,,,0.0,,,,0.0
org.apache.commons.compress.archivers.ZipTestCase.testSupportedCompressionMethod,,,,0.0,,,,0.0
org.apache.commons.compress.archivers.sevenz.SevenZOutputFileTest.testStackOfContentCompressions,,,,0.0,,,,0.0
org.apache.commons.compress.utils.CharsetsTest.testUtf16Le,,,,0.0,,,,0.0
org.apache.commons.compress.archivers.zip.ExtraFieldUtilsTest.testParseWithSkip,,,,0.0,,,,0.0
org.apache.commons.compress.IOMethodsTest.testWriteZip,,,,0.0,,,,0.0
org.apache.commons.compress.archivers.sevenz.SevenZOutputFileTest.testBzip2Roundtrip,,,,0.0,,,,0.0
org.apache.commons.compress.archivers.tar.TarArchiveOutputStreamTest.testWriteLongDirectoryNameGnuMode,,,,0.0,,,,0.0
org.apache.commons.compress.compressors.pack200.Pack200UtilsTest.testNormalize,,,,0.0,,,,0.0
org.apache.commons.compress.archivers.sevenz.SevenZFileTest.testReadingBackLZMA2DictSize,,,,0.0,,,,0.0
org.apache.commons.compress.compressors.Pack200TestCase.testOutputStreamMethods,,,,0.0,,,,0.0
org.apache.commons.compress.archivers.zip.ZipUtilTest.testLongToBig,,,,0.0,,,,0.0
org.apache.commons.compress.archivers.SevenZTestCase.testSevenZArchiveCreationUsingLZMA2,,,,0.0,,,,0.0
org.apache.commons.compress.archivers.zip.ZipEncodingTest.testNioCp1252Encoding,,,,0.0,,,,0.0
org.apache.commons.compress.archivers.zip.ExplodeSupportTest.testArchiveWithImplodeCompression8K3Trees,,,,0.0,,,,0.0
org.apache.commons.compress.archivers.zip.ZipEncodingTest.testSimpleCp437Encoding,,,,0.0,,,,0.0
org.apache.commons.compress.compressors.xz.XZUtilsTestCase.testCachingIsEnabledByDefaultAndXZIsPresent,,,,0.0,,,,0.0
org.apache.commons.compress.archivers.zip.ZipEightByteIntegerTest.testEquals,,,,0.0,,,,0.0
org.apache.commons.compress.archivers.sevenz.SevenZFileTest.testReadingBackDeltaDistance,,,,0.0,,,,0.0
org.apache.commons.compress.archivers.DumpTestCase.testCheckCompressedArchive,,,,0.0,,,,0.0
org.apache.commons.compress.archivers.ZipTestCase.testDirectoryEntryFromFile,,,,0.0,,,,0.0
org.apache.commons.compress.changes.ChangeSetTestCase.testDeleteFile,,,,0.0,,,,0.0
org.apache.commons.compress.IOMethodsTest.testReadZip,,,,0.0,,,,0.0
org.apache.commons.compress.archivers.jar.JarArchiveOutputStreamTest.testJarMarker,,,,0.0,,,,0.0
org.apache.commons.compress.utils.IOUtilsTest.skipUsingRead,,,,0.0,,,,0.0
org.apache.commons.compress.archivers.ZipTestCase.testFileEntryFromFile,,,,0.0,,,,0.0
org.apache.commons.compress.archivers.TarTestCase.testTarArchiveLongNameCreation,,,,0.0,,,,0.0
org.apache.commons.compress.utils.CharsetsTest.testUsAscii,,,,0.0,,,,0.0
org.apache.commons.compress.archivers.cpio.CpioUtilTest.oldBinMagicFromByteArraySwapped,,,,0.0,,,,0.0
org.apache.commons.compress.archivers.zip.ZipUtilTest.testInsideCalendar,,,,0.0,,,,0.0
org.apache.commons.compress.archivers.dump.DumpArchiveEntryTest.publicNameRemovesLeadingDotSlash,,,,0.0,,,,0.0
org.apache.commons.compress.IOMethodsTest.testWriteCpio,,,,0.0,,,,0.0
org.apache.commons.compress.archivers.zip.ZipEightByteIntegerTest.testBIToBytes,,,,0.0,,,,0.0
org.apache.commons.compress.archivers.zip.ZipLongTest.testToBytes,,,,0.0,,,,0.0
org.apache.commons.compress.archivers.tar.TarArchiveOutputStreamTest.testPadsOutputToFullBlockLength,,,,0.0,,,,0.0
org.apache.commons.compress.archivers.zip.Zip64ExtendedInformationExtraFieldTest.testWriteCDOnlySizes,,,,0.0,,,,0.0
org.apache.commons.compress.changes.ChangeSetTestCase.testDeleteFromAndAddToZip,,,,0.0,,,,0.0
org.apache.commons.compress.compressors.Pack200TestCase.testJarArchiveCreationTempFile,,,,0.0,,,,0.0
org.apache.commons.compress.compressors.Pack200TestCase.testJarUnarchiveAllFileArgInMemory,,,,0.0,,,,0.0
org.apache.commons.compress.changes.ChangeSetTestCase.testAddChangeTwiceWithoutReplace,,,,0.0,,,,0.0
org.apache.commons.compress.archivers.sevenz.SevenZOutputFileTest.testLzma2Roundtrip,,,,0.0,,,,0.0
org.apache.commons.compress.archivers.zip.UTF8ZipFilesTest.testUtf8FileRoundtripExplicitUnicodeExtra,,,,0.0,,,,0.0
org.apache.commons.compress.archivers.zip.ZipEightByteIntegerTest.testLongToBytes,,,,0.0,,,,0.0
org.apache.commons.compress.archivers.dump.DumpArchiveUtilTest.convert64,,,,0.0,,,,0.0
org.apache.commons.compress.changes.ChangeSetTestCase.testDeleteFile2,,,,0.0,,,,0.0
org.apache.commons.compress.changes.ChangeSetTestCase.testDeleteFromAndAddToJar,,,,0.0,,,,0.0
org.apache.commons.compress.changes.ChangeSetTestCase.testDeleteAddDelete,,,,0.0,,,,0.0
org.apache.commons.compress.compressors.GZipTestCase.testInteroperabilityWithGzipCompressorInputStream,,,,0.0,,,,0.0
org.apache.commons.compress.utils.CharsetsTest.testUtf8,,,,0.0,,,,0.0
org.apache.commons.compress.archivers.sevenz.SevenZFileTest.testHelloWorldHeaderCompressionOffCopy,,,,0.0,,,,0.0
org.apache.commons.compress.archivers.tar.TarUtilsTest.testRoundTripOctalOrBinary12,,,,0.0,,,,0.0
org.apache.commons.compress.archivers.ar.ArArchiveInputStreamTest.testReadLongNamesGNU,,,,0.0,,,,0.0
org.apache.commons.compress.archivers.zip.ParallelScatterZipCreatorTest.concurrent,,,,0.0,,,,0.0
org.apache.commons.compress.compressors.deflate.DeflateCompressorInputStreamTest.availableShouldReturnNonZero,,,,0.0,,,,0.0
org.apache.commons.compress.compressors.deflate.DeflateCompressorInputStreamTest.singleByteReadWorksAsExpected,,,,0.0,,,,0.0
org.apache.commons.compress.archivers.zip.X5455_ExtendedTimestampTest.testParseReparse,,,,0.0,,,,0.0
org.apache.commons.compress.ChainingTestCase.testTarGzip,,,,0.0,,,,0.0
org.apache.commons.compress.utils.CharsetsTest.testIso8859_1,,,,0.0,,,,0.0
org.apache.commons.compress.DetectArchiverTestCase.testCOMPRESS117,,,,0.0,,,,0.0
org.apache.commons.compress.IOMethodsTest.testReadTar,,,,0.0,,,,0.0
org.apache.commons.compress.archivers.sevenz.SevenZOutputFileTest.testDeflateRoundtrip,,,,0.0,,,,0.0
org.apache.commons.compress.archivers.zip.BitStreamTest.testNextByteFromEmptyStream,,,,0.0,,,,0.0
org.apache.commons.compress.compressors.bzip2.BlockSortTest.testSortFixture2FallbackSort,,,,0.0,,,,0.0
org.apache.commons.compress.archivers.zip.ZipLongTest.testPut,,,,0.0,,,,0.0
org.apache.commons.compress.archivers.zip.CircularBufferTest.testCopy,,,,0.0,,,,0.0
org.apache.commons.compress.archivers.zip.BitStreamTest.testReadAlignedBytes,,,,0.0,,,,0.0
org.apache.commons.compress.archivers.ExceptionMessageTest.testMessageWhenArchiverNameIsNull_1,,,,0.0,,,,0.0
org.apache.commons.compress.archivers.zip.UTF8ZipFilesTest.testUtf8Interoperability,,,,0.0,,,,0.0
org.apache.commons.compress.compressors.deflate.DeflateParametersTest.shouldBeAbleToSetCompressionLevel,,,,0.0,,,,0.0
org.apache.commons.compress.archivers.zip.UTF8ZipFilesTest.testUtf8FileRoundtripImplicitUnicodeExtra,,,,0.0,,,,0.0
org.apache.commons.compress.compressors.FramedSnappyTestCase.testDefaultExtractionViaFactory,,,,0.0,,,,0.0
org.apache.commons.compress.archivers.sevenz.SevenZOutputFileTest.testEightFilesSomeNotEmpty,,,,0.0,,,,0.0
org.apache.commons.compress.archivers.tar.TarArchiveEntryTest.testTarFileWithFSRoot,,,,0.0,,,,0.0
org.apache.commons.compress.archivers.cpio.CpioUtilTest.oldBinMagic2ByteArrayNotSwapped,,,,0.0,,,,0.0
org.apache.commons.compress.compressors.Pack200TestCase.testJarUnarchiveAllFileTempFile,,,,0.0,,,,0.0
org.apache.commons.compress.IOMethodsTest.testWriteJar,,,,0.0,,,,0.0
org.apache.commons.compress.changes.ChangeSetTestCase.testDeleteFromAr,,,,0.0,,,,0.0
org.apache.commons.compress.changes.ChangeSetTestCase.testDeleteAddToOneFileArchive,,,,0.0,,,,0.0
org.apache.commons.compress.archivers.memory.MemoryArchiveTestCase.testReading,,,,0.0,,,,0.0
org.apache.commons.compress.archivers.DumpTestCase.testCheckArchive,,,,0.0,,,,0.0
org.apache.commons.compress.archivers.tar.TarUtilsTest.testReadNegativeBinary12Byte,,,,0.0,,,,0.0
org.apache.commons.compress.archivers.zip.ZipUtilTest.testBigToLong,,,,0.0,,,,0.0
org.apache.commons.compress.archivers.zip.X7875_NewUnixTest.testGetHeaderId,,,,0.0,,,,0.0
org.apache.commons.compress.archivers.SevenZTestCase.testSevenZArchiveCreationUsingBZIP2,,,,0.0,,,,0.0
org.apache.commons.compress.archivers.ArTestCase.XtestExplicitDirectoryEntry,,,,0.0,,,,0.0
org.apache.commons.compress.archivers.sevenz.SevenZOutputFileTest.testBCJSparcRoundtrip,,,,0.0,,,,0.0
org.apache.commons.compress.archivers.zip.AsiExtraFieldTest.testModes,,,,0.0,,,,0.0
org.apache.commons.compress.archivers.zip.UTF8ZipFilesTest.testZipArchiveInputStreamReadsUnicodeFields,,,,0.0,,,,0.0
org.apache.commons.compress.archivers.ArchiveStreamFactoryTest.testEncodingInputStreamAutodetect,,,,0.0,,,,0.0
org.apache.commons.compress.compressors.deflate.DeflateParametersTest.shouldNotBeAbleToSetCompressionLevelToANegativeValue,,,,0.0,,,,0.0
org.apache.commons.compress.archivers.sevenz.SevenZFileTest.testSignatureCheck,,,,0.0,,,,0.0
org.apache.commons.compress.compressors.ZTestCase.testZUnarchiveViaAutoDetection,,,,0.0,,,,0.0
org.apache.commons.compress.archivers.tar.TarArchiveOutputStreamTest.testPaxHeadersWithLength99,,,,0.0,,,,0.0
org.apache.commons.compress.archivers.zip.ZipArchiveEntryTest.testUnixMode,,,,0.0,,,,0.0
org.apache.commons.compress.archivers.ZipTestCase.testCopyRawZip64EntryFromFile,,,,0.0,,,,0.0
org.apache.commons.compress.archivers.zip.UTF8ZipFilesTest.testUtf8FileRoundtripNoEFSExplicitUnicodeExtra,,,,0.0,,,,0.0
org.apache.commons.compress.archivers.zip.ZipEightByteIntegerTest.testBIFromBytes,,,,0.0,,,,0.0
org.apache.commons.compress.archivers.tar.TarArchiveInputStreamTest.readPaxHeaderWithEmbeddedNewline,,,,0.0,,,,0.0
org.apache.commons.compress.archivers.zip.X5455_ExtendedTimestampTest.testWriteReadRoundtrip,,,,0.0,,,,0.0
org.apache.commons.compress.compressors.ZTestCase.testZUnarchive,,,,0.0,,,,0.0
org.apache.commons.compress.archivers.zip.GeneralPurposeBitTest.testLanguageEncodingFlag,,,,0.0,,,,0.0
org.apache.commons.compress.compressors.deflate.DeflateCompressorInputStreamTest.shouldBeAbleToSkipAByte,,,,0.0,,,,0.0
org.apache.commons.compress.archivers.cpio.CpioArchiveOutputStreamTest.testWriteOldBinary,,,,0.0,,,,0.0
org.apache.commons.compress.archivers.zip.UTF8ZipFilesTest.testReadWinZipArchive,,,,0.0,,,,0.0
org.apache.commons.compress.archivers.tar.TarArchiveEntryTest.testLinkFlagConstructorWithPreserve,,,,0.0,,,,0.0
org.apache.commons.compress.compressors.xz.XZUtilsTestCase.testGetUncompressedFilename,,,,0.0,,,,0.0
org.apache.commons.compress.archivers.CpioTestCase.testDirectoryEntryFromFile,,,,0.0,,,,0.0
org.apache.commons.compress.archivers.ArchiveOutputStreamTest.testOptionalFinish,,,,0.0,,,,0.0
org.apache.commons.compress.archivers.zip.X5455_ExtendedTimestampTest.testSampleFile,,,,0.0,,,,0.0
org.apache.commons.compress.archivers.zip.UTF8ZipFilesTest.testCP437FileRoundtripExplicitUnicodeExtra,,,,0.0,,,,0.0
org.apache.commons.compress.compressors.Pack200TestCase.testJarUnarchiveAllTempFile,,,,0.0,,,,0.0
org.apache.commons.compress.archivers.zip.ZipShortTest.testToBytes,,,,0.0,,,,0.0
org.apache.commons.compress.compressors.DetectCompressorTestCase.testDetection,,,,0.0,,,,0.0
org.apache.commons.compress.compressors.DeflateTestCase.testDeflateCreation,,,,0.0,,,,0.0
org.apache.commons.compress.archivers.zip.ZipFileTest.testCDOrder,,,,0.0,,,,0.0
org.apache.commons.compress.archivers.zip.ZipFileTest.testReadingOfStoredEntry,,,,0.0,,,,0.0
org.apache.commons.compress.archivers.JarTestCase.testJarUnarchiveAll,,,,0.0,,,,0.0
org.apache.commons.compress.archivers.dump.DumpArchiveInputStreamTest.testConsumesArchiveCompletely,,,,0.0,,,,0.0
org.apache.commons.compress.compressors.lzma.LZMAUtilsTestCase.testMatches,,,,0.0,,,,0.0
org.apache.commons.compress.archivers.zip.ZipArchiveEntryTest.testCompressionMethod,,,,0.0,,,,0.0
org.apache.commons.compress.compressors.bzip2.BlockSortTest.testSortFixture2MainSort,,,,0.0,,,,0.0
org.apache.commons.compress.archivers.zip.ZipUtilTest.testReverse,,,,0.0,,,,0.0
org.apache.commons.compress.compressors.GZipTestCase.testExtraFlagsDefaultCompression,,,,0.0,,,,0.0
org.apache.commons.compress.utils.CharsetsTest.testUtf16Be,,,,0.0,,,,0.0
org.apache.commons.compress.utils.BitInputStreamTest.testReading30BitsInLittleEndian,,,,0.0,,,,0.0
org.apache.commons.compress.archivers.ArchiveStreamFactoryTest.skipsPK00Prefix,,,,0.0,,,,0.0
org.apache.commons.compress.archivers.zip.ZipFileTest.testUnixSymlinkSampleFile,,,,0.0,,,,0.0
org.apache.commons.compress.archivers.cpio.CpioUtilTest.oldBinMagicFromByteArrayNotSwapped,,,,0.0,,,,0.0
org.apache.commons.compress.archivers.ar.ArArchiveOutputStreamTest.testLongFileNamesWorkUsingBSDDialect,,,,0.0,,,,0.0
org.apache.commons.compress.archivers.ZipTestCase.testListAllFilesWithNestedArchive,,,,0.0,,,,0.0
org.apache.commons.compress.compressors.DeflateTestCase.testDeflateUnarchive,,,,0.0,,,,0.0
org.apache.commons.compress.compressors.GzipUtilsTestCase.testGetCompressedFilename,,,,0.0,,,,0.0
org.apache.commons.compress.compressors.bzip2.PythonTruncatedBzip2Test.testPartialReadTruncatedData,,,,0.0,,,,0.0
org.apache.commons.compress.archivers.zip.X7875_NewUnixTest.testSampleFile,,,,0.0,,,,0.0
org.apache.commons.compress.compressors.Pack200TestCase.testJarArchiveCreationInMemory,,,,0.0,,,,0.0
org.apache.commons.compress.archivers.zip.ZipUtilTest.testAdjustToLong,,,,0.0,,,,0.0
org.apache.commons.compress.compressors.bzip2.BlockSortTest.testFallbackSort,,,,0.0,,,,0.0
org.apache.commons.compress.changes.ChangeSetTestCase.testDeleteDir,,,,0.0,,,,0.0
org.apache.commons.compress.compressors.deflate.DeflateCompressorOutputStreamTest.canReadASingleByteFlushAndFinish,,,,0.0,,,,0.0
org.apache.commons.compress.archivers.zip.X5455_ExtendedTimestampTest.testBitsAreSetWithTime,,,,0.0,,,,0.0
org.apache.commons.compress.archivers.CpioTestCase.testFileEntryFromFile,,,,0.0,,,,0.0
org.apache.commons.compress.utils.BitInputStreamTest.testReading24BitsInBigEndian,,,,0.0,,,,0.0
org.apache.commons.compress.archivers.zip.ZipFileTest.testUnzipBZip2CompressedEntry,,,,0.0,,,,0.0
org.apache.commons.compress.archivers.tar.SparseFilesTest.testOldGNU,,,,0.0,,,,0.0
org.apache.commons.compress.archivers.dump.DumpArchiveInputStreamTest.testNotADumpArchive,,,,0.0,,,,0.0
org.apache.commons.compress.archivers.ArchiveOutputStreamTest.testCallSequenceTar,,,,0.0,,,,0.0
org.apache.commons.compress.compressors.FramedSnappyTestCase.testDefaultExtraction,,,,0.0,,,,0.0
org.apache.commons.compress.archivers.sevenz.SevenZOutputFileTest.testSevenFilesSomeNotEmpty,,,,0.0,,,,0.0
org.apache.commons.compress.compressors.LZMATestCase.testLZMAUnarchiveWithAutodetection,,,,0.0,,,,0.0
org.apache.commons.compress.archivers.sevenz.SevenZOutputFileTest.testLzma2WithOptionsConfiguration,,,,0.0,,,,0.0
org.apache.commons.compress.utils.BitInputStreamTest.testEOF,,,,0.0,,,,0.0
org.apache.commons.compress.archivers.zip.ZipFileTest.testPhysicalOrder,,,,0.0,,,,0.0
org.apache.commons.compress.compressors.DetectCompressorTestCase.testMutiples,,,,0.0,,,,0.0
org.apache.commons.compress.archivers.DumpTestCase.testArchiveDetection,,,,0.0,,,,0.0
org.apache.commons.compress.archivers.ArchiveStreamFactoryTest.testEncodingOutputStream,,,,0.0,,,,0.0
org.apache.commons.compress.archivers.ArTestCase.testExplicitFileEntry,,,,0.0,,,,0.0
org.apache.commons.compress.archivers.zip.Zip64ExtendedInformationExtraFieldTest.testReadLFHSizesAndOffset,,,,0.0,,,,0.0
org.apache.commons.compress.compressors.Pack200TestCase.testBadSignature,,,,0.0,,,,0.0
org.apache.commons.compress.archivers.zip.BitStreamTest.testNextByte,,,,0.0,,,,0.0
org.apache.commons.compress.compressors.xz.XZUtilsTestCase.testTurningOnCachingReEvaluatesAvailability,,,,0.0,,,,0.0
org.apache.commons.compress.archivers.tar.TarArchiveEntryTest.testLinkFlagConstructorWithFileFlag,,,,0.0,,,,0.0
org.apache.commons.compress.changes.ChangeSetTestCase.testDeleteFromAndAddToZipUsingZipFilePerform,,,,0.0,,,,0.0
org.apache.commons.compress.archivers.tar.TarArchiveOutputStreamTest.testWriteLongLinkNameTruncateMode,,,,0.0,,,,0.0
org.apache.commons.compress.archivers.DumpTestCase.testDumpUnarchiveAll,,,,0.0,,,,0.0
org.apache.commons.compress.archivers.sevenz.SevenZOutputFileTest.testDirectoriesAndEmptyFiles,,,,0.0,,,,0.0
org.apache.commons.compress.archivers.sevenz.SevenZFileTest.testRandomlySkippingEntries,,,,0.0,,,,0.0
org.apache.commons.compress.utils.CountingStreamTest.input,,,,0.0,,,,0.0
org.apache.commons.compress.compressors.BZip2UtilsTestCase.testIsCompressedFilename,,,,0.0,,,,0.0
org.apache.commons.compress.archivers.zip.Zip64ExtendedInformationExtraFieldTest.testReadLFHSizesOnly,,,,0.0,,,,0.0
org.apache.commons.compress.archivers.TarTestCase.testTarArchiveCreation,,,,0.0,,,,0.0
org.apache.commons.compress.compressors.snappy.FramedSnappyCompressorInputStreamTest.testAvailable,,,,0.0,,,,0.0
org.apache.commons.compress.changes.ChangeSetTestCase.testChangeSetResults,,,,0.0,,,,0.0
org.apache.commons.compress.utils.BitInputStreamTest.testReading24BitsInLittleEndian,,,,0.0,,,,0.0
org.apache.commons.compress.archivers.sevenz.SevenZOutputFileTest.testDeflateWithConfiguration,,,,0.0,,,,0.0
org.apache.commons.compress.changes.ChangeSetTestCase.testDeleteFromTar,,,,0.0,,,,0.0
org.apache.commons.compress.archivers.sevenz.SevenZOutputFileTest.testBCJIA64Roundtrip,,,,0.0,,,,0.0
org.apache.commons.compress.archivers.SevenZTestCase.testSevenZArchiveCreationUsingDeflate,,,,0.0,,,,0.0
org.apache.commons.compress.archivers.zip.GeneralPurposeBitTest.testParseEdgeCases,,,,0.0,,,,0.0
org.apache.commons.compress.compressors.FramedSnappyTestCase.testDefaultExtractionViaFactoryAutodetection,,,,0.0,,,,0.0
org.apache.commons.compress.archivers.TarTestCase.testExplicitDirectoryEntry,,,,0.0,,,,0.0
org.apache.commons.compress.archivers.tar.TarArchiveOutputStreamTest.testWriteLongDirectoryNameTruncateMode,,,,0.0,,,,0.0
org.apache.commons.compress.archivers.zip.Zip64ExtendedInformationExtraFieldTest.testReparseCDSingleEightByteData,,,,0.0,,,,0.0
org.apache.commons.compress.archivers.zip.EncryptedArchiveTest.testReadPasswordEncryptedEntryViaZipFile,,,,0.0,,,,0.0
org.apache.commons.compress.archivers.JarTestCase.testJarUnarchive,,,,0.0,,,,0.0
org.apache.commons.compress.compressors.GZipTestCase.testInvalidCompressionLevel,,,,0.0,,,,0.0
org.apache.commons.compress.archivers.zip.ZipFileTest.testExcessDataInZip64ExtraField,,,,0.0,,,,0.0
org.apache.commons.compress.utils.BitInputStreamTest.testReading31BitsInBigEndian,,,,0.0,,,,0.0
org.apache.commons.compress.archivers.ar.ArArchiveInputStreamTest.testReadLongNamesBSD,,,,0.0,,,,0.0
org.apache.commons.compress.DetectArchiverTestCase.testCOMPRESS335,,,,0.0,,,,0.0
org.apache.commons.compress.archivers.zip.ExplodeSupportTest.testZipStreamWithImplodeCompression4K2Trees,,,,0.0,,,,0.0
org.apache.commons.compress.archivers.TarTestCase.testCOMPRESS114,,,,0.0,,,,0.0
org.apache.commons.compress.archivers.zip.Zip64ExtendedInformationExtraFieldTest.testWriteCDSizeAndOffset,,,,0.0,,,,0.0
org.apache.commons.compress.archivers.sevenz.SevenZOutputFileTest.testTwentyNineEmptyFiles,,,,0.0,,,,0.0
org.apache.commons.compress.archivers.tar.TarArchiveOutputStreamTest.testWriteLongLinkNameErrorMode,,,,0.0,,,,0.0
org.apache.commons.compress.utils.IOUtilsTest.skipUsingSkip,,,,0.0,,,,0.0
org.apache.commons.compress.compressors.pack200.Pack200UtilsTest.testNormalizeInPlace,,,,0.0,,,,0.0
org.apache.commons.compress.compressors.snappy.FramedSnappyCompressorInputStreamTest.testChecksumUnmasking,,,,0.0,,,,0.0
org.apache.commons.compress.archivers.ZipTestCase.testZipArchiveCreation,,,,0.0,,,,0.0
org.apache.commons.compress.compressors.bzip2.PythonTruncatedBzip2Test.testTruncatedData,,,,0.0,,,,0.0
org.apache.commons.compress.compressors.GZipTestCase.testInteroperabilityWithGZIPInputStream,,,,0.0,,,,0.0
org.apache.commons.compress.IOMethodsTest.testReadAr,,,,0.0,,,,0.0
org.apache.commons.compress.archivers.zip.UTF8ZipFilesTest.testCP437FileRoundtripImplicitUnicodeExtra,,,,0.0,,,,0.0
org.apache.commons.compress.compressors.GzipUtilsTestCase.testIsCompressedFilename,,,,0.0,,,,0.0
org.apache.commons.compress.archivers.sevenz.SevenZFileTest.getEntriesOfUnarchiveTest,,,,0.0,,,,0.0
org.apache.commons.compress.compressors.GZipTestCase.testCorruptedInput,,,,0.0,,,,0.0
org.apache.commons.compress.archivers.zip.GeneralPurposeBitTest.testClone,,,,0.0,,,,0.0
org.apache.commons.compress.archivers.zip.ZipShortTest.testClone,,,,0.0,,,,0.0
org.apache.commons.compress.archivers.TarTestCase.testTarUnarchive,,,,0.0,,,,0.0
org.apache.commons.compress.archivers.zip.ExtraFieldUtilsTest.testParseWithRead,,,,0.0,,,,0.0
org.apache.commons.compress.archivers.sevenz.SevenZArchiveEntryTest.shouldThrowIfNoCreationDateIsSet,,,,0.0,,,,0.0
org.apache.commons.compress.archivers.sevenz.SevenZOutputFileTest.testSevenEmptyFiles,,,,0.0,,,,0.0
org.apache.commons.compress.archivers.CpioTestCase.testExplicitFileEntry,,,,0.0,,,,0.0
org.apache.commons.compress.archivers.sevenz.SevenZOutputFileTest.testBzip2WithConfiguration,,,,0.0,,,,0.0
org.apache.commons.compress.archivers.tar.TarArchiveInputStreamTest.readNonAsciiPaxHeader,,,,0.0,,,,0.0
org.apache.commons.compress.archivers.tar.TarArchiveEntryTest.testFileSystemRoot,,,,0.0,,,,0.0
org.apache.commons.compress.compressors.BZip2TestCase.testBzipCreation,,,,0.0,,,,0.0
org.apache.commons.compress.archivers.zip.ParallelScatterZipCreatorTest.callableApi,,,,0.0,,,,0.0
org.apache.commons.compress.compressors.GZipTestCase.testExtraFlagsFastestCompression,,,,0.0,,,,0.0
org.apache.commons.compress.archivers.zip.GeneralPurposeBitTest.testDataDescriptor,,,,0.0,,,,0.0
org.apache.commons.compress.archivers.zip.X7875_NewUnixTest.testTrimLeadingZeroesForceMinLength4,,,,0.0,,,,0.0
org.apache.commons.compress.ArchiveReadTest.testArchive,,,,0.0,,,,0.0
org.apache.commons.compress.archivers.tar.TarArchiveInputStreamTest.shouldUseSpecifiedEncodingWhenReadingGNULongNames,,,,0.0,,,,0.0
org.apache.commons.compress.archivers.ZipTestCase.testZipUnarchive,,,,0.0,,,,0.0
org.apache.commons.compress.compressors.GZipTestCase.testGzipUnarchive,,,,0.0,,,,0.0
org.apache.commons.compress.archivers.arj.ArjArchiveInputStreamTest.testReadingOfAttributesUnixVersion,,,,0.0,,,,0.0
org.apache.commons.compress.utils.BitInputStreamTest.shouldNotAllowReadingOfANegativeAmountOfBits,,,,0.0,,,,0.0
org.apache.commons.compress.archivers.zip.ZipUtilTest.testZipLong,,,,0.0,,,,0.0
org.apache.commons.compress.utils.CountingStreamTest.output,,,,0.0,,,,0.0
org.apache.commons.compress.archivers.tar.TarArchiveInputStreamTest.paxHeaderEntryWithEmptyValueRemovesKey,,,,0.0,,,,0.0
org.apache.commons.compress.archivers.sevenz.SevenZArchiveEntryTest.shouldThrowIfNoLastModifiedDateIsSet,,,,0.0,,,,0.0
org.apache.commons.compress.archivers.tar.TarArchiveInputStreamTest.testCompress197,,,,0.0,,,,0.0
org.apache.commons.compress.compressors.XZTestCase.testXZUnarchive,,,,0.0,,,,0.0
org.apache.commons.compress.archivers.tar.TarArchiveOutputStreamTest.testRoundtripWith67CharFileNamePosix,,,,0.0,,,,0.0
org.apache.commons.compress.archivers.ArTestCase.testArDelete,,,,0.0,,,,0.0
org.apache.commons.compress.archivers.ArchiveStreamFactoryTest.testEncodingCtor,,,,0.0,,,,0.0
org.apache.commons.compress.compressors.bzip2.BlockSortTest.testSortFixture,,,,0.0,,,,0.0
org.apache.commons.compress.archivers.tar.TarArchiveOutputStreamTest.testMaxFileSizeError,,,,0.0,,,,0.0
org.apache.commons.compress.archivers.DumpTestCase.testCompressedArchiveDetection,,,,0.0,,,,0.0
org.apache.commons.compress.archivers.tar.TarUtilsTest.testTrailers,,,,0.0,,,,0.0
org.apache.commons.compress.archivers.tar.TarArchiveOutputStreamTest.testWriteNonAsciiNameWithUnfortunateNamePosixMode,,,,0.0,,,,0.0
org.apache.commons.compress.archivers.zip.ZipUtilTest.testMinTime,,,,0.0,,,,0.0
org.apache.commons.compress.archivers.zip.X5455_ExtendedTimestampTest.testGettersSetters,,,,0.0,,,,0.0
org.apache.commons.compress.archivers.tar.TarArchiveOutputStreamTest.testBigNumberStarMode,,,,0.0,,,,0.0
org.apache.commons.compress.archivers.LongSymLinkTest.testArchive,,,,0.0,,,,0.0
org.apache.commons.compress.compressors.deflate.DeflateCompressorInputStreamTest.singleByteReadReturnsMinusOneAtEof,,,,0.0,,,,0.0
org.apache.commons.compress.archivers.tar.TarArchiveOutputStreamTest.testWriteNonAsciiLinkPathNamePaxHeader,,,,0.0,,,,0.0
org.apache.commons.compress.archivers.tar.TarArchiveInputStreamTest.datePriorToEpochInGNUFormat,,,,0.0,,,,0.0
org.apache.commons.compress.utils.CharsetsTest.testUtf16,,,,0.0,,,,0.0
org.apache.commons.compress.archivers.ArTestCase.testArArchiveCreation,,,,0.0,,,,0.0
org.apache.commons.compress.archivers.ar.ArArchiveOutputStreamTest.testLongFileNamesCauseExceptionByDefault,,,,0.0,,,,0.0
org.apache.commons.compress.archivers.zip.ZipFileTest.testReadingOfFirstStoredEntry,,,,0.0,,,,0.0
org.apache.commons.compress.archivers.SevenZTestCase.testSevenZArchiveCreationUsingCopy,,,,0.0,,,,0.0
org.apache.commons.compress.IOMethodsTest.testWriteAr,,,,0.0,,,,0.0
org.apache.commons.compress.changes.ChangeSetTestCase.testAddAllreadyExistingWithReplaceTrue,,,,0.0,,,,0.0
org.apache.commons.compress.archivers.zip.UTF8ZipFilesTest.testRawNameReadFromZipFile,,,,0.0,,,,0.0
org.apache.commons.compress.archivers.tar.TarUtilsTest.testRoundTripOctalOrBinary8,,,,0.0,,,,0.0
org.apache.commons.compress.utils.BitInputStreamTest.testReading17BitsInBigEndian,,,,0.0,,,,0.0
org.apache.commons.compress.compressors.DeflateTestCase.testRawDeflateUnarchive,,,,0.0,,,,0.0
org.apache.commons.compress.archivers.sevenz.SevenZOutputFileTest.testSixFilesSomeNotEmpty,,,,0.0,,,,0.0
org.apache.commons.compress.archivers.sevenz.SevenZFileTest.test7zDeflateUnarchive,,,,0.0,,,,0.0
org.apache.commons.compress.archivers.tar.TarArchiveOutputStreamTest.testBigNumberPosixMode,,,,0.0,,,,0.0
org.apache.commons.compress.archivers.zip.ExtraFieldUtilsTest.testParse,,,,0.0,,,,0.0
org.apache.commons.compress.archivers.zip.ZipLongTest.testClone,,,,0.0,,,,0.0
org.apache.commons.compress.archivers.tar.TarArchiveInputStreamTest.shouldReadGNULongNameEntryWithWrongName,,,,0.0,,,,0.0
org.apache.commons.compress.archivers.zip.UTF8ZipFilesTest.testASCIIFileRoundtripExplicitUnicodeExtra,,,,0.0,,,,0.0
org.apache.commons.compress.archivers.zip.AsiExtraFieldTest.testClone,,,,0.0,,,,0.0
org.apache.commons.compress.archivers.tar.TarArchiveInputStreamTest.datePriorToEpochInPAXFormat,,,,0.0,,,,0.0
org.apache.commons.compress.archivers.ArchiveStreamFactoryTest.aiffFilesAreNoTARs,,,,0.0,,,,0.0
org.apache.commons.compress.compressors.lzma.LZMAUtilsTestCase.testGetUncompressedFilename,,,,0.0,,,,0.0
org.apache.commons.compress.archivers.zip.ZipUtilTest.testSignedByteToUnsignedInt,,,,0.0,,,,0.0
org.apache.commons.compress.archivers.tar.TarUtilsTest.testParseOctalInvalid,,,,0.0,,,,0.0
org.apache.commons.compress.utils.CharsetsTest.testToCharset,,,,0.0,,,,0.0
org.apache.commons.compress.utils.BitInputStreamTest.testReading17BitsInLittleEndian,,,,0.0,,,,0.0
org.apache.commons.compress.archivers.zip.ZipFileTest.testDuplicateEntry,,,,0.0,,,,0.0
org.apache.commons.compress.compressors.lzma.LZMAUtilsTestCase.testTurningOnCachingReEvaluatesAvailability,,,,0.0,,,,0.0
org.apache.commons.compress.archivers.ArTestCase.XtestDirectoryEntryFromFile,,,,0.0,,,,0.0
org.apache.commons.compress.compressors.GzipUtilsTestCase.testGetUncompressedFilename,,,,0.0,,,,0.0
org.apache.commons.compress.archivers.ArchiveOutputStreamTest.testCallSequenceAr,,,,0.0,,,,0.0
org.apache.commons.compress.compressors.lzma.LZMAUtilsTestCase.testGetCompressedFilename,,,,0.0,,,,0.0
org.apache.commons.compress.archivers.zip.ZipLongTest.testSign,,,,0.0,,,,0.0
org.apache.commons.compress.compressors.GZipTestCase.testOverWrite,,,,0.0,,,,0.0
org.apache.commons.compress.archivers.sevenz.SevenZOutputFileTest.testLzma2WithIntConfiguration,,,,0.0,,,,0.0
org.apache.commons.compress.archivers.ArchiveStreamFactoryTest.cantRead7zFromStream,,,,0.0,,,,0.0
org.apache.commons.compress.changes.ChangeSetTestCase.testDeleteFromZip,,,,0.0,,,,0.0
org.apache.commons.compress.archivers.zip.ZipLongTest.testEquals,,,,0.0,,,,0.0
org.apache.commons.compress.compressors.LZMATestCase.testLZMAUnarchive,,,,0.0,,,,0.0
org.apache.commons.compress.archivers.zip.BitStreamTest.testEmptyStream,,,,0.0,,,,0.0
org.apache.commons.compress.archivers.tar.TarArchiveEntryTest.testMaxFileSize,,,,0.0,,,,0.0
org.apache.commons.compress.archivers.zip.ZipShortTest.testSign,,,,0.0,,,,0.0
org.apache.commons.compress.archivers.tar.TarArchiveOutputStreamTest.testOldEntryError,,,,0.0,,,,0.0
org.apache.commons.compress.changes.ChangeSetTestCase.testDeleteFromJar,,,,0.0,,,,0.0
org.apache.commons.compress.archivers.zip.ZipArchiveEntryTest.testExtraFields,,,,0.0,,,,0.0
org.apache.commons.compress.compressors.XZTestCase.testXZCreation,,,,0.0,,,,0.0
org.apache.commons.compress.archivers.sevenz.SevenZMethodConfigurationTest.shouldAllowNumberForLZMA2,,,,0.0,,,,0.0
org.apache.commons.compress.archivers.sevenz.SevenZNativeHeapTest.testEndInflaterOnCloseStream,,,,0.0,,,,0.0
org.apache.commons.compress.archivers.zip.ScatterSampleTest.testSample,,,,0.0,,,,0.0
org.apache.commons.compress.archivers.ArchiveOutputStreamTest.testCallSequenceJar,,,,0.0,,,,0.0
org.apache.commons.compress.archivers.zip.ZipUtilTest.testUnsignedIntToSignedByte,,,,0.0,,,,0.0
org.apache.commons.compress.archivers.zip.Zip64ExtendedInformationExtraFieldTest.testReadCDSizesAndOffset,,,,0.0,,,,0.0
org.apache.commons.compress.archivers.tar.TarArchiveOutputStreamTest.testRoundtripWith67CharFileNameGnu,,,,0.0,,,,0.0
org.apache.commons.compress.changes.ChangeSetTestCase.testAddAllreadyExistingWithReplaceFalse,,,,0.0,,,,0.0
org.apache.commons.compress.archivers.dump.DumpArchiveUtilTest.convert32,,,,0.0,,,,0.0
org.apache.commons.compress.compressors.XZTestCase.testConcatenatedStreamsReadFirstOnly,,,,0.0,,,,0.0
org.apache.commons.compress.archivers.dump.DumpArchiveInputStreamTest.testNotADumpArchiveButBigEnough,,,,0.0,,,,0.0
org.apache.commons.compress.archivers.sevenz.SevenZOutputFileTest.testEightEmptyFiles,,,,0.0,,,,0.0
org.apache.commons.compress.archivers.ArchiveOutputStreamTest.testCallSequenceZip,,,,0.0,,,,0.0
org.apache.commons.compress.archivers.zip.ZipArchiveEntryTest.testNullCommentEqualsEmptyComment,,,,0.0,,,,0.0
org.apache.commons.compress.archivers.tar.TarUtilsTest.testNegative,,,,0.0,,,,0.0
org.apache.commons.compress.archivers.tar.TarUtilsTest.testReadNegativeBinary8Byte,,,,0.0,,,,0.0
org.apache.commons.compress.archivers.zip.StreamCompressorTest.storedEntries,,,,0.0,,,,0.0
org.apache.commons.compress.archivers.ArchiveStreamFactoryTest.detectsAndThrowsFor7z,,,,0.0,,,,0.0
org.apache.commons.compress.archivers.zip.ExplodeSupportTest.testArchiveWithImplodeCompression4K2Trees,,,,0.0,,,,0.0
org.apache.commons.compress.archivers.arj.ArjArchiveInputStreamTest.testReadingOfAttributesDosVersion,,,,0.0,,,,0.0
org.apache.commons.compress.compressors.ZTestCase.testZUnarchiveViaFactory,,,,0.0,,,,0.0
org.apache.commons.compress.archivers.zip.Zip64ExtendedInformationExtraFieldTest.testReadLFHSizesOffsetAndDisk,,,,0.0,,,,0.0
org.apache.commons.compress.archivers.cpio.CpioArchiveInputStreamTest.testCpioUnarchive,,,,0.0,,,,0.0
org.apache.commons.compress.archivers.ExceptionMessageTest.testMessageWhenInputStreamIsNull,,,,0.0,,,,0.0
org.apache.commons.compress.archivers.zip.GeneralPurposeBitTest.testStrongEncryption,,,,0.0,,,,0.0
org.apache.commons.compress.archivers.zip.GeneralPurposeBitTest.testEncryption,,,,0.0,,,,0.0
org.apache.commons.compress.compressors.BZip2TestCase.testConcatenatedStreamsReadFirstOnly,,,,0.0,,,,0.0
org.apache.commons.compress.archivers.sevenz.SevenZMethodConfigurationTest.shouldAllowNumberForBzip2,,,,0.0,,,,0.0
org.apache.commons.compress.archivers.sevenz.SevenZOutputFileTest.testSixEmptyFiles,,,,0.0,,,,0.0
org.apache.commons.compress.archivers.tar.TarUtilsTest.testParseOctalCompress330,,,,0.0,,,,0.0
org.apache.commons.compress.compressors.XZTestCase.testConcatenatedStreamsReadFully,,,,0.0,,,,0.0
org.apache.commons.compress.changes.ChangeSetTestCase.testDeletePlusAdd,,,,0.0,,,,0.0
org.apache.commons.compress.compressors.lzma.LZMAUtilsTestCase.testCachingIsEnabledByDefaultAndLZMAIsPresent,,,,0.0,,,,0.0
org.apache.commons.compress.archivers.sevenz.SevenZFileTest.testCompressedHeaderWithNonDefaultDictionarySize,,,,0.0,,,,0.0
org.apache.commons.compress.archivers.zip.Zip64ExtendedInformationExtraFieldTest.testWriteCDSizeOffsetAndDisk,,,,0.0,,,,0.0
org.apache.commons.compress.archivers.sevenz.SevenZFileTest.testEncryptedArchiveRequiresPassword,,,,0.0,,,,0.0
org.apache.commons.compress.compressors.bzip2.BlockSortTest.testSortFixture2,,,,0.0,,,,0.0
org.apache.commons.compress.compressors.GZipTestCase.testExtraFlagsBestCompression,,,,0.0,,,,0.0
org.apache.commons.compress.archivers.DumpTestCase.testCompressedDumpUnarchiveAll,,,,0.0,,,,0.0
org.apache.commons.compress.archivers.sevenz.SevenZOutputFileTest.testBCJARMRoundtrip,,,,0.0,,,,0.0
org.apache.commons.compress.compressors.lzma.LZMAUtilsTestCase.testCanTurnOffCaching,,,,0.0,,,,0.0
org.apache.commons.compress.archivers.sevenz.SevenZOutputFileTest.testCopyRoundtrip,,,,0.0,,,,0.0
org.apache.commons.compress.archivers.tar.TarUtilsTest.testRoundEncoding,,,,0.0,,,,0.0
org.apache.commons.compress.archivers.sevenz.SevenZOutputFileTest.testBCJARMThumbRoundtrip,,,,0.0,,,,0.0
org.apache.commons.compress.archivers.zip.Zip64ExtendedInformationExtraFieldTest.testReadCDSomethingAndDisk,,,,0.0,,,,0.0
org.apache.commons.compress.archivers.ArTestCase.testFileEntryFromFile,,,,0.0,,,,0.0
org.apache.commons.compress.compressors.lzma.LZMAUtilsTestCase.testIsCompressedFilename,,,,0.0,,,,0.0
org.apache.commons.compress.archivers.zip.ZipFileTest.testDoubleClose,,,,0.0,,,,0.0
org.apache.commons.compress.archivers.arj.ArjArchiveInputStreamTest.testArjUnarchive,,,,0.0,,,,0.0
org.apache.commons.compress.archivers.sevenz.SevenZOutputFileTest.testDeltaRoundtrip,,,,0.0,,,,0.0
org.apache.commons.compress.archivers.sevenz.SevenZMethodConfigurationTest.shouldAllowLZMA2OptionsForLZMA2,,,,0.0,,,,0.0
org.apache.commons.compress.archivers.sevenz.SevenZFileTest.test7zUnarchive,,,,0.0,,,,0.0
org.apache.commons.compress.archivers.ZipTestCase.testExplicitDirectoryEntry,,,,0.0,,,,0.0
org.apache.commons.compress.compressors.GZipTestCase.testMetadataRoundTrip,,,,0.0,,,,0.0
org.apache.commons.compress.IOMethodsTest.testReadCpio,,,,0.0,,,,0.0
org.apache.commons.compress.DetectArchiverTestCase.testDetectionNotArchive,,,,0.0,,,,0.0
org.apache.commons.compress.archivers.ArchiveStreamFactoryTest.shortTextFilesAreNoTARs,,,,0.0,,,,0.0
org.apache.commons.compress.archivers.zip.Zip64ExtendedInformationExtraFieldTest.testReadLFHSizesAndDisk,,,,0.0,,,,0.0
org.apache.commons.compress.archivers.tar.TarArchiveInputStreamTest.shouldReadBigGid,,,,0.0,,,,0.0
org.apache.commons.compress.archivers.tar.TarArchiveOutputStreamTest.testWriteLongDirectoryNamePosixMode,,,,0.0,,,,0.0
org.apache.commons.compress.archivers.sevenz.SevenZOutputFileTest.testCantFinishTwice,,,,0.0,,,,0.0
org.apache.commons.compress.archivers.tar.TarArchiveInputStreamTest.readSimplePaxHeader,,,,0.0,,,,0.0
org.apache.commons.compress.archivers.cpio.CpioUtilTest.oldBinMagic2ByteArraySwapped,,,,0.0,,,,0.0
